80
0.000000 0.000000 0.000000 -0.068387 0.003618 -0.030561 -0.215032 -0.337452 0.176572 -0.071272 -0.290405 0.216154 0.026002 -0.227703 0.215688 0.097286 -0.167121 0.202428 -0.256403 -0.042757 0.215092 -0.374051 -0.071774 0.368807 -0.452833 -0.150329 0.477017 -0.264401 -0.444967 0.370023 -0.291581 -0.364911 0.477886 -0.312972 -0.288055 0.562908 -0.117339 -0.342973 0.443286 -0.155467 -0.191563 0.485069 -0.176959 -0.057376 0.471990 -0.034221 -0.216954 0.418102 -0.082240 -0.076723 0.450040 -0.105536 0.049657 0.408165 0.033738 -0.099498 0.350668 -0.023307 0.006494 0.352325 -0.058985 0.095135 0.288505 
0.000000 0.000000 0.000000 -0.069048 0.003566 -0.029043 -0.207946 -0.343318 0.173728 -0.063852 -0.295653 0.211304 0.032772 -0.231963 0.210156 0.103163 -0.170385 0.196716 -0.237886 -0.044038 0.229944 -0.343533 -0.073826 0.392001 -0.412587 -0.154671 0.505061 -0.242242 -0.454059 0.368614 -0.261846 -0.372257 0.476808 -0.277225 -0.293478 0.561369 -0.097143 -0.346324 0.441084 -0.129236 -0.192746 0.479921 -0.148550 -0.058372 0.465438 -0.016320 -0.212850 0.414945 -0.057710 -0.069129 0.439884 -0.074254 0.050073 0.378360 0.043249 -0.096259 0.343352 -0.007758 0.012341 0.333574 -0.034075 0.092896 0.255976 
0.000000 0.000000 0.000000 -0.069392 0.002296 -0.028344 -0.200413 -0.345987 0.177251 -0.056756 -0.295778 0.213147 0.038778 -0.230497 0.210745 0.107993 -0.167817 0.196331 -0.224275 -0.046241 0.239054 -0.321191 -0.076613 0.406375 -0.387574 -0.157717 0.520840 -0.223405 -0.457207 0.373520 -0.241783 -0.377606 0.483556 -0.256593 -0.298726 0.568124 -0.081008 -0.346875 0.443961 -0.114334 -0.195006 0.488119 -0.135996 -0.061010 0.473456 -0.002335 -0.215854 0.417649 -0.043035 -0.070973 0.436187 -0.059766 0.043189 0.365793 0.049453 -0.091108 0.342191 -0.001187 0.017571 0.331438 -0.024704 0.092443 0.247507 
0.000000 0.000000 0.000000 -0.068386 -0.001711 -0.030729 -0.188346 -0.353512 0.175628 -0.048813 -0.295397 0.215628 0.043249 -0.225263 0.215481 0.109596 -0.159262 0.202473 -0.212879 -0.052264 0.242058 -0.303293 -0.083896 0.412750 -0.369590 -0.165791 0.526700 -0.209689 -0.454550 0.377509 -0.229312 -0.377358 0.489037 -0.245243 -0.296784 0.571784 -0.065922 -0.352450 0.445686 -0.105398 -0.202993 0.492896 -0.133625 -0.069900 0.481544 -0.000382 -0.211104 0.421902 -0.044651 -0.067008 0.438252 -0.063456 0.046509 0.367341 0.047467 -0.083912 0.347554 -0.004998 0.023073 0.330434 -0.029762 0.097211 0.246212 
0.000000 0.000000 0.000000 -0.068516 -0.003287 -0.030309 -0.183866 -0.350151 0.186755 -0.044737 -0.289504 0.224328 0.046604 -0.218484 0.221673 0.112211 -0.152225 0.206415 -0.207002 -0.047697 0.246631 -0.293658 -0.075486 0.419922 -0.358566 -0.154936 0.536376 -0.199022 -0.444151 0.392557 -0.220279 -0.366580 0.503521 -0.238399 -0.286265 0.586070 -0.058704 -0.345588 0.454836 -0.100863 -0.197808 0.504917 -0.131877 -0.065351 0.493402 0.006696 -0.200246 0.428527 -0.038480 -0.056940 0.448856 -0.058797 0.054793 0.375568 0.051459 -0.079300 0.353308 -0.003709 0.026811 0.339591 -0.031056 0.100331 0.255626 
0.000000 0.000000 0.000000 -0.069050 -0.004647 -0.028885 -0.178507 -0.344350 0.202111 -0.039024 -0.281799 0.234954 0.051876 -0.210491 0.228142 0.116837 -0.144494 0.209384 -0.204071 -0.035222 0.251616 -0.288559 -0.054354 0.427135 -0.353334 -0.127616 0.547649 -0.185434 -0.428713 0.412479 -0.205756 -0.352782 0.524745 -0.223962 -0.274344 0.609060 -0.044809 -0.341667 0.464861 -0.087581 -0.196526 0.521686 -0.121020 -0.064386 0.513928 0.019918 -0.200077 0.436910 -0.025710 -0.056649 0.455273 -0.049196 0.054898 0.382653 0.062005 -0.070349 0.357985 0.004264 0.035034 0.350795 -0.028444 0.107840 0.268135 
0.000000 0.000000 0.000000 -0.069003 -0.006532 -0.028633 -0.171547 -0.343588 0.209306 -0.033219 -0.277759 0.240590 0.056294 -0.204887 0.232161 0.119953 -0.138055 0.211952 -0.196240 -0.031473 0.256033 -0.275857 -0.047080 0.434159 -0.338542 -0.117453 0.557468 -0.170555 -0.407724 0.426805 -0.187531 -0.331290 0.539285 -0.204133 -0.248724 0.619909 -0.028049 -0.337344 0.470584 -0.067268 -0.192084 0.529626 -0.100279 -0.059893 0.520955 0.030466 -0.200356 0.441985 -0.017067 -0.057657 0.461181 -0.044624 0.054724 0.391330 0.070758 -0.071768 0.366134 0.011386 0.032300 0.354469 -0.026204 0.106894 0.275565 
0.000000 0.000000 0.000000 -0.068450 -0.007734 -0.029642 -0.168484 -0.346694 0.206655 -0.031814 -0.278448 0.239983 0.056509 -0.203999 0.232889 0.119264 -0.136039 0.213636 -0.191243 -0.034401 0.256814 -0.268079 -0.051088 0.436060 -0.327919 -0.122141 0.560388 -0.166756 -0.403923 0.426068 -0.183656 -0.328726 0.539389 -0.200830 -0.244512 0.618169 -0.021711 -0.337769 0.469882 -0.061570 -0.192252 0.527852 -0.096089 -0.060616 0.516911 0.033277 -0.197640 0.442969 -0.018364 -0.057031 0.466487 -0.050195 0.053855 0.396067 0.071110 -0.067207 0.367030 0.011393 0.036625 0.355023 -0.027608 0.110894 0.276498 
0.000000 0.000000 0.000000 -0.068634 -0.007817 -0.029193 -0.165281 -0.349201 0.205015 -0.028690 -0.280577 0.237888 0.059223 -0.205648 0.230755 0.121508 -0.137230 0.211601 -0.185011 -0.035365 0.259847 -0.257833 -0.052603 0.440708 -0.323757 -0.122106 0.562815 -0.164412 -0.408387 0.423913 -0.181523 -0.331387 0.535986 -0.198338 -0.248322 0.616052 -0.015827 -0.339664 0.467709 -0.059017 -0.195519 0.526712 -0.096957 -0.064809 0.515993 0.039148 -0.191238 0.440762 -0.018085 -0.054009 0.470487 -0.058005 0.056502 0.403691 0.068860 -0.065109 0.361977 0.005427 0.037200 0.361320 -0.037367 0.112579 0.285890 
0.000000 0.000000 0.000000 -0.067942 -0.009008 -0.030441 -0.162331 -0.352884 0.201027 -0.027663 -0.281818 0.236539 0.058941 -0.205233 0.231196 0.120263 -0.135601 0.213355 -0.177978 -0.032641 0.261415 -0.246832 -0.047430 0.444039 -0.315691 -0.115779 0.565173 -0.162995 -0.404715 0.421783 -0.177928 -0.333032 0.537630 -0.192984 -0.251993 0.620087 -0.012184 -0.337723 0.466993 -0.055263 -0.196577 0.532920 -0.094638 -0.066155 0.524030 0.041625 -0.187145 0.441164 -0.015573 -0.050628 0.474063 -0.058130 0.061113 0.411047 0.072170 -0.064124 0.365554 0.008782 0.038211 0.366547 -0.038125 0.116797 0.297070 
0.000000 0.000000 0.000000 -0.067934 -0.008454 -0.030618 -0.163441 -0.354934 0.196467 -0.028627 -0.284662 0.232992 0.058179 -0.208241 0.228686 0.119697 -0.138551 0.211772 -0.181429 -0.034637 0.259692 -0.252447 -0.051021 0.441348 -0.321722 -0.120376 0.561672 -0.164002 -0.407123 0.417139 -0.179197 -0.331199 0.530217 -0.194036 -0.249900 0.612457 -0.016110 -0.330827 0.465772 -0.061294 -0.186830 0.523633 -0.101355 -0.057438 0.506536 0.037698 -0.189358 0.438299 -0.018594 -0.050880 0.463707 -0.058583 0.060575 0.398539 0.072550 -0.063089 0.362334 0.010705 0.040023 0.368204 -0.035808 0.119154 0.299081 
0.000000 0.000000 0.000000 -0.067887 -0.007762 -0.030903 -0.165541 -0.356667 0.191507 -0.030517 -0.287467 0.229278 0.056638 -0.211385 0.226174 0.118509 -0.141760 0.210311 -0.184132 -0.035962 0.258127 -0.256870 -0.053608 0.438983 -0.325999 -0.124490 0.558498 -0.166596 -0.413309 0.411077 -0.181919 -0.336779 0.523728 -0.196672 -0.255416 0.605920 -0.017784 -0.335300 0.461710 -0.063526 -0.190092 0.515995 -0.103351 -0.061561 0.492907 0.032016 -0.189513 0.435050 -0.023217 -0.050846 0.461727 -0.060718 0.060516 0.394942 0.068464 -0.067084 0.360328 0.007936 0.036950 0.362505 -0.035517 0.117108 0.292579 
0.000000 0.000000 0.000000 -0.067897 -0.006461 -0.031179 -0.170584 -0.357173 0.186061 -0.034792 -0.290239 0.225141 0.053332 -0.215239 0.223325 0.116128 -0.146195 0.208596 -0.179799 -0.043561 0.258559 -0.249820 -0.066776 0.439858 -0.320376 -0.140534 0.556770 -0.167252 -0.421674 0.403429 -0.181319 -0.344784 0.516000 -0.195091 -0.264402 0.599319 -0.020261 -0.344218 0.456116 -0.064130 -0.199548 0.513307 -0.102709 -0.070555 0.490688 0.032442 -0.200041 0.433197 -0.020053 -0.060641 0.461527 -0.056266 0.052545 0.397140 0.066479 -0.078497 0.362018 0.007420 0.026240 0.367808 -0.033904 0.109356 0.300078 
0.000000 0.000000 0.000000 -0.068339 -0.004315 -0.030579 -0.178027 -0.354894 0.183430 -0.040169 -0.291987 0.221962 0.049856 -0.219280 0.220175 0.114283 -0.151710 0.205657 -0.184326 -0.045859 0.256941 -0.256903 -0.071855 0.436852 -0.327953 -0.147664 0.552142 -0.178487 -0.433238 0.396227 -0.191708 -0.353267 0.506734 -0.203814 -0.273398 0.590802 -0.028225 -0.354914 0.450812 -0.070772 -0.209731 0.507700 -0.106801 -0.080249 0.483706 0.027667 -0.208959 0.430210 -0.021825 -0.068321 0.457821 -0.054296 0.045972 0.393394 0.064910 -0.088171 0.360935 0.008597 0.018187 0.363796 -0.029122 0.102979 0.296042 
0.000000 0.000000 0.000000 -0.068308 -0.003979 -0.030693 -0.180250 -0.353740 0.183490 -0.042123 -0.291534 0.222196 0.048295 -0.219314 0.220489 0.113110 -0.152107 0.206012 -0.183201 -0.046353 0.257144 -0.255095 -0.072868 0.437254 -0.324686 -0.150118 0.552477 -0.183459 -0.430628 0.396792 -0.193984 -0.348193 0.505768 -0.203354 -0.266895 0.588810 -0.031924 -0.349554 0.452422 -0.069775 -0.203857 0.511278 -0.101986 -0.073983 0.484173 0.022604 -0.209426 0.430145 -0.025424 -0.068338 0.458041 -0.054843 0.046000 0.392242 0.057974 -0.090692 0.360202 0.001337 0.015395 0.365594 -0.033249 0.100501 0.296574 
0.000000 0.000000 0.000000 -0.068304 -0.003931 -0.030707 -0.184497 -0.347275 0.191446 -0.045732 -0.285734 0.228915 0.045497 -0.214596 0.225665 0.111087 -0.148481 0.209724 -0.178801 -0.039126 0.259806 -0.247942 -0.061149 0.441591 -0.319824 -0.135697 0.557186 -0.196570 -0.423139 0.404798 -0.206415 -0.343068 0.515585 -0.214394 -0.260528 0.597539 -0.038892 -0.343373 0.459361 -0.071745 -0.197628 0.521034 -0.099287 -0.066631 0.494188 0.020564 -0.208890 0.435569 -0.024856 -0.067257 0.465027 -0.052114 0.048320 0.400475 0.058041 -0.088588 0.365239 0.002683 0.017943 0.374058 -0.031341 0.104379 0.306424 
0.000000 0.000000 0.000000 -0.068412 -0.002564 -0.030612 -0.195245 -0.336244 0.200274 -0.054588 -0.278167 0.236179 0.038838 -0.210048 0.231123 0.106471 -0.146467 0.213501 -0.180763 -0.029140 0.260106 -0.251065 -0.045770 0.442019 -0.329130 -0.114906 0.556966 -0.215499 -0.417150 0.411139 -0.227301 -0.334358 0.519712 -0.236399 -0.251599 0.601329 -0.059901 -0.350300 0.462548 -0.085660 -0.205194 0.528919 -0.103795 -0.071279 0.509494 0.012110 -0.213926 0.440847 -0.028593 -0.073904 0.482415 -0.051927 0.047534 0.427859 0.054404 -0.098995 0.373569 -0.001019 0.006147 0.392664 -0.036341 0.098614 0.334308 
0.000000 0.000000 0.000000 -0.068290 -0.001268 -0.030963 -0.207150 -0.323634 0.208903 -0.064880 -0.269080 0.243976 0.030733 -0.204193 0.237501 0.100489 -0.143383 0.218436 -0.179906 -0.023325 0.260415 -0.249749 -0.037126 0.442741 -0.333609 -0.101254 0.556504 -0.231480 -0.415022 0.415001 -0.245005 -0.331890 0.523113 -0.255275 -0.248780 0.604233 -0.084465 -0.344197 0.468583 -0.104012 -0.200923 0.540799 -0.113110 -0.065451 0.526521 -0.002415 -0.222322 0.445555 -0.041101 -0.084082 0.494382 -0.060236 0.041675 0.448700 0.050234 -0.111087 0.382807 -0.005818 -0.007457 0.407510 -0.042646 0.089022 0.357125 
0.000000 0.000000 0.000000 -0.068613 0.001324 -0.030240 -0.221515 -0.305020 0.221775 -0.076175 -0.256952 0.253595 0.022646 -0.197484 0.243995 0.095288 -0.141133 0.222200 -0.179689 -0.013124 0.261821 -0.249194 -0.022165 0.444573 -0.341821 -0.079321 0.555209 -0.253590 -0.405362 0.422581 -0.265369 -0.319371 0.528641 -0.273517 -0.234890 0.608577 -0.114461 -0.341352 0.472422 -0.128789 -0.196877 0.543458 -0.128468 -0.060732 0.533268 -0.020684 -0.219957 0.449740 -0.057561 -0.084056 0.505971 -0.070983 0.044332 0.465918 0.041154 -0.109514 0.385467 -0.016558 -0.012573 0.427457 -0.054467 0.085993 0.382173 
0.000000 0.000000 0.000000 -0.068420 0.002283 -0.030617 -0.232686 -0.286685 0.234434 -0.085884 -0.242218 0.264748 0.014963 -0.186684 0.252926 0.089583 -0.133924 0.228933 -0.174082 -0.001278 0.263780 -0.240197 -0.003507 0.447994 -0.339270 -0.052437 0.556977 -0.278359 -0.379232 0.436348 -0.291119 -0.296808 0.545093 -0.299246 -0.215517 0.628273 -0.134484 -0.325698 0.481874 -0.146773 -0.183160 0.557085 -0.142421 -0.046747 0.553646 -0.034295 -0.210164 0.457220 -0.069391 -0.078132 0.522998 -0.080810 0.053933 0.496607 0.038355 -0.110201 0.394461 -0.021926 -0.023511 0.452274 -0.069620 0.077016 0.423591 
0.000000 0.000000 0.000000 -0.068909 0.004696 -0.029214 -0.238522 -0.275909 0.241395 -0.089525 -0.236903 0.268327 0.013103 -0.185365 0.253997 0.089168 -0.135677 0.228061 -0.171860 0.009439 0.266125 -0.236280 0.012407 0.450928 -0.336953 -0.029133 0.561500 -0.284073 -0.366025 0.444433 -0.292406 -0.281149 0.551712 -0.297784 -0.202409 0.637527 -0.148292 -0.316919 0.484240 -0.160119 -0.177172 0.564586 -0.151471 -0.040940 0.562277 -0.041981 -0.208414 0.456847 -0.076540 -0.078232 0.526484 -0.085015 0.054660 0.503333 0.045537 -0.106771 0.394936 -0.010254 -0.025403 0.463914 -0.061461 0.075260 0.442752 
0.000000 0.000000 0.000000 -0.069365 0.007110 -0.027601 -0.239442 -0.279065 0.236813 -0.089140 -0.244075 0.261952 0.014252 -0.194196 0.247247 0.090819 -0.145222 0.221435 -0.157732 0.009582 0.272452 -0.213027 0.011129 0.460205 -0.309130 -0.028398 0.575481 -0.279644 -0.361061 0.444372 -0.277530 -0.274010 0.550201 -0.275156 -0.197903 0.638491 -0.135852 -0.322168 0.481483 -0.131382 -0.179840 0.557950 -0.113854 -0.044567 0.552170 -0.029718 -0.223161 0.452043 -0.053525 -0.087712 0.515897 -0.056772 0.044733 0.489139 0.064003 -0.127089 0.393303 0.016116 -0.036769 0.456866 -0.028260 0.066566 0.433294 
0.000000 0.000000 0.000000 -0.069014 0.005886 -0.028745 -0.237974 -0.284562 0.231697 -0.088820 -0.246792 0.259504 0.013824 -0.194877 0.246735 0.089858 -0.144337 0.222404 -0.153277 0.006860 0.272495 -0.206004 0.007468 0.460991 -0.297800 -0.035206 0.578631 -0.278394 -0.364634 0.439963 -0.275649 -0.284132 0.550841 -0.271221 -0.208473 0.639436 -0.134189 -0.327115 0.478511 -0.128705 -0.186188 0.557467 -0.110389 -0.051024 0.551593 -0.026588 -0.224530 0.452164 -0.052656 -0.090568 0.518235 -0.059048 0.041722 0.491280 0.055595 -0.127020 0.393028 0.007815 -0.037388 0.457638 -0.032649 0.067745 0.434993 
0.000000 0.000000 0.000000 -0.068581 0.002384 -0.030247 -0.233593 -0.281235 0.240066 -0.086259 -0.237521 0.268851 0.014963 -0.182995 0.255607 0.089862 -0.131213 0.230389 -0.157923 0.012426 0.269359 -0.213827 0.018710 0.456832 -0.305066 -0.022611 0.575386 -0.271662 -0.357172 0.450314 -0.278900 -0.278950 0.562613 -0.281598 -0.197103 0.645600 -0.123171 -0.316780 0.489826 -0.127919 -0.177175 0.571144 -0.119333 -0.041282 0.561220 -0.020794 -0.205852 0.462761 -0.055249 -0.074382 0.529987 -0.072137 0.057349 0.504896 0.047879 -0.097611 0.396806 -0.001568 -0.016860 0.471141 -0.047492 0.087142 0.454475 
0.000000 0.000000 0.000000 -0.069258 0.000771 -0.028752 -0.226101 -0.273199 0.255990 -0.078480 -0.227462 0.279713 0.022021 -0.172847 0.262079 0.095958 -0.121604 0.233186 -0.160154 0.019260 0.269983 -0.217030 0.030829 0.456912 -0.301928 -0.011573 0.579717 -0.260630 -0.351241 0.466079 -0.272298 -0.270855 0.576459 -0.278873 -0.184029 0.653991 -0.099044 -0.298358 0.505601 -0.116888 -0.157692 0.583183 -0.124045 -0.022203 0.567986 -0.010810 -0.185091 0.470611 -0.050456 -0.056312 0.540144 -0.075329 0.074954 0.519686 0.046137 -0.082950 0.396311 -0.008144 -0.001666 0.466581 -0.057312 0.100963 0.450672 
0.000000 0.000000 0.000000 -0.068948 -0.002903 -0.029353 -0.217469 -0.274152 0.262370 -0.072037 -0.221793 0.285929 0.026362 -0.163732 0.267475 0.098466 -0.110454 0.237646 -0.159891 0.026161 0.268524 -0.216797 0.044346 0.454917 -0.292607 -0.003087 0.581762 -0.250510 -0.344897 0.475263 -0.261262 -0.264649 0.585837 -0.266417 -0.174451 0.659532 -0.068530 -0.280891 0.516081 -0.094863 -0.143963 0.597824 -0.117954 -0.009862 0.586734 0.007988 -0.157627 0.478043 -0.029848 -0.030594 0.551675 -0.060577 0.098966 0.528480 0.052770 -0.057648 0.397988 0.003029 0.032025 0.461042 -0.038585 0.132773 0.424693 
0.000000 0.000000 0.000000 -0.068859 -0.004355 -0.029383 -0.213760 -0.273382 0.266194 -0.069146 -0.218540 0.289130 0.028413 -0.159317 0.269921 0.099764 -0.105433 0.239379 -0.157583 0.025376 0.269097 -0.213102 0.043979 0.455866 -0.286575 -0.005230 0.583408 -0.257048 -0.354636 0.473423 -0.262544 -0.273417 0.583674 -0.260881 -0.182311 0.656408 -0.057443 -0.274381 0.519823 -0.087386 -0.139545 0.603772 -0.116554 -0.007043 0.588550 0.009811 -0.147249 0.480211 -0.029061 -0.019767 0.552517 -0.060750 0.108506 0.524056 0.059736 -0.069303 0.405748 0.009993 0.033209 0.444584 -0.026591 0.133215 0.401415 
0.000000 0.000000 0.000000 -0.068700 -0.002933 -0.029928 -0.219446 -0.274467 0.260387 -0.074253 -0.222019 0.285186 0.024254 -0.163876 0.267586 0.096566 -0.110529 0.238390 -0.156047 0.022287 0.269373 -0.210703 0.038068 0.456655 -0.287962 -0.010018 0.582376 -0.260325 -0.352766 0.469237 -0.263978 -0.271174 0.579289 -0.261194 -0.180757 0.652843 -0.069369 -0.280598 0.515445 -0.097435 -0.146943 0.601893 -0.122538 -0.013822 0.584925 0.002249 -0.160271 0.477864 -0.034463 -0.030210 0.546618 -0.060517 0.098176 0.513357 0.041576 -0.086045 0.402594 -0.011844 0.009834 0.452039 -0.044200 0.113002 0.413144 
0.000000 0.000000 0.000000 -0.067470 -0.002381 -0.032651 -0.230004 -0.277474 0.247783 -0.085817 -0.225682 0.278999 0.013404 -0.167521 0.266089 0.086899 -0.113943 0.240493 -0.157326 0.022808 0.265908 -0.213552 0.038569 0.452728 -0.294689 -0.007688 0.576679 -0.283124 -0.359887 0.452250 -0.291619 -0.279469 0.562897 -0.292311 -0.191652 0.639584 -0.099941 -0.297584 0.505063 -0.120577 -0.163488 0.592911 -0.132359 -0.027822 0.583153 -0.015116 -0.179118 0.475291 -0.050929 -0.051626 0.549144 -0.071437 0.077875 0.516328 0.029134 -0.107703 0.405449 -0.023969 -0.013185 0.457773 -0.053961 0.093562 0.427629 
0.000000 0.000000 0.000000 -0.067583 0.003111 -0.032353 -0.248925 -0.263584 0.244643 -0.101192 -0.223058 0.275940 0.002002 -0.172178 0.263433 0.079154 -0.123773 0.238298 -0.149728 0.030849 0.268195 -0.201129 0.048206 0.456259 -0.272034 0.005739 0.587620 -0.310502 -0.356188 0.442261 -0.327747 -0.276442 0.552376 -0.335266 -0.188140 0.628134 -0.137386 -0.329448 0.485333 -0.155466 -0.210480 0.593243 -0.159566 -0.076619 0.619771 -0.041096 -0.214268 0.466127 -0.084548 -0.101529 0.557738 -0.104927 0.031232 0.542660 0.003887 -0.124993 0.396158 -0.056960 -0.054354 0.472309 -0.092114 0.054918 0.467115 
0.000000 0.000000 0.000000 -0.067307 0.008275 -0.032018 -0.263901 -0.257075 0.235709 -0.114000 -0.226525 0.268007 -0.007983 -0.181423 0.257037 0.071881 -0.136791 0.233437 -0.130269 0.044360 0.272252 -0.174310 0.050389 0.462870 -0.220830 0.004312 0.603581 -0.332361 -0.352698 0.429590 -0.353838 -0.277705 0.542270 -0.361340 -0.186064 0.613955 -0.153861 -0.355365 0.463674 -0.171003 -0.252343 0.587033 -0.176113 -0.129597 0.646585 -0.062121 -0.247896 0.450335 -0.109378 -0.146390 0.552580 -0.127894 -0.012508 0.553418 -0.007008 -0.151470 0.388831 -0.068364 -0.088069 0.470727 -0.105070 0.020106 0.483139 
0.000000 0.000000 0.000000 -0.066605 0.010686 -0.032764 -0.273823 -0.254836 0.226650 -0.123659 -0.228886 0.261643 -0.016363 -0.186361 0.253077 0.064960 -0.143363 0.231513 -0.128807 0.055532 0.270495 -0.173714 0.044701 0.460698 -0.213462 -0.005388 0.602112 -0.347782 -0.349899 0.418778 -0.367909 -0.272032 0.529745 -0.373376 -0.179395 0.600326 -0.175565 -0.363478 0.450495 -0.196360 -0.269262 0.580169 -0.201986 -0.151442 0.648917 -0.079332 -0.249503 0.444811 -0.123353 -0.143817 0.544226 -0.136506 -0.009431 0.550171 -0.019066 -0.147863 0.384829 -0.079480 -0.083537 0.466705 -0.113364 0.025168 0.482141 
0.000000 0.000000 0.000000 -0.065935 0.009443 -0.034458 -0.275863 -0.255842 0.223013 -0.126924 -0.227533 0.261259 -0.020010 -0.183703 0.254753 0.061246 -0.139886 0.234631 -0.131778 0.031966 0.270507 -0.172978 0.046059 0.461334 -0.220289 0.004063 0.603055 -0.348667 -0.338843 0.421080 -0.371072 -0.261040 0.531655 -0.379677 -0.169716 0.603620 -0.182490 -0.352581 0.455552 -0.204104 -0.257033 0.584114 -0.210218 -0.139711 0.653666 -0.088530 -0.236341 0.447750 -0.131340 -0.125830 0.542330 -0.144073 0.008374 0.552088 -0.021408 -0.137403 0.388737 -0.081482 -0.077042 0.473819 -0.117483 0.030558 0.491966 
0.000000 0.000000 0.000000 -0.066188 0.009773 -0.033876 -0.275576 -0.252890 0.226704 -0.126083 -0.225497 0.263422 -0.018922 -0.182471 0.255720 0.062453 -0.139329 0.234645 -0.134805 0.029823 0.270650 -0.177742 0.042369 0.461202 -0.234636 0.007205 0.601250 -0.354826 -0.334818 0.422733 -0.382803 -0.261868 0.535328 -0.395343 -0.172987 0.609732 -0.181779 -0.351971 0.456753 -0.207395 -0.249845 0.579386 -0.219408 -0.134311 0.651127 -0.091418 -0.235996 0.447013 -0.138601 -0.127312 0.541630 -0.155067 0.006198 0.554746 -0.019340 -0.135048 0.389170 -0.081162 -0.076077 0.473973 -0.123727 0.028424 0.495678 
0.000000 0.000000 0.000000 -0.066083 0.007904 -0.034562 -0.271966 -0.256161 0.227390 -0.123442 -0.225040 0.265059 -0.017187 -0.179757 0.257756 0.063406 -0.135088 0.236859 -0.136055 0.025607 0.269801 -0.179840 0.036685 0.460251 -0.239732 0.000307 0.598730 -0.364389 -0.352185 0.410850 -0.387860 -0.278000 0.523668 -0.396532 -0.193604 0.603638 -0.177464 -0.348063 0.461073 -0.208673 -0.247689 0.583856 -0.226273 -0.133321 0.656311 -0.084554 -0.235390 0.450319 -0.133015 -0.130578 0.548587 -0.154299 0.001500 0.567832 -0.000396 -0.151644 0.398851 -0.060084 -0.082926 0.477631 -0.108629 0.018177 0.502627 
0.000000 0.000000 0.000000 -0.066279 0.006754 -0.034429 -0.267160 -0.260379 0.228296 -0.119097 -0.226731 0.265605 -0.013629 -0.179688 0.258017 0.066162 -0.133706 0.236889 -0.141605 0.024961 0.268623 -0.188740 0.036353 0.458254 -0.246285 -0.003086 0.596890 -0.373360 -0.371780 0.394823 -0.398891 -0.299251 0.508268 -0.413071 -0.224590 0.596686 -0.163217 -0.353272 0.461858 -0.201040 -0.257292 0.586284 -0.226610 -0.145487 0.660346 -0.067752 -0.239163 0.453585 -0.117380 -0.141378 0.558304 -0.146116 -0.011665 0.583140 0.002618 -0.141176 0.399655 -0.056973 -0.083760 0.487083 -0.107788 0.016866 0.509339 
0.000000 0.000000 0.000000 -0.066576 0.006096 -0.033976 -0.263506 -0.261373 0.231385 -0.115438 -0.226434 0.267467 -0.010390 -0.178626 0.258903 0.068893 -0.132134 0.236993 -0.157349 0.026565 0.264667 -0.214150 0.039374 0.451538 -0.274919 -0.001041 0.588507 -0.374961 -0.389083 0.382010 -0.409695 -0.329694 0.500537 -0.432410 -0.266342 0.595740 -0.146376 -0.359296 0.462057 -0.187428 -0.267901 0.588889 -0.218485 -0.159191 0.665418 -0.050067 -0.250005 0.453953 -0.101010 -0.156104 0.561555 -0.137382 -0.029710 0.592694 0.006870 -0.141265 0.400260 -0.052923 -0.086817 0.489431 -0.105523 0.012796 0.512090 
0.000000 0.000000 0.000000 -0.067179 0.004202 -0.033063 -0.254637 -0.263012 0.239322 -0.106806 -0.224500 0.272635 -0.002902 -0.174701 0.261758 0.075074 -0.126954 0.237944 -0.178823 0.033827 0.257633 -0.248682 0.052364 0.439533 -0.312511 0.011941 0.575100 -0.353115 -0.398621 0.392072 -0.389826 -0.350039 0.514849 -0.413532 -0.290965 0.612529 -0.125023 -0.357742 0.468566 -0.164689 -0.271001 0.599054 -0.197070 -0.163516 0.676757 -0.034233 -0.245163 0.458652 -0.084961 -0.156830 0.570967 -0.125599 -0.033012 0.606824 0.018629 -0.143923 0.402602 -0.041388 -0.089319 0.491527 -0.096429 0.008380 0.516599 
0.000000 0.000000 0.000000 -0.067570 0.003061 -0.032385 -0.246525 -0.270907 0.239008 -0.099255 -0.229502 0.271320 0.003428 -0.177334 0.259975 0.080113 -0.127655 0.235918 -0.206850 0.031928 0.246208 -0.294002 0.049991 0.420534 -0.361685 0.004422 0.552554 -0.317954 -0.411610 0.401860 -0.347960 -0.364516 0.527016 -0.367909 -0.305024 0.625280 -0.107572 -0.361954 0.468454 -0.144061 -0.272304 0.597899 -0.175398 -0.163524 0.674215 -0.027297 -0.241199 0.459201 -0.076957 -0.158262 0.576017 -0.118221 -0.035054 0.613237 0.027286 -0.142411 0.401983 -0.032306 -0.087439 0.490968 -0.088740 0.010308 0.512505 
0.000000 0.000000 0.000000 -0.067608 0.000879 -0.032438 -0.231938 -0.293894 0.226100 -0.087115 -0.246167 0.260672 0.012649 -0.188157 0.251959 0.086597 -0.133455 0.230351 -0.227763 0.014186 0.235927 -0.327977 0.022513 0.403852 -0.404452 -0.035355 0.525876 -0.280256 -0.422445 0.406545 -0.303727 -0.373289 0.532302 -0.319130 -0.306501 0.626617 -0.088481 -0.355431 0.471703 -0.120633 -0.251765 0.591470 -0.149499 -0.135085 0.656214 -0.006793 -0.240702 0.455857 -0.051956 -0.136721 0.556550 -0.090837 -0.009665 0.581314 0.048821 -0.137825 0.401056 -0.007345 -0.068962 0.482263 -0.062686 0.031611 0.487330 
0.000000 0.000000 0.000000 -0.067882 -0.000933 -0.031859 -0.214613 -0.316242 0.212656 -0.072043 -0.263013 0.248539 0.024583 -0.199648 0.242039 0.095466 -0.140249 0.222683 -0.224488 -0.006583 0.238860 -0.322482 -0.010117 0.408259 -0.407593 -0.077547 0.519147 -0.241801 -0.429633 0.407138 -0.256461 -0.374756 0.531861 -0.266428 -0.302323 0.622675 -0.067726 -0.347389 0.470657 -0.094120 -0.230994 0.579653 -0.118979 -0.108178 0.633851 0.010771 -0.234638 0.450122 -0.030288 -0.121623 0.542494 -0.066713 0.008113 0.552974 0.066902 -0.147728 0.395061 0.010141 -0.064103 0.460455 -0.041991 0.037760 0.450000 
0.000000 0.000000 0.000000 -0.068862 0.000044 -0.029697 -0.206047 -0.326866 0.204923 -0.062681 -0.274352 0.238619 0.033357 -0.210120 0.231911 0.103274 -0.149446 0.213006 -0.200080 -0.027262 0.252938 -0.282187 -0.044349 0.429793 -0.362927 -0.119014 0.539305 -0.219189 -0.423701 0.409546 -0.223024 -0.360749 0.531219 -0.224494 -0.280632 0.615908 -0.051911 -0.350263 0.463555 -0.070709 -0.221072 0.558848 -0.089501 -0.091534 0.597657 0.023354 -0.232878 0.441901 -0.011668 -0.109451 0.522709 -0.042289 0.022082 0.517273 0.080438 -0.150328 0.386396 0.027173 -0.059049 0.444034 -0.021132 0.043234 0.423837 
0.000000 0.000000 0.000000 -0.069844 0.001486 -0.027267 -0.203029 -0.328380 0.205515 -0.057913 -0.278315 0.235210 0.038658 -0.215143 0.226419 0.108656 -0.154960 0.206282 -0.187716 -0.030300 0.260729 -0.261473 -0.050189 0.440939 -0.338658 -0.124169 0.553439 -0.206122 -0.431204 0.407598 -0.203276 -0.365328 0.527741 -0.199911 -0.281753 0.608963 -0.046016 -0.347965 0.462106 -0.061433 -0.211018 0.546561 -0.077267 -0.077892 0.572367 0.027204 -0.234358 0.436688 -0.005026 -0.103016 0.505255 -0.030867 0.028346 0.486698 0.091492 -0.155944 0.380324 0.041363 -0.058742 0.430625 -0.002977 0.043261 0.401772 
0.000000 0.000000 0.000000 -0.070348 0.002734 -0.025838 -0.204286 -0.325579 0.208701 -0.057780 -0.278033 0.235577 0.039636 -0.216452 0.224997 0.110210 -0.157384 0.203606 -0.174587 -0.024115 0.267862 -0.239813 -0.040916 0.451641 -0.310241 -0.110354 0.571244 -0.214368 -0.437164 0.405848 -0.210976 -0.366918 0.523475 -0.206388 -0.285402 0.606705 -0.051660 -0.341115 0.464613 -0.065993 -0.200325 0.542700 -0.079644 -0.065579 0.559914 0.026716 -0.228326 0.435724 -0.003162 -0.093713 0.498793 -0.025816 0.036828 0.472076 0.088622 -0.151863 0.377070 0.039002 -0.052674 0.423874 -0.002559 0.048614 0.388994 
0.000000 0.000000 0.000000 -0.069362 0.000841 -0.028498 -0.203635 -0.330136 0.202072 -0.059529 -0.278742 0.234301 0.036605 -0.214696 0.227183 0.106398 -0.153886 0.208254 -0.164991 -0.022885 0.268384 -0.224829 -0.037731 0.454153 -0.292119 -0.104069 0.577271 -0.215854 -0.434233 0.403156 -0.212871 -0.364842 0.521300 -0.208472 -0.285829 0.606919 -0.057860 -0.341311 0.463553 -0.069547 -0.202232 0.545070 -0.080070 -0.067892 0.567006 0.026333 -0.230608 0.437789 -0.004936 -0.096772 0.501828 -0.030003 0.034023 0.478753 0.084579 -0.153850 0.381777 0.033839 -0.055896 0.429961 -0.008616 0.045974 0.397973 
0.000000 0.000000 0.000000 -0.069525 0.001922 -0.028043 -0.206235 -0.329618 0.200273 -0.061332 -0.280224 0.232056 0.035503 -0.217246 0.224922 0.105888 -0.157083 0.206116 -0.161594 -0.022191 0.269930 -0.219205 -0.037279 0.456382 -0.284327 -0.101003 0.582022 -0.222176 -0.440633 0.397356 -0.228651 -0.372140 0.515884 -0.232090 -0.286924 0.595379 -0.060593 -0.363219 0.454735 -0.075510 -0.233131 0.549493 -0.088712 -0.103966 0.591700 0.021106 -0.243295 0.434273 -0.013979 -0.118619 0.513113 -0.042400 0.013327 0.506016 0.079481 -0.163834 0.378868 0.027532 -0.072719 0.437950 -0.017200 0.031506 0.419526 
0.000000 0.000000 0.000000 -0.069873 0.003136 -0.027052 -0.209300 -0.325452 0.203874 -0.063084 -0.278644 0.233485 0.034766 -0.217449 0.224841 0.105955 -0.158610 0.204908 -0.157531 -0.019819 0.272339 -0.212382 -0.034182 0.459679 -0.269530 -0.099740 0.588221 -0.230852 -0.437865 0.399627 -0.238063 -0.365290 0.515657 -0.240998 -0.275835 0.590371 -0.056930 -0.376618 0.449905 -0.071907 -0.251323 0.550907 -0.086014 -0.125258 0.601385 0.016942 -0.254588 0.432245 -0.019207 -0.134379 0.517297 -0.047096 -0.002146 0.515124 0.076937 -0.164721 0.377265 0.025283 -0.076166 0.440361 -0.019225 0.028633 0.424894 
0.000000 0.000000 0.000000 -0.069111 0.000767 -0.029102 -0.207212 -0.325724 0.205566 -0.063095 -0.274618 0.238204 0.033456 -0.211227 0.230890 0.103752 -0.151115 0.211591 -0.145349 -0.016578 0.273773 -0.193053 -0.027431 0.463292 -0.245922 -0.088416 0.595854 -0.232044 -0.435518 0.402413 -0.242438 -0.360971 0.516941 -0.247570 -0.268863 0.588235 -0.064312 -0.384495 0.448917 -0.081153 -0.269997 0.561750 -0.095822 -0.150643 0.626393 0.009561 -0.253051 0.436786 -0.031471 -0.140202 0.529373 -0.062461 -0.008722 0.533937 0.063868 -0.158764 0.381700 0.009450 -0.080750 0.455482 -0.037397 0.024098 0.451542 
0.000000 0.000000 0.000000 -0.068410 -0.000193 -0.030723 -0.214136 -0.314623 0.215519 -0.070471 -0.262878 0.249131 0.026652 -0.200448 0.241157 0.097783 -0.141701 0.220750 -0.135424 -0.000860 0.274817 -0.177357 -0.001279 0.466005 -0.216321 -0.053637 0.606814 -0.245845 -0.431060 0.407501 -0.264353 -0.351825 0.517779 -0.275920 -0.258114 0.586173 -0.081042 -0.382095 0.454436 -0.111402 -0.280677 0.576571 -0.136939 -0.170636 0.653241 0.003441 -0.259138 0.442974 -0.041174 -0.156873 0.545649 -0.077376 -0.028788 0.569136 0.049919 -0.149625 0.388775 -0.008372 -0.087900 0.474119 -0.064216 0.011466 0.488642 
0.000000 0.000000 0.000000 -0.067411 -0.000779 -0.032849 -0.227436 -0.296296 0.227534 -0.083807 -0.245361 0.262510 0.014836 -0.185458 0.253833 0.087812 -0.129501 0.232142 -0.136326 0.014273 0.271898 -0.179449 0.023691 0.462588 -0.197046 -0.022393 0.609740 -0.271644 -0.410746 0.418235 -0.301082 -0.331938 0.526424 -0.319700 -0.235471 0.589198 -0.104850 -0.377073 0.459192 -0.157344 -0.289920 0.584784 -0.201011 -0.185699 0.661403 -0.010494 -0.267240 0.447182 -0.063541 -0.193750 0.568740 -0.110847 -0.077110 0.617985 0.025926 -0.144780 0.395000 -0.036355 -0.107891 0.491185 -0.099442 -0.015471 0.517294 
0.000000 0.000000 0.000000 -0.066783 -0.003747 -0.033910 -0.225346 -0.290141 0.237335 -0.083440 -0.234581 0.272300 0.014094 -0.173059 0.262485 0.086284 -0.116631 0.239423 -0.146284 0.025663 0.267189 -0.196031 0.044067 0.455598 -0.197724 0.002317 0.605067 -0.276693 -0.412049 0.421514 -0.315441 -0.332782 0.526383 -0.341261 -0.237046 0.587711 -0.114751 -0.373603 0.462475 -0.177898 -0.288824 0.584744 -0.228936 -0.186566 0.659428 -0.007123 -0.265710 0.451374 -0.069336 -0.198945 0.572464 -0.128336 -0.094426 0.634614 0.027943 -0.157769 0.399080 -0.042777 -0.107497 0.482522 -0.106638 -0.014896 0.505975 
0.000000 0.000000 0.000000 -0.067487 -0.004032 -0.032453 -0.219970 -0.288682 0.244062 -0.077402 -0.232773 0.275614 0.019844 -0.171244 0.263302 0.091474 -0.114920 0.238322 -0.163040 0.025879 0.263894 -0.222831 0.044596 0.449328 -0.252193 0.009451 0.597617 -0.264261 -0.428642 0.416890 -0.305179 -0.363013 0.530030 -0.334021 -0.273994 0.599577 -0.094914 -0.381913 0.459801 -0.153622 -0.302946 0.588028 -0.202694 -0.201851 0.665559 0.003274 -0.272550 0.448170 -0.059337 -0.214585 0.573512 -0.120854 -0.115843 0.642315 0.029472 -0.151540 0.397698 -0.040320 -0.107165 0.485170 -0.103713 -0.014071 0.507930 
0.000000 0.000000 0.000000 -0.068442 -0.004657 -0.030298 -0.204342 -0.302334 0.241100 -0.062185 -0.243892 0.269791 0.033046 -0.179509 0.256380 0.102378 -0.120553 0.230991 -0.191670 0.017668 0.256343 -0.268778 0.031637 0.435704 -0.338044 -0.002101 0.570428 -0.238926 -0.445606 0.413429 -0.273473 -0.393834 0.535528 -0.299357 -0.314017 0.616476 -0.058951 -0.397943 0.450711 -0.107006 -0.326489 0.587495 -0.151128 -0.227069 0.670007 0.028831 -0.280140 0.442308 -0.027514 -0.216112 0.567674 -0.085222 -0.113677 0.634344 0.051443 -0.159138 0.393789 -0.013251 -0.113693 0.484567 -0.074825 -0.019724 0.508683 
0.000000 0.000000 0.000000 -0.069218 -0.004859 -0.028445 -0.188231 -0.321827 0.228663 -0.046883 -0.261056 0.256494 0.046080 -0.193247 0.244087 0.112932 -0.130902 0.220186 -0.211666 0.000047 0.249999 -0.300800 0.003116 0.424231 -0.396564 -0.042553 0.537503 -0.206382 -0.456814 0.409962 -0.227844 -0.405197 0.535090 -0.245055 -0.327102 0.619932 -0.028459 -0.406234 0.443732 -0.065366 -0.322859 0.577191 -0.102407 -0.215378 0.652788 0.045296 -0.270485 0.440931 -0.004055 -0.187113 0.557569 -0.055125 -0.071431 0.605293 0.073748 -0.163814 0.387422 0.014097 -0.097645 0.468383 -0.040802 0.001884 0.485215 
0.000000 0.000000 0.000000 -0.070672 -0.002674 -0.024945 -0.180367 -0.330743 0.222187 -0.036943 -0.272992 0.245454 0.056156 -0.205674 0.231497 0.122508 -0.142954 0.207188 -0.214257 -0.021741 0.252302 -0.304103 -0.033673 0.425786 -0.403013 -0.093802 0.529169 -0.187680 -0.461960 0.406981 -0.198048 -0.406570 0.531907 -0.206647 -0.326314 0.616039 -0.006888 -0.402074 0.442708 -0.035342 -0.298001 0.563056 -0.066569 -0.179543 0.623321 0.058809 -0.257133 0.436579 0.017244 -0.154022 0.539687 -0.026242 -0.028036 0.562149 0.090529 -0.166937 0.377448 0.036660 -0.087616 0.450232 -0.010930 0.016937 0.452894 
0.000000 0.000000 0.000000 -0.071122 -0.002090 -0.023689 -0.177441 -0.333307 0.220707 -0.033419 -0.276354 0.242176 0.059643 -0.209141 0.227484 0.125759 -0.146292 0.202866 -0.199942 -0.027473 0.260226 -0.280549 -0.043355 0.437881 -0.375648 -0.107398 0.542482 -0.174876 -0.450476 0.414833 -0.177067 -0.390641 0.538109 -0.179802 -0.305660 0.617883 -0.007653 -0.365871 0.460801 -0.031214 -0.239426 0.558684 -0.056720 -0.112099 0.600834 0.060228 -0.233950 0.437479 0.024661 -0.109397 0.516298 -0.010273 0.021165 0.517376 0.099587 -0.149568 0.375755 0.050036 -0.057030 0.434685 0.006543 0.048392 0.420628 
0.000000 0.000000 0.000000 -0.070995 -0.002239 -0.024055 -0.178212 -0.332899 0.220702 -0.034370 -0.275719 0.242766 0.058691 -0.208439 0.228374 0.124863 -0.145582 0.203927 -0.187432 -0.025133 0.265366 -0.260289 -0.039459 0.446467 -0.352314 -0.102446 0.554406 -0.170137 -0.428868 0.425994 -0.167809 -0.366299 0.547903 -0.167376 -0.277882 0.623898 -0.006284 -0.342377 0.469133 -0.023858 -0.207464 0.556393 -0.044883 -0.076091 0.587024 0.062369 -0.221755 0.439379 0.030804 -0.089726 0.506927 -0.000646 0.041061 0.493749 0.105872 -0.140233 0.377700 0.058309 -0.037896 0.419607 0.016792 0.065802 0.392658 
0.000000 0.000000 0.000000 -0.071128 -0.002180 -0.023663 -0.176910 -0.333600 0.220691 -0.032957 -0.276458 0.242120 0.060010 -0.209116 0.227411 0.126031 -0.146172 0.202783 -0.165881 -0.032555 0.272893 -0.225171 -0.051561 0.458459 -0.303783 -0.120063 0.573413 -0.165218 -0.429103 0.426026 -0.160737 -0.362521 0.545728 -0.158807 -0.273665 0.621187 -0.011295 -0.340111 0.470053 -0.029539 -0.201323 0.550859 -0.049925 -0.067938 0.571646 0.058788 -0.213883 0.438810 0.026448 -0.080464 0.503185 -0.004077 0.049358 0.481221 0.105208 -0.135100 0.376075 0.056946 -0.031756 0.414572 0.015857 0.070321 0.381478 
0.000000 0.000000 0.000000 -0.070840 -0.002833 -0.024445 -0.175668 -0.336540 0.217192 -0.032582 -0.277954 0.240452 0.059804 -0.209545 0.227069 0.125404 -0.145777 0.203455 -0.157271 -0.032626 0.274701 -0.211353 -0.051268 0.461888 -0.277372 -0.122399 0.583003 -0.167824 -0.429815 0.423730 -0.163772 -0.362060 0.542789 -0.161400 -0.272818 0.617778 -0.011968 -0.336508 0.469845 -0.030587 -0.195769 0.547112 -0.051058 -0.061908 0.564473 0.057064 -0.215433 0.438426 0.024292 -0.079156 0.496264 -0.005332 0.050442 0.471874 0.103786 -0.138585 0.376854 0.054494 -0.034289 0.411263 0.013400 0.067739 0.378026 
0.000000 0.000000 0.000000 -0.070340 -0.004206 -0.025660 -0.175500 -0.334352 0.220678 -0.033590 -0.273525 0.245343 0.058185 -0.204240 0.232265 0.123423 -0.140133 0.208568 -0.155486 -0.026417 0.274512 -0.208764 -0.040315 0.462340 -0.261511 -0.110559 0.590287 -0.165753 -0.419985 0.430421 -0.164603 -0.353647 0.550337 -0.165822 -0.263003 0.623653 -0.013828 -0.334720 0.474120 -0.031443 -0.197413 0.557552 -0.051324 -0.063824 0.577508 0.057341 -0.215391 0.443425 0.021606 -0.083214 0.508564 -0.011712 0.045724 0.485484 0.100578 -0.132374 0.381785 0.049224 -0.032761 0.425732 0.005059 0.069012 0.395817 
0.000000 0.000000 0.000000 -0.069633 -0.005713 -0.027248 -0.176555 -0.331661 0.223874 -0.036078 -0.268415 0.250577 0.055097 -0.198223 0.238155 0.120071 -0.133797 0.214598 -0.155831 -0.017877 0.273199 -0.209768 -0.025488 0.461199 -0.252242 -0.091357 0.595154 -0.176319 -0.414992 0.434768 -0.182741 -0.350536 0.555541 -0.189654 -0.259608 0.628187 -0.021730 -0.343581 0.475563 -0.037300 -0.212320 0.568583 -0.053934 -0.081514 0.603972 0.048984 -0.221519 0.448236 0.008659 -0.095106 0.521615 -0.027003 0.034157 0.504668 0.092835 -0.136186 0.387337 0.037993 -0.044339 0.442543 -0.009607 0.058125 0.421600 
0.000000 0.000000 0.000000 -0.069195 -0.004552 -0.028551 -0.186539 -0.328039 0.221097 -0.045504 -0.267203 0.250338 0.047105 -0.198643 0.239517 0.113632 -0.135414 0.217076 -0.161559 -0.011571 0.270223 -0.219354 -0.015963 0.457176 -0.258732 -0.077254 0.594215 -0.200041 -0.421294 0.427353 -0.215349 -0.351541 0.544324 -0.227766 -0.260780 0.616445 -0.048764 -0.356455 0.470560 -0.067466 -0.230872 0.570579 -0.083312 -0.103460 0.616996 0.028851 -0.239000 0.446282 -0.016378 -0.120803 0.529795 -0.052016 0.009385 0.522780 0.073572 -0.146944 0.386924 0.013311 -0.066107 0.452691 -0.037940 0.036327 0.443538 
0.000000 0.000000 0.000000 -0.067033 -0.005625 -0.033149 -0.199084 -0.325490 0.213804 -0.060814 -0.263001 0.251534 0.031851 -0.193902 0.245833 0.099333 -0.130554 0.226847 -0.164043 -0.003171 0.264221 -0.224747 -0.001636 0.450296 -0.263340 -0.056865 0.590108 -0.226295 -0.410739 0.422160 -0.252159 -0.349053 0.541776 -0.272356 -0.257842 0.611531 -0.072271 -0.366260 0.465265 -0.097925 -0.253871 0.578557 -0.118449 -0.130768 0.633908 0.000399 -0.245020 0.448592 -0.051489 -0.140684 0.545609 -0.089972 -0.011280 0.552073 0.051884 -0.144714 0.394580 -0.011638 -0.077203 0.471382 -0.069639 0.021789 0.477689 
0.000000 0.000000 0.000000 -0.066317 -0.002734 -0.034907 -0.216864 -0.319539 0.205318 -0.077329 -0.262769 0.247204 0.018028 -0.197240 0.244576 0.088353 -0.136365 0.227968 -0.170028 0.000327 0.260188 -0.234923 0.002242 0.444840 -0.276708 -0.049595 0.585032 -0.256479 -0.411069 0.408967 -0.289847 -0.346780 0.525310 -0.314657 -0.256999 0.595430 -0.106855 -0.377021 0.453479 -0.139448 -0.272127 0.572052 -0.162554 -0.153246 0.635082 -0.030337 -0.255017 0.442153 -0.088711 -0.158555 0.543535 -0.128314 -0.030465 0.560646 0.024805 -0.141986 0.390806 -0.040563 -0.092902 0.479175 -0.103602 0.001621 0.496338 
0.000000 0.000000 0.000000 -0.064599 -0.000210 -0.038089 -0.236930 -0.313993 0.191214 -0.097806 -0.262278 0.240378 -0.000336 -0.199936 0.243047 0.072671 -0.141286 0.230496 -0.170556 0.003148 0.256204 -0.236857 0.005250 0.440353 -0.279904 -0.047616 0.579776 -0.285364 -0.412100 0.389833 -0.323395 -0.349643 0.505741 -0.351600 -0.264888 0.580669 -0.145907 -0.392720 0.433110 -0.185789 -0.299542 0.559013 -0.211632 -0.186973 0.631812 -0.056808 -0.279026 0.430848 -0.114884 -0.186549 0.536043 -0.152477 -0.061572 0.571194 0.003589 -0.151465 0.390841 -0.062892 -0.112857 0.483474 -0.130287 -0.025764 0.516273 
0.000000 0.000000 0.000000 -0.063800 0.004683 -0.039134 -0.258596 -0.304232 0.178497 -0.117551 -0.262287 0.231354 -0.016609 -0.205995 0.237353 0.059971 -0.151512 0.227637 -0.177158 -0.000160 0.252367 -0.248089 -0.003191 0.434770 -0.294722 -0.063403 0.569998 -0.321415 -0.415793 0.365655 -0.363246 -0.356231 0.481778 -0.392814 -0.276424 0.561464 -0.178340 -0.407396 0.409462 -0.221259 -0.317574 0.536798 -0.247035 -0.207774 0.613732 -0.083516 -0.290904 0.419088 -0.145247 -0.205734 0.528295 -0.184056 -0.084083 0.572599 -0.026150 -0.142706 0.379597 -0.085429 -0.136645 0.484194 -0.155079 -0.054952 0.525161 
0.000000 0.000000 0.000000 -0.063212 0.009120 -0.039306 -0.271693 -0.302605 0.160946 -0.129635 -0.268875 0.216883 -0.026670 -0.216910 0.226462 0.052028 -0.165015 0.220078 -0.178580 -0.014072 0.250520 -0.250769 -0.028584 0.431874 -0.300183 -0.098799 0.561160 -0.340863 -0.429492 0.335690 -0.384161 -0.371165 0.451902 -0.415882 -0.299794 0.538465 -0.204561 -0.427713 0.376980 -0.249774 -0.345391 0.508523 -0.275675 -0.242765 0.594756 -0.095577 -0.318831 0.398443 -0.160390 -0.245780 0.514433 -0.202494 -0.130700 0.571459 -0.039027 -0.166122 0.369390 -0.101702 -0.166883 0.472164 -0.172829 -0.092853 0.523773 
0.000000 0.000000 0.000000 -0.062542 0.012732 -0.039374 -0.278489 -0.308019 0.137326 -0.136664 -0.280398 0.197071 -0.033029 -0.230885 0.211299 0.046550 -0.179989 0.209304 -0.177101 -0.032058 0.248230 -0.248785 -0.060085 0.428194 -0.296017 -0.140707 0.552114 -0.352694 -0.450943 0.296971 -0.399339 -0.399977 0.415330 -0.435531 -0.341646 0.509567 -0.215065 -0.455711 0.337047 -0.267855 -0.389811 0.474869 -0.301057 -0.300711 0.572839 -0.103091 -0.347828 0.372945 -0.172840 -0.288578 0.493838 -0.223531 -0.188031 0.568597 -0.046512 -0.192808 0.356822 -0.110568 -0.201631 0.458362 -0.186666 -0.144346 0.522631 
0.000000 0.000000 0.000000 -0.061215 0.011165 -0.041856 -0.273626 -0.318675 0.121923 -0.135444 -0.287169 0.187953 -0.034207 -0.234467 0.207126 0.043648 -0.180968 0.209085 -0.181898 -0.026201 0.244301 -0.260290 -0.075081 0.416859 -0.323477 -0.154451 0.534311 -0.353229 -0.462868 0.277782 -0.405021 -0.419796 0.397132 -0.445825 -0.368326 0.493459 -0.214752 -0.464245 0.325170 -0.274067 -0.398286 0.460284 -0.313985 -0.311816 0.558104 -0.109846 -0.352502 0.365430 -0.185267 -0.291200 0.481812 -0.240923 -0.192334 0.555268 -0.052835 -0.197600 0.354002 -0.119245 -0.209048 0.453750 -0.198793 -0.155064 0.516688 
0.000000 0.000000 0.000000 -0.060860 0.008907 -0.042903 -0.265051 -0.326690 0.119633 -0.129055 -0.290289 0.187655 -0.029911 -0.234195 0.208097 0.046120 -0.178173 0.210947 -0.193215 -0.045712 0.235207 -0.276034 -0.079890 0.409230 -0.357536 -0.151928 0.519931 -0.343006 -0.477542 0.269922 -0.396250 -0.428752 0.386398 -0.439835 -0.379377 0.482603 -0.205093 -0.461625 0.333726 -0.268066 -0.388845 0.463579 -0.312121 -0.298578 0.556048 -0.111335 -0.352347 0.363416 -0.193604 -0.289511 0.474206 -0.254028 -0.189339 0.541900 -0.051583 -0.190987 0.355433 -0.118833 -0.199808 0.454886 -0.201653 -0.146318 0.513902 
0.000000 0.000000 0.000000 -0.061019 0.004758 -0.043335 -0.249489 -0.335733 0.127785 -0.115731 -0.290918 0.195218 -0.019512 -0.229540 0.214422 0.053705 -0.169840 0.215966 -0.197469 -0.047279 0.233288 -0.282850 -0.079840 0.406380 -0.362582 -0.149831 0.519653 -0.327683 -0.485090 0.279437 -0.382484 -0.440511 0.396874 -0.426697 -0.390850 0.492646 -0.180320 -0.461541 0.347503 -0.244597 -0.383401 0.473547 -0.291110 -0.289350 0.560899 -0.094238 -0.343924 0.375810 -0.177408 -0.280296 0.485468 -0.241044 -0.180424 0.550615 -0.038329 -0.185749 0.363827 -0.106324 -0.188736 0.463120 -0.190269 -0.133490 0.518836 
0.000000 0.000000 0.000000 -0.061311 -0.000455 -0.043181 -0.228016 -0.345945 0.140076 -0.097091 -0.290762 0.205349 -0.004781 -0.222981 0.222042 0.064627 -0.158879 0.221251 -0.189807 -0.041782 0.239002 -0.270210 -0.067642 0.415574 -0.339504 -0.136688 0.536064 -0.291020 -0.490323 0.303188 -0.341024 -0.435734 0.418522 -0.382170 -0.380443 0.512559 -0.134206 -0.451008 0.376865 -0.195911 -0.361896 0.496765 -0.244507 -0.263628 0.578136 -0.060116 -0.326984 0.397642 -0.138656 -0.251405 0.503046 -0.203342 -0.149923 0.564570 0.003759 -0.186066 0.382936 -0.074823 -0.147388 0.465521 -0.157625 -0.083835 0.513562 
0.000000 0.000000 0.000000 -0.061979 -0.006775 -0.041673 -0.198899 -0.355375 0.159492 -0.071107 -0.288042 0.219346 0.016259 -0.213050 0.231067 0.080705 -0.144142 0.226011 -0.187948 -0.040243 0.242682 -0.266772 -0.061185 0.420613 -0.327259 -0.126366 0.547813 -0.250824 -0.484727 0.338356 -0.298047 -0.426959 0.453312 -0.336265 -0.360164 0.540895 -0.094535 -0.437916 0.402276 -0.159331 -0.349164 0.520804 -0.212143 -0.247115 0.594535 -0.033494 -0.301473 0.416592 -0.112560 -0.222395 0.518994 -0.179156 -0.117053 0.571301 0.022162 -0.162387 0.389797 -0.053565 -0.124723 0.475460 -0.137167 -0.055832 0.513774 
0.000000 0.000000 0.000000 -0.062231 -0.014018 -0.039430 -0.163903 -0.362201 0.182309 -0.040785 -0.281506 0.235007 0.040182 -0.198993 0.240486 0.098406 -0.125295 0.230193 -0.172877 -0.033509 0.252501 -0.242112 -0.045705 0.435173 -0.289439 -0.106204 0.570031 -0.205414 -0.475030 0.374576 -0.248613 -0.416202 0.490572 -0.284018 -0.342009 0.573247 -0.043209 -0.411814 0.433724 -0.105290 -0.317595 0.549453 -0.159554 -0.212595 0.617790 0.007687 -0.272315 0.436143 -0.068924 -0.184446 0.533099 -0.137088 -0.076792 0.578181 0.049119 -0.131258 0.397887 -0.022856 -0.089652 0.484949 -0.107202 -0.018776 0.517590 
0.000000 0.000000 0.000000 -0.064586 -0.019496 -0.032749 -0.126687 -0.358437 0.216249 -0.004102 -0.268587 0.252946 0.072296 -0.181897 0.246440 0.125176 -0.106095 0.226817 -0.155307 -0.024656 0.266566 -0.212075 -0.027884 0.453857 -0.240360 -0.081118 0.596871 -0.142159 -0.452967 0.421785 -0.176620 -0.387819 0.537327 -0.207848 -0.308578 0.616945 0.015880 -0.379536 0.462148 -0.041065 -0.275203 0.571676 -0.093976 -0.167010 0.635973 0.063895 -0.238001 0.450145 -0.006267 -0.145420 0.547597 -0.074656 -0.036300 0.588631 0.105601 -0.117782 0.400214 0.033111 -0.065159 0.480634 -0.050853 0.006096 0.513437 
0.000000 0.000000 0.000000 -0.065709 -0.025861 -0.025246 -0.084266 -0.346230 0.253603 0.034847 -0.246662 0.272178 0.104593 -0.156487 0.252227 0.150558 -0.079596 0.222189 -0.125281 -0.005403 0.281151 -0.162557 0.007398 0.472874 -0.163293 -0.031822 0.623034 -0.074341 -0.429119 0.464437 -0.099831 -0.360894 0.580531 -0.126909 -0.278407 0.658350 0.081196 -0.336264 0.487347 0.031198 -0.225725 0.594146 -0.019704 -0.115111 0.655895 0.124161 -0.199070 0.458424 0.059877 -0.098547 0.551984 -0.009457 0.013485 0.582147 0.159065 -0.087072 0.396711 0.088272 -0.022738 0.469790 0.004813 0.053017 0.492127 
0.000000 0.000000 0.000000 -0.066226 -0.031024 -0.016600 -0.042197 -0.325377 0.289205 0.072551 -0.219180 0.287809 0.135236 -0.128075 0.253682 0.174079 -0.052189 0.212941 -0.081883 0.030586 0.289677 -0.091681 0.069138 0.481325 -0.065151 0.049669 0.632996 0.003218 -0.374017 0.505981 -0.009246 -0.293837 0.616425 -0.030608 -0.203245 0.686638 0.146024 -0.292020 0.501749 0.105975 -0.174392 0.605113 0.060865 -0.061277 0.666835 0.190710 -0.141712 0.457275 0.138372 -0.032191 0.548142 0.068172 0.080971 0.571256 0.211062 -0.051593 0.383875 0.141494 0.023489 0.447233 0.058856 0.101307 0.465074 
0.000000 0.000000 0.000000 -0.065749 -0.034789 -0.009524 -0.011316 -0.298563 0.319409 0.098627 -0.188889 0.301216 0.155322 -0.099131 0.255136 0.188477 -0.025986 0.205358 -0.055180 0.057748 0.289092 -0.048566 0.115652 0.475946 0.000465 0.113973 0.623187 0.047896 -0.326476 0.536515 0.045259 -0.240298 0.643045 0.028587 -0.142729 0.704652 0.191415 -0.242326 0.513370 0.162942 -0.117865 0.612482 0.125884 -0.001102 0.672752 0.228780 -0.109738 0.453139 0.183713 0.005391 0.540918 0.115499 0.120524 0.559873 0.241168 -0.013316 0.371639 0.178246 0.068883 0.433083 0.099078 0.150161 0.451233 
0.000000 0.000000 0.000000 -0.064661 -0.037856 -0.003134 0.015066 -0.267977 0.345328 0.119586 -0.156582 0.311960 0.170500 -0.069492 0.255239 0.198418 -0.000119 0.197488 -0.033933 0.091659 0.279935 -0.014706 0.172701 0.457062 0.052013 0.188351 0.596311 0.085927 -0.253863 0.560269 0.089068 -0.157841 0.658003 0.074449 -0.055172 0.711281 0.222950 -0.179248 0.524742 0.199503 -0.046809 0.614378 0.167334 0.073339 0.670672 0.261337 -0.061815 0.446036 0.223974 0.060569 0.527380 0.156839 0.176987 0.541797 0.266376 0.018653 0.357536 0.205506 0.105300 0.414793 0.127554 0.187765 0.432856 
0.000000 0.000000 0.000000 -0.063438 -0.039934 0.002191 0.040086 -0.246529 0.359036 0.139163 -0.134155 0.314282 0.184443 -0.049053 0.250241 0.207308 0.017609 0.187308 -0.019764 0.108545 0.274024 0.007564 0.201453 0.444119 0.085141 0.228248 0.575841 0.113644 -0.223751 0.572321 0.116844 -0.119643 0.661390 0.103793 -0.013822 0.708558 0.249929 -0.146838 0.524150 0.226514 -0.006937 0.601635 0.198801 0.115586 0.655109 0.290475 -0.044486 0.433135 0.250120 0.084199 0.502434 0.184247 0.201364 0.516618 0.285237 0.038563 0.342467 0.225081 0.126624 0.398304 0.147785 0.209202 0.418542 