71
0.000000 0.000000 0.000000 -0.058719 0.033088 -0.032880 -0.342919 -0.242148 0.122724 -0.196314 -0.259255 0.174313 -0.082827 -0.239887 0.186119 0.007113 -0.211025 0.183817 -0.154550 -0.014335 0.261082 -0.280011 -0.062148 0.403506 -0.403792 -0.105921 0.486265 -0.479395 -0.381407 0.238488 -0.517394 -0.328720 0.359162 -0.525929 -0.253351 0.447705 -0.326635 -0.412558 0.300761 -0.355064 -0.339400 0.442057 -0.335347 -0.227423 0.517632 -0.202758 -0.335461 0.331706 -0.267989 -0.264649 0.448844 -0.268636 -0.135788 0.489617 -0.104956 -0.208580 0.318060 -0.182094 -0.206897 0.410462 -0.215447 -0.110030 0.462496 
0.000000 0.000000 0.000000 -0.058208 0.034540 -0.032291 -0.347919 -0.231479 0.129073 -0.201154 -0.252433 0.178751 -0.087007 -0.236237 0.188860 0.003675 -0.209968 0.185125 -0.143723 -0.000745 0.266520 -0.262794 -0.053250 0.412727 -0.373217 -0.102418 0.510072 -0.486826 -0.366051 0.247460 -0.525424 -0.307752 0.365331 -0.533503 -0.227998 0.449990 -0.340048 -0.407252 0.293703 -0.379545 -0.343869 0.437046 -0.376441 -0.245783 0.531961 -0.211146 -0.332152 0.330647 -0.277801 -0.268416 0.451004 -0.290540 -0.149944 0.514800 -0.107753 -0.210351 0.319921 -0.184451 -0.210616 0.412704 -0.234449 -0.128341 0.475427 
0.000000 0.000000 0.000000 -0.058108 0.034617 -0.032388 -0.349024 -0.227187 0.133636 -0.202162 -0.248715 0.182780 -0.087839 -0.233304 0.192093 0.003025 -0.207799 0.187568 -0.165718 0.007718 0.260089 -0.275408 -0.043684 0.413833 -0.376761 -0.097412 0.518368 -0.490348 -0.359048 0.252213 -0.530744 -0.299604 0.368903 -0.540487 -0.219528 0.453082 -0.344194 -0.401983 0.295962 -0.390556 -0.341026 0.438297 -0.397989 -0.249188 0.539044 -0.208010 -0.327114 0.338627 -0.273687 -0.263905 0.459797 -0.293786 -0.150554 0.530617 -0.103938 -0.202544 0.325834 -0.177563 -0.198926 0.421006 -0.228939 -0.114318 0.479358 
0.000000 0.000000 0.000000 -0.059357 0.033125 -0.031676 -0.342458 -0.228949 0.146953 -0.194159 -0.247431 0.192918 -0.079871 -0.230282 0.199091 0.010490 -0.203656 0.191795 -0.205637 -0.008215 0.241710 -0.297169 -0.034083 0.412776 -0.417017 -0.066882 0.505768 -0.486026 -0.372384 0.248119 -0.532348 -0.335116 0.371600 -0.555168 -0.280383 0.471982 -0.328739 -0.402368 0.312739 -0.378893 -0.338913 0.452677 -0.393077 -0.245705 0.551422 -0.189708 -0.321390 0.355132 -0.250617 -0.258986 0.479175 -0.273465 -0.149071 0.554439 -0.090011 -0.195386 0.334685 -0.159188 -0.189693 0.433038 -0.206275 -0.100629 0.488297 
0.000000 0.000000 0.000000 -0.060176 0.029947 -0.033255 -0.336251 -0.231823 0.156472 -0.187635 -0.243952 0.203514 -0.073904 -0.223270 0.209129 0.015683 -0.194418 0.200815 -0.219309 -0.003320 0.233983 -0.318884 -0.024136 0.401204 -0.452932 -0.049415 0.475224 -0.480237 -0.381895 0.246842 -0.535195 -0.354515 0.369365 -0.571227 -0.314403 0.472738 -0.307946 -0.398521 0.338079 -0.357996 -0.334246 0.477679 -0.379911 -0.244933 0.578587 -0.172591 -0.311763 0.373882 -0.232625 -0.251769 0.499530 -0.260604 -0.143854 0.575947 -0.081226 -0.182870 0.345942 -0.147930 -0.174921 0.445835 -0.195684 -0.085910 0.500604 
0.000000 0.000000 0.000000 -0.060709 0.027196 -0.034622 -0.329028 -0.245959 0.150116 -0.181057 -0.251442 0.200331 -0.068486 -0.225779 0.208278 0.019908 -0.193046 0.201762 -0.233837 -0.007412 0.223594 -0.342170 -0.029068 0.385168 -0.477077 -0.065678 0.452597 -0.465574 -0.399426 0.246155 -0.519948 -0.375455 0.369649 -0.557302 -0.339451 0.474060 -0.274589 -0.419418 0.340011 -0.324361 -0.356793 0.480458 -0.350656 -0.266584 0.579505 -0.160170 -0.313644 0.377356 -0.220622 -0.249134 0.500542 -0.251711 -0.138265 0.571321 -0.079502 -0.178545 0.344919 -0.147927 -0.168564 0.443456 -0.193845 -0.075359 0.492522 
0.000000 0.000000 0.000000 -0.061960 0.024334 -0.034535 -0.314290 -0.270511 0.139053 -0.166776 -0.268153 0.190831 -0.056139 -0.235703 0.200846 0.030068 -0.197294 0.196322 -0.245819 -0.011082 0.216040 -0.360866 -0.033242 0.372833 -0.494694 -0.078426 0.437140 -0.428087 -0.431788 0.250679 -0.473732 -0.411649 0.378323 -0.504706 -0.377147 0.485296 -0.238518 -0.442361 0.335674 -0.285399 -0.379714 0.477103 -0.310814 -0.283274 0.570338 -0.134442 -0.328587 0.373920 -0.191575 -0.261132 0.497113 -0.221016 -0.144490 0.558725 -0.063545 -0.183777 0.343428 -0.127981 -0.174473 0.444684 -0.169654 -0.075754 0.486169 
0.000000 0.000000 0.000000 -0.063614 0.021096 -0.033647 -0.295502 -0.293020 0.134568 -0.148091 -0.282415 0.185603 -0.039676 -0.243208 0.195760 0.043880 -0.199290 0.191648 -0.257320 -0.016694 0.209038 -0.378529 -0.040340 0.360894 -0.512382 -0.089902 0.421836 -0.381104 -0.455123 0.268040 -0.414611 -0.432763 0.399033 -0.434364 -0.388282 0.504979 -0.201720 -0.451410 0.343840 -0.240159 -0.377297 0.482239 -0.261027 -0.271348 0.565778 -0.104125 -0.330403 0.377301 -0.153657 -0.250632 0.496355 -0.178479 -0.126729 0.544314 -0.036417 -0.206078 0.346867 -0.096096 -0.161599 0.441478 -0.132857 -0.055737 0.466876 
0.000000 0.000000 0.000000 -0.065181 0.020965 -0.030590 -0.286160 -0.299697 0.139943 -0.136943 -0.288233 0.185218 -0.028698 -0.247821 0.191853 0.054073 -0.202725 0.185337 -0.258849 -0.021654 0.211325 -0.380033 -0.048323 0.362700 -0.511769 -0.101327 0.425334 -0.354480 -0.454724 0.290673 -0.376622 -0.422261 0.421966 -0.386283 -0.364455 0.522754 -0.180390 -0.437342 0.365088 -0.206913 -0.341931 0.492831 -0.219736 -0.224596 0.561441 -0.082305 -0.319461 0.383445 -0.121767 -0.222831 0.493427 -0.138750 -0.091859 0.522170 -0.012530 -0.207809 0.346967 -0.064699 -0.141318 0.432692 -0.094289 -0.030462 0.438891 
0.000000 0.000000 0.000000 -0.065538 0.021482 -0.029448 -0.284389 -0.302440 0.137634 -0.134669 -0.291710 0.181402 -0.026375 -0.251352 0.187544 0.056294 -0.206085 0.180917 -0.257366 -0.028044 0.212618 -0.377399 -0.059034 0.364087 -0.508019 -0.115642 0.425898 -0.350019 -0.448101 0.298555 -0.365730 -0.403914 0.427329 -0.369731 -0.337514 0.523080 -0.178536 -0.416491 0.378835 -0.196632 -0.301387 0.490854 -0.202888 -0.176314 0.545232 -0.078994 -0.302191 0.385939 -0.110611 -0.188282 0.480891 -0.119135 -0.053638 0.489037 -0.003780 -0.205864 0.345165 -0.051083 -0.122619 0.418130 -0.074209 -0.010774 0.405524 
0.000000 0.000000 0.000000 -0.065337 0.020392 -0.030646 -0.280179 -0.311167 0.126354 -0.131806 -0.297603 0.173772 -0.024678 -0.254809 0.183057 0.057017 -0.207511 0.179052 -0.258064 -0.038435 0.208607 -0.378660 -0.075244 0.358316 -0.508741 -0.136372 0.416876 -0.340267 -0.449259 0.295883 -0.353623 -0.397970 0.422267 -0.356932 -0.328036 0.515495 -0.176417 -0.400933 0.383074 -0.191714 -0.274129 0.482126 -0.195620 -0.144187 0.523829 -0.078712 -0.287635 0.384840 -0.106062 -0.162617 0.466163 -0.109967 -0.027631 0.460563 -0.001990 -0.196396 0.343310 -0.046386 -0.102963 0.404877 -0.065523 0.007609 0.380163 
0.000000 0.000000 0.000000 -0.065581 0.020704 -0.029906 -0.276371 -0.318962 0.114774 -0.128172 -0.305340 0.162717 -0.021572 -0.261614 0.173605 0.059542 -0.213212 0.171366 -0.252300 -0.044845 0.212345 -0.369136 -0.085861 0.363930 -0.498867 -0.146623 0.423636 -0.334887 -0.459272 0.283027 -0.347353 -0.407062 0.409125 -0.350375 -0.337283 0.502478 -0.171427 -0.408871 0.372204 -0.184533 -0.277895 0.466002 -0.186098 -0.145431 0.499021 -0.077217 -0.291024 0.375477 -0.102100 -0.162124 0.451347 -0.102067 -0.027666 0.437596 0.001683 -0.196851 0.335595 -0.040669 -0.100893 0.394669 -0.057797 0.009220 0.366655 
0.000000 0.000000 0.000000 -0.066097 0.021809 -0.027920 -0.276073 -0.319349 0.114412 -0.126701 -0.307821 0.159156 -0.019544 -0.265105 0.168474 0.061866 -0.217250 0.165367 -0.243404 -0.054125 0.218337 -0.354351 -0.101640 0.372429 -0.482455 -0.164195 0.433772 -0.330707 -0.463017 0.281130 -0.340780 -0.408618 0.406514 -0.342666 -0.338750 0.499831 -0.172099 -0.409755 0.368973 -0.183682 -0.276505 0.459719 -0.182186 -0.142063 0.483435 -0.075749 -0.296567 0.369881 -0.097533 -0.164665 0.441422 -0.092979 -0.031425 0.419187 0.003134 -0.203034 0.329485 -0.038131 -0.105655 0.386980 -0.052131 0.004041 0.355772 
0.000000 0.000000 0.000000 -0.065823 0.019980 -0.029866 -0.271056 -0.325558 0.108772 -0.123315 -0.310019 0.157539 -0.017560 -0.264566 0.169536 0.062681 -0.214694 0.168371 -0.226846 -0.063812 0.224882 -0.327603 -0.116244 0.384287 -0.446022 -0.187540 0.454862 -0.324487 -0.463645 0.280519 -0.335631 -0.410144 0.406200 -0.338090 -0.339096 0.498608 -0.167228 -0.406938 0.370031 -0.178874 -0.270607 0.456071 -0.177030 -0.134940 0.471256 -0.076395 -0.295218 0.370316 -0.098794 -0.159384 0.433862 -0.092982 -0.027969 0.402808 0.001864 -0.203512 0.331963 -0.038513 -0.100893 0.380235 -0.049277 0.006958 0.342082 
0.000000 0.000000 0.000000 -0.065969 0.020172 -0.029412 -0.270750 -0.325796 0.108820 -0.122728 -0.310608 0.156837 -0.016866 -0.265303 0.168451 0.063413 -0.215498 0.167064 -0.221956 -0.067627 0.227115 -0.319563 -0.122565 0.387632 -0.432276 -0.198031 0.463047 -0.323308 -0.465017 0.279921 -0.334496 -0.410700 0.405246 -0.337344 -0.339706 0.497685 -0.166541 -0.412549 0.366987 -0.179502 -0.278982 0.457078 -0.178479 -0.143622 0.474850 -0.074134 -0.300114 0.369006 -0.099894 -0.166795 0.436485 -0.097074 -0.034977 0.406749 0.002505 -0.204890 0.330661 -0.040237 -0.106578 0.385426 -0.052555 0.001532 0.348500 
0.000000 0.000000 0.000000 -0.065743 0.019357 -0.030447 -0.270654 -0.324679 0.112339 -0.123176 -0.308017 0.161526 -0.017599 -0.262099 0.173323 0.062511 -0.212026 0.171781 -0.213185 -0.067226 0.231489 -0.305444 -0.121405 0.395392 -0.416533 -0.195461 0.474523 -0.332982 -0.471398 0.273612 -0.350657 -0.421691 0.400099 -0.357722 -0.352874 0.493946 -0.170861 -0.434394 0.357049 -0.186247 -0.315341 0.465281 -0.186482 -0.184258 0.503446 -0.075709 -0.320913 0.367945 -0.112251 -0.201951 0.454568 -0.118538 -0.067408 0.443306 -0.004442 -0.216833 0.333275 -0.056797 -0.136005 0.405504 -0.078877 -0.024821 0.386697 
0.000000 0.000000 0.000000 -0.064987 0.019552 -0.031911 -0.276778 -0.318517 0.115027 -0.129879 -0.302733 0.166197 -0.023886 -0.257970 0.178682 0.056912 -0.209009 0.177334 -0.207001 -0.061818 0.234654 -0.295864 -0.112735 0.401453 -0.402483 -0.185700 0.487450 -0.357216 -0.469412 0.263958 -0.383657 -0.423519 0.390358 -0.395516 -0.356297 0.484876 -0.192460 -0.448401 0.343225 -0.212977 -0.346089 0.466659 -0.216137 -0.225828 0.531209 -0.089871 -0.346326 0.359106 -0.135512 -0.243014 0.460270 -0.146602 -0.108602 0.469139 -0.011869 -0.231324 0.336575 -0.071084 -0.168177 0.420224 -0.105767 -0.058648 0.422143 
0.000000 0.000000 0.000000 -0.065076 0.020695 -0.030995 -0.283068 -0.307977 0.127722 -0.134735 -0.295268 0.175501 -0.027294 -0.253271 0.184811 0.054793 -0.206662 0.180719 -0.200352 -0.054789 0.240756 -0.284999 -0.102022 0.410801 -0.384777 -0.173657 0.505667 -0.375749 -0.459882 0.268276 -0.407075 -0.413670 0.393437 -0.420351 -0.344244 0.486156 -0.206100 -0.453623 0.337690 -0.233616 -0.366443 0.470982 -0.242243 -0.256903 0.552013 -0.105724 -0.348223 0.356702 -0.160224 -0.259718 0.467099 -0.174762 -0.127339 0.490174 -0.020146 -0.224431 0.337738 -0.082704 -0.187989 0.433913 -0.128144 -0.083825 0.450888 
0.000000 0.000000 0.000000 -0.064272 0.020157 -0.032964 -0.288971 -0.299235 0.135072 -0.141345 -0.286287 0.184929 -0.033577 -0.245181 0.194435 0.049130 -0.199724 0.189915 -0.190506 -0.045079 0.245703 -0.269495 -0.085900 0.420075 -0.360376 -0.155650 0.524777 -0.389636 -0.446734 0.274824 -0.425211 -0.395635 0.396911 -0.439800 -0.320675 0.485010 -0.218310 -0.453520 0.335208 -0.255098 -0.377224 0.472867 -0.272093 -0.276895 0.563887 -0.116142 -0.346747 0.360511 -0.176315 -0.267071 0.474624 -0.197550 -0.138465 0.510365 -0.031453 -0.210745 0.344741 -0.094118 -0.191101 0.445630 -0.145815 -0.091765 0.471378 
0.000000 0.000000 0.000000 -0.063432 0.020384 -0.034420 -0.296122 -0.290447 0.138717 -0.149008 -0.278739 0.190363 -0.040672 -0.239274 0.200349 0.042886 -0.195399 0.195834 -0.192250 -0.038696 0.244437 -0.272856 -0.075665 0.418929 -0.362786 -0.143917 0.525422 -0.404482 -0.437635 0.272934 -0.444193 -0.382438 0.391923 -0.460604 -0.304043 0.476646 -0.230842 -0.448604 0.335013 -0.274071 -0.377245 0.473447 -0.293460 -0.275495 0.562386 -0.129935 -0.340599 0.363073 -0.196199 -0.264850 0.476483 -0.221192 -0.137557 0.514430 -0.050122 -0.190785 0.343870 -0.114141 -0.187609 0.445765 -0.166702 -0.088455 0.470442 
0.000000 0.000000 0.000000 -0.062707 0.018795 -0.036585 -0.297648 -0.287611 0.141335 -0.151886 -0.273198 0.196038 -0.044053 -0.232697 0.207262 0.039329 -0.188441 0.203260 -0.190591 -0.031708 0.244381 -0.270612 -0.063309 0.420191 -0.359968 -0.127799 0.529476 -0.409578 -0.431969 0.275696 -0.452114 -0.377678 0.394124 -0.469275 -0.298045 0.477534 -0.238637 -0.441982 0.339078 -0.285635 -0.372285 0.477129 -0.306190 -0.269548 0.564661 -0.135496 -0.333253 0.369251 -0.204817 -0.258229 0.481308 -0.232802 -0.131697 0.519708 -0.053031 -0.196421 0.351557 -0.121379 -0.182677 0.449695 -0.174688 -0.083889 0.474236 
0.000000 0.000000 0.000000 -0.062656 0.017517 -0.037300 -0.296111 -0.286981 0.145777 -0.150766 -0.270247 0.200931 -0.043322 -0.228651 0.211868 0.039726 -0.183816 0.207376 -0.189636 -0.027891 0.244941 -0.269092 -0.056305 0.421550 -0.357448 -0.116371 0.534121 -0.407176 -0.436605 0.274995 -0.453159 -0.385045 0.393355 -0.474339 -0.308046 0.478300 -0.237327 -0.434738 0.349000 -0.288911 -0.363081 0.484384 -0.314595 -0.260257 0.570448 -0.132563 -0.328307 0.375632 -0.204628 -0.257363 0.488612 -0.239366 -0.134069 0.531738 -0.058512 -0.181451 0.352048 -0.126131 -0.179823 0.451628 -0.179812 -0.080840 0.474521 
0.000000 0.000000 0.000000 -0.062525 0.015176 -0.038525 -0.290106 -0.293257 0.145359 -0.146198 -0.271570 0.202517 -0.040172 -0.226752 0.214513 0.041626 -0.179619 0.210655 -0.187940 -0.028745 0.244650 -0.266417 -0.056228 0.421843 -0.352865 -0.113820 0.537154 -0.395309 -0.448641 0.272670 -0.446306 -0.404930 0.392130 -0.476136 -0.337394 0.482364 -0.226822 -0.435228 0.354800 -0.285736 -0.363415 0.487075 -0.321455 -0.263873 0.573416 -0.124498 -0.329286 0.379102 -0.199302 -0.261360 0.492156 -0.242034 -0.142443 0.540124 -0.050475 -0.201338 0.357733 -0.124862 -0.166164 0.445600 -0.175601 -0.064037 0.459701 
0.000000 0.000000 0.000000 -0.063119 0.013551 -0.038161 -0.281036 -0.301791 0.145708 -0.137508 -0.276278 0.202236 -0.032721 -0.228546 0.213875 0.047703 -0.179123 0.209787 -0.193895 -0.028900 0.242804 -0.275727 -0.055462 0.418614 -0.361160 -0.111532 0.535423 -0.379658 -0.461595 0.272818 -0.431637 -0.429743 0.395560 -0.467538 -0.378944 0.494169 -0.208844 -0.445175 0.353429 -0.271841 -0.378775 0.486647 -0.314644 -0.285900 0.577098 -0.109435 -0.331484 0.381900 -0.183507 -0.266653 0.497230 -0.230431 -0.150942 0.548971 -0.043985 -0.203123 0.356769 -0.118523 -0.161439 0.441609 -0.165178 -0.056787 0.450226 
0.000000 0.000000 0.000000 -0.064840 0.013148 -0.035309 -0.273205 -0.301568 0.160332 -0.127307 -0.275330 0.210056 -0.022232 -0.227259 0.216576 0.057780 -0.177660 0.208494 -0.221979 -0.006025 0.234480 -0.320306 -0.018022 0.403296 -0.434060 -0.051861 0.503305 -0.358922 -0.465183 0.291872 -0.405077 -0.445749 0.419443 -0.438547 -0.407871 0.524505 -0.177002 -0.446760 0.366953 -0.229798 -0.388431 0.508143 -0.267376 -0.298207 0.603469 -0.080773 -0.331098 0.391231 -0.145330 -0.266289 0.512156 -0.189090 -0.149917 0.565172 -0.023921 -0.204365 0.360803 -0.092988 -0.160939 0.449320 -0.137922 -0.055723 0.459985 
0.000000 0.000000 0.000000 -0.065796 0.011535 -0.034085 -0.261807 -0.310048 0.163150 -0.115842 -0.280028 0.210481 -0.012051 -0.229071 0.215470 0.066390 -0.177203 0.206307 -0.251697 0.000949 0.217261 -0.368022 -0.005675 0.374537 -0.501768 -0.032525 0.448549 -0.329083 -0.475660 0.302674 -0.367850 -0.465557 0.433735 -0.395880 -0.431104 0.541533 -0.143190 -0.448156 0.376190 -0.189034 -0.383818 0.517199 -0.224001 -0.285579 0.605322 -0.055457 -0.325536 0.398566 -0.113851 -0.254171 0.518932 -0.156287 -0.133849 0.563540 -0.005276 -0.202202 0.363868 -0.070052 -0.151580 0.451804 -0.115097 -0.046254 0.460779 
0.000000 0.000000 0.000000 -0.066328 0.010258 -0.033455 -0.249487 -0.324903 0.153245 -0.104515 -0.291153 0.201107 -0.002647 -0.236600 0.207508 0.073791 -0.181587 0.199880 -0.273010 -0.022940 0.198982 -0.402338 -0.043712 0.344426 -0.541570 -0.090754 0.394309 -0.298327 -0.487999 0.303028 -0.329279 -0.473428 0.435737 -0.351823 -0.431868 0.542309 -0.122926 -0.442549 0.383356 -0.163165 -0.358509 0.515427 -0.194676 -0.249236 0.590964 -0.040519 -0.314019 0.400603 -0.092971 -0.223966 0.510740 -0.130449 -0.097408 0.539833 0.008728 -0.204671 0.360567 -0.053253 -0.138250 0.439547 -0.094141 -0.030872 0.438384 
0.000000 0.000000 0.000000 -0.066216 0.008838 -0.034077 -0.236251 -0.343332 0.132659 -0.093779 -0.305348 0.184676 0.005300 -0.246533 0.195549 0.079173 -0.187735 0.191985 -0.269217 -0.055506 0.195045 -0.396241 -0.095768 0.338415 -0.529480 -0.161773 0.382885 -0.273694 -0.500580 0.291692 -0.300052 -0.475683 0.423856 -0.319411 -0.423011 0.526052 -0.111720 -0.430207 0.386078 -0.147906 -0.321316 0.499912 -0.175468 -0.199534 0.555128 -0.039242 -0.302066 0.394662 -0.087933 -0.191665 0.486486 -0.117505 -0.060041 0.494773 0.018410 -0.209436 0.354537 -0.040811 -0.126577 0.418713 -0.076598 -0.018286 0.404738 
0.000000 0.000000 0.000000 -0.067314 0.010139 -0.031464 -0.227644 -0.355143 0.115506 -0.084197 -0.318643 0.165877 0.014379 -0.259210 0.177904 0.087332 -0.199190 0.176260 -0.252834 -0.077429 0.204672 -0.368920 -0.132224 0.352431 -0.493791 -0.209382 0.402838 -0.256071 -0.514949 0.273854 -0.273948 -0.476777 0.404259 -0.286149 -0.413619 0.501497 -0.103563 -0.428361 0.375785 -0.134583 -0.306112 0.476868 -0.156985 -0.178023 0.518467 -0.031322 -0.303947 0.379457 -0.073491 -0.181936 0.458993 -0.095211 -0.048626 0.454022 0.030657 -0.212456 0.341179 -0.024092 -0.122269 0.399146 -0.054846 -0.014177 0.375199 
0.000000 0.000000 0.000000 -0.068290 0.010687 -0.029089 -0.222958 -0.358721 0.113574 -0.078109 -0.322988 0.160358 0.020631 -0.263529 0.170801 0.093333 -0.203231 0.168397 -0.231909 -0.082719 0.220612 -0.334291 -0.141166 0.376859 -0.454072 -0.220334 0.435780 -0.246667 -0.522807 0.268280 -0.260165 -0.479678 0.397662 -0.269107 -0.415037 0.494278 -0.092763 -0.424212 0.374866 -0.119548 -0.295953 0.469506 -0.138872 -0.164474 0.500799 -0.017362 -0.298227 0.375902 -0.054060 -0.169950 0.447937 -0.072803 -0.037025 0.432202 0.045616 -0.210513 0.336493 -0.004898 -0.113925 0.387583 -0.034789 -0.007144 0.357457 
0.000000 0.000000 0.000000 -0.068075 0.009959 -0.029841 -0.221013 -0.360115 0.112963 -0.076969 -0.322909 0.161067 0.021140 -0.262547 0.172246 0.093339 -0.201631 0.170306 -0.211807 -0.088373 0.230002 -0.301745 -0.149903 0.392595 -0.404527 -0.239433 0.466804 -0.246642 -0.503951 0.286383 -0.259069 -0.456984 0.414530 -0.266635 -0.387631 0.507943 -0.088667 -0.415347 0.379683 -0.115835 -0.285522 0.472052 -0.135681 -0.152076 0.492970 -0.018428 -0.293333 0.377673 -0.056251 -0.163022 0.445343 -0.074935 -0.030849 0.424144 0.046405 -0.203643 0.338768 -0.004241 -0.106145 0.387965 -0.034683 -0.000413 0.354840 
0.000000 0.000000 0.000000 -0.067697 0.008741 -0.031058 -0.216632 -0.363874 0.109346 -0.074144 -0.324112 0.159973 0.022675 -0.262027 0.172841 0.093816 -0.199852 0.172130 -0.196277 -0.090954 0.236102 -0.276734 -0.153336 0.403273 -0.367449 -0.247222 0.487196 -0.246670 -0.505652 0.283750 -0.259455 -0.458770 0.411894 -0.266781 -0.390519 0.506134 -0.084121 -0.424538 0.375123 -0.113378 -0.299645 0.473462 -0.135418 -0.167361 0.499041 -0.013765 -0.299118 0.377805 -0.053799 -0.172896 0.451670 -0.076487 -0.040335 0.438219 0.046422 -0.203874 0.340427 -0.006222 -0.111498 0.396878 -0.040500 -0.004908 0.371058 
0.000000 0.000000 0.000000 -0.067358 0.007158 -0.032180 -0.212867 -0.364966 0.113038 -0.071727 -0.322160 0.164941 0.023978 -0.258415 0.178025 0.094207 -0.195213 0.177166 -0.193662 -0.090362 0.236861 -0.272695 -0.151384 0.405210 -0.359870 -0.245295 0.492778 -0.248451 -0.504991 0.287815 -0.263014 -0.459403 0.416235 -0.270799 -0.390154 0.509707 -0.082270 -0.426370 0.378257 -0.113562 -0.305594 0.481011 -0.137474 -0.174818 0.512081 -0.011440 -0.300065 0.382291 -0.055161 -0.178893 0.462269 -0.082110 -0.046694 0.454191 0.045398 -0.204151 0.344868 -0.011136 -0.115773 0.403900 -0.050369 -0.009700 0.383596 
0.000000 0.000000 0.000000 -0.066371 0.004441 -0.034627 -0.207622 -0.366622 0.117354 -0.069431 -0.318648 0.172569 0.024181 -0.252108 0.186823 0.092832 -0.187191 0.186314 -0.196208 -0.086329 0.235095 -0.277450 -0.143127 0.403869 -0.358487 -0.236454 0.497730 -0.250071 -0.501571 0.294574 -0.270891 -0.458855 0.423119 -0.282569 -0.386436 0.513740 -0.086498 -0.427367 0.383196 -0.121412 -0.308825 0.487376 -0.146717 -0.178864 0.520677 -0.016977 -0.300837 0.388430 -0.068457 -0.183606 0.469656 -0.100057 -0.052379 0.462655 0.040515 -0.203578 0.352388 -0.021816 -0.120578 0.413355 -0.065621 -0.016038 0.394497 
0.000000 0.000000 0.000000 -0.065429 0.003583 -0.036470 -0.209231 -0.365607 0.117661 -0.072778 -0.316128 0.175794 0.020145 -0.248948 0.191482 0.088521 -0.183741 0.191767 -0.203297 -0.080510 0.231424 -0.289565 -0.133131 0.399054 -0.364580 -0.225505 0.498687 -0.257430 -0.499761 0.294013 -0.282162 -0.451304 0.419799 -0.296842 -0.376766 0.508240 -0.097382 -0.425461 0.385354 -0.132706 -0.306850 0.489316 -0.156454 -0.176752 0.523225 -0.026145 -0.300149 0.391355 -0.079979 -0.184115 0.472773 -0.111571 -0.052863 0.466219 0.030402 -0.201720 0.355734 -0.034221 -0.120428 0.416618 -0.078089 -0.015763 0.398623 
0.000000 0.000000 0.000000 -0.063958 0.002717 -0.039063 -0.210936 -0.366148 0.112836 -0.077275 -0.315035 0.175838 0.014438 -0.246968 0.194537 0.082249 -0.181216 0.196893 -0.208127 -0.075349 0.227334 -0.298339 -0.124197 0.394028 -0.370313 -0.215210 0.497097 -0.265285 -0.492939 0.292809 -0.294908 -0.446509 0.418303 -0.312915 -0.371460 0.505691 -0.111710 -0.425490 0.383415 -0.146978 -0.309373 0.490174 -0.168236 -0.179616 0.526924 -0.036406 -0.302920 0.392016 -0.091730 -0.188784 0.475100 -0.123002 -0.057337 0.471660 0.018269 -0.203175 0.358171 -0.047733 -0.124174 0.420572 -0.090701 -0.018628 0.405843 
0.000000 0.000000 0.000000 -0.063600 0.004563 -0.039474 -0.221374 -0.360792 0.110061 -0.086822 -0.313490 0.174135 0.006546 -0.247963 0.193695 0.076069 -0.184053 0.196746 -0.213586 -0.069304 0.224901 -0.307438 -0.115525 0.390329 -0.377674 -0.205176 0.495764 -0.282788 -0.491058 0.285215 -0.316122 -0.443686 0.409420 -0.336400 -0.368708 0.496369 -0.132744 -0.430588 0.375763 -0.165179 -0.315992 0.485034 -0.181554 -0.187558 0.528346 -0.050633 -0.308599 0.388033 -0.105506 -0.198380 0.476529 -0.134473 -0.066415 0.480304 0.004982 -0.205654 0.355069 -0.061069 -0.133833 0.425571 -0.102589 -0.026932 0.418409 
0.000000 0.000000 0.000000 -0.063371 0.006601 -0.039553 -0.232241 -0.354393 0.108445 -0.096440 -0.311360 0.172891 -0.001186 -0.248723 0.192825 0.070212 -0.186932 0.196209 -0.218101 -0.063597 0.223082 -0.314921 -0.107522 0.387421 -0.385491 -0.195067 0.494391 -0.297975 -0.486609 0.280544 -0.335876 -0.440441 0.403890 -0.359514 -0.365395 0.489927 -0.152629 -0.434796 0.368035 -0.183821 -0.325805 0.483241 -0.197222 -0.200504 0.535773 -0.066367 -0.314723 0.382849 -0.123363 -0.212906 0.479677 -0.150893 -0.081024 0.490503 -0.010619 -0.204853 0.350259 -0.078656 -0.148134 0.431776 -0.120540 -0.041150 0.433628 
0.000000 0.000000 0.000000 -0.062780 0.008303 -0.040169 -0.242394 -0.348444 0.105460 -0.106177 -0.309044 0.171335 -0.009540 -0.248924 0.192333 0.063394 -0.189006 0.196543 -0.215902 -0.055734 0.224971 -0.311715 -0.095803 0.390879 -0.380501 -0.180879 0.500959 -0.309920 -0.480651 0.276872 -0.351899 -0.438736 0.400415 -0.378988 -0.364957 0.486531 -0.168502 -0.442311 0.357962 -0.198970 -0.342958 0.481757 -0.211815 -0.224855 0.549033 -0.080615 -0.326202 0.375882 -0.140238 -0.234753 0.481109 -0.167991 -0.104240 0.502656 -0.020235 -0.212107 0.348394 -0.089614 -0.165094 0.434809 -0.135808 -0.060807 0.448716 
0.000000 0.000000 0.000000 -0.062007 0.009385 -0.041122 -0.251306 -0.342495 0.104078 -0.115230 -0.305595 0.171671 -0.017635 -0.247422 0.193694 0.056502 -0.189052 0.198590 -0.214484 -0.046906 0.226139 -0.309894 -0.082129 0.393373 -0.378429 -0.164090 0.505944 -0.319535 -0.476949 0.273452 -0.363447 -0.435488 0.396475 -0.392754 -0.363556 0.483424 -0.183738 -0.445515 0.351124 -0.217172 -0.351966 0.478620 -0.232066 -0.238528 0.553115 -0.094424 -0.330175 0.372493 -0.157104 -0.245093 0.481227 -0.186258 -0.116301 0.510052 -0.031537 -0.214315 0.347578 -0.103036 -0.176408 0.436697 -0.153390 -0.075560 0.458998 
0.000000 0.000000 0.000000 -0.061826 0.011550 -0.040842 -0.263054 -0.332950 0.106006 -0.125401 -0.300882 0.172863 -0.025651 -0.246248 0.194294 0.050577 -0.190597 0.198711 -0.215524 -0.040345 0.226609 -0.311698 -0.072818 0.393963 -0.381452 -0.151902 0.507836 -0.332083 -0.470605 0.272458 -0.377001 -0.428925 0.395043 -0.407892 -0.359849 0.483741 -0.202166 -0.446122 0.344581 -0.237556 -0.357332 0.474922 -0.252045 -0.246182 0.552864 -0.109658 -0.332508 0.368121 -0.175022 -0.252052 0.478779 -0.204729 -0.124986 0.513990 -0.046226 -0.208637 0.343245 -0.119632 -0.185701 0.435856 -0.171703 -0.087017 0.463301 
0.000000 0.000000 0.000000 -0.061355 0.014055 -0.040767 -0.276607 -0.321424 0.107076 -0.137619 -0.295030 0.173653 -0.035631 -0.244586 0.194819 0.042870 -0.192172 0.199005 -0.215378 -0.031890 0.227584 -0.311756 -0.060639 0.395501 -0.381599 -0.136183 0.511698 -0.349903 -0.458651 0.272051 -0.396423 -0.418176 0.394442 -0.428399 -0.350794 0.484054 -0.221129 -0.443505 0.339351 -0.257808 -0.358566 0.471882 -0.272385 -0.250556 0.554105 -0.123357 -0.334478 0.364928 -0.189203 -0.254499 0.475646 -0.219096 -0.128900 0.515638 -0.058911 -0.206275 0.340525 -0.133489 -0.190642 0.433718 -0.186692 -0.093911 0.465591 
0.000000 0.000000 0.000000 -0.060748 0.015816 -0.041029 -0.287296 -0.311538 0.108144 -0.147700 -0.289320 0.174974 -0.044171 -0.242121 0.196144 0.035996 -0.192285 0.200254 -0.212701 -0.021038 0.229892 -0.307783 -0.044098 0.399417 -0.374657 -0.117377 0.518769 -0.362856 -0.445776 0.274551 -0.408942 -0.404721 0.396914 -0.440496 -0.338088 0.487233 -0.235782 -0.436347 0.339593 -0.270946 -0.351059 0.472311 -0.284784 -0.245654 0.557971 -0.136695 -0.327226 0.366174 -0.202329 -0.248466 0.477888 -0.230542 -0.123192 0.520058 -0.067113 -0.201308 0.341227 -0.141215 -0.187909 0.435145 -0.193951 -0.091891 0.469824 
0.000000 0.000000 0.000000 -0.060496 0.019008 -0.040035 -0.301538 -0.295923 0.113113 -0.159880 -0.281120 0.177616 -0.053665 -0.239462 0.197039 0.029081 -0.193934 0.199787 -0.211559 -0.010837 0.232244 -0.306085 -0.029512 0.402617 -0.372314 -0.099949 0.524023 -0.382184 -0.428506 0.278456 -0.426767 -0.385034 0.400541 -0.456687 -0.319312 0.492075 -0.256167 -0.426454 0.339113 -0.291814 -0.344829 0.473988 -0.303881 -0.241044 0.561865 -0.152825 -0.323629 0.363763 -0.216221 -0.246557 0.477919 -0.239520 -0.122185 0.525424 -0.075976 -0.190160 0.339555 -0.148289 -0.187562 0.435760 -0.199499 -0.092371 0.474739 
0.000000 0.000000 0.000000 -0.060699 0.022462 -0.037881 -0.312668 -0.280903 0.120923 -0.168403 -0.274013 0.180816 -0.059590 -0.238078 0.197013 0.025457 -0.196917 0.197349 -0.205936 -0.002239 0.238058 -0.296816 -0.017695 0.410723 -0.359837 -0.087704 0.534068 -0.398556 -0.410622 0.285897 -0.438627 -0.364533 0.408584 -0.463779 -0.298662 0.501437 -0.267185 -0.419622 0.340549 -0.297607 -0.339067 0.477334 -0.305953 -0.238711 0.569520 -0.160223 -0.323082 0.362425 -0.217498 -0.246782 0.480275 -0.234642 -0.124178 0.534519 -0.076136 -0.192759 0.339643 -0.146065 -0.189897 0.437587 -0.195217 -0.096518 0.483059 
0.000000 0.000000 0.000000 -0.060387 0.025937 -0.036120 -0.322822 -0.268119 0.123242 -0.177123 -0.269028 0.179968 -0.066413 -0.238499 0.194303 0.020462 -0.201362 0.193405 -0.201806 0.002103 0.241871 -0.290297 -0.012811 0.415820 -0.343312 -0.091160 0.538855 -0.415890 -0.401338 0.281391 -0.453082 -0.354020 0.404516 -0.474811 -0.288926 0.498770 -0.282749 -0.420609 0.329437 -0.313564 -0.344638 0.468732 -0.319443 -0.245652 0.562576 -0.168678 -0.328690 0.355924 -0.225371 -0.259299 0.478242 -0.241298 -0.140099 0.539932 -0.080436 -0.201551 0.336254 -0.149886 -0.201682 0.434580 -0.199497 -0.112312 0.487067 
0.000000 0.000000 0.000000 -0.059121 0.027512 -0.037037 -0.332097 -0.258056 0.120038 -0.187253 -0.262932 0.178718 -0.075902 -0.235566 0.194407 0.012022 -0.200972 0.194517 -0.208544 0.007834 0.237065 -0.302044 -0.004480 0.408579 -0.350113 -0.086446 0.531289 -0.435384 -0.389326 0.273401 -0.475961 -0.341019 0.395065 -0.499032 -0.274695 0.488134 -0.305125 -0.417477 0.315453 -0.341852 -0.346018 0.455701 -0.346675 -0.245789 0.548276 -0.180494 -0.328706 0.352833 -0.240607 -0.262553 0.475312 -0.258718 -0.144215 0.538050 -0.091354 -0.202797 0.335572 -0.162509 -0.204054 0.432663 -0.214012 -0.116151 0.485801 
0.000000 0.000000 0.000000 -0.057663 0.027303 -0.039414 -0.337671 -0.254053 0.112810 -0.194902 -0.258926 0.176374 -0.083953 -0.232020 0.195358 0.004151 -0.197983 0.197880 -0.217881 0.012160 0.228816 -0.318135 0.002685 0.396657 -0.369430 -0.077612 0.519164 -0.447728 -0.380041 0.265893 -0.492206 -0.331035 0.385903 -0.519571 -0.267034 0.479434 -0.320226 -0.410436 0.309839 -0.362903 -0.337944 0.447854 -0.370814 -0.236611 0.539005 -0.195209 -0.320975 0.351637 -0.260292 -0.252689 0.470346 -0.282813 -0.134941 0.532767 -0.103937 -0.190650 0.335173 -0.178337 -0.185602 0.429674 -0.234174 -0.099552 0.481450 
0.000000 0.000000 0.000000 -0.057453 0.027129 -0.039837 -0.336088 -0.259447 0.104989 -0.194133 -0.263459 0.170408 -0.083776 -0.235496 0.191231 0.003874 -0.200460 0.195376 -0.227010 0.006474 0.222212 -0.333108 -0.006451 0.386186 -0.394858 -0.082953 0.506274 -0.448419 -0.387339 0.254807 -0.494188 -0.339742 0.374897 -0.524410 -0.280506 0.470662 -0.318104 -0.413938 0.306282 -0.360704 -0.336855 0.441811 -0.371436 -0.235402 0.532539 -0.201139 -0.320451 0.345252 -0.267811 -0.247381 0.460171 -0.293672 -0.131391 0.524557 -0.106300 -0.191267 0.330888 -0.182135 -0.184939 0.424163 -0.240819 -0.101030 0.476303 
0.000000 0.000000 0.000000 -0.057490 0.024802 -0.041275 -0.327742 -0.273083 0.096442 -0.187439 -0.271363 0.165427 -0.078879 -0.238936 0.189034 0.007133 -0.200351 0.195396 -0.234927 0.001065 0.215238 -0.345955 -0.013787 0.375748 -0.416105 -0.087670 0.492826 -0.440950 -0.402446 0.244324 -0.488439 -0.359626 0.365540 -0.521051 -0.305787 0.463678 -0.307475 -0.419392 0.307388 -0.350996 -0.338809 0.440568 -0.365343 -0.236928 0.530310 -0.195819 -0.323705 0.343479 -0.266099 -0.253944 0.458304 -0.298881 -0.141866 0.526362 -0.102900 -0.194411 0.331203 -0.178639 -0.190322 0.424682 -0.241419 -0.111013 0.479197 
0.000000 0.000000 0.000000 -0.057779 0.023182 -0.041809 -0.319891 -0.283991 0.091155 -0.180516 -0.278171 0.161778 -0.073331 -0.242417 0.186823 0.011318 -0.201133 0.194393 -0.241848 -0.006083 0.209405 -0.357027 -0.024396 0.366598 -0.426425 -0.101480 0.482048 -0.443549 -0.416457 0.227469 -0.494188 -0.373742 0.347440 -0.530655 -0.324012 0.446385 -0.297765 -0.430322 0.301697 -0.346971 -0.349250 0.432581 -0.368882 -0.249107 0.522751 -0.189774 -0.330292 0.339901 -0.264393 -0.262335 0.453059 -0.305222 -0.154476 0.523540 -0.100020 -0.199120 0.329248 -0.176657 -0.197734 0.422071 -0.244443 -0.121595 0.475090 
0.000000 0.000000 0.000000 -0.057522 0.020055 -0.043736 -0.308504 -0.298440 0.083957 -0.171795 -0.285373 0.158701 -0.067269 -0.244298 0.186653 0.015027 -0.198918 0.196410 -0.249110 -0.017306 0.200690 -0.368994 -0.040684 0.353637 -0.434874 -0.123186 0.467391 -0.444465 -0.433571 0.205095 -0.500606 -0.393908 0.323658 -0.541931 -0.348330 0.422693 -0.278439 -0.444548 0.299288 -0.336522 -0.365240 0.427589 -0.367359 -0.264198 0.514071 -0.179882 -0.338920 0.338570 -0.258544 -0.272420 0.449840 -0.304857 -0.165286 0.517996 -0.095113 -0.202731 0.332208 -0.170924 -0.205356 0.425680 -0.238779 -0.123395 0.469054 
0.000000 0.000000 0.000000 -0.057733 0.017672 -0.044480 -0.295189 -0.313469 0.076750 -0.160423 -0.294560 0.153740 -0.058416 -0.248806 0.183656 0.021466 -0.199651 0.195064 -0.262098 -0.031861 0.187097 -0.389976 -0.062856 0.332002 -0.450518 -0.153647 0.442359 -0.438239 -0.449399 0.188465 -0.499940 -0.413696 0.305513 -0.546476 -0.372548 0.404176 -0.249158 -0.462035 0.297102 -0.316930 -0.383485 0.421043 -0.357070 -0.278500 0.498542 -0.164305 -0.351214 0.335359 -0.246548 -0.285350 0.444394 -0.296192 -0.175761 0.505989 -0.080947 -0.219009 0.335503 -0.158404 -0.208195 0.427017 -0.224910 -0.120637 0.460389 
0.000000 0.000000 0.000000 -0.057986 0.014779 -0.045201 -0.276995 -0.331576 0.067981 -0.144833 -0.305666 0.147408 -0.046239 -0.254292 0.179565 0.030357 -0.200601 0.192896 -0.274503 -0.055555 0.169321 -0.409985 -0.099566 0.303555 -0.461325 -0.200672 0.409520 -0.418092 -0.472065 0.176492 -0.482654 -0.437199 0.292243 -0.531924 -0.396697 0.389840 -0.216316 -0.481054 0.290948 -0.295443 -0.405267 0.409775 -0.345974 -0.297633 0.476864 -0.143867 -0.362655 0.332667 -0.232035 -0.296168 0.436574 -0.287835 -0.184193 0.487721 -0.070733 -0.231441 0.332237 -0.153126 -0.212773 0.417993 -0.222387 -0.124935 0.444273 
0.000000 0.000000 0.000000 -0.057349 0.010190 -0.047235 -0.252948 -0.351722 0.059994 -0.125988 -0.315577 0.143789 -0.032794 -0.256720 0.179069 0.038953 -0.197279 0.194769 -0.288755 -0.056457 0.152405 -0.412213 -0.130986 0.284747 -0.459728 -0.237425 0.387217 -0.386939 -0.496186 0.172228 -0.453871 -0.462397 0.286947 -0.505185 -0.421376 0.383266 -0.185468 -0.491016 0.292644 -0.271856 -0.415249 0.406316 -0.330496 -0.307349 0.465965 -0.123211 -0.367249 0.335024 -0.216660 -0.299422 0.433296 -0.279249 -0.187557 0.476156 -0.055632 -0.241171 0.335174 -0.142218 -0.212213 0.413631 -0.215162 -0.126036 0.434980 
0.000000 0.000000 0.000000 -0.057672 0.006086 -0.047547 -0.223761 -0.371940 0.053686 -0.100742 -0.326642 0.138900 -0.012908 -0.260836 0.175625 0.053636 -0.195946 0.192612 -0.270601 -0.100220 0.155447 -0.403839 -0.166739 0.282467 -0.449380 -0.278359 0.380211 -0.348642 -0.519652 0.172033 -0.415526 -0.494102 0.288891 -0.465723 -0.455208 0.386669 -0.151151 -0.499994 0.293440 -0.238705 -0.424172 0.406178 -0.299926 -0.315715 0.462110 -0.094163 -0.373026 0.335389 -0.188701 -0.307278 0.434033 -0.254606 -0.196177 0.473796 -0.033870 -0.247738 0.334902 -0.121219 -0.218184 0.412285 -0.197103 -0.134518 0.433371 
0.000000 0.000000 0.000000 -0.059512 0.002310 -0.045573 -0.191412 -0.389708 0.052724 -0.069664 -0.336249 0.134984 0.013792 -0.264279 0.170331 0.075458 -0.194567 0.186603 -0.254792 -0.123416 0.163962 -0.376986 -0.202087 0.295075 -0.422718 -0.318006 0.387585 -0.298330 -0.546843 0.176405 -0.358807 -0.523323 0.297117 -0.404581 -0.485583 0.397484 -0.104731 -0.506259 0.297284 -0.189737 -0.427135 0.409703 -0.252124 -0.318023 0.463009 -0.051185 -0.377825 0.336460 -0.144321 -0.311378 0.435965 -0.213558 -0.201483 0.473345 0.004105 -0.255614 0.334144 -0.082139 -0.225742 0.412635 -0.161830 -0.146033 0.434974 
0.000000 0.000000 0.000000 -0.059494 -0.004238 -0.045458 -0.149060 -0.407469 0.055140 -0.033517 -0.341001 0.136865 0.041918 -0.260424 0.171664 0.095895 -0.184498 0.187445 -0.233771 -0.144821 0.172968 -0.342823 -0.232789 0.309645 -0.385960 -0.352106 0.399029 -0.236415 -0.570531 0.186290 -0.293745 -0.548789 0.308857 -0.338048 -0.510477 0.409666 -0.052783 -0.503396 0.309293 -0.140345 -0.424726 0.420057 -0.208989 -0.317508 0.469368 -0.005066 -0.370575 0.345942 -0.100136 -0.301499 0.441760 -0.176876 -0.195211 0.474652 0.043616 -0.251056 0.340491 -0.045140 -0.214917 0.413344 -0.130447 -0.140736 0.433913 
0.000000 0.000000 0.000000 -0.059467 -0.010453 -0.044479 -0.107824 -0.419472 0.060890 0.001896 -0.341278 0.140226 0.069633 -0.253406 0.173156 0.116186 -0.172438 0.187449 -0.206442 -0.160197 0.187516 -0.298409 -0.253897 0.332683 -0.330913 -0.375604 0.423334 -0.166455 -0.584217 0.205256 -0.218603 -0.566532 0.330755 -0.260654 -0.525555 0.431481 0.005994 -0.498151 0.318686 -0.080028 -0.421652 0.432144 -0.153451 -0.318926 0.484065 0.046309 -0.362989 0.352492 -0.049114 -0.294476 0.448362 -0.132802 -0.194027 0.482629 0.081819 -0.242575 0.343929 -0.007306 -0.207095 0.416656 -0.096838 -0.138911 0.439854 
0.000000 0.000000 0.000000 -0.059347 -0.016443 -0.042795 -0.070202 -0.425667 0.071903 0.034205 -0.336708 0.146953 0.094916 -0.242697 0.176452 0.134695 -0.157773 0.187979 -0.177366 -0.160473 0.208548 -0.251215 -0.250597 0.365822 -0.276354 -0.369619 0.462199 -0.099554 -0.589674 0.225721 -0.147345 -0.569678 0.352600 -0.189083 -0.521016 0.449981 0.057183 -0.486364 0.330118 -0.025545 -0.417178 0.450509 -0.102412 -0.322345 0.511644 0.093487 -0.345376 0.361300 0.001305 -0.283156 0.464362 -0.087727 -0.190631 0.506559 0.118395 -0.225633 0.348339 0.032602 -0.196424 0.427571 -0.060628 -0.135914 0.456725 
0.000000 0.000000 0.000000 -0.056822 -0.023733 -0.042800 -0.024955 -0.428892 0.081973 0.068589 -0.327477 0.155537 0.118598 -0.226818 0.183124 0.148946 -0.137867 0.192818 -0.146739 -0.159283 0.224384 -0.203002 -0.244101 0.391571 -0.221751 -0.358135 0.495164 -0.022922 -0.583129 0.248186 -0.066023 -0.559206 0.376061 -0.109559 -0.501585 0.467591 0.112360 -0.466665 0.343114 0.031293 -0.401632 0.466902 -0.048832 -0.315800 0.536560 0.134956 -0.322887 0.370785 0.043343 -0.263261 0.475869 -0.049629 -0.180266 0.528176 0.156926 -0.201688 0.355451 0.069935 -0.172554 0.433394 -0.026593 -0.122417 0.470431 
0.000000 0.000000 0.000000 -0.055306 -0.029318 -0.041299 0.012101 -0.427529 0.091448 0.098008 -0.317081 0.161219 0.139887 -0.212029 0.185800 0.162873 -0.120672 0.193085 -0.118587 -0.144042 0.242744 -0.158183 -0.215829 0.420480 -0.166824 -0.321999 0.533351 0.029280 -0.559748 0.274869 -0.004676 -0.537118 0.405700 -0.047153 -0.471473 0.492185 0.158075 -0.440700 0.355087 0.086007 -0.375645 0.484310 0.010277 -0.294275 0.563577 0.169836 -0.291400 0.379493 0.086674 -0.235116 0.493102 -0.004214 -0.158543 0.557478 0.189486 -0.176394 0.356710 0.108073 -0.149998 0.441366 0.013179 -0.106837 0.489691 
0.000000 0.000000 0.000000 -0.058961 -0.032726 -0.032809 0.024991 -0.418177 0.125674 0.116591 -0.302192 0.176703 0.159848 -0.195432 0.187886 0.182671 -0.103790 0.185013 -0.089837 -0.116349 0.267024 -0.109157 -0.168675 0.454641 -0.105865 -0.258535 0.581137 0.064419 -0.532441 0.317531 0.038938 -0.493145 0.446328 0.000002 -0.417038 0.525605 0.189619 -0.418331 0.370747 0.131234 -0.343364 0.501498 0.068494 -0.259496 0.589071 0.213045 -0.264715 0.380457 0.140366 -0.199466 0.496437 0.059157 -0.122378 0.572138 0.230984 -0.151046 0.346317 0.158515 -0.121901 0.437915 0.069990 -0.079798 0.497862 
0.000000 0.000000 0.000000 -0.059615 -0.035694 -0.028212 0.037044 -0.408489 0.151839 0.128537 -0.288041 0.191436 0.170349 -0.180151 0.193837 0.191461 -0.088580 0.184031 -0.073126 -0.087368 0.279998 -0.081581 -0.119702 0.472856 -0.068595 -0.193944 0.608526 0.083245 -0.502592 0.352911 0.061683 -0.452380 0.478593 0.024355 -0.369593 0.551709 0.212159 -0.398213 0.384682 0.161208 -0.310757 0.510698 0.107872 -0.222727 0.600394 0.234185 -0.246104 0.384334 0.168754 -0.175247 0.501334 0.095944 -0.096894 0.583963 0.257615 -0.120539 0.342740 0.187173 -0.083189 0.432930 0.104084 -0.039645 0.499287 
0.000000 0.000000 0.000000 -0.059759 -0.038857 -0.023300 0.052710 -0.395993 0.178050 0.142689 -0.271124 0.205594 0.181927 -0.162452 0.198892 0.200418 -0.071354 0.181968 -0.059233 -0.071792 0.287765 -0.058904 -0.092401 0.482409 -0.037864 -0.152808 0.623813 0.111854 -0.481466 0.379585 0.090383 -0.416283 0.498212 0.052773 -0.327447 0.563686 0.221984 -0.379729 0.401532 0.177430 -0.290389 0.528646 0.128679 -0.198663 0.617241 0.261649 -0.230043 0.382712 0.200461 -0.152206 0.497551 0.134922 -0.072459 0.584804 0.280442 -0.110371 0.332501 0.213406 -0.069473 0.423741 0.134896 -0.022975 0.493578 
0.000000 0.000000 0.000000 -0.061157 -0.040016 -0.016806 0.060224 -0.380863 0.206413 0.152256 -0.255076 0.218842 0.191660 -0.147689 0.201248 0.209693 -0.058437 0.176026 -0.046326 -0.049648 0.295498 -0.037046 -0.055675 0.490917 -0.011222 -0.102337 0.636665 0.128417 -0.454114 0.409893 0.110194 -0.379156 0.523169 0.074069 -0.285271 0.582107 0.238837 -0.355800 0.415902 0.195994 -0.252345 0.532462 0.152927 -0.155999 0.619076 0.282695 -0.214457 0.380045 0.229220 -0.131382 0.495066 0.172478 -0.049374 0.586297 0.300607 -0.095449 0.320771 0.237510 -0.047646 0.411463 0.164942 0.003688 0.484276 
0.000000 0.000000 0.000000 -0.063096 -0.039168 -0.010423 0.059470 -0.364608 0.234125 0.155697 -0.241398 0.231566 0.197301 -0.137189 0.203219 0.216644 -0.050944 0.169827 -0.037518 -0.029410 0.301180 -0.021512 -0.023305 0.496162 0.005468 -0.057783 0.645058 0.131816 -0.425344 0.440274 0.116508 -0.337777 0.544580 0.084828 -0.238847 0.597518 0.235513 -0.335863 0.434495 0.198639 -0.222042 0.543167 0.163942 -0.120946 0.628109 0.294472 -0.201538 0.379658 0.243912 -0.107231 0.487085 0.195850 -0.020669 0.579091 0.315277 -0.088399 0.309308 0.257722 -0.033126 0.399438 0.191888 0.024521 0.473909 
0.000000 0.000000 0.000000 -0.064658 -0.037504 -0.006055 0.056321 -0.353377 0.251482 0.156286 -0.233819 0.238832 0.200137 -0.132748 0.203395 0.220992 -0.049119 0.164684 -0.032151 -0.005248 0.303378 -0.011811 0.014936 0.497002 0.009499 -0.012526 0.648258 0.123839 -0.406832 0.461253 0.113722 -0.313459 0.561058 0.089670 -0.211947 0.613117 0.232189 -0.305848 0.452198 0.196256 -0.179126 0.545872 0.168334 -0.075274 0.629982 0.294250 -0.188237 0.384440 0.245676 -0.084775 0.484074 0.203861 0.006226 0.574839 0.324051 -0.078233 0.302950 0.266467 -0.014600 0.387367 0.206010 0.048180 0.462245 
0.000000 0.000000 0.000000 -0.064491 -0.037854 -0.005644 0.058757 -0.351571 0.253447 0.158101 -0.231609 0.239789 0.201358 -0.130541 0.203618 0.221696 -0.047048 0.164343 -0.025021 -0.003986 0.302806 -0.000322 0.017207 0.495814 0.015835 -0.009745 0.647798 0.128046 -0.407592 0.461968 0.121560 -0.309116 0.557060 0.106753 -0.211044 0.618345 0.226487 -0.305505 0.455050 0.194678 -0.174617 0.544387 0.172419 -0.071018 0.630474 0.301346 -0.188709 0.380628 0.255149 -0.080244 0.475981 0.218686 0.012675 0.567110 0.328281 -0.088732 0.296586 0.270579 -0.020797 0.377496 0.214728 0.044384 0.453885 
0.000000 0.000000 0.000000 -0.064872 -0.037325 -0.004732 0.059151 -0.351621 0.253287 0.159300 -0.232512 0.238116 0.202917 -0.131869 0.201200 0.223430 -0.048614 0.161514 -0.014384 -0.008767 0.302647 0.017208 0.009103 0.494985 0.029959 -0.020535 0.646793 0.123265 -0.419787 0.459837 0.121060 -0.326894 0.560575 0.115160 -0.239784 0.637842 0.232839 -0.301275 0.453378 0.205365 -0.171221 0.545333 0.187776 -0.069506 0.634686 0.300683 -0.193764 0.378188 0.256005 -0.083486 0.472174 0.221114 0.010651 0.562667 0.332229 -0.090900 0.291748 0.274714 -0.021006 0.371109 0.220521 0.045409 0.447630 
0.000000 0.000000 0.000000 -0.065421 -0.036427 -0.004124 0.057557 -0.353790 0.250619 0.159101 -0.235948 0.234846 0.203605 -0.135693 0.197936 0.224743 -0.052499 0.158448 -0.018659 -0.015642 0.304465 0.010603 -0.002637 0.497560 0.024731 -0.034334 0.648830 0.113188 -0.441182 0.452332 0.115869 -0.358284 0.561433 0.117418 -0.285692 0.652652 0.223291 -0.318362 0.448299 0.199614 -0.187331 0.539922 0.187031 -0.090247 0.635084 0.291102 -0.213885 0.373845 0.253087 -0.108548 0.476069 0.220024 -0.015559 0.568417 0.321657 -0.101711 0.295459 0.260767 -0.028981 0.369582 0.207993 0.037501 0.447029 