76
0.000000 0.000000 0.000000 -0.068489 0.014380 -0.026952 -0.230595 -0.359546 0.094037 -0.083996 -0.330803 0.140183 0.016507 -0.274769 0.152563 0.090777 -0.216363 0.152701 -0.274613 -0.083037 0.187219 -0.403592 -0.143995 0.321233 -0.485082 -0.242345 0.409400 -0.283289 -0.514192 0.251289 -0.314638 -0.460079 0.373236 -0.338157 -0.397786 0.468942 -0.137792 -0.448880 0.339277 -0.176715 -0.308373 0.409044 -0.191690 -0.172670 0.409038 -0.047557 -0.323713 0.348047 -0.095389 -0.191600 0.405046 -0.112466 -0.059747 0.380733 0.023758 -0.197624 0.313149 -0.035544 -0.100817 0.353187 -0.071204 0.003022 0.319293 
0.000000 0.000000 0.000000 -0.068933 0.014585 -0.025680 -0.230405 -0.358006 0.100178 -0.082802 -0.329755 0.143328 0.018186 -0.274147 0.153489 0.092718 -0.216097 0.151910 -0.265679 -0.076279 0.199888 -0.388789 -0.133136 0.341035 -0.470008 -0.227998 0.433184 -0.278547 -0.515901 0.255650 -0.304277 -0.461963 0.378982 -0.322312 -0.396214 0.473560 -0.129559 -0.438973 0.349143 -0.163681 -0.296698 0.417832 -0.176580 -0.160847 0.413664 -0.040974 -0.312283 0.352887 -0.084174 -0.178901 0.410626 -0.097652 -0.047958 0.379958 0.030097 -0.189525 0.313027 -0.025202 -0.089897 0.351854 -0.057776 0.013558 0.313919 
0.000000 0.000000 0.000000 -0.069676 0.015651 -0.022896 -0.230677 -0.356429 0.105059 -0.081226 -0.330339 0.142883 0.020725 -0.276003 0.149796 0.095825 -0.218794 0.146006 -0.248109 -0.075225 0.217415 -0.359761 -0.132090 0.367786 -0.435456 -0.227065 0.464414 -0.272563 -0.516765 0.259842 -0.289126 -0.460444 0.383679 -0.298097 -0.386576 0.473436 -0.119262 -0.434166 0.353234 -0.146338 -0.289300 0.419606 -0.155979 -0.153381 0.411102 -0.029715 -0.310475 0.352235 -0.065913 -0.174031 0.407586 -0.075734 -0.044321 0.370886 0.041704 -0.189827 0.309768 -0.008071 -0.086047 0.345032 -0.037895 0.017298 0.304616 
0.000000 0.000000 0.000000 -0.069918 0.015832 -0.022016 -0.229702 -0.356955 0.105404 -0.079821 -0.331184 0.141715 0.022233 -0.276947 0.147825 0.097320 -0.219756 0.143552 -0.244601 -0.078317 0.219786 -0.353906 -0.137230 0.371090 -0.427654 -0.233388 0.468052 -0.266926 -0.513976 0.264712 -0.280280 -0.454950 0.387674 -0.286162 -0.375194 0.472512 -0.111839 -0.433521 0.353791 -0.138435 -0.288402 0.419804 -0.148986 -0.152745 0.408613 -0.025114 -0.310375 0.351183 -0.060412 -0.173468 0.405968 -0.069562 -0.045117 0.364611 0.043855 -0.187910 0.306995 -0.005434 -0.084896 0.345072 -0.034505 0.018029 0.303067 
0.000000 0.000000 0.000000 -0.069663 0.014670 -0.023575 -0.228168 -0.356839 0.109066 -0.079203 -0.328829 0.147430 0.022212 -0.273477 0.154152 0.096823 -0.215659 0.149958 -0.244184 -0.077688 0.219033 -0.353388 -0.135481 0.370840 -0.426647 -0.231962 0.467854 -0.263180 -0.507411 0.274964 -0.279015 -0.447154 0.397031 -0.287607 -0.366541 0.480822 -0.109691 -0.429574 0.360492 -0.138136 -0.285696 0.428423 -0.150661 -0.150101 0.418598 -0.023660 -0.304899 0.358167 -0.059276 -0.166595 0.409100 -0.069454 -0.039060 0.365518 0.044329 -0.182365 0.313428 -0.004794 -0.077727 0.347030 -0.034038 0.024167 0.302696 
0.000000 0.000000 0.000000 -0.069438 0.013769 -0.024753 -0.227376 -0.356129 0.112971 -0.079099 -0.326435 0.152712 0.021877 -0.270317 0.159675 0.096180 -0.212114 0.155332 -0.242234 -0.076501 0.219867 -0.350360 -0.132986 0.372934 -0.421988 -0.229720 0.470907 -0.257129 -0.500243 0.285500 -0.274437 -0.440940 0.407834 -0.284922 -0.358057 0.489159 -0.105941 -0.426284 0.366684 -0.134533 -0.283481 0.436787 -0.148212 -0.147943 0.427749 -0.022391 -0.300905 0.364171 -0.058657 -0.162629 0.414720 -0.069908 -0.035543 0.370103 0.044601 -0.180708 0.319465 -0.004252 -0.074857 0.349468 -0.033532 0.026758 0.304521 
0.000000 0.000000 0.000000 -0.068835 0.012604 -0.026958 -0.226353 -0.357456 0.110816 -0.079680 -0.325446 0.154511 0.020372 -0.268008 0.163716 0.094071 -0.208955 0.160809 -0.237981 -0.076175 0.220741 -0.343821 -0.131727 0.375734 -0.415516 -0.228545 0.473576 -0.251865 -0.495573 0.288841 -0.269142 -0.436300 0.411193 -0.280484 -0.353056 0.492032 -0.104670 -0.419396 0.371359 -0.133787 -0.276407 0.440864 -0.147775 -0.141400 0.426144 -0.024450 -0.295351 0.368550 -0.061099 -0.156194 0.416331 -0.072164 -0.030248 0.368551 0.038469 -0.172241 0.322508 -0.010174 -0.066702 0.353920 -0.036693 0.034277 0.305930 
0.000000 0.000000 0.000000 -0.068719 0.013326 -0.026908 -0.230191 -0.354755 0.111584 -0.083127 -0.324309 0.155084 0.017564 -0.267970 0.164103 0.091911 -0.209743 0.161033 -0.236372 -0.074055 0.222297 -0.341279 -0.128732 0.378233 -0.413537 -0.226405 0.474803 -0.255802 -0.493429 0.289162 -0.271731 -0.431320 0.410285 -0.281908 -0.347638 0.490827 -0.107912 -0.417279 0.372378 -0.136307 -0.272758 0.438952 -0.149327 -0.138200 0.419871 -0.028278 -0.292469 0.369071 -0.064834 -0.152874 0.415630 -0.075201 -0.027619 0.365913 0.033942 -0.169880 0.321148 -0.013989 -0.064585 0.354419 -0.037909 0.036269 0.304827 
0.000000 0.000000 0.000000 -0.068449 0.014221 -0.027137 -0.234823 -0.352330 0.109600 -0.087581 -0.323763 0.153768 0.013735 -0.268651 0.163352 0.088779 -0.211302 0.160751 -0.237234 -0.072621 0.221493 -0.342849 -0.126961 0.377068 -0.415839 -0.224436 0.473286 -0.265548 -0.491772 0.285759 -0.279989 -0.427667 0.406025 -0.288218 -0.345051 0.487878 -0.113721 -0.418717 0.370043 -0.140892 -0.274581 0.437948 -0.152076 -0.140085 0.417328 -0.032860 -0.294841 0.367942 -0.068071 -0.154855 0.414365 -0.077085 -0.029187 0.365432 0.028725 -0.172379 0.320328 -0.018651 -0.067298 0.355040 -0.040557 0.034318 0.306076 
0.000000 0.000000 0.000000 -0.068219 0.015418 -0.027062 -0.240115 -0.349456 0.107312 -0.092477 -0.323379 0.151694 0.009651 -0.269856 0.161651 0.085547 -0.213623 0.159430 -0.236951 -0.072445 0.221244 -0.342533 -0.127424 0.376618 -0.418513 -0.224093 0.471323 -0.276287 -0.491187 0.280586 -0.288914 -0.425577 0.400244 -0.295221 -0.345218 0.484480 -0.119720 -0.420633 0.366808 -0.144681 -0.277187 0.436984 -0.153559 -0.142531 0.416290 -0.038260 -0.299414 0.365476 -0.072361 -0.159716 0.413562 -0.079599 -0.033578 0.365552 0.024806 -0.178490 0.319625 -0.021536 -0.073524 0.356038 -0.041207 0.028948 0.307918 
0.000000 0.000000 0.000000 -0.068157 0.015857 -0.026964 -0.242035 -0.348209 0.107051 -0.094198 -0.323062 0.151310 0.008252 -0.270151 0.161235 0.084473 -0.214359 0.159015 -0.235376 -0.072250 0.222278 -0.340010 -0.127383 0.378237 -0.416698 -0.223732 0.472697 -0.278836 -0.489800 0.280307 -0.290492 -0.424270 0.400106 -0.296035 -0.344965 0.485390 -0.122615 -0.423068 0.365006 -0.146628 -0.280458 0.437189 -0.154169 -0.145658 0.416903 -0.040244 -0.300719 0.364772 -0.074045 -0.161466 0.414340 -0.080557 -0.035151 0.366694 0.023131 -0.180575 0.319271 -0.023086 -0.075894 0.356649 -0.042025 0.026906 0.308936 
0.000000 0.000000 0.000000 -0.068234 0.016359 -0.026465 -0.244048 -0.345954 0.109757 -0.095666 -0.321930 0.152796 0.007291 -0.269844 0.161793 0.083950 -0.214689 0.158846 -0.232315 -0.071708 0.224868 -0.334986 -0.126815 0.382135 -0.413565 -0.222114 0.476105 -0.281383 -0.487760 0.282723 -0.291507 -0.421062 0.402017 -0.295902 -0.342440 0.487996 -0.123550 -0.422627 0.366236 -0.145439 -0.279874 0.438810 -0.151648 -0.144942 0.418955 -0.040244 -0.302554 0.365224 -0.073117 -0.163440 0.415797 -0.079051 -0.036979 0.368465 0.024002 -0.180877 0.319623 -0.021138 -0.075858 0.357368 -0.039673 0.027213 0.310083 
0.000000 0.000000 0.000000 -0.068127 0.017260 -0.026166 -0.248061 -0.342816 0.110604 -0.099197 -0.320750 0.153026 0.004466 -0.270013 0.161614 0.081823 -0.215858 0.158371 -0.229752 -0.070363 0.226908 -0.330885 -0.125191 0.385265 -0.412215 -0.218955 0.478435 -0.286882 -0.485107 0.282843 -0.295806 -0.418523 0.402296 -0.299107 -0.340834 0.489168 -0.128748 -0.425624 0.364219 -0.147410 -0.283765 0.439401 -0.150625 -0.148475 0.421356 -0.042277 -0.307244 0.364451 -0.072963 -0.168384 0.417053 -0.077173 -0.041377 0.371014 0.023609 -0.187765 0.320877 -0.019938 -0.082357 0.359402 -0.037364 0.021714 0.313920 
0.000000 0.000000 0.000000 -0.068150 0.019224 -0.024697 -0.254948 -0.336591 0.114009 -0.104719 -0.318760 0.153504 0.000429 -0.270876 0.160225 0.079139 -0.218806 0.155667 -0.229805 -0.067594 0.228634 -0.330959 -0.121918 0.387152 -0.415405 -0.213878 0.479342 -0.297492 -0.481738 0.282954 -0.305424 -0.415418 0.402624 -0.307707 -0.339304 0.490911 -0.139217 -0.430017 0.360642 -0.152809 -0.289668 0.439648 -0.150881 -0.153816 0.426239 -0.049034 -0.314117 0.361216 -0.077799 -0.176912 0.418991 -0.079217 -0.048296 0.377471 0.021888 -0.193503 0.318971 -0.021377 -0.090748 0.364368 -0.038958 0.015035 0.323088 
0.000000 0.000000 0.000000 -0.067978 0.021252 -0.023478 -0.263449 -0.327009 0.122269 -0.111930 -0.313812 0.158528 -0.005151 -0.269370 0.162664 0.075115 -0.219967 0.156024 -0.227109 -0.063845 0.232026 -0.326682 -0.117093 0.391903 -0.417550 -0.204789 0.482122 -0.315931 -0.476054 0.284908 -0.322498 -0.410545 0.405106 -0.322928 -0.336787 0.495399 -0.156898 -0.435151 0.357850 -0.164425 -0.298301 0.443524 -0.155017 -0.162186 0.438678 -0.056876 -0.322192 0.360775 -0.083772 -0.188610 0.427284 -0.082643 -0.057732 0.393555 0.018946 -0.201082 0.320568 -0.024686 -0.102811 0.374701 -0.043930 0.005453 0.341358 
0.000000 0.000000 0.000000 -0.067514 0.024410 -0.021679 -0.275308 -0.313433 0.131360 -0.122366 -0.307409 0.163289 -0.013500 -0.268150 0.164193 0.068829 -0.222701 0.155041 -0.215037 -0.039869 0.246559 -0.321742 -0.106760 0.396395 -0.418598 -0.189211 0.485319 -0.341016 -0.465886 0.285829 -0.346366 -0.401359 0.406617 -0.345061 -0.330386 0.499106 -0.180123 -0.437709 0.353449 -0.179715 -0.306295 0.447549 -0.161229 -0.171230 0.454969 -0.067700 -0.330968 0.358692 -0.093072 -0.201611 0.433617 -0.088621 -0.069641 0.404769 0.012150 -0.210217 0.320020 -0.031028 -0.116364 0.381814 -0.049442 -0.006157 0.355009 
0.000000 0.000000 0.000000 -0.066796 0.028279 -0.019038 -0.287725 -0.295182 0.146193 -0.133464 -0.298169 0.171521 -0.022497 -0.265560 0.167386 0.061942 -0.225245 0.154269 -0.208785 -0.031724 0.253148 -0.317876 -0.096014 0.402403 -0.420001 -0.171562 0.491565 -0.369434 -0.450851 0.289409 -0.377983 -0.390201 0.412009 -0.377423 -0.321228 0.506006 -0.208466 -0.438519 0.348019 -0.203173 -0.317550 0.455085 -0.176628 -0.186089 0.480630 -0.087199 -0.342831 0.353280 -0.112943 -0.222164 0.441414 -0.103443 -0.088271 0.425590 0.002032 -0.217973 0.318416 -0.043393 -0.136427 0.394431 -0.062758 -0.024421 0.377617 
0.000000 0.000000 0.000000 -0.066131 0.030855 -0.017281 -0.294950 -0.277395 0.165369 -0.140110 -0.286920 0.184888 -0.028017 -0.259659 0.175609 0.057596 -0.223702 0.158149 -0.182152 -0.011945 0.270040 -0.293872 -0.080115 0.415582 -0.395092 -0.149446 0.510633 -0.388945 -0.430033 0.304246 -0.401619 -0.371134 0.427340 -0.402882 -0.302719 0.521738 -0.223043 -0.437615 0.348862 -0.220347 -0.333723 0.472652 -0.195033 -0.209853 0.524175 -0.099100 -0.348569 0.353811 -0.127399 -0.239829 0.455623 -0.118528 -0.105028 0.459874 0.002887 -0.228448 0.324193 -0.041095 -0.157159 0.410650 -0.062666 -0.044471 0.404382 
0.000000 0.000000 0.000000 -0.065473 0.031953 -0.017781 -0.300274 -0.261270 0.181283 -0.145504 -0.274372 0.199213 -0.032831 -0.250777 0.187295 0.053505 -0.218097 0.167158 -0.156746 0.004359 0.280136 -0.264150 -0.062328 0.429563 -0.359406 -0.126233 0.534106 -0.403846 -0.406008 0.321797 -0.422827 -0.349550 0.445224 -0.425241 -0.277714 0.537022 -0.232374 -0.432558 0.353826 -0.241595 -0.346870 0.490564 -0.227368 -0.234493 0.566776 -0.110543 -0.343136 0.360916 -0.142304 -0.248998 0.475459 -0.134014 -0.115932 0.497660 0.000826 -0.229266 0.333550 -0.042794 -0.172345 0.430239 -0.067700 -0.060324 0.436065 
0.000000 0.000000 0.000000 -0.065127 0.031305 -0.020060 -0.303526 -0.252521 0.188137 -0.149059 -0.265189 0.208790 -0.036163 -0.242387 0.197451 0.050539 -0.210804 0.177140 -0.165120 0.007943 0.275409 -0.263036 -0.048255 0.435300 -0.353697 -0.110157 0.545007 -0.408978 -0.393539 0.331014 -0.433859 -0.336685 0.453205 -0.438749 -0.260346 0.541192 -0.238092 -0.424575 0.360921 -0.254441 -0.342601 0.499259 -0.245535 -0.231655 0.578323 -0.119445 -0.334240 0.368743 -0.156022 -0.243721 0.484757 -0.150269 -0.111493 0.512155 -0.006663 -0.213441 0.342389 -0.052259 -0.173810 0.446513 -0.082408 -0.063743 0.459908 
0.000000 0.000000 0.000000 -0.065166 0.029524 -0.022485 -0.303480 -0.250607 0.190753 -0.149304 -0.260047 0.214991 -0.036559 -0.235840 0.205156 0.050053 -0.203596 0.185512 -0.178630 0.013550 0.268577 -0.271639 -0.033498 0.434248 -0.357271 -0.094739 0.548281 -0.405988 -0.393526 0.333884 -0.434675 -0.336853 0.455322 -0.442239 -0.258158 0.541013 -0.237025 -0.417120 0.370257 -0.259678 -0.334409 0.507261 -0.256285 -0.222079 0.584785 -0.122794 -0.325448 0.376175 -0.164514 -0.235424 0.490831 -0.162194 -0.102915 0.517362 -0.008465 -0.202181 0.350314 -0.055550 -0.162928 0.453917 -0.090216 -0.054521 0.469704 
0.000000 0.000000 0.000000 -0.065783 0.027268 -0.023515 -0.297928 -0.254221 0.194683 -0.143709 -0.259012 0.219995 -0.031585 -0.232045 0.210246 0.054265 -0.197962 0.190362 -0.193518 -0.006959 0.259961 -0.273446 -0.028377 0.437342 -0.354158 -0.088104 0.555685 -0.390058 -0.400219 0.341708 -0.418899 -0.351814 0.466637 -0.429255 -0.279531 0.557527 -0.223996 -0.409297 0.385654 -0.251453 -0.324479 0.520474 -0.255416 -0.211854 0.597540 -0.111033 -0.316738 0.386964 -0.153194 -0.228196 0.502608 -0.156590 -0.096392 0.532344 -0.004813 -0.185872 0.354526 -0.049828 -0.157354 0.462469 -0.088263 -0.050777 0.481630 
0.000000 0.000000 0.000000 -0.066859 0.024891 -0.023113 -0.287526 -0.263326 0.198189 -0.133041 -0.262722 0.222293 -0.021985 -0.231986 0.211532 0.062491 -0.195083 0.190811 -0.197077 -0.005037 0.259719 -0.278559 -0.023763 0.436697 -0.358188 -0.081695 0.556655 -0.370146 -0.413436 0.346718 -0.397839 -0.378098 0.476203 -0.411079 -0.320021 0.576427 -0.204386 -0.407935 0.396356 -0.231138 -0.318753 0.528475 -0.238940 -0.207211 0.606813 -0.088977 -0.316138 0.393587 -0.126759 -0.230646 0.512979 -0.134761 -0.101556 0.552220 0.012012 -0.192604 0.358238 -0.031852 -0.152067 0.462756 -0.072234 -0.047240 0.486919 
0.000000 0.000000 0.000000 -0.067987 0.024700 -0.019787 -0.276547 -0.273583 0.199910 -0.121288 -0.271623 0.218282 -0.011110 -0.239018 0.204434 0.072056 -0.200294 0.181827 -0.211691 -0.003221 0.256648 -0.301611 -0.020691 0.429623 -0.393674 -0.074214 0.542524 -0.348523 -0.428961 0.348562 -0.369774 -0.406189 0.482023 -0.379621 -0.361009 0.589051 -0.176625 -0.419358 0.396009 -0.195603 -0.331214 0.530155 -0.200347 -0.220789 0.610300 -0.063822 -0.324090 0.390708 -0.092930 -0.239182 0.512913 -0.100260 -0.112388 0.559147 0.031488 -0.202954 0.351925 -0.007797 -0.157369 0.456184 -0.046096 -0.051994 0.481334 
0.000000 0.000000 0.000000 -0.068664 0.023884 -0.018403 -0.269061 -0.282257 0.198058 -0.113627 -0.277929 0.214434 -0.004226 -0.243128 0.199793 0.077948 -0.202514 0.176871 -0.228837 -0.008119 0.248367 -0.329064 -0.028145 0.415295 -0.421071 -0.090243 0.523763 -0.327077 -0.434462 0.355818 -0.339554 -0.410083 0.490102 -0.342985 -0.363578 0.596960 -0.150536 -0.428804 0.394291 -0.162570 -0.340904 0.529397 -0.164846 -0.229266 0.607953 -0.045606 -0.329044 0.388525 -0.069649 -0.242478 0.510669 -0.076375 -0.114732 0.554301 0.045998 -0.213323 0.348477 0.008398 -0.158168 0.448654 -0.029136 -0.052166 0.472270 
0.000000 0.000000 0.000000 -0.069032 0.022271 -0.019040 -0.263933 -0.292426 0.190045 -0.108920 -0.284097 0.208717 -0.000325 -0.246105 0.196159 0.081011 -0.202925 0.175014 -0.238780 -0.019938 0.240286 -0.344997 -0.046350 0.402556 -0.437228 -0.117100 0.505389 -0.312301 -0.437271 0.357677 -0.319806 -0.405089 0.490681 -0.319603 -0.351289 0.594115 -0.136036 -0.428124 0.395787 -0.146962 -0.328549 0.522633 -0.150038 -0.208880 0.588277 -0.035934 -0.325871 0.388729 -0.058203 -0.226149 0.500758 -0.064936 -0.094125 0.528908 0.051648 -0.215859 0.346935 0.012218 -0.147305 0.437692 -0.024700 -0.039345 0.451286 
0.000000 0.000000 0.000000 -0.069376 0.021967 -0.018120 -0.259481 -0.302031 0.180934 -0.104538 -0.292261 0.199481 0.003509 -0.252433 0.187913 0.084204 -0.207499 0.168003 -0.244353 -0.031357 0.235624 -0.353843 -0.064723 0.394400 -0.450185 -0.139172 0.490641 -0.304118 -0.443222 0.352669 -0.308158 -0.400373 0.482783 -0.305730 -0.339801 0.582374 -0.129809 -0.426749 0.393771 -0.140680 -0.312993 0.508078 -0.143961 -0.186398 0.559089 -0.032198 -0.320503 0.384904 -0.054815 -0.208254 0.484300 -0.061090 -0.073664 0.494977 0.050016 -0.210637 0.339489 0.009160 -0.134426 0.423238 -0.025034 -0.024728 0.423753 
0.000000 0.000000 0.000000 -0.069474 0.021816 -0.017927 -0.257839 -0.307736 0.173516 -0.103047 -0.297183 0.192875 0.004734 -0.256301 0.182574 0.085158 -0.210346 0.163932 -0.240470 -0.036098 0.237519 -0.347468 -0.072337 0.397361 -0.446464 -0.146814 0.490847 -0.297959 -0.445609 0.349020 -0.298735 -0.398221 0.477612 -0.294059 -0.334881 0.575384 -0.126756 -0.418971 0.395557 -0.133967 -0.295595 0.499725 -0.134469 -0.164942 0.539334 -0.028455 -0.315265 0.382913 -0.047992 -0.194380 0.472332 -0.051584 -0.059335 0.468104 0.053208 -0.212926 0.335859 0.013822 -0.125546 0.408692 -0.016649 -0.015154 0.399297 
0.000000 0.000000 0.000000 -0.069555 0.022082 -0.017272 -0.257093 -0.309782 0.170963 -0.102192 -0.299564 0.189619 0.005557 -0.258615 0.179259 0.085908 -0.212470 0.160771 -0.229617 -0.036738 0.244962 -0.329774 -0.073544 0.409051 -0.427069 -0.146606 0.505396 -0.294628 -0.443500 0.350214 -0.292082 -0.392849 0.477533 -0.284787 -0.327723 0.573962 -0.122739 -0.406202 0.400997 -0.125231 -0.274330 0.494422 -0.122795 -0.141443 0.525641 -0.023458 -0.301997 0.384173 -0.039312 -0.173440 0.462993 -0.041492 -0.039085 0.448432 0.058033 -0.205823 0.333297 0.022027 -0.113374 0.401473 -0.006316 -0.003104 0.385970 
0.000000 0.000000 0.000000 -0.069550 0.022534 -0.016701 -0.257512 -0.310281 0.169421 -0.102474 -0.300887 0.187359 0.005393 -0.260295 0.176816 0.085841 -0.214317 0.158337 -0.222568 -0.036590 0.249637 -0.318317 -0.073586 0.416294 -0.414803 -0.144559 0.514986 -0.292501 -0.436949 0.354221 -0.285755 -0.381149 0.479213 -0.274627 -0.311276 0.571880 -0.121633 -0.398609 0.403132 -0.121029 -0.261181 0.488207 -0.116317 -0.126609 0.510735 -0.021336 -0.290227 0.384429 -0.034917 -0.157965 0.457320 -0.035980 -0.024530 0.435823 0.057615 -0.198491 0.330206 0.023061 -0.103141 0.395057 -0.003415 0.006718 0.374243 
0.000000 0.000000 0.000000 -0.069519 0.022723 -0.016571 -0.257887 -0.311408 0.166762 -0.102855 -0.302284 0.184886 0.005052 -0.261697 0.174743 0.085551 -0.215640 0.156689 -0.217894 -0.038591 0.251891 -0.310737 -0.076956 0.419877 -0.405499 -0.147422 0.520583 -0.290439 -0.439386 0.351105 -0.281466 -0.379483 0.474040 -0.268523 -0.305568 0.563272 -0.122425 -0.391725 0.404184 -0.120267 -0.250687 0.483103 -0.114194 -0.115304 0.499647 -0.022606 -0.285997 0.382970 -0.035543 -0.152014 0.452770 -0.035554 -0.019213 0.427630 0.058483 -0.197207 0.328484 0.025327 -0.099353 0.390263 0.000320 0.010199 0.366259 
0.000000 0.000000 0.000000 -0.069512 0.022715 -0.016615 -0.257923 -0.311825 0.165925 -0.102916 -0.302652 0.184248 0.004981 -0.261992 0.174303 0.085478 -0.215863 0.156422 -0.212915 -0.042861 0.253536 -0.302648 -0.083894 0.422579 -0.393728 -0.156605 0.525070 -0.291272 -0.440635 0.349544 -0.281821 -0.377812 0.470977 -0.268543 -0.302127 0.558662 -0.125727 -0.387829 0.404926 -0.123755 -0.244565 0.479733 -0.117037 -0.108693 0.491266 -0.024251 -0.285415 0.382415 -0.037190 -0.149293 0.447945 -0.036678 -0.016977 0.420373 0.055793 -0.195931 0.327617 0.022046 -0.097258 0.387751 -0.002044 0.012072 0.361870 
0.000000 0.000000 0.000000 -0.069402 0.021728 -0.018306 -0.257895 -0.312097 0.165456 -0.103383 -0.301006 0.186668 0.004262 -0.259348 0.178232 0.084613 -0.212630 0.161246 -0.205038 -0.040383 0.256633 -0.289910 -0.079248 0.428672 -0.381024 -0.151211 0.531660 -0.290050 -0.437389 0.351704 -0.282572 -0.374028 0.472995 -0.271242 -0.298007 0.560662 -0.123202 -0.384981 0.408095 -0.121332 -0.241843 0.483146 -0.115215 -0.105807 0.492947 -0.024906 -0.280146 0.386631 -0.039346 -0.144034 0.451867 -0.040165 -0.011922 0.423340 0.055207 -0.192930 0.332516 0.021097 -0.092808 0.389991 -0.003333 0.016185 0.363028 
0.000000 0.000000 0.000000 -0.069343 0.021218 -0.019111 -0.258119 -0.309812 0.169355 -0.103770 -0.297939 0.191315 0.003820 -0.256152 0.182805 0.084155 -0.209528 0.165490 -0.200301 -0.039174 0.258466 -0.282246 -0.076963 0.432156 -0.375760 -0.144762 0.535815 -0.293271 -0.436906 0.353832 -0.289274 -0.374076 0.475563 -0.280793 -0.298396 0.563845 -0.124677 -0.385413 0.411282 -0.124867 -0.244377 0.490236 -0.119925 -0.108352 0.500816 -0.027894 -0.281519 0.390325 -0.046708 -0.146808 0.457331 -0.050249 -0.014515 0.429872 0.049651 -0.190416 0.335873 0.012650 -0.093853 0.397500 -0.012632 0.015106 0.371195 
0.000000 0.000000 0.000000 -0.069270 0.021531 -0.019026 -0.259669 -0.305780 0.174243 -0.105127 -0.294851 0.195317 0.002739 -0.254005 0.185796 0.083346 -0.208215 0.167544 -0.196574 -0.036486 0.260749 -0.276232 -0.072789 0.435814 -0.369891 -0.138572 0.540635 -0.298367 -0.433460 0.357602 -0.295785 -0.371495 0.479814 -0.288021 -0.296051 0.568364 -0.131731 -0.390435 0.411257 -0.130434 -0.252252 0.495094 -0.123001 -0.116923 0.511523 -0.030044 -0.285699 0.392277 -0.049490 -0.153427 0.463810 -0.053116 -0.020329 0.440578 0.049258 -0.192738 0.338380 0.012090 -0.099017 0.404153 -0.014350 0.010832 0.383240 
0.000000 0.000000 0.000000 -0.069123 0.022314 -0.018655 -0.262587 -0.298430 0.182421 -0.107665 -0.289640 0.201628 0.000729 -0.250722 0.190222 0.081851 -0.206571 0.170293 -0.190407 -0.034144 0.264098 -0.266299 -0.069472 0.441026 -0.358015 -0.134647 0.547923 -0.310894 -0.429147 0.361306 -0.308849 -0.368509 0.484191 -0.300265 -0.294109 0.573545 -0.138975 -0.395930 0.411858 -0.133084 -0.264560 0.505835 -0.120773 -0.131300 0.532843 -0.034412 -0.295591 0.393853 -0.053249 -0.169889 0.476527 -0.055199 -0.035363 0.463601 0.048201 -0.199148 0.341754 0.011090 -0.113412 0.417672 -0.017026 -0.002421 0.407997 
0.000000 0.000000 0.000000 -0.068830 0.024410 -0.017041 -0.267255 -0.284230 0.197682 -0.111583 -0.280718 0.211858 -0.002272 -0.246099 0.196154 0.079717 -0.205445 0.172652 -0.183131 -0.026813 0.269591 -0.254653 -0.058866 0.448946 -0.340952 -0.122813 0.560974 -0.329888 -0.421021 0.367345 -0.331215 -0.363145 0.491565 -0.323187 -0.289355 0.581475 -0.153154 -0.403277 0.411171 -0.146800 -0.283382 0.519380 -0.131732 -0.154747 0.562570 -0.041748 -0.304423 0.395537 -0.062862 -0.190088 0.492864 -0.064695 -0.054942 0.493301 0.043177 -0.197322 0.343488 0.005977 -0.129384 0.435639 -0.025371 -0.018940 0.440394 
0.000000 0.000000 0.000000 -0.068509 0.025525 -0.016698 -0.270455 -0.269240 0.213668 -0.114496 -0.269260 0.224782 -0.004669 -0.238154 0.205687 0.077849 -0.200606 0.179075 -0.168003 -0.014433 0.277157 -0.230259 -0.039437 0.461032 -0.303000 -0.102089 0.582976 -0.345365 -0.408880 0.375870 -0.352351 -0.352703 0.500679 -0.346334 -0.277296 0.589396 -0.161386 -0.410288 0.410219 -0.161474 -0.310202 0.537134 -0.151303 -0.192909 0.606259 -0.050103 -0.309364 0.399539 -0.074877 -0.208109 0.509650 -0.077830 -0.074051 0.526610 0.043035 -0.197358 0.350434 0.006960 -0.141472 0.450767 -0.027529 -0.032869 0.465564 
0.000000 0.000000 0.000000 -0.068216 0.026151 -0.016931 -0.272997 -0.257118 0.225064 -0.116961 -0.259506 0.234764 -0.006803 -0.230994 0.213639 0.076091 -0.195817 0.185033 -0.148622 0.017403 0.285236 -0.210390 -0.024296 0.466225 -0.267106 -0.087347 0.596205 -0.355565 -0.395791 0.384351 -0.366861 -0.337379 0.507811 -0.361945 -0.257427 0.592527 -0.168827 -0.409893 0.411309 -0.178422 -0.323445 0.547541 -0.176597 -0.217000 0.633013 -0.054519 -0.306632 0.405253 -0.082563 -0.214203 0.522134 -0.088812 -0.082452 0.551638 0.038898 -0.188033 0.355744 0.003736 -0.144452 0.462307 -0.033262 -0.037439 0.481864 
0.000000 0.000000 0.000000 -0.068323 0.024075 -0.019396 -0.272904 -0.257025 0.225281 -0.117160 -0.255512 0.239007 -0.007159 -0.225044 0.219886 0.075639 -0.188759 0.192406 -0.157889 -0.002341 0.279144 -0.213934 -0.018871 0.465951 -0.263178 -0.083350 0.598255 -0.354068 -0.394960 0.385926 -0.368110 -0.336111 0.508896 -0.365161 -0.254076 0.591690 -0.168990 -0.408781 0.413067 -0.182928 -0.326929 0.551741 -0.184025 -0.220523 0.637274 -0.056444 -0.303356 0.410023 -0.087134 -0.210528 0.525919 -0.095132 -0.078608 0.554223 0.037809 -0.183547 0.363075 -0.000136 -0.133705 0.465872 -0.038751 -0.027170 0.484910 
0.000000 0.000000 0.000000 -0.068537 0.022071 -0.020962 -0.270442 -0.261963 0.222546 -0.115092 -0.256199 0.239276 -0.005574 -0.223021 0.221984 0.076768 -0.184826 0.195747 -0.163037 -0.002318 0.276226 -0.222169 -0.017579 0.462188 -0.270582 -0.081359 0.595136 -0.345656 -0.401713 0.384512 -0.361059 -0.346952 0.509196 -0.361042 -0.268392 0.595344 -0.161571 -0.406753 0.417174 -0.178778 -0.321926 0.553676 -0.183968 -0.213503 0.636483 -0.052357 -0.299599 0.413454 -0.085238 -0.203718 0.526221 -0.096543 -0.071238 0.550493 0.037248 -0.176946 0.365931 -0.002263 -0.125579 0.467378 -0.042513 -0.019563 0.485916 
0.000000 0.000000 0.000000 -0.069030 0.019082 -0.022240 -0.262872 -0.273774 0.217340 -0.108263 -0.261253 0.236988 0.000007 -0.223305 0.221768 0.081080 -0.181522 0.197096 -0.172317 -0.007322 0.271837 -0.236947 -0.023844 0.455851 -0.296388 -0.085622 0.585223 -0.326155 -0.416695 0.381623 -0.343704 -0.376896 0.511585 -0.348883 -0.310910 0.607564 -0.146169 -0.403721 0.423376 -0.165075 -0.311998 0.555110 -0.173902 -0.200245 0.633037 -0.042252 -0.296436 0.415623 -0.076504 -0.199444 0.527023 -0.091525 -0.067030 0.549584 0.038055 -0.168398 0.366102 -0.002121 -0.120111 0.468793 -0.043645 -0.015274 0.490884 
0.000000 0.000000 0.000000 -0.069363 0.018698 -0.021520 -0.259005 -0.276000 0.219159 -0.104295 -0.262543 0.237341 0.003579 -0.223867 0.221172 0.084141 -0.181504 0.195825 -0.182646 -0.010219 0.268613 -0.253531 -0.028314 0.450159 -0.315290 -0.094418 0.576267 -0.317503 -0.424084 0.380619 -0.335874 -0.395378 0.513361 -0.343873 -0.341403 0.616394 -0.141451 -0.402452 0.425807 -0.160484 -0.310349 0.557258 -0.169750 -0.198829 0.635468 -0.032098 -0.297637 0.416105 -0.065069 -0.204652 0.531246 -0.082481 -0.073515 0.558959 0.037435 -0.159611 0.362935 -0.001373 -0.119364 0.469543 -0.042610 -0.014497 0.492030 
0.000000 0.000000 0.000000 -0.069697 0.016725 -0.022055 -0.252477 -0.285410 0.214678 -0.098431 -0.267361 0.234450 0.008354 -0.225282 0.219601 0.087814 -0.180288 0.195335 -0.186132 -0.012498 0.266796 -0.258990 -0.030784 0.447540 -0.323946 -0.096919 0.572014 -0.302220 -0.434204 0.378404 -0.317806 -0.410035 0.512401 -0.325405 -0.363064 0.618839 -0.126937 -0.409892 0.422458 -0.143586 -0.319414 0.555353 -0.152414 -0.208317 0.634213 -0.018262 -0.298958 0.416011 -0.048577 -0.205456 0.531464 -0.068243 -0.075823 0.564272 0.045666 -0.168456 0.364657 0.005968 -0.118263 0.466618 -0.034147 -0.013010 0.489326 
0.000000 0.000000 0.000000 -0.069948 0.015710 -0.022008 -0.247813 -0.291351 0.212118 -0.094118 -0.270839 0.232218 0.011951 -0.226834 0.217830 0.090660 -0.180304 0.194016 -0.182842 -0.013508 0.268246 -0.253484 -0.031792 0.449868 -0.323410 -0.092596 0.574367 -0.287259 -0.435300 0.382830 -0.298389 -0.405289 0.516088 -0.303533 -0.355237 0.621261 -0.114841 -0.409416 0.424159 -0.128881 -0.310520 0.551229 -0.136434 -0.192010 0.618592 -0.012625 -0.295615 0.416271 -0.041331 -0.195145 0.526146 -0.059625 -0.063474 0.550561 0.048577 -0.170218 0.363467 0.007587 -0.109186 0.458788 -0.029758 -0.001743 0.475054 
0.000000 0.000000 0.000000 -0.070197 0.015509 -0.021347 -0.244801 -0.293176 0.213099 -0.091023 -0.272113 0.231962 0.014739 -0.227620 0.216837 0.093052 -0.180677 0.192531 -0.178673 -0.018333 0.270087 -0.246550 -0.039510 0.452448 -0.325691 -0.096794 0.573039 -0.279088 -0.435630 0.386163 -0.289027 -0.404391 0.519232 -0.293898 -0.354181 0.624343 -0.108908 -0.397513 0.433033 -0.119993 -0.288855 0.552176 -0.125613 -0.165582 0.610584 -0.009639 -0.289127 0.417676 -0.037114 -0.183982 0.523413 -0.053789 -0.050841 0.539649 0.053197 -0.172275 0.362611 0.012781 -0.106047 0.454653 -0.022709 0.002760 0.464877 
0.000000 0.000000 0.000000 -0.070243 0.013056 -0.022789 -0.238044 -0.304898 0.204113 -0.085664 -0.278173 0.226758 0.018614 -0.229471 0.214575 0.095583 -0.179267 0.192609 -0.159507 -0.027992 0.274184 -0.215363 -0.053678 0.460011 -0.306491 -0.104500 0.574900 -0.264083 -0.442829 0.382207 -0.271165 -0.406411 0.514137 -0.274943 -0.356194 0.619290 -0.093022 -0.390791 0.435892 -0.100126 -0.272476 0.545782 -0.104658 -0.145163 0.594875 -0.002487 -0.276415 0.419672 -0.030109 -0.161607 0.514788 -0.047869 -0.027634 0.516781 0.051112 -0.160337 0.360687 0.010476 -0.088036 0.447937 -0.020814 0.022522 0.448926 
0.000000 0.000000 0.000000 -0.070286 0.012680 -0.022869 -0.236146 -0.308331 0.201141 -0.084038 -0.280584 0.224383 0.019883 -0.230971 0.212846 0.096509 -0.179994 0.191466 -0.149947 -0.030699 0.276495 -0.199794 -0.057844 0.463817 -0.294529 -0.104790 0.577431 -0.258698 -0.446542 0.379492 -0.262819 -0.407163 0.510696 -0.264570 -0.357758 0.616286 -0.090865 -0.392528 0.433898 -0.096231 -0.275477 0.545230 -0.099344 -0.148125 0.594333 -0.000157 -0.275642 0.418556 -0.027557 -0.159793 0.512465 -0.045557 -0.025839 0.512891 0.050655 -0.158407 0.358850 0.010427 -0.088321 0.448074 -0.019288 0.022672 0.447267 
0.000000 0.000000 0.000000 -0.070224 0.012670 -0.023063 -0.236680 -0.308281 0.200589 -0.084637 -0.280522 0.224235 0.019313 -0.230909 0.212966 0.095995 -0.179936 0.191779 -0.149004 -0.029791 0.276665 -0.198300 -0.056360 0.464215 -0.291809 -0.102780 0.579055 -0.260214 -0.445851 0.379308 -0.264229 -0.405385 0.510184 -0.265859 -0.355651 0.615621 -0.093199 -0.393932 0.432896 -0.097718 -0.277917 0.545345 -0.099847 -0.152507 0.599262 -0.001456 -0.276746 0.418346 -0.028086 -0.162108 0.513949 -0.045132 -0.028052 0.516463 0.052937 -0.159659 0.360068 0.012761 -0.089017 0.448876 -0.019660 0.021209 0.450354 
0.000000 0.000000 0.000000 -0.069720 0.013451 -0.024126 -0.243101 -0.305689 0.196840 -0.091139 -0.279618 0.222811 0.013513 -0.231154 0.213146 0.091068 -0.181028 0.193150 -0.157960 -0.024488 0.273566 -0.213175 -0.048227 0.459843 -0.292995 -0.101687 0.581735 -0.276365 -0.441804 0.375128 -0.285209 -0.400483 0.505498 -0.289433 -0.343811 0.607300 -0.117157 -0.399927 0.426092 -0.120651 -0.289779 0.544328 -0.118672 -0.169490 0.608873 -0.019051 -0.286682 0.414566 -0.046438 -0.176261 0.514805 -0.059473 -0.042255 0.526665 0.051943 -0.161144 0.362443 0.011140 -0.100749 0.458249 -0.031295 0.005431 0.469567 
0.000000 0.000000 0.000000 -0.069299 0.014993 -0.024429 -0.250906 -0.299207 0.197008 -0.098469 -0.276608 0.223449 0.007323 -0.230643 0.214001 0.086103 -0.182418 0.194116 -0.166065 -0.017695 0.271229 -0.226615 -0.038150 0.456233 -0.295814 -0.096204 0.582440 -0.292310 -0.427927 0.379043 -0.303985 -0.380448 0.507073 -0.309532 -0.317387 0.604979 -0.141364 -0.402751 0.420229 -0.145443 -0.297695 0.542993 -0.141251 -0.182118 0.615545 -0.038032 -0.293091 0.410868 -0.067230 -0.184585 0.512677 -0.076714 -0.050779 0.529228 0.047866 -0.160187 0.363320 0.008317 -0.112089 0.466343 -0.042610 -0.011296 0.487566 
0.000000 0.000000 0.000000 -0.068860 0.014333 -0.026014 -0.254019 -0.295443 0.198691 -0.102131 -0.271986 0.227443 0.003744 -0.226024 0.218965 0.082801 -0.178077 0.199509 -0.166206 -0.009627 0.270290 -0.227119 -0.024620 0.455697 -0.287166 -0.082907 0.586402 -0.300556 -0.418524 0.383368 -0.315724 -0.369182 0.510322 -0.323772 -0.304097 0.606718 -0.152093 -0.401204 0.420525 -0.158820 -0.300125 0.546471 -0.156592 -0.189444 0.626371 -0.046545 -0.289805 0.414199 -0.078443 -0.183027 0.517018 -0.088459 -0.049447 0.535021 0.041878 -0.150483 0.367289 0.003651 -0.109056 0.473655 -0.050690 -0.010927 0.498571 
0.000000 0.000000 0.000000 -0.068401 0.013589 -0.027577 -0.257571 -0.289400 0.202966 -0.106167 -0.265163 0.233568 -0.000125 -0.219507 0.225528 0.079287 -0.172180 0.206007 -0.161283 -0.002111 0.270706 -0.219402 -0.011935 0.457352 -0.270138 -0.068620 0.592628 -0.306735 -0.412018 0.387270 -0.326014 -0.360808 0.512920 -0.337673 -0.294343 0.607996 -0.161571 -0.398220 0.422515 -0.173340 -0.303515 0.552964 -0.174876 -0.197398 0.638848 -0.056872 -0.284742 0.418499 -0.093060 -0.182249 0.524218 -0.105150 -0.049697 0.547708 0.029531 -0.135966 0.369712 -0.004716 -0.111039 0.482393 -0.061773 -0.016445 0.514011 
0.000000 0.000000 0.000000 -0.067952 0.013444 -0.028735 -0.262591 -0.281286 0.207881 -0.111322 -0.257596 0.239559 -0.004768 -0.213154 0.231493 0.075306 -0.167115 0.211595 -0.156394 0.007986 0.271256 -0.211735 0.004572 0.458971 -0.255747 -0.048514 0.598009 -0.311817 -0.396715 0.396754 -0.333813 -0.342277 0.520588 -0.347922 -0.272559 0.612964 -0.175235 -0.391303 0.425334 -0.190902 -0.299269 0.557276 -0.195027 -0.196132 0.646636 -0.069336 -0.275958 0.422805 -0.108974 -0.174558 0.528340 -0.121952 -0.042589 0.554488 0.020976 -0.131067 0.373876 -0.016421 -0.106256 0.485577 -0.073414 -0.011537 0.516935 
0.000000 0.000000 0.000000 -0.066583 0.015160 -0.030995 -0.277353 -0.271001 0.202297 -0.126498 -0.251512 0.238490 -0.018447 -0.210373 0.233343 0.063568 -0.166976 0.215521 -0.158517 0.014045 0.267992 -0.216043 0.013346 0.455079 -0.263156 -0.036706 0.594226 -0.333657 -0.377298 0.394523 -0.359268 -0.321012 0.516826 -0.375820 -0.249650 0.607527 -0.203189 -0.385451 0.419192 -0.223171 -0.294601 0.551373 -0.228490 -0.191093 0.640238 -0.093248 -0.275434 0.420120 -0.136755 -0.176581 0.526544 -0.149416 -0.045247 0.555855 -0.003047 -0.135309 0.374096 -0.048899 -0.113513 0.483246 -0.104704 -0.017982 0.514274 
0.000000 0.000000 0.000000 -0.064842 0.018105 -0.033040 -0.295880 -0.255842 0.195679 -0.145382 -0.243345 0.236188 -0.035368 -0.207481 0.233981 0.049128 -0.168206 0.218321 -0.164689 0.017298 0.263399 -0.227168 0.016793 0.448891 -0.282505 -0.030626 0.585917 -0.366622 -0.356987 0.385904 -0.397736 -0.300412 0.506789 -0.418071 -0.230566 0.597900 -0.238190 -0.376658 0.409649 -0.262775 -0.287756 0.542376 -0.269442 -0.185702 0.632820 -0.120816 -0.275886 0.414904 -0.167570 -0.181977 0.524384 -0.177334 -0.050965 0.556140 -0.025633 -0.140167 0.373920 -0.077093 -0.120867 0.481021 -0.132076 -0.026035 0.515472 
0.000000 0.000000 0.000000 -0.062780 0.022792 -0.034104 -0.316136 -0.238897 0.185139 -0.166081 -0.236857 0.229026 -0.053950 -0.208220 0.229739 0.033244 -0.174312 0.216521 -0.169386 0.017016 0.259917 -0.236093 0.013402 0.443896 -0.300509 -0.033416 0.577108 -0.405876 -0.342990 0.365504 -0.441430 -0.283224 0.483598 -0.464747 -0.214361 0.574742 -0.279266 -0.371259 0.389026 -0.309706 -0.286122 0.523002 -0.318522 -0.187650 0.617156 -0.153034 -0.286286 0.399450 -0.203082 -0.198884 0.512795 -0.209732 -0.070130 0.553368 -0.049499 -0.155912 0.369496 -0.106452 -0.143247 0.474792 -0.160904 -0.051448 0.517350 
0.000000 0.000000 0.000000 -0.061914 0.026639 -0.032877 -0.325747 -0.226857 0.183616 -0.175326 -0.233269 0.225796 -0.061899 -0.210280 0.225825 0.026740 -0.180479 0.212329 -0.164117 0.011357 0.262364 -0.228068 0.001794 0.447107 -0.297181 -0.045807 0.577661 -0.422912 -0.331932 0.359509 -0.458586 -0.274979 0.478948 -0.480736 -0.207609 0.571489 -0.300586 -0.367797 0.376417 -0.333071 -0.289822 0.514218 -0.340370 -0.195344 0.612504 -0.165896 -0.292442 0.390591 -0.216497 -0.213467 0.509727 -0.220308 -0.087311 0.558081 -0.058549 -0.170141 0.364661 -0.117255 -0.163025 0.469514 -0.168614 -0.074149 0.521153 
0.000000 0.000000 0.000000 -0.061578 0.026780 -0.033390 -0.327484 -0.228451 0.178479 -0.177534 -0.234958 0.222292 -0.064144 -0.211834 0.223737 0.024602 -0.181838 0.211426 -0.154648 0.011943 0.264878 -0.222988 -0.010250 0.446945 -0.298365 -0.057216 0.574222 -0.425508 -0.338173 0.351026 -0.461287 -0.282915 0.471227 -0.484126 -0.218316 0.565559 -0.302907 -0.372393 0.370169 -0.336893 -0.296571 0.508807 -0.344827 -0.202665 0.607589 -0.168444 -0.299885 0.385237 -0.219441 -0.222022 0.504934 -0.224709 -0.097246 0.556619 -0.061563 -0.176759 0.363531 -0.120872 -0.173263 0.468228 -0.171941 -0.086882 0.524205 
0.000000 0.000000 0.000000 -0.061262 0.027649 -0.033262 -0.329967 -0.226713 0.176107 -0.180156 -0.235034 0.220090 -0.066550 -0.213025 0.221895 0.022503 -0.183793 0.209964 -0.141172 0.027276 0.269162 -0.223594 -0.017281 0.441013 -0.299992 -0.069525 0.565595 -0.435281 -0.341601 0.340818 -0.472116 -0.286895 0.460953 -0.495450 -0.223512 0.555986 -0.306633 -0.378387 0.361258 -0.345797 -0.306627 0.500689 -0.356501 -0.213179 0.599645 -0.171436 -0.302695 0.382120 -0.226793 -0.229266 0.502680 -0.236321 -0.105655 0.556508 -0.067165 -0.179217 0.360048 -0.128885 -0.176067 0.463353 -0.181223 -0.092139 0.521834 
0.000000 0.000000 0.000000 -0.060825 0.027970 -0.033791 -0.332971 -0.222531 0.175786 -0.183488 -0.231898 0.220664 -0.069699 -0.210899 0.222957 0.019679 -0.182549 0.211328 -0.133384 0.033735 0.270426 -0.219165 -0.020054 0.437936 -0.295105 -0.075501 0.561409 -0.442912 -0.333370 0.340248 -0.480071 -0.278039 0.459996 -0.502935 -0.213787 0.554559 -0.314359 -0.376132 0.356839 -0.354778 -0.305705 0.496592 -0.365225 -0.212858 0.596140 -0.173465 -0.303447 0.382272 -0.230155 -0.234067 0.504597 -0.241154 -0.111476 0.560440 -0.071336 -0.179198 0.360631 -0.133983 -0.176892 0.463399 -0.186029 -0.094277 0.523972 
0.000000 0.000000 0.000000 -0.060577 0.028091 -0.034135 -0.334276 -0.222861 0.172865 -0.185112 -0.232419 0.218752 -0.071333 -0.211477 0.221890 0.018136 -0.183137 0.210958 -0.128392 0.033537 0.271181 -0.220269 -0.027358 0.432926 -0.299402 -0.084913 0.553393 -0.447109 -0.335266 0.334278 -0.485151 -0.279883 0.453725 -0.509052 -0.216561 0.548657 -0.316685 -0.379073 0.351626 -0.359157 -0.311618 0.492233 -0.370387 -0.219653 0.592512 -0.175316 -0.304950 0.380522 -0.232543 -0.234132 0.501769 -0.245401 -0.112115 0.558466 -0.074497 -0.180111 0.359269 -0.138259 -0.178027 0.461354 -0.191106 -0.096603 0.522839 
0.000000 0.000000 0.000000 -0.060552 0.028356 -0.033959 -0.333742 -0.229069 0.165631 -0.184834 -0.238476 0.212374 -0.071246 -0.216741 0.216780 0.018073 -0.187491 0.207103 -0.134313 0.023580 0.269986 -0.234447 -0.038738 0.426193 -0.319662 -0.095301 0.542923 -0.450589 -0.348697 0.318785 -0.492186 -0.294259 0.437479 -0.519671 -0.232876 0.532715 -0.315682 -0.390711 0.339566 -0.362600 -0.323696 0.478966 -0.378134 -0.231893 0.578817 -0.179298 -0.309675 0.372991 -0.240784 -0.238750 0.492071 -0.258539 -0.118331 0.550825 -0.078481 -0.185118 0.352903 -0.144941 -0.183484 0.453261 -0.201377 -0.104653 0.514936 
0.000000 0.000000 0.000000 -0.060149 0.026113 -0.036388 -0.331602 -0.240501 0.153264 -0.184394 -0.244500 0.205805 -0.071910 -0.218720 0.214562 0.016624 -0.186323 0.208275 -0.151909 0.013489 0.262388 -0.253443 -0.045054 0.419151 -0.343187 -0.103528 0.531462 -0.451009 -0.363676 0.301554 -0.497393 -0.312323 0.419848 -0.529105 -0.253376 0.515308 -0.308833 -0.402450 0.332458 -0.361824 -0.336491 0.470175 -0.383830 -0.244097 0.568249 -0.182854 -0.313333 0.367707 -0.251232 -0.246209 0.485222 -0.276113 -0.127731 0.545322 -0.084751 -0.186776 0.350786 -0.154529 -0.187088 0.448878 -0.215663 -0.110771 0.509222 
0.000000 0.000000 0.000000 -0.059749 0.024232 -0.038298 -0.327310 -0.255193 0.137969 -0.182092 -0.254160 0.195914 -0.071106 -0.224148 0.209160 0.016257 -0.188256 0.206559 -0.177675 0.004820 0.250774 -0.283327 -0.052418 0.405282 -0.377154 -0.114895 0.511959 -0.448935 -0.384022 0.279498 -0.500361 -0.334281 0.396388 -0.537348 -0.278109 0.491623 -0.289682 -0.424218 0.322323 -0.349023 -0.356380 0.456491 -0.379058 -0.260508 0.548935 -0.185265 -0.320684 0.358700 -0.259337 -0.253220 0.472510 -0.289587 -0.135028 0.530679 -0.089902 -0.189428 0.345537 -0.162974 -0.190234 0.441199 -0.227776 -0.113276 0.496708 
0.000000 0.000000 0.000000 -0.059309 0.020900 -0.040859 -0.316206 -0.277769 0.118949 -0.174284 -0.268246 0.183866 -0.066241 -0.231346 0.202823 0.018627 -0.189867 0.204877 -0.206792 -0.022097 0.231622 -0.313135 -0.068439 0.389276 -0.414637 -0.133520 0.486994 -0.437070 -0.413886 0.254168 -0.494698 -0.368317 0.369859 -0.537945 -0.316425 0.464886 -0.263216 -0.446325 0.313685 -0.329541 -0.376659 0.443579 -0.366302 -0.274216 0.526000 -0.179730 -0.331567 0.350437 -0.258116 -0.261261 0.459541 -0.292647 -0.141644 0.512145 -0.090504 -0.193080 0.341502 -0.165621 -0.195290 0.435544 -0.232668 -0.114701 0.482588 
0.000000 0.000000 0.000000 -0.059993 0.017847 -0.041306 -0.300372 -0.297575 0.111874 -0.160001 -0.280443 0.178574 -0.054569 -0.237421 0.199248 0.027645 -0.190993 0.202801 -0.234846 -0.042909 0.210848 -0.344257 -0.080927 0.368629 -0.445992 -0.152198 0.461673 -0.416945 -0.444545 0.239274 -0.479600 -0.402828 0.353800 -0.528299 -0.355422 0.448533 -0.235021 -0.461110 0.313504 -0.309401 -0.387332 0.436585 -0.353323 -0.278609 0.506510 -0.162355 -0.337411 0.351228 -0.245180 -0.265956 0.456227 -0.285729 -0.144969 0.500794 -0.079368 -0.193335 0.341109 -0.153027 -0.194947 0.436308 -0.222914 -0.112509 0.475333 
0.000000 0.000000 0.000000 -0.060088 0.011771 -0.043298 -0.273580 -0.324828 0.104552 -0.137730 -0.293883 0.175501 -0.037672 -0.240753 0.199161 0.039507 -0.186557 0.204956 -0.249265 -0.052703 0.197329 -0.367639 -0.093047 0.347898 -0.465499 -0.171299 0.439479 -0.381024 -0.476791 0.234101 -0.445163 -0.437992 0.348831 -0.496410 -0.394516 0.444102 -0.203001 -0.466455 0.325277 -0.280602 -0.383297 0.440114 -0.328692 -0.269158 0.497551 -0.137532 -0.340615 0.356543 -0.223235 -0.266595 0.457375 -0.269982 -0.145511 0.495075 -0.064633 -0.190197 0.345412 -0.136315 -0.192703 0.442090 -0.209716 -0.110692 0.475101 
0.000000 0.000000 0.000000 -0.060837 0.005132 -0.043548 -0.234659 -0.355219 0.100224 -0.103646 -0.309410 0.172222 -0.010523 -0.245279 0.196911 0.059838 -0.182575 0.203610 -0.249451 -0.076180 0.192375 -0.367474 -0.127060 0.339999 -0.449790 -0.218222 0.434869 -0.326672 -0.511954 0.235826 -0.388697 -0.473979 0.351985 -0.438672 -0.430288 0.447832 -0.153559 -0.479147 0.330881 -0.231783 -0.393422 0.443384 -0.283689 -0.278424 0.495541 -0.095368 -0.347395 0.361493 -0.181634 -0.269343 0.458740 -0.234711 -0.149248 0.490801 -0.026954 -0.208914 0.353142 -0.105904 -0.185538 0.440959 -0.183211 -0.105038 0.468281 
0.000000 0.000000 0.000000 -0.063693 -0.000903 -0.039577 -0.193769 -0.374546 0.116012 -0.063277 -0.316177 0.179348 0.024857 -0.243484 0.197848 0.089365 -0.174476 0.199857 -0.229985 -0.092583 0.208995 -0.334040 -0.149950 0.364535 -0.391365 -0.248216 0.470102 -0.260822 -0.533184 0.263518 -0.315264 -0.496566 0.383840 -0.359343 -0.450208 0.481313 -0.087113 -0.485554 0.344325 -0.160591 -0.400901 0.460769 -0.215168 -0.288126 0.515014 -0.036884 -0.348578 0.370640 -0.119502 -0.267484 0.468561 -0.177280 -0.149457 0.500179 0.026595 -0.213500 0.358361 -0.051847 -0.178513 0.442706 -0.131553 -0.100784 0.471137 
0.000000 0.000000 0.000000 -0.067159 -0.009450 -0.032003 -0.139842 -0.384614 0.154295 -0.010077 -0.310115 0.199660 0.071457 -0.228134 0.204683 0.128233 -0.153089 0.196191 -0.192634 -0.093123 0.242043 -0.271147 -0.145481 0.413523 -0.302967 -0.239908 0.532510 -0.171944 -0.531526 0.324019 -0.213769 -0.492892 0.448679 -0.249380 -0.441303 0.546983 -0.002196 -0.466310 0.378589 -0.064829 -0.378936 0.499285 -0.119134 -0.267094 0.555692 0.047359 -0.330842 0.387942 -0.026196 -0.249446 0.492610 -0.088244 -0.134632 0.527761 0.105193 -0.197531 0.363763 0.032608 -0.154662 0.449699 -0.048614 -0.081839 0.485795 
0.000000 0.000000 0.000000 -0.068945 -0.019137 -0.022455 -0.075324 -0.382940 0.197418 0.049462 -0.291618 0.220566 0.121032 -0.201356 0.209412 0.167379 -0.121713 0.188524 -0.136146 -0.082736 0.276352 -0.178196 -0.122533 0.463326 -0.186427 -0.205208 0.594413 -0.064528 -0.512913 0.382918 -0.091945 -0.467316 0.509217 -0.118874 -0.410099 0.607166 0.094050 -0.431952 0.407095 0.044473 -0.339803 0.530283 -0.007675 -0.229763 0.592017 0.141366 -0.294864 0.397976 0.078835 -0.208936 0.506129 0.013437 -0.097744 0.546471 0.185698 -0.161576 0.357822 0.120343 -0.114895 0.447492 0.039055 -0.047768 0.493203 
0.000000 0.000000 0.000000 -0.067405 -0.030082 -0.013248 0.000363 -0.371408 0.230969 0.112506 -0.262487 0.233625 0.168960 -0.164690 0.208269 0.201118 -0.081601 0.176816 -0.071651 -0.057495 0.298324 -0.074307 -0.074647 0.493285 -0.047140 -0.136788 0.632882 0.055940 -0.476289 0.424182 0.045614 -0.421875 0.549539 0.029914 -0.359378 0.646703 0.205520 -0.382594 0.416374 0.168261 -0.284334 0.539180 0.118643 -0.177617 0.608383 0.241258 -0.249345 0.388048 0.189341 -0.159103 0.498283 0.120911 -0.052296 0.544947 0.264949 -0.111115 0.336943 0.204093 -0.057174 0.425702 0.125225 0.006252 0.480110 
0.000000 0.000000 0.000000 -0.063918 -0.038830 -0.005536 0.064622 -0.350772 0.253127 0.162097 -0.229300 0.239340 0.203734 -0.127565 0.203140 0.222717 -0.043750 0.163873 -0.019090 -0.019193 0.303415 0.008960 -0.006906 0.496737 0.063799 -0.043777 0.637165 0.153065 -0.425093 0.448253 0.151268 -0.357175 0.567274 0.143574 -0.290188 0.662388 0.283829 -0.328292 0.417822 0.253948 -0.224714 0.538252 0.208596 -0.119738 0.612835 0.312884 -0.191193 0.372702 0.268586 -0.094308 0.480600 0.199475 0.009836 0.532036 0.322335 -0.059879 0.306710 0.265361 -0.000323 0.394451 0.190388 0.061856 0.455409 
0.000000 0.000000 0.000000 -0.059752 -0.045317 0.000005 0.113423 -0.328011 0.266147 0.196964 -0.198281 0.240888 0.225942 -0.095017 0.197404 0.234116 -0.012005 0.153026 0.015270 0.019565 0.296667 0.062214 0.060163 0.482299 0.129528 0.043582 0.621154 0.214714 -0.360895 0.466344 0.222406 -0.287020 0.581520 0.221792 -0.215537 0.673622 0.335819 -0.261286 0.423162 0.309186 -0.145734 0.532994 0.270884 -0.038552 0.608387 0.357209 -0.138697 0.357325 0.320315 -0.034589 0.461206 0.254188 0.070307 0.514983 0.357688 -0.016116 0.276716 0.304560 0.050705 0.361590 0.234370 0.115999 0.424939 
0.000000 0.000000 0.000000 -0.057255 -0.048115 0.005540 0.144341 -0.308243 0.274667 0.219616 -0.176040 0.238571 0.240855 -0.073814 0.188644 0.242342 0.007152 0.139965 0.039142 0.041712 0.289238 0.099461 0.097920 0.466759 0.181004 0.096365 0.598801 0.266481 -0.335280 0.463799 0.272696 -0.247372 0.568755 0.279519 -0.174091 0.659179 0.377803 -0.221272 0.410051 0.352060 -0.097893 0.511240 0.321833 0.010134 0.589060 0.385995 -0.111566 0.337717 0.350464 -0.000640 0.434794 0.289037 0.105963 0.490746 0.375986 0.001748 0.252644 0.322417 0.072857 0.333670 0.256167 0.141212 0.398025 