112
0.000000 0.000000 0.000000 -0.066422 0.019614 -0.028764 -0.270265 -0.258196 0.227117 -0.135126 -0.241362 0.244177 -0.038497 -0.208710 0.232389 0.050265 -0.172679 0.214538 -0.216440 -0.062931 0.233013 -0.310312 -0.114583 0.396815 -0.408564 -0.115852 0.516948 -0.337970 -0.311562 0.436851 -0.378888 -0.343815 0.563608 -0.404827 -0.309651 0.672020 -0.206278 -0.302193 0.462607 -0.254671 -0.343566 0.611170 -0.250213 -0.213552 0.652595 -0.099692 -0.272105 0.424612 -0.143574 -0.317564 0.562448 -0.168771 -0.184804 0.565257 0.009837 -0.233589 0.373415 -0.017991 -0.275514 0.482773 -0.073238 -0.199646 0.549067 
0.000000 0.000000 0.000000 -0.066618 0.021105 -0.027214 -0.271727 -0.235270 0.249204 -0.135443 -0.223534 0.260432 -0.038072 -0.195695 0.243516 0.051349 -0.164429 0.220675 -0.211335 -0.044728 0.242173 -0.301890 -0.085922 0.410738 -0.399967 -0.077501 0.530724 -0.336564 -0.279444 0.461960 -0.375750 -0.306141 0.590543 -0.397455 -0.268973 0.698897 -0.200167 -0.272219 0.483849 -0.244189 -0.305331 0.635804 -0.231148 -0.173005 0.666774 -0.093456 -0.249422 0.440391 -0.133170 -0.287948 0.581563 -0.150862 -0.154044 0.576595 0.015279 -0.223948 0.381120 -0.009548 -0.264917 0.491558 -0.058356 -0.184437 0.557466 
0.000000 0.000000 0.000000 -0.066488 0.020788 -0.027769 -0.273484 -0.215961 0.264305 -0.136909 -0.206145 0.273674 -0.039220 -0.181099 0.254384 0.050523 -0.152814 0.229056 -0.208937 -0.030256 0.245999 -0.298073 -0.062196 0.417305 -0.396821 -0.048719 0.536276 -0.337759 -0.245415 0.479762 -0.376604 -0.263216 0.609978 -0.396022 -0.220831 0.716840 -0.197242 -0.246557 0.499951 -0.238277 -0.274042 0.653851 -0.219752 -0.140751 0.676867 -0.089799 -0.229663 0.453876 -0.126067 -0.264486 0.596924 -0.136874 -0.130399 0.583810 0.017643 -0.208460 0.391563 -0.004989 -0.246762 0.503420 -0.050193 -0.164400 0.569572 
0.000000 0.000000 0.000000 -0.066584 0.021153 -0.027258 -0.272631 -0.205347 0.273487 -0.135794 -0.197433 0.280566 -0.038046 -0.174373 0.259216 0.051716 -0.148095 0.231872 -0.205569 -0.022808 0.249503 -0.292537 -0.050316 0.422682 -0.390128 -0.036815 0.542601 -0.337040 -0.230274 0.489474 -0.375967 -0.245339 0.620011 -0.395145 -0.203647 0.727189 -0.194137 -0.234013 0.508014 -0.233818 -0.258892 0.662711 -0.211456 -0.125347 0.680176 -0.085613 -0.219914 0.460156 -0.119721 -0.252570 0.604243 -0.126457 -0.119009 0.584644 0.020632 -0.205099 0.394262 -0.000764 -0.244336 0.506038 -0.043880 -0.163001 0.574805 
0.000000 0.000000 0.000000 -0.066857 0.021508 -0.026295 -0.269507 -0.195944 0.283306 -0.132458 -0.189775 0.287363 -0.034883 -0.168505 0.263506 0.054624 -0.144031 0.233757 -0.196570 -0.019336 0.255401 -0.277736 -0.044894 0.431668 -0.369730 -0.033278 0.556122 -0.330068 -0.216032 0.500904 -0.366669 -0.228173 0.632415 -0.384611 -0.185745 0.739518 -0.187177 -0.221759 0.516399 -0.224394 -0.243513 0.672175 -0.195937 -0.110379 0.682416 -0.080226 -0.209857 0.465862 -0.112739 -0.239509 0.610963 -0.116124 -0.106701 0.586091 0.026715 -0.207968 0.394130 0.007505 -0.251978 0.504518 -0.033970 -0.172301 0.576173 
0.000000 0.000000 0.000000 -0.067240 0.020476 -0.026141 -0.265637 -0.193745 0.288427 -0.128623 -0.186279 0.291365 -0.031423 -0.164521 0.266443 0.057637 -0.139728 0.235638 -0.187885 -0.018034 0.259880 -0.263376 -0.042131 0.438854 -0.349422 -0.031173 0.567551 -0.321108 -0.205367 0.507990 -0.354634 -0.212391 0.640688 -0.368622 -0.162160 0.744968 -0.181223 -0.210457 0.521850 -0.216998 -0.226902 0.678612 -0.184391 -0.094330 0.679569 -0.074348 -0.205077 0.469485 -0.105128 -0.234159 0.615079 -0.107029 -0.102184 0.585980 0.031929 -0.213568 0.392076 0.014233 -0.264393 0.499756 -0.026335 -0.185999 0.573320 
0.000000 0.000000 0.000000 -0.067441 0.020556 -0.025555 -0.263442 -0.196020 0.288902 -0.126423 -0.188383 0.290975 -0.029421 -0.166326 0.265549 0.059399 -0.141206 0.234316 -0.183806 -0.020761 0.261844 -0.256619 -0.046614 0.441680 -0.339574 -0.037113 0.572505 -0.315799 -0.205054 0.509350 -0.347443 -0.210513 0.642583 -0.357015 -0.151825 0.742868 -0.176716 -0.209087 0.522311 -0.210923 -0.223168 0.679652 -0.176068 -0.091325 0.673190 -0.071959 -0.206657 0.468718 -0.102461 -0.235577 0.614403 -0.103214 -0.104564 0.581189 0.035141 -0.220514 0.388290 0.018445 -0.275103 0.494274 -0.021886 -0.196634 0.567888 
0.000000 0.000000 0.000000 -0.067517 0.020665 -0.025264 -0.262620 -0.198565 0.287912 -0.125606 -0.190768 0.289772 -0.028683 -0.168393 0.264325 0.060042 -0.142920 0.233109 -0.182639 -0.023181 0.262262 -0.254675 -0.050617 0.442176 -0.337763 -0.043454 0.573065 -0.315285 -0.209407 0.508205 -0.347114 -0.215961 0.641344 -0.354551 -0.153991 0.739820 -0.175851 -0.214189 0.520860 -0.210024 -0.230118 0.678032 -0.174831 -0.098339 0.672122 -0.071180 -0.211773 0.466873 -0.101653 -0.242880 0.612112 -0.102031 -0.112102 0.577979 0.037032 -0.225720 0.385428 0.021193 -0.282713 0.490271 -0.019299 -0.204348 0.563908 
0.000000 0.000000 0.000000 -0.067608 0.019497 -0.025942 -0.262002 -0.201368 0.286525 -0.125147 -0.191425 0.289537 -0.028366 -0.167652 0.264829 0.060222 -0.140936 0.234268 -0.179414 -0.026802 0.262506 -0.249375 -0.055774 0.442998 -0.332605 -0.048657 0.573799 -0.313254 -0.212340 0.507144 -0.344229 -0.218971 0.640481 -0.350638 -0.153745 0.736905 -0.175925 -0.213317 0.520658 -0.210461 -0.228207 0.677853 -0.175815 -0.096192 0.674522 -0.069346 -0.213631 0.467116 -0.098732 -0.246601 0.612169 -0.098737 -0.115967 0.577484 0.038296 -0.227661 0.384549 0.023205 -0.287355 0.487990 -0.018116 -0.210417 0.562664 
0.000000 0.000000 0.000000 -0.067595 0.020469 -0.025216 -0.261829 -0.199033 0.288308 -0.124834 -0.190876 0.290034 -0.027994 -0.168266 0.264479 0.060635 -0.142585 0.233161 -0.177037 -0.027512 0.263863 -0.245518 -0.057535 0.444750 -0.328421 -0.049500 0.575706 -0.313280 -0.212033 0.508771 -0.344376 -0.219889 0.642013 -0.350469 -0.151118 0.735962 -0.176045 -0.213623 0.520977 -0.210875 -0.229094 0.678051 -0.177848 -0.096645 0.680476 -0.070552 -0.214280 0.466432 -0.101069 -0.247275 0.611245 -0.100887 -0.116469 0.577221 0.038713 -0.230346 0.382839 0.023623 -0.290754 0.485866 -0.017950 -0.215767 0.562363 
0.000000 0.000000 0.000000 -0.067622 0.019394 -0.025981 -0.261844 -0.200337 0.287391 -0.124989 -0.190369 0.290301 -0.028221 -0.166677 0.265459 0.060349 -0.140065 0.234757 -0.174230 -0.028974 0.264090 -0.240939 -0.059240 0.445598 -0.323237 -0.050945 0.576918 -0.312852 -0.212725 0.507992 -0.343681 -0.220211 0.641317 -0.349435 -0.148973 0.733431 -0.175038 -0.214260 0.521383 -0.209079 -0.230509 0.678551 -0.177018 -0.097959 0.685024 -0.070698 -0.216416 0.466545 -0.101156 -0.252082 0.610736 -0.100808 -0.120685 0.579068 0.039278 -0.229714 0.383436 0.024775 -0.291422 0.485774 -0.016724 -0.218299 0.564094 
0.000000 0.000000 0.000000 -0.067552 0.019578 -0.026026 -0.262569 -0.199223 0.287503 -0.125685 -0.189678 0.290453 -0.028835 -0.166312 0.265622 0.059828 -0.140007 0.234925 -0.171878 -0.030257 0.264627 -0.237158 -0.061439 0.446498 -0.318967 -0.052602 0.578089 -0.314398 -0.212763 0.507845 -0.345722 -0.220947 0.641014 -0.351457 -0.148343 0.732057 -0.177252 -0.216078 0.520927 -0.212325 -0.234034 0.677682 -0.181273 -0.101510 0.688291 -0.071903 -0.217116 0.466315 -0.102786 -0.253546 0.610225 -0.102308 -0.121648 0.580716 0.038493 -0.231379 0.382513 0.023808 -0.294272 0.484101 -0.017804 -0.224005 0.564936 
0.000000 0.000000 0.000000 -0.067435 0.019409 -0.026451 -0.263868 -0.198869 0.286558 -0.127016 -0.189111 0.290243 -0.030065 -0.165665 0.265890 0.058729 -0.139307 0.235617 -0.170626 -0.030610 0.264574 -0.235196 -0.061908 0.446680 -0.317259 -0.052028 0.578038 -0.317826 -0.212531 0.506380 -0.350436 -0.220789 0.639235 -0.356995 -0.147540 0.729705 -0.180262 -0.215177 0.520374 -0.216477 -0.232906 0.676894 -0.187178 -0.100095 0.688825 -0.074238 -0.218032 0.465940 -0.105913 -0.255583 0.609388 -0.105315 -0.123573 0.580386 0.036822 -0.230905 0.382982 0.021744 -0.293953 0.484416 -0.020664 -0.225932 0.566743 
0.000000 0.000000 0.000000 -0.067384 0.020081 -0.026077 -0.264258 -0.196836 0.287600 -0.127304 -0.188367 0.290601 -0.030262 -0.165792 0.265788 0.058619 -0.140220 0.235103 -0.170293 -0.030990 0.264866 -0.234686 -0.062948 0.446919 -0.317114 -0.052161 0.577976 -0.320333 -0.211016 0.506859 -0.354223 -0.219586 0.639374 -0.361684 -0.145765 0.729306 -0.182345 -0.215225 0.520217 -0.219781 -0.233492 0.676388 -0.192511 -0.100467 0.690533 -0.076021 -0.217599 0.465628 -0.108833 -0.254748 0.608925 -0.108419 -0.122748 0.579877 0.036693 -0.231453 0.382690 0.021601 -0.294251 0.484277 -0.021299 -0.228216 0.567957 
0.000000 0.000000 0.000000 -0.067314 0.019744 -0.026511 -0.265091 -0.196473 0.287080 -0.128184 -0.187536 0.290752 -0.031090 -0.164746 0.266342 0.057864 -0.139011 0.236006 -0.169361 -0.031141 0.264768 -0.233215 -0.062982 0.447031 -0.316449 -0.050499 0.577428 -0.322182 -0.209957 0.506121 -0.356686 -0.218106 0.638504 -0.364957 -0.143825 0.727986 -0.184265 -0.214709 0.520079 -0.222408 -0.233191 0.676053 -0.195833 -0.100280 0.692416 -0.079046 -0.216560 0.465665 -0.113433 -0.253713 0.608591 -0.114387 -0.121503 0.580528 0.035635 -0.230531 0.383370 0.020335 -0.293526 0.484804 -0.023173 -0.229100 0.569418 
0.000000 0.000000 0.000000 -0.067239 0.019460 -0.026909 -0.265928 -0.195208 0.287170 -0.129053 -0.185999 0.291354 -0.031900 -0.163181 0.267209 0.057133 -0.137468 0.237085 -0.169308 -0.030472 0.264527 -0.233177 -0.061716 0.446889 -0.316416 -0.048615 0.577221 -0.324166 -0.207921 0.505955 -0.359364 -0.215604 0.638182 -0.368275 -0.140524 0.726933 -0.185893 -0.213823 0.520416 -0.224553 -0.232747 0.676210 -0.198582 -0.099987 0.694635 -0.081121 -0.215544 0.466079 -0.116416 -0.253090 0.608681 -0.118101 -0.120786 0.581098 0.035008 -0.228662 0.384667 0.019779 -0.291431 0.486251 -0.024268 -0.228800 0.571927 
0.000000 0.000000 0.000000 -0.067188 0.019138 -0.027265 -0.266471 -0.192237 0.288666 -0.129610 -0.182918 0.293052 -0.032414 -0.160314 0.268877 0.056673 -0.134884 0.238675 -0.167676 -0.029639 0.264915 -0.230554 -0.060161 0.447743 -0.312725 -0.046562 0.578700 -0.324643 -0.205030 0.507464 -0.359800 -0.212762 0.639700 -0.369005 -0.136551 0.727451 -0.187089 -0.210306 0.522007 -0.226182 -0.228934 0.677729 -0.201555 -0.096275 0.698570 -0.082059 -0.211890 0.467847 -0.117657 -0.248873 0.610521 -0.121044 -0.116320 0.584327 0.034776 -0.225911 0.386394 0.019704 -0.288566 0.488072 -0.024383 -0.228727 0.575700 
0.000000 0.000000 0.000000 -0.067177 0.018870 -0.027478 -0.266599 -0.190162 0.289919 -0.129750 -0.180704 0.294361 -0.032548 -0.158217 0.270101 0.056548 -0.132957 0.239783 -0.167129 -0.027907 0.265213 -0.229671 -0.057178 0.448360 -0.310960 -0.042692 0.579772 -0.326523 -0.201932 0.508301 -0.362740 -0.209045 0.640286 -0.372494 -0.132048 0.727288 -0.189261 -0.206805 0.522947 -0.229737 -0.224557 0.678418 -0.206239 -0.092061 0.701483 -0.084055 -0.208912 0.468823 -0.120988 -0.245264 0.611320 -0.125015 -0.112595 0.585811 0.034049 -0.223894 0.387467 0.018563 -0.286487 0.489121 -0.025670 -0.228369 0.577828 
0.000000 0.000000 0.000000 -0.067073 0.018593 -0.027918 -0.267679 -0.185712 0.291803 -0.130827 -0.176407 0.296483 -0.033525 -0.154411 0.272176 0.055693 -0.129713 0.241752 -0.164979 -0.024933 0.265963 -0.226242 -0.052170 0.449855 -0.306177 -0.035659 0.581858 -0.328153 -0.194110 0.510190 -0.364702 -0.199185 0.642176 -0.374866 -0.120497 0.727604 -0.190696 -0.201260 0.525115 -0.231415 -0.218163 0.680616 -0.209712 -0.085925 0.706721 -0.085414 -0.202966 0.471333 -0.122623 -0.237783 0.614141 -0.127018 -0.104963 0.589491 0.032862 -0.219111 0.390322 0.017148 -0.280646 0.492585 -0.027019 -0.223775 0.582130 
0.000000 0.000000 0.000000 -0.066868 0.018076 -0.028736 -0.269793 -0.180813 0.292931 -0.132983 -0.171359 0.298478 -0.035510 -0.149732 0.274528 0.053925 -0.125514 0.244355 -0.163018 -0.022049 0.266207 -0.223181 -0.047158 0.450764 -0.301483 -0.028242 0.583420 -0.332729 -0.186239 0.510715 -0.370765 -0.189519 0.642338 -0.381942 -0.109121 0.726030 -0.195259 -0.194858 0.526609 -0.237616 -0.210841 0.681770 -0.218781 -0.078968 0.711670 -0.089044 -0.196288 0.473727 -0.127432 -0.229671 0.616565 -0.132442 -0.096522 0.593891 0.030594 -0.213481 0.393700 0.014535 -0.274030 0.496497 -0.029860 -0.219006 0.587076 
0.000000 0.000000 0.000000 -0.066345 0.018392 -0.029732 -0.274984 -0.174778 0.291765 -0.138162 -0.166590 0.298825 -0.040205 -0.146191 0.275786 0.049812 -0.123195 0.246400 -0.164246 -0.017647 0.265162 -0.225507 -0.040199 0.449688 -0.302918 -0.017820 0.582328 -0.342506 -0.177087 0.508227 -0.383314 -0.178482 0.639050 -0.396777 -0.096004 0.720347 -0.205643 -0.189460 0.525535 -0.251539 -0.205015 0.679731 -0.237589 -0.073292 0.712803 -0.096784 -0.190263 0.474709 -0.137355 -0.221865 0.617348 -0.143978 -0.088669 0.595374 0.024659 -0.209002 0.396702 0.007347 -0.268066 0.500158 -0.038383 -0.215581 0.591576 
0.000000 0.000000 0.000000 -0.065950 0.017610 -0.031055 -0.278764 -0.171338 0.290215 -0.142106 -0.162413 0.299275 -0.043890 -0.141938 0.277441 0.046476 -0.119004 0.249097 -0.164800 -0.015352 0.263883 -0.226655 -0.035977 0.448436 -0.302855 -0.010832 0.581282 -0.348458 -0.169518 0.505991 -0.390579 -0.168418 0.636401 -0.404960 -0.082889 0.714318 -0.212066 -0.182649 0.525484 -0.259648 -0.196413 0.679338 -0.250639 -0.064349 0.712766 -0.102208 -0.183620 0.476377 -0.144026 -0.213508 0.619026 -0.153169 -0.080953 0.594253 0.020168 -0.203427 0.399984 0.002059 -0.261537 0.503842 -0.045054 -0.209641 0.594893 
0.000000 0.000000 0.000000 -0.065544 0.018428 -0.031438 -0.282539 -0.163724 0.290958 -0.145777 -0.157041 0.300374 -0.047159 -0.138456 0.278661 0.043672 -0.117343 0.250389 -0.165725 -0.010808 0.263444 -0.228412 -0.029101 0.447962 -0.301991 -0.001234 0.581739 -0.355500 -0.159616 0.505621 -0.399595 -0.157133 0.635357 -0.414259 -0.068790 0.710014 -0.218864 -0.175054 0.525781 -0.268573 -0.187305 0.679089 -0.263687 -0.055319 0.713660 -0.107547 -0.176136 0.477777 -0.150850 -0.203155 0.620556 -0.160237 -0.071021 0.593716 0.015046 -0.197403 0.403219 -0.004659 -0.252510 0.508415 -0.052901 -0.200261 0.598670 
0.000000 0.000000 0.000000 -0.065218 0.017825 -0.032446 -0.285496 -0.156789 0.291890 -0.148816 -0.150108 0.302422 -0.049969 -0.132161 0.281217 0.041156 -0.111819 0.253325 -0.164754 -0.004478 0.263260 -0.227036 -0.018432 0.448293 -0.296746 0.012651 0.583427 -0.360740 -0.146131 0.505536 -0.406216 -0.139689 0.634658 -0.420844 -0.048270 0.705522 -0.224971 -0.163517 0.527133 -0.276767 -0.172638 0.679968 -0.274803 -0.040991 0.716086 -0.112163 -0.163500 0.480875 -0.156760 -0.185972 0.624043 -0.163476 -0.054717 0.592496 0.010972 -0.187931 0.407864 -0.009804 -0.240320 0.514236 -0.058817 -0.187415 0.603690 
0.000000 0.000000 0.000000 -0.064894 0.016928 -0.033558 -0.288373 -0.151147 0.292038 -0.151837 -0.143857 0.303954 -0.052804 -0.126104 0.283471 0.038578 -0.106126 0.256164 -0.164003 0.000684 0.262684 -0.226019 -0.009481 0.448054 -0.292167 0.024333 0.584318 -0.365292 -0.134582 0.504709 -0.411780 -0.124571 0.633242 -0.426354 -0.029965 0.699804 -0.231173 -0.153035 0.527776 -0.285132 -0.159277 0.680006 -0.285203 -0.027638 0.716209 -0.119215 -0.151443 0.482622 -0.166837 -0.169612 0.625425 -0.179032 -0.037973 0.597314 0.007008 -0.179608 0.411696 -0.014721 -0.230187 0.518751 -0.064616 -0.177459 0.607820 
0.000000 0.000000 0.000000 -0.064190 0.015930 -0.035353 -0.294259 -0.146169 0.288680 -0.158055 -0.138033 0.303485 -0.058656 -0.120288 0.284845 0.033237 -0.100495 0.259166 -0.167816 0.006446 0.259635 -0.232659 0.000513 0.444219 -0.294472 0.035523 0.582206 -0.374599 -0.123856 0.499554 -0.423155 -0.110370 0.627001 -0.437425 -0.011746 0.687521 -0.244564 -0.145862 0.524685 -0.303402 -0.151187 0.675131 -0.303201 -0.019559 0.711370 -0.131289 -0.138960 0.482555 -0.183370 -0.152350 0.624326 -0.198231 -0.020416 0.599014 -0.002223 -0.169629 0.415849 -0.026631 -0.217215 0.523696 -0.078801 -0.165149 0.611847 
0.000000 0.000000 0.000000 -0.063396 0.015395 -0.036984 -0.300536 -0.142229 0.284146 -0.164694 -0.133814 0.301839 -0.064911 -0.116282 0.285151 0.027522 -0.096807 0.261232 -0.170623 0.012260 0.256851 -0.237718 0.010299 0.440714 -0.295344 0.046997 0.580067 -0.383206 -0.110592 0.492916 -0.433170 -0.091471 0.619091 -0.443309 0.012653 0.670555 -0.257996 -0.139394 0.520330 -0.321454 -0.143190 0.668934 -0.318177 -0.011554 0.704999 -0.142326 -0.132570 0.481252 -0.197838 -0.144250 0.621868 -0.210394 -0.012060 0.596644 -0.011248 -0.161717 0.418934 -0.037935 -0.206395 0.527483 -0.092668 -0.152678 0.613051 
0.000000 0.000000 0.000000 -0.062900 0.014778 -0.038068 -0.304320 -0.136615 0.282871 -0.168703 -0.128024 0.302137 -0.068692 -0.110914 0.286401 0.024064 -0.091986 0.263307 -0.173909 0.019930 0.254330 -0.243372 0.023154 0.437294 -0.295542 0.061498 0.578343 -0.390412 -0.098927 0.489240 -0.442443 -0.076150 0.613963 -0.448645 0.031936 0.657232 -0.267875 -0.131413 0.518071 -0.335326 -0.133718 0.664937 -0.330968 -0.001683 0.699392 -0.149559 -0.124759 0.481293 -0.207545 -0.134687 0.621042 -0.218651 -0.002327 0.596030 -0.018680 -0.152685 0.421657 -0.048102 -0.194465 0.530653 -0.104422 -0.138071 0.613423 
0.000000 0.000000 0.000000 -0.062438 0.014211 -0.039031 -0.307917 -0.126136 0.283844 -0.172407 -0.118105 0.304080 -0.072123 -0.102256 0.288770 0.020988 -0.084738 0.265989 -0.177105 0.029657 0.251588 -0.248857 0.039322 0.433438 -0.293604 0.079368 0.576549 -0.396463 -0.083563 0.488214 -0.449978 -0.057833 0.611730 -0.456037 0.052633 0.648524 -0.275034 -0.114290 0.518386 -0.344836 -0.111694 0.664145 -0.341876 0.021534 0.693824 -0.153815 -0.109719 0.483666 -0.212394 -0.115071 0.623418 -0.224809 0.016918 0.597094 -0.025077 -0.135395 0.426918 -0.056784 -0.170262 0.537689 -0.115036 -0.108742 0.615311 
0.000000 0.000000 0.000000 -0.062342 0.012386 -0.039798 -0.308537 -0.115140 0.287816 -0.173122 -0.105866 0.308154 -0.072832 -0.090365 0.292534 0.020307 -0.073530 0.269355 -0.180345 0.042258 0.248350 -0.254183 0.060951 0.428654 -0.292570 0.102825 0.573084 -0.398012 -0.068734 0.490944 -0.452087 -0.040687 0.613708 -0.460813 0.069468 0.650895 -0.276899 -0.094279 0.521626 -0.347482 -0.086398 0.666817 -0.345655 0.048160 0.689838 -0.154542 -0.088191 0.487552 -0.213134 -0.086632 0.627393 -0.228930 0.043982 0.596433 -0.026678 -0.111851 0.433398 -0.059018 -0.138229 0.546312 -0.117820 -0.071356 0.618932 
0.000000 0.000000 0.000000 -0.062420 0.010479 -0.040222 -0.307748 -0.107392 0.291630 -0.172420 -0.096328 0.311656 -0.072250 -0.080588 0.295520 0.020763 -0.063837 0.271781 -0.186728 0.054884 0.243366 -0.264512 0.082670 0.420817 -0.297628 0.124988 0.566417 -0.396077 -0.061954 0.495477 -0.449461 -0.034492 0.618677 -0.463533 0.071977 0.664058 -0.274700 -0.077857 0.525366 -0.344264 -0.065293 0.670720 -0.344251 0.069555 0.692059 -0.152409 -0.071118 0.490964 -0.209889 -0.064328 0.631109 -0.227967 0.065334 0.597509 -0.027354 -0.093995 0.437194 -0.060474 -0.114753 0.551051 -0.118646 -0.045781 0.622200 
0.000000 0.000000 0.000000 -0.062232 0.008752 -0.040920 -0.308609 -0.105020 0.291585 -0.173602 -0.091708 0.312393 -0.073522 -0.074992 0.296677 0.019447 -0.057529 0.273283 -0.202323 0.064467 0.233154 -0.289983 0.099330 0.404652 -0.343998 0.153486 0.539694 -0.396459 -0.058544 0.495405 -0.449554 -0.030455 0.618587 -0.465203 0.075111 0.665535 -0.274947 -0.068600 0.526097 -0.343877 -0.052884 0.671446 -0.345800 0.081612 0.694823 -0.153788 -0.062134 0.491884 -0.211344 -0.052914 0.631859 -0.231099 0.076657 0.598857 -0.030262 -0.078316 0.439665 -0.064477 -0.092625 0.554190 -0.122864 -0.019870 0.621278 
0.000000 0.000000 0.000000 -0.061935 0.006847 -0.041726 -0.309309 -0.110991 0.288616 -0.174955 -0.094028 0.310945 -0.075159 -0.074822 0.296309 0.017604 -0.055108 0.273906 -0.215863 0.064259 0.224462 -0.312182 0.100184 0.391025 -0.395533 0.166494 0.503908 -0.394581 -0.059735 0.492385 -0.446118 -0.028757 0.615537 -0.462994 0.078522 0.657958 -0.276894 -0.069130 0.524166 -0.346226 -0.052196 0.669186 -0.349924 0.082500 0.691156 -0.156434 -0.061709 0.491081 -0.214714 -0.052306 0.630744 -0.236366 0.076229 0.594999 -0.037143 -0.069153 0.439410 -0.074827 -0.078820 0.553330 -0.135514 -0.000113 0.610997 
0.000000 0.000000 0.000000 -0.062285 0.006146 -0.041312 -0.304899 -0.126055 0.287119 -0.170952 -0.105994 0.309319 -0.071776 -0.083759 0.294752 0.020320 -0.061024 0.272460 -0.211932 0.051239 0.229647 -0.305571 0.079455 0.399195 -0.399603 0.147246 0.502390 -0.384720 -0.069160 0.491598 -0.432962 -0.034773 0.615179 -0.447767 0.075621 0.649630 -0.269038 -0.078009 0.523959 -0.335751 -0.058976 0.669944 -0.337669 0.077065 0.681282 -0.151272 -0.068768 0.490122 -0.208276 -0.058019 0.630214 -0.224466 0.068376 0.585156 -0.037422 -0.074734 0.436972 -0.077167 -0.084171 0.550209 -0.136368 0.004465 0.593129 
0.000000 0.000000 0.000000 -0.063414 0.006545 -0.039494 -0.294798 -0.145895 0.288270 -0.160819 -0.123738 0.308162 -0.062553 -0.098568 0.292263 0.028433 -0.072716 0.268840 -0.199773 0.033878 0.240694 -0.285098 0.050981 0.416018 -0.376200 0.111889 0.525915 -0.366876 -0.088344 0.495424 -0.410438 -0.053563 0.620622 -0.421428 0.059643 0.646251 -0.250250 -0.094012 0.526319 -0.311076 -0.073794 0.674697 -0.311787 0.062701 0.671902 -0.138854 -0.081977 0.488774 -0.193566 -0.070081 0.629685 -0.202258 0.051705 0.571714 -0.025626 -0.090155 0.434248 -0.062837 -0.102158 0.548102 -0.117262 -0.005505 0.578087 
0.000000 0.000000 0.000000 -0.064702 0.007490 -0.037169 -0.284310 -0.158820 0.291949 -0.149913 -0.136336 0.308344 -0.052388 -0.109806 0.290249 0.037614 -0.082375 0.264897 -0.188800 0.023410 0.249524 -0.266453 0.033371 0.428917 -0.350052 0.086291 0.548489 -0.348713 -0.112590 0.504400 -0.387636 -0.084650 0.632799 -0.393997 0.029771 0.654256 -0.228233 -0.115851 0.531773 -0.281502 -0.101918 0.683736 -0.282052 0.034243 0.673772 -0.120119 -0.099104 0.490278 -0.168686 -0.091430 0.633711 -0.176885 0.027087 0.569256 -0.012684 -0.105995 0.430724 -0.047305 -0.122253 0.544866 -0.101319 -0.025180 0.574233 
0.000000 0.000000 0.000000 -0.065472 0.007242 -0.035845 -0.277584 -0.160898 0.297236 -0.142999 -0.137767 0.310980 -0.045993 -0.110701 0.290992 0.043342 -0.082757 0.263901 -0.179943 0.020582 0.254955 -0.251571 0.028930 0.436919 -0.326847 0.074040 0.564925 -0.337428 -0.128326 0.513518 -0.373596 -0.108641 0.644233 -0.376597 0.004854 0.670747 -0.214412 -0.123871 0.537214 -0.262982 -0.114421 0.691085 -0.262781 0.021843 0.682631 -0.106233 -0.106870 0.493649 -0.149430 -0.104123 0.638967 -0.160738 0.016084 0.578219 -0.004026 -0.108299 0.430305 -0.036629 -0.125879 0.544844 -0.093002 -0.032046 0.579782 
0.000000 0.000000 0.000000 -0.065974 0.005380 -0.035248 -0.271424 -0.160037 0.303327 -0.137138 -0.134251 0.315130 -0.040856 -0.105854 0.293551 0.047664 -0.076852 0.264940 -0.174297 0.022291 0.257714 -0.242078 0.032872 0.441030 -0.310800 0.076030 0.573324 -0.333648 -0.150339 0.521167 -0.371255 -0.144477 0.652823 -0.379449 -0.037702 0.698923 -0.204208 -0.120445 0.542694 -0.249825 -0.111055 0.697470 -0.253018 0.025218 0.689804 -0.096972 -0.103238 0.497408 -0.137211 -0.101363 0.643587 -0.151030 0.020282 0.586321 0.003873 -0.107500 0.431461 -0.026270 -0.128595 0.546081 -0.082754 -0.038889 0.590414 
0.000000 0.000000 0.000000 -0.066647 0.004087 -0.034137 -0.263713 -0.161270 0.309415 -0.129642 -0.133401 0.318645 -0.034182 -0.103784 0.295139 0.053387 -0.073741 0.264732 -0.167246 0.022565 0.261472 -0.230195 0.034127 0.446445 -0.296457 0.077496 0.579919 -0.316225 -0.149689 0.529707 -0.347961 -0.142690 0.662846 -0.359229 -0.038808 0.714563 -0.190018 -0.122099 0.548212 -0.231082 -0.114412 0.704351 -0.233823 0.022011 0.699806 -0.087393 -0.103014 0.499789 -0.125549 -0.102462 0.646535 -0.145866 0.021628 0.596967 0.012240 -0.105856 0.431651 -0.016082 -0.127961 0.546544 -0.072501 -0.041327 0.596689 
0.000000 0.000000 0.000000 -0.068053 0.004769 -0.031145 -0.251340 -0.158618 0.320872 -0.116714 -0.132115 0.324131 -0.022095 -0.103467 0.296399 0.064337 -0.074312 0.262125 -0.158755 0.022972 0.267666 -0.215511 0.034363 0.454642 -0.280511 0.077742 0.588732 -0.292258 -0.148075 0.543661 -0.316988 -0.141702 0.678308 -0.327412 -0.040745 0.735684 -0.162631 -0.134287 0.557286 -0.193860 -0.135764 0.715864 -0.200436 0.000508 0.720978 -0.067009 -0.106581 0.503007 -0.099214 -0.108815 0.651158 -0.129134 0.019195 0.619754 0.030076 -0.112541 0.429310 0.006493 -0.138855 0.544387 -0.046810 -0.056506 0.604225 
0.000000 0.000000 0.000000 -0.069535 0.008487 -0.026772 -0.238268 -0.155274 0.332278 -0.102638 -0.134751 0.327788 -0.008685 -0.109588 0.294892 0.076731 -0.083402 0.255984 -0.153535 0.023345 0.274176 -0.206097 0.032642 0.462489 -0.270866 0.071098 0.598183 -0.264045 -0.153643 0.557562 -0.279624 -0.152658 0.693718 -0.282259 -0.057908 0.761605 -0.132491 -0.154821 0.562693 -0.152796 -0.168472 0.722462 -0.156531 -0.032902 0.738152 -0.037747 -0.126783 0.503635 -0.058586 -0.139113 0.653316 -0.087496 -0.007820 0.639377 0.054521 -0.132272 0.422431 0.039233 -0.165911 0.537000 -0.004396 -0.087868 0.609173 
0.000000 0.000000 0.000000 -0.070192 0.012412 -0.023301 -0.230167 -0.155235 0.337958 -0.094073 -0.140593 0.327904 -0.000618 -0.118558 0.291530 0.084098 -0.094932 0.249573 -0.154185 0.026701 0.277676 -0.206743 0.035643 0.466008 -0.271289 0.069661 0.602988 -0.245107 -0.158244 0.564206 -0.254137 -0.160063 0.700943 -0.248817 -0.071878 0.777024 -0.115549 -0.170228 0.562713 -0.130155 -0.190385 0.722415 -0.124982 -0.055210 0.740867 -0.018869 -0.148852 0.500008 -0.031956 -0.170575 0.649499 -0.054594 -0.037478 0.643098 0.071861 -0.154060 0.413708 0.063438 -0.194759 0.526686 0.028153 -0.119334 0.605864 
0.000000 0.000000 0.000000 -0.070116 0.014549 -0.022271 -0.230061 -0.152927 0.339080 -0.093758 -0.141808 0.327471 -0.000202 -0.121856 0.290168 0.084593 -0.100016 0.247410 -0.155511 0.027600 0.278368 -0.208945 0.035767 0.466488 -0.279676 0.071410 0.599956 -0.240206 -0.146036 0.565508 -0.246337 -0.141871 0.702355 -0.236026 -0.053002 0.777116 -0.112974 -0.165926 0.563105 -0.126043 -0.182331 0.723370 -0.110927 -0.046832 0.730506 -0.016285 -0.157302 0.498010 -0.027817 -0.182719 0.647047 -0.044774 -0.049057 0.636325 0.076041 -0.162226 0.410637 0.070154 -0.205046 0.522990 0.038420 -0.128368 0.602467 
0.000000 0.000000 0.000000 -0.069688 0.015796 -0.022760 -0.234863 -0.145083 0.339236 -0.098302 -0.136890 0.328230 -0.004168 -0.119215 0.291233 0.081273 -0.099519 0.248721 -0.155160 0.029288 0.277837 -0.208643 0.037731 0.465931 -0.282604 0.075291 0.597102 -0.243183 -0.123250 0.564789 -0.248212 -0.110054 0.701107 -0.233451 -0.018340 0.771561 -0.116746 -0.133527 0.565133 -0.129290 -0.131240 0.726260 -0.106828 0.003111 0.717063 -0.023835 -0.144633 0.500233 -0.037938 -0.162859 0.650098 -0.050234 -0.029618 0.631028 0.071749 -0.161849 0.411848 0.065194 -0.204752 0.524132 0.035227 -0.127085 0.603333 
0.000000 0.000000 0.000000 -0.069337 0.017381 -0.022674 -0.237597 -0.138693 0.340003 -0.100902 -0.133751 0.328735 -0.006445 -0.118389 0.291528 0.079358 -0.100816 0.248816 -0.151159 0.032053 0.278882 -0.202358 0.041234 0.467577 -0.273824 0.081926 0.599195 -0.244517 -0.115030 0.565419 -0.248698 -0.100729 0.701654 -0.229465 -0.009676 0.771886 -0.115533 -0.114695 0.565161 -0.125484 -0.101735 0.725964 -0.098577 0.031120 0.709686 -0.024621 -0.132667 0.501717 -0.037654 -0.142905 0.652436 -0.047362 -0.010720 0.625964 0.069917 -0.163264 0.411903 0.063419 -0.206248 0.524159 0.036883 -0.128004 0.604014 
0.000000 0.000000 0.000000 -0.069136 0.019537 -0.021505 -0.236107 -0.131920 0.343716 -0.099529 -0.131151 0.330198 -0.005271 -0.118630 0.291454 0.080316 -0.103623 0.247351 -0.140329 0.034319 0.282731 -0.184877 0.043568 0.473102 -0.253425 0.093320 0.603151 -0.238743 -0.106267 0.569005 -0.240336 -0.090763 0.705164 -0.215731 0.002675 0.770410 -0.107840 -0.097236 0.565262 -0.113492 -0.074168 0.725138 -0.082192 0.057091 0.704388 -0.019609 -0.121693 0.502401 -0.029890 -0.123890 0.653663 -0.037337 0.007269 0.621886 0.072703 -0.168851 0.409443 0.067462 -0.213749 0.521013 0.045251 -0.136823 0.603428 
0.000000 0.000000 0.000000 -0.068814 0.021021 -0.021132 -0.237063 -0.127039 0.344895 -0.100572 -0.129181 0.330658 -0.006273 -0.118653 0.291425 0.079383 -0.105453 0.246879 -0.132816 0.034587 0.284753 -0.172864 0.043076 0.476157 -0.240437 0.099177 0.604115 -0.239614 -0.101484 0.570196 -0.241156 -0.086039 0.706362 -0.215209 0.009243 0.768339 -0.106386 -0.091731 0.565260 -0.110340 -0.066260 0.724823 -0.075772 0.063964 0.702780 -0.020288 -0.117898 0.502414 -0.030338 -0.117357 0.653707 -0.035220 0.013376 0.619749 0.071377 -0.170226 0.409134 0.065867 -0.214810 0.520817 0.044693 -0.138444 0.604023 
0.000000 0.000000 0.000000 -0.068374 0.021713 -0.021851 -0.241655 -0.122952 0.343185 -0.105072 -0.126697 0.330220 -0.010302 -0.117396 0.291819 0.075904 -0.105347 0.248016 -0.128843 0.033756 0.284816 -0.166681 0.041291 0.476709 -0.230264 0.097232 0.606765 -0.247461 -0.099432 0.568647 -0.250971 -0.085217 0.704911 -0.226878 0.010215 0.767403 -0.116182 -0.096729 0.565704 -0.123739 -0.076346 0.725867 -0.088081 0.055101 0.716406 -0.025916 -0.116810 0.502697 -0.037112 -0.116390 0.653909 -0.042715 0.014498 0.620665 0.066802 -0.164892 0.412204 0.060538 -0.205878 0.525218 0.036795 -0.129021 0.607269 
0.000000 0.000000 0.000000 -0.068338 0.019649 -0.023827 -0.246042 -0.117717 0.341901 -0.109177 -0.119033 0.331736 -0.013855 -0.108923 0.294941 0.072961 -0.096401 0.252497 -0.127168 0.036745 0.282919 -0.163980 0.047442 0.474860 -0.223806 0.104627 0.606152 -0.260861 -0.093182 0.566842 -0.269817 -0.078353 0.702790 -0.250900 0.018847 0.764333 -0.126109 -0.092998 0.567341 -0.137625 -0.075290 0.727586 -0.104340 0.057107 0.725967 -0.034636 -0.096172 0.504986 -0.049537 -0.087028 0.655602 -0.063783 0.041634 0.616729 0.065594 -0.148046 0.419424 0.060523 -0.183594 0.534324 0.032944 -0.106470 0.614911 
0.000000 0.000000 0.000000 -0.068011 0.019119 -0.025157 -0.250656 -0.110765 0.340871 -0.113665 -0.112221 0.332602 -0.017853 -0.102825 0.296908 0.069532 -0.091137 0.255403 -0.127017 0.040791 0.281266 -0.163940 0.054352 0.473005 -0.221192 0.116561 0.603155 -0.272803 -0.082431 0.564761 -0.286188 -0.065306 0.700074 -0.271032 0.033545 0.760006 -0.138761 -0.085937 0.567450 -0.155830 -0.068059 0.727180 -0.124292 0.064687 0.731999 -0.041827 -0.081460 0.505912 -0.059017 -0.066140 0.655781 -0.075958 0.061768 0.615522 0.062038 -0.136714 0.424082 0.056879 -0.168085 0.540188 0.026797 -0.090941 0.619856 
0.000000 0.000000 0.000000 -0.067688 0.017815 -0.026923 -0.256998 -0.112908 0.335402 -0.119841 -0.112102 0.330467 -0.023358 -0.101307 0.297048 0.064804 -0.088398 0.257599 -0.129246 0.040370 0.278934 -0.167765 0.054483 0.470319 -0.224277 0.117686 0.600314 -0.285892 -0.082088 0.558192 -0.303355 -0.063462 0.692840 -0.291816 0.036129 0.752351 -0.152427 -0.088282 0.564658 -0.174590 -0.072081 0.723940 -0.145514 0.060887 0.734592 -0.053701 -0.076211 0.504806 -0.075458 -0.058216 0.653781 -0.093683 0.069567 0.613689 0.051789 -0.130155 0.426931 0.042830 -0.158897 0.543485 0.008137 -0.080455 0.619947 
0.000000 0.000000 0.000000 -0.066856 0.017215 -0.029289 -0.267437 -0.112940 0.327128 -0.130200 -0.111223 0.326825 -0.032715 -0.099941 0.296627 0.056642 -0.086633 0.260111 -0.136563 0.040149 0.274786 -0.180181 0.054500 0.465056 -0.235637 0.115739 0.596438 -0.309154 -0.080876 0.547699 -0.334367 -0.061497 0.681006 -0.326956 0.039590 0.738621 -0.175275 -0.089076 0.559101 -0.205932 -0.074013 0.717082 -0.179691 0.058851 0.734347 -0.070860 -0.072481 0.502794 -0.098211 -0.052791 0.650628 -0.120018 0.075097 0.612719 0.036497 -0.120170 0.430568 0.022630 -0.143254 0.547897 -0.017624 -0.061296 0.617650 
0.000000 0.000000 0.000000 -0.066181 0.016462 -0.031192 -0.274980 -0.109058 0.322153 -0.137786 -0.106735 0.325208 -0.039631 -0.095487 0.297250 0.050547 -0.082348 0.262745 -0.142249 0.042967 0.271061 -0.189847 0.059552 0.460192 -0.243926 0.120609 0.592232 -0.325791 -0.075241 0.540545 -0.356500 -0.054804 0.672534 -0.351831 0.048494 0.726395 -0.195249 -0.085331 0.554804 -0.234332 -0.070773 0.710961 -0.210967 0.061941 0.732881 -0.083397 -0.066269 0.502054 -0.114779 -0.045318 0.648911 -0.141400 0.082881 0.615382 0.026705 -0.109403 0.433876 0.010294 -0.128026 0.551669 -0.033146 -0.044158 0.617107 
0.000000 0.000000 0.000000 -0.065552 0.015909 -0.032768 -0.281487 -0.107394 0.317052 -0.144402 -0.104466 0.323067 -0.045709 -0.093049 0.297151 0.045146 -0.079832 0.264499 -0.145295 0.044488 0.268348 -0.195194 0.062371 0.456766 -0.243937 0.121093 0.591906 -0.339540 -0.069487 0.532952 -0.374625 -0.046577 0.663437 -0.372801 0.058976 0.712918 -0.213643 -0.085262 0.549587 -0.260735 -0.072201 0.703653 -0.239827 0.060048 0.730343 -0.094182 -0.065477 0.501122 -0.128940 -0.045707 0.647381 -0.159436 0.083601 0.622532 0.017459 -0.103854 0.435504 -0.001599 -0.120389 0.553210 -0.048338 -0.036576 0.616408 
0.000000 0.000000 0.000000 -0.064978 0.014131 -0.034672 -0.287514 -0.110689 0.310441 -0.150741 -0.104638 0.320102 -0.051659 -0.091260 0.296731 0.039731 -0.076320 0.266398 -0.150305 0.043820 0.264802 -0.203697 0.062397 0.452192 -0.250488 0.119055 0.588894 -0.352507 -0.070329 0.523906 -0.391787 -0.045937 0.652918 -0.392354 0.061570 0.698031 -0.229780 -0.086922 0.543515 -0.283538 -0.074872 0.695467 -0.264475 0.057078 0.724880 -0.105383 -0.065329 0.499598 -0.143905 -0.046734 0.645066 -0.177558 0.082307 0.623071 0.009157 -0.099219 0.437065 -0.011888 -0.114981 0.554538 -0.062483 -0.031711 0.615443 
0.000000 0.000000 0.000000 -0.064525 0.013907 -0.035595 -0.291494 -0.108834 0.307371 -0.154857 -0.102701 0.318762 -0.055483 -0.089449 0.296592 0.036290 -0.074679 0.267352 -0.155921 0.045939 0.261840 -0.213110 0.065982 0.447955 -0.260442 0.123802 0.583982 -0.362409 -0.066931 0.518642 -0.405268 -0.041607 0.646328 -0.407569 0.067330 0.687808 -0.241634 -0.083712 0.539179 -0.300655 -0.070797 0.689093 -0.283154 0.061222 0.719156 -0.113812 -0.061919 0.497971 -0.155638 -0.042179 0.642372 -0.192772 0.085846 0.620039 0.004339 -0.094525 0.438149 -0.017654 -0.108185 0.555712 -0.070538 -0.025357 0.615259 
0.000000 0.000000 0.000000 -0.063958 0.012050 -0.037257 -0.296017 -0.119690 0.298896 -0.159999 -0.109293 0.313995 -0.060538 -0.092779 0.294573 0.031469 -0.074950 0.267887 -0.164913 0.040992 0.257390 -0.228084 0.059101 0.441761 -0.280800 0.116547 0.575954 -0.374331 -0.079100 0.507796 -0.421662 -0.054569 0.634050 -0.428407 0.054264 0.675318 -0.252888 -0.091666 0.532021 -0.316065 -0.079678 0.680309 -0.303783 0.053015 0.709991 -0.125162 -0.064888 0.493971 -0.171502 -0.044889 0.636952 -0.213262 0.081537 0.613699 -0.004417 -0.093189 0.438080 -0.029118 -0.105743 0.555227 -0.085559 -0.024946 0.614299 
0.000000 0.000000 0.000000 -0.063325 0.010029 -0.038901 -0.298922 -0.139072 0.287393 -0.163999 -0.123028 0.306766 -0.064853 -0.101733 0.290673 0.027002 -0.079295 0.267122 -0.176691 0.028957 0.252022 -0.247629 0.040800 0.434062 -0.308236 0.092906 0.567098 -0.386158 -0.108368 0.494438 -0.438880 -0.089812 0.619570 -0.451953 0.017425 0.663415 -0.263912 -0.114065 0.522200 -0.331866 -0.107969 0.668725 -0.327575 0.025105 0.698924 -0.137631 -0.078026 0.487790 -0.189817 -0.061027 0.629135 -0.236700 0.063551 0.605672 -0.015526 -0.099011 0.435612 -0.044799 -0.112581 0.551587 -0.107010 -0.035279 0.609530 
0.000000 0.000000 0.000000 -0.062772 0.008367 -0.040169 -0.299454 -0.158021 0.276852 -0.165793 -0.136954 0.299823 -0.067268 -0.111248 0.286610 0.024098 -0.084521 0.265794 -0.185531 0.017012 0.247410 -0.262346 0.022420 0.427359 -0.327585 0.067247 0.560855 -0.394051 -0.135779 0.481734 -0.451223 -0.122336 0.605560 -0.469323 -0.017340 0.652902 -0.270245 -0.137492 0.513280 -0.341288 -0.137858 0.658460 -0.344654 -0.005204 0.690568 -0.146384 -0.093213 0.481876 -0.203115 -0.080281 0.621895 -0.255051 0.042651 0.600483 -0.023834 -0.108444 0.432277 -0.056827 -0.124911 0.546870 -0.123651 -0.050607 0.603585 
0.000000 0.000000 0.000000 -0.062414 0.006419 -0.041075 -0.297217 -0.173702 0.269777 -0.164888 -0.147643 0.295213 -0.067278 -0.117846 0.283958 0.023261 -0.087207 0.265000 -0.190086 0.007121 0.244486 -0.269975 0.007559 0.423173 -0.337893 0.046427 0.557200 -0.395527 -0.159086 0.473595 -0.454942 -0.150252 0.596777 -0.476837 -0.049407 0.651036 -0.271607 -0.154644 0.507431 -0.344190 -0.159406 0.651769 -0.352425 -0.027354 0.685442 -0.149983 -0.105683 0.478189 -0.209288 -0.096962 0.617465 -0.263244 0.025686 0.599741 -0.026341 -0.116844 0.430069 -0.060483 -0.137243 0.543688 -0.129552 -0.065839 0.601429 
0.000000 0.000000 0.000000 -0.062251 0.004976 -0.041521 -0.292920 -0.190109 0.263338 -0.161869 -0.159738 0.290550 -0.065333 -0.126144 0.280830 0.024173 -0.091806 0.263360 -0.196088 -0.002585 0.241104 -0.279835 -0.007316 0.417952 -0.349011 0.022622 0.553618 -0.394124 -0.190011 0.466262 -0.455289 -0.189952 0.588903 -0.482093 -0.097727 0.655003 -0.266649 -0.174273 0.503351 -0.337914 -0.184159 0.648086 -0.349321 -0.052640 0.682900 -0.149562 -0.118807 0.474648 -0.209960 -0.113546 0.613627 -0.264278 0.009360 0.599072 -0.025699 -0.126171 0.427427 -0.060026 -0.149826 0.540358 -0.130681 -0.080966 0.599261 
0.000000 0.000000 0.000000 -0.062210 0.004909 -0.041590 -0.291082 -0.198460 0.259182 -0.160499 -0.166898 0.287267 -0.064379 -0.131902 0.278394 0.024719 -0.096118 0.261766 -0.200334 -0.006995 0.238814 -0.286762 -0.014444 0.414273 -0.357537 0.013062 0.549628 -0.396438 -0.207675 0.459769 -0.460113 -0.213244 0.580998 -0.495469 -0.134665 0.659537 -0.265821 -0.183705 0.499633 -0.337454 -0.195136 0.644072 -0.350307 -0.063991 0.679779 -0.150804 -0.129149 0.471363 -0.212777 -0.127175 0.609733 -0.266145 -0.003619 0.597326 -0.026531 -0.133247 0.424803 -0.061807 -0.158803 0.537025 -0.133915 -0.091951 0.596476 
0.000000 0.000000 0.000000 -0.061688 0.003348 -0.042511 -0.290994 -0.201507 0.256920 -0.161441 -0.167225 0.286548 -0.065877 -0.130505 0.278702 0.022763 -0.093201 0.262995 -0.204491 -0.007620 0.235578 -0.293848 -0.014483 0.409587 -0.368447 0.012772 0.542925 -0.399470 -0.213604 0.455683 -0.465030 -0.220915 0.575810 -0.506944 -0.153104 0.660887 -0.265457 -0.179508 0.499865 -0.336203 -0.187862 0.644951 -0.352125 -0.057600 0.682599 -0.154536 -0.130030 0.470674 -0.218110 -0.129688 0.608329 -0.269751 -0.005307 0.596907 -0.029056 -0.131476 0.425587 -0.064724 -0.157822 0.537502 -0.137107 -0.091155 0.596827 
0.000000 0.000000 0.000000 -0.061216 0.002392 -0.043253 -0.289720 -0.209978 0.251519 -0.161316 -0.173176 0.283063 -0.066480 -0.134339 0.276730 0.021520 -0.094998 0.262456 -0.210668 -0.015926 0.230928 -0.304185 -0.027389 0.402492 -0.382335 -0.006358 0.534920 -0.400391 -0.222305 0.449054 -0.467277 -0.229755 0.568439 -0.512205 -0.165285 0.654568 -0.267817 -0.187088 0.495050 -0.340252 -0.196551 0.639231 -0.360238 -0.067170 0.677969 -0.158008 -0.138098 0.467314 -0.223639 -0.140793 0.603975 -0.275861 -0.016603 0.593117 -0.033712 -0.133378 0.423896 -0.071730 -0.159795 0.535018 -0.146080 -0.093274 0.592027 
0.000000 0.000000 0.000000 -0.060512 0.000584 -0.044292 -0.284562 -0.227155 0.242312 -0.158442 -0.185457 0.276837 -0.065292 -0.142442 0.272935 0.021141 -0.099063 0.260980 -0.213041 -0.028333 0.227268 -0.308484 -0.046427 0.397193 -0.385338 -0.036429 0.531656 -0.395369 -0.236775 0.439922 -0.462337 -0.242589 0.559351 -0.508446 -0.177833 0.644637 -0.261817 -0.208892 0.489532 -0.332126 -0.224830 0.634194 -0.356324 -0.096044 0.672506 -0.156852 -0.156375 0.463031 -0.222506 -0.166365 0.599341 -0.276177 -0.042974 0.586609 -0.037406 -0.138687 0.420944 -0.077705 -0.165962 0.531050 -0.155684 -0.101120 0.585070 
0.000000 0.000000 0.000000 -0.059087 -0.002243 -0.046126 -0.280256 -0.241784 0.232996 -0.157463 -0.194040 0.271461 -0.066478 -0.146468 0.270507 0.018031 -0.098837 0.261299 -0.217789 -0.039141 0.220891 -0.317096 -0.062228 0.387973 -0.389064 -0.063792 0.525468 -0.393639 -0.249477 0.429224 -0.462164 -0.254127 0.547818 -0.510566 -0.188577 0.631207 -0.260331 -0.230280 0.482599 -0.330295 -0.254929 0.626203 -0.357953 -0.125260 0.658765 -0.159545 -0.167655 0.459195 -0.226281 -0.182847 0.594496 -0.283549 -0.061498 0.578288 -0.044391 -0.140833 0.419179 -0.087357 -0.169739 0.527851 -0.169330 -0.108112 0.579674 
0.000000 0.000000 0.000000 -0.057472 -0.004529 -0.047962 -0.277272 -0.253693 0.223719 -0.157803 -0.201075 0.266091 -0.068857 -0.149819 0.268066 0.013878 -0.098746 0.261587 -0.223476 -0.046262 0.213854 -0.327351 -0.072376 0.377681 -0.398527 -0.078804 0.515447 -0.394628 -0.262282 0.417559 -0.465555 -0.267473 0.534711 -0.518310 -0.202322 0.615738 -0.263438 -0.242567 0.474883 -0.335284 -0.270787 0.616891 -0.369856 -0.141793 0.645259 -0.166764 -0.174823 0.453814 -0.236970 -0.192752 0.587008 -0.297908 -0.073432 0.569188 -0.055120 -0.142095 0.416333 -0.102613 -0.171933 0.522848 -0.188879 -0.114174 0.572096 
0.000000 0.000000 0.000000 -0.056328 -0.005805 -0.049167 -0.275513 -0.261140 0.217230 -0.158296 -0.205710 0.262227 -0.070709 -0.152276 0.266193 0.010851 -0.099153 0.261576 -0.226126 -0.049379 0.209901 -0.332375 -0.076645 0.372009 -0.405997 -0.082556 0.508507 -0.395707 -0.270970 0.409264 -0.468348 -0.276912 0.525324 -0.523980 -0.211772 0.604413 -0.268533 -0.247300 0.468607 -0.343509 -0.275587 0.608974 -0.383489 -0.147921 0.636224 -0.171952 -0.180157 0.449731 -0.244549 -0.200149 0.581339 -0.308380 -0.082334 0.563639 -0.060802 -0.144812 0.414440 -0.110123 -0.176239 0.519659 -0.199189 -0.122752 0.568746 
0.000000 0.000000 0.000000 -0.055953 -0.006048 -0.049563 -0.277122 -0.260134 0.216389 -0.160255 -0.204472 0.262005 -0.072706 -0.151008 0.266377 0.008881 -0.097896 0.262123 -0.228192 -0.045885 0.208493 -0.335968 -0.070812 0.369968 -0.413217 -0.071145 0.504576 -0.395730 -0.268759 0.409464 -0.467413 -0.273971 0.526153 -0.522575 -0.205458 0.602679 -0.272970 -0.241858 0.467850 -0.349633 -0.267285 0.607853 -0.391304 -0.139947 0.634081 -0.175822 -0.178169 0.448978 -0.249763 -0.197645 0.579914 -0.314061 -0.080226 0.561296 -0.063096 -0.144662 0.414499 -0.112640 -0.176851 0.519383 -0.202325 -0.126474 0.570586 
0.000000 0.000000 0.000000 -0.056965 -0.004445 -0.048570 -0.283644 -0.245975 0.224350 -0.163909 -0.194455 0.267317 -0.074237 -0.144492 0.269550 0.009321 -0.094754 0.263260 -0.227093 -0.035490 0.212081 -0.333548 -0.054916 0.375179 -0.410935 -0.048042 0.509532 -0.398969 -0.250163 0.419549 -0.468669 -0.252694 0.537522 -0.521269 -0.179796 0.611767 -0.278326 -0.222889 0.473653 -0.356146 -0.242229 0.613991 -0.396314 -0.114622 0.641237 -0.177532 -0.163107 0.453119 -0.251601 -0.176455 0.584748 -0.316248 -0.059411 0.565011 -0.061222 -0.136095 0.417859 -0.109778 -0.164552 0.524273 -0.197087 -0.113442 0.578752 
0.000000 0.000000 0.000000 -0.058342 -0.001000 -0.047107 -0.293584 -0.224910 0.233483 -0.169649 -0.181159 0.273017 -0.076832 -0.137257 0.272587 0.009656 -0.093237 0.263789 -0.225965 -0.019256 0.216361 -0.330853 -0.030680 0.381223 -0.404831 -0.014100 0.516644 -0.406742 -0.223472 0.429986 -0.475131 -0.222603 0.548747 -0.524664 -0.146411 0.621784 -0.285977 -0.199303 0.479446 -0.365096 -0.211643 0.619847 -0.401218 -0.083393 0.649620 -0.180209 -0.146999 0.456793 -0.254336 -0.153984 0.588881 -0.315458 -0.034725 0.571295 -0.056519 -0.131861 0.421000 -0.102069 -0.158447 0.529211 -0.185635 -0.104226 0.586483 
0.000000 0.000000 0.000000 -0.059133 0.001463 -0.046099 -0.301742 -0.203244 0.242763 -0.174829 -0.165942 0.279348 -0.079680 -0.127458 0.276499 0.009009 -0.088648 0.265389 -0.222117 -0.003014 0.220852 -0.324101 -0.005816 0.387892 -0.392112 0.018383 0.525281 -0.411844 -0.193974 0.440783 -0.478386 -0.188372 0.560461 -0.524045 -0.107746 0.631227 -0.291541 -0.176196 0.486103 -0.370922 -0.183170 0.626725 -0.402274 -0.054272 0.659002 -0.180830 -0.130658 0.462166 -0.253360 -0.132952 0.595301 -0.310244 -0.011360 0.579572 -0.052219 -0.124730 0.425187 -0.094364 -0.149565 0.535180 -0.173003 -0.090396 0.594494 
0.000000 0.000000 0.000000 -0.060614 0.005786 -0.043777 -0.306042 -0.181032 0.254668 -0.175436 -0.153063 0.286237 -0.077930 -0.121577 0.279629 0.012842 -0.089292 0.265015 -0.214953 0.010864 0.228253 -0.311528 0.014041 0.398471 -0.369459 0.042939 0.539523 -0.411788 -0.163513 0.454496 -0.475698 -0.152925 0.575266 -0.515941 -0.068429 0.644793 -0.290906 -0.158009 0.493882 -0.369442 -0.161373 0.635110 -0.394098 -0.031799 0.670352 -0.173821 -0.118215 0.468062 -0.242581 -0.115805 0.603181 -0.296758 0.007431 0.591106 -0.045054 -0.119947 0.427171 -0.084905 -0.141047 0.538787 -0.158353 -0.077783 0.600481 
0.000000 0.000000 0.000000 -0.061434 0.008081 -0.042242 -0.306897 -0.165031 0.264328 -0.174396 -0.142601 0.292213 -0.075805 -0.115528 0.282759 0.015884 -0.087429 0.265471 -0.203757 0.022066 0.235957 -0.292813 0.030818 0.410036 -0.340068 0.063571 0.554192 -0.406307 -0.137952 0.466329 -0.466388 -0.121585 0.588413 -0.501119 -0.033798 0.656827 -0.285961 -0.143266 0.502039 -0.361842 -0.143718 0.644750 -0.379714 -0.013769 0.682607 -0.165359 -0.109154 0.474210 -0.229575 -0.104583 0.611491 -0.280234 0.020436 0.602999 -0.038129 -0.116007 0.429338 -0.075306 -0.135678 0.542130 -0.143910 -0.069818 0.606621 
0.000000 0.000000 0.000000 -0.061957 0.009419 -0.041189 -0.306195 -0.155737 0.270704 -0.172689 -0.136543 0.296094 -0.073628 -0.112044 0.284730 0.018421 -0.086385 0.265649 -0.196218 0.027081 0.240784 -0.280229 0.038133 0.417224 -0.322872 0.073705 0.562148 -0.400786 -0.123819 0.474307 -0.457954 -0.104529 0.597359 -0.488518 -0.014317 0.664596 -0.280209 -0.133144 0.507996 -0.353338 -0.130833 0.652119 -0.367235 -0.000495 0.690305 -0.158769 -0.102748 0.478065 -0.219820 -0.096082 0.616698 -0.269198 0.029563 0.610119 -0.032159 -0.114025 0.430767 -0.066975 -0.133050 0.544421 -0.132330 -0.065672 0.610694 
0.000000 0.000000 0.000000 -0.062285 0.010267 -0.040485 -0.304865 -0.154541 0.272882 -0.170927 -0.136777 0.297007 -0.071759 -0.113146 0.284771 0.020329 -0.088241 0.264899 -0.191717 0.027274 0.243776 -0.272707 0.037916 0.421649 -0.312749 0.073629 0.567278 -0.396532 -0.121869 0.477699 -0.451932 -0.102122 0.601484 -0.480579 -0.011233 0.668654 -0.276068 -0.133655 0.510104 -0.347579 -0.131531 0.655039 -0.359857 -0.001381 0.694402 -0.153771 -0.103897 0.479456 -0.212579 -0.097265 0.619057 -0.262228 0.028369 0.614683 -0.029876 -0.114979 0.430280 -0.064433 -0.133384 0.544115 -0.128598 -0.065396 0.610925 
0.000000 0.000000 0.000000 -0.062179 0.010588 -0.040566 -0.305718 -0.155539 0.271356 -0.171806 -0.138122 0.295876 -0.072574 -0.114584 0.283989 0.019598 -0.089718 0.264457 -0.190940 0.025558 0.244114 -0.271510 0.034924 0.422248 -0.309999 0.069669 0.568530 -0.397844 -0.122477 0.475905 -0.453522 -0.102496 0.599528 -0.482081 -0.011306 0.666326 -0.276904 -0.134764 0.508989 -0.348386 -0.132480 0.653937 -0.360627 -0.002616 0.694244 -0.154705 -0.106402 0.478671 -0.213599 -0.100535 0.618270 -0.264436 0.024675 0.615788 -0.030805 -0.116771 0.429727 -0.065498 -0.135393 0.543485 -0.129529 -0.067632 0.610654 
0.000000 0.000000 0.000000 -0.061559 0.008982 -0.041878 -0.305742 -0.172899 0.260611 -0.173250 -0.150771 0.288773 -0.074769 -0.123137 0.279809 0.016789 -0.094294 0.263055 -0.196195 0.012671 0.240444 -0.280442 0.014979 0.417103 -0.324136 0.044796 0.563009 -0.401827 -0.145856 0.464219 -0.459899 -0.129512 0.587275 -0.491943 -0.040681 0.655651 -0.282776 -0.155633 0.499616 -0.357269 -0.158939 0.643019 -0.373809 -0.030654 0.686709 -0.160238 -0.119730 0.473193 -0.221524 -0.117288 0.611861 -0.275822 0.006485 0.611699 -0.038559 -0.126026 0.425892 -0.076655 -0.147869 0.537977 -0.143975 -0.083107 0.604887 
0.000000 0.000000 0.000000 -0.060944 0.006937 -0.043146 -0.301225 -0.200049 0.246036 -0.171002 -0.171305 0.278479 -0.074142 -0.137661 0.273128 0.015928 -0.102924 0.259854 -0.203791 -0.005232 0.234869 -0.293175 -0.012848 0.408834 -0.343931 0.008015 0.554008 -0.402742 -0.188082 0.448450 -0.464096 -0.180850 0.570783 -0.501733 -0.096574 0.642016 -0.283539 -0.190469 0.486908 -0.360080 -0.203503 0.628669 -0.382240 -0.076852 0.674577 -0.164584 -0.143748 0.464169 -0.229436 -0.148112 0.601158 -0.289305 -0.026938 0.601947 -0.045377 -0.140621 0.419249 -0.087574 -0.166568 0.528964 -0.160470 -0.106109 0.594033 
0.000000 0.000000 0.000000 -0.059541 0.002884 -0.045503 -0.293011 -0.230024 0.229180 -0.167046 -0.191374 0.267598 -0.073204 -0.149713 0.266971 0.014102 -0.107340 0.258167 -0.210943 -0.025559 0.226737 -0.305681 -0.043357 0.397087 -0.362125 -0.033892 0.541349 -0.400329 -0.233674 0.428904 -0.465188 -0.235880 0.549612 -0.508117 -0.155773 0.622639 -0.282321 -0.225074 0.472661 -0.360723 -0.247995 0.612132 -0.390388 -0.123626 0.660004 -0.168142 -0.166293 0.455187 -0.236219 -0.178181 0.590150 -0.302864 -0.060618 0.592462 -0.051362 -0.153156 0.413736 -0.096422 -0.184692 0.520817 -0.174938 -0.130608 0.584953 
0.000000 0.000000 0.000000 -0.058221 0.000615 -0.047264 -0.282269 -0.259934 0.209878 -0.160621 -0.214137 0.253936 -0.070057 -0.165933 0.258078 0.014179 -0.117129 0.253872 -0.221442 -0.048696 0.214984 -0.323575 -0.079551 0.379081 -0.385720 -0.083928 0.521228 -0.396567 -0.284507 0.404178 -0.465645 -0.299358 0.521607 -0.513379 -0.221866 0.594475 -0.277837 -0.264707 0.454379 -0.357562 -0.299101 0.590709 -0.396928 -0.177916 0.639735 -0.173322 -0.192578 0.440671 -0.247370 -0.211684 0.571601 -0.321522 -0.098903 0.578658 -0.058944 -0.171926 0.402991 -0.109277 -0.209645 0.505632 -0.194220 -0.166457 0.569840 
0.000000 0.000000 0.000000 -0.054569 -0.005372 -0.051159 -0.259475 -0.300130 0.184078 -0.147944 -0.240556 0.237451 -0.064850 -0.181340 0.248911 0.012456 -0.122080 0.251620 -0.231486 -0.078265 0.196294 -0.342190 -0.123877 0.351134 -0.405215 -0.147767 0.490934 -0.379468 -0.345786 0.370993 -0.451989 -0.373380 0.483960 -0.507046 -0.297659 0.553446 -0.266972 -0.309685 0.431172 -0.347928 -0.356702 0.562930 -0.399298 -0.238992 0.609242 -0.175799 -0.220088 0.424703 -0.255355 -0.247873 0.550756 -0.339653 -0.142455 0.557762 -0.064837 -0.188288 0.393847 -0.118040 -0.233860 0.491744 -0.211058 -0.200509 0.550383 
0.000000 0.000000 0.000000 -0.050267 -0.011583 -0.054433 -0.228096 -0.334663 0.165116 -0.128735 -0.261932 0.225735 -0.054990 -0.192555 0.242786 0.013541 -0.123739 0.250752 -0.231872 -0.106554 0.181885 -0.345509 -0.165981 0.329758 -0.398604 -0.208411 0.469284 -0.347231 -0.399575 0.346812 -0.419232 -0.438807 0.456625 -0.481605 -0.365325 0.522223 -0.244603 -0.348582 0.414257 -0.323410 -0.407517 0.542479 -0.387840 -0.296031 0.587855 -0.167744 -0.246548 0.413329 -0.248596 -0.285264 0.535619 -0.343517 -0.189402 0.543896 -0.062907 -0.201390 0.387545 -0.115528 -0.254839 0.481702 -0.214263 -0.232173 0.535930 
0.000000 0.000000 0.000000 -0.046290 -0.018117 -0.056150 -0.186102 -0.363146 0.157422 -0.099735 -0.277798 0.221402 -0.036751 -0.199099 0.240946 0.021464 -0.121635 0.251228 -0.218605 -0.130075 0.179687 -0.326428 -0.200132 0.327259 -0.363911 -0.254359 0.467763 -0.290937 -0.444835 0.341151 -0.354297 -0.494206 0.452192 -0.422438 -0.420149 0.511061 -0.203010 -0.377970 0.410542 -0.273252 -0.446101 0.539184 -0.349082 -0.342128 0.584777 -0.143147 -0.267030 0.410590 -0.219439 -0.315741 0.532235 -0.324685 -0.233050 0.551040 -0.045283 -0.210198 0.386460 -0.091227 -0.271157 0.479543 -0.190102 -0.265216 0.537781 
0.000000 0.000000 0.000000 -0.042511 -0.024573 -0.056682 -0.139131 -0.383210 0.158376 -0.065927 -0.286625 0.222793 -0.014251 -0.200113 0.242483 0.033022 -0.115536 0.252848 -0.200482 -0.151221 0.181755 -0.299330 -0.230469 0.330952 -0.330728 -0.288556 0.471405 -0.227483 -0.474802 0.346059 -0.280880 -0.530157 0.459490 -0.354442 -0.452207 0.505376 -0.154186 -0.395590 0.414657 -0.214213 -0.469701 0.545151 -0.299405 -0.369762 0.582486 -0.112966 -0.277837 0.412565 -0.183751 -0.333569 0.534525 -0.297416 -0.264159 0.557557 -0.023525 -0.211384 0.387763 -0.062447 -0.277358 0.480627 -0.157729 -0.289691 0.543653 
0.000000 0.000000 0.000000 -0.036573 -0.032122 -0.057048 -0.085468 -0.395477 0.166084 -0.029521 -0.287385 0.229512 0.008056 -0.193631 0.247968 0.041864 -0.102692 0.257047 -0.175284 -0.166869 0.188815 -0.262081 -0.251186 0.342659 -0.292152 -0.309302 0.483390 -0.160687 -0.486142 0.359841 -0.206148 -0.540938 0.476943 -0.284933 -0.461259 0.509151 -0.102012 -0.398629 0.426602 -0.151316 -0.474290 0.560650 -0.246220 -0.381067 0.591342 -0.078749 -0.275798 0.422402 -0.140994 -0.334717 0.547482 -0.261071 -0.277641 0.571812 -0.001164 -0.199846 0.395956 -0.030781 -0.266720 0.491570 -0.119494 -0.293696 0.559432 
0.000000 0.000000 0.000000 -0.032775 -0.038940 -0.055076 -0.040896 -0.393253 0.187001 0.002675 -0.276431 0.244369 0.029584 -0.178242 0.257684 0.053059 -0.083757 0.261803 -0.147638 -0.166754 0.206298 -0.219512 -0.246732 0.369848 -0.231619 -0.297948 0.515853 -0.103933 -0.477845 0.387727 -0.142031 -0.528969 0.509040 -0.225651 -0.452541 0.536600 -0.051037 -0.382500 0.450133 -0.087568 -0.454642 0.590082 -0.189951 -0.370751 0.623536 -0.041217 -0.258046 0.440255 -0.091986 -0.315270 0.571170 -0.215988 -0.275679 0.607558 0.024852 -0.174221 0.408796 0.005437 -0.236489 0.509974 -0.071007 -0.273050 0.587580 
0.000000 0.000000 0.000000 -0.026535 -0.045554 -0.053335 0.005452 -0.385173 0.207128 0.032825 -0.260982 0.258744 0.046870 -0.159619 0.267154 0.058153 -0.062832 0.266536 -0.118327 -0.160050 0.222910 -0.175764 -0.231694 0.395766 -0.171710 -0.268555 0.546470 -0.052010 -0.455622 0.414866 -0.086739 -0.498200 0.540417 -0.174590 -0.425104 0.563493 -0.004897 -0.360226 0.471352 -0.030552 -0.427726 0.615955 -0.138022 -0.350866 0.650335 -0.011516 -0.232377 0.456920 -0.053382 -0.284549 0.592994 -0.178034 -0.262827 0.640513 0.042890 -0.142660 0.421393 0.032383 -0.197607 0.527984 -0.031984 -0.239291 0.613556 
0.000000 0.000000 0.000000 -0.022162 -0.050556 -0.050763 0.045673 -0.372026 0.225391 0.060724 -0.243327 0.270633 0.064529 -0.140775 0.273979 0.065987 -0.043493 0.268561 -0.093670 -0.153120 0.235966 -0.138416 -0.217298 0.415382 -0.132161 -0.242843 0.568337 -0.006672 -0.431333 0.437906 -0.038308 -0.467176 0.566345 -0.129141 -0.396651 0.585549 0.035911 -0.331228 0.490023 0.019035 -0.391014 0.639239 -0.092431 -0.318093 0.669193 0.013493 -0.205600 0.468676 -0.023104 -0.252082 0.608285 -0.147122 -0.237114 0.659894 0.057085 -0.113137 0.428739 0.050958 -0.161074 0.538992 -0.005208 -0.203305 0.629904 
0.000000 0.000000 0.000000 -0.022371 -0.054210 -0.046740 0.075161 -0.356658 0.241736 0.086426 -0.225122 0.279264 0.085510 -0.122474 0.277010 0.082043 -0.025668 0.266423 -0.066671 -0.138927 0.251097 -0.094391 -0.191938 0.437464 -0.093601 -0.207219 0.591907 0.030209 -0.402705 0.459173 0.003040 -0.430535 0.590587 -0.087813 -0.361064 0.613226 0.073918 -0.303592 0.503229 0.065410 -0.356964 0.655556 -0.044479 -0.283257 0.689186 0.045234 -0.177318 0.477219 0.016353 -0.216645 0.620781 -0.102904 -0.206853 0.683629 0.084819 -0.083619 0.431409 0.086730 -0.123507 0.544972 0.042147 -0.162911 0.643272 
0.000000 0.000000 0.000000 -0.021990 -0.056132 -0.044604 0.101587 -0.347733 0.245056 0.108647 -0.215049 0.279440 0.103070 -0.112612 0.275211 0.094838 -0.016301 0.262890 -0.046711 -0.137843 0.256325 -0.062179 -0.188972 0.444627 -0.068915 -0.202864 0.599057 0.064027 -0.394384 0.463764 0.041327 -0.422578 0.595945 -0.049528 -0.356476 0.627070 0.098917 -0.287025 0.505713 0.092299 -0.335979 0.659610 -0.014961 -0.263326 0.702694 0.075727 -0.166752 0.477782 0.056120 -0.205574 0.623038 -0.056945 -0.205492 0.697094 0.111431 -0.068978 0.428830 0.122853 -0.105236 0.543050 0.086158 -0.142386 0.645404 
0.000000 0.000000 0.000000 -0.025036 -0.057442 -0.041201 0.115772 -0.340049 0.249507 0.125553 -0.206346 0.278917 0.120121 -0.104073 0.271636 0.111493 -0.008174 0.256659 -0.034159 -0.136375 0.261342 -0.039868 -0.185766 0.450654 -0.051317 -0.200309 0.604746 0.080829 -0.389899 0.467943 0.059710 -0.420026 0.599960 -0.028760 -0.359555 0.645889 0.115428 -0.281493 0.504139 0.108541 -0.332603 0.657322 0.006063 -0.263320 0.715091 0.107351 -0.157093 0.475938 0.098194 -0.195112 0.622436 -0.006951 -0.201606 0.707114 0.145683 -0.053928 0.421958 0.169217 -0.085421 0.535737 0.137029 -0.115790 0.641778 
0.000000 0.000000 0.000000 -0.028732 -0.058534 -0.037042 0.130153 -0.332383 0.252729 0.143688 -0.197855 0.276305 0.138929 -0.095846 0.265628 0.130332 -0.000441 0.247759 -0.019376 -0.138951 0.265103 -0.013521 -0.189271 0.454166 -0.029169 -0.206832 0.607573 0.105424 -0.383945 0.472160 0.090478 -0.415108 0.604778 0.005725 -0.358398 0.661294 0.137287 -0.275295 0.500886 0.132934 -0.327965 0.653632 0.036337 -0.263959 0.725824 0.143054 -0.155700 0.468395 0.146012 -0.198618 0.613791 0.044222 -0.205536 0.702442 0.185018 -0.037949 0.409589 0.222660 -0.063766 0.520979 0.189248 -0.088044 0.628205 
0.000000 0.000000 0.000000 -0.029284 -0.059005 -0.035843 0.145164 -0.330086 0.247509 0.157568 -0.195341 0.270465 0.150830 -0.093429 0.259938 0.140072 0.001815 0.242379 -0.005881 -0.132724 0.267248 0.008764 -0.178852 0.456902 -0.006001 -0.197393 0.610281 0.123446 -0.376959 0.468307 0.110320 -0.405288 0.601750 0.028340 -0.346162 0.659859 0.155213 -0.271026 0.495722 0.153613 -0.322502 0.648929 0.062783 -0.260747 0.730019 0.175661 -0.155040 0.460689 0.193467 -0.199219 0.604640 0.093479 -0.199770 0.695581 0.210865 -0.036446 0.397655 0.259594 -0.062782 0.504535 0.226688 -0.086100 0.612129 
0.000000 0.000000 0.000000 -0.037011 -0.057414 -0.030947 0.140854 -0.333647 0.245215 0.165887 -0.199766 0.262130 0.166257 -0.097985 0.248604 0.161464 -0.002720 0.228677 -0.000567 -0.140446 0.268425 0.022237 -0.192402 0.455753 0.013562 -0.210935 0.609597 0.126995 -0.386691 0.465247 0.118620 -0.418750 0.598229 0.041763 -0.357279 0.660738 0.169871 -0.279327 0.486024 0.172580 -0.333440 0.638304 0.090670 -0.273860 0.729847 0.199525 -0.171953 0.443887 0.223381 -0.224992 0.583918 0.129218 -0.218479 0.680659 0.244575 -0.049513 0.375269 0.301782 -0.081721 0.476171 0.275979 -0.105639 0.585557 
0.000000 0.000000 0.000000 -0.037420 -0.056570 -0.031992 0.144533 -0.340175 0.233841 0.169735 -0.206790 0.254097 0.169857 -0.104674 0.243389 0.164728 -0.008899 0.226179 0.009423 -0.140687 0.265626 0.038734 -0.193321 0.451856 0.034884 -0.213351 0.605710 0.138727 -0.391853 0.454558 0.135219 -0.423086 0.587953 0.063278 -0.359569 0.654159 0.178163 -0.291238 0.476070 0.183895 -0.348674 0.627043 0.108717 -0.293486 0.726751 0.217508 -0.187527 0.432012 0.251677 -0.246938 0.567265 0.164096 -0.238777 0.669886 0.264143 -0.065814 0.358328 0.332574 -0.104990 0.449288 0.313850 -0.132338 0.559310 
0.000000 0.000000 0.000000 -0.043343 -0.054814 -0.027216 0.134606 -0.340876 0.238695 0.170518 -0.209051 0.251711 0.177243 -0.107699 0.236711 0.177870 -0.012523 0.215816 0.010733 -0.146286 0.266987 0.044570 -0.203523 0.451079 0.042897 -0.223874 0.604929 0.135291 -0.394995 0.458901 0.135705 -0.427703 0.591988 0.066370 -0.360800 0.657636 0.181144 -0.298052 0.471803 0.188370 -0.358586 0.621496 0.118206 -0.305452 0.725866 0.228586 -0.205327 0.417117 0.265402 -0.275333 0.546479 0.184781 -0.267490 0.654677 0.278558 -0.078962 0.342442 0.347862 -0.124693 0.429602 0.336718 -0.152836 0.540448 
0.000000 0.000000 0.000000 -0.044096 -0.053965 -0.027698 0.134528 -0.346207 0.230939 0.171663 -0.214930 0.245915 0.179043 -0.113380 0.232669 0.180210 -0.017849 0.213487 0.013236 -0.144905 0.266053 0.049111 -0.201810 0.449862 0.052244 -0.221881 0.603726 0.139783 -0.402386 0.450567 0.142958 -0.436339 0.583304 0.078594 -0.366267 0.650685 0.189389 -0.303688 0.465647 0.201446 -0.364056 0.615096 0.138417 -0.311200 0.724059 0.235827 -0.211769 0.411019 0.276545 -0.282321 0.538907 0.202791 -0.272617 0.651753 0.290764 -0.089357 0.328600 0.366860 -0.138577 0.407834 0.363463 -0.168299 0.518776 
0.000000 0.000000 0.000000 -0.046516 -0.052767 -0.025996 0.135829 -0.350394 0.223752 0.176711 -0.220111 0.237616 0.185965 -0.118706 0.224438 0.188615 -0.023142 0.205573 0.019358 -0.147967 0.264596 0.060578 -0.207537 0.446430 0.069196 -0.230749 0.599642 0.143486 -0.404507 0.443827 0.148114 -0.437211 0.576835 0.086969 -0.365816 0.645807 0.194003 -0.308744 0.457433 0.205765 -0.369026 0.606940 0.148429 -0.323045 0.721995 0.247220 -0.220799 0.399191 0.291143 -0.294005 0.524499 0.224145 -0.286928 0.641671 0.300123 -0.100278 0.316036 0.376876 -0.153372 0.392071 0.377196 -0.184793 0.502595 
0.000000 0.000000 0.000000 -0.047555 -0.052494 -0.024634 0.145356 -0.352939 0.213533 0.186734 -0.222795 0.227223 0.195375 -0.121228 0.214892 0.197181 -0.025441 0.197087 0.026113 -0.151334 0.262855 0.072209 -0.213182 0.442747 0.085192 -0.242175 0.594660 0.161540 -0.413843 0.431361 0.171321 -0.450652 0.563010 0.113779 -0.381478 0.637151 0.206321 -0.315955 0.444966 0.219644 -0.379318 0.593061 0.165706 -0.341126 0.712524 0.264023 -0.228070 0.383966 0.313248 -0.304682 0.505202 0.253135 -0.301825 0.626224 0.312958 -0.104215 0.301857 0.392650 -0.158436 0.373972 0.396118 -0.191048 0.484097 
0.000000 0.000000 0.000000 -0.049348 -0.051009 -0.024223 0.144352 -0.360113 0.201920 0.188807 -0.231136 0.216946 0.199176 -0.129531 0.206390 0.202430 -0.033453 0.190458 0.029570 -0.157193 0.259226 0.078953 -0.223636 0.436590 0.091918 -0.256054 0.587811 0.165809 -0.421073 0.419276 0.178777 -0.457915 0.550640 0.123564 -0.388875 0.626654 0.212784 -0.324090 0.434337 0.229092 -0.387312 0.582194 0.179933 -0.351429 0.704403 0.267025 -0.238108 0.374679 0.315677 -0.315964 0.495353 0.256997 -0.313347 0.617082 0.320393 -0.110047 0.294402 0.401589 -0.162768 0.365950 0.405355 -0.196126 0.475841 
0.000000 0.000000 0.000000 -0.051151 -0.049514 -0.023576 0.138417 -0.365133 0.197001 0.186599 -0.237491 0.211934 0.199494 -0.136135 0.201781 0.205028 -0.040078 0.186356 0.028255 -0.163463 0.256703 0.077942 -0.234765 0.432084 0.091275 -0.269632 0.582727 0.162528 -0.431494 0.412489 0.177101 -0.471601 0.542724 0.124806 -0.401199 0.619549 0.214265 -0.337161 0.425885 0.233081 -0.404951 0.571401 0.188034 -0.370438 0.695574 0.268947 -0.247418 0.367631 0.318748 -0.327215 0.486555 0.261277 -0.323204 0.608821 0.317258 -0.126361 0.289049 0.394509 -0.185751 0.359735 0.395216 -0.219577 0.469545 
0.000000 0.000000 0.000000 -0.050241 -0.049541 -0.025406 0.137747 -0.367221 0.193559 0.184500 -0.239445 0.211574 0.196696 -0.137826 0.203374 0.201683 -0.041479 0.189670 0.029674 -0.165453 0.253923 0.079679 -0.237982 0.428709 0.096723 -0.275917 0.578232 0.159817 -0.433025 0.409436 0.173155 -0.472796 0.539906 0.122406 -0.404736 0.619816 0.212728 -0.337269 0.426301 0.231928 -0.403804 0.572346 0.187143 -0.369596 0.696698 0.266544 -0.248426 0.369514 0.316630 -0.327733 0.488646 0.258634 -0.323716 0.610664 0.314570 -0.126214 0.292930 0.392272 -0.184539 0.364007 0.391302 -0.218030 0.473918 
0.000000 0.000000 0.000000 -0.049448 -0.050512 -0.025047 0.140235 -0.362514 0.200519 0.185367 -0.233939 0.216908 0.196473 -0.132327 0.207205 0.200479 -0.036156 0.192021 0.026070 -0.162570 0.257063 0.073324 -0.232688 0.433590 0.093084 -0.270043 0.582925 0.160216 -0.434573 0.414595 0.172292 -0.478123 0.543976 0.121027 -0.415224 0.627695 0.212495 -0.331702 0.431805 0.230946 -0.398194 0.577966 0.183336 -0.366641 0.701970 0.260945 -0.241827 0.376223 0.307176 -0.320345 0.497418 0.247290 -0.318759 0.618576 0.311859 -0.119008 0.298400 0.388524 -0.176036 0.371622 0.386773 -0.209692 0.481473 
0.000000 0.000000 0.000000 -0.048953 -0.050566 -0.025896 0.137819 -0.362574 0.202081 0.182435 -0.233938 0.219380 0.193490 -0.132289 0.210018 0.197541 -0.036085 0.195055 0.022059 -0.156257 0.259819 0.066493 -0.222391 0.438601 0.086204 -0.256269 0.588770 0.159293 -0.428139 0.418090 0.172272 -0.467765 0.548641 0.122279 -0.407322 0.634899 0.208273 -0.326607 0.436680 0.225846 -0.389635 0.584475 0.179142 -0.358955 0.709041 0.258598 -0.238572 0.380835 0.305285 -0.314784 0.503321 0.245540 -0.312962 0.624545 0.308534 -0.116970 0.303335 0.384933 -0.172644 0.377866 0.382611 -0.205066 0.488078 
0.000000 0.000000 0.000000 -0.049014 -0.050347 -0.026205 0.132428 -0.362364 0.206023 0.177823 -0.233971 0.223100 0.189786 -0.132471 0.213258 0.194775 -0.036396 0.197760 0.018606 -0.154168 0.261015 0.060919 -0.219133 0.440738 0.078871 -0.252634 0.591211 0.150555 -0.431818 0.421122 0.161510 -0.473795 0.551122 0.112945 -0.417061 0.640654 0.200622 -0.326722 0.440706 0.216129 -0.389805 0.588708 0.170350 -0.363434 0.714597 0.251566 -0.239077 0.385107 0.295866 -0.315519 0.508334 0.235451 -0.313129 0.629216 0.304234 -0.117012 0.307788 0.379576 -0.172502 0.383523 0.376084 -0.203982 0.493976 
0.000000 0.000000 0.000000 -0.049104 -0.050420 -0.025894 0.127536 -0.359835 0.213410 0.173697 -0.231508 0.228847 0.186517 -0.130274 0.217454 0.192382 -0.034509 0.200423 0.014473 -0.153097 0.262657 0.054255 -0.217346 0.443214 0.069087 -0.250135 0.594183 0.153307 -0.427114 0.428420 0.168883 -0.467776 0.558366 0.121208 -0.414139 0.650254 0.200640 -0.323208 0.446423 0.218965 -0.385577 0.594406 0.173743 -0.363127 0.721254 0.246003 -0.236056 0.390617 0.288658 -0.311908 0.514785 0.227491 -0.309794 0.635293 0.298049 -0.114014 0.314877 0.370782 -0.168738 0.393658 0.365717 -0.199880 0.504146 
0.000000 0.000000 0.000000 -0.046925 -0.051410 -0.027910 0.126215 -0.357339 0.218332 0.168988 -0.228089 0.235703 0.180129 -0.126594 0.224886 0.184669 -0.030705 0.208148 0.010024 -0.150144 0.263388 0.045660 -0.211926 0.445663 0.057329 -0.242228 0.597428 0.144406 -0.423446 0.434478 0.155400 -0.463399 0.565111 0.106641 -0.413162 0.658341 0.196563 -0.320257 0.453002 0.215318 -0.382944 0.600797 0.170592 -0.362851 0.728214 0.240410 -0.230804 0.398726 0.283636 -0.305530 0.523379 0.222256 -0.304909 0.643795 0.291862 -0.108661 0.322248 0.365645 -0.162319 0.400786 0.360359 -0.193669 0.511205 
0.000000 0.000000 0.000000 -0.046523 -0.051537 -0.028347 0.121434 -0.355827 0.223453 0.164169 -0.226529 0.240563 0.175728 -0.125147 0.229138 0.180784 -0.029406 0.211716 0.002622 -0.150239 0.264380 0.033374 -0.212000 0.447549 0.040224 -0.240871 0.599886 0.136545 -0.422054 0.439799 0.145679 -0.462080 0.570553 0.097751 -0.416563 0.666597 0.184102 -0.320964 0.457724 0.197659 -0.385193 0.605425 0.155354 -0.369156 0.734236 0.231291 -0.228783 0.404882 0.271133 -0.303096 0.530902 0.209559 -0.303155 0.651221 0.283878 -0.108757 0.328597 0.354839 -0.163376 0.409050 0.349597 -0.194398 0.519563 
0.000000 0.000000 0.000000 -0.044816 -0.052369 -0.029544 0.121787 -0.353543 0.226860 0.161721 -0.223495 0.245018 0.171760 -0.121924 0.233836 0.175560 -0.026112 0.216490 -0.003155 -0.146342 0.265887 0.022914 -0.205144 0.450749 0.025512 -0.233403 0.603332 0.137893 -0.421280 0.442666 0.147628 -0.462218 0.573094 0.099879 -0.423769 0.672265 0.185265 -0.318701 0.461480 0.201278 -0.383454 0.608705 0.161874 -0.372758 0.738982 0.227350 -0.219221 0.413159 0.267211 -0.288989 0.541745 0.204854 -0.290011 0.661655 0.276575 -0.100893 0.338104 0.346106 -0.152366 0.421814 0.341820 -0.183408 0.532363 
0.000000 0.000000 0.000000 -0.042950 -0.053353 -0.030539 0.127936 -0.351671 0.226386 0.164079 -0.220723 0.245961 0.171539 -0.118846 0.235577 0.173009 -0.022850 0.218900 -0.004105 -0.154938 0.262749 0.020203 -0.218503 0.446270 0.020542 -0.252120 0.597784 0.145580 -0.423928 0.440600 0.156243 -0.467599 0.570065 0.107334 -0.438881 0.671928 0.198559 -0.318920 0.459603 0.222011 -0.385707 0.604910 0.184220 -0.381336 0.736028 0.230640 -0.217602 0.412969 0.273019 -0.288417 0.540170 0.213967 -0.296602 0.661471 0.274297 -0.091116 0.344066 0.344015 -0.138106 0.430221 0.343021 -0.168882 0.540923 
0.000000 0.000000 0.000000 -0.040840 -0.054327 -0.031696 0.135022 -0.349820 0.225134 0.166879 -0.218036 0.246473 0.171410 -0.115886 0.237140 0.170229 -0.019733 0.221368 -0.015707 -0.177929 0.254550 0.000019 -0.255271 0.433665 -0.009099 -0.304347 0.580618 0.162578 -0.432068 0.434648 0.179232 -0.481777 0.561273 0.129639 -0.469749 0.666101 0.215482 -0.326486 0.452266 0.248539 -0.400246 0.592235 0.211482 -0.407704 0.723424 0.234531 -0.219259 0.410470 0.279793 -0.293385 0.534759 0.226438 -0.317360 0.656605 0.272655 -0.087736 0.345750 0.343157 -0.134543 0.431364 0.351312 -0.171693 0.539792 