97
0.000000 0.000000 0.000000 -0.069563 -0.018748 -0.020818 -0.098330 -0.284781 0.317051 0.005616 -0.209574 0.303619 0.069398 -0.145732 0.270171 0.124283 -0.086609 0.235423 -0.027277 -0.002038 0.288664 -0.000817 0.008417 0.482318 0.023513 0.011845 0.635560 -0.024639 -0.237347 0.526191 0.019899 -0.208680 0.652590 0.060795 -0.137849 0.735678 0.051210 -0.263802 0.530456 0.080943 -0.190021 0.671157 0.093826 -0.065664 0.726010 0.145588 -0.146055 0.467424 0.189061 -0.073896 0.593495 0.181039 0.060952 0.597921 0.187450 -0.052207 0.394836 0.230930 -0.028527 0.504563 0.188066 0.076778 0.521198 
0.000000 0.000000 0.000000 -0.069456 -0.019145 -0.020815 -0.098668 -0.281349 0.319997 0.005149 -0.206063 0.306021 0.068890 -0.142463 0.272038 0.123748 -0.083617 0.236782 -0.037113 -0.001240 0.289797 -0.016874 0.009964 0.484157 0.015135 0.012289 0.636002 -0.033034 -0.238890 0.532857 0.006634 -0.213229 0.661504 0.045091 -0.142427 0.745773 0.056022 -0.253225 0.533314 0.084757 -0.183962 0.676498 0.090656 -0.055903 0.723458 0.142440 -0.147236 0.470233 0.187338 -0.079160 0.598063 0.180763 0.055756 0.593305 0.188687 -0.049154 0.395469 0.233386 -0.025433 0.504696 0.190357 0.080651 0.514585 
0.000000 0.000000 0.000000 -0.070173 -0.017419 -0.019906 -0.101589 -0.278501 0.321570 0.003893 -0.205850 0.306183 0.068767 -0.143896 0.271314 0.124626 -0.086473 0.235291 -0.043930 0.001504 0.291220 -0.027508 0.013344 0.485902 0.006592 0.013883 0.637308 -0.035018 -0.244038 0.535581 0.005215 -0.223209 0.664923 0.039195 -0.157101 0.754747 0.055919 -0.257931 0.532137 0.080874 -0.195449 0.679099 0.077842 -0.065805 0.721793 0.132302 -0.141991 0.472990 0.172495 -0.085360 0.607780 0.164053 0.049217 0.598522 0.188811 -0.048531 0.393490 0.232991 -0.022414 0.502381 0.187772 0.083038 0.508566 
0.000000 0.000000 0.000000 -0.067958 -0.022261 -0.022584 -0.090766 -0.291371 0.313297 0.009365 -0.210725 0.302728 0.070478 -0.143428 0.271123 0.122988 -0.081301 0.237982 -0.048760 -0.009161 0.289356 -0.036748 -0.000964 0.484547 -0.000181 -0.005239 0.635316 -0.037219 -0.258734 0.531214 -0.004857 -0.239010 0.662917 0.022285 -0.175322 0.756727 0.064202 -0.268860 0.526531 0.079580 -0.195677 0.669823 0.063930 -0.065568 0.708110 0.129308 -0.137500 0.474144 0.162102 -0.067608 0.604645 0.148414 0.066318 0.592626 0.189347 -0.039317 0.394250 0.235024 -0.010418 0.501813 0.182714 0.091821 0.505567 
0.000000 0.000000 0.000000 -0.067774 -0.022345 -0.023051 -0.083904 -0.305868 0.301156 0.014886 -0.223278 0.293364 0.074714 -0.153739 0.264251 0.126009 -0.089436 0.233440 -0.056557 -0.030860 0.289436 -0.049537 -0.036189 0.484969 -0.014021 -0.047526 0.635624 -0.039576 -0.278829 0.521892 -0.012786 -0.262486 0.655298 0.007202 -0.200317 0.751883 0.070165 -0.295406 0.512946 0.083247 -0.243890 0.665588 0.058375 -0.116104 0.706714 0.134524 -0.165316 0.466741 0.164146 -0.098922 0.599802 0.143813 0.034319 0.589719 0.190914 -0.048669 0.390639 0.235589 -0.020609 0.498843 0.174065 0.076401 0.501476 
0.000000 0.000000 0.000000 -0.065501 -0.024131 -0.027409 -0.077800 -0.331622 0.274344 0.016417 -0.243536 0.276691 0.073291 -0.168922 0.255225 0.122009 -0.099850 0.231333 -0.070596 -0.065278 0.282635 -0.073784 -0.091025 0.476641 -0.045255 -0.111898 0.627761 -0.045126 -0.324232 0.498616 -0.025379 -0.319766 0.634160 -0.013669 -0.262977 0.735308 0.058944 -0.323139 0.496530 0.057505 -0.282996 0.653090 0.021036 -0.160643 0.701454 0.119898 -0.191026 0.460293 0.135474 -0.130118 0.598273 0.107065 0.001949 0.593864 0.173949 -0.063111 0.394240 0.209700 -0.037823 0.506372 0.139577 0.053180 0.508495 
0.000000 0.000000 0.000000 -0.062179 -0.025087 -0.033591 -0.072725 -0.360042 0.237427 0.015533 -0.267387 0.253772 0.068796 -0.187973 0.242856 0.114419 -0.114298 0.228507 -0.087463 -0.091588 0.271015 -0.103284 -0.133201 0.461617 -0.086559 -0.166323 0.612316 -0.065547 -0.365345 0.464011 -0.061209 -0.368550 0.600953 -0.062183 -0.318695 0.706341 0.040904 -0.357085 0.472370 0.026936 -0.341729 0.632662 -0.021623 -0.227731 0.689986 0.098603 -0.219422 0.449826 0.100126 -0.176776 0.595324 0.061676 -0.047268 0.599497 0.157095 -0.091368 0.396552 0.186470 -0.075585 0.512221 0.108699 0.008928 0.515737 
0.000000 0.000000 0.000000 -0.055023 -0.026645 -0.043433 -0.067631 -0.386072 0.194075 0.009031 -0.288622 0.229681 0.055666 -0.204485 0.232666 0.095700 -0.126325 0.230770 -0.107816 -0.117373 0.251232 -0.140850 -0.174145 0.435614 -0.140497 -0.221537 0.583400 -0.082525 -0.410856 0.418984 -0.091526 -0.425835 0.554913 -0.107799 -0.384501 0.662708 0.012595 -0.384928 0.446906 -0.011993 -0.399364 0.606002 -0.074772 -0.295461 0.668470 0.069788 -0.248004 0.439113 0.060431 -0.228411 0.589177 0.012115 -0.102598 0.599413 0.122188 -0.116795 0.403378 0.140421 -0.110235 0.522188 0.056137 -0.032157 0.523941 
0.000000 0.000000 0.000000 -0.049091 -0.024094 -0.051317 -0.072632 -0.404173 0.150529 -0.003955 -0.308257 0.202730 0.038820 -0.223442 0.218204 0.075778 -0.144315 0.227600 -0.132724 -0.144911 0.224826 -0.185055 -0.220510 0.397619 -0.204841 -0.284484 0.537629 -0.114534 -0.451804 0.368234 -0.139859 -0.480591 0.499809 -0.173825 -0.448811 0.606718 -0.044646 -0.397215 0.419306 -0.072322 -0.457718 0.566608 -0.149312 -0.364878 0.630582 0.026072 -0.284103 0.420371 -0.007223 -0.275150 0.568026 -0.064638 -0.153517 0.581328 0.074974 -0.148884 0.402428 0.074420 -0.152029 0.522765 -0.015220 -0.080185 0.520244 
0.000000 0.000000 0.000000 -0.044787 -0.019138 -0.057024 -0.087497 -0.414194 0.109899 -0.022814 -0.323814 0.175389 0.019054 -0.241133 0.201341 0.055598 -0.163542 0.220304 -0.158546 -0.165155 0.195134 -0.229730 -0.256523 0.352919 -0.269739 -0.335614 0.480319 -0.154137 -0.488006 0.313690 -0.194413 -0.532616 0.436856 -0.243589 -0.510285 0.540182 -0.086849 -0.436253 0.374717 -0.130401 -0.512727 0.510287 -0.217591 -0.429596 0.574525 -0.033949 -0.303946 0.396171 -0.071956 -0.348986 0.535877 -0.133332 -0.229860 0.553482 0.030076 -0.192090 0.390950 0.012507 -0.211740 0.508408 -0.079075 -0.142568 0.502824 
0.000000 0.000000 0.000000 -0.039897 -0.014148 -0.061902 -0.105091 -0.418198 0.073192 -0.044729 -0.334063 0.150128 -0.003716 -0.254393 0.185247 0.032516 -0.179200 0.212606 -0.181051 -0.174914 0.166300 -0.269376 -0.275511 0.309094 -0.329468 -0.363483 0.421951 -0.191337 -0.510369 0.261569 -0.243462 -0.566075 0.375420 -0.306108 -0.548522 0.472170 -0.130703 -0.463034 0.330266 -0.189176 -0.550752 0.452785 -0.283927 -0.473642 0.513740 -0.077283 -0.335602 0.366097 -0.133346 -0.387799 0.496953 -0.195919 -0.269538 0.516110 -0.011890 -0.223857 0.375762 -0.042456 -0.254596 0.488066 -0.133142 -0.184644 0.478801 
0.000000 0.000000 0.000000 -0.036707 -0.009712 -0.064670 -0.124890 -0.416495 0.047168 -0.066011 -0.338432 0.131315 -0.024152 -0.262153 0.172449 0.013224 -0.189798 0.205360 -0.200428 -0.178613 0.141521 -0.302874 -0.284300 0.270541 -0.381419 -0.375764 0.368274 -0.232901 -0.519796 0.217704 -0.298180 -0.582229 0.320772 -0.371882 -0.565532 0.409554 -0.174074 -0.475882 0.292263 -0.247572 -0.569368 0.401730 -0.347195 -0.494252 0.457158 -0.121429 -0.351037 0.337829 -0.191183 -0.414773 0.456417 -0.251562 -0.295112 0.473841 -0.052128 -0.245377 0.357762 -0.097111 -0.283633 0.462664 -0.184094 -0.209961 0.448190 
0.000000 0.000000 0.000000 -0.033042 -0.006018 -0.067051 -0.147551 -0.410881 0.026387 -0.090314 -0.338289 0.116365 -0.047457 -0.265404 0.162341 -0.008748 -0.195979 0.199717 -0.216466 -0.173159 0.123385 -0.331241 -0.277746 0.242547 -0.427603 -0.366298 0.325971 -0.273164 -0.515463 0.183562 -0.349082 -0.578670 0.278554 -0.430609 -0.558776 0.359490 -0.217855 -0.475186 0.262882 -0.304601 -0.568295 0.362533 -0.405098 -0.491065 0.413280 -0.163739 -0.354314 0.314943 -0.247120 -0.418068 0.424368 -0.301726 -0.295355 0.439460 -0.090910 -0.257964 0.341116 -0.147463 -0.300630 0.438443 -0.228995 -0.221928 0.419426 
0.000000 0.000000 0.000000 -0.031728 -0.002471 -0.067905 -0.173035 -0.401463 0.013302 -0.113637 -0.334568 0.106245 -0.067514 -0.265512 0.154892 -0.025534 -0.199460 0.194769 -0.232506 -0.163111 0.110223 -0.358140 -0.263628 0.221684 -0.467350 -0.345431 0.295632 -0.311383 -0.502788 0.161670 -0.394997 -0.564026 0.251339 -0.479874 -0.538782 0.327180 -0.257478 -0.466952 0.241370 -0.355311 -0.556991 0.333274 -0.453860 -0.476410 0.382610 -0.198534 -0.349695 0.297933 -0.292483 -0.410060 0.400502 -0.340316 -0.284520 0.415323 -0.121293 -0.255509 0.329954 -0.187205 -0.294088 0.423004 -0.262660 -0.210270 0.400996 
0.000000 0.000000 0.000000 -0.032060 0.000359 -0.067793 -0.194414 -0.391709 0.007572 -0.131156 -0.329651 0.101320 -0.081195 -0.263991 0.150872 -0.035565 -0.200964 0.191624 -0.242167 -0.152833 0.106086 -0.373638 -0.248690 0.214888 -0.491184 -0.323953 0.282750 -0.340500 -0.487750 0.151986 -0.428790 -0.545795 0.239265 -0.514419 -0.515772 0.312474 -0.286614 -0.454626 0.230503 -0.392348 -0.539627 0.318366 -0.488463 -0.455873 0.367218 -0.220766 -0.339678 0.290533 -0.320847 -0.393950 0.390678 -0.361463 -0.265840 0.405033 -0.136954 -0.252876 0.324333 -0.206743 -0.288608 0.415679 -0.277032 -0.200773 0.392279 
0.000000 0.000000 0.000000 -0.031576 0.000439 -0.068020 -0.206593 -0.385331 0.011396 -0.142061 -0.324008 0.104759 -0.090410 -0.259271 0.153789 -0.043111 -0.197149 0.194023 -0.246564 -0.143786 0.107553 -0.381090 -0.234032 0.217414 -0.503772 -0.303003 0.282827 -0.357155 -0.473377 0.156307 -0.448151 -0.526589 0.243887 -0.532934 -0.492190 0.316148 -0.303203 -0.440399 0.234994 -0.412802 -0.519561 0.323572 -0.506722 -0.432801 0.371438 -0.230619 -0.337359 0.291474 -0.337543 -0.372979 0.392910 -0.372330 -0.242918 0.404818 -0.146652 -0.242828 0.327361 -0.217922 -0.274270 0.419139 -0.284306 -0.184062 0.393475 
0.000000 0.000000 0.000000 -0.031432 0.001027 -0.068080 -0.217011 -0.379525 0.012521 -0.151002 -0.319609 0.105764 -0.097696 -0.256104 0.154636 -0.048798 -0.195131 0.194715 -0.251141 -0.135906 0.107487 -0.388620 -0.221590 0.217345 -0.515941 -0.284969 0.279469 -0.371471 -0.462008 0.156600 -0.464823 -0.511858 0.243678 -0.549722 -0.474328 0.314225 -0.318762 -0.428702 0.233942 -0.432863 -0.502901 0.321120 -0.525443 -0.414089 0.367819 -0.245024 -0.318438 0.292920 -0.350668 -0.363134 0.392079 -0.381044 -0.231775 0.401570 -0.155459 -0.234299 0.327664 -0.228876 -0.261260 0.419176 -0.292132 -0.169817 0.390193 
0.000000 0.000000 0.000000 -0.031563 0.002609 -0.067977 -0.221959 -0.376805 0.006529 -0.154966 -0.319370 0.100627 -0.100724 -0.257419 0.150453 -0.050940 -0.197790 0.191456 -0.252899 -0.134257 0.105586 -0.391397 -0.219899 0.214191 -0.520301 -0.281671 0.274646 -0.377561 -0.459342 0.149342 -0.471603 -0.509225 0.235655 -0.556376 -0.470797 0.305868 -0.325288 -0.427881 0.225887 -0.441131 -0.501684 0.311081 -0.532372 -0.412407 0.359496 -0.248509 -0.327159 0.284654 -0.359689 -0.357122 0.383304 -0.386470 -0.224981 0.392762 -0.159101 -0.235225 0.323691 -0.233551 -0.260992 0.414711 -0.294911 -0.168615 0.384635 
0.000000 0.000000 0.000000 -0.034047 0.004857 -0.066642 -0.226529 -0.374102 0.004753 -0.155307 -0.320091 0.097767 -0.098424 -0.260198 0.147161 -0.046356 -0.202327 0.187845 -0.251434 -0.134759 0.109700 -0.387462 -0.222121 0.220043 -0.516019 -0.283778 0.281348 -0.379937 -0.459756 0.148103 -0.472653 -0.511522 0.234741 -0.555414 -0.473517 0.307537 -0.323486 -0.430295 0.224437 -0.437872 -0.505249 0.310591 -0.527136 -0.416260 0.363050 -0.246378 -0.321288 0.285331 -0.352471 -0.365093 0.384408 -0.375825 -0.232523 0.396572 -0.153362 -0.241180 0.320610 -0.227016 -0.267923 0.411995 -0.286477 -0.173466 0.384691 
0.000000 0.000000 0.000000 -0.033807 0.005118 -0.066744 -0.220523 -0.377702 -0.000851 -0.150614 -0.323690 0.093153 -0.094929 -0.263497 0.143540 -0.043987 -0.205299 0.185171 -0.248039 -0.137152 0.111329 -0.382092 -0.226175 0.222756 -0.510201 -0.289030 0.283782 -0.371762 -0.462661 0.145195 -0.463166 -0.514007 0.233460 -0.545182 -0.477076 0.307640 -0.317366 -0.434387 0.221272 -0.430781 -0.509676 0.308410 -0.519899 -0.421769 0.362905 -0.239498 -0.329207 0.283168 -0.345714 -0.365721 0.385028 -0.368363 -0.233115 0.398090 -0.147791 -0.244563 0.320336 -0.219241 -0.271589 0.413372 -0.278452 -0.176563 0.387543 
0.000000 0.000000 0.000000 -0.033687 0.005330 -0.066788 -0.214635 -0.381038 -0.005683 -0.145847 -0.326991 0.089125 -0.091251 -0.266503 0.140342 -0.041340 -0.207986 0.182768 -0.244127 -0.143145 0.110740 -0.375807 -0.236051 0.221826 -0.505252 -0.299874 0.278901 -0.364833 -0.470079 0.138996 -0.455609 -0.523892 0.226437 -0.538348 -0.488556 0.300590 -0.311175 -0.441916 0.215351 -0.423622 -0.520082 0.301202 -0.514028 -0.434193 0.356782 -0.226056 -0.361166 0.272932 -0.336289 -0.365727 0.376945 -0.357207 -0.232705 0.388583 -0.144798 -0.251646 0.316844 -0.216011 -0.281698 0.409131 -0.275050 -0.186570 0.383282 
0.000000 0.000000 0.000000 -0.033873 0.005545 -0.066677 -0.213933 -0.381415 -0.006711 -0.144998 -0.327634 0.088141 -0.090382 -0.267257 0.139467 -0.040469 -0.208823 0.182006 -0.241239 -0.145306 0.112458 -0.370996 -0.239699 0.224548 -0.502399 -0.301966 0.278798 -0.363902 -0.470226 0.138349 -0.454539 -0.523901 0.226018 -0.537043 -0.488485 0.300396 -0.310123 -0.442384 0.214793 -0.422431 -0.520430 0.300934 -0.512684 -0.434885 0.357289 -0.224680 -0.361721 0.272712 -0.334292 -0.365307 0.377417 -0.353930 -0.232067 0.388801 -0.144119 -0.253396 0.315633 -0.215464 -0.284076 0.407611 -0.273964 -0.188523 0.382108 
0.000000 0.000000 0.000000 -0.034244 0.006156 -0.066433 -0.213562 -0.381571 -0.009251 -0.144164 -0.328637 0.085741 -0.089331 -0.268702 0.137352 -0.039248 -0.210629 0.180184 -0.239154 -0.145633 0.114725 -0.367374 -0.240612 0.228082 -0.499659 -0.302669 0.280392 -0.362579 -0.470774 0.136546 -0.452640 -0.524687 0.224662 -0.534580 -0.489624 0.299827 -0.308162 -0.444165 0.213148 -0.419703 -0.522741 0.299802 -0.509128 -0.437817 0.358372 -0.223868 -0.362278 0.270982 -0.332771 -0.369144 0.376262 -0.351230 -0.235809 0.388467 -0.142284 -0.256749 0.313761 -0.213205 -0.288494 0.405705 -0.270905 -0.192033 0.381850 
0.000000 0.000000 0.000000 -0.034954 0.006632 -0.066016 -0.213275 -0.381714 -0.009929 -0.142923 -0.329442 0.084726 -0.087602 -0.269848 0.136213 -0.037123 -0.212055 0.178957 -0.237742 -0.145919 0.116881 -0.364634 -0.241375 0.231326 -0.496759 -0.303331 0.284161 -0.359744 -0.471477 0.138090 -0.448266 -0.525727 0.227548 -0.529040 -0.490935 0.304087 -0.305976 -0.444547 0.213718 -0.416874 -0.522835 0.301450 -0.505625 -0.437969 0.361120 -0.220247 -0.365573 0.270212 -0.328110 -0.367826 0.376755 -0.343950 -0.234079 0.388107 -0.140634 -0.258817 0.311942 -0.211883 -0.291004 0.403478 -0.268485 -0.193674 0.380539 
0.000000 0.000000 0.000000 -0.034995 0.006413 -0.066016 -0.214275 -0.381200 -0.007954 -0.143704 -0.328667 0.086394 -0.088184 -0.268978 0.137553 -0.037517 -0.211116 0.179982 -0.238416 -0.143132 0.118652 -0.365704 -0.236707 0.234205 -0.498934 -0.295801 0.287541 -0.360475 -0.468641 0.141712 -0.448834 -0.521488 0.232166 -0.529369 -0.485973 0.308625 -0.306345 -0.442828 0.216740 -0.416963 -0.520473 0.305393 -0.505289 -0.434950 0.364753 -0.221410 -0.361638 0.273121 -0.328953 -0.363091 0.380000 -0.342788 -0.228948 0.389071 -0.140386 -0.256321 0.314000 -0.211192 -0.287436 0.406248 -0.267071 -0.189824 0.382740 
0.000000 0.000000 0.000000 -0.034907 0.006499 -0.066054 -0.217606 -0.379331 -0.006786 -0.146619 -0.327105 0.087420 -0.090600 -0.267734 0.138407 -0.039447 -0.210178 0.180667 -0.239058 -0.139605 0.120554 -0.366802 -0.231027 0.237321 -0.501739 -0.285005 0.291774 -0.365083 -0.462653 0.143972 -0.454214 -0.513011 0.235087 -0.534349 -0.475731 0.311124 -0.311720 -0.436112 0.219078 -0.424011 -0.510251 0.308624 -0.510333 -0.422914 0.368290 -0.223848 -0.361170 0.273420 -0.331191 -0.358443 0.380474 -0.342846 -0.224067 0.389155 -0.142985 -0.253673 0.314735 -0.214252 -0.283611 0.407017 -0.268154 -0.184951 0.383271 
0.000000 0.000000 0.000000 -0.035566 0.007388 -0.065607 -0.221237 -0.377210 -0.007575 -0.148732 -0.326454 0.086278 -0.091600 -0.268045 0.137141 -0.039446 -0.211331 0.179316 -0.239152 -0.136940 0.122989 -0.366543 -0.227251 0.241000 -0.502025 -0.277865 0.297301 -0.367658 -0.458488 0.145313 -0.456152 -0.507611 0.237714 -0.535074 -0.469449 0.314578 -0.313796 -0.433058 0.219935 -0.426062 -0.505563 0.310840 -0.510506 -0.417419 0.371989 -0.225007 -0.359617 0.273269 -0.331155 -0.354376 0.381417 -0.340624 -0.219874 0.390782 -0.142975 -0.253559 0.313796 -0.214237 -0.282626 0.406361 -0.266358 -0.182707 0.383939 
0.000000 0.000000 0.000000 -0.036001 0.007857 -0.065316 -0.223848 -0.375673 -0.007224 -0.150307 -0.325736 0.086261 -0.092404 -0.267893 0.136898 -0.039554 -0.211681 0.178879 -0.239576 -0.135860 0.123757 -0.366960 -0.225789 0.242067 -0.503131 -0.274229 0.298619 -0.369404 -0.454535 0.147741 -0.457374 -0.502197 0.241398 -0.535390 -0.463606 0.318970 -0.314818 -0.429881 0.222513 -0.426708 -0.500714 0.315183 -0.509854 -0.411337 0.376321 -0.226011 -0.358609 0.273403 -0.331661 -0.353804 0.382057 -0.339583 -0.219205 0.391453 -0.143126 -0.253860 0.313341 -0.214417 -0.282893 0.405894 -0.264866 -0.182018 0.383935 
0.000000 0.000000 0.000000 -0.036396 0.007934 -0.065087 -0.226164 -0.374321 -0.004876 -0.151687 -0.324630 0.087997 -0.093091 -0.267030 0.138112 -0.039618 -0.211050 0.179610 -0.239691 -0.134393 0.125334 -0.366900 -0.223452 0.244487 -0.503827 -0.269331 0.301347 -0.370419 -0.451736 0.152024 -0.457603 -0.498523 0.246850 -0.534595 -0.459329 0.325139 -0.314763 -0.426915 0.227347 -0.425677 -0.496484 0.322125 -0.507939 -0.405595 0.382221 -0.225280 -0.358224 0.275675 -0.329595 -0.347487 0.385192 -0.336249 -0.212762 0.393737 -0.143083 -0.252449 0.314396 -0.214300 -0.280945 0.407172 -0.263116 -0.179297 0.385087 
0.000000 0.000000 0.000000 -0.037350 0.007707 -0.064572 -0.224125 -0.375574 -0.001584 -0.148629 -0.325434 0.090219 -0.089657 -0.267490 0.139488 -0.035918 -0.211197 0.180213 -0.238547 -0.133213 0.129097 -0.364443 -0.221390 0.250283 -0.501606 -0.265469 0.307992 -0.365271 -0.450481 0.159310 -0.450575 -0.495752 0.256551 -0.526726 -0.456380 0.335570 -0.309532 -0.424647 0.234238 -0.418968 -0.492126 0.332191 -0.502046 -0.401563 0.391654 -0.220343 -0.356255 0.280043 -0.323244 -0.344413 0.390776 -0.329635 -0.209585 0.397752 -0.140439 -0.249670 0.315052 -0.212384 -0.276151 0.407863 -0.259912 -0.174036 0.385128 
0.000000 0.000000 0.000000 -0.037647 0.007109 -0.064468 -0.224189 -0.375527 0.002971 -0.148262 -0.324544 0.093950 -0.089054 -0.266153 0.142402 -0.035118 -0.209492 0.182349 -0.236984 -0.133040 0.131668 -0.361717 -0.220736 0.254396 -0.500499 -0.264806 0.308103 -0.363740 -0.448444 0.166155 -0.448081 -0.492512 0.264778 -0.524231 -0.452937 0.343696 -0.308160 -0.419662 0.241801 -0.416913 -0.484355 0.342360 -0.502545 -0.395070 0.400105 -0.219741 -0.351456 0.285083 -0.322197 -0.338651 0.396121 -0.328339 -0.203735 0.401393 -0.138692 -0.246133 0.318423 -0.209983 -0.271355 0.412085 -0.257008 -0.169255 0.388264 
0.000000 0.000000 0.000000 -0.036947 0.005672 -0.065013 -0.220270 -0.377797 0.006409 -0.145971 -0.324555 0.097438 -0.087958 -0.264766 0.145631 -0.035098 -0.206900 0.185288 -0.235165 -0.133397 0.133017 -0.359197 -0.220418 0.256931 -0.498341 -0.264680 0.309531 -0.358300 -0.449168 0.171557 -0.441721 -0.492303 0.271368 -0.518007 -0.452165 0.349871 -0.304009 -0.419202 0.247571 -0.411498 -0.483575 0.349683 -0.498702 -0.394172 0.404837 -0.218174 -0.348159 0.289865 -0.320647 -0.334672 0.400807 -0.327331 -0.199710 0.403703 -0.139356 -0.241570 0.321356 -0.211120 -0.265433 0.415014 -0.257858 -0.163491 0.389988 
0.000000 0.000000 0.000000 -0.036803 0.004469 -0.065188 -0.216738 -0.379736 0.010749 -0.143215 -0.324606 0.101282 -0.085910 -0.263646 0.148851 -0.033714 -0.204769 0.187894 -0.232399 -0.133252 0.136359 -0.354790 -0.219429 0.262475 -0.494713 -0.262828 0.313709 -0.354183 -0.450073 0.176826 -0.437251 -0.492584 0.277198 -0.513508 -0.451506 0.355241 -0.299096 -0.417190 0.254917 -0.405117 -0.480160 0.359411 -0.493495 -0.390499 0.412226 -0.215439 -0.343274 0.295805 -0.317135 -0.333618 0.407856 -0.324348 -0.198663 0.409614 -0.137508 -0.238620 0.324522 -0.208952 -0.261921 0.418566 -0.255354 -0.159752 0.393837 
0.000000 0.000000 0.000000 -0.037287 0.003242 -0.064985 -0.215146 -0.380336 0.018624 -0.141194 -0.323424 0.107695 -0.083792 -0.261461 0.153828 -0.031552 -0.201742 0.191509 -0.230436 -0.132310 0.140358 -0.351295 -0.217130 0.268848 -0.492291 -0.259054 0.318341 -0.350944 -0.447953 0.187168 -0.433017 -0.488818 0.289031 -0.508679 -0.444943 0.366124 -0.295552 -0.414318 0.263857 -0.400536 -0.476138 0.370069 -0.489023 -0.385120 0.420321 -0.211314 -0.340857 0.302650 -0.312464 -0.327375 0.414801 -0.320700 -0.192472 0.413616 -0.135301 -0.234771 0.328371 -0.206714 -0.257505 0.422577 -0.252999 -0.155385 0.397426 
0.000000 0.000000 0.000000 -0.037416 0.002446 -0.064946 -0.213583 -0.380989 0.022800 -0.139701 -0.322898 0.111165 -0.082467 -0.260249 0.156575 -0.030399 -0.199950 0.193564 -0.229748 -0.130256 0.143008 -0.350097 -0.213294 0.273131 -0.492765 -0.253074 0.319503 -0.347204 -0.444222 0.194752 -0.427961 -0.482437 0.298675 -0.502545 -0.435002 0.374702 -0.292930 -0.408880 0.271173 -0.397147 -0.467360 0.380001 -0.484345 -0.373914 0.427997 -0.209838 -0.336354 0.307235 -0.310820 -0.320864 0.419277 -0.318739 -0.186004 0.415012 -0.132723 -0.228880 0.332414 -0.203154 -0.248794 0.427986 -0.248753 -0.147366 0.399071 
0.000000 0.000000 0.000000 -0.037432 0.001396 -0.064968 -0.209551 -0.382974 0.026634 -0.136298 -0.323219 0.114411 -0.079733 -0.259515 0.159187 -0.028310 -0.198299 0.195568 -0.229040 -0.129345 0.144888 -0.348936 -0.211154 0.276202 -0.493970 -0.250009 0.315476 -0.339194 -0.444273 0.202291 -0.417547 -0.481321 0.308453 -0.490533 -0.429035 0.382832 -0.287302 -0.403962 0.279192 -0.390006 -0.458878 0.391266 -0.474432 -0.361308 0.435891 -0.200719 -0.343037 0.311175 -0.299187 -0.311977 0.422216 -0.305185 -0.177337 0.412010 -0.128050 -0.225887 0.336555 -0.196703 -0.244876 0.433598 -0.240841 -0.144131 0.400351 
0.000000 0.000000 0.000000 -0.039797 0.000843 -0.063556 -0.200600 -0.387274 0.032693 -0.125425 -0.326321 0.117986 -0.068573 -0.261620 0.160932 -0.017114 -0.199484 0.195664 -0.233922 -0.132264 0.142464 -0.355393 -0.215553 0.271379 -0.501007 -0.261232 0.299606 -0.319578 -0.443032 0.217504 -0.391485 -0.476730 0.329200 -0.459937 -0.418569 0.403528 -0.251731 -0.433667 0.288274 -0.364394 -0.438516 0.404068 -0.442776 -0.333168 0.441448 -0.179863 -0.348083 0.318578 -0.273300 -0.299122 0.427496 -0.279409 -0.165315 0.409431 -0.114448 -0.218914 0.339660 -0.181445 -0.232289 0.438775 -0.223256 -0.131971 0.401474 
0.000000 0.000000 0.000000 -0.044648 0.001538 -0.060233 -0.194812 -0.389342 0.041845 -0.113614 -0.329156 0.122006 -0.054018 -0.264694 0.161447 -0.000422 -0.202709 0.193080 -0.250507 -0.139483 0.128397 -0.379320 -0.227724 0.246430 -0.518184 -0.295764 0.259625 -0.300403 -0.433910 0.237509 -0.364220 -0.460846 0.355763 -0.423454 -0.386476 0.423242 -0.224211 -0.441293 0.299961 -0.330928 -0.412233 0.417824 -0.394813 -0.295819 0.449539 -0.150524 -0.348965 0.329670 -0.235927 -0.288252 0.439264 -0.245619 -0.155607 0.415194 -0.088435 -0.214370 0.343758 -0.149016 -0.222397 0.447473 -0.191087 -0.122868 0.408395 
0.000000 0.000000 0.000000 -0.046774 0.000823 -0.058613 -0.190893 -0.390102 0.051676 -0.107248 -0.328844 0.128438 -0.046666 -0.263746 0.165246 0.007655 -0.201219 0.194482 -0.259613 -0.144004 0.119069 -0.392795 -0.234627 0.230250 -0.527444 -0.309838 0.212936 -0.291624 -0.414475 0.253368 -0.352503 -0.429205 0.375264 -0.399498 -0.342180 0.437000 -0.215173 -0.433665 0.312393 -0.312323 -0.377488 0.428714 -0.360259 -0.252217 0.454184 -0.130035 -0.345930 0.341341 -0.207794 -0.284130 0.455905 -0.221292 -0.151762 0.432142 -0.068435 -0.208358 0.351790 -0.120809 -0.213271 0.460068 -0.166692 -0.115006 0.422096 
0.000000 0.000000 0.000000 -0.049475 0.001730 -0.056331 -0.190769 -0.389486 0.056554 -0.103208 -0.329554 0.129922 -0.040541 -0.265216 0.164508 0.015500 -0.203331 0.191800 -0.270357 -0.143964 0.110495 -0.408570 -0.235129 0.214884 -0.539734 -0.306106 0.171928 -0.286745 -0.431643 0.257630 -0.350220 -0.414396 0.377861 -0.394042 -0.325369 0.439073 -0.213693 -0.427834 0.315955 -0.308667 -0.364497 0.430379 -0.356490 -0.239978 0.459489 -0.114645 -0.350413 0.343292 -0.187513 -0.283763 0.458353 -0.205046 -0.151156 0.438965 -0.056265 -0.204570 0.351283 -0.105661 -0.205423 0.461057 -0.155127 -0.109380 0.421916 
0.000000 0.000000 0.000000 -0.049765 0.001711 -0.056075 -0.186315 -0.392010 0.053900 -0.099043 -0.331812 0.127392 -0.036898 -0.267123 0.162265 0.018611 -0.204891 0.189854 -0.281899 -0.144503 0.094197 -0.427153 -0.235994 0.188228 -0.554207 -0.308058 0.135777 -0.286150 -0.431045 0.253723 -0.349462 -0.431811 0.375268 -0.394330 -0.348423 0.443285 -0.208593 -0.429856 0.314102 -0.306399 -0.381006 0.433149 -0.363460 -0.263001 0.471334 -0.108764 -0.353951 0.341178 -0.182922 -0.303035 0.463239 -0.208003 -0.170601 0.453229 -0.052278 -0.208698 0.349687 -0.101073 -0.211320 0.459703 -0.155081 -0.116874 0.422739 
0.000000 0.000000 0.000000 -0.046848 0.001741 -0.058533 -0.181181 -0.396266 0.037909 -0.098979 -0.335718 0.116765 -0.039974 -0.270489 0.155833 0.012827 -0.207715 0.187246 -0.286251 -0.147052 0.077087 -0.436053 -0.240158 0.161950 -0.563627 -0.316250 0.116986 -0.292619 -0.450049 0.227933 -0.359969 -0.482554 0.342778 -0.409295 -0.415510 0.424418 -0.214611 -0.445075 0.293243 -0.319261 -0.425937 0.414926 -0.387870 -0.318678 0.464198 -0.116741 -0.360910 0.330890 -0.195789 -0.328194 0.456077 -0.229742 -0.197396 0.458750 -0.060698 -0.220094 0.345446 -0.111306 -0.228615 0.454338 -0.172702 -0.136873 0.422446 
0.000000 0.000000 0.000000 -0.041236 0.003295 -0.062551 -0.191179 -0.393040 0.016138 -0.115460 -0.334974 0.102950 -0.059097 -0.271341 0.148081 -0.008254 -0.209957 0.184989 -0.286867 -0.139053 0.068784 -0.440567 -0.228125 0.150964 -0.574065 -0.305975 0.136662 -0.315751 -0.462457 0.192442 -0.391038 -0.504411 0.298996 -0.447430 -0.453564 0.387470 -0.246816 -0.445668 0.267166 -0.356764 -0.445212 0.385638 -0.425992 -0.340284 0.438902 -0.148974 -0.360145 0.317638 -0.232073 -0.351659 0.444182 -0.267467 -0.221747 0.455940 -0.086268 -0.236894 0.339179 -0.139967 -0.255436 0.445311 -0.205824 -0.164866 0.419559 
0.000000 0.000000 0.000000 -0.039408 0.006399 -0.063482 -0.215323 -0.380620 0.007415 -0.138331 -0.328125 0.096622 -0.079286 -0.268503 0.143756 -0.025686 -0.210711 0.182516 -0.292799 -0.125674 0.063780 -0.451355 -0.208317 0.143413 -0.582857 -0.283993 0.176082 -0.348268 -0.450639 0.177247 -0.428616 -0.492957 0.279890 -0.487823 -0.445702 0.368517 -0.283446 -0.437519 0.249753 -0.397774 -0.445804 0.363704 -0.464799 -0.341653 0.421146 -0.194933 -0.343024 0.304337 -0.283263 -0.375544 0.423211 -0.315031 -0.245838 0.444073 -0.113086 -0.250528 0.328674 -0.173245 -0.277934 0.429278 -0.239752 -0.186663 0.408076 
0.000000 0.000000 0.000000 -0.037009 0.007965 -0.064736 -0.236645 -0.367797 0.003857 -0.159589 -0.318819 0.094989 -0.098744 -0.262142 0.143449 -0.043178 -0.207069 0.183382 -0.295235 -0.111531 0.065210 -0.456817 -0.186304 0.146522 -0.572678 -0.255444 0.223220 -0.375315 -0.435779 0.169897 -0.459124 -0.476866 0.270247 -0.519912 -0.430028 0.358020 -0.318127 -0.408373 0.247698 -0.431790 -0.444742 0.356706 -0.497580 -0.341816 0.417676 -0.226018 -0.325108 0.300134 -0.317282 -0.370259 0.412487 -0.344527 -0.240040 0.436335 -0.138116 -0.244156 0.325500 -0.203464 -0.269684 0.423323 -0.266479 -0.176565 0.399637 
0.000000 0.000000 0.000000 -0.036425 0.008903 -0.064945 -0.255200 -0.355092 0.008553 -0.175912 -0.308799 0.099173 -0.112337 -0.254611 0.146969 -0.054098 -0.201880 0.186250 -0.298254 -0.096202 0.070128 -0.462090 -0.161969 0.154648 -0.566116 -0.223219 0.252186 -0.394319 -0.422177 0.174583 -0.478398 -0.462722 0.274926 -0.539471 -0.415359 0.362219 -0.340284 -0.382352 0.254242 -0.452079 -0.432378 0.359711 -0.515764 -0.328256 0.420886 -0.241957 -0.313424 0.303345 -0.334903 -0.355596 0.415476 -0.357819 -0.224339 0.438159 -0.152776 -0.230398 0.327797 -0.220699 -0.250028 0.425226 -0.280192 -0.155509 0.398206 
0.000000 0.000000 0.000000 -0.036717 0.010902 -0.064474 -0.273430 -0.341166 0.011493 -0.190683 -0.299245 0.101142 -0.123746 -0.248550 0.148176 -0.062321 -0.199017 0.186760 -0.301870 -0.083650 0.071908 -0.467785 -0.142815 0.157247 -0.563309 -0.199884 0.265438 -0.414946 -0.403544 0.177331 -0.500475 -0.441243 0.277559 -0.560818 -0.394837 0.365867 -0.357392 -0.370097 0.254968 -0.470778 -0.418287 0.359591 -0.531670 -0.312702 0.421100 -0.258065 -0.299049 0.303488 -0.354381 -0.335260 0.414856 -0.372037 -0.202806 0.435159 -0.164903 -0.220670 0.326740 -0.235512 -0.235573 0.423091 -0.291018 -0.139130 0.394437 
0.000000 0.000000 0.000000 -0.036568 0.012593 -0.064250 -0.282051 -0.334171 0.008202 -0.198059 -0.295434 0.098126 -0.129742 -0.247022 0.145579 -0.066983 -0.199533 0.184583 -0.301633 -0.078057 0.074924 -0.467493 -0.134780 0.162010 -0.553653 -0.191156 0.278135 -0.422236 -0.398228 0.174531 -0.506960 -0.436942 0.275054 -0.566574 -0.390788 0.363988 -0.364402 -0.365368 0.252766 -0.477539 -0.412933 0.357943 -0.533922 -0.304350 0.418524 -0.266183 -0.290601 0.301137 -0.364020 -0.321850 0.412682 -0.375674 -0.188346 0.430260 -0.169312 -0.216125 0.325437 -0.239746 -0.227546 0.422390 -0.291191 -0.129053 0.393138 
0.000000 0.000000 0.000000 -0.037052 0.013574 -0.063771 -0.283973 -0.332573 0.006715 -0.198967 -0.295408 0.096349 -0.129948 -0.247972 0.143770 -0.066567 -0.201322 0.182782 -0.299668 -0.079649 0.078315 -0.463996 -0.137982 0.167224 -0.544071 -0.196350 0.286673 -0.421662 -0.397590 0.174746 -0.504878 -0.436885 0.276300 -0.562945 -0.390704 0.366237 -0.363069 -0.365916 0.253110 -0.474681 -0.413871 0.359729 -0.528819 -0.303811 0.419688 -0.264659 -0.291057 0.300965 -0.361255 -0.321951 0.413684 -0.369223 -0.187790 0.428016 -0.169973 -0.215738 0.323087 -0.241150 -0.225662 0.419662 -0.289559 -0.125909 0.389510 
0.000000 0.000000 0.000000 -0.037122 0.013858 -0.063669 -0.283985 -0.332584 0.005563 -0.198877 -0.295820 0.095266 -0.129802 -0.248597 0.142819 -0.066375 -0.202123 0.181966 -0.297326 -0.083248 0.080242 -0.460145 -0.144010 0.170293 -0.536368 -0.204659 0.291118 -0.421622 -0.396521 0.174051 -0.504806 -0.435162 0.275881 -0.561943 -0.386766 0.365247 -0.363218 -0.364738 0.252482 -0.474992 -0.411613 0.359411 -0.526761 -0.299604 0.417834 -0.266748 -0.289301 0.298713 -0.364946 -0.318489 0.410498 -0.369706 -0.183724 0.419650 -0.170751 -0.217504 0.321448 -0.242595 -0.228090 0.417457 -0.288932 -0.127884 0.385598 
0.000000 0.000000 0.000000 -0.036172 0.013218 -0.064349 -0.282548 -0.333833 0.003557 -0.199034 -0.296019 0.094315 -0.130932 -0.248130 0.142600 -0.068340 -0.201079 0.182396 -0.295379 -0.083278 0.081756 -0.457574 -0.143658 0.173179 -0.534357 -0.204259 0.293672 -0.418728 -0.395112 0.174203 -0.501031 -0.432147 0.277337 -0.557297 -0.381114 0.365784 -0.362811 -0.361488 0.253581 -0.474203 -0.406016 0.361903 -0.523680 -0.291648 0.417682 -0.262177 -0.314159 0.294681 -0.360571 -0.303552 0.409559 -0.361331 -0.168425 0.412386 -0.173357 -0.214786 0.321571 -0.245642 -0.224220 0.417369 -0.289681 -0.123817 0.382973 
0.000000 0.000000 0.000000 -0.036201 0.012968 -0.064383 -0.283101 -0.333339 0.005392 -0.199452 -0.295228 0.095901 -0.131231 -0.247220 0.143899 -0.068529 -0.200082 0.183418 -0.295101 -0.082477 0.082952 -0.457104 -0.142199 0.175144 -0.535023 -0.202820 0.294897 -0.417656 -0.391516 0.178396 -0.498979 -0.426675 0.282955 -0.554665 -0.370260 0.368451 -0.357107 -0.379632 0.252409 -0.470644 -0.397566 0.366042 -0.517694 -0.279470 0.415832 -0.263511 -0.309517 0.296656 -0.362631 -0.293600 0.410290 -0.361317 -0.158487 0.406989 -0.173805 -0.210874 0.322654 -0.246269 -0.218302 0.418494 -0.289051 -0.118067 0.382082 
0.000000 0.000000 0.000000 -0.036310 0.012396 -0.064434 -0.282219 -0.334030 0.008189 -0.198565 -0.295031 0.098315 -0.130415 -0.246491 0.145877 -0.067791 -0.198899 0.184972 -0.295481 -0.083098 0.082390 -0.457654 -0.142852 0.174264 -0.535868 -0.203601 0.293758 -0.412655 -0.391725 0.184478 -0.491487 -0.426595 0.291022 -0.545813 -0.364441 0.373355 -0.349552 -0.388147 0.256450 -0.462613 -0.388983 0.371953 -0.507521 -0.266644 0.412646 -0.259826 -0.312213 0.299653 -0.358024 -0.289040 0.412839 -0.356994 -0.154102 0.405175 -0.172821 -0.207382 0.324554 -0.245115 -0.213222 0.420631 -0.287274 -0.113383 0.382447 
0.000000 0.000000 0.000000 -0.036425 0.011643 -0.064510 -0.277390 -0.338026 0.009133 -0.194390 -0.297507 0.099192 -0.126989 -0.247823 0.146641 -0.065093 -0.199195 0.185621 -0.295578 -0.088103 0.079491 -0.457740 -0.150519 0.169598 -0.536480 -0.212909 0.287895 -0.402957 -0.392510 0.189922 -0.478847 -0.425438 0.299185 -0.531789 -0.356074 0.376509 -0.337519 -0.399547 0.259118 -0.448935 -0.380982 0.374732 -0.489908 -0.254665 0.406425 -0.252473 -0.319415 0.301050 -0.350214 -0.283111 0.411139 -0.349930 -0.148807 0.395955 -0.169683 -0.205732 0.325637 -0.241675 -0.210232 0.422013 -0.281727 -0.110860 0.380489 
0.000000 0.000000 0.000000 -0.036698 0.010241 -0.064593 -0.265784 -0.347214 0.009584 -0.184346 -0.303679 0.099662 -0.118743 -0.251620 0.147083 -0.058592 -0.200825 0.186031 -0.296284 -0.098431 0.071979 -0.458716 -0.166430 0.157436 -0.536933 -0.231300 0.274743 -0.384875 -0.395909 0.196309 -0.456850 -0.425340 0.309160 -0.506910 -0.345928 0.378304 -0.317881 -0.415023 0.261667 -0.424298 -0.373591 0.376049 -0.457133 -0.242904 0.398005 -0.236599 -0.331076 0.303642 -0.332575 -0.277956 0.408320 -0.334371 -0.144888 0.384703 -0.162232 -0.204621 0.326852 -0.233569 -0.207234 0.423783 -0.269336 -0.108780 0.376554 
0.000000 0.000000 0.000000 -0.036138 0.007087 -0.065328 -0.244123 -0.362751 0.010293 -0.167071 -0.313072 0.101048 -0.105610 -0.256436 0.148772 -0.049366 -0.201512 0.187954 -0.292813 -0.114105 0.066114 -0.453424 -0.189939 0.148361 -0.532296 -0.259453 0.262526 -0.356454 -0.409580 0.201628 -0.427231 -0.419480 0.318567 -0.473313 -0.329704 0.376959 -0.295118 -0.425233 0.266874 -0.394023 -0.356918 0.374927 -0.418270 -0.223042 0.386273 -0.213115 -0.340911 0.310081 -0.305404 -0.263858 0.402474 -0.309715 -0.133325 0.367680 -0.152212 -0.199907 0.329399 -0.223002 -0.198803 0.426757 -0.252087 -0.102346 0.371499 
0.000000 0.000000 0.000000 -0.037287 0.004298 -0.064924 -0.219841 -0.377790 0.015321 -0.145129 -0.322616 0.104850 -0.086932 -0.261794 0.151502 -0.033928 -0.203075 0.189685 -0.282053 -0.136971 0.069162 -0.435212 -0.225368 0.153065 -0.518414 -0.308117 0.254637 -0.321002 -0.436493 0.209591 -0.386743 -0.404323 0.325458 -0.419762 -0.302184 0.370962 -0.266804 -0.431720 0.277378 -0.349687 -0.336271 0.378098 -0.361897 -0.200320 0.380872 -0.182219 -0.347413 0.319738 -0.265955 -0.245478 0.394493 -0.270996 -0.118285 0.349056 -0.131451 -0.189326 0.334207 -0.198578 -0.179862 0.433684 -0.219514 -0.085595 0.371406 
0.000000 0.000000 0.000000 -0.043490 0.003806 -0.060976 -0.204640 -0.385341 0.030407 -0.123531 -0.328724 0.113216 -0.063169 -0.266504 0.155021 -0.008719 -0.206460 0.188863 -0.267683 -0.160385 0.082638 -0.407968 -0.263126 0.172502 -0.492414 -0.359288 0.260301 -0.299217 -0.443528 0.228118 -0.350364 -0.351802 0.316166 -0.369167 -0.238522 0.336343 -0.247107 -0.428916 0.289752 -0.320406 -0.313963 0.376571 -0.329275 -0.177741 0.374525 -0.153052 -0.335044 0.333730 -0.224960 -0.215655 0.393447 -0.225481 -0.093378 0.335861 -0.090995 -0.190886 0.342402 -0.160296 -0.144006 0.428952 -0.180464 -0.055193 0.358891 
0.000000 0.000000 0.000000 -0.043838 0.001852 -0.060816 -0.194218 -0.390187 0.036381 -0.114281 -0.330360 0.118064 -0.055409 -0.266021 0.158773 -0.002424 -0.204118 0.191576 -0.249635 -0.168207 0.102199 -0.378409 -0.274619 0.204203 -0.470424 -0.381517 0.268955 -0.291293 -0.435337 0.236276 -0.343406 -0.333827 0.312183 -0.362376 -0.219083 0.320387 -0.234174 -0.409335 0.307440 -0.318809 -0.292569 0.380429 -0.344834 -0.159076 0.368537 -0.141199 -0.326985 0.342178 -0.214810 -0.206660 0.397801 -0.218522 -0.087568 0.333993 -0.081310 -0.193546 0.347305 -0.153506 -0.135625 0.424273 -0.175671 -0.048123 0.353172 
0.000000 0.000000 0.000000 -0.045242 0.001633 -0.059786 -0.185982 -0.394154 0.036660 -0.105339 -0.333646 0.117139 -0.046770 -0.268614 0.157180 0.005778 -0.206049 0.189424 -0.245971 -0.169904 0.107933 -0.371573 -0.277240 0.212881 -0.480929 -0.384706 0.236948 -0.276459 -0.443953 0.238536 -0.327875 -0.347047 0.320680 -0.349345 -0.233475 0.335959 -0.215839 -0.419084 0.309400 -0.300403 -0.306387 0.388602 -0.330929 -0.173481 0.382012 -0.123393 -0.331285 0.344035 -0.197239 -0.210850 0.399109 -0.207528 -0.091747 0.336048 -0.065170 -0.195615 0.348935 -0.134361 -0.133638 0.425503 -0.160571 -0.045747 0.356284 
0.000000 0.000000 0.000000 -0.046823 0.002171 -0.058539 -0.178379 -0.398004 0.032614 -0.096659 -0.337907 0.112310 -0.038143 -0.272775 0.152267 0.014190 -0.210042 0.184532 -0.251416 -0.167578 0.106305 -0.379436 -0.273796 0.209453 -0.499379 -0.372284 0.210157 -0.265422 -0.461888 0.232020 -0.320958 -0.374889 0.322181 -0.349039 -0.264862 0.348611 -0.202111 -0.436736 0.300955 -0.292285 -0.336178 0.389731 -0.331510 -0.205487 0.394267 -0.107620 -0.345879 0.338123 -0.184728 -0.230234 0.398714 -0.203441 -0.108151 0.343817 -0.055148 -0.208644 0.345083 -0.125998 -0.152411 0.424514 -0.159127 -0.061720 0.362219 
0.000000 0.000000 0.000000 -0.045417 0.002370 -0.059628 -0.167742 -0.403513 0.018168 -0.089739 -0.343231 0.101373 -0.034095 -0.277545 0.144405 0.015628 -0.214229 0.179534 -0.259466 -0.169860 0.089924 -0.393404 -0.277631 0.183505 -0.512543 -0.376825 0.176202 -0.262200 -0.474090 0.211860 -0.324909 -0.418038 0.320063 -0.358663 -0.315435 0.363954 -0.197534 -0.453971 0.281905 -0.295916 -0.386359 0.390873 -0.345591 -0.261687 0.415947 -0.105682 -0.356611 0.326990 -0.190271 -0.257917 0.405061 -0.217934 -0.132260 0.363672 -0.069388 -0.196543 0.331342 -0.127907 -0.184369 0.435835 -0.170435 -0.091311 0.383540 
0.000000 0.000000 0.000000 -0.042610 0.003424 -0.061616 -0.171070 -0.402488 0.005391 -0.096580 -0.343789 0.092838 -0.042540 -0.279035 0.139199 0.005933 -0.216513 0.177365 -0.270000 -0.165145 0.071517 -0.412285 -0.270625 0.154823 -0.530611 -0.371053 0.154336 -0.279443 -0.474067 0.191272 -0.348937 -0.457977 0.308293 -0.386824 -0.366048 0.369175 -0.213510 -0.463465 0.261596 -0.319967 -0.432500 0.379209 -0.381458 -0.318515 0.422401 -0.123086 -0.366173 0.314222 -0.213614 -0.292040 0.410657 -0.247593 -0.163201 0.387984 -0.081661 -0.213703 0.328711 -0.141955 -0.211769 0.432885 -0.192827 -0.117845 0.390537 
0.000000 0.000000 0.000000 -0.038221 0.004639 -0.064355 -0.186686 -0.395500 -0.004326 -0.115976 -0.339119 0.087667 -0.062666 -0.276183 0.137266 -0.014445 -0.215321 0.178324 -0.278105 -0.153602 0.059183 -0.428209 -0.252620 0.136485 -0.548877 -0.349189 0.150635 -0.311688 -0.456444 0.174785 -0.387235 -0.493277 0.283034 -0.435077 -0.420509 0.360553 -0.244720 -0.458464 0.247842 -0.353260 -0.465299 0.367412 -0.421142 -0.361429 0.424354 -0.158086 -0.365798 0.303332 -0.252462 -0.325350 0.414902 -0.288286 -0.195103 0.410369 -0.107440 -0.229548 0.325754 -0.171450 -0.239340 0.427234 -0.227676 -0.145058 0.393282 
0.000000 0.000000 0.000000 -0.036623 0.005869 -0.065178 -0.208998 -0.384191 -0.002759 -0.136979 -0.330598 0.089883 -0.081121 -0.270092 0.139699 -0.030294 -0.211490 0.180901 -0.287937 -0.134250 0.057519 -0.445192 -0.221929 0.134294 -0.563354 -0.307822 0.186703 -0.340446 -0.460186 0.165664 -0.419889 -0.506116 0.267454 -0.476838 -0.456555 0.356301 -0.281063 -0.432331 0.249146 -0.388469 -0.469594 0.364038 -0.457353 -0.368926 0.425357 -0.191564 -0.351830 0.300432 -0.288883 -0.333301 0.415220 -0.322365 -0.202380 0.417794 -0.127224 -0.231744 0.325056 -0.193944 -0.245685 0.424280 -0.252271 -0.151702 0.393163 
0.000000 0.000000 0.000000 -0.036298 0.006951 -0.065253 -0.233418 -0.369841 0.004948 -0.157895 -0.319219 0.096465 -0.098140 -0.261492 0.145040 -0.043545 -0.205507 0.185045 -0.296116 -0.112443 0.061578 -0.458693 -0.187152 0.140940 -0.568046 -0.258418 0.224905 -0.367050 -0.442783 0.173001 -0.447814 -0.486867 0.274568 -0.506131 -0.443532 0.365751 -0.310998 -0.399955 0.259302 -0.415128 -0.454868 0.370054 -0.482573 -0.355482 0.434962 -0.218541 -0.320911 0.308400 -0.313317 -0.325081 0.426684 -0.344218 -0.193658 0.433116 -0.141616 -0.224448 0.328605 -0.209120 -0.237484 0.427421 -0.267382 -0.143187 0.397144 
0.000000 0.000000 0.000000 -0.036516 0.008180 -0.064989 -0.251564 -0.357625 0.010488 -0.172750 -0.310039 0.100850 -0.109728 -0.254948 0.148348 -0.052029 -0.201415 0.187339 -0.299231 -0.097694 0.067743 -0.463621 -0.163943 0.150798 -0.565099 -0.227317 0.249656 -0.383702 -0.424877 0.182060 -0.463563 -0.465522 0.285753 -0.519618 -0.421435 0.377988 -0.325680 -0.390016 0.264222 -0.429694 -0.444411 0.375338 -0.496616 -0.347672 0.444638 -0.236852 -0.292013 0.313210 -0.328007 -0.318590 0.431427 -0.354974 -0.186577 0.442074 -0.150324 -0.215319 0.331322 -0.217983 -0.224889 0.430428 -0.274493 -0.129471 0.400341 
0.000000 0.000000 0.000000 -0.037210 0.010451 -0.064265 -0.267174 -0.346083 0.011604 -0.184776 -0.302972 0.101010 -0.118544 -0.251233 0.147904 -0.057842 -0.200727 0.186371 -0.301203 -0.086408 0.072747 -0.466392 -0.147017 0.158481 -0.559310 -0.206583 0.267591 -0.398707 -0.412795 0.183851 -0.478202 -0.453113 0.287952 -0.533196 -0.409157 0.380886 -0.337884 -0.382229 0.264566 -0.442019 -0.436136 0.375807 -0.507181 -0.339656 0.447116 -0.247598 -0.283949 0.312186 -0.340137 -0.307409 0.429987 -0.362714 -0.174765 0.442787 -0.157292 -0.211522 0.329826 -0.225747 -0.218953 0.428569 -0.280047 -0.122557 0.397548 
0.000000 0.000000 0.000000 -0.036701 0.012305 -0.064230 -0.279481 -0.336318 0.008409 -0.195736 -0.296928 0.098279 -0.127763 -0.247989 0.145686 -0.065348 -0.200015 0.184648 -0.301069 -0.079608 0.075440 -0.466493 -0.137121 0.162837 -0.553228 -0.195802 0.277382 -0.411589 -0.401807 0.180685 -0.491432 -0.441387 0.284803 -0.544949 -0.397551 0.378651 -0.350460 -0.371700 0.262425 -0.455694 -0.422556 0.374067 -0.516149 -0.324896 0.447872 -0.258155 -0.276573 0.309681 -0.351655 -0.297069 0.427276 -0.369267 -0.163742 0.440751 -0.166081 -0.206816 0.327451 -0.235418 -0.211497 0.425745 -0.286266 -0.113443 0.394074 
0.000000 0.000000 0.000000 -0.036113 0.012596 -0.064506 -0.282882 -0.333500 0.006762 -0.199395 -0.294844 0.097190 -0.131280 -0.246531 0.145032 -0.068670 -0.199138 0.184390 -0.298466 -0.078374 0.079514 -0.462630 -0.135297 0.169632 -0.544723 -0.194630 0.287221 -0.413823 -0.401287 0.179040 -0.492960 -0.442255 0.283160 -0.545744 -0.400021 0.378151 -0.353252 -0.369989 0.261980 -0.457897 -0.421098 0.374060 -0.517244 -0.323676 0.449068 -0.262959 -0.273061 0.308343 -0.357381 -0.292084 0.425447 -0.372952 -0.158486 0.438749 -0.169678 -0.204306 0.327068 -0.239204 -0.207863 0.425276 -0.288313 -0.108854 0.393836 
0.000000 0.000000 0.000000 -0.036154 0.012783 -0.064447 -0.283341 -0.333119 0.006312 -0.199719 -0.294771 0.096745 -0.131492 -0.246656 0.144628 -0.068780 -0.199433 0.184029 -0.297945 -0.079968 0.079460 -0.461757 -0.138006 0.169507 -0.539586 -0.197944 0.289661 -0.414299 -0.401846 0.178204 -0.493447 -0.443383 0.282090 -0.546410 -0.400340 0.376617 -0.354017 -0.370617 0.260800 -0.458961 -0.422202 0.372380 -0.516469 -0.322642 0.445999 -0.262443 -0.276252 0.307997 -0.356343 -0.297474 0.425143 -0.370463 -0.163594 0.437180 -0.169985 -0.206431 0.326489 -0.239647 -0.211247 0.424547 -0.287845 -0.111992 0.392477 
0.000000 0.000000 0.000000 -0.035259 0.012145 -0.065063 -0.283589 -0.332918 0.005792 -0.201195 -0.293691 0.096972 -0.133605 -0.245122 0.145297 -0.071413 -0.197530 0.185077 -0.296990 -0.077280 0.081040 -0.460765 -0.133236 0.172462 -0.535873 -0.193660 0.294095 -0.414493 -0.396791 0.179586 -0.493609 -0.435395 0.284622 -0.547112 -0.390617 0.378032 -0.357505 -0.362444 0.262243 -0.463817 -0.409205 0.374652 -0.519068 -0.305049 0.443486 -0.263710 -0.273054 0.309633 -0.357004 -0.293082 0.427471 -0.368756 -0.158781 0.437110 -0.171809 -0.204106 0.328128 -0.240914 -0.208633 0.426593 -0.287722 -0.109152 0.393192 
0.000000 0.000000 0.000000 -0.036923 0.013734 -0.063812 -0.288596 -0.328518 0.008856 -0.202986 -0.292046 0.098199 -0.133261 -0.245315 0.145287 -0.069193 -0.199340 0.183976 -0.298996 -0.075701 0.081672 -0.462984 -0.131664 0.172707 -0.537419 -0.191839 0.294875 -0.420464 -0.393254 0.181599 -0.500162 -0.432378 0.286000 -0.553681 -0.386959 0.379092 -0.360236 -0.358946 0.263339 -0.467189 -0.404448 0.375657 -0.520651 -0.297977 0.442329 -0.264506 -0.271263 0.309040 -0.358618 -0.289869 0.426461 -0.368664 -0.155321 0.434461 -0.171062 -0.203911 0.326061 -0.241181 -0.207058 0.423860 -0.286827 -0.107324 0.389613 
0.000000 0.000000 0.000000 -0.036505 0.014921 -0.063786 -0.295709 -0.322189 0.006406 -0.209477 -0.288133 0.096104 -0.138829 -0.243220 0.143585 -0.073840 -0.198888 0.182653 -0.300136 -0.069262 0.082017 -0.465099 -0.121938 0.173250 -0.538999 -0.182613 0.295497 -0.427917 -0.385403 0.179453 -0.507819 -0.423608 0.284037 -0.560524 -0.377665 0.377336 -0.368510 -0.351635 0.260878 -0.476675 -0.394825 0.372947 -0.527211 -0.286480 0.438877 -0.270948 -0.266120 0.307090 -0.365684 -0.282541 0.424334 -0.373253 -0.147823 0.432200 -0.175375 -0.200115 0.325045 -0.245263 -0.200959 0.423056 -0.289410 -0.100660 0.388496 
0.000000 0.000000 0.000000 -0.035829 0.016903 -0.063675 -0.306719 -0.311784 0.002205 -0.219550 -0.281763 0.092436 -0.147489 -0.239872 0.140552 -0.081085 -0.198269 0.180238 -0.301421 -0.060463 0.082344 -0.467611 -0.108874 0.173713 -0.542765 -0.169337 0.295299 -0.441119 -0.374883 0.173596 -0.522347 -0.413019 0.277181 -0.573582 -0.367526 0.371513 -0.381333 -0.343729 0.255104 -0.491369 -0.385875 0.365742 -0.538274 -0.275904 0.431663 -0.281192 -0.259905 0.303143 -0.377065 -0.274270 0.419732 -0.379329 -0.139460 0.429165 -0.183691 -0.198630 0.321865 -0.254317 -0.198878 0.419349 -0.295065 -0.097092 0.384967 
0.000000 0.000000 0.000000 -0.036045 0.019308 -0.062863 -0.315700 -0.302693 -0.000699 -0.226658 -0.277176 0.089088 -0.152850 -0.238449 0.137206 -0.084802 -0.199663 0.176959 -0.302537 -0.055297 0.082953 -0.469291 -0.101980 0.174196 -0.547109 -0.163347 0.293632 -0.452287 -0.365339 0.169124 -0.534836 -0.403201 0.271760 -0.584799 -0.357787 0.366809 -0.390369 -0.337527 0.250430 -0.501715 -0.378574 0.360164 -0.544718 -0.267132 0.426275 -0.288564 -0.255072 0.298510 -0.385879 -0.266993 0.414175 -0.384679 -0.132221 0.424333 -0.189123 -0.197681 0.317314 -0.260929 -0.196316 0.413923 -0.298319 -0.093210 0.379656 
0.000000 0.000000 0.000000 -0.035095 0.020455 -0.063038 -0.322341 -0.295571 -0.004958 -0.233486 -0.272543 0.085684 -0.159228 -0.235738 0.134611 -0.090659 -0.198700 0.175129 -0.302973 -0.050964 0.081830 -0.470593 -0.095653 0.172480 -0.552971 -0.156247 0.289224 -0.460947 -0.353817 0.164795 -0.544716 -0.389019 0.267389 -0.592270 -0.340163 0.361966 -0.399987 -0.326452 0.246450 -0.513232 -0.363118 0.355792 -0.550923 -0.248615 0.419885 -0.298731 -0.249157 0.292955 -0.398762 -0.258780 0.406497 -0.393440 -0.124009 0.415241 -0.197899 -0.193888 0.313197 -0.271715 -0.190575 0.408232 -0.304611 -0.086597 0.372045 
0.000000 0.000000 0.000000 -0.034250 0.021443 -0.063174 -0.328654 -0.288465 -0.008042 -0.239883 -0.267707 0.083227 -0.165147 -0.232704 0.132746 -0.096041 -0.197315 0.173822 -0.302995 -0.045963 0.082012 -0.471158 -0.088142 0.172860 -0.560637 -0.147120 0.285118 -0.467613 -0.342537 0.162800 -0.551596 -0.375216 0.266052 -0.596191 -0.320973 0.359122 -0.405250 -0.333513 0.240700 -0.518361 -0.347599 0.355295 -0.549261 -0.228283 0.414017 -0.306430 -0.258953 0.287871 -0.405349 -0.241340 0.401430 -0.393138 -0.106818 0.406207 -0.206089 -0.190964 0.309599 -0.281836 -0.186592 0.403058 -0.307752 -0.081457 0.364611 
0.000000 0.000000 0.000000 -0.034143 0.021616 -0.063174 -0.331882 -0.284788 -0.006386 -0.242688 -0.264722 0.084627 -0.167459 -0.230396 0.133871 -0.097873 -0.195647 0.174683 -0.302106 -0.045809 0.083441 -0.469780 -0.087999 0.175183 -0.565385 -0.146528 0.282518 -0.463863 -0.333090 0.171569 -0.543630 -0.362282 0.279120 -0.586925 -0.299211 0.367101 -0.400983 -0.338427 0.245826 -0.509318 -0.326437 0.365174 -0.533404 -0.199626 0.409653 -0.308540 -0.259953 0.288584 -0.404011 -0.224992 0.401074 -0.383023 -0.091555 0.396355 -0.207082 -0.184444 0.310824 -0.282252 -0.176733 0.404532 -0.298612 -0.071412 0.361601 
0.000000 0.000000 0.000000 -0.034617 0.018373 -0.063938 -0.323115 -0.294751 0.002984 -0.234803 -0.268858 0.093383 -0.160772 -0.230586 0.141522 -0.092373 -0.192355 0.181212 -0.300831 -0.058109 0.081413 -0.467410 -0.105966 0.172364 -0.571904 -0.165943 0.270194 -0.443722 -0.336080 0.190509 -0.516614 -0.361058 0.303845 -0.558694 -0.284802 0.381352 -0.382192 -0.355230 0.258582 -0.481744 -0.308462 0.377016 -0.496771 -0.175299 0.403111 -0.294333 -0.274231 0.299542 -0.380390 -0.205679 0.403876 -0.356563 -0.075005 0.378886 -0.199957 -0.174983 0.317998 -0.274009 -0.163025 0.412150 -0.278571 -0.060913 0.359659 
0.000000 0.000000 0.000000 -0.033480 0.010417 -0.066291 -0.295625 -0.322000 0.014548 -0.213696 -0.281621 0.105645 -0.145359 -0.233338 0.153200 -0.082279 -0.186228 0.192147 -0.296177 -0.084071 0.074808 -0.460555 -0.143195 0.163098 -0.566560 -0.208913 0.255461 -0.411593 -0.351612 0.207149 -0.481680 -0.369509 0.323551 -0.530023 -0.282894 0.384820 -0.351092 -0.371460 0.277476 -0.449254 -0.297812 0.382666 -0.466301 -0.162381 0.385298 -0.272392 -0.284081 0.314450 -0.356504 -0.188423 0.396703 -0.337351 -0.063022 0.350060 -0.194577 -0.160308 0.323689 -0.271874 -0.142467 0.414233 -0.267528 -0.048775 0.347855 
0.000000 0.000000 0.000000 -0.027803 -0.004883 -0.069477 -0.238376 -0.364431 0.040706 -0.173954 -0.298027 0.130604 -0.119729 -0.232300 0.175351 -0.069590 -0.169830 0.211391 -0.280060 -0.124253 0.071815 -0.437906 -0.198947 0.160227 -0.534708 -0.275025 0.254716 -0.346411 -0.398933 0.237069 -0.423087 -0.378644 0.348832 -0.482506 -0.286414 0.388279 -0.298900 -0.384563 0.313291 -0.403471 -0.292702 0.395455 -0.430766 -0.161256 0.370632 -0.236838 -0.287027 0.342695 -0.327792 -0.174371 0.387714 -0.322814 -0.058442 0.318404 -0.188297 -0.137014 0.335560 -0.270005 -0.114427 0.421029 -0.264143 -0.033430 0.339737 
0.000000 0.000000 0.000000 -0.021739 -0.017960 -0.069489 -0.177888 -0.392124 0.076714 -0.131579 -0.305273 0.160103 -0.092059 -0.226308 0.198384 -0.055424 -0.152283 0.228274 -0.261840 -0.162722 0.069225 -0.412080 -0.253305 0.156023 -0.488906 -0.336661 0.262024 -0.276117 -0.425557 0.278341 -0.363478 -0.368572 0.367238 -0.429205 -0.273019 0.379190 -0.248195 -0.385422 0.351025 -0.357915 -0.276849 0.398962 -0.392175 -0.153993 0.350258 -0.202452 -0.270309 0.373286 -0.295545 -0.150655 0.370563 -0.303458 -0.048608 0.282292 -0.172033 -0.127566 0.356249 -0.264960 -0.067888 0.404151 -0.258196 -0.004255 0.308714 
0.000000 0.000000 0.000000 -0.016004 -0.028558 -0.067470 -0.109945 -0.407192 0.115747 -0.082107 -0.305443 0.190001 -0.058101 -0.217256 0.220160 -0.035805 -0.135276 0.242465 -0.235885 -0.196637 0.078297 -0.373473 -0.301809 0.169509 -0.418675 -0.382291 0.294274 -0.204830 -0.421361 0.321213 -0.298899 -0.352350 0.393119 -0.368191 -0.259575 0.379538 -0.191103 -0.370863 0.390786 -0.302143 -0.254393 0.405941 -0.341576 -0.142503 0.338377 -0.163682 -0.243346 0.401504 -0.252265 -0.128352 0.357683 -0.267997 -0.041732 0.255128 -0.143879 -0.106766 0.376977 -0.235361 -0.028607 0.380641 -0.228294 0.016839 0.275343 
0.000000 0.000000 0.000000 -0.011845 -0.038355 -0.063344 -0.053885 -0.401424 0.165062 -0.040265 -0.288671 0.226241 -0.028511 -0.195073 0.245316 -0.017594 -0.108754 0.257360 -0.211128 -0.210605 0.105364 -0.335827 -0.318388 0.210930 -0.360226 -0.388214 0.347370 -0.142969 -0.400073 0.373587 -0.241818 -0.335276 0.442956 -0.320386 -0.252678 0.418503 -0.134374 -0.338605 0.438666 -0.257180 -0.233751 0.445675 -0.309005 -0.136743 0.364787 -0.121415 -0.208897 0.434767 -0.218764 -0.110684 0.372573 -0.242526 -0.043603 0.257666 -0.119113 -0.077246 0.396239 -0.215420 -0.006352 0.382446 -0.217272 0.025996 0.272204 
0.000000 0.000000 0.000000 -0.007184 -0.045089 -0.059492 -0.027566 -0.386639 0.202585 -0.024221 -0.267798 0.252655 -0.020147 -0.172165 0.262677 -0.016163 -0.084498 0.266402 -0.196227 -0.208226 0.128911 -0.314517 -0.310306 0.246802 -0.333309 -0.374379 0.386903 -0.117078 -0.372790 0.410469 -0.217192 -0.313841 0.483162 -0.302300 -0.239278 0.455053 -0.108349 -0.307113 0.471404 -0.240622 -0.214371 0.476644 -0.300580 -0.130435 0.387207 -0.105913 -0.180113 0.455796 -0.211793 -0.093629 0.390215 -0.233591 -0.041242 0.267543 -0.113778 -0.051345 0.407676 -0.214917 0.012141 0.392450 -0.220310 0.035635 0.280102 
0.000000 0.000000 0.000000 -0.001752 -0.051200 -0.054766 -0.019105 -0.365096 0.240063 -0.024341 -0.241797 0.277631 -0.025561 -0.145562 0.277857 -0.026139 -0.057882 0.272649 -0.192619 -0.203149 0.141008 -0.312051 -0.298229 0.263510 -0.340864 -0.354357 0.405307 -0.119378 -0.338501 0.441702 -0.228302 -0.280055 0.500876 -0.317157 -0.216052 0.460857 -0.118055 -0.265533 0.494723 -0.256325 -0.183142 0.479968 -0.315316 -0.114403 0.377819 -0.123688 -0.142079 0.465134 -0.228519 -0.068035 0.384395 -0.236682 -0.031333 0.254570 -0.135031 -0.017962 0.403551 -0.239083 0.035911 0.375943 -0.239240 0.047761 0.261651 
0.000000 0.000000 0.000000 0.004875 -0.055782 -0.049885 -0.011218 -0.343217 0.270863 -0.026484 -0.217751 0.296682 -0.033726 -0.122167 0.288069 -0.039454 -0.035517 0.274869 -0.187607 -0.199494 0.150475 -0.308049 -0.289420 0.275847 -0.342197 -0.339941 0.418565 -0.119789 -0.303916 0.466025 -0.236267 -0.246150 0.509361 -0.325666 -0.193675 0.456001 -0.130561 -0.226213 0.510156 -0.271505 -0.153588 0.478772 -0.327078 -0.098806 0.366745 -0.142135 -0.107491 0.469027 -0.243751 -0.043375 0.376538 -0.242863 -0.018264 0.243735 -0.155572 0.011626 0.396854 -0.260358 0.058070 0.360055 -0.257748 0.059988 0.245195 
0.000000 0.000000 0.000000 0.006375 -0.057374 -0.047870 -0.008390 -0.333830 0.282449 -0.026071 -0.207833 0.303748 -0.034839 -0.112744 0.291756 -0.041892 -0.026712 0.275504 -0.185010 -0.200346 0.154064 -0.304766 -0.289809 0.280421 -0.337951 -0.339671 0.423597 -0.121451 -0.287920 0.473576 -0.240391 -0.231602 0.511833 -0.326972 -0.186107 0.448372 -0.134395 -0.212724 0.515210 -0.275014 -0.143903 0.475027 -0.328996 -0.093717 0.360107 -0.148602 -0.093643 0.468975 -0.248843 -0.033780 0.372232 -0.245081 -0.012701 0.238780 -0.162933 0.022691 0.391670 -0.268788 0.065044 0.353039 -0.266323 0.063354 0.238173 
0.000000 0.000000 0.000000 0.006969 -0.057860 -0.047197 -0.008987 -0.330786 0.285990 -0.027366 -0.204645 0.305792 -0.036460 -0.109731 0.292705 -0.043768 -0.023912 0.275470 -0.187903 -0.198830 0.152800 -0.309841 -0.287039 0.277946 -0.341397 -0.336039 0.421786 -0.124138 -0.284750 0.475834 -0.244544 -0.228256 0.508893 -0.327828 -0.184545 0.440000 -0.138401 -0.208698 0.515862 -0.278672 -0.140541 0.473396 -0.331552 -0.091107 0.357641 -0.153240 -0.088795 0.467742 -0.252049 -0.030124 0.368822 -0.246991 -0.010139 0.235244 -0.167064 0.026548 0.388775 -0.273031 0.068683 0.350215 -0.269835 0.066359 0.235378 
0.000000 0.000000 0.000000 0.005866 -0.058016 -0.047155 -0.016697 -0.330389 0.286103 -0.032458 -0.203879 0.305806 -0.039511 -0.108799 0.292656 -0.044962 -0.022854 0.275368 -0.190885 -0.198531 0.151317 -0.313999 -0.286455 0.275508 -0.347597 -0.335668 0.418812 -0.132399 -0.286366 0.476090 -0.253105 -0.228436 0.505353 -0.334212 -0.183107 0.434926 -0.146451 -0.207347 0.514296 -0.285344 -0.137129 0.470672 -0.337187 -0.086098 0.355141 -0.157572 -0.087771 0.466821 -0.255067 -0.027260 0.367704 -0.250057 -0.005783 0.234356 -0.169014 0.027949 0.387690 -0.274490 0.072043 0.349984 -0.272283 0.071901 0.235101 
0.000000 0.000000 0.000000 -0.002287 -0.056452 -0.049314 -0.045331 -0.337136 0.274909 -0.045906 -0.210506 0.299528 -0.042460 -0.114805 0.289937 -0.038596 -0.028193 0.275838 -0.198776 -0.195251 0.150619 -0.321726 -0.282104 0.275724 -0.365887 -0.339223 0.413106 -0.153785 -0.297054 0.469976 -0.271025 -0.232992 0.500519 -0.350736 -0.179445 0.434397 -0.160512 -0.219812 0.507502 -0.296675 -0.141149 0.470135 -0.349043 -0.080555 0.359567 -0.158774 -0.095836 0.465507 -0.256735 -0.025056 0.373940 -0.254889 0.004206 0.242000 -0.160376 0.023204 0.390355 -0.266042 0.073792 0.362664 -0.270035 0.081060 0.248059 
0.000000 0.000000 0.000000 -0.011711 -0.052325 -0.052429 -0.076651 -0.346122 0.256154 -0.059760 -0.222343 0.288322 -0.044370 -0.127422 0.284326 -0.029938 -0.041254 0.275269 -0.205595 -0.185583 0.153721 -0.326915 -0.268966 0.282717 -0.384281 -0.346332 0.404416 -0.179648 -0.316627 0.456009 -0.290113 -0.243706 0.491532 -0.367258 -0.174670 0.437906 -0.174200 -0.235027 0.496210 -0.305898 -0.145126 0.469790 -0.358184 -0.072893 0.366408 -0.155550 -0.107728 0.463113 -0.255726 -0.024758 0.385193 -0.260416 0.013484 0.255641 -0.147923 0.013385 0.392233 -0.252373 0.072231 0.381346 -0.265540 0.089846 0.268565 
0.000000 0.000000 0.000000 -0.018383 -0.047666 -0.054899 -0.097421 -0.353706 0.238100 -0.068255 -0.234167 0.276847 -0.044575 -0.140888 0.277866 -0.022830 -0.055906 0.273358 -0.212839 -0.178938 0.151984 -0.334517 -0.261080 0.281438 -0.400994 -0.353950 0.386523 -0.206821 -0.334479 0.435793 -0.310895 -0.253268 0.472609 -0.381075 -0.170470 0.430038 -0.187774 -0.249894 0.481645 -0.313178 -0.150253 0.459962 -0.363325 -0.067416 0.363719 -0.148116 -0.123853 0.461450 -0.247727 -0.034088 0.390664 -0.258046 0.010730 0.263570 -0.134574 -0.000151 0.395796 -0.236520 0.063677 0.390881 -0.256694 0.088468 0.280511 
0.000000 0.000000 0.000000 -0.026012 -0.041268 -0.056958 -0.115616 -0.361743 0.216945 -0.073137 -0.248772 0.262490 -0.040824 -0.158342 0.268900 -0.011541 -0.075531 0.269319 -0.224710 -0.176150 0.143472 -0.349042 -0.260550 0.268888 -0.425583 -0.373994 0.342093 -0.228959 -0.356808 0.413284 -0.328105 -0.269465 0.449662 -0.392225 -0.178022 0.416195 -0.201674 -0.268099 0.461435 -0.324927 -0.164529 0.447067 -0.375312 -0.073233 0.358943 -0.140970 -0.147543 0.454825 -0.241187 -0.051024 0.394565 -0.256245 0.003103 0.271636 -0.119681 -0.022388 0.396078 -0.219985 0.044158 0.397485 -0.248819 0.079034 0.291865 
0.000000 0.000000 0.000000 -0.034406 -0.033927 -0.057351 -0.122433 -0.371393 0.195877 -0.067178 -0.266325 0.246364 -0.027463 -0.179327 0.257165 0.008088 -0.099133 0.261684 -0.238287 -0.178242 0.130936 -0.365863 -0.268545 0.248754 -0.455321 -0.389961 0.285391 -0.226744 -0.382582 0.396909 -0.319277 -0.293850 0.445346 -0.380687 -0.196487 0.426837 -0.189038 -0.297122 0.448047 -0.310247 -0.190229 0.450668 -0.364265 -0.089714 0.375713 -0.119491 -0.177580 0.447537 -0.219344 -0.075103 0.397351 -0.241340 -0.011040 0.280389 -0.092914 -0.051189 0.396169 -0.191284 0.017691 0.404548 -0.230680 0.063565 0.306840 
0.000000 0.000000 0.000000 -0.042180 -0.026217 -0.056191 -0.121821 -0.383615 0.171141 -0.055632 -0.286959 0.225159 -0.010114 -0.203451 0.239899 0.030214 -0.125866 0.248226 -0.252387 -0.179518 0.117469 -0.383921 -0.275444 0.226135 -0.484518 -0.393343 0.234313 -0.215182 -0.418602 0.374806 -0.304369 -0.335751 0.437763 -0.365893 -0.236792 0.433874 -0.166147 -0.337603 0.429355 -0.287882 -0.233766 0.452223 -0.347901 -0.126591 0.392635 -0.091076 -0.221693 0.434388 -0.195779 -0.116016 0.405058 -0.226626 -0.039563 0.297953 -0.063029 -0.091886 0.392231 -0.160696 -0.025873 0.416619 -0.210644 0.031593 0.330562 