129
0.000000 0.000000 0.000000 -0.046863 -0.058162 -0.006703 0.151296 -0.267952 0.310807 0.191233 -0.138900 0.283327 0.200337 -0.040591 0.239298 0.198479 0.039338 0.193468 -0.055948 0.012507 0.297878 -0.061633 0.056727 0.488465 -0.069335 0.092407 0.639311 0.128146 -0.211912 0.529311 0.114154 -0.178044 0.661368 0.106647 -0.138689 0.770858 0.202386 -0.101922 0.517811 0.209973 -0.076772 0.677293 0.191226 -0.023268 0.801491 0.220537 0.005659 0.444643 0.235021 0.038823 0.591889 0.209241 0.105494 0.706599 0.263676 0.095606 0.345683 0.308552 0.134336 0.450456 0.331285 0.170320 0.557187 
0.000000 0.000000 0.000000 -0.049033 -0.056389 -0.006320 0.150908 -0.278697 0.301405 0.194486 -0.150599 0.275013 0.205712 -0.051859 0.232463 0.205295 0.028923 0.188118 -0.044116 0.012924 0.298668 -0.041039 0.056295 0.489510 -0.038460 0.091970 0.640532 0.134989 -0.216784 0.518968 0.125368 -0.179365 0.650457 0.120548 -0.137120 0.759017 0.204254 -0.108843 0.508756 0.210898 -0.080443 0.667733 0.194206 -0.024280 0.791047 0.231389 -0.006591 0.437415 0.249801 0.025870 0.584378 0.226117 0.093486 0.698987 0.277174 0.081849 0.338513 0.326649 0.118278 0.442033 0.353824 0.151591 0.548592 
0.000000 0.000000 0.000000 -0.050355 -0.055216 -0.006289 0.152066 -0.288031 0.291898 0.197713 -0.160338 0.267093 0.210020 -0.060980 0.226317 0.210265 0.020707 0.183660 -0.037342 0.005698 0.300251 -0.029200 0.043815 0.492063 -0.020841 0.077036 0.643435 0.138590 -0.226071 0.509612 0.130445 -0.188624 0.641193 0.125119 -0.144454 0.748960 0.209399 -0.123212 0.501527 0.217346 -0.097962 0.660976 0.200548 -0.042185 0.784451 0.237582 -0.018352 0.431590 0.257346 0.012215 0.578783 0.233413 0.079943 0.693273 0.283007 0.066611 0.335935 0.333076 0.098207 0.440749 0.363175 0.127684 0.547653 
0.000000 0.000000 0.000000 -0.049929 -0.055160 -0.009401 0.161095 -0.307406 0.266159 0.204939 -0.177694 0.250124 0.215391 -0.075417 0.216715 0.213920 0.009244 0.180344 -0.020925 -0.001913 0.297470 -0.002777 0.031405 0.489490 0.018798 0.059208 0.640647 0.148056 -0.246088 0.484081 0.140175 -0.209029 0.615788 0.135236 -0.162805 0.722709 0.222648 -0.145959 0.484972 0.234692 -0.124375 0.644702 0.217765 -0.069027 0.768353 0.240515 -0.028614 0.421390 0.258531 0.004945 0.568155 0.230463 0.073969 0.680920 0.292879 0.047117 0.331729 0.347227 0.073185 0.435931 0.378397 0.098501 0.543591 
0.000000 0.000000 0.000000 -0.050729 -0.054203 -0.010604 0.164517 -0.320711 0.247727 0.209307 -0.190821 0.236464 0.219989 -0.087230 0.207466 0.218492 -0.000990 0.175018 -0.011930 -0.020318 0.297929 0.012348 0.000886 0.490989 0.042941 0.021156 0.641787 0.153377 -0.261454 0.466324 0.146644 -0.225640 0.598438 0.142264 -0.179188 0.705284 0.231062 -0.159704 0.471055 0.245858 -0.138540 0.630610 0.225629 -0.083018 0.753685 0.243245 -0.042606 0.412847 0.259920 -0.010608 0.560119 0.227812 0.058510 0.671742 0.291548 0.029801 0.330906 0.341834 0.050995 0.438207 0.369456 0.071939 0.547758 
0.000000 0.000000 0.000000 -0.050445 -0.054258 -0.011629 0.167865 -0.325472 0.239122 0.211778 -0.195066 0.230731 0.221653 -0.090747 0.204160 0.219439 -0.003768 0.173791 -0.014093 -0.027872 0.297933 0.008653 -0.011361 0.491637 0.038826 0.007039 0.642759 0.159228 -0.270351 0.458911 0.154008 -0.237038 0.591746 0.150465 -0.193367 0.699789 0.231955 -0.170223 0.466209 0.245678 -0.153327 0.626368 0.225581 -0.097904 0.749509 0.242797 -0.051634 0.410889 0.257958 -0.023587 0.559126 0.221538 0.047585 0.668104 0.284974 0.023221 0.333675 0.330083 0.041798 0.443727 0.356102 0.060731 0.554034 
0.000000 0.000000 0.000000 -0.048876 -0.054911 -0.014823 0.172340 -0.331522 0.227338 0.213073 -0.199834 0.225396 0.220720 -0.094230 0.203592 0.216778 -0.006073 0.177036 -0.017806 -0.029564 0.295400 0.001636 -0.013703 0.489517 0.030060 0.002728 0.641204 0.161484 -0.279338 0.447745 0.154924 -0.247800 0.580953 0.152150 -0.205449 0.689543 0.232275 -0.177396 0.461197 0.245335 -0.162135 0.621576 0.226700 -0.107912 0.745478 0.240223 -0.061107 0.411525 0.254208 -0.037355 0.560626 0.212930 0.034989 0.667071 0.286237 0.017789 0.335757 0.334048 0.034213 0.445007 0.360405 0.051701 0.555472 
0.000000 0.000000 0.000000 -0.050632 -0.053494 -0.014095 0.166632 -0.336606 0.224099 0.211007 -0.206109 0.221658 0.221259 -0.100724 0.199863 0.219363 -0.012447 0.173483 -0.014618 -0.027571 0.295545 0.007917 -0.011350 0.489298 0.036711 0.003863 0.641042 0.157215 -0.284013 0.444475 0.151524 -0.252227 0.577664 0.149703 -0.210519 0.686523 0.236042 -0.181434 0.456687 0.253069 -0.164651 0.616540 0.235624 -0.109881 0.740376 0.244410 -0.063404 0.406708 0.261011 -0.036644 0.555029 0.217122 0.038559 0.658404 0.289774 0.012017 0.331691 0.338240 0.028856 0.440589 0.364716 0.045956 0.551087 
0.000000 0.000000 0.000000 -0.052259 -0.052127 -0.013256 0.160317 -0.340411 0.222955 0.208210 -0.211187 0.219513 0.221052 -0.106184 0.197249 0.221221 -0.017963 0.170615 -0.013784 -0.027619 0.296204 0.010291 -0.012284 0.489843 0.039830 0.001793 0.641554 0.152392 -0.288328 0.443510 0.147602 -0.256851 0.576808 0.146430 -0.215760 0.685910 0.234867 -0.183863 0.454071 0.252997 -0.165278 0.613603 0.236758 -0.110023 0.737387 0.247334 -0.070692 0.404042 0.266179 -0.045241 0.552325 0.220661 0.033264 0.652490 0.293293 0.008853 0.327691 0.342902 0.027310 0.435810 0.368806 0.044756 0.546389 
0.000000 0.000000 0.000000 -0.054089 -0.050633 -0.011601 0.154097 -0.342568 0.224035 0.205870 -0.214942 0.218071 0.221501 -0.110658 0.194264 0.223865 -0.022805 0.166540 -0.014513 -0.031208 0.298080 0.010252 -0.019053 0.491859 0.045059 -0.005492 0.642496 0.147970 -0.289914 0.444512 0.144266 -0.258091 0.577763 0.143051 -0.216049 0.686501 0.233202 -0.188359 0.452636 0.251792 -0.170279 0.612173 0.236603 -0.114022 0.735639 0.249041 -0.078054 0.401368 0.268789 -0.054676 0.549875 0.223331 0.025468 0.648762 0.296656 0.001887 0.323632 0.346759 0.018883 0.431762 0.371843 0.036911 0.542437 
0.000000 0.000000 0.000000 -0.054956 -0.049849 -0.010899 0.150751 -0.343853 0.224343 0.204420 -0.217066 0.217330 0.221441 -0.113146 0.192894 0.224912 -0.025469 0.164733 -0.013304 -0.031836 0.298595 0.012759 -0.020565 0.492257 0.054665 -0.005832 0.640963 0.144010 -0.291598 0.444897 0.139936 -0.260018 0.578194 0.138411 -0.217062 0.686572 0.232817 -0.190616 0.451784 0.252131 -0.172627 0.611245 0.235912 -0.114687 0.733798 0.254088 -0.081890 0.399464 0.277498 -0.059477 0.547587 0.231882 0.021611 0.645628 0.296855 0.000505 0.322009 0.346375 0.018383 0.430265 0.371543 0.036141 0.540965 
0.000000 0.000000 0.000000 -0.051933 -0.051882 -0.015333 0.156086 -0.344652 0.219414 0.203921 -0.215360 0.219484 0.217115 -0.109934 0.199554 0.217743 -0.021205 0.174669 -0.021893 -0.027588 0.295076 -0.003095 -0.012387 0.489310 0.038978 0.004105 0.637784 0.145596 -0.296949 0.440851 0.139256 -0.268119 0.574682 0.135863 -0.226421 0.683507 0.228546 -0.190470 0.454534 0.245294 -0.173541 0.614401 0.218768 -0.111329 0.732999 0.240797 -0.082315 0.407857 0.257778 -0.062511 0.557223 0.206322 0.015915 0.654535 0.292233 0.006819 0.330400 0.343505 0.026108 0.437593 0.368459 0.043108 0.548460 
0.000000 0.000000 0.000000 -0.048326 -0.054154 -0.018863 0.165481 -0.341694 0.217144 0.206109 -0.210071 0.222545 0.214320 -0.103578 0.205875 0.211118 -0.014291 0.183293 -0.033110 -0.032095 0.292791 -0.023589 -0.018292 0.487803 0.013954 -0.001734 0.637480 0.151014 -0.298710 0.439322 0.142271 -0.272731 0.573601 0.132391 -0.233274 0.682865 0.226323 -0.179387 0.457331 0.240071 -0.158518 0.617018 0.199292 -0.095199 0.730891 0.226353 -0.074083 0.414918 0.234981 -0.052933 0.564815 0.171866 0.019482 0.659898 0.284797 0.010336 0.339981 0.335512 0.027287 0.447832 0.358605 0.041370 0.559508 
0.000000 0.000000 0.000000 -0.043802 -0.055702 -0.024549 0.174725 -0.343577 0.206680 0.206746 -0.210335 0.221704 0.209186 -0.102743 0.211498 0.201631 -0.012621 0.193796 -0.049532 -0.052416 0.288186 -0.053118 -0.050360 0.483874 -0.020611 -0.040172 0.635289 0.145015 -0.316569 0.429857 0.127058 -0.300247 0.564739 0.109551 -0.266755 0.675034 0.209337 -0.193560 0.458740 0.211099 -0.182151 0.619959 0.158482 -0.124934 0.732195 0.212429 -0.082499 0.421958 0.214754 -0.067983 0.572871 0.142582 -0.005439 0.668513 0.262946 0.006944 0.356412 0.305150 0.020411 0.468344 0.323812 0.029471 0.581360 
0.000000 0.000000 0.000000 -0.039322 -0.055745 -0.031148 0.174941 -0.348793 0.197558 0.199661 -0.215604 0.223132 0.197897 -0.107568 0.219800 0.187517 -0.016873 0.207180 -0.070600 -0.075488 0.279462 -0.090172 -0.087842 0.473821 -0.068070 -0.087221 0.627437 0.132906 -0.341589 0.420271 0.107502 -0.337234 0.554873 0.078506 -0.311788 0.664895 0.186030 -0.216720 0.460382 0.176759 -0.217478 0.621745 0.110989 -0.171383 0.732148 0.191928 -0.101149 0.431075 0.187648 -0.096546 0.582571 0.104739 -0.048629 0.677955 0.241032 -0.005765 0.373310 0.277868 0.001880 0.487660 0.290797 0.002664 0.601833 
0.000000 0.000000 0.000000 -0.030607 -0.054570 -0.041343 0.179393 -0.355362 0.181180 0.189696 -0.224442 0.223111 0.179270 -0.117107 0.230639 0.162855 -0.026537 0.226153 -0.089200 -0.101968 0.262246 -0.125864 -0.131627 0.452213 -0.116152 -0.142870 0.606699 0.115313 -0.369390 0.398244 0.076584 -0.377868 0.529432 0.035242 -0.362277 0.637326 0.154389 -0.249974 0.456726 0.130375 -0.267341 0.615617 0.052059 -0.234412 0.722489 0.153153 -0.129663 0.440100 0.134425 -0.138667 0.590297 0.040089 -0.104179 0.680736 0.199850 -0.026457 0.397085 0.225316 -0.026402 0.514740 0.227805 -0.034878 0.629305 
0.000000 0.000000 0.000000 -0.028029 -0.050920 -0.047385 0.161842 -0.370411 0.167013 0.170369 -0.243077 0.219147 0.160522 -0.136427 0.233809 0.145418 -0.045525 0.234845 -0.113916 -0.126208 0.243822 -0.167657 -0.173319 0.426040 -0.171699 -0.198705 0.579096 0.085453 -0.407997 0.377185 0.039286 -0.430713 0.504207 -0.011973 -0.425592 0.608799 0.119816 -0.291561 0.446233 0.085433 -0.324538 0.600684 -0.002940 -0.302822 0.702458 0.117613 -0.174846 0.437270 0.086845 -0.202395 0.583164 -0.016084 -0.177864 0.667259 0.161245 -0.071800 0.407023 0.172139 -0.089886 0.525537 0.164113 -0.111743 0.638058 
0.000000 0.000000 0.000000 -0.023782 -0.046491 -0.053823 0.145662 -0.384633 0.148762 0.149728 -0.262221 0.212035 0.138800 -0.157096 0.234737 0.123821 -0.066467 0.242119 -0.136145 -0.147697 0.219998 -0.206454 -0.211024 0.391338 -0.222457 -0.249810 0.540758 0.047654 -0.436312 0.346610 -0.011580 -0.467545 0.466184 -0.073649 -0.469743 0.564854 0.078076 -0.330828 0.427983 0.029343 -0.377490 0.574858 -0.068383 -0.365267 0.669407 0.077857 -0.218301 0.427749 0.034158 -0.262189 0.566151 -0.075769 -0.243864 0.642625 0.128270 -0.112921 0.410667 0.131332 -0.144896 0.526682 0.115371 -0.179915 0.634951 
0.000000 0.000000 0.000000 -0.020842 -0.040692 -0.059445 0.119172 -0.401714 0.125358 0.122261 -0.285416 0.199317 0.113184 -0.182239 0.230271 0.100839 -0.092016 0.244409 -0.158982 -0.161893 0.193683 -0.245421 -0.237733 0.352074 -0.274917 -0.289578 0.495353 0.003343 -0.465802 0.309468 -0.066660 -0.504536 0.420740 -0.137817 -0.511302 0.512849 0.031844 -0.372051 0.401291 -0.029653 -0.430975 0.538661 -0.134590 -0.423729 0.625696 0.036740 -0.260276 0.411324 -0.018075 -0.316233 0.541150 -0.133128 -0.299592 0.610098 0.092354 -0.157773 0.406243 0.086514 -0.203035 0.517637 0.060610 -0.248962 0.619729 
0.000000 0.000000 0.000000 -0.022447 -0.035710 -0.062006 0.087760 -0.415611 0.104193 0.097569 -0.304140 0.184707 0.095200 -0.202462 0.221342 0.088999 -0.112513 0.240398 -0.175612 -0.162968 0.179224 -0.271453 -0.242597 0.330171 -0.309764 -0.302135 0.468281 -0.036265 -0.481814 0.282112 -0.111222 -0.521825 0.389642 -0.186737 -0.530843 0.478012 -0.004512 -0.399967 0.376725 -0.073941 -0.465143 0.507325 -0.182597 -0.458197 0.589695 0.008044 -0.285857 0.395017 -0.054452 -0.345657 0.519552 -0.171261 -0.327558 0.585096 0.069355 -0.191732 0.395074 0.055834 -0.246259 0.501541 0.024039 -0.299401 0.598330 
0.000000 0.000000 0.000000 -0.023894 -0.030294 -0.064306 0.050492 -0.426541 0.082485 0.067659 -0.320800 0.169253 0.072897 -0.221410 0.211447 0.073750 -0.132418 0.235367 -0.197435 -0.163944 0.159004 -0.306026 -0.247573 0.298736 -0.354388 -0.313815 0.430493 -0.088378 -0.497409 0.247144 -0.172308 -0.540240 0.346660 -0.253289 -0.549908 0.429977 -0.049827 -0.426132 0.346951 -0.129734 -0.497773 0.467811 -0.242363 -0.489243 0.544501 -0.030791 -0.316963 0.369029 -0.105142 -0.385480 0.482026 -0.223537 -0.365006 0.543925 0.040913 -0.224084 0.380644 0.018310 -0.287179 0.480641 -0.019297 -0.346931 0.571297 
0.000000 0.000000 0.000000 -0.026606 -0.026047 -0.065096 0.011829 -0.431664 0.069403 0.038581 -0.330588 0.159250 0.052827 -0.233403 0.204398 0.061746 -0.145619 0.230984 -0.213825 -0.157094 0.148497 -0.330974 -0.239094 0.282150 -0.387101 -0.306801 0.410027 -0.135965 -0.499946 0.227247 -0.225287 -0.541215 0.322644 -0.309788 -0.548056 0.402681 -0.090277 -0.436811 0.328326 -0.177918 -0.509058 0.443322 -0.291913 -0.495518 0.517222 -0.060486 -0.330763 0.354047 -0.141738 -0.400576 0.461355 -0.259989 -0.375292 0.521734 0.018588 -0.241953 0.370423 -0.011118 -0.308263 0.466402 -0.054684 -0.370171 0.552846 
0.000000 0.000000 0.000000 -0.029340 -0.022343 -0.065298 -0.024841 -0.432390 0.060929 0.011340 -0.335823 0.152418 0.034326 -0.241156 0.199278 0.051026 -0.155019 0.227457 -0.226849 -0.145609 0.143608 -0.350437 -0.222742 0.274328 -0.413135 -0.289264 0.399749 -0.179761 -0.494382 0.214477 -0.273390 -0.531848 0.307278 -0.360175 -0.534644 0.385083 -0.127319 -0.439686 0.315086 -0.221627 -0.510327 0.425722 -0.336019 -0.491044 0.497708 -0.087946 -0.336907 0.342788 -0.175622 -0.405566 0.445693 -0.292825 -0.374759 0.505549 -0.001201 -0.253420 0.362275 -0.037150 -0.321151 0.455073 -0.084365 -0.383796 0.539033 
0.000000 0.000000 0.000000 -0.031793 -0.019243 -0.065137 -0.054402 -0.430434 0.055291 -0.010165 -0.338033 0.147539 0.020126 -0.245929 0.195346 0.043272 -0.161612 0.224455 -0.236315 -0.136899 0.140227 -0.364291 -0.210520 0.268730 -0.429983 -0.275877 0.393228 -0.213816 -0.486968 0.206325 -0.310161 -0.521135 0.297606 -0.398432 -0.519841 0.373763 -0.157618 -0.440739 0.303049 -0.257908 -0.510594 0.408817 -0.372283 -0.486128 0.479237 -0.110284 -0.340967 0.332002 -0.203796 -0.409115 0.429993 -0.319696 -0.373608 0.489780 -0.017224 -0.261555 0.354602 -0.058864 -0.330347 0.444184 -0.107635 -0.394793 0.525861 
0.000000 0.000000 0.000000 -0.036044 -0.016297 -0.063711 -0.087264 -0.424714 0.057385 -0.031633 -0.336642 0.147679 0.008174 -0.247538 0.194176 0.039423 -0.165531 0.222298 -0.242367 -0.121732 0.146433 -0.371470 -0.187707 0.277927 -0.439089 -0.248310 0.403791 -0.247628 -0.471157 0.210834 -0.344547 -0.499226 0.303575 -0.431553 -0.492044 0.380851 -0.182883 -0.431723 0.304387 -0.285755 -0.496392 0.410970 -0.397176 -0.464560 0.483160 -0.126230 -0.335871 0.331459 -0.222606 -0.399210 0.429899 -0.334930 -0.356824 0.491986 -0.025548 -0.262959 0.352194 -0.070268 -0.330021 0.441604 -0.120569 -0.393016 0.523485 
0.000000 0.000000 0.000000 -0.038893 -0.013561 -0.062668 -0.116031 -0.417400 0.060034 -0.051688 -0.333703 0.148687 -0.004273 -0.247772 0.194003 0.033583 -0.168273 0.221195 -0.246566 -0.106837 0.151849 -0.376514 -0.165204 0.286081 -0.446670 -0.220355 0.413058 -0.276205 -0.453296 0.216481 -0.373011 -0.474990 0.311034 -0.458049 -0.462265 0.389772 -0.207277 -0.419492 0.306506 -0.313100 -0.477840 0.413845 -0.420987 -0.439523 0.488219 -0.142280 -0.328706 0.332269 -0.241240 -0.386742 0.431413 -0.349248 -0.338103 0.496502 -0.034920 -0.262297 0.351783 -0.082073 -0.327016 0.441668 -0.131690 -0.389257 0.524538 
0.000000 0.000000 0.000000 -0.040984 -0.011733 -0.061697 -0.139756 -0.409033 0.066715 -0.068572 -0.328608 0.153140 -0.015077 -0.245313 0.196572 0.028097 -0.168021 0.222150 -0.249221 -0.092754 0.157207 -0.379522 -0.143452 0.294183 -0.452416 -0.192094 0.422274 -0.300684 -0.435342 0.224290 -0.397945 -0.451243 0.319525 -0.481626 -0.433617 0.398771 -0.228802 -0.404733 0.311272 -0.337781 -0.456508 0.418824 -0.442593 -0.412225 0.494274 -0.156373 -0.319717 0.335183 -0.257691 -0.373070 0.434576 -0.361887 -0.318885 0.501473 -0.044691 -0.259446 0.352264 -0.094792 -0.322376 0.441824 -0.144329 -0.384001 0.525200 
0.000000 0.000000 0.000000 -0.045201 -0.009135 -0.059138 -0.159477 -0.400231 0.075315 -0.078652 -0.324371 0.157273 -0.017841 -0.244491 0.197363 0.031272 -0.169948 0.220252 -0.247626 -0.081003 0.168251 -0.374290 -0.125972 0.310536 -0.445260 -0.170689 0.441113 -0.315066 -0.415696 0.239551 -0.409099 -0.425042 0.338810 -0.488877 -0.404175 0.421231 -0.237431 -0.391914 0.320679 -0.345423 -0.437854 0.431818 -0.445844 -0.389632 0.510747 -0.158325 -0.310376 0.341019 -0.259060 -0.357620 0.444030 -0.358534 -0.298764 0.514094 -0.043117 -0.255596 0.353357 -0.094321 -0.314549 0.444976 -0.142556 -0.374548 0.530279 
0.000000 0.000000 0.000000 -0.047014 -0.007215 -0.057979 -0.170033 -0.395628 0.076536 -0.084708 -0.323035 0.156876 -0.020358 -0.245446 0.195929 0.031679 -0.172680 0.218058 -0.243588 -0.074767 0.175777 -0.366592 -0.117037 0.322046 -0.434319 -0.160569 0.454729 -0.319644 -0.403220 0.246768 -0.410065 -0.407808 0.349652 -0.485475 -0.383727 0.435247 -0.241794 -0.385672 0.323834 -0.348635 -0.428274 0.437389 -0.445452 -0.377529 0.519185 -0.160483 -0.310917 0.340124 -0.260961 -0.357865 0.443521 -0.356932 -0.297358 0.516981 -0.042139 -0.258256 0.351527 -0.092950 -0.317159 0.443396 -0.141286 -0.377354 0.528504 
0.000000 0.000000 0.000000 -0.047164 -0.006937 -0.057890 -0.175129 -0.392906 0.079025 -0.088775 -0.320969 0.158855 -0.023373 -0.244003 0.197389 0.029636 -0.171798 0.219040 -0.243252 -0.070447 0.177402 -0.365950 -0.110188 0.324633 -0.433773 -0.151430 0.457997 -0.324914 -0.396563 0.249234 -0.415439 -0.398773 0.352104 -0.490518 -0.373292 0.437585 -0.247221 -0.379594 0.325985 -0.354986 -0.419467 0.439658 -0.450723 -0.367012 0.521647 -0.164366 -0.306687 0.341976 -0.265466 -0.351636 0.445654 -0.360348 -0.290660 0.520135 -0.047334 -0.254261 0.352687 -0.100314 -0.311022 0.444679 -0.151608 -0.369641 0.529153 
0.000000 0.000000 0.000000 -0.048040 -0.006374 -0.057231 -0.187239 -0.385327 0.088063 -0.097607 -0.314930 0.165618 -0.029224 -0.239535 0.202027 0.026418 -0.168781 0.221779 -0.245452 -0.061663 0.179027 -0.368980 -0.096259 0.326862 -0.438068 -0.132472 0.461034 -0.337369 -0.382128 0.257977 -0.428103 -0.380195 0.360669 -0.502995 -0.352288 0.445554 -0.258604 -0.367766 0.332240 -0.368104 -0.403702 0.445567 -0.463329 -0.348893 0.526606 -0.173341 -0.296201 0.346017 -0.276682 -0.336833 0.449266 -0.370523 -0.273720 0.523284 -0.060101 -0.244557 0.353532 -0.119655 -0.296715 0.444219 -0.176420 -0.350574 0.528362 
0.000000 0.000000 0.000000 -0.048826 -0.006169 -0.056585 -0.195777 -0.378898 0.096943 -0.103549 -0.309424 0.172255 -0.032903 -0.235143 0.206571 0.024705 -0.165472 0.224454 -0.244432 -0.050956 0.183371 -0.366829 -0.078981 0.333519 -0.437176 -0.108863 0.468594 -0.342749 -0.370077 0.269401 -0.431575 -0.364746 0.373629 -0.504761 -0.335027 0.459383 -0.262984 -0.352006 0.343258 -0.371422 -0.380967 0.459563 -0.464571 -0.322223 0.540258 -0.175823 -0.283158 0.354834 -0.278306 -0.317588 0.461148 -0.369396 -0.249263 0.533966 -0.061601 -0.235181 0.359651 -0.121008 -0.283163 0.452710 -0.179018 -0.332551 0.538726 
0.000000 0.000000 0.000000 -0.049808 -0.005147 -0.055826 -0.202835 -0.374196 0.100627 -0.107920 -0.306717 0.174399 -0.035091 -0.234008 0.207497 0.024348 -0.165637 0.224372 -0.244035 -0.044167 0.186247 -0.365570 -0.068584 0.337721 -0.439220 -0.094099 0.471927 -0.348350 -0.361299 0.274060 -0.436296 -0.353505 0.378878 -0.507688 -0.321846 0.465447 -0.265426 -0.342986 0.348614 -0.372552 -0.367653 0.467105 -0.463753 -0.306538 0.548263 -0.177345 -0.275201 0.358430 -0.279350 -0.304739 0.466658 -0.368482 -0.234175 0.539762 -0.062188 -0.233042 0.360586 -0.121752 -0.279438 0.454345 -0.180691 -0.326919 0.540803 
0.000000 0.000000 0.000000 -0.049840 -0.004680 -0.055839 -0.208981 -0.370217 0.102747 -0.113040 -0.303837 0.176188 -0.039065 -0.232119 0.208904 0.021466 -0.164622 0.225411 -0.244553 -0.039834 0.186436 -0.366392 -0.061831 0.338036 -0.442763 -0.084704 0.471194 -0.356037 -0.353552 0.274551 -0.444914 -0.343480 0.378385 -0.516046 -0.310242 0.464575 -0.271450 -0.337408 0.350124 -0.379191 -0.360241 0.468425 -0.469002 -0.296222 0.548890 -0.181634 -0.267878 0.360921 -0.283865 -0.293520 0.469926 -0.371974 -0.221327 0.542679 -0.068025 -0.227866 0.361711 -0.129623 -0.271398 0.455529 -0.191542 -0.315252 0.541820 
0.000000 0.000000 0.000000 -0.050841 -0.003227 -0.055034 -0.215312 -0.366248 0.103893 -0.116749 -0.302456 0.176146 -0.040695 -0.232582 0.208076 0.021561 -0.166528 0.223997 -0.245118 -0.037159 0.187765 -0.366685 -0.058391 0.339692 -0.445260 -0.079617 0.471837 -0.362223 -0.348412 0.275704 -0.451013 -0.337633 0.379541 -0.521635 -0.303721 0.465888 -0.276152 -0.335170 0.349335 -0.384570 -0.357421 0.467128 -0.472765 -0.291072 0.547495 -0.183601 -0.263813 0.360772 -0.286073 -0.286208 0.470266 -0.373499 -0.213685 0.543513 -0.069656 -0.226575 0.360599 -0.132443 -0.267906 0.454624 -0.195693 -0.309473 0.541081 
0.000000 0.000000 0.000000 -0.051016 -0.002863 -0.054892 -0.215647 -0.366377 0.102736 -0.116747 -0.303122 0.174999 -0.040470 -0.233543 0.207041 0.021954 -0.167680 0.223098 -0.241928 -0.036690 0.190576 -0.361388 -0.057857 0.344175 -0.441867 -0.075483 0.475702 -0.360248 -0.348784 0.276521 -0.447641 -0.338152 0.381552 -0.516875 -0.304338 0.469053 -0.273176 -0.332498 0.351469 -0.379569 -0.352478 0.471493 -0.465610 -0.283987 0.552396 -0.180093 -0.260870 0.363478 -0.280211 -0.280466 0.475652 -0.365860 -0.207436 0.550478 -0.068986 -0.227407 0.360024 -0.131581 -0.268519 0.454274 -0.196193 -0.307980 0.540710 
0.000000 0.000000 0.000000 -0.052021 -0.001862 -0.053984 -0.217361 -0.365206 0.103291 -0.116558 -0.303582 0.174326 -0.039036 -0.235044 0.205613 0.024312 -0.169939 0.221135 -0.242269 -0.036749 0.191851 -0.361314 -0.058579 0.345679 -0.444682 -0.074313 0.475636 -0.360746 -0.348062 0.278125 -0.447404 -0.337700 0.383790 -0.516368 -0.304573 0.471766 -0.270557 -0.333556 0.352821 -0.375298 -0.353943 0.474222 -0.460420 -0.283300 0.554242 -0.178557 -0.260918 0.362388 -0.278602 -0.279471 0.474804 -0.363440 -0.205431 0.549562 -0.069185 -0.227157 0.357410 -0.133540 -0.266541 0.451211 -0.199340 -0.305658 0.536904 
0.000000 0.000000 0.000000 -0.050180 -0.002468 -0.055675 -0.217187 -0.367064 0.096872 -0.119388 -0.304334 0.171068 -0.043603 -0.234994 0.204750 0.018573 -0.169255 0.222214 -0.244704 -0.039834 0.186420 -0.366425 -0.063215 0.337909 -0.455085 -0.078420 0.464380 -0.365565 -0.351352 0.267627 -0.455240 -0.341856 0.370827 -0.526461 -0.310155 0.457520 -0.277059 -0.335611 0.346100 -0.384297 -0.356884 0.465146 -0.470762 -0.285270 0.542828 -0.187055 -0.262207 0.357703 -0.289920 -0.281720 0.467380 -0.375322 -0.208551 0.542352 -0.079237 -0.229372 0.354143 -0.146561 -0.270753 0.444953 -0.213924 -0.312904 0.527951 
0.000000 0.000000 0.000000 -0.050116 -0.001104 -0.055777 -0.224341 -0.363535 0.093827 -0.125497 -0.303228 0.168643 -0.048461 -0.235597 0.202958 0.014927 -0.171187 0.221005 -0.247253 -0.036188 0.184540 -0.370609 -0.058142 0.334915 -0.463076 -0.070725 0.458924 -0.375123 -0.345137 0.262191 -0.466251 -0.334018 0.363946 -0.538596 -0.301589 0.449431 -0.286765 -0.333093 0.340617 -0.396450 -0.353405 0.457584 -0.483047 -0.280289 0.533705 -0.196801 -0.260435 0.351592 -0.303170 -0.278245 0.458172 -0.388789 -0.205179 0.532997 -0.085881 -0.230905 0.350842 -0.155269 -0.272011 0.440212 -0.222366 -0.317743 0.521512 
0.000000 0.000000 0.000000 -0.049514 -0.000695 -0.056318 -0.229621 -0.360568 0.092494 -0.130895 -0.301185 0.168201 -0.053447 -0.234353 0.203147 0.010496 -0.170634 0.221687 -0.248444 -0.035246 0.182594 -0.372921 -0.056867 0.332091 -0.468558 -0.066254 0.453961 -0.383691 -0.341087 0.257730 -0.476808 -0.329314 0.357594 -0.550380 -0.296581 0.441907 -0.295667 -0.328502 0.337253 -0.407735 -0.347082 0.452231 -0.494351 -0.272850 0.527242 -0.203948 -0.256305 0.350051 -0.311867 -0.272047 0.455391 -0.398167 -0.200705 0.531093 -0.090553 -0.233011 0.350079 -0.160106 -0.275946 0.438454 -0.226096 -0.324377 0.519095 
0.000000 0.000000 0.000000 -0.049524 -0.000117 -0.056314 -0.232268 -0.359208 0.091168 -0.133099 -0.300841 0.167083 -0.055154 -0.234715 0.202270 0.009260 -0.171541 0.221041 -0.245759 -0.034346 0.184864 -0.368550 -0.055765 0.335777 -0.465094 -0.064155 0.457003 -0.383908 -0.339880 0.258655 -0.475555 -0.328198 0.359880 -0.547679 -0.296098 0.445675 -0.295512 -0.326342 0.338682 -0.405975 -0.343686 0.455393 -0.491243 -0.269274 0.531758 -0.204391 -0.253964 0.350835 -0.311403 -0.267766 0.457365 -0.396291 -0.196420 0.534642 -0.089465 -0.234869 0.350768 -0.157420 -0.278458 0.440062 -0.223014 -0.325659 0.521748 
0.000000 0.000000 0.000000 -0.051005 0.001454 -0.054957 -0.235635 -0.356638 0.092607 -0.133526 -0.300923 0.166594 -0.053591 -0.236550 0.200545 0.012333 -0.174686 0.218412 -0.243553 -0.032377 0.189230 -0.364037 -0.053546 0.342026 -0.460135 -0.060254 0.463710 -0.382694 -0.336372 0.264022 -0.471573 -0.324124 0.367620 -0.540706 -0.291779 0.455754 -0.290176 -0.323912 0.343812 -0.396721 -0.339548 0.464346 -0.478593 -0.263841 0.543117 -0.198590 -0.251719 0.353708 -0.302563 -0.262597 0.463535 -0.384030 -0.188610 0.542002 -0.084043 -0.234182 0.351672 -0.150380 -0.275135 0.443397 -0.215278 -0.317904 0.528026 
0.000000 0.000000 0.000000 -0.051961 0.002087 -0.054033 -0.235550 -0.356300 0.094112 -0.131903 -0.301584 0.166692 -0.051095 -0.237814 0.199700 0.015409 -0.176370 0.216858 -0.243478 -0.032554 0.190850 -0.363317 -0.054231 0.344082 -0.460553 -0.059195 0.464943 -0.378022 -0.338105 0.269585 -0.464128 -0.327109 0.375636 -0.530948 -0.294649 0.465495 -0.280623 -0.325786 0.350461 -0.381773 -0.342246 0.475450 -0.461461 -0.262681 0.552642 -0.191417 -0.252162 0.357237 -0.292036 -0.262450 0.470200 -0.369674 -0.181478 0.545592 -0.074082 -0.234031 0.355612 -0.135681 -0.273720 0.451119 -0.199601 -0.310193 0.539364 
0.000000 0.000000 0.000000 -0.052832 0.001023 -0.053213 -0.226305 -0.361410 0.097260 -0.122742 -0.304547 0.168294 -0.042824 -0.239082 0.200130 0.022598 -0.176235 0.216337 -0.241051 -0.037974 0.193564 -0.358827 -0.062375 0.347981 -0.457799 -0.067803 0.467405 -0.361419 -0.348406 0.278906 -0.443078 -0.340546 0.388688 -0.506860 -0.307341 0.480461 -0.256548 -0.327588 0.363332 -0.347555 -0.343260 0.495984 -0.426195 -0.258082 0.568094 -0.174708 -0.250567 0.365019 -0.269278 -0.258802 0.483254 -0.343919 -0.168333 0.550427 -0.055762 -0.230408 0.363004 -0.109699 -0.267697 0.463958 -0.169716 -0.299311 0.556703 
0.000000 0.000000 0.000000 -0.053623 -0.000985 -0.052417 -0.210195 -0.370367 0.099683 -0.107933 -0.309549 0.169313 -0.030227 -0.241004 0.200124 0.032867 -0.175623 0.215517 -0.237810 -0.048792 0.195848 -0.353063 -0.078707 0.351197 -0.454537 -0.089432 0.468136 -0.336334 -0.366171 0.288075 -0.412569 -0.363635 0.401934 -0.473633 -0.329852 0.495332 -0.229688 -0.334601 0.371854 -0.312498 -0.351639 0.509610 -0.391448 -0.262762 0.576744 -0.153888 -0.253736 0.371178 -0.242561 -0.262866 0.493834 -0.317988 -0.166127 0.550582 -0.033563 -0.231608 0.367302 -0.079289 -0.270143 0.471780 -0.135078 -0.299750 0.567770 
0.000000 0.000000 0.000000 -0.052704 -0.005134 -0.053102 -0.181172 -0.386224 0.096427 -0.084988 -0.317606 0.167453 -0.013405 -0.243150 0.199361 0.044062 -0.172976 0.215659 -0.236775 -0.068259 0.191805 -0.351955 -0.107759 0.345051 -0.457436 -0.128337 0.457021 -0.302072 -0.390726 0.288216 -0.375140 -0.393446 0.404129 -0.436124 -0.360513 0.497880 -0.197788 -0.347027 0.374540 -0.274508 -0.367038 0.515388 -0.356585 -0.276829 0.576749 -0.131392 -0.258436 0.374172 -0.215996 -0.269397 0.499523 -0.296851 -0.170084 0.542737 -0.007972 -0.235722 0.370390 -0.043787 -0.278911 0.476895 -0.093870 -0.311571 0.575018 
0.000000 0.000000 0.000000 -0.051086 -0.011341 -0.053717 -0.138932 -0.403001 0.097869 -0.051857 -0.323631 0.169443 0.010665 -0.241489 0.201533 0.059842 -0.165285 0.217878 -0.232958 -0.093280 0.187229 -0.346761 -0.144553 0.337998 -0.454794 -0.179680 0.443742 -0.253394 -0.416878 0.293128 -0.322572 -0.425266 0.411137 -0.385094 -0.391214 0.503465 -0.156834 -0.354335 0.380421 -0.228233 -0.375218 0.523915 -0.316195 -0.283525 0.573860 -0.101862 -0.262262 0.379353 -0.182551 -0.277158 0.506861 -0.270633 -0.179816 0.539019 0.022452 -0.234764 0.373958 -0.003284 -0.282587 0.481392 -0.045608 -0.320491 0.581267 
0.000000 0.000000 0.000000 -0.047713 -0.019936 -0.054313 -0.077155 -0.417966 0.103161 -0.004682 -0.324991 0.174631 0.043853 -0.233694 0.206180 0.080414 -0.150573 0.221884 -0.220276 -0.122589 0.185542 -0.328255 -0.186823 0.335628 -0.432397 -0.235733 0.439787 -0.186032 -0.441927 0.300625 -0.251833 -0.456410 0.419966 -0.318581 -0.422426 0.509314 -0.102217 -0.357643 0.388863 -0.168554 -0.379851 0.534570 -0.265811 -0.293573 0.576244 -0.063536 -0.260297 0.386384 -0.140541 -0.279372 0.515602 -0.239104 -0.189919 0.539085 0.060175 -0.224895 0.378896 0.046245 -0.276053 0.486971 0.010030 -0.317918 0.587663 
0.000000 0.000000 0.000000 -0.040882 -0.028252 -0.056164 -0.006002 -0.424801 0.103914 0.045419 -0.320226 0.177565 0.075419 -0.221662 0.210295 0.095826 -0.133315 0.226750 -0.206709 -0.150008 0.179470 -0.310473 -0.226194 0.326915 -0.404615 -0.288627 0.433339 -0.109686 -0.453406 0.303543 -0.172350 -0.470693 0.424193 -0.244650 -0.436351 0.508965 -0.051619 -0.353673 0.391900 -0.117619 -0.376422 0.537678 -0.224325 -0.296712 0.567669 -0.028191 -0.251034 0.392273 -0.102486 -0.272096 0.522762 -0.211154 -0.192647 0.534895 0.088275 -0.207621 0.384889 0.083077 -0.258767 0.493739 0.045064 -0.301819 0.593261 
0.000000 0.000000 0.000000 -0.035541 -0.034332 -0.056410 0.058577 -0.420435 0.105326 0.092620 -0.309032 0.179048 0.106789 -0.206954 0.211690 0.113197 -0.116483 0.228011 -0.190845 -0.174902 0.175898 -0.288024 -0.262862 0.321261 -0.367284 -0.337329 0.431984 -0.038775 -0.452012 0.307676 -0.097612 -0.471096 0.429971 -0.174705 -0.436615 0.510351 -0.001809 -0.340975 0.394772 -0.066034 -0.362701 0.541495 -0.180162 -0.290014 0.559680 0.006190 -0.238195 0.395040 -0.065946 -0.260596 0.526514 -0.181506 -0.190540 0.528978 0.119511 -0.188964 0.387049 0.123857 -0.238854 0.496518 0.080789 -0.282133 0.593858 
0.000000 0.000000 0.000000 -0.030603 -0.037493 -0.057285 0.113612 -0.411179 0.096513 0.132497 -0.297888 0.172757 0.132974 -0.195571 0.207644 0.127319 -0.105427 0.225934 -0.170626 -0.195114 0.173790 -0.258243 -0.293743 0.318382 -0.325815 -0.378140 0.429728 0.021522 -0.446646 0.300674 -0.034134 -0.468081 0.424064 -0.114929 -0.435740 0.501648 0.041110 -0.331051 0.389605 -0.021046 -0.353607 0.537092 -0.141056 -0.289288 0.547095 0.034417 -0.231191 0.391305 -0.036255 -0.256732 0.523002 -0.156790 -0.195693 0.519343 0.142585 -0.177971 0.384334 0.153093 -0.227904 0.493364 0.102036 -0.273580 0.585614 
0.000000 0.000000 0.000000 -0.032655 -0.037522 -0.056122 0.143399 -0.406493 0.074099 0.161555 -0.294577 0.152519 0.158903 -0.193474 0.190693 0.149587 -0.104389 0.212362 -0.153179 -0.215473 0.171152 -0.228596 -0.326824 0.313365 -0.281657 -0.422002 0.423874 0.065623 -0.448199 0.282981 0.018617 -0.473404 0.409224 -0.061411 -0.439198 0.486803 0.076673 -0.332269 0.371263 0.018941 -0.357904 0.520039 -0.102167 -0.295203 0.526408 0.066799 -0.231840 0.377129 0.000755 -0.259351 0.510816 -0.119837 -0.198424 0.507147 0.178600 -0.180375 0.367187 0.198570 -0.232677 0.473756 0.145252 -0.279758 0.563998 
0.000000 0.000000 0.000000 -0.035006 -0.037164 -0.054930 0.154734 -0.404863 0.058599 0.175127 -0.293999 0.137959 0.172724 -0.193647 0.178082 0.162978 -0.105151 0.201872 -0.145831 -0.223801 0.170305 -0.215177 -0.340585 0.311244 -0.256405 -0.442848 0.420465 0.085649 -0.447084 0.270412 0.043896 -0.472602 0.398426 -0.035263 -0.434867 0.475258 0.091954 -0.327408 0.358051 0.035385 -0.350132 0.507744 -0.084967 -0.285717 0.510074 0.089998 -0.234942 0.368253 0.017989 -0.255773 0.500055 -0.100825 -0.191408 0.497172 0.203757 -0.180574 0.354302 0.231826 -0.232490 0.459222 0.180868 -0.280773 0.550190 
0.000000 0.000000 0.000000 -0.036669 -0.038169 -0.053126 0.156870 -0.403673 0.061077 0.179625 -0.291378 0.137736 0.178382 -0.190315 0.176087 0.169300 -0.101405 0.198559 -0.140242 -0.224947 0.175419 -0.205052 -0.341821 0.318427 -0.246856 -0.445322 0.426255 0.093000 -0.442528 0.275159 0.054399 -0.466011 0.404544 -0.022323 -0.428848 0.484079 0.096385 -0.318526 0.358662 0.039771 -0.336991 0.508923 -0.079298 -0.270238 0.511407 0.091585 -0.221835 0.366314 0.029347 -0.244436 0.502719 -0.088243 -0.177800 0.503272 0.212429 -0.172806 0.352273 0.242115 -0.221953 0.458077 0.193364 -0.268123 0.551324 
0.000000 0.000000 0.000000 -0.042594 -0.038028 -0.048616 0.141616 -0.408849 0.063857 0.175811 -0.295327 0.134200 0.182509 -0.193090 0.168680 0.179547 -0.103123 0.188414 -0.133810 -0.219920 0.188958 -0.190888 -0.333736 0.337616 -0.243398 -0.434889 0.442961 0.087780 -0.443000 0.281471 0.055243 -0.463641 0.412990 -0.012706 -0.424891 0.499446 0.102989 -0.317016 0.359369 0.053460 -0.331767 0.512515 -0.062607 -0.263268 0.534325 0.107085 -0.220880 0.364263 0.053002 -0.240807 0.504508 -0.061993 -0.172315 0.523301 0.235970 -0.171582 0.339132 0.274807 -0.218704 0.442874 0.236097 -0.262011 0.542016 
0.000000 0.000000 0.000000 -0.047360 -0.036967 -0.044882 0.121973 -0.414206 0.069614 0.166417 -0.300762 0.134108 0.180774 -0.198081 0.164715 0.183975 -0.107534 0.181551 -0.133860 -0.216520 0.196208 -0.187988 -0.328873 0.347067 -0.258729 -0.427682 0.443603 0.073233 -0.444785 0.288953 0.043775 -0.463266 0.421515 -0.018682 -0.422034 0.510914 0.106473 -0.323084 0.362981 0.065703 -0.338268 0.518647 -0.041869 -0.274285 0.573180 0.117064 -0.222195 0.364898 0.071380 -0.239486 0.508441 -0.039443 -0.173447 0.548753 0.244057 -0.174967 0.331315 0.285412 -0.221383 0.434400 0.256292 -0.263111 0.537424 
0.000000 0.000000 0.000000 -0.050724 -0.032997 -0.044296 0.088259 -0.422757 0.069119 0.142579 -0.313280 0.132906 0.165661 -0.212095 0.163151 0.176478 -0.122099 0.179773 -0.152281 -0.215858 0.188286 -0.215828 -0.330281 0.333820 -0.303052 -0.427387 0.417780 0.036152 -0.463949 0.285933 0.004660 -0.488844 0.416969 -0.051733 -0.455418 0.513383 0.085303 -0.348692 0.360809 0.046348 -0.372777 0.515815 -0.047979 -0.319599 0.598965 0.099789 -0.243996 0.361537 0.052554 -0.266872 0.503791 -0.050826 -0.202744 0.562684 0.223813 -0.195054 0.331507 0.256394 -0.245270 0.435949 0.230738 -0.287737 0.539591 
0.000000 0.000000 0.000000 -0.051980 -0.027133 -0.046753 0.047764 -0.430635 0.059686 0.109519 -0.328186 0.128206 0.140544 -0.230309 0.162023 0.158811 -0.142115 0.181531 -0.177000 -0.209223 0.174741 -0.255230 -0.323163 0.313337 -0.349662 -0.418102 0.391797 -0.011507 -0.490305 0.270272 -0.047328 -0.526368 0.397545 -0.099331 -0.507385 0.500153 0.048455 -0.378508 0.352290 0.006922 -0.412734 0.504698 -0.077866 -0.371231 0.603327 0.069730 -0.273066 0.356627 0.018952 -0.303727 0.496170 -0.077024 -0.246042 0.571861 0.196114 -0.226148 0.330303 0.221790 -0.283990 0.432706 0.200538 -0.331339 0.535222 
0.000000 0.000000 0.000000 -0.051839 -0.019423 -0.050590 -0.009502 -0.434419 0.049799 0.059902 -0.341974 0.124910 0.100521 -0.249483 0.163401 0.128223 -0.164697 0.186560 -0.212238 -0.187017 0.159245 -0.312605 -0.291887 0.290546 -0.414092 -0.381213 0.366757 -0.091280 -0.512984 0.246166 -0.140705 -0.560466 0.364845 -0.196436 -0.552922 0.466974 -0.014376 -0.411999 0.339511 -0.064896 -0.459625 0.485471 -0.141877 -0.439028 0.596326 0.022774 -0.311109 0.350140 -0.032974 -0.355299 0.484043 -0.120390 -0.319990 0.580893 0.143772 -0.257158 0.334193 0.154475 -0.320800 0.435812 0.129217 -0.371989 0.535536 
0.000000 0.000000 0.000000 -0.053696 -0.009904 -0.051406 -0.080614 -0.427826 0.041915 0.001989 -0.349140 0.119308 0.056642 -0.265130 0.159825 0.097482 -0.186371 0.184755 -0.245467 -0.159484 0.145306 -0.365465 -0.253081 0.268396 -0.467188 -0.339968 0.347072 -0.192064 -0.516551 0.218343 -0.259421 -0.570174 0.324972 -0.320613 -0.569348 0.424209 -0.089539 -0.433139 0.321895 -0.151791 -0.490271 0.459682 -0.225253 -0.487498 0.574725 -0.030526 -0.335693 0.339091 -0.093030 -0.386291 0.467636 -0.174855 -0.365682 0.573220 0.078557 -0.282813 0.329417 0.065531 -0.349195 0.428991 0.021918 -0.396061 0.524409 
0.000000 0.000000 0.000000 -0.056014 0.001142 -0.049850 -0.154028 -0.407838 0.035124 -0.056649 -0.347121 0.111513 0.013149 -0.275223 0.152072 0.067992 -0.205626 0.177387 -0.269812 -0.117891 0.145003 -0.403594 -0.192375 0.266929 -0.509184 -0.269253 0.350756 -0.297215 -0.490464 0.190335 -0.383753 -0.540400 0.284141 -0.451147 -0.543582 0.379226 -0.167024 -0.428551 0.305577 -0.242095 -0.483934 0.437568 -0.316215 -0.483067 0.552219 -0.087519 -0.346902 0.323658 -0.159704 -0.398300 0.446696 -0.238537 -0.379861 0.554924 0.019111 -0.296777 0.318413 -0.014534 -0.359518 0.415484 -0.074176 -0.395437 0.506895 
0.000000 0.000000 0.000000 -0.057966 0.008156 -0.046876 -0.194038 -0.390380 0.035258 -0.087195 -0.341964 0.107680 -0.008336 -0.278700 0.145955 0.054681 -0.215804 0.169734 -0.272643 -0.098266 0.154207 -0.406974 -0.164857 0.280032 -0.510614 -0.238667 0.368901 -0.350582 -0.459721 0.183938 -0.445193 -0.501629 0.273796 -0.514686 -0.503013 0.367402 -0.200598 -0.424160 0.299665 -0.277728 -0.480065 0.430241 -0.350411 -0.477494 0.545783 -0.117702 -0.352292 0.311294 -0.196125 -0.405062 0.429852 -0.273145 -0.384866 0.539068 -0.003773 -0.303766 0.309134 -0.044007 -0.364311 0.405085 -0.106826 -0.395581 0.496075 
0.000000 0.000000 0.000000 -0.057904 0.011517 -0.046243 -0.211069 -0.381846 0.030554 -0.101604 -0.339466 0.102844 -0.019692 -0.280436 0.141471 0.046265 -0.220825 0.165732 -0.267913 -0.090909 0.161726 -0.399324 -0.155001 0.291860 -0.501878 -0.227472 0.383059 -0.370960 -0.447072 0.177526 -0.467594 -0.486493 0.266351 -0.540069 -0.493080 0.357439 -0.219008 -0.422223 0.292164 -0.298859 -0.478509 0.420928 -0.371520 -0.472002 0.536329 -0.131145 -0.353085 0.305830 -0.211065 -0.405178 0.423686 -0.286775 -0.378450 0.532413 -0.013059 -0.307101 0.305815 -0.053894 -0.366487 0.402237 -0.117212 -0.395920 0.493493 
0.000000 0.000000 0.000000 -0.057905 0.014421 -0.045419 -0.222330 -0.375943 0.022939 -0.111034 -0.338721 0.095273 -0.027048 -0.283183 0.134618 0.040889 -0.226220 0.159761 -0.261918 -0.089802 0.167566 -0.389575 -0.155018 0.300839 -0.489022 -0.228722 0.394460 -0.383149 -0.437526 0.170469 -0.480343 -0.474745 0.259632 -0.553716 -0.482188 0.349933 -0.232771 -0.417322 0.283625 -0.315570 -0.470782 0.411730 -0.386554 -0.446216 0.525735 -0.143842 -0.350607 0.297489 -0.227590 -0.398954 0.414277 -0.299736 -0.353854 0.519297 -0.025716 -0.310258 0.297920 -0.071562 -0.368102 0.393017 -0.139402 -0.392168 0.482580 
0.000000 0.000000 0.000000 -0.056901 0.016308 -0.046046 -0.227899 -0.373159 0.010230 -0.117372 -0.339238 0.085314 -0.033319 -0.285846 0.127390 0.034956 -0.230466 0.155032 -0.257149 -0.093025 0.167948 -0.382451 -0.161438 0.301851 -0.482610 -0.236330 0.393755 -0.388618 -0.428754 0.160226 -0.485752 -0.462355 0.250880 -0.558714 -0.466880 0.341705 -0.243631 -0.411811 0.273107 -0.329505 -0.461170 0.400833 -0.395602 -0.417931 0.512192 -0.150378 -0.355464 0.289144 -0.234317 -0.405385 0.405131 -0.301682 -0.347255 0.506870 -0.033488 -0.315105 0.291918 -0.080599 -0.373364 0.386140 -0.151205 -0.393749 0.474471 
0.000000 0.000000 0.000000 -0.056729 0.018058 -0.045602 -0.231240 -0.371239 0.000078 -0.120450 -0.340355 0.076078 -0.035943 -0.288876 0.119605 0.032813 -0.234878 0.148751 -0.255864 -0.096352 0.166770 -0.380470 -0.167943 0.299658 -0.482033 -0.243111 0.389778 -0.391449 -0.429416 0.149639 -0.488275 -0.464577 0.240030 -0.561075 -0.470608 0.330897 -0.250813 -0.413178 0.260947 -0.339479 -0.462708 0.386684 -0.403255 -0.411854 0.496164 -0.157138 -0.359431 0.277868 -0.244043 -0.410024 0.391352 -0.309589 -0.345755 0.490556 -0.037908 -0.320700 0.283730 -0.086586 -0.379773 0.376640 -0.160307 -0.397271 0.463023 
0.000000 0.000000 0.000000 -0.056946 0.019401 -0.044773 -0.234856 -0.368936 -0.004343 -0.123108 -0.340460 0.071195 -0.037723 -0.290570 0.114858 0.031809 -0.237757 0.144329 -0.253911 -0.100957 0.166333 -0.377158 -0.176269 0.298429 -0.483776 -0.247443 0.385914 -0.390785 -0.428498 0.149145 -0.485025 -0.464494 0.241909 -0.554364 -0.467987 0.335574 -0.255966 -0.406482 0.256840 -0.346328 -0.451387 0.383105 -0.406666 -0.393211 0.490875 -0.158925 -0.360205 0.273524 -0.245834 -0.410138 0.387297 -0.308622 -0.339941 0.484241 -0.040510 -0.322364 0.279228 -0.090290 -0.380601 0.372082 -0.165923 -0.394928 0.457390 
0.000000 0.000000 0.000000 -0.056124 0.020164 -0.045469 -0.237301 -0.367231 -0.010940 -0.126521 -0.340155 0.066514 -0.041468 -0.291222 0.111876 0.027971 -0.239141 0.142830 -0.253010 -0.100061 0.165785 -0.376209 -0.175289 0.297974 -0.488101 -0.240277 0.383670 -0.391402 -0.426498 0.144497 -0.484536 -0.462318 0.238438 -0.553057 -0.465405 0.332718 -0.259425 -0.403973 0.252897 -0.349818 -0.447378 0.379663 -0.407898 -0.387245 0.487598 -0.163963 -0.359511 0.270133 -0.251799 -0.408479 0.383613 -0.311795 -0.334845 0.479772 -0.045002 -0.326719 0.275462 -0.095230 -0.387000 0.366756 -0.172189 -0.399774 0.451121 
0.000000 0.000000 0.000000 -0.056791 0.021945 -0.043785 -0.241073 -0.364559 -0.016454 -0.128555 -0.340685 0.059535 -0.042164 -0.293830 0.104559 0.028370 -0.243280 0.135577 -0.253470 -0.098938 0.167286 -0.376540 -0.174579 0.299360 -0.490714 -0.233878 0.386163 -0.388529 -0.424233 0.145149 -0.477648 -0.460299 0.242818 -0.543870 -0.461603 0.338766 -0.259404 -0.400008 0.248833 -0.348400 -0.440356 0.377583 -0.401292 -0.374343 0.484746 -0.164720 -0.359201 0.263996 -0.252600 -0.406075 0.378323 -0.306792 -0.325317 0.472182 -0.045093 -0.329925 0.268551 -0.095659 -0.389564 0.360080 -0.174400 -0.400114 0.443096 
0.000000 0.000000 0.000000 -0.056306 0.021677 -0.044538 -0.237370 -0.366672 -0.022314 -0.126275 -0.342206 0.055558 -0.041037 -0.294820 0.102194 0.028531 -0.243803 0.134600 -0.252724 -0.101215 0.165614 -0.375630 -0.178112 0.297113 -0.490811 -0.235784 0.383681 -0.377739 -0.429629 0.144278 -0.462574 -0.467678 0.244962 -0.529048 -0.467953 0.340744 -0.257160 -0.398527 0.245746 -0.346179 -0.436833 0.375101 -0.397705 -0.366969 0.480473 -0.163774 -0.362325 0.260599 -0.251783 -0.410731 0.374186 -0.302697 -0.324658 0.465110 -0.044653 -0.331654 0.266935 -0.095026 -0.392123 0.358025 -0.175127 -0.402919 0.439698 
0.000000 0.000000 0.000000 -0.055048 0.018872 -0.047302 -0.223197 -0.375264 -0.025500 -0.116505 -0.345491 0.056566 -0.035077 -0.294283 0.105894 0.031193 -0.240255 0.140270 -0.253067 -0.105803 0.160282 -0.376975 -0.183816 0.290174 -0.494001 -0.240696 0.374770 -0.356414 -0.442445 0.145263 -0.436927 -0.483048 0.248468 -0.503757 -0.478402 0.343889 -0.247310 -0.399155 0.247575 -0.336277 -0.435654 0.377488 -0.387478 -0.358154 0.477545 -0.158039 -0.362399 0.263863 -0.246211 -0.411242 0.377136 -0.295781 -0.318614 0.462170 -0.041030 -0.330961 0.271199 -0.090743 -0.393397 0.361320 -0.172562 -0.405631 0.441064 
0.000000 0.000000 0.000000 -0.055200 0.014618 -0.048612 -0.201271 -0.387792 -0.019944 -0.097850 -0.350123 0.063060 -0.020291 -0.293251 0.112419 0.042234 -0.234772 0.146525 -0.252107 -0.116953 0.155747 -0.375319 -0.199282 0.283622 -0.494788 -0.256512 0.364485 -0.327640 -0.458341 0.154624 -0.404014 -0.500979 0.260127 -0.471341 -0.493956 0.355053 -0.228171 -0.401494 0.255029 -0.316807 -0.436433 0.385594 -0.369835 -0.349025 0.476077 -0.142957 -0.366459 0.268328 -0.230915 -0.418953 0.380125 -0.282175 -0.321118 0.458026 -0.025311 -0.327451 0.278565 -0.071802 -0.391243 0.369452 -0.155206 -0.404995 0.447284 
0.000000 0.000000 0.000000 -0.053340 0.007835 -0.052128 -0.165840 -0.404461 -0.014084 -0.071006 -0.354694 0.072716 -0.001591 -0.289375 0.123717 0.053618 -0.224362 0.158613 -0.248408 -0.131942 0.148514 -0.370469 -0.219405 0.274063 -0.490895 -0.281124 0.350055 -0.285392 -0.474494 0.165424 -0.357646 -0.516820 0.273913 -0.425496 -0.507780 0.368294 -0.203793 -0.401488 0.264164 -0.294107 -0.433315 0.394376 -0.351401 -0.335421 0.470361 -0.120614 -0.370356 0.278602 -0.205961 -0.428424 0.389663 -0.265435 -0.328784 0.458965 -0.005642 -0.320205 0.292361 -0.046432 -0.386175 0.384423 -0.130053 -0.404709 0.461020 
0.000000 0.000000 0.000000 -0.051522 -0.001013 -0.054483 -0.121487 -0.420126 0.005026 -0.036343 -0.355450 0.092043 0.023485 -0.280165 0.141429 0.069941 -0.207654 0.174239 -0.238507 -0.149536 0.147566 -0.355510 -0.242472 0.273995 -0.471036 -0.312552 0.350345 -0.234476 -0.490695 0.188530 -0.302763 -0.533345 0.299435 -0.372518 -0.523313 0.392315 -0.167544 -0.399796 0.285160 -0.256779 -0.429957 0.416507 -0.324025 -0.328256 0.477941 -0.087443 -0.368063 0.298536 -0.166986 -0.431091 0.411191 -0.241616 -0.336406 0.472291 0.020989 -0.303749 0.311919 -0.012706 -0.369892 0.406687 -0.094578 -0.394721 0.483392 
0.000000 0.000000 0.000000 -0.046537 -0.013471 -0.057243 -0.060062 -0.431520 0.038381 0.008048 -0.347474 0.123831 0.052528 -0.260058 0.169284 0.085475 -0.178823 0.197706 -0.221228 -0.166524 0.152290 -0.330538 -0.262295 0.283403 -0.436536 -0.340941 0.365049 -0.167318 -0.498381 0.226651 -0.232141 -0.538790 0.340437 -0.304592 -0.528323 0.431181 -0.120472 -0.389469 0.319263 -0.207884 -0.418030 0.452184 -0.290404 -0.318555 0.496165 -0.045863 -0.351526 0.332583 -0.116415 -0.417114 0.449678 -0.208428 -0.331615 0.499593 0.049647 -0.269477 0.342910 0.024985 -0.331876 0.442857 -0.053419 -0.362053 0.521250 
0.000000 0.000000 0.000000 -0.040057 -0.024197 -0.058599 0.002500 -0.432146 0.067337 0.051424 -0.333193 0.149917 0.079219 -0.237181 0.191090 0.097702 -0.150157 0.215124 -0.203981 -0.186604 0.152587 -0.306554 -0.288227 0.284734 -0.403951 -0.375548 0.368254 -0.101738 -0.493516 0.259139 -0.164737 -0.530606 0.375060 -0.242148 -0.516409 0.461078 -0.077452 -0.373297 0.345512 -0.165105 -0.400573 0.478544 -0.261868 -0.307258 0.502387 -0.009578 -0.325194 0.361626 -0.073250 -0.388305 0.483912 -0.179407 -0.312943 0.520237 0.077310 -0.232976 0.367804 0.063273 -0.289982 0.472898 -0.013137 -0.324050 0.551663 
0.000000 0.000000 0.000000 -0.031380 -0.032369 -0.059928 0.057463 -0.423743 0.091815 0.085182 -0.315102 0.172023 0.095830 -0.214305 0.209609 0.099940 -0.124518 0.229953 -0.188408 -0.204706 0.148611 -0.286666 -0.312543 0.279102 -0.377131 -0.407028 0.362621 -0.048230 -0.484891 0.282892 -0.112107 -0.521848 0.398373 -0.198859 -0.505960 0.474627 -0.049612 -0.356891 0.363226 -0.141291 -0.385313 0.493271 -0.247397 -0.299405 0.494124 0.011539 -0.301368 0.382898 -0.048902 -0.363797 0.507156 -0.164499 -0.297145 0.528670 0.089109 -0.201478 0.386625 0.081654 -0.254450 0.494466 0.003035 -0.291369 0.569693 
0.000000 0.000000 0.000000 -0.028573 -0.039472 -0.057004 0.100529 -0.408408 0.119945 0.118021 -0.292165 0.191959 0.118891 -0.188409 0.222291 0.114187 -0.097446 0.236298 -0.172208 -0.218338 0.155651 -0.262086 -0.330261 0.288716 -0.336715 -0.430145 0.381131 0.002675 -0.466174 0.316180 -0.056465 -0.501086 0.434778 -0.149018 -0.482462 0.503190 -0.014410 -0.331830 0.385255 -0.104481 -0.358808 0.516723 -0.215883 -0.282137 0.498007 0.045084 -0.267821 0.403840 -0.007841 -0.324765 0.534022 -0.129263 -0.266092 0.543087 0.116335 -0.163173 0.398352 0.117814 -0.208414 0.509897 0.038225 -0.245976 0.583775 
0.000000 0.000000 0.000000 -0.027970 -0.043093 -0.054631 0.128995 -0.397204 0.129921 0.141741 -0.277653 0.197372 0.137301 -0.173022 0.224183 0.127545 -0.082063 0.235306 -0.162477 -0.228648 0.158263 -0.246643 -0.344756 0.291477 -0.307056 -0.446011 0.392395 0.033377 -0.453522 0.327673 -0.024413 -0.487558 0.447188 -0.118738 -0.468627 0.513048 0.013847 -0.319447 0.393257 -0.073139 -0.347872 0.526486 -0.186742 -0.277773 0.497858 0.070319 -0.249941 0.409414 0.022289 -0.305096 0.542236 -0.101378 -0.250557 0.542269 0.140871 -0.141890 0.399103 0.150044 -0.183070 0.511848 0.066684 -0.222392 0.580464 
0.000000 0.000000 0.000000 -0.024909 -0.046393 -0.053395 0.161055 -0.382736 0.137348 0.164842 -0.261054 0.202028 0.152352 -0.156519 0.226576 0.135519 -0.066385 0.235794 -0.150363 -0.238547 0.159171 -0.228864 -0.358784 0.292182 -0.272195 -0.459586 0.401947 0.065358 -0.439002 0.335076 0.007521 -0.473007 0.454578 -0.091065 -0.452080 0.513196 0.036732 -0.303717 0.397584 -0.050401 -0.332734 0.530589 -0.163700 -0.270731 0.486336 0.112428 -0.238286 0.417453 0.040962 -0.277623 0.545266 -0.084365 -0.228449 0.533308 0.154024 -0.119924 0.401255 0.166761 -0.156776 0.515145 0.080526 -0.199436 0.577969 
0.000000 0.000000 0.000000 -0.023194 -0.049180 -0.051646 0.176067 -0.371123 0.150194 0.175253 -0.247178 0.210539 0.158762 -0.142405 0.231434 0.138459 -0.052721 0.237530 -0.145908 -0.241971 0.161940 -0.222695 -0.362607 0.295589 -0.259221 -0.462777 0.408366 0.081737 -0.426662 0.348783 0.024726 -0.460228 0.468804 -0.077157 -0.441629 0.522349 0.045648 -0.290810 0.404892 -0.042502 -0.320486 0.537079 -0.152612 -0.263098 0.480319 0.127285 -0.222385 0.424634 0.048489 -0.257884 0.549220 -0.077260 -0.213352 0.527490 0.158993 -0.099151 0.404889 0.173127 -0.131110 0.520085 0.086129 -0.175416 0.580678 
0.000000 0.000000 0.000000 -0.021566 -0.050569 -0.051006 0.182827 -0.364421 0.158310 0.178628 -0.239509 0.216483 0.159581 -0.134792 0.235396 0.137212 -0.045499 0.239737 -0.142203 -0.240940 0.165908 -0.217690 -0.360062 0.301639 -0.255056 -0.458964 0.415257 0.089226 -0.419487 0.357375 0.032655 -0.452768 0.477684 -0.069163 -0.436021 0.531957 0.049542 -0.284729 0.410819 -0.038255 -0.315485 0.542995 -0.149479 -0.261763 0.484835 0.128892 -0.212671 0.429578 0.049680 -0.248414 0.553830 -0.077087 -0.208008 0.530047 0.158696 -0.087903 0.408042 0.173483 -0.117090 0.523890 0.088640 -0.163448 0.585985 
0.000000 0.000000 0.000000 -0.017401 -0.049863 -0.053243 0.188287 -0.362121 0.157184 0.176991 -0.239071 0.218304 0.153383 -0.135630 0.239007 0.127672 -0.047312 0.244607 -0.141223 -0.240585 0.161558 -0.218703 -0.359927 0.295966 -0.258137 -0.458491 0.409179 0.088741 -0.421068 0.352211 0.028577 -0.456694 0.470081 -0.073800 -0.438884 0.522947 0.045629 -0.287377 0.410359 -0.043716 -0.320231 0.540983 -0.157465 -0.267757 0.486695 0.120553 -0.215553 0.432005 0.040970 -0.253517 0.555359 -0.086133 -0.214255 0.531458 0.151345 -0.091018 0.412284 0.167640 -0.121102 0.527700 0.084346 -0.169276 0.590504 
0.000000 0.000000 0.000000 -0.019691 -0.049925 -0.052380 0.175384 -0.366778 0.161260 0.169266 -0.242509 0.220626 0.149800 -0.137945 0.239953 0.127540 -0.048631 0.244417 -0.144936 -0.237919 0.163994 -0.223307 -0.355553 0.299388 -0.277876 -0.458369 0.402043 0.074720 -0.425720 0.355715 0.013882 -0.461343 0.473238 -0.088820 -0.441684 0.524805 0.037916 -0.290137 0.412857 -0.051422 -0.322531 0.543601 -0.167907 -0.268284 0.497475 0.095658 -0.212442 0.430302 0.027715 -0.255197 0.558935 -0.099105 -0.214188 0.536509 0.146837 -0.092178 0.412695 0.160121 -0.122152 0.528524 0.076567 -0.168421 0.592408 
0.000000 0.000000 0.000000 -0.025584 -0.048932 -0.050744 0.153316 -0.377082 0.159981 0.159158 -0.251954 0.217543 0.148550 -0.145961 0.235954 0.133384 -0.055148 0.239872 -0.151137 -0.233111 0.168712 -0.229700 -0.348357 0.306034 -0.292819 -0.453336 0.401335 0.057855 -0.435890 0.357082 0.000160 -0.471431 0.476205 -0.098621 -0.451138 0.534715 0.034090 -0.296361 0.414674 -0.050973 -0.326565 0.548750 -0.170974 -0.268813 0.518685 0.077733 -0.210050 0.424611 0.026953 -0.256006 0.559889 -0.099943 -0.211285 0.547031 0.154367 -0.100570 0.407451 0.168811 -0.131836 0.522799 0.088922 -0.174101 0.593754 
0.000000 0.000000 0.000000 -0.036317 -0.042314 -0.050145 0.120728 -0.401753 0.123732 0.147620 -0.282029 0.186562 0.152036 -0.176885 0.211289 0.148645 -0.085343 0.221342 -0.162390 -0.232323 0.163978 -0.241279 -0.351218 0.297962 -0.308349 -0.457999 0.388440 0.034015 -0.465835 0.323218 -0.018393 -0.504565 0.443781 -0.105588 -0.483678 0.518306 0.040977 -0.333397 0.392628 -0.031555 -0.368334 0.532781 -0.151315 -0.302784 0.532591 0.092679 -0.246507 0.401928 0.050116 -0.296430 0.538628 -0.073460 -0.242117 0.545502 0.175002 -0.141999 0.384688 0.193145 -0.180996 0.497122 0.117132 -0.220812 0.573541 
0.000000 0.000000 0.000000 -0.044527 -0.030143 -0.052275 0.069355 -0.426990 0.064496 0.116139 -0.321221 0.139521 0.136625 -0.221774 0.176625 0.146697 -0.132720 0.198082 -0.182706 -0.228014 0.146722 -0.269170 -0.351829 0.271242 -0.338374 -0.460860 0.357322 -0.012754 -0.513599 0.257310 -0.062378 -0.565943 0.373841 -0.136644 -0.551133 0.462489 0.024936 -0.394835 0.346251 -0.037094 -0.444903 0.486857 -0.146802 -0.372920 0.524567 0.081255 -0.311047 0.360141 0.041550 -0.375060 0.491733 -0.070519 -0.306779 0.524078 0.161087 -0.214431 0.352038 0.170991 -0.270674 0.458009 0.090935 -0.304683 0.533093 
0.000000 0.000000 0.000000 -0.053953 -0.015806 -0.049630 -0.008541 -0.436861 0.019237 0.064172 -0.349950 0.097747 0.106599 -0.260406 0.140967 0.135462 -0.177465 0.168900 -0.204538 -0.209258 0.144655 -0.298765 -0.330308 0.266226 -0.368376 -0.439527 0.351738 -0.096178 -0.543804 0.198968 -0.149144 -0.608438 0.307591 -0.210493 -0.609030 0.406733 -0.022757 -0.446605 0.296683 -0.081881 -0.512343 0.431988 -0.174404 -0.439729 0.501314 0.046229 -0.366352 0.313722 0.002940 -0.442323 0.437599 -0.093039 -0.369101 0.498383 0.141995 -0.282308 0.308727 0.146492 -0.354473 0.404973 0.067738 -0.384489 0.483075 
0.000000 0.000000 0.000000 -0.060313 -0.002493 -0.044498 -0.089129 -0.428189 0.000723 0.005625 -0.361192 0.075138 0.068013 -0.283845 0.117697 0.114482 -0.209528 0.146161 -0.227456 -0.183242 0.148477 -0.332044 -0.296343 0.269228 -0.405449 -0.403790 0.353807 -0.197649 -0.542005 0.164092 -0.263235 -0.610793 0.262828 -0.321291 -0.627745 0.362504 -0.085667 -0.468916 0.266282 -0.147759 -0.542183 0.396286 -0.225170 -0.473813 0.485574 0.000153 -0.397792 0.282393 -0.048507 -0.479499 0.400490 -0.129095 -0.407355 0.481538 0.107016 -0.324010 0.278163 0.101877 -0.402809 0.369023 0.022711 -0.424589 0.449406 
0.000000 0.000000 0.000000 -0.062660 0.008282 -0.040362 -0.156560 -0.408386 0.000425 -0.047690 -0.359258 0.069260 0.028920 -0.293947 0.108651 0.088459 -0.228733 0.135009 -0.246222 -0.146203 0.160351 -0.361083 -0.242869 0.285945 -0.444689 -0.337329 0.376356 -0.288414 -0.518384 0.148530 -0.368102 -0.584864 0.238041 -0.430027 -0.615291 0.332024 -0.150417 -0.465521 0.255351 -0.220286 -0.537795 0.381918 -0.283821 -0.466414 0.479425 -0.055975 -0.401549 0.269674 -0.116850 -0.478706 0.385138 -0.182467 -0.400991 0.474148 0.053003 -0.336164 0.268380 0.028599 -0.410111 0.360181 -0.053366 -0.414367 0.440598 
0.000000 0.000000 0.000000 -0.063442 0.015801 -0.036733 -0.200155 -0.388861 0.003897 -0.083029 -0.353162 0.067233 0.002279 -0.297321 0.103158 0.069934 -0.239475 0.127011 -0.251342 -0.122636 0.171534 -0.368918 -0.209261 0.301854 -0.457813 -0.296820 0.394145 -0.346450 -0.483565 0.148980 -0.434867 -0.540802 0.236664 -0.499633 -0.567671 0.329812 -0.188351 -0.461514 0.250649 -0.259986 -0.535209 0.375398 -0.312143 -0.463583 0.479266 -0.089197 -0.401544 0.262792 -0.154791 -0.476279 0.377260 -0.209264 -0.399296 0.474082 0.025588 -0.342308 0.261343 -0.004936 -0.413091 0.353806 -0.083322 -0.411019 0.437797 
0.000000 0.000000 0.000000 -0.064150 0.022422 -0.031716 -0.234632 -0.368922 0.011619 -0.110491 -0.345629 0.066855 -0.018028 -0.298709 0.097437 0.056234 -0.247888 0.117306 -0.256268 -0.108663 0.177457 -0.376483 -0.190688 0.308344 -0.477302 -0.269757 0.395926 -0.384126 -0.449305 0.161986 -0.474476 -0.497887 0.252863 -0.538040 -0.517347 0.348645 -0.218886 -0.448355 0.251713 -0.292609 -0.518223 0.377442 -0.332708 -0.438589 0.480833 -0.109697 -0.401155 0.258109 -0.175429 -0.474614 0.373320 -0.219672 -0.395654 0.473699 0.010467 -0.351345 0.250679 -0.021036 -0.422556 0.342481 -0.096145 -0.414837 0.429096 
0.000000 0.000000 0.000000 -0.063718 0.026837 -0.029046 -0.257753 -0.352852 0.018694 -0.130301 -0.338197 0.069150 -0.033837 -0.297688 0.096350 0.044319 -0.252004 0.113583 -0.259551 -0.096324 0.181494 -0.382090 -0.173391 0.313236 -0.491804 -0.241816 0.399072 -0.410428 -0.425617 0.169743 -0.502700 -0.469594 0.261033 -0.566489 -0.484440 0.357488 -0.243493 -0.430682 0.256523 -0.320479 -0.493585 0.383963 -0.350935 -0.405701 0.483904 -0.133331 -0.390511 0.258209 -0.204674 -0.457070 0.374273 -0.241596 -0.372105 0.472689 -0.010013 -0.348054 0.249261 -0.047411 -0.414167 0.342651 -0.121912 -0.396549 0.428338 
0.000000 0.000000 0.000000 -0.062017 0.030377 -0.029240 -0.278001 -0.337041 0.020228 -0.149942 -0.329624 0.070729 -0.051288 -0.294700 0.097816 0.029401 -0.253587 0.114892 -0.260393 -0.079098 0.186418 -0.384524 -0.147600 0.321363 -0.500508 -0.204725 0.407218 -0.431432 -0.398696 0.175398 -0.524161 -0.435958 0.269178 -0.587216 -0.446056 0.366725 -0.266876 -0.408702 0.261904 -0.346407 -0.462487 0.391929 -0.367912 -0.369690 0.489733 -0.156096 -0.381605 0.259607 -0.231251 -0.443921 0.375621 -0.260896 -0.357053 0.474834 -0.028969 -0.347956 0.250073 -0.069145 -0.412912 0.343121 -0.141715 -0.390955 0.429461 
0.000000 0.000000 0.000000 -0.061575 0.033690 -0.026410 -0.292964 -0.323580 0.027532 -0.162814 -0.322960 0.072976 -0.061600 -0.293154 0.096500 0.021589 -0.256178 0.110807 -0.261055 -0.071048 0.190579 -0.385876 -0.136587 0.326356 -0.505315 -0.187167 0.411579 -0.446727 -0.380337 0.184235 -0.539657 -0.414638 0.278942 -0.602267 -0.420363 0.377127 -0.280697 -0.392540 0.267235 -0.360874 -0.439864 0.399359 -0.377085 -0.344330 0.495535 -0.171295 -0.374509 0.257937 -0.249954 -0.432845 0.373698 -0.274489 -0.345031 0.473471 -0.038273 -0.352019 0.244288 -0.079478 -0.417989 0.336165 -0.150891 -0.393554 0.422804 
0.000000 0.000000 0.000000 -0.060793 0.034681 -0.026932 -0.299788 -0.317002 0.030445 -0.169753 -0.318616 0.076191 -0.067983 -0.290688 0.099623 0.015937 -0.255316 0.113715 -0.263279 -0.063878 0.190166 -0.389982 -0.125550 0.326012 -0.511122 -0.174002 0.410061 -0.453472 -0.373626 0.187274 -0.546355 -0.407848 0.282056 -0.610858 -0.414592 0.378943 -0.291882 -0.380617 0.270394 -0.374947 -0.422787 0.402479 -0.390377 -0.327011 0.498543 -0.180130 -0.366760 0.261950 -0.260545 -0.421307 0.378349 -0.283292 -0.331621 0.476873 -0.044730 -0.349550 0.247974 -0.086488 -0.414414 0.340388 -0.157937 -0.387092 0.426130 
0.000000 0.000000 0.000000 -0.060448 0.034544 -0.027868 -0.301637 -0.314891 0.033898 -0.171884 -0.316420 0.080443 -0.070109 -0.288636 0.104020 0.013913 -0.253470 0.118027 -0.262480 -0.062567 0.190304 -0.388899 -0.123332 0.326821 -0.510692 -0.170790 0.410493 -0.453444 -0.377666 0.190212 -0.545192 -0.415605 0.284684 -0.610224 -0.424701 0.381023 -0.295210 -0.375881 0.274685 -0.379089 -0.416323 0.406796 -0.394389 -0.320597 0.502930 -0.184298 -0.359388 0.267326 -0.266179 -0.410121 0.384426 -0.287731 -0.315283 0.478284 -0.045672 -0.346595 0.253539 -0.086686 -0.410695 0.346815 -0.158346 -0.381957 0.431916 
0.000000 0.000000 0.000000 -0.060931 0.034604 -0.026717 -0.302608 -0.312499 0.045418 -0.171711 -0.314321 0.088628 -0.069191 -0.286922 0.109245 0.015380 -0.252141 0.120664 -0.260575 -0.062954 0.193444 -0.385499 -0.123999 0.331207 -0.507750 -0.168565 0.415797 -0.448324 -0.376874 0.206797 -0.536391 -0.415780 0.304330 -0.599209 -0.423452 0.402249 -0.293498 -0.370015 0.284945 -0.376330 -0.407894 0.418469 -0.390282 -0.310344 0.512961 -0.181001 -0.353289 0.276001 -0.261175 -0.400877 0.395577 -0.279092 -0.300168 0.483921 -0.042125 -0.344339 0.257700 -0.081707 -0.407801 0.352024 -0.152468 -0.378853 0.437804 
0.000000 0.000000 0.000000 -0.061181 0.033664 -0.027340 -0.299569 -0.315033 0.047985 -0.168822 -0.315009 0.091685 -0.066664 -0.286321 0.112348 0.017504 -0.250543 0.123664 -0.259687 -0.064739 0.193473 -0.383899 -0.126313 0.331644 -0.506148 -0.170928 0.416211 -0.438718 -0.379130 0.215165 -0.522817 -0.417869 0.316204 -0.583192 -0.422245 0.415847 -0.290417 -0.368899 0.288623 -0.373119 -0.405552 0.422569 -0.386944 -0.304561 0.513393 -0.179874 -0.351388 0.278672 -0.261053 -0.398044 0.397936 -0.278329 -0.291737 0.479596 -0.040394 -0.343516 0.260009 -0.080247 -0.407511 0.353858 -0.152410 -0.378445 0.438421 
0.000000 0.000000 0.000000 -0.061239 0.031586 -0.029597 -0.293628 -0.320431 0.048962 -0.163989 -0.316372 0.095674 -0.063008 -0.284883 0.117974 0.020060 -0.246945 0.130334 -0.256005 -0.067674 0.194143 -0.377878 -0.129784 0.334145 -0.498851 -0.173407 0.421032 -0.423352 -0.381416 0.224668 -0.501754 -0.418273 0.330860 -0.557816 -0.415921 0.433059 -0.283990 -0.367103 0.294421 -0.365608 -0.401608 0.429597 -0.377700 -0.295703 0.514904 -0.176605 -0.347145 0.285105 -0.258061 -0.391792 0.404948 -0.273193 -0.278098 0.476452 -0.037208 -0.338434 0.267943 -0.076627 -0.401407 0.362663 -0.150349 -0.371879 0.445707 
0.000000 0.000000 0.000000 -0.061927 0.030159 -0.029654 -0.288150 -0.324268 0.055767 -0.158292 -0.317446 0.101534 -0.057682 -0.284025 0.122674 0.024849 -0.244591 0.133899 -0.252479 -0.069186 0.197649 -0.371715 -0.131350 0.339880 -0.492376 -0.171197 0.428986 -0.413045 -0.384434 0.235215 -0.488528 -0.420796 0.343669 -0.542186 -0.407944 0.446376 -0.277951 -0.367335 0.300701 -0.359336 -0.401266 0.436162 -0.373571 -0.295172 0.520901 -0.168969 -0.346543 0.291258 -0.248768 -0.391372 0.412143 -0.267372 -0.278681 0.484412 -0.028782 -0.336462 0.272714 -0.065698 -0.399698 0.368264 -0.139967 -0.372005 0.451453 
0.000000 0.000000 0.000000 -0.061979 0.028304 -0.031326 -0.279910 -0.332518 0.048710 -0.151558 -0.321853 0.097869 -0.052562 -0.285479 0.121594 0.028455 -0.243634 0.134922 -0.249366 -0.076902 0.195971 -0.366621 -0.142733 0.338199 -0.487560 -0.181087 0.427584 -0.400219 -0.396187 0.230071 -0.472932 -0.434666 0.339681 -0.526517 -0.414906 0.441324 -0.268754 -0.374048 0.297907 -0.348464 -0.409548 0.433961 -0.368327 -0.304319 0.518647 -0.162592 -0.351512 0.289662 -0.241490 -0.398862 0.410177 -0.264003 -0.287688 0.483673 -0.023151 -0.339233 0.271976 -0.058672 -0.405037 0.366313 -0.135645 -0.379242 0.447632 
0.000000 0.000000 0.000000 -0.062079 0.025885 -0.033167 -0.268416 -0.342806 0.041563 -0.142026 -0.327205 0.094354 -0.045200 -0.287069 0.120809 0.033760 -0.242162 0.136341 -0.246333 -0.086814 0.193098 -0.361626 -0.157333 0.334680 -0.481580 -0.196959 0.424834 -0.385376 -0.409060 0.224185 -0.456063 -0.449101 0.334557 -0.511879 -0.426381 0.434364 -0.259058 -0.383071 0.293494 -0.338657 -0.421067 0.428937 -0.364406 -0.317573 0.514174 -0.156101 -0.360430 0.285226 -0.235624 -0.413034 0.403123 -0.262252 -0.301987 0.475423 -0.014917 -0.343447 0.270349 -0.048422 -0.413163 0.362590 -0.128820 -0.389440 0.441180 
0.000000 0.000000 0.000000 -0.062042 0.021777 -0.036061 -0.249773 -0.357197 0.036244 -0.126773 -0.333558 0.093835 -0.033585 -0.287507 0.123523 0.041958 -0.237883 0.141500 -0.243241 -0.099035 0.188478 -0.356622 -0.174632 0.328980 -0.475995 -0.217598 0.418372 -0.366297 -0.427998 0.217434 -0.436720 -0.470788 0.326940 -0.496214 -0.448347 0.424665 -0.244875 -0.393259 0.291223 -0.325201 -0.433863 0.425475 -0.357848 -0.330705 0.508733 -0.144842 -0.367991 0.284327 -0.224621 -0.425703 0.399634 -0.258113 -0.314650 0.469013 -0.002354 -0.344705 0.272694 -0.032855 -0.418233 0.362997 -0.117094 -0.399158 0.438779 
0.000000 0.000000 0.000000 -0.062118 0.017439 -0.038224 -0.227046 -0.372505 0.031306 -0.107790 -0.340503 0.092610 -0.018815 -0.288267 0.124876 0.052712 -0.233697 0.144839 -0.241889 -0.113774 0.181576 -0.354378 -0.195878 0.319112 -0.474909 -0.242261 0.405180 -0.340326 -0.447739 0.212765 -0.408790 -0.493209 0.322435 -0.471838 -0.473170 0.418437 -0.226611 -0.405284 0.287955 -0.307426 -0.449344 0.420816 -0.346916 -0.344923 0.499405 -0.128241 -0.373432 0.284521 -0.206707 -0.434500 0.398997 -0.247503 -0.323109 0.463772 0.013385 -0.341773 0.276593 -0.013684 -0.416164 0.367283 -0.101117 -0.402852 0.440641 
0.000000 0.000000 0.000000 -0.061502 0.011993 -0.041201 -0.198642 -0.388664 0.027779 -0.085106 -0.346581 0.093680 -0.001992 -0.287101 0.128900 0.064115 -0.226829 0.151026 -0.236321 -0.129253 0.176363 -0.345712 -0.217635 0.312500 -0.465897 -0.269506 0.395878 -0.308481 -0.469357 0.209009 -0.374864 -0.518127 0.318539 -0.441905 -0.498130 0.411806 -0.203456 -0.415773 0.287794 -0.283950 -0.462832 0.419819 -0.330638 -0.357609 0.493220 -0.107735 -0.381040 0.286087 -0.183560 -0.448399 0.398799 -0.232072 -0.338136 0.460091 0.031116 -0.338320 0.281668 0.008403 -0.415061 0.371591 -0.081325 -0.408886 0.443102 
0.000000 0.000000 0.000000 -0.060180 0.003932 -0.044573 -0.157583 -0.406651 0.033056 -0.052749 -0.350432 0.102725 0.021642 -0.281218 0.139622 0.079749 -0.213481 0.162595 -0.226726 -0.145994 0.173673 -0.330939 -0.239808 0.310236 -0.447805 -0.299130 0.393363 -0.263918 -0.491364 0.214541 -0.328184 -0.542561 0.324225 -0.400734 -0.521724 0.413082 -0.168966 -0.422943 0.296916 -0.248010 -0.472260 0.428993 -0.306512 -0.369334 0.496985 -0.075948 -0.383053 0.297164 -0.145926 -0.456076 0.410131 -0.208391 -0.350784 0.467401 0.059099 -0.324002 0.296554 0.044886 -0.400075 0.388760 -0.045146 -0.404312 0.460031 
0.000000 0.000000 0.000000 -0.057185 -0.004858 -0.048272 -0.112214 -0.420590 0.042451 -0.019238 -0.349851 0.115635 0.044232 -0.271051 0.153691 0.092639 -0.196162 0.176945 -0.213437 -0.161766 0.172662 -0.311209 -0.259949 0.310907 -0.424472 -0.325775 0.394126 -0.211363 -0.505457 0.227889 -0.271286 -0.556749 0.339963 -0.347072 -0.537713 0.426491 -0.129912 -0.422157 0.313113 -0.205186 -0.471335 0.447426 -0.275605 -0.370957 0.507465 -0.041929 -0.377299 0.314941 -0.103711 -0.453485 0.430567 -0.179156 -0.353729 0.481802 0.082834 -0.303233 0.314880 0.076084 -0.376931 0.409823 -0.012763 -0.390489 0.481416 
0.000000 0.000000 0.000000 -0.052439 -0.011375 -0.052389 -0.071687 -0.429344 0.042606 0.007577 -0.348420 0.121175 0.059504 -0.262990 0.162301 0.098050 -0.183200 0.187604 -0.202044 -0.174570 0.168591 -0.295658 -0.276686 0.306866 -0.406653 -0.348856 0.387850 -0.166009 -0.513942 0.230666 -0.223015 -0.565071 0.344324 -0.300751 -0.551895 0.430211 -0.102850 -0.418658 0.319535 -0.177957 -0.466430 0.454448 -0.258656 -0.369345 0.506423 -0.024247 -0.371341 0.323421 -0.084302 -0.449036 0.438953 -0.167131 -0.352063 0.483717 0.092529 -0.290395 0.325680 0.088729 -0.364180 0.420720 0.001594 -0.386715 0.492154 
0.000000 0.000000 0.000000 -0.047706 -0.018470 -0.054835 -0.029058 -0.433020 0.054222 0.036455 -0.341779 0.134146 0.076625 -0.250106 0.174992 0.105055 -0.165941 0.199495 -0.188568 -0.186384 0.168344 -0.276711 -0.291453 0.307995 -0.383763 -0.371421 0.386937 -0.119077 -0.514312 0.245816 -0.173483 -0.563442 0.361610 -0.252959 -0.553902 0.446379 -0.073325 -0.413632 0.332287 -0.147992 -0.462503 0.467051 -0.236856 -0.368458 0.510617 -0.001071 -0.360545 0.337719 -0.056785 -0.439738 0.454404 -0.147213 -0.347314 0.493755 0.111688 -0.268868 0.340733 0.116254 -0.339715 0.437950 0.033495 -0.370946 0.511290 
0.000000 0.000000 0.000000 -0.040248 -0.028273 -0.056610 0.022930 -0.428521 0.084466 0.069289 -0.324263 0.161833 0.093756 -0.225542 0.198461 0.108936 -0.136894 0.218550 -0.172392 -0.195309 0.172482 -0.255079 -0.299830 0.315833 -0.355291 -0.386523 0.396632 -0.066624 -0.502244 0.279313 -0.120749 -0.546799 0.397072 -0.204585 -0.538538 0.477672 -0.040656 -0.391682 0.361436 -0.115434 -0.437537 0.497193 -0.216439 -0.350445 0.526387 0.024682 -0.334098 0.366264 -0.024849 -0.411939 0.486590 -0.127882 -0.329840 0.516789 0.125485 -0.228595 0.366547 0.136875 -0.291715 0.468417 0.058045 -0.328758 0.543363 
0.000000 0.000000 0.000000 -0.033174 -0.035736 -0.056976 0.060047 -0.417802 0.114569 0.090197 -0.304736 0.187450 0.102001 -0.201946 0.218769 0.106749 -0.111136 0.233719 -0.161924 -0.198887 0.176801 -0.242487 -0.300977 0.323083 -0.337704 -0.390748 0.406520 -0.033097 -0.487112 0.309352 -0.089390 -0.529001 0.427073 -0.178825 -0.523380 0.501658 -0.020699 -0.369371 0.387447 -0.096124 -0.413332 0.523473 -0.206510 -0.335055 0.541555 0.041450 -0.307563 0.391662 -0.001970 -0.383297 0.515638 -0.114475 -0.311643 0.537461 0.128559 -0.189200 0.388692 0.143571 -0.242933 0.495363 0.067143 -0.283429 0.571007 
0.000000 0.000000 0.000000 -0.026198 -0.042717 -0.055792 0.092950 -0.400810 0.148330 0.107804 -0.280537 0.214043 0.107853 -0.175165 0.238183 0.102998 -0.083519 0.246550 -0.150425 -0.199876 0.184447 -0.228158 -0.298216 0.334773 -0.317210 -0.389727 0.422992 -0.000535 -0.466244 0.344287 -0.057036 -0.505790 0.462717 -0.151680 -0.504768 0.530795 -0.002473 -0.342736 0.415152 -0.077477 -0.385039 0.551934 -0.197289 -0.320101 0.560146 0.054609 -0.275412 0.416591 0.016430 -0.347296 0.544520 -0.104457 -0.288615 0.559040 0.128098 -0.146873 0.407617 0.145376 -0.190481 0.518483 0.070414 -0.232820 0.594584 
0.000000 0.000000 0.000000 -0.019524 -0.047655 -0.054513 0.118987 -0.382962 0.174564 0.120091 -0.258645 0.234133 0.109893 -0.152580 0.252367 0.096806 -0.061410 0.255399 -0.140704 -0.199920 0.190389 -0.216531 -0.295199 0.343632 -0.300354 -0.388107 0.435439 0.023988 -0.448687 0.369693 -0.033428 -0.488410 0.487624 -0.131247 -0.493615 0.550850 0.010557 -0.320278 0.435822 -0.063941 -0.362198 0.572998 -0.190770 -0.311686 0.574517 0.060142 -0.245294 0.435786 0.024467 -0.311775 0.567309 -0.101985 -0.264671 0.574994 0.120891 -0.113543 0.420591 0.137468 -0.149427 0.534295 0.060412 -0.192988 0.607561 
0.000000 0.000000 0.000000 -0.013844 -0.050283 -0.053888 0.139151 -0.368834 0.189443 0.128917 -0.243337 0.245570 0.110390 -0.137883 0.260478 0.090666 -0.047864 0.260499 -0.130598 -0.201063 0.194064 -0.203656 -0.295411 0.349216 -0.282536 -0.389954 0.443696 0.043455 -0.434928 0.384107 -0.014381 -0.474873 0.501756 -0.112711 -0.484598 0.563641 0.022459 -0.308608 0.447760 -0.049947 -0.353001 0.585278 -0.179848 -0.310991 0.584695 0.065021 -0.230621 0.445017 0.032488 -0.297120 0.577344 -0.097092 -0.259224 0.583751 0.116328 -0.094379 0.427125 0.133992 -0.126397 0.541816 0.056742 -0.172500 0.613302 
0.000000 0.000000 0.000000 -0.011806 -0.051289 -0.053422 0.147143 -0.362510 0.195514 0.132761 -0.236688 0.249981 0.111130 -0.131623 0.263385 0.088906 -0.042198 0.262080 -0.126939 -0.201643 0.195545 -0.198981 -0.295726 0.351332 -0.275204 -0.391365 0.446883 0.051502 -0.431324 0.389260 -0.006301 -0.472914 0.506355 -0.104240 -0.485513 0.568342 0.028365 -0.304779 0.452317 -0.042638 -0.351091 0.589933 -0.174000 -0.313896 0.589600 0.067997 -0.222705 0.449281 0.037069 -0.288016 0.582580 -0.094030 -0.256331 0.591363 0.113292 -0.085547 0.429748 0.130078 -0.115384 0.545157 0.053965 -0.163095 0.616807 
0.000000 0.000000 0.000000 -0.012287 -0.052331 -0.052291 0.150377 -0.358339 0.200675 0.136289 -0.231534 0.252892 0.114533 -0.126286 0.264538 0.092055 -0.036958 0.261784 -0.124018 -0.201278 0.199059 -0.193931 -0.294480 0.356338 -0.267765 -0.389970 0.453894 0.057454 -0.426352 0.396020 0.001294 -0.467457 0.514081 -0.095772 -0.480780 0.577277 0.032549 -0.296765 0.456503 -0.038009 -0.341131 0.594987 -0.170349 -0.307587 0.595582 0.073703 -0.213649 0.452725 0.044426 -0.276293 0.587667 -0.087153 -0.247127 0.597885 0.119888 -0.072594 0.430727 0.139046 -0.097124 0.547014 0.065017 -0.143924 0.621395 
0.000000 0.000000 0.000000 -0.014717 -0.052878 -0.051100 0.146655 -0.358446 0.203221 0.136740 -0.230504 0.253589 0.117713 -0.124594 0.263944 0.097259 -0.034817 0.260191 -0.128270 -0.199002 0.201090 -0.199325 -0.290437 0.358894 -0.273313 -0.384624 0.457593 0.051558 -0.424753 0.398106 -0.005917 -0.464827 0.515889 -0.102417 -0.477319 0.580112 0.031989 -0.292876 0.457577 -0.039258 -0.335298 0.596318 -0.171809 -0.302634 0.597873 0.073684 -0.207600 0.453377 0.042113 -0.267121 0.589213 -0.089288 -0.237361 0.599990 0.127756 -0.066668 0.429430 0.148748 -0.088592 0.545920 0.076062 -0.134269 0.622297 
0.000000 0.000000 0.000000 -0.015255 -0.052563 -0.051268 0.142885 -0.360581 0.202127 0.134288 -0.232701 0.252892 0.116358 -0.126632 0.263574 0.096837 -0.036636 0.260099 -0.131341 -0.199029 0.199566 -0.203980 -0.290679 0.356522 -0.278976 -0.383360 0.455883 0.045879 -0.428219 0.395609 -0.012748 -0.469097 0.512544 -0.108419 -0.478687 0.578486 0.028203 -0.296031 0.455894 -0.043949 -0.339104 0.593964 -0.175996 -0.304508 0.596429 0.069393 -0.210031 0.452128 0.035717 -0.269833 0.587333 -0.095091 -0.238735 0.601130 0.126835 -0.070934 0.428948 0.147484 -0.094541 0.545170 0.075264 -0.138935 0.622737 
0.000000 0.000000 0.000000 -0.016176 -0.051428 -0.052129 0.137876 -0.366161 0.195465 0.131347 -0.239065 0.248461 0.115059 -0.132938 0.261027 0.096900 -0.042610 0.259164 -0.140695 -0.201405 0.192510 -0.218611 -0.295251 0.345589 -0.294904 -0.386081 0.445669 0.033997 -0.434997 0.384914 -0.028786 -0.476599 0.499411 -0.122194 -0.484363 0.568750 0.020494 -0.302422 0.448890 -0.054902 -0.345514 0.585210 -0.185910 -0.307174 0.587735 0.058069 -0.216010 0.446943 0.017204 -0.275577 0.580257 -0.113251 -0.245341 0.598569 0.123288 -0.077751 0.428442 0.141452 -0.101938 0.544959 0.072106 -0.144910 0.625878 
0.000000 0.000000 0.000000 -0.018699 -0.050477 -0.052214 0.130264 -0.371788 0.189988 0.128593 -0.244999 0.244083 0.115780 -0.138536 0.257777 0.100349 -0.047686 0.256958 -0.148867 -0.204009 0.187224 -0.230317 -0.300080 0.337049 -0.304281 -0.391304 0.438510 0.024445 -0.442412 0.377696 -0.039510 -0.485096 0.491142 -0.127938 -0.495212 0.566450 0.014271 -0.306584 0.443111 -0.063483 -0.348471 0.578478 -0.193661 -0.307520 0.582488 0.054725 -0.219124 0.443496 0.010945 -0.276911 0.576668 -0.118770 -0.248328 0.601669 0.127265 -0.087733 0.425059 0.145793 -0.115298 0.540766 0.080210 -0.158033 0.624884 
0.000000 0.000000 0.000000 -0.019128 -0.049294 -0.053180 0.120243 -0.377217 0.185849 0.120573 -0.251236 0.241826 0.109818 -0.144742 0.256974 0.096293 -0.053587 0.257347 -0.154383 -0.208258 0.179807 -0.239016 -0.307727 0.325595 -0.308700 -0.400195 0.428943 0.011230 -0.450782 0.370577 -0.054654 -0.495243 0.482222 -0.136649 -0.511593 0.563478 0.002161 -0.318417 0.436607 -0.078375 -0.364110 0.569086 -0.208954 -0.325999 0.580752 0.045807 -0.225476 0.441631 -0.000094 -0.283368 0.574042 -0.128941 -0.257751 0.605826 0.119631 -0.098834 0.424661 0.135695 -0.129978 0.539828 0.070699 -0.172723 0.624394 
0.000000 0.000000 0.000000 -0.019393 -0.048002 -0.054255 0.104236 -0.383080 0.183508 0.107137 -0.257886 0.241151 0.099311 -0.151309 0.257466 0.088589 -0.059790 0.258743 -0.167202 -0.211111 0.167992 -0.259691 -0.313175 0.307061 -0.331286 -0.407436 0.407439 -0.009444 -0.465494 0.361567 -0.078148 -0.515302 0.469181 -0.159898 -0.534387 0.550088 -0.018096 -0.327745 0.430653 -0.103271 -0.375259 0.559541 -0.233459 -0.343352 0.585469 0.028775 -0.238294 0.436832 -0.021803 -0.300667 0.565448 -0.150108 -0.277779 0.601254 0.098404 -0.109289 0.426194 0.105159 -0.143360 0.541454 0.036077 -0.185979 0.622783 
0.000000 0.000000 0.000000 -0.018462 -0.047588 -0.054940 0.099395 -0.384589 0.183035 0.101540 -0.259781 0.241539 0.093722 -0.153286 0.258390 0.083260 -0.061743 0.260051 -0.173043 -0.212272 0.161463 -0.269770 -0.315319 0.296875 -0.342741 -0.410126 0.395736 -0.016398 -0.468477 0.359032 -0.086380 -0.519176 0.465400 -0.167077 -0.539878 0.546964 -0.023504 -0.332233 0.430189 -0.108552 -0.381511 0.558498 -0.237251 -0.355802 0.596112 0.023330 -0.238713 0.438560 -0.027146 -0.299969 0.567752 -0.153912 -0.281361 0.610789 0.090629 -0.113603 0.426912 0.095702 -0.149300 0.541765 0.026615 -0.191205 0.623460 
0.000000 0.000000 0.000000 -0.019280 -0.047128 -0.055056 0.095956 -0.386513 0.180805 0.099814 -0.262002 0.239853 0.093291 -0.155503 0.257219 0.083876 -0.063856 0.259342 -0.176285 -0.213121 0.158584 -0.274529 -0.316989 0.292265 -0.346799 -0.411807 0.391630 -0.019966 -0.474659 0.354622 -0.090026 -0.527933 0.459672 -0.169366 -0.550637 0.542030 -0.022431 -0.338603 0.428699 -0.105575 -0.390702 0.557141 -0.232436 -0.369385 0.602869 0.024551 -0.242305 0.437370 -0.024739 -0.304547 0.566548 -0.149865 -0.288634 0.615110 0.092430 -0.115458 0.426226 0.098319 -0.150977 0.541096 0.028840 -0.191857 0.622978 
0.000000 0.000000 0.000000 -0.019908 -0.046812 -0.055102 0.087081 -0.388096 0.181904 0.093110 -0.263598 0.240798 0.088638 -0.156964 0.257977 0.081063 -0.065141 0.259916 -0.179498 -0.211433 0.157683 -0.279360 -0.314442 0.290830 -0.348336 -0.407907 0.393753 -0.034024 -0.475906 0.352324 -0.107216 -0.528977 0.455321 -0.188769 -0.550237 0.535883 -0.032031 -0.338938 0.428250 -0.117145 -0.390179 0.555743 -0.243555 -0.369310 0.602904 0.011584 -0.242008 0.435582 -0.043669 -0.302991 0.562937 -0.168824 -0.286418 0.611203 0.084160 -0.120012 0.425946 0.086291 -0.157780 0.540228 0.014312 -0.197657 0.620428 
0.000000 0.000000 0.000000 -0.018731 -0.047531 -0.054899 0.083548 -0.385661 0.188616 0.088273 -0.260416 0.246026 0.083376 -0.153575 0.261743 0.075702 -0.061742 0.262351 -0.181419 -0.207711 0.158925 -0.283219 -0.307942 0.292723 -0.348043 -0.396779 0.402234 -0.046088 -0.466998 0.355945 -0.124436 -0.516156 0.457074 -0.209498 -0.532918 0.535027 -0.043366 -0.332038 0.430460 -0.132899 -0.380752 0.555901 -0.259970 -0.358317 0.600498 0.000085 -0.233141 0.439072 -0.059640 -0.290195 0.566228 -0.185494 -0.272873 0.612368 0.073846 -0.114632 0.429041 0.072568 -0.151036 0.543777 0.000174 -0.189686 0.624204 
0.000000 0.000000 0.000000 -0.019516 -0.048551 -0.053719 0.077972 -0.382221 0.197781 0.084659 -0.255715 0.252151 0.081392 -0.148464 0.265292 0.075105 -0.056538 0.263693 -0.184422 -0.201097 0.163955 -0.287610 -0.296550 0.300162 -0.348129 -0.378675 0.417122 -0.056460 -0.454359 0.365544 -0.137707 -0.497957 0.466935 -0.225443 -0.508545 0.542984 -0.049669 -0.317670 0.438140 -0.141032 -0.359808 0.564639 -0.268720 -0.334765 0.605966 -0.004374 -0.217372 0.445873 -0.065874 -0.266783 0.575361 -0.192703 -0.248085 0.618172 0.071053 -0.102094 0.432496 0.068264 -0.133451 0.548686 -0.004666 -0.169936 0.629638 
0.000000 0.000000 0.000000 -0.017806 -0.049403 -0.053537 0.075133 -0.378982 0.204983 0.079615 -0.251708 0.257763 0.075345 -0.144312 0.269339 0.068534 -0.052460 0.266312 -0.185975 -0.196322 0.165508 -0.291204 -0.288254 0.302571 -0.348722 -0.364838 0.424691 -0.064775 -0.445151 0.370717 -0.149331 -0.485142 0.470882 -0.239331 -0.491349 0.544737 -0.057288 -0.313562 0.441900 -0.150401 -0.355631 0.567138 -0.278502 -0.330060 0.606831 -0.013772 -0.211307 0.449015 -0.077674 -0.259347 0.577854 -0.205260 -0.239634 0.617869 0.062881 -0.096263 0.435533 0.058990 -0.126414 0.552010 -0.015179 -0.161302 0.632541 