92
0.000000 0.000000 0.000000 0.020034 -0.038499 -0.061159 0.108705 -0.386286 0.173944 0.052749 -0.277459 0.237427 0.010803 -0.179964 0.257958 -0.023004 -0.094359 0.262561 -0.207020 -0.244015 0.002527 -0.349096 -0.372614 0.042378 -0.472949 -0.457051 0.082598 0.060490 -0.589450 0.262375 0.031351 -0.712237 0.315819 -0.050658 -0.789068 0.346880 -0.013365 -0.469378 0.361000 -0.058333 -0.599911 0.445046 -0.188273 -0.641735 0.447446 -0.042875 -0.333691 0.392867 -0.081366 -0.443923 0.489605 -0.204732 -0.497883 0.501318 -0.050480 -0.179880 0.412620 -0.069392 -0.238745 0.515908 -0.128645 -0.315641 0.577383 
0.000000 0.000000 0.000000 0.018544 -0.038970 -0.061330 0.105699 -0.387306 0.173528 0.052298 -0.277484 0.237497 0.012089 -0.179327 0.258344 -0.020397 -0.093225 0.263181 -0.210228 -0.241347 0.006146 -0.353379 -0.367982 0.048368 -0.477674 -0.450723 0.090694 0.058122 -0.590506 0.262221 0.029367 -0.713314 0.315824 -0.051892 -0.790093 0.348917 -0.015550 -0.467227 0.363469 -0.061696 -0.596278 0.449147 -0.192092 -0.636464 0.453762 -0.040551 -0.332110 0.394727 -0.078297 -0.441664 0.492522 -0.202439 -0.493324 0.506229 -0.045672 -0.177429 0.414367 -0.063069 -0.235389 0.518431 -0.123751 -0.311816 0.579091 
0.000000 0.000000 0.000000 0.016685 -0.039666 -0.061417 0.102354 -0.387990 0.174004 0.052092 -0.276865 0.238264 0.013985 -0.177899 0.259235 -0.016916 -0.091218 0.264129 -0.213999 -0.238039 0.011240 -0.358346 -0.362169 0.056704 -0.483364 -0.442511 0.101452 0.051953 -0.589985 0.263883 0.021492 -0.712065 0.318203 -0.059180 -0.788293 0.353902 -0.015651 -0.464745 0.367052 -0.061725 -0.592530 0.454647 -0.192621 -0.630561 0.462334 -0.040192 -0.328533 0.397393 -0.079041 -0.436548 0.496461 -0.203941 -0.485563 0.512756 -0.041719 -0.174392 0.415962 -0.058791 -0.231642 0.520471 -0.121261 -0.306810 0.580890 
0.000000 0.000000 0.000000 0.012106 -0.040905 -0.061677 0.091500 -0.390993 0.173328 0.049370 -0.277096 0.238575 0.016909 -0.176269 0.260172 -0.009641 -0.088185 0.265521 -0.221388 -0.233142 0.018148 -0.367494 -0.353431 0.068096 -0.493590 -0.430438 0.115597 0.041525 -0.591737 0.266196 0.011321 -0.713062 0.322322 -0.068384 -0.788919 0.360869 -0.022531 -0.460477 0.371527 -0.071432 -0.585201 0.461953 -0.202927 -0.620276 0.472825 -0.039499 -0.323395 0.401189 -0.079947 -0.428894 0.502307 -0.205776 -0.474379 0.521441 -0.034572 -0.170628 0.417731 -0.051733 -0.227376 0.522500 -0.116182 -0.300765 0.583026 
0.000000 0.000000 0.000000 0.009157 -0.041549 -0.061755 0.082995 -0.393054 0.172946 0.046338 -0.277545 0.238660 0.017788 -0.175607 0.260561 -0.005697 -0.086669 0.266134 -0.228663 -0.224618 0.026413 -0.377475 -0.339171 0.081583 -0.504895 -0.411840 0.132280 0.026693 -0.589792 0.270642 -0.007334 -0.708696 0.329686 -0.085730 -0.784107 0.371643 -0.029724 -0.456581 0.375171 -0.081457 -0.578351 0.468017 -0.213682 -0.609116 0.482484 -0.039114 -0.319650 0.404531 -0.079917 -0.422938 0.507767 -0.206845 -0.463385 0.530596 -0.030816 -0.166212 0.419849 -0.048106 -0.220962 0.525654 -0.115256 -0.291771 0.586319 
0.000000 0.000000 0.000000 0.006856 -0.042047 -0.061717 0.073738 -0.394759 0.173258 0.041734 -0.277927 0.239065 0.016691 -0.175077 0.260990 -0.003958 -0.085438 0.266563 -0.234868 -0.217592 0.031016 -0.386124 -0.327437 0.089042 -0.514964 -0.395824 0.142052 0.012352 -0.590468 0.269953 -0.024748 -0.708750 0.328392 -0.103053 -0.783042 0.372462 -0.035851 -0.455924 0.376076 -0.088619 -0.576988 0.469263 -0.221359 -0.603848 0.486526 -0.041729 -0.318563 0.404909 -0.083620 -0.421451 0.508107 -0.211456 -0.457131 0.533660 -0.026521 -0.166889 0.419674 -0.042052 -0.222954 0.525063 -0.112023 -0.291396 0.585254 
0.000000 0.000000 0.000000 0.002885 -0.042664 -0.061606 0.062484 -0.396585 0.173512 0.037877 -0.278087 0.239521 0.018095 -0.174116 0.261539 0.001561 -0.083631 0.267160 -0.242402 -0.209102 0.038288 -0.395887 -0.313249 0.100795 -0.525920 -0.377474 0.156052 -0.001319 -0.588163 0.276697 -0.039880 -0.703947 0.339060 -0.118752 -0.775891 0.385926 -0.043115 -0.449978 0.382238 -0.098201 -0.566888 0.479305 -0.231334 -0.589763 0.499095 -0.044286 -0.312077 0.409149 -0.089017 -0.411004 0.514995 -0.217503 -0.442379 0.542833 -0.023964 -0.161278 0.421775 -0.041534 -0.214725 0.528199 -0.114621 -0.279990 0.588214 
0.000000 0.000000 0.000000 -0.000042 -0.043028 -0.061420 0.053851 -0.397586 0.174114 0.034767 -0.278035 0.240052 0.018935 -0.173370 0.261974 0.005500 -0.082367 0.267500 -0.248183 -0.200852 0.045181 -0.403453 -0.299608 0.111886 -0.534193 -0.359474 0.170280 -0.012769 -0.585821 0.281582 -0.053034 -0.699585 0.346533 -0.132135 -0.769165 0.396482 -0.048924 -0.443867 0.388275 -0.105845 -0.556656 0.489088 -0.239061 -0.575377 0.512375 -0.045968 -0.306001 0.413336 -0.092507 -0.401107 0.521871 -0.221414 -0.427535 0.552734 -0.021354 -0.155329 0.424158 -0.039839 -0.205549 0.531989 -0.116246 -0.267303 0.591584 
0.000000 0.000000 0.000000 -0.002998 -0.043446 -0.061052 0.044469 -0.397924 0.175980 0.031077 -0.277314 0.241389 0.019358 -0.172011 0.262838 0.009171 -0.080564 0.267949 -0.253454 -0.192877 0.052033 -0.410174 -0.286380 0.122795 -0.541418 -0.341145 0.184945 -0.028820 -0.582481 0.285468 -0.073114 -0.694023 0.351639 -0.153180 -0.760792 0.403835 -0.054871 -0.440615 0.391122 -0.113328 -0.551682 0.492962 -0.246487 -0.565725 0.519621 -0.045859 -0.302660 0.415780 -0.092623 -0.396343 0.525450 -0.221580 -0.417571 0.559909 -0.016160 -0.150506 0.426229 -0.033597 -0.198647 0.535177 -0.112788 -0.256962 0.594602 
0.000000 0.000000 0.000000 -0.004047 -0.043678 -0.060826 0.038732 -0.397776 0.177664 0.027705 -0.276650 0.242559 0.017864 -0.171065 0.263560 0.009237 -0.079436 0.268283 -0.256383 -0.185126 0.058192 -0.414279 -0.273634 0.132666 -0.545984 -0.324333 0.197242 -0.036486 -0.579969 0.289771 -0.081946 -0.690082 0.357525 -0.162460 -0.754597 0.411824 -0.061044 -0.436357 0.394517 -0.121406 -0.544981 0.497871 -0.254427 -0.555250 0.526839 -0.047767 -0.299068 0.418549 -0.094829 -0.390854 0.529685 -0.223738 -0.407874 0.566577 -0.013753 -0.151186 0.426111 -0.029577 -0.200573 0.534747 -0.110806 -0.256270 0.593931 
0.000000 0.000000 0.000000 -0.007876 -0.043743 -0.060402 0.028188 -0.398247 0.178592 0.024346 -0.276480 0.243111 0.019580 -0.170486 0.263813 0.014906 -0.078559 0.268286 -0.262273 -0.177174 0.063390 -0.421458 -0.260668 0.140851 -0.553380 -0.307510 0.207853 -0.048652 -0.578107 0.293336 -0.095092 -0.686810 0.362683 -0.176418 -0.748466 0.419055 -0.065553 -0.430775 0.399909 -0.126698 -0.535718 0.506554 -0.259472 -0.541965 0.537721 -0.047797 -0.294115 0.421578 -0.096111 -0.382765 0.534706 -0.224920 -0.395510 0.573615 -0.011424 -0.148934 0.426212 -0.029547 -0.197374 0.534915 -0.114792 -0.249109 0.592010 
0.000000 0.000000 0.000000 -0.013095 -0.043819 -0.059433 0.015979 -0.397519 0.181697 0.021673 -0.275131 0.244889 0.023480 -0.168847 0.264548 0.023850 -0.076764 0.268160 -0.267772 -0.170005 0.071193 -0.427132 -0.248964 0.152930 -0.559227 -0.291352 0.222507 -0.061518 -0.574015 0.301127 -0.108355 -0.680684 0.373307 -0.190233 -0.739090 0.432282 -0.070077 -0.426303 0.403644 -0.132480 -0.529121 0.511621 -0.264830 -0.530931 0.545078 -0.048386 -0.287951 0.423806 -0.099919 -0.373356 0.538004 -0.228545 -0.380995 0.578807 -0.002780 -0.147914 0.425686 -0.021111 -0.196889 0.534115 -0.109846 -0.244533 0.589426 
0.000000 0.000000 0.000000 -0.015891 -0.043265 -0.059157 0.005278 -0.397993 0.181284 0.016700 -0.275947 0.244360 0.022761 -0.169815 0.263991 0.026544 -0.077809 0.267605 -0.272401 -0.159286 0.077180 -0.432908 -0.231884 0.162491 -0.565107 -0.269027 0.234816 -0.076983 -0.570339 0.303555 -0.126700 -0.674499 0.377453 -0.209492 -0.729719 0.438194 -0.077191 -0.421777 0.406818 -0.141049 -0.520963 0.517311 -0.272617 -0.518052 0.553653 -0.048253 -0.286840 0.425160 -0.099176 -0.370755 0.540729 -0.227050 -0.373273 0.584431 -0.000142 -0.143271 0.427570 -0.018511 -0.188330 0.537677 -0.109546 -0.232397 0.592210 
0.000000 0.000000 0.000000 -0.019778 -0.042719 -0.058377 -0.006578 -0.397166 0.183047 0.012409 -0.275530 0.245085 0.023883 -0.169708 0.263960 0.031913 -0.077954 0.266975 -0.277056 -0.149631 0.083835 -0.438044 -0.216530 0.172821 -0.569948 -0.248895 0.247926 -0.091536 -0.566315 0.307911 -0.142882 -0.668544 0.383375 -0.226286 -0.720415 0.446194 -0.083877 -0.417694 0.409381 -0.149364 -0.514385 0.521125 -0.280027 -0.506283 0.559866 -0.050427 -0.282371 0.426745 -0.103712 -0.363156 0.543472 -0.230851 -0.360638 0.589270 0.004336 -0.143626 0.426703 -0.014646 -0.188829 0.536647 -0.108404 -0.228330 0.590054 
0.000000 0.000000 0.000000 -0.023261 -0.042072 -0.057556 -0.015823 -0.396181 0.184609 0.009773 -0.275210 0.245563 0.025874 -0.169859 0.263675 0.037490 -0.078472 0.266097 -0.280449 -0.138228 0.092292 -0.441380 -0.198397 0.186058 -0.572357 -0.225423 0.264808 -0.103886 -0.559539 0.314914 -0.157108 -0.658269 0.393666 -0.240401 -0.706329 0.459587 -0.087477 -0.409307 0.415959 -0.153621 -0.500512 0.531852 -0.282653 -0.487122 0.574408 -0.047548 -0.276944 0.430576 -0.100197 -0.353731 0.550253 -0.225670 -0.345400 0.599803 0.011166 -0.139576 0.427837 -0.006953 -0.181636 0.539165 -0.103278 -0.215548 0.591840 
0.000000 0.000000 0.000000 -0.027950 -0.040827 -0.056355 -0.028286 -0.394726 0.186230 0.006261 -0.275229 0.245657 0.028624 -0.170855 0.262746 0.045088 -0.080198 0.264398 -0.284375 -0.125165 0.101694 -0.444829 -0.177938 0.200591 -0.574325 -0.199076 0.283482 -0.117749 -0.554354 0.320153 -0.171818 -0.650829 0.401092 -0.254861 -0.695302 0.469788 -0.091879 -0.403518 0.419969 -0.158628 -0.490773 0.538526 -0.285539 -0.471668 0.585086 -0.046043 -0.273026 0.432156 -0.099583 -0.346290 0.553633 -0.223053 -0.332152 0.606768 0.020309 -0.139119 0.427188 0.003254 -0.179676 0.539240 -0.093783 -0.209313 0.593171 
0.000000 0.000000 0.000000 -0.032607 -0.039600 -0.054704 -0.040803 -0.391548 0.190567 0.002712 -0.273727 0.247394 0.031352 -0.170602 0.262599 0.052677 -0.080950 0.262761 -0.285931 -0.112228 0.113812 -0.444446 -0.157675 0.219259 -0.571798 -0.172292 0.306749 -0.131729 -0.546231 0.329224 -0.186683 -0.639717 0.413024 -0.269119 -0.679787 0.485079 -0.092470 -0.396848 0.426993 -0.157207 -0.480588 0.549146 -0.281615 -0.456202 0.599816 -0.039878 -0.269279 0.435524 -0.090954 -0.340037 0.559521 -0.211488 -0.319744 0.617207 0.029032 -0.138111 0.426345 0.012756 -0.177457 0.538943 -0.084217 -0.202064 0.595458 
0.000000 0.000000 0.000000 -0.037020 -0.038228 -0.052839 -0.053245 -0.387269 0.196158 -0.001086 -0.271503 0.249844 0.033637 -0.169945 0.262742 0.059691 -0.081566 0.261065 -0.287597 -0.099920 0.123943 -0.444391 -0.138524 0.234561 -0.569437 -0.146775 0.326116 -0.146213 -0.537666 0.338136 -0.202401 -0.628562 0.423944 -0.283899 -0.664725 0.499067 -0.096656 -0.389495 0.432652 -0.161657 -0.469747 0.556986 -0.283068 -0.439564 0.611647 -0.038309 -0.263328 0.438290 -0.089899 -0.330289 0.564169 -0.207569 -0.304024 0.625258 0.037292 -0.136817 0.425479 0.021873 -0.174848 0.538648 -0.074712 -0.194797 0.597609 
0.000000 0.000000 0.000000 -0.041065 -0.036722 -0.050883 -0.066013 -0.381823 0.202840 -0.005677 -0.268484 0.253024 0.034892 -0.168812 0.263308 0.065533 -0.081983 0.259529 -0.288151 -0.084723 0.134834 -0.442760 -0.114760 0.251043 -0.565270 -0.116257 0.346311 -0.159032 -0.525953 0.351144 -0.215250 -0.613061 0.440775 -0.295815 -0.644647 0.518909 -0.099630 -0.378399 0.441614 -0.163531 -0.453156 0.569881 -0.281948 -0.417241 0.627561 -0.036046 -0.254742 0.443023 -0.086914 -0.316359 0.571890 -0.201404 -0.284064 0.636054 0.045274 -0.132135 0.425844 0.031330 -0.166655 0.540322 -0.064535 -0.181487 0.601910 
0.000000 0.000000 0.000000 -0.043940 -0.035416 -0.049385 -0.076883 -0.376611 0.208671 -0.010433 -0.265491 0.256013 0.034627 -0.167565 0.264139 0.068848 -0.082178 0.258608 -0.287528 -0.070029 0.143781 -0.439950 -0.091688 0.264652 -0.559553 -0.086437 0.363416 -0.172157 -0.514269 0.361620 -0.229738 -0.597466 0.454057 -0.309171 -0.624467 0.535017 -0.104435 -0.368021 0.448694 -0.168370 -0.437754 0.579744 -0.283292 -0.395873 0.640392 -0.034297 -0.249451 0.446506 -0.083719 -0.308168 0.577275 -0.194632 -0.270000 0.644429 0.052775 -0.128966 0.426354 0.041711 -0.161172 0.541817 -0.052890 -0.171076 0.606281 
0.000000 0.000000 0.000000 -0.047966 -0.033286 -0.047066 -0.089457 -0.369483 0.216263 -0.014772 -0.261949 0.259426 0.036149 -0.166724 0.264467 0.074955 -0.083522 0.256470 -0.286248 -0.053145 0.154612 -0.435349 -0.065572 0.280808 -0.551508 -0.053503 0.383026 -0.186004 -0.500655 0.374038 -0.244355 -0.579932 0.469392 -0.322484 -0.602523 0.552930 -0.107699 -0.357376 0.456232 -0.170902 -0.422280 0.590088 -0.281709 -0.374340 0.653829 -0.032425 -0.242218 0.449702 -0.081597 -0.296352 0.582527 -0.188568 -0.252339 0.652441 0.058541 -0.128546 0.424666 0.047243 -0.159536 0.540438 -0.045850 -0.164424 0.607617 
0.000000 0.000000 0.000000 -0.051509 -0.031397 -0.044552 -0.101755 -0.359618 0.227181 -0.019574 -0.255697 0.265279 0.036760 -0.163440 0.266425 0.079838 -0.082745 0.255246 -0.284797 -0.036963 0.163755 -0.430773 -0.040446 0.294101 -0.543139 -0.020939 0.399363 -0.197775 -0.483573 0.390996 -0.255807 -0.558489 0.490001 -0.332012 -0.575789 0.576526 -0.110244 -0.342988 0.466858 -0.171912 -0.402357 0.603960 -0.278303 -0.348012 0.670041 -0.029874 -0.232230 0.454950 -0.077655 -0.281556 0.590134 -0.180095 -0.231042 0.662400 0.065167 -0.122642 0.424890 0.055069 -0.150103 0.541660 -0.036181 -0.149308 0.611487 
0.000000 0.000000 0.000000 -0.053974 -0.029682 -0.042775 -0.112776 -0.350692 0.235769 -0.024968 -0.250116 0.270103 0.035592 -0.160588 0.268311 0.082081 -0.082189 0.254713 -0.280528 -0.020910 0.172730 -0.422291 -0.015422 0.307579 -0.530724 0.011224 0.415371 -0.209498 -0.467598 0.404286 -0.267954 -0.538254 0.506133 -0.342434 -0.551173 0.594896 -0.114015 -0.330186 0.475369 -0.174579 -0.384645 0.614978 -0.276412 -0.324274 0.682984 -0.027587 -0.220633 0.460968 -0.072891 -0.263689 0.599115 -0.170875 -0.207086 0.673028 0.070940 -0.120022 0.425097 0.063271 -0.146064 0.542376 -0.025893 -0.139859 0.614588 
0.000000 0.000000 0.000000 -0.057907 -0.026623 -0.039521 -0.123163 -0.339381 0.246864 -0.027356 -0.244362 0.275093 0.038733 -0.159046 0.268794 0.089469 -0.084063 0.251594 -0.277875 -0.006137 0.181930 -0.415517 0.006682 0.320500 -0.519318 0.039742 0.431040 -0.219577 -0.449728 0.419919 -0.277848 -0.516418 0.524509 -0.349979 -0.524931 0.615711 -0.113450 -0.315861 0.484736 -0.172007 -0.364491 0.627322 -0.269066 -0.298778 0.697327 -0.021669 -0.213538 0.463976 -0.064982 -0.252612 0.603933 -0.157884 -0.190697 0.680116 0.081173 -0.116584 0.423233 0.075462 -0.138969 0.541375 -0.011035 -0.128044 0.616223 
0.000000 0.000000 0.000000 -0.060002 -0.025054 -0.037362 -0.129190 -0.329562 0.256883 -0.028992 -0.237885 0.280548 0.040161 -0.155377 0.270724 0.093265 -0.082791 0.250636 -0.271986 0.008063 0.190261 -0.404631 0.028785 0.332694 -0.503831 0.068102 0.445390 -0.224660 -0.432689 0.434845 -0.282360 -0.495016 0.542401 -0.351976 -0.499279 0.635827 -0.112163 -0.302913 0.493453 -0.168731 -0.347142 0.638258 -0.260887 -0.276497 0.710063 -0.016453 -0.204944 0.468339 -0.057049 -0.240487 0.610041 -0.144940 -0.173563 0.687914 0.087692 -0.112615 0.422873 0.083856 -0.133143 0.541428 0.000131 -0.117495 0.618554 
0.000000 0.000000 0.000000 -0.061780 -0.023347 -0.035525 -0.134972 -0.320684 0.265018 -0.030908 -0.232469 0.284851 0.040984 -0.152752 0.272091 0.096228 -0.082502 0.249609 -0.265855 0.021631 0.197233 -0.393552 0.049776 0.342878 -0.487874 0.094575 0.457697 -0.229019 -0.417321 0.447327 -0.285859 -0.475726 0.557510 -0.352808 -0.476617 0.652957 -0.108331 -0.292261 0.501427 -0.160989 -0.332928 0.648729 -0.248256 -0.258097 0.722377 -0.012956 -0.196090 0.471906 -0.051635 -0.227165 0.615185 -0.134723 -0.155676 0.694265 0.095704 -0.109986 0.422324 0.095344 -0.128904 0.541208 0.014608 -0.109210 0.620561 
0.000000 0.000000 0.000000 -0.063297 -0.021800 -0.033795 -0.138137 -0.313849 0.271491 -0.031009 -0.228652 0.287913 0.042926 -0.151286 0.272610 0.099705 -0.082970 0.248085 -0.260173 0.031070 0.203463 -0.383364 0.064153 0.351923 -0.473071 0.113032 0.468759 -0.231115 -0.405735 0.456780 -0.287309 -0.461269 0.568764 -0.351669 -0.459431 0.665962 -0.105581 -0.283306 0.506834 -0.156301 -0.320477 0.655731 -0.239318 -0.242084 0.730578 -0.007782 -0.193216 0.473568 -0.044143 -0.223282 0.617668 -0.122942 -0.148626 0.698199 0.102364 -0.108182 0.421127 0.104195 -0.125536 0.540235 0.026162 -0.102312 0.621319 
0.000000 0.000000 0.000000 -0.064715 -0.020287 -0.032005 -0.142295 -0.304175 0.280214 -0.032090 -0.222305 0.292725 0.043987 -0.147725 0.274388 0.102418 -0.081783 0.247373 -0.254598 0.043837 0.208159 -0.373414 0.083962 0.358438 -0.458741 0.138113 0.476225 -0.235162 -0.388053 0.469318 -0.291289 -0.438746 0.583607 -0.353165 -0.433381 0.682277 -0.104139 -0.269554 0.514199 -0.153144 -0.301690 0.664833 -0.231717 -0.219205 0.740078 -0.003945 -0.183610 0.477190 -0.038315 -0.209342 0.622611 -0.112375 -0.130364 0.703516 0.107677 -0.105198 0.420607 0.111296 -0.121316 0.539848 0.036061 -0.093936 0.622269 
0.000000 0.000000 0.000000 -0.066352 -0.017977 -0.029969 -0.147456 -0.293621 0.288676 -0.033589 -0.216356 0.296984 0.045054 -0.145375 0.275468 0.105476 -0.082398 0.245879 -0.249126 0.054874 0.213203 -0.363494 0.100459 0.365364 -0.444886 0.159144 0.483763 -0.236860 -0.374332 0.480803 -0.290893 -0.423111 0.596919 -0.350469 -0.415192 0.696825 -0.103050 -0.258248 0.520355 -0.150293 -0.286741 0.672279 -0.224602 -0.200537 0.747688 0.001768 -0.175561 0.480233 -0.029271 -0.197207 0.627062 -0.099200 -0.114718 0.708139 0.112380 -0.102424 0.419481 0.117131 -0.116208 0.538974 0.044200 -0.085292 0.622211 
0.000000 0.000000 0.000000 -0.067264 -0.016562 -0.028725 -0.150831 -0.285746 0.294770 -0.034815 -0.211491 0.300328 0.045367 -0.142949 0.276683 0.106997 -0.082021 0.245347 -0.244064 0.065033 0.216082 -0.354694 0.116091 0.369266 -0.432492 0.178399 0.488228 -0.239680 -0.361298 0.489239 -0.293377 -0.406959 0.606770 -0.351245 -0.396718 0.707466 -0.099342 -0.248941 0.525956 -0.143229 -0.274412 0.679416 -0.213920 -0.185587 0.755259 0.002386 -0.168305 0.482166 -0.028434 -0.186486 0.629511 -0.095140 -0.101211 0.710421 0.117129 -0.099620 0.419054 0.124103 -0.111734 0.538619 0.053389 -0.078065 0.622697 
0.000000 0.000000 0.000000 -0.067841 -0.015600 -0.027894 -0.153580 -0.279026 0.299746 -0.036094 -0.206992 0.303297 0.045180 -0.140335 0.278049 0.107686 -0.081022 0.245378 -0.239639 0.072734 0.218132 -0.347139 0.128008 0.372079 -0.422089 0.193532 0.491141 -0.240340 -0.349713 0.496967 -0.292775 -0.392435 0.616162 -0.349067 -0.379935 0.717494 -0.100401 -0.239035 0.529819 -0.144138 -0.260830 0.683886 -0.212131 -0.169554 0.759285 0.006557 -0.162983 0.484710 -0.021138 -0.179223 0.632900 -0.084673 -0.091605 0.713859 0.119447 -0.096786 0.419158 0.127542 -0.107636 0.538774 0.058684 -0.071582 0.623401 
0.000000 0.000000 0.000000 -0.068228 -0.014895 -0.027330 -0.155530 -0.274219 0.303158 -0.037033 -0.203803 0.305336 0.044998 -0.138511 0.278991 0.108113 -0.080364 0.245407 -0.237632 0.077408 0.218898 -0.343634 0.135167 0.372972 -0.417022 0.202768 0.491847 -0.244017 -0.341756 0.500716 -0.297496 -0.382573 0.620114 -0.353031 -0.368413 0.721645 -0.099812 -0.234702 0.532445 -0.142511 -0.255718 0.686911 -0.208441 -0.163001 0.762383 0.004772 -0.161343 0.485327 -0.024073 -0.177715 0.633282 -0.085822 -0.088809 0.714218 0.120296 -0.096139 0.419156 0.128683 -0.106998 0.538752 0.061177 -0.069862 0.623998 
0.000000 0.000000 0.000000 -0.068010 -0.015416 -0.027583 -0.156236 -0.271968 0.304818 -0.038026 -0.201074 0.307019 0.043906 -0.135713 0.280536 0.106991 -0.077639 0.246771 -0.235162 0.082236 0.218122 -0.339755 0.143340 0.371868 -0.411647 0.213057 0.490434 -0.245164 -0.335051 0.503646 -0.298909 -0.373177 0.623812 -0.353757 -0.357673 0.725520 -0.100914 -0.228538 0.534539 -0.143687 -0.247217 0.689284 -0.208015 -0.153058 0.764353 0.005310 -0.155176 0.487527 -0.022365 -0.169132 0.635952 -0.082448 -0.078685 0.716435 0.120580 -0.092308 0.420514 0.129933 -0.102405 0.540104 0.063678 -0.063783 0.625671 
0.000000 0.000000 0.000000 -0.068984 -0.013265 -0.026250 -0.160250 -0.263550 0.310084 -0.039611 -0.196838 0.309553 0.044076 -0.134639 0.281027 0.108549 -0.079124 0.245617 -0.231366 0.088329 0.221050 -0.332973 0.151900 0.375794 -0.402294 0.223949 0.494497 -0.248124 -0.324164 0.510144 -0.301233 -0.360797 0.631055 -0.354749 -0.343681 0.733213 -0.101761 -0.220601 0.537691 -0.144032 -0.236763 0.692858 -0.205702 -0.140505 0.767494 0.007125 -0.151541 0.488542 -0.019371 -0.163662 0.637343 -0.077125 -0.071358 0.717422 0.123829 -0.092129 0.419351 0.134346 -0.101081 0.538936 0.069622 -0.060271 0.624659 
0.000000 0.000000 0.000000 -0.069375 -0.012475 -0.025601 -0.161011 -0.260058 0.312627 -0.039519 -0.194936 0.310766 0.044727 -0.133966 0.281245 0.109613 -0.079458 0.245036 -0.229051 0.093994 0.221410 -0.328966 0.160615 0.375974 -0.396443 0.234404 0.494669 -0.249268 -0.318158 0.513265 -0.302608 -0.353272 0.634524 -0.355327 -0.335128 0.736918 -0.102091 -0.217110 0.538949 -0.144649 -0.232192 0.694145 -0.204661 -0.134836 0.768708 0.007927 -0.148269 0.488983 -0.018460 -0.158527 0.637944 -0.074336 -0.065029 0.717969 0.123052 -0.090881 0.419033 0.132303 -0.098745 0.538799 0.068556 -0.056690 0.624653 
0.000000 0.000000 0.000000 -0.069928 -0.011301 -0.024624 -0.161628 -0.255620 0.315951 -0.038988 -0.192772 0.312179 0.045971 -0.133508 0.281262 0.111367 -0.080377 0.243943 -0.223458 0.097838 0.225103 -0.319528 0.166130 0.381365 -0.383764 0.241451 0.500895 -0.247160 -0.311153 0.518486 -0.298853 -0.344716 0.640893 -0.349580 -0.325202 0.744039 -0.096341 -0.212814 0.541926 -0.135349 -0.226444 0.698186 -0.192162 -0.127762 0.773508 0.013111 -0.146877 0.489721 -0.010452 -0.156462 0.639200 -0.063364 -0.061670 0.719715 0.129427 -0.092257 0.417491 0.141859 -0.100435 0.536947 0.080494 -0.056932 0.623809 
0.000000 0.000000 0.000000 -0.070613 -0.009476 -0.023408 -0.162231 -0.252854 0.317862 -0.038164 -0.193028 0.312124 0.047666 -0.135746 0.279906 0.113678 -0.084087 0.241615 -0.216694 0.103624 0.229009 -0.308103 0.174396 0.386956 -0.367870 0.251058 0.507942 -0.246218 -0.306161 0.521639 -0.296977 -0.338378 0.644795 -0.345453 -0.318366 0.748924 -0.091931 -0.211722 0.542849 -0.128500 -0.224437 0.699774 -0.181518 -0.124657 0.776405 0.017591 -0.148059 0.488850 -0.003975 -0.156887 0.638675 -0.052943 -0.061031 0.720417 0.133584 -0.097272 0.414867 0.147285 -0.106347 0.534119 0.088502 -0.061865 0.622261 
0.000000 0.000000 0.000000 -0.071141 -0.008057 -0.022313 -0.162376 -0.249447 0.320469 -0.037233 -0.192136 0.312786 0.049228 -0.136604 0.279217 0.115670 -0.086296 0.239884 -0.210926 0.107114 0.232720 -0.298395 0.179181 0.392304 -0.354707 0.256878 0.514282 -0.244277 -0.302818 0.525076 -0.293776 -0.335074 0.648735 -0.340147 -0.314575 0.753723 -0.086967 -0.210028 0.544477 -0.120793 -0.222198 0.702060 -0.170545 -0.121403 0.779547 0.022773 -0.147044 0.488752 0.003803 -0.154530 0.639002 -0.041704 -0.057473 0.721324 0.138213 -0.100916 0.412698 0.153729 -0.110979 0.531648 0.097308 -0.065502 0.620820 
0.000000 0.000000 0.000000 -0.071660 -0.006309 -0.021190 -0.163845 -0.243721 0.324107 -0.037394 -0.189709 0.314245 0.049950 -0.136588 0.279097 0.117061 -0.088197 0.238515 -0.203599 0.114472 0.235423 -0.286159 0.190049 0.395995 -0.338028 0.269794 0.518621 -0.242880 -0.293098 0.530832 -0.290647 -0.322941 0.655772 -0.334522 -0.301064 0.761552 -0.084587 -0.204810 0.546665 -0.116685 -0.215080 0.704743 -0.162364 -0.112676 0.782629 0.026662 -0.147498 0.488983 0.009963 -0.155321 0.639485 -0.031445 -0.056839 0.722278 0.142017 -0.102518 0.411021 0.159195 -0.112376 0.529760 0.105309 -0.064963 0.619490 
0.000000 0.000000 0.000000 -0.072359 -0.003458 -0.019393 -0.165160 -0.237524 0.328017 -0.036967 -0.188512 0.315014 0.051493 -0.138820 0.277712 0.119421 -0.093050 0.235481 -0.196590 0.120443 0.239570 -0.274325 0.197972 0.401612 -0.321635 0.279220 0.525092 -0.242403 -0.283181 0.536269 -0.289087 -0.310775 0.662131 -0.330904 -0.287752 0.768500 -0.080423 -0.202098 0.548255 -0.109979 -0.211338 0.706892 -0.151813 -0.107753 0.785373 0.029595 -0.147288 0.487860 0.013892 -0.153359 0.638550 -0.023721 -0.053592 0.721615 0.146757 -0.107021 0.407655 0.165573 -0.116637 0.526166 0.114257 -0.067960 0.616722 
0.000000 0.000000 0.000000 -0.072597 -0.002681 -0.018613 -0.164305 -0.234996 0.330260 -0.035715 -0.187457 0.315787 0.052895 -0.138840 0.277438 0.120878 -0.093923 0.234389 -0.186492 0.126478 0.242523 -0.257760 0.207297 0.405926 -0.299835 0.290090 0.530271 -0.239116 -0.277542 0.540053 -0.284330 -0.303257 0.666846 -0.323349 -0.279708 0.774159 -0.073725 -0.199270 0.550073 -0.099577 -0.207304 0.709421 -0.136802 -0.102548 0.788666 0.036252 -0.148256 0.488028 0.024317 -0.155007 0.639034 -0.008649 -0.054305 0.722941 0.153187 -0.110773 0.405440 0.175427 -0.122371 0.523178 0.127581 -0.072304 0.614868 
0.000000 0.000000 0.000000 -0.072926 -0.000929 -0.017460 -0.164840 -0.229932 0.333541 -0.035357 -0.185642 0.316898 0.053814 -0.139345 0.277008 0.122201 -0.096249 0.232754 -0.180882 0.130259 0.245183 -0.248434 0.212348 0.409528 -0.285914 0.295884 0.534843 -0.237530 -0.272218 0.544131 -0.281462 -0.297775 0.671406 -0.318106 -0.274155 0.779537 -0.070494 -0.197602 0.551625 -0.094392 -0.205738 0.711272 -0.127401 -0.100104 0.791218 0.040255 -0.150963 0.487709 0.030532 -0.159294 0.638794 0.001934 -0.057809 0.723357 0.156401 -0.114049 0.403340 0.179941 -0.126302 0.520758 0.134910 -0.075208 0.613304 
0.000000 0.000000 0.000000 -0.073270 0.001854 -0.015873 -0.166177 -0.223767 0.337052 -0.035497 -0.184412 0.317600 0.054482 -0.141503 0.275781 0.123479 -0.101000 0.230050 -0.173451 0.134649 0.249033 -0.236137 0.217744 0.414795 -0.269167 0.302048 0.540845 -0.236000 -0.264378 0.548938 -0.278199 -0.288922 0.676996 -0.312658 -0.265057 0.785790 -0.067470 -0.195730 0.552810 -0.089217 -0.203428 0.712786 -0.118523 -0.097063 0.793204 0.043304 -0.150942 0.486730 0.035289 -0.157710 0.637994 0.010336 -0.055415 0.722736 0.159570 -0.119636 0.400157 0.184411 -0.132464 0.517245 0.141897 -0.080633 0.610569 
0.000000 0.000000 0.000000 -0.073458 0.003133 -0.014765 -0.164869 -0.221778 0.339003 -0.033847 -0.184589 0.317677 0.056208 -0.143101 0.274607 0.125188 -0.103655 0.227936 -0.162706 0.139078 0.252443 -0.218552 0.224143 0.419645 -0.245608 0.309021 0.546730 -0.232238 -0.258719 0.552350 -0.272955 -0.281046 0.681291 -0.304211 -0.257659 0.791151 -0.061041 -0.195703 0.553498 -0.079537 -0.203263 0.713889 -0.103365 -0.096496 0.795575 0.049720 -0.153719 0.485697 0.045069 -0.161333 0.637061 0.025654 -0.058692 0.722827 0.164011 -0.126385 0.396940 0.190734 -0.142030 0.513269 0.152124 -0.089438 0.607854 
0.000000 0.000000 0.000000 -0.073627 0.006807 -0.012515 -0.165297 -0.213367 0.344154 -0.033294 -0.182769 0.318785 0.057362 -0.145823 0.272931 0.126767 -0.109860 0.224125 -0.149840 0.146574 0.256749 -0.197529 0.234031 0.425237 -0.217118 0.320350 0.552721 -0.229247 -0.248101 0.558919 -0.267896 -0.269093 0.688717 -0.296570 -0.246065 0.799355 -0.054981 -0.192817 0.555224 -0.069732 -0.199651 0.716035 -0.087862 -0.092204 0.798290 0.055884 -0.155944 0.484140 0.054824 -0.163201 0.635590 0.041300 -0.059948 0.721752 0.169363 -0.135167 0.391849 0.198683 -0.152586 0.507297 0.163799 -0.099338 0.602957 
0.000000 0.000000 0.000000 -0.073636 0.007608 -0.011988 -0.165135 -0.210585 0.345940 -0.032987 -0.181550 0.319513 0.057737 -0.145753 0.272890 0.127180 -0.110705 0.223474 -0.140518 0.149369 0.258709 -0.182369 0.238073 0.428094 -0.196906 0.324786 0.555986 -0.226380 -0.242362 0.561948 -0.263395 -0.261566 0.692497 -0.289577 -0.238739 0.803792 -0.051275 -0.191812 0.556230 -0.063714 -0.198792 0.717230 -0.077494 -0.091043 0.799932 0.058636 -0.157983 0.483990 0.059281 -0.166752 0.635362 0.050106 -0.063317 0.721878 0.172075 -0.138189 0.390254 0.202978 -0.157107 0.505051 0.170889 -0.102940 0.601173 
0.000000 0.000000 0.000000 -0.073620 0.010026 -0.010170 -0.163423 -0.206092 0.349442 -0.031084 -0.181284 0.319855 0.059595 -0.148317 0.271103 0.128916 -0.115402 0.220078 -0.128866 0.153132 0.262438 -0.163434 0.242678 0.433018 -0.171819 0.329296 0.561525 -0.219420 -0.235966 0.567139 -0.253264 -0.254021 0.698709 -0.275616 -0.231353 0.810868 -0.043845 -0.190276 0.556985 -0.052526 -0.196392 0.718267 -0.060410 -0.088414 0.801441 0.066264 -0.161614 0.482035 0.071046 -0.171149 0.633286 0.067809 -0.067756 0.720278 0.177704 -0.145311 0.385340 0.211285 -0.165897 0.499093 0.183687 -0.110945 0.596159 
0.000000 0.000000 0.000000 -0.073516 0.012022 -0.008643 -0.161565 -0.200570 0.353495 -0.029252 -0.179497 0.321034 0.061241 -0.149171 0.270266 0.130342 -0.118315 0.217678 -0.118347 0.158141 0.264277 -0.146400 0.249573 0.435053 -0.148700 0.336997 0.563266 -0.214833 -0.228366 0.572150 -0.247026 -0.245165 0.704299 -0.266738 -0.222244 0.816901 -0.034553 -0.188954 0.558430 -0.038159 -0.195386 0.719892 -0.040321 -0.087166 0.803098 0.073238 -0.162800 0.480941 0.081841 -0.172573 0.632008 0.084323 -0.068999 0.718809 0.181256 -0.150686 0.381831 0.216301 -0.172967 0.494821 0.192281 -0.117401 0.592487 
0.000000 0.000000 0.000000 -0.073219 0.014451 -0.007355 -0.161722 -0.194067 0.357036 -0.029391 -0.177521 0.322118 0.061128 -0.150381 0.269621 0.130252 -0.121999 0.215689 -0.112569 0.160111 0.266654 -0.137192 0.251256 0.438111 -0.136593 0.338693 0.566335 -0.212697 -0.222525 0.576152 -0.243505 -0.239724 0.708579 -0.261570 -0.216792 0.821455 -0.035315 -0.186695 0.559510 -0.039345 -0.192935 0.720970 -0.038888 -0.084548 0.803985 0.073616 -0.162905 0.480336 0.082572 -0.171885 0.631432 0.087813 -0.068110 0.717868 0.181293 -0.154047 0.379866 0.216426 -0.176105 0.492872 0.194355 -0.119800 0.590574 
0.000000 0.000000 0.000000 -0.073224 0.014223 -0.007738 -0.162726 -0.192547 0.357402 -0.030292 -0.175852 0.322948 0.060377 -0.148765 0.270684 0.129655 -0.120500 0.216888 -0.109360 0.163411 0.264811 -0.131971 0.256763 0.435355 -0.129836 0.345046 0.562982 -0.212295 -0.215117 0.577524 -0.242253 -0.228758 0.710560 -0.259217 -0.204844 0.823402 -0.035282 -0.182591 0.560444 -0.038676 -0.187174 0.721974 -0.036386 -0.078465 0.804536 0.073520 -0.160298 0.481416 0.082945 -0.168569 0.632524 0.090093 -0.064466 0.718428 0.181590 -0.153196 0.380657 0.217337 -0.175701 0.493382 0.196619 -0.118772 0.591019 
0.000000 0.000000 0.000000 -0.072934 0.016019 -0.006923 -0.163409 -0.188531 0.359227 -0.030998 -0.175091 0.323295 0.059721 -0.150234 0.270017 0.129068 -0.123673 0.215448 -0.106965 0.164297 0.266393 -0.128260 0.257080 0.437417 -0.124715 0.345414 0.564976 -0.213611 -0.212719 0.579033 -0.243951 -0.227338 0.711878 -0.260637 -0.203363 0.824749 -0.035859 -0.182550 0.560771 -0.039166 -0.187623 0.722289 -0.035128 -0.078965 0.804850 0.072238 -0.162453 0.480749 0.081214 -0.171215 0.631856 0.089903 -0.067432 0.718004 0.180332 -0.155817 0.379536 0.215619 -0.177943 0.492481 0.195463 -0.120972 0.590211 
0.000000 0.000000 0.000000 -0.072913 0.016129 -0.006891 -0.163541 -0.188332 0.359271 -0.031125 -0.175087 0.323285 0.059608 -0.150359 0.269973 0.128972 -0.123895 0.215377 -0.106155 0.164830 0.266293 -0.126956 0.257877 0.437234 -0.123221 0.346346 0.564694 -0.213424 -0.212580 0.579143 -0.243573 -0.227235 0.712028 -0.260148 -0.203488 0.824964 -0.034023 -0.182094 0.560807 -0.035994 -0.186860 0.722356 -0.031534 -0.078261 0.804973 0.073739 -0.161751 0.480648 0.083871 -0.169919 0.631716 0.092981 -0.066076 0.717749 0.180578 -0.155936 0.379378 0.216100 -0.177991 0.492264 0.196237 -0.121054 0.590073 
0.000000 0.000000 0.000000 -0.072983 0.015467 -0.007624 -0.165561 -0.190717 0.357081 -0.032901 -0.176153 0.322529 0.058155 -0.150453 0.270237 0.127842 -0.123212 0.216440 -0.109690 0.162874 0.265817 -0.132660 0.255112 0.436918 -0.130932 0.343573 0.564427 -0.217898 -0.214979 0.576381 -0.249530 -0.229642 0.708919 -0.267364 -0.206286 0.821745 -0.038238 -0.184172 0.559977 -0.041868 -0.189627 0.721475 -0.039104 -0.081360 0.804601 0.070331 -0.163535 0.480937 0.079062 -0.172915 0.632022 0.086770 -0.069529 0.718740 0.179287 -0.155775 0.380389 0.214698 -0.178188 0.493239 0.193706 -0.122209 0.591365 
0.000000 0.000000 0.000000 -0.073149 0.013171 -0.009984 -0.170844 -0.195093 0.352195 -0.037668 -0.176470 0.321833 0.054165 -0.148047 0.272387 0.124649 -0.118752 0.220752 -0.123620 0.160669 0.261204 -0.155203 0.252964 0.430896 -0.160631 0.342180 0.557773 -0.228584 -0.221592 0.569874 -0.263480 -0.237608 0.701433 -0.285723 -0.214106 0.813442 -0.051181 -0.183445 0.558990 -0.060371 -0.188189 0.720290 -0.063849 -0.079510 0.802850 0.058317 -0.159599 0.483486 0.061294 -0.167883 0.634858 0.062722 -0.063984 0.721292 0.171684 -0.149349 0.386396 0.204059 -0.170409 0.500412 0.178291 -0.114891 0.597659 
0.000000 0.000000 0.000000 -0.073030 0.009929 -0.013854 -0.180301 -0.197908 0.345853 -0.046643 -0.174010 0.321997 0.046326 -0.142309 0.276854 0.118069 -0.110671 0.228435 -0.148566 0.157808 0.251236 -0.195831 0.250341 0.417111 -0.214132 0.340972 0.541763 -0.248807 -0.225193 0.560288 -0.290211 -0.241683 0.689887 -0.319883 -0.216597 0.799812 -0.072349 -0.177922 0.558214 -0.089833 -0.180582 0.718874 -0.104995 -0.071050 0.798951 0.039622 -0.149097 0.488095 0.034816 -0.153964 0.639568 0.025171 -0.048826 0.723953 0.156299 -0.132978 0.397631 0.182614 -0.148333 0.514091 0.147711 -0.092542 0.608284 
0.000000 0.000000 0.000000 -0.072464 0.005197 -0.018596 -0.189494 -0.205913 0.336129 -0.056326 -0.173857 0.320528 0.037199 -0.136754 0.280999 0.109799 -0.101079 0.236851 -0.179053 0.149914 0.237416 -0.245749 0.240468 0.397612 -0.281322 0.330734 0.518746 -0.270929 -0.236335 0.545564 -0.320146 -0.254721 0.672140 -0.359640 -0.228241 0.778593 -0.100002 -0.176671 0.554107 -0.129708 -0.178585 0.712973 -0.160103 -0.069706 0.789530 0.014822 -0.139399 0.491252 -0.001224 -0.141295 0.642015 -0.026559 -0.036227 0.723175 0.136104 -0.114298 0.409245 0.154210 -0.123397 0.527907 0.108435 -0.069030 0.618196 
0.000000 0.000000 0.000000 -0.071253 -0.000578 -0.023378 -0.194784 -0.218685 0.324848 -0.063777 -0.176360 0.317753 0.028992 -0.132212 0.284123 0.101362 -0.091146 0.244518 -0.206425 0.137029 0.222872 -0.291006 0.223134 0.376960 -0.342070 0.310840 0.494378 -0.287073 -0.254827 0.528801 -0.342850 -0.276671 0.652064 -0.391168 -0.248884 0.754467 -0.123433 -0.178365 0.547778 -0.164008 -0.179728 0.704228 -0.208453 -0.072734 0.776451 -0.006388 -0.134141 0.492589 -0.031758 -0.135525 0.642073 -0.071094 -0.032169 0.719779 0.117664 -0.100492 0.418395 0.128885 -0.106925 0.538078 0.073282 -0.056191 0.624897 
0.000000 0.000000 0.000000 -0.068761 -0.007541 -0.028966 -0.198290 -0.235474 0.310682 -0.071815 -0.180698 0.313573 0.018677 -0.127891 0.286952 0.089707 -0.080143 0.252786 -0.237018 0.117524 0.203186 -0.342303 0.195781 0.348451 -0.411766 0.278655 0.459778 -0.303108 -0.280538 0.506648 -0.366456 -0.307773 0.625085 -0.425602 -0.279511 0.721501 -0.149335 -0.189136 0.538059 -0.202059 -0.194874 0.690741 -0.263328 -0.092571 0.757221 -0.033701 -0.131853 0.491780 -0.071259 -0.134693 0.638654 -0.127627 -0.035532 0.711166 0.093010 -0.085541 0.427561 0.095284 -0.089257 0.547862 0.028187 -0.044075 0.629469 
0.000000 0.000000 0.000000 -0.065459 -0.013881 -0.033857 -0.196398 -0.255953 0.295307 -0.076331 -0.189298 0.307371 0.010319 -0.127823 0.287404 0.078676 -0.073193 0.258503 -0.262148 0.092543 0.184853 -0.385223 0.159136 0.321707 -0.470816 0.233829 0.427451 -0.311603 -0.312297 0.482319 -0.381229 -0.346350 0.595343 -0.450155 -0.319634 0.685502 -0.168197 -0.206805 0.525840 -0.230678 -0.218711 0.674430 -0.306920 -0.123245 0.735362 -0.056072 -0.136624 0.487974 -0.103678 -0.142936 0.631796 -0.175208 -0.050380 0.699508 0.067195 -0.079353 0.432907 0.059292 -0.083594 0.552952 -0.016661 -0.047094 0.631067 
0.000000 0.000000 0.000000 -0.060850 -0.020238 -0.038880 -0.192574 -0.275450 0.279880 -0.081120 -0.197152 0.301144 0.000247 -0.127233 0.287850 0.064866 -0.065923 0.264230 -0.283749 0.063905 0.163807 -0.423225 0.116556 0.290635 -0.523774 0.180994 0.389754 -0.316929 -0.346777 0.455574 -0.392085 -0.389885 0.561759 -0.471524 -0.365475 0.643532 -0.188428 -0.224863 0.511362 -0.261412 -0.243709 0.654340 -0.352458 -0.156545 0.706804 -0.082481 -0.145543 0.481589 -0.141802 -0.158671 0.620511 -0.228259 -0.074719 0.681710 0.039518 -0.072816 0.437136 0.022070 -0.077560 0.556150 -0.060839 -0.052078 0.631514 
0.000000 0.000000 0.000000 -0.054111 -0.027694 -0.043919 -0.181861 -0.296556 0.265088 -0.083282 -0.205026 0.295239 -0.010263 -0.125607 0.288381 0.048201 -0.056825 0.269849 -0.301486 0.032548 0.137803 -0.456277 0.070243 0.251513 -0.571820 0.123081 0.340647 -0.312066 -0.377710 0.432064 -0.390758 -0.426757 0.532979 -0.479408 -0.407914 0.606323 -0.204436 -0.245835 0.495565 -0.286839 -0.273591 0.631815 -0.391465 -0.197250 0.674997 -0.105958 -0.150959 0.475233 -0.174578 -0.169138 0.609217 -0.274893 -0.095279 0.661655 0.011364 -0.064532 0.440641 -0.013993 -0.069837 0.558201 -0.104475 -0.053154 0.627032 
0.000000 0.000000 0.000000 -0.046719 -0.033731 -0.047994 -0.165331 -0.317901 0.250788 -0.081200 -0.215365 0.288378 -0.017962 -0.127699 0.287083 0.033083 -0.052272 0.273028 -0.312360 -0.002344 0.114167 -0.478581 0.017296 0.215637 -0.605510 0.056123 0.296063 -0.296955 -0.415571 0.407491 -0.376506 -0.474600 0.502198 -0.472215 -0.464830 0.568058 -0.210539 -0.270049 0.480095 -0.298508 -0.307242 0.610489 -0.413898 -0.243382 0.645793 -0.121574 -0.166499 0.467285 -0.195870 -0.194320 0.596501 -0.307066 -0.132459 0.642071 -0.012795 -0.064278 0.441365 -0.044374 -0.072541 0.557234 -0.139842 -0.066184 0.620864 
0.000000 0.000000 0.000000 -0.037079 -0.039452 -0.051890 -0.146734 -0.336781 0.237356 -0.080573 -0.224259 0.281697 -0.029321 -0.129154 0.285492 0.012719 -0.047752 0.275552 -0.316871 -0.038248 0.087971 -0.491947 -0.037494 0.175487 -0.627750 -0.013762 0.246769 -0.281822 -0.451876 0.378510 -0.363466 -0.521436 0.463820 -0.466227 -0.520114 0.518878 -0.218732 -0.298390 0.460278 -0.312700 -0.348809 0.581738 -0.437170 -0.297940 0.605376 -0.142196 -0.188214 0.454267 -0.223134 -0.230564 0.575289 -0.343952 -0.182551 0.612245 -0.042018 -0.073774 0.439604 -0.079695 -0.091686 0.552524 -0.176546 -0.099399 0.613871 
0.000000 0.000000 0.000000 -0.028226 -0.043298 -0.054337 -0.129421 -0.349993 0.228134 -0.079508 -0.230956 0.276542 -0.039139 -0.130916 0.283506 -0.005297 -0.045515 0.276173 -0.315719 -0.067965 0.066433 -0.495614 -0.083401 0.142003 -0.637748 -0.072750 0.203413 -0.261165 -0.480006 0.359132 -0.340787 -0.558582 0.438304 -0.447376 -0.566008 0.484960 -0.221430 -0.319112 0.445542 -0.317957 -0.379071 0.560486 -0.448089 -0.340265 0.574594 -0.156622 -0.199534 0.445379 -0.240864 -0.248737 0.561452 -0.368167 -0.213254 0.589789 -0.065573 -0.075845 0.437521 -0.107062 -0.096723 0.548579 -0.202543 -0.115194 0.609779 
0.000000 0.000000 0.000000 -0.019145 -0.046264 -0.055830 -0.109274 -0.360852 0.221666 -0.076158 -0.236997 0.272341 -0.047243 -0.133210 0.281193 -0.022133 -0.044728 0.275464 -0.311046 -0.097846 0.044065 -0.493699 -0.130123 0.106573 -0.639917 -0.132141 0.158564 -0.240057 -0.502132 0.341482 -0.319099 -0.587518 0.413895 -0.427644 -0.604409 0.452957 -0.220445 -0.341975 0.429298 -0.318580 -0.413374 0.536051 -0.452427 -0.386988 0.541367 -0.166357 -0.216065 0.435013 -0.251769 -0.275478 0.545312 -0.383284 -0.252368 0.566232 -0.090504 -0.081849 0.432097 -0.137565 -0.107400 0.539910 -0.231161 -0.135412 0.600395 
0.000000 0.000000 0.000000 -0.009437 -0.048332 -0.056559 -0.090593 -0.368814 0.216933 -0.074782 -0.241899 0.268384 -0.057480 -0.135634 0.278111 -0.041129 -0.045074 0.273218 -0.301871 -0.122473 0.026094 -0.484858 -0.168865 0.077813 -0.633267 -0.182282 0.121190 -0.218079 -0.520610 0.327048 -0.295127 -0.612352 0.393599 -0.404455 -0.638307 0.424696 -0.218917 -0.361903 0.414324 -0.316949 -0.443524 0.513583 -0.452528 -0.427692 0.510943 -0.177501 -0.231106 0.423692 -0.263564 -0.299564 0.528082 -0.397600 -0.288366 0.541380 -0.111694 -0.088702 0.427177 -0.160266 -0.118732 0.533150 -0.249761 -0.155532 0.595114 
0.000000 0.000000 0.000000 -0.002778 -0.049027 -0.056679 -0.076951 -0.373663 0.213880 -0.073014 -0.245814 0.265296 -0.063755 -0.138572 0.275280 -0.053508 -0.047103 0.270720 -0.293541 -0.143059 0.010115 -0.475481 -0.201898 0.051911 -0.624720 -0.225069 0.087655 -0.199737 -0.536304 0.313337 -0.273945 -0.634601 0.373446 -0.382772 -0.668523 0.397920 -0.216182 -0.377409 0.401898 -0.313556 -0.466912 0.494807 -0.449643 -0.460946 0.485628 -0.183373 -0.245440 0.413065 -0.269147 -0.322070 0.511865 -0.404079 -0.321500 0.519678 -0.126399 -0.097943 0.421347 -0.176572 -0.132938 0.525026 -0.261363 -0.176245 0.589353 
0.000000 0.000000 0.000000 0.003328 -0.049060 -0.056621 -0.063068 -0.378074 0.210649 -0.070142 -0.250282 0.261871 -0.068454 -0.142672 0.272039 -0.064006 -0.050724 0.267771 -0.283636 -0.162290 -0.004884 -0.463200 -0.233141 0.027489 -0.612047 -0.266324 0.056305 -0.180497 -0.549666 0.301129 -0.251467 -0.653372 0.355813 -0.358754 -0.694959 0.374612 -0.210271 -0.393518 0.389628 -0.305578 -0.490939 0.476520 -0.441192 -0.494239 0.461117 -0.186552 -0.258982 0.403334 -0.271235 -0.342384 0.497481 -0.406053 -0.351788 0.499423 -0.140342 -0.109750 0.413630 -0.192886 -0.150380 0.514028 -0.274551 -0.200097 0.577763 
0.000000 0.000000 0.000000 0.009736 -0.048867 -0.056046 -0.047722 -0.380958 0.209484 -0.066376 -0.253828 0.259428 -0.072718 -0.146334 0.268969 -0.074456 -0.054313 0.264344 -0.271761 -0.179283 -0.016074 -0.447903 -0.260889 0.008937 -0.595455 -0.302881 0.032430 -0.155247 -0.561522 0.294662 -0.220233 -0.670649 0.346141 -0.325319 -0.718989 0.360747 -0.201186 -0.407414 0.380721 -0.292876 -0.511874 0.463218 -0.427421 -0.523315 0.443066 -0.186432 -0.272750 0.394676 -0.267971 -0.363398 0.484815 -0.401909 -0.381351 0.482267 -0.150096 -0.119134 0.408090 -0.202161 -0.163751 0.507034 -0.280651 -0.218486 0.570646 
0.000000 0.000000 0.000000 0.015653 -0.047944 -0.055500 -0.032588 -0.383926 0.206953 -0.062002 -0.258458 0.255915 -0.075883 -0.151647 0.265125 -0.083466 -0.059926 0.260410 -0.259002 -0.194717 -0.026026 -0.430863 -0.286558 -0.007583 -0.576566 -0.336665 0.011040 -0.134364 -0.571127 0.284527 -0.195874 -0.684266 0.331410 -0.298466 -0.738674 0.341789 -0.190135 -0.422326 0.370822 -0.277283 -0.533779 0.448976 -0.410325 -0.552704 0.424871 -0.185364 -0.286268 0.385976 -0.263867 -0.382800 0.472633 -0.396273 -0.409169 0.466194 -0.158898 -0.130834 0.401366 -0.210819 -0.179640 0.498388 -0.285331 -0.239199 0.562450 
0.000000 0.000000 0.000000 0.020329 -0.046710 -0.055035 -0.016113 -0.385947 0.205124 -0.054635 -0.262661 0.253301 -0.075235 -0.156915 0.262228 -0.088182 -0.065802 0.257420 -0.247983 -0.205677 -0.030862 -0.415875 -0.305149 -0.015736 -0.559347 -0.362154 0.000177 -0.111016 -0.578109 0.279199 -0.168372 -0.694247 0.323969 -0.268195 -0.753945 0.332004 -0.178099 -0.432251 0.364972 -0.262071 -0.547596 0.440924 -0.393617 -0.573235 0.414895 -0.178891 -0.297612 0.381281 -0.253220 -0.398500 0.466648 -0.383870 -0.432101 0.458314 -0.160850 -0.138360 0.398986 -0.210869 -0.188304 0.496429 -0.280483 -0.251057 0.562904 
0.000000 0.000000 0.000000 0.024343 -0.045280 -0.054599 -0.000894 -0.387234 0.203322 -0.047348 -0.266439 0.250810 -0.073876 -0.162003 0.259506 -0.091594 -0.071700 0.254639 -0.237314 -0.215602 -0.035297 -0.401042 -0.322178 -0.023218 -0.542274 -0.384864 -0.008705 -0.087797 -0.585045 0.272161 -0.140319 -0.704596 0.313765 -0.237434 -0.768843 0.319599 -0.161585 -0.445440 0.357500 -0.239283 -0.567186 0.430064 -0.369368 -0.598342 0.402742 -0.171113 -0.309781 0.375352 -0.240839 -0.415747 0.458421 -0.369299 -0.456755 0.449232 -0.157709 -0.150072 0.396318 -0.203217 -0.204017 0.493838 -0.266209 -0.268982 0.564653 
0.000000 0.000000 0.000000 0.026474 -0.044180 -0.054508 0.009804 -0.387995 0.201628 -0.041226 -0.269053 0.249095 -0.071348 -0.165609 0.257933 -0.092036 -0.075928 0.253250 -0.229379 -0.223409 -0.038305 -0.389475 -0.335559 -0.028166 -0.528849 -0.402355 -0.014018 -0.070625 -0.590387 0.264787 -0.119234 -0.712707 0.302958 -0.214180 -0.780250 0.306989 -0.148609 -0.454727 0.351410 -0.221644 -0.581013 0.420997 -0.350485 -0.616593 0.393187 -0.161594 -0.319379 0.371617 -0.226305 -0.429643 0.453134 -0.352753 -0.476524 0.444119 -0.154946 -0.157471 0.394598 -0.198247 -0.213599 0.491891 -0.254644 -0.278869 0.567802 
0.000000 0.000000 0.000000 0.026775 -0.043701 -0.054747 0.018377 -0.387784 0.201436 -0.034325 -0.269763 0.249374 -0.066186 -0.166866 0.258498 -0.088490 -0.077564 0.254017 -0.223293 -0.230743 -0.036647 -0.379770 -0.347782 -0.025321 -0.517210 -0.418256 -0.010146 -0.052883 -0.593194 0.265846 -0.095951 -0.717338 0.304774 -0.188771 -0.787779 0.308748 -0.132838 -0.459938 0.352344 -0.199840 -0.589284 0.422379 -0.327678 -0.628903 0.395417 -0.147990 -0.325252 0.372234 -0.206649 -0.438824 0.453789 -0.331132 -0.490876 0.445882 -0.147343 -0.160144 0.396506 -0.187853 -0.216985 0.494583 -0.237874 -0.281782 0.575221 
0.000000 0.000000 0.000000 0.030138 -0.042691 -0.053787 0.032350 -0.385176 0.204653 -0.027111 -0.269555 0.250485 -0.064114 -0.168270 0.258110 -0.090597 -0.080183 0.252456 -0.215694 -0.235094 -0.033940 -0.369520 -0.355487 -0.021522 -0.505405 -0.428345 -0.003803 -0.035287 -0.592767 0.265903 -0.076165 -0.718229 0.302920 -0.167384 -0.790734 0.306824 -0.119705 -0.462838 0.353160 -0.182682 -0.594298 0.422993 -0.309578 -0.637525 0.397146 -0.140303 -0.328953 0.372520 -0.194935 -0.444174 0.454559 -0.317327 -0.501130 0.447900 -0.143228 -0.162030 0.397774 -0.179456 -0.218366 0.497800 -0.223040 -0.282268 0.582770 
0.000000 0.000000 0.000000 0.029833 -0.042572 -0.054051 0.042115 -0.383247 0.206490 -0.018328 -0.268268 0.252653 -0.056783 -0.167527 0.260301 -0.084751 -0.079907 0.254565 -0.210484 -0.241244 -0.029091 -0.360859 -0.365561 -0.013473 -0.494923 -0.440812 0.007761 -0.017426 -0.593072 0.268529 -0.053411 -0.719884 0.306023 -0.142482 -0.794954 0.310917 -0.104095 -0.462729 0.358970 -0.162430 -0.594990 0.431280 -0.287959 -0.643125 0.407518 -0.125453 -0.329567 0.377524 -0.174693 -0.445760 0.461580 -0.294500 -0.508170 0.457197 -0.132696 -0.163026 0.400780 -0.165698 -0.220238 0.501422 -0.202163 -0.283178 0.590371 
0.000000 0.000000 0.000000 0.031980 -0.041627 -0.053557 0.056236 -0.379954 0.209195 -0.009245 -0.267290 0.254181 -0.051870 -0.168174 0.260908 -0.083374 -0.081816 0.254413 -0.204078 -0.244685 -0.023717 -0.351787 -0.371746 -0.005044 -0.483776 -0.449453 0.020003 0.001082 -0.590725 0.272074 -0.032252 -0.718110 0.310076 -0.119863 -0.794891 0.314778 -0.086514 -0.465513 0.360066 -0.139068 -0.600332 0.432082 -0.263375 -0.652126 0.409616 -0.112590 -0.332830 0.378872 -0.156130 -0.450898 0.463459 -0.273290 -0.518244 0.461029 -0.123901 -0.163476 0.403663 -0.151796 -0.219685 0.506394 -0.181290 -0.281409 0.598716 
0.000000 0.000000 0.000000 0.032912 -0.041305 -0.053241 0.066429 -0.376377 0.212645 -0.001810 -0.265000 0.256727 -0.046943 -0.166948 0.262623 -0.080662 -0.081489 0.255390 -0.197163 -0.250635 -0.020180 -0.341128 -0.381620 0.000508 -0.471085 -0.461556 0.028936 0.018903 -0.588995 0.275532 -0.009821 -0.717496 0.313539 -0.096188 -0.795672 0.318274 -0.070756 -0.465139 0.364733 -0.117650 -0.601262 0.438191 -0.240703 -0.656614 0.417375 -0.098611 -0.333166 0.382689 -0.135660 -0.452354 0.468783 -0.250245 -0.524037 0.468915 -0.114741 -0.164761 0.405360 -0.138199 -0.222078 0.508586 -0.162073 -0.282365 0.603447 
0.000000 0.000000 0.000000 0.033068 -0.041266 -0.053174 0.073774 -0.373541 0.215208 0.004271 -0.262810 0.258940 -0.042256 -0.165385 0.264402 -0.077294 -0.080497 0.256743 -0.194987 -0.252061 -0.015719 -0.337689 -0.383962 0.007718 -0.466312 -0.464906 0.039200 0.029108 -0.586687 0.278407 0.002114 -0.715506 0.316603 -0.083697 -0.794238 0.322164 -0.061496 -0.463368 0.368145 -0.106226 -0.599776 0.442420 -0.228750 -0.656759 0.422926 -0.089716 -0.331589 0.386212 -0.123748 -0.450767 0.473557 -0.236770 -0.524860 0.475594 -0.110068 -0.159997 0.409032 -0.132627 -0.214719 0.513855 -0.153007 -0.273266 0.610602 
0.000000 0.000000 0.000000 0.034279 -0.041086 -0.052543 0.081596 -0.369162 0.219890 0.009293 -0.259609 0.262019 -0.039548 -0.163257 0.266138 -0.076549 -0.079318 0.257333 -0.190937 -0.253843 -0.009435 -0.331864 -0.386972 0.017538 -0.459461 -0.468150 0.052408 0.038285 -0.581824 0.285613 0.012108 -0.710350 0.325334 -0.073585 -0.789127 0.331967 -0.054391 -0.458644 0.375173 -0.097705 -0.594016 0.452133 -0.219759 -0.652527 0.434286 -0.081734 -0.328328 0.391380 -0.111983 -0.446694 0.481187 -0.223774 -0.522511 0.485954 -0.105202 -0.158339 0.410698 -0.124924 -0.212730 0.516263 -0.142038 -0.269976 0.614411 
0.000000 0.000000 0.000000 0.033266 -0.041881 -0.052567 0.083357 -0.366852 0.223072 0.012220 -0.256457 0.264986 -0.036115 -0.159834 0.268691 -0.072869 -0.075833 0.259443 -0.190286 -0.255358 -0.004627 -0.330171 -0.388938 0.025371 -0.457168 -0.469710 0.063244 0.042088 -0.578986 0.291747 0.017146 -0.707194 0.333253 -0.068526 -0.785926 0.340647 -0.045524 -0.456686 0.379217 -0.084798 -0.592869 0.456911 -0.206529 -0.652630 0.441114 -0.076247 -0.324127 0.395620 -0.105024 -0.441935 0.486636 -0.215527 -0.519440 0.493720 -0.097607 -0.154702 0.413566 -0.114635 -0.208989 0.519652 -0.128060 -0.264484 0.619368 
0.000000 0.000000 0.000000 0.034365 -0.041686 -0.052012 0.087639 -0.363879 0.226277 0.014362 -0.254391 0.266864 -0.035588 -0.158557 0.269517 -0.073648 -0.075242 0.259395 -0.189126 -0.254562 -0.001200 -0.328972 -0.387766 0.030595 -0.455695 -0.467893 0.070689 0.045796 -0.576065 0.294441 0.020506 -0.704305 0.335637 -0.065626 -0.782519 0.343181 -0.045375 -0.453210 0.382522 -0.086005 -0.588435 0.461186 -0.207566 -0.648786 0.446356 -0.072797 -0.322773 0.397432 -0.099478 -0.440526 0.489155 -0.209012 -0.519152 0.498558 -0.097069 -0.150995 0.415277 -0.113190 -0.203137 0.522574 -0.124057 -0.257001 0.623488 
0.000000 0.000000 0.000000 0.033019 -0.042295 -0.052390 0.086870 -0.364057 0.226288 0.015582 -0.253535 0.267609 -0.033159 -0.157094 0.270681 -0.070369 -0.073362 0.260840 -0.190464 -0.254501 0.001189 -0.330304 -0.387285 0.034715 -0.456870 -0.466963 0.076180 0.046725 -0.575730 0.297021 0.022463 -0.703659 0.339770 -0.063605 -0.781851 0.348225 -0.042339 -0.452211 0.384431 -0.081733 -0.587339 0.463887 -0.203316 -0.647889 0.450078 -0.068832 -0.320254 0.400373 -0.094411 -0.437250 0.493369 -0.203226 -0.516572 0.505008 -0.091388 -0.148227 0.417491 -0.105856 -0.199757 0.525318 -0.114027 -0.251885 0.627392 
0.000000 0.000000 0.000000 0.033277 -0.042316 -0.052210 0.087806 -0.363101 0.227461 0.016024 -0.252734 0.268340 -0.033083 -0.156468 0.271053 -0.070589 -0.072904 0.260909 -0.189888 -0.254605 0.002349 -0.329530 -0.387443 0.036488 -0.455971 -0.466930 0.078693 0.046709 -0.574578 0.298231 0.021872 -0.702389 0.341004 -0.064461 -0.780328 0.349090 -0.041440 -0.451649 0.384980 -0.080524 -0.586939 0.464312 -0.201976 -0.647821 0.450819 -0.069357 -0.319760 0.400412 -0.095368 -0.436850 0.493170 -0.203375 -0.517122 0.505772 -0.092099 -0.149750 0.416531 -0.106905 -0.202644 0.523649 -0.113402 -0.254372 0.626046 
0.000000 0.000000 0.000000 0.033582 -0.042239 -0.052077 0.088592 -0.362531 0.228064 0.016274 -0.252402 0.268637 -0.033214 -0.156324 0.271120 -0.071014 -0.072916 0.260790 -0.188508 -0.255771 0.002017 -0.327478 -0.389385 0.035865 -0.453890 -0.468862 0.078179 0.049164 -0.574645 0.297871 0.025334 -0.702841 0.340061 -0.061309 -0.780479 0.347703 -0.039949 -0.451916 0.384859 -0.078188 -0.587613 0.463907 -0.199404 -0.648922 0.450222 -0.068455 -0.320234 0.399981 -0.093725 -0.437768 0.492382 -0.201227 -0.518659 0.505339 -0.092565 -0.149487 0.416542 -0.107399 -0.202192 0.523749 -0.113678 -0.253532 0.626355 
0.000000 0.000000 0.000000 0.032587 -0.042665 -0.052361 0.085147 -0.363952 0.227111 0.014706 -0.252844 0.268311 -0.033393 -0.156076 0.271241 -0.070083 -0.072131 0.261260 -0.189224 -0.256641 0.001119 -0.328020 -0.390533 0.034584 -0.454607 -0.469997 0.076392 0.045365 -0.576074 0.296693 0.021321 -0.704275 0.338747 -0.065592 -0.781662 0.345850 -0.042113 -0.452173 0.384562 -0.080758 -0.587745 0.463628 -0.201805 -0.649216 0.449203 -0.070266 -0.319683 0.400030 -0.096705 -0.437000 0.492380 -0.204219 -0.517960 0.504804 -0.092938 -0.149521 0.416420 -0.108670 -0.202790 0.523220 -0.115348 -0.254208 0.625761 
0.000000 0.000000 0.000000 0.033674 -0.042337 -0.051938 0.084117 -0.363837 0.227677 0.012302 -0.253291 0.268010 -0.036489 -0.156855 0.270391 -0.073588 -0.073139 0.260013 -0.191326 -0.253314 0.000120 -0.332116 -0.385331 0.032694 -0.459302 -0.464103 0.073991 0.041272 -0.575269 0.297541 0.015378 -0.703053 0.339765 -0.071840 -0.780102 0.346814 -0.047559 -0.450982 0.385524 -0.088273 -0.585439 0.465451 -0.209469 -0.646479 0.450456 -0.073041 -0.319483 0.400506 -0.099251 -0.436097 0.493807 -0.207049 -0.516746 0.505778 -0.095871 -0.148114 0.416437 -0.111209 -0.199721 0.524106 -0.118684 -0.251028 0.626649 
0.000000 0.000000 0.000000 0.032389 -0.042917 -0.052278 0.080351 -0.365160 0.226920 0.010865 -0.253397 0.267972 -0.036249 -0.156144 0.270834 -0.072027 -0.071811 0.260819 -0.192566 -0.253846 0.000164 -0.333329 -0.385832 0.032979 -0.460789 -0.464243 0.074118 0.039048 -0.576787 0.297121 0.014086 -0.704689 0.339548 -0.073250 -0.781598 0.346647 -0.048343 -0.451830 0.384562 -0.088613 -0.586793 0.463859 -0.209978 -0.647509 0.448914 -0.074285 -0.318535 0.400819 -0.101559 -0.434980 0.494026 -0.209600 -0.515380 0.505480 -0.095148 -0.148285 0.416393 -0.111063 -0.200924 0.523478 -0.118836 -0.252473 0.625876 
0.000000 0.000000 0.000000 0.032024 -0.042864 -0.052545 0.075877 -0.367760 0.224244 0.007536 -0.255561 0.266024 -0.038515 -0.157822 0.269546 -0.073346 -0.073027 0.260113 -0.195760 -0.251203 -0.001989 -0.338292 -0.381568 0.029646 -0.466626 -0.459049 0.069818 0.032586 -0.579508 0.292865 0.006422 -0.707483 0.334337 -0.081627 -0.783646 0.340632 -0.054506 -0.453566 0.381866 -0.096704 -0.588237 0.460655 -0.218585 -0.647673 0.444791 -0.079292 -0.320143 0.398785 -0.108532 -0.436538 0.491457 -0.217467 -0.515893 0.501653 -0.098648 -0.149568 0.415314 -0.116065 -0.202253 0.522142 -0.124932 -0.254625 0.624033 
0.000000 0.000000 0.000000 0.031480 -0.043335 -0.052488 0.070892 -0.368517 0.224633 0.004021 -0.255384 0.266271 -0.040735 -0.157040 0.269676 -0.074436 -0.071801 0.260144 -0.198345 -0.249839 -0.003678 -0.342155 -0.379056 0.026864 -0.471511 -0.454962 0.066765 0.025885 -0.580626 0.290997 -0.001317 -0.708819 0.331105 -0.090231 -0.783963 0.337480 -0.058957 -0.455197 0.378443 -0.101792 -0.591099 0.454736 -0.224577 -0.648581 0.438644 -0.083799 -0.320798 0.396336 -0.114680 -0.438222 0.487158 -0.224941 -0.515828 0.496523 -0.100880 -0.151598 0.413505 -0.119081 -0.206523 0.519066 -0.129161 -0.259121 0.620727 
0.000000 0.000000 0.000000 0.030662 -0.043649 -0.052712 0.062520 -0.371431 0.222308 -0.002011 -0.257174 0.264565 -0.044664 -0.157922 0.268537 -0.076516 -0.071920 0.259507 -0.203930 -0.244757 -0.004045 -0.350723 -0.370597 0.026408 -0.481691 -0.444159 0.065430 0.011530 -0.581791 0.289902 -0.019286 -0.708927 0.330754 -0.109397 -0.782643 0.337015 -0.070107 -0.454172 0.378711 -0.116423 -0.588158 0.456346 -0.240147 -0.643561 0.440156 -0.092463 -0.318747 0.397239 -0.126738 -0.434069 0.489526 -0.238442 -0.509685 0.498030 -0.107459 -0.149140 0.413344 -0.128758 -0.202292 0.519234 -0.140682 -0.255136 0.620567 
0.000000 0.000000 0.000000 0.029896 -0.044024 -0.052840 0.055302 -0.373343 0.221014 -0.007122 -0.258050 0.263622 -0.047911 -0.158031 0.267912 -0.078136 -0.071415 0.259164 -0.208225 -0.241328 -0.005765 -0.357225 -0.364788 0.023691 -0.489552 -0.436054 0.062390 0.003440 -0.584031 0.286901 -0.027904 -0.711365 0.326722 -0.119125 -0.783715 0.332829 -0.078695 -0.454624 0.376362 -0.127375 -0.588322 0.453042 -0.252112 -0.641376 0.436755 -0.098524 -0.318711 0.395717 -0.134816 -0.433929 0.487361 -0.247986 -0.507382 0.495441 -0.109525 -0.147115 0.413665 -0.131131 -0.199220 0.520011 -0.144266 -0.251850 0.621306 