109
0.000000 0.000000 0.000000 0.004271 -0.037295 -0.064921 -0.150022 -0.390257 0.128388 -0.143172 -0.279348 0.193916 -0.127081 -0.187662 0.218357 -0.110421 -0.103173 0.235656 -0.289939 -0.141687 -0.045193 -0.474037 -0.207008 -0.032849 -0.627856 -0.217960 -0.050356 -0.289048 -0.503732 0.267006 -0.373072 -0.572314 0.350784 -0.483571 -0.538088 0.336234 -0.288219 -0.414349 0.325106 -0.428930 -0.474487 0.377147 -0.549717 -0.436193 0.326318 -0.273186 -0.281271 0.339205 -0.377952 -0.348394 0.425862 -0.499558 -0.303285 0.387846 -0.216432 -0.171932 0.356569 -0.289402 -0.219261 0.439796 -0.396760 -0.210838 0.399717 
0.000000 0.000000 0.000000 -0.000726 -0.035517 -0.066045 -0.148019 -0.391285 0.127580 -0.134856 -0.282387 0.195471 -0.115551 -0.191691 0.221244 -0.096281 -0.107997 0.239662 -0.294746 -0.136611 -0.031716 -0.478725 -0.199869 -0.010236 -0.633641 -0.207080 -0.016237 -0.279775 -0.508919 0.269787 -0.359404 -0.580013 0.355734 -0.469783 -0.543058 0.349113 -0.276955 -0.419612 0.327574 -0.410670 -0.485170 0.390399 -0.533530 -0.442640 0.348733 -0.255205 -0.285412 0.349410 -0.355346 -0.352616 0.441314 -0.477876 -0.304040 0.411398 -0.195638 -0.178983 0.364863 -0.264028 -0.227844 0.451042 -0.372895 -0.215879 0.416287 
0.000000 0.000000 0.000000 -0.002929 -0.034209 -0.066671 -0.140185 -0.394945 0.125127 -0.125311 -0.287306 0.194653 -0.105739 -0.196980 0.221505 -0.086426 -0.113509 0.240868 -0.296670 -0.127446 -0.013103 -0.480474 -0.185789 0.020416 -0.635508 -0.189080 0.026773 -0.268852 -0.509714 0.272412 -0.346615 -0.579078 0.361427 -0.456139 -0.539163 0.363573 -0.287516 -0.404579 0.322759 -0.397838 -0.484342 0.409888 -0.521863 -0.437430 0.377385 -0.236596 -0.291045 0.358406 -0.330428 -0.358495 0.456573 -0.453242 -0.305646 0.436783 -0.177220 -0.182241 0.373604 -0.239715 -0.229549 0.464968 -0.349725 -0.212922 0.436255 
0.000000 0.000000 0.000000 -0.006429 -0.032373 -0.067339 -0.145102 -0.394552 0.120681 -0.124767 -0.289162 0.192240 -0.101865 -0.200072 0.220547 -0.079690 -0.117632 0.241212 -0.300976 -0.115699 -0.002957 -0.485284 -0.167839 0.037330 -0.639748 -0.165837 0.052290 -0.270690 -0.506877 0.272442 -0.346591 -0.574763 0.364162 -0.454447 -0.531218 0.372154 -0.285520 -0.402494 0.325613 -0.394855 -0.479575 0.416327 -0.518498 -0.427429 0.391176 -0.230345 -0.290294 0.362203 -0.322473 -0.354989 0.463780 -0.443994 -0.297262 0.450807 -0.166841 -0.187887 0.375581 -0.226830 -0.236246 0.468070 -0.336951 -0.214423 0.443571 
0.000000 0.000000 0.000000 -0.011475 -0.030036 -0.067750 -0.156690 -0.391048 0.117559 -0.127729 -0.288849 0.190759 -0.099250 -0.201759 0.220202 -0.072209 -0.121048 0.241877 -0.305850 -0.107942 0.003804 -0.490051 -0.156691 0.048578 -0.643829 -0.149906 0.068408 -0.280501 -0.504494 0.269944 -0.355329 -0.573057 0.362041 -0.461482 -0.526345 0.373983 -0.284849 -0.403034 0.327687 -0.397563 -0.475748 0.417869 -0.520205 -0.419348 0.397435 -0.228864 -0.287758 0.363443 -0.321806 -0.349425 0.466155 -0.441623 -0.287510 0.457296 -0.158697 -0.190019 0.377336 -0.218228 -0.237494 0.470575 -0.328158 -0.211653 0.449341 
0.000000 0.000000 0.000000 -0.013338 -0.028655 -0.068007 -0.159334 -0.391040 0.113977 -0.127432 -0.290567 0.188333 -0.097159 -0.204401 0.218693 -0.068578 -0.124453 0.241204 -0.307385 -0.101576 0.009872 -0.491381 -0.147205 0.058603 -0.644522 -0.138276 0.082158 -0.281482 -0.502476 0.269161 -0.355305 -0.569825 0.362950 -0.460361 -0.521529 0.377908 -0.280337 -0.404452 0.330195 -0.394615 -0.472912 0.421727 -0.516763 -0.414297 0.404889 -0.225114 -0.291169 0.362959 -0.316865 -0.353388 0.466406 -0.435719 -0.289229 0.461384 -0.154709 -0.192255 0.377478 -0.213994 -0.238925 0.471279 -0.323754 -0.210648 0.452399 
0.000000 0.000000 0.000000 -0.015686 -0.027232 -0.068090 -0.161419 -0.390876 0.111580 -0.125996 -0.292208 0.186754 -0.093666 -0.207021 0.217750 -0.063340 -0.127886 0.240841 -0.308496 -0.096280 0.017589 -0.491717 -0.139486 0.071202 -0.643938 -0.128598 0.099434 -0.281094 -0.501387 0.269331 -0.353423 -0.568177 0.364671 -0.457192 -0.518429 0.383384 -0.276267 -0.405886 0.331566 -0.388224 -0.474479 0.425826 -0.509853 -0.413666 0.413673 -0.217792 -0.294477 0.364917 -0.306798 -0.357189 0.470444 -0.424574 -0.290882 0.470062 -0.145055 -0.198967 0.378160 -0.201300 -0.247893 0.472680 -0.310884 -0.216935 0.457309 
0.000000 0.000000 0.000000 -0.018066 -0.025224 -0.068273 -0.165279 -0.390714 0.106373 -0.126000 -0.294609 0.182939 -0.091286 -0.210808 0.215111 -0.058904 -0.132821 0.239291 -0.309525 -0.088650 0.025933 -0.491901 -0.128339 0.084881 -0.642720 -0.114756 0.118881 -0.281287 -0.502853 0.265707 -0.351400 -0.570626 0.362004 -0.453289 -0.519020 0.385426 -0.275395 -0.407566 0.329214 -0.383949 -0.477946 0.426101 -0.504438 -0.414081 0.419537 -0.213112 -0.298975 0.363768 -0.300469 -0.362195 0.470364 -0.416617 -0.293246 0.475232 -0.137232 -0.203255 0.378897 -0.191146 -0.251736 0.474992 -0.300330 -0.217955 0.463123 
0.000000 0.000000 0.000000 -0.020287 -0.023470 -0.068275 -0.167735 -0.390719 0.102442 -0.125025 -0.296857 0.179949 -0.088272 -0.214257 0.212951 -0.054151 -0.137261 0.237904 -0.309940 -0.084663 0.032733 -0.491187 -0.122954 0.095937 -0.640679 -0.107663 0.134733 -0.282094 -0.503635 0.262417 -0.351210 -0.571878 0.359101 -0.451504 -0.519018 0.386305 -0.271820 -0.407628 0.330467 -0.380755 -0.474154 0.429624 -0.500313 -0.408276 0.427327 -0.207596 -0.302758 0.363427 -0.293159 -0.366220 0.471327 -0.407758 -0.295170 0.480651 -0.130901 -0.211590 0.376362 -0.183731 -0.262752 0.471666 -0.292379 -0.226310 0.463252 
0.000000 0.000000 0.000000 -0.023123 -0.022093 -0.067832 -0.167891 -0.390705 0.102237 -0.121257 -0.298619 0.179612 -0.082391 -0.216970 0.212560 -0.046521 -0.140760 0.237473 -0.310098 -0.083684 0.040325 -0.489669 -0.122224 0.108003 -0.637935 -0.106528 0.151101 -0.278215 -0.503926 0.264809 -0.344892 -0.572353 0.363064 -0.444037 -0.518895 0.393156 -0.270370 -0.406385 0.330032 -0.371788 -0.479681 0.432339 -0.490747 -0.412699 0.433496 -0.197802 -0.305522 0.366029 -0.280559 -0.369019 0.476075 -0.394369 -0.297246 0.488875 -0.121897 -0.213620 0.377459 -0.173780 -0.263771 0.473815 -0.282271 -0.226391 0.467852 
0.000000 0.000000 0.000000 -0.023066 -0.022298 -0.067784 -0.165718 -0.391468 0.102861 -0.119505 -0.299042 0.180083 -0.081044 -0.217148 0.212897 -0.045557 -0.140718 0.237685 -0.306897 -0.081073 0.049824 -0.484500 -0.117852 0.123415 -0.630701 -0.100400 0.172483 -0.272936 -0.503708 0.268169 -0.337736 -0.571543 0.368076 -0.434827 -0.516674 0.402075 -0.262272 -0.409158 0.334893 -0.359374 -0.484053 0.440187 -0.477009 -0.415064 0.446652 -0.191695 -0.305692 0.369836 -0.271040 -0.369183 0.482371 -0.383025 -0.295455 0.499444 -0.113267 -0.215869 0.380352 -0.159873 -0.267596 0.478553 -0.267736 -0.228045 0.476466 
0.000000 0.000000 0.000000 -0.027968 -0.019783 -0.066711 -0.173140 -0.387938 0.104004 -0.118972 -0.299129 0.180292 -0.075637 -0.219462 0.212512 -0.035959 -0.144952 0.236785 -0.308975 -0.074036 0.059534 -0.484811 -0.107984 0.138529 -0.628533 -0.087624 0.193450 -0.275974 -0.503045 0.270123 -0.338125 -0.572612 0.370521 -0.432457 -0.515772 0.408779 -0.259413 -0.407649 0.338324 -0.354932 -0.481458 0.445808 -0.470546 -0.409742 0.457184 -0.183341 -0.306759 0.372177 -0.260572 -0.369356 0.486667 -0.370052 -0.293190 0.508593 -0.101270 -0.219419 0.380921 -0.146225 -0.270677 0.480133 -0.253123 -0.228598 0.482404 
0.000000 0.000000 0.000000 -0.030367 -0.018501 -0.066026 -0.176740 -0.386051 0.104966 -0.118661 -0.299110 0.180528 -0.072935 -0.220601 0.212279 -0.031200 -0.147088 0.236141 -0.308490 -0.068893 0.067968 -0.482521 -0.100425 0.151813 -0.623658 -0.077608 0.212201 -0.276969 -0.498251 0.274629 -0.337544 -0.566061 0.377169 -0.429396 -0.507740 0.419063 -0.258096 -0.404465 0.341564 -0.352931 -0.476121 0.451091 -0.466556 -0.402050 0.466650 -0.177507 -0.307297 0.374334 -0.252492 -0.369464 0.490538 -0.359387 -0.291040 0.516830 -0.095173 -0.224031 0.379576 -0.139207 -0.276992 0.478305 -0.244864 -0.232245 0.484438 
0.000000 0.000000 0.000000 -0.033664 -0.016605 -0.064922 -0.181559 -0.383446 0.106282 -0.118098 -0.299268 0.180634 -0.069093 -0.222453 0.211629 -0.024542 -0.150399 0.234838 -0.307900 -0.063483 0.078057 -0.479499 -0.092817 0.167524 -0.617959 -0.067900 0.233060 -0.276588 -0.494486 0.279659 -0.334020 -0.561595 0.384445 -0.423237 -0.501779 0.429784 -0.252859 -0.405700 0.344908 -0.344516 -0.478089 0.456638 -0.456056 -0.402005 0.476875 -0.170865 -0.308360 0.375873 -0.243842 -0.369960 0.493647 -0.348144 -0.289523 0.523964 -0.085396 -0.225370 0.380655 -0.127283 -0.276973 0.481023 -0.231819 -0.230245 0.490602 
0.000000 0.000000 0.000000 -0.035753 -0.015258 -0.064131 -0.184989 -0.381621 0.106934 -0.118041 -0.299414 0.180429 -0.066886 -0.223806 0.210911 -0.020482 -0.152788 0.233682 -0.306376 -0.057697 0.086894 -0.475714 -0.084253 0.181395 -0.611111 -0.056852 0.252132 -0.275736 -0.494514 0.281406 -0.330581 -0.562743 0.386852 -0.416958 -0.501677 0.435874 -0.250434 -0.402547 0.348686 -0.340479 -0.472691 0.463124 -0.449484 -0.394208 0.487573 -0.164110 -0.310151 0.377661 -0.233826 -0.372067 0.497231 -0.335166 -0.289684 0.532035 -0.077128 -0.229588 0.380240 -0.116119 -0.282451 0.481119 -0.219027 -0.233217 0.494866 
0.000000 0.000000 0.000000 -0.039619 -0.012664 -0.062401 -0.192276 -0.377339 0.109250 -0.118689 -0.299037 0.180630 -0.063376 -0.225873 0.209788 -0.013375 -0.156971 0.231414 -0.307027 -0.053566 0.094654 -0.474354 -0.079161 0.192928 -0.606773 -0.049155 0.268106 -0.281197 -0.492090 0.283449 -0.334938 -0.561442 0.388731 -0.418576 -0.498973 0.440649 -0.248979 -0.402733 0.350176 -0.337595 -0.473261 0.465491 -0.443843 -0.392411 0.494018 -0.158541 -0.312707 0.377470 -0.226781 -0.374972 0.497708 -0.324907 -0.290455 0.536389 -0.070332 -0.233033 0.378236 -0.109536 -0.285389 0.479296 -0.210805 -0.233871 0.496428 
0.000000 0.000000 0.000000 -0.042045 -0.011035 -0.061109 -0.196900 -0.374207 0.111756 -0.119109 -0.298421 0.181371 -0.061163 -0.226862 0.209377 -0.008883 -0.159356 0.229995 -0.305010 -0.045713 0.104702 -0.469556 -0.067413 0.208456 -0.598644 -0.034342 0.288013 -0.283377 -0.485199 0.289583 -0.335642 -0.552280 0.397058 -0.415990 -0.487988 0.451866 -0.245742 -0.397867 0.356153 -0.331871 -0.465505 0.475030 -0.435005 -0.382107 0.507395 -0.153468 -0.309591 0.380694 -0.219657 -0.368913 0.503539 -0.314137 -0.282010 0.545842 -0.062922 -0.233985 0.378644 -0.100119 -0.285353 0.480963 -0.199407 -0.231252 0.501410 
0.000000 0.000000 0.000000 -0.044614 -0.008904 -0.059617 -0.203349 -0.370099 0.113870 -0.120829 -0.297625 0.181540 -0.059817 -0.228180 0.208331 -0.004861 -0.162513 0.227897 -0.302796 -0.038997 0.114402 -0.464350 -0.057827 0.223291 -0.589076 -0.021926 0.308388 -0.286703 -0.479929 0.293897 -0.337080 -0.546306 0.402700 -0.413360 -0.480231 0.461083 -0.243581 -0.396086 0.359619 -0.327070 -0.463052 0.480737 -0.425927 -0.376732 0.518360 -0.149521 -0.311707 0.380639 -0.213845 -0.371601 0.504195 -0.303747 -0.282266 0.551151 -0.055593 -0.239238 0.376645 -0.090513 -0.292049 0.479030 -0.186987 -0.234923 0.504179 
0.000000 0.000000 0.000000 -0.047395 -0.006310 -0.057774 -0.212095 -0.364102 0.117199 -0.124130 -0.295797 0.182299 -0.059480 -0.229080 0.207438 -0.001322 -0.165800 0.225565 -0.298545 -0.027429 0.127494 -0.455698 -0.040643 0.243422 -0.574349 -0.000238 0.334943 -0.292067 -0.474542 0.298383 -0.340400 -0.541289 0.407886 -0.411285 -0.473167 0.470559 -0.241634 -0.392569 0.364789 -0.321553 -0.458388 0.488908 -0.414649 -0.368497 0.532408 -0.144293 -0.309728 0.383553 -0.205110 -0.367556 0.509838 -0.288758 -0.274972 0.561792 -0.048690 -0.242073 0.375648 -0.081294 -0.294574 0.478953 -0.174005 -0.233688 0.508965 
0.000000 0.000000 0.000000 -0.049046 -0.004746 -0.056532 -0.217516 -0.359888 0.120241 -0.126257 -0.294180 0.183452 -0.059394 -0.229203 0.207327 0.000713 -0.167454 0.224343 -0.295339 -0.021546 0.135572 -0.449453 -0.032059 0.255779 -0.563879 0.011285 0.351250 -0.295437 -0.466776 0.304424 -0.342531 -0.531376 0.415739 -0.410183 -0.461806 0.480363 -0.242485 -0.386246 0.369165 -0.321537 -0.448864 0.495475 -0.410917 -0.356532 0.541575 -0.140726 -0.308297 0.385773 -0.199047 -0.365013 0.513729 -0.278215 -0.270197 0.568596 -0.042869 -0.243738 0.375563 -0.072868 -0.296246 0.479651 -0.162722 -0.232531 0.512360 
0.000000 0.000000 0.000000 -0.050907 -0.003725 -0.054940 -0.219025 -0.357128 0.125611 -0.124781 -0.293123 0.186134 -0.056196 -0.229286 0.208126 0.005367 -0.168540 0.223465 -0.294003 -0.018802 0.141333 -0.446117 -0.028237 0.264148 -0.558171 0.016534 0.361751 -0.293881 -0.463177 0.311542 -0.339123 -0.527270 0.423913 -0.405051 -0.456860 0.489404 -0.238203 -0.383193 0.374541 -0.315346 -0.444453 0.502685 -0.402927 -0.351012 0.549989 -0.134754 -0.305825 0.388913 -0.191086 -0.360708 0.518549 -0.268584 -0.264923 0.574112 -0.036809 -0.242882 0.376045 -0.065839 -0.294053 0.481070 -0.154289 -0.228806 0.514574 
0.000000 0.000000 0.000000 -0.052742 -0.002612 -0.053248 -0.222113 -0.352691 0.132534 -0.124642 -0.290710 0.189972 -0.054074 -0.228323 0.209740 0.009196 -0.168876 0.223087 -0.290354 -0.014397 0.149848 -0.439036 -0.021771 0.276933 -0.546616 0.025030 0.378535 -0.292402 -0.455630 0.321963 -0.334883 -0.517843 0.436448 -0.397020 -0.445923 0.503973 -0.232801 -0.378499 0.382506 -0.306364 -0.438208 0.513456 -0.390486 -0.343089 0.563608 -0.127798 -0.304841 0.392561 -0.180663 -0.359709 0.523654 -0.253900 -0.262165 0.581875 -0.030028 -0.241622 0.377216 -0.057026 -0.291694 0.483306 -0.142851 -0.224158 0.519028 
0.000000 0.000000 0.000000 -0.056523 0.002277 -0.049233 -0.234849 -0.341159 0.140524 -0.129567 -0.287218 0.191978 -0.053764 -0.230090 0.207881 0.014117 -0.175244 0.217857 -0.285275 0.000723 0.164112 -0.428414 -0.000250 0.297609 -0.527428 0.051262 0.405449 -0.298781 -0.444155 0.332161 -0.337420 -0.506402 0.447981 -0.392743 -0.432808 0.519510 -0.231947 -0.373321 0.388394 -0.301580 -0.431884 0.521984 -0.377453 -0.333253 0.578149 -0.123438 -0.304166 0.393277 -0.173400 -0.357284 0.526218 -0.238432 -0.257053 0.589404 -0.021271 -0.246535 0.373586 -0.045629 -0.295605 0.480777 -0.125664 -0.223927 0.521516 
0.000000 0.000000 0.000000 -0.058478 0.005260 -0.046653 -0.244909 -0.329762 0.150223 -0.134906 -0.281281 0.197024 -0.055742 -0.228020 0.209633 0.015140 -0.176624 0.216670 -0.277031 0.011528 0.177046 -0.413788 0.015451 0.317023 -0.504718 0.071481 0.429625 -0.306958 -0.430684 0.343575 -0.344458 -0.491678 0.460432 -0.393065 -0.415970 0.534586 -0.233044 -0.365204 0.396524 -0.299792 -0.422283 0.532212 -0.367852 -0.320330 0.592318 -0.120405 -0.297858 0.398458 -0.166773 -0.347936 0.533857 -0.223014 -0.244418 0.600106 -0.016909 -0.248752 0.372736 -0.038969 -0.298400 0.480159 -0.112685 -0.222199 0.524459 
0.000000 0.000000 0.000000 -0.059856 0.008248 -0.044420 -0.253882 -0.319579 0.157173 -0.140153 -0.276461 0.200159 -0.058251 -0.226914 0.210151 0.015093 -0.178813 0.214870 -0.272762 0.022737 0.184289 -0.405985 0.031803 0.327399 -0.491537 0.091486 0.442315 -0.313119 -0.419505 0.351919 -0.348919 -0.479898 0.469618 -0.393177 -0.402850 0.545103 -0.236568 -0.352795 0.403511 -0.302143 -0.404712 0.541818 -0.364843 -0.300006 0.603011 -0.121259 -0.292537 0.401036 -0.166440 -0.339593 0.537913 -0.216898 -0.233870 0.605327 -0.016624 -0.248755 0.371996 -0.038456 -0.296897 0.480148 -0.107872 -0.217550 0.525848 
0.000000 0.000000 0.000000 -0.061500 0.011970 -0.041211 -0.262838 -0.306682 0.167787 -0.144844 -0.270314 0.205153 -0.059918 -0.225448 0.211256 0.016125 -0.181504 0.212526 -0.269226 0.031706 0.191827 -0.399207 0.044055 0.337647 -0.478591 0.107296 0.455059 -0.319392 -0.405993 0.363642 -0.353571 -0.466014 0.482012 -0.393029 -0.387381 0.558518 -0.238049 -0.344761 0.410689 -0.301442 -0.395395 0.550482 -0.358421 -0.288371 0.613240 -0.121243 -0.289141 0.403340 -0.165218 -0.334814 0.541075 -0.209683 -0.227112 0.609567 -0.015607 -0.247187 0.371476 -0.037449 -0.292398 0.480885 -0.102491 -0.210036 0.527674 
0.000000 0.000000 0.000000 -0.062019 0.013875 -0.039812 -0.270013 -0.294544 0.177840 -0.149816 -0.262328 0.211841 -0.063116 -0.220689 0.215311 0.014553 -0.179683 0.214181 -0.260100 0.045768 0.200173 -0.384045 0.065725 0.350341 -0.456116 0.133508 0.469916 -0.324611 -0.388692 0.376776 -0.357607 -0.445592 0.497007 -0.390858 -0.365303 0.574732 -0.239547 -0.330244 0.421150 -0.300576 -0.376437 0.563510 -0.350032 -0.266458 0.627526 -0.119598 -0.277443 0.411021 -0.160100 -0.318138 0.551358 -0.196816 -0.207969 0.620515 -0.013785 -0.242329 0.374987 -0.033291 -0.285449 0.485673 -0.092241 -0.199519 0.534088 
0.000000 0.000000 0.000000 -0.062985 0.018354 -0.036330 -0.279941 -0.275313 0.192681 -0.156072 -0.251784 0.219962 -0.066584 -0.216388 0.218607 0.013609 -0.180969 0.213157 -0.249673 0.061440 0.210930 -0.366490 0.088401 0.365649 -0.429282 0.161280 0.487439 -0.329538 -0.366607 0.394239 -0.359513 -0.421783 0.516055 -0.385003 -0.339818 0.594956 -0.240797 -0.313326 0.433290 -0.298422 -0.355183 0.578383 -0.338727 -0.242141 0.643471 -0.117103 -0.271773 0.416329 -0.153327 -0.311486 0.558109 -0.180314 -0.199315 0.628518 -0.010979 -0.240274 0.375837 -0.027905 -0.281096 0.487812 -0.079635 -0.191590 0.537969 
0.000000 0.000000 0.000000 -0.063521 0.022035 -0.033219 -0.285588 -0.259275 0.206170 -0.159389 -0.242970 0.227371 -0.068188 -0.212769 0.221644 0.013550 -0.182001 0.212281 -0.239201 0.074297 0.220260 -0.349131 0.107000 0.378870 -0.403673 0.183877 0.502165 -0.332966 -0.347869 0.409460 -0.361601 -0.401414 0.532322 -0.380777 -0.318224 0.611725 -0.236349 -0.299244 0.445052 -0.288692 -0.337519 0.593106 -0.321028 -0.222159 0.658572 -0.113969 -0.262718 0.421951 -0.146797 -0.298535 0.565583 -0.165364 -0.184604 0.635891 -0.008575 -0.239733 0.375877 -0.023803 -0.279470 0.488484 -0.069023 -0.187125 0.539774 
0.000000 0.000000 0.000000 -0.063516 0.024336 -0.031581 -0.289925 -0.243919 0.218489 -0.162544 -0.232831 0.235598 -0.070351 -0.206694 0.226660 0.012303 -0.179627 0.214369 -0.230041 0.085947 0.225945 -0.334241 0.124501 0.387088 -0.382076 0.205142 0.510763 -0.336839 -0.327500 0.423997 -0.365193 -0.378014 0.548200 -0.378728 -0.293395 0.627255 -0.236100 -0.283932 0.455718 -0.286128 -0.318689 0.605430 -0.311231 -0.201195 0.670271 -0.112398 -0.254492 0.428306 -0.142549 -0.288767 0.572898 -0.154052 -0.173548 0.642615 -0.007624 -0.236674 0.378487 -0.021339 -0.275941 0.491453 -0.060704 -0.181070 0.542959 
0.000000 0.000000 0.000000 -0.063429 0.027529 -0.029031 -0.292845 -0.226620 0.232756 -0.164432 -0.222306 0.244293 -0.071445 -0.201227 0.231191 0.011930 -0.178727 0.215140 -0.219475 0.098502 0.232615 -0.317119 0.142912 0.396336 -0.357841 0.227288 0.520067 -0.334829 -0.305542 0.441152 -0.360203 -0.353241 0.567101 -0.367969 -0.267309 0.645514 -0.231286 -0.270018 0.467293 -0.276756 -0.302468 0.618963 -0.295323 -0.183430 0.683185 -0.108429 -0.242560 0.435244 -0.134949 -0.272198 0.581562 -0.139680 -0.155625 0.649801 -0.003204 -0.231514 0.381185 -0.013621 -0.267848 0.495477 -0.047538 -0.170799 0.546802 
0.000000 0.000000 0.000000 -0.063281 0.028649 -0.028260 -0.293770 -0.215307 0.242142 -0.165087 -0.214057 0.251123 -0.071878 -0.195556 0.235876 0.011701 -0.175439 0.217842 -0.209564 0.106566 0.237026 -0.301099 0.155322 0.403024 -0.335384 0.242244 0.526943 -0.331208 -0.291312 0.452479 -0.353835 -0.337247 0.579601 -0.356258 -0.250701 0.657685 -0.229153 -0.256617 0.475976 -0.272726 -0.285565 0.628907 -0.285215 -0.165394 0.692487 -0.105203 -0.234980 0.440935 -0.129098 -0.263249 0.587974 -0.127476 -0.146171 0.655488 -0.001840 -0.224935 0.385034 -0.011161 -0.259003 0.500116 -0.040208 -0.160234 0.551145 
0.000000 0.000000 0.000000 -0.062947 0.030481 -0.027064 -0.294916 -0.202896 0.251292 -0.166086 -0.205888 0.257222 -0.072702 -0.190685 0.239583 0.011046 -0.173570 0.219369 -0.200615 0.114959 0.240812 -0.286758 0.167820 0.408432 -0.315612 0.257044 0.532098 -0.331937 -0.276832 0.462440 -0.354311 -0.321517 0.590051 -0.352354 -0.234451 0.667567 -0.226968 -0.246688 0.483282 -0.268376 -0.274439 0.637034 -0.275211 -0.153583 0.700174 -0.101572 -0.227453 0.445807 -0.122274 -0.253819 0.593682 -0.115001 -0.136377 0.660184 0.000990 -0.223845 0.386574 -0.005933 -0.258451 0.501664 -0.030443 -0.158458 0.552692 
0.000000 0.000000 0.000000 -0.062557 0.032084 -0.026098 -0.295764 -0.192799 0.258152 -0.166981 -0.199417 0.261701 -0.073553 -0.186991 0.242220 0.010251 -0.172397 0.220330 -0.191700 0.121671 0.244350 -0.272509 0.177729 0.413579 -0.296137 0.268545 0.537196 -0.330366 -0.263298 0.470879 -0.351279 -0.305906 0.599445 -0.345303 -0.218433 0.676295 -0.224566 -0.234815 0.489529 -0.263732 -0.258890 0.644483 -0.265993 -0.137382 0.706693 -0.100974 -0.221875 0.448968 -0.120637 -0.246889 0.597220 -0.108944 -0.129439 0.663073 -0.000476 -0.221070 0.387967 -0.007860 -0.254573 0.503355 -0.028670 -0.153577 0.554049 
0.000000 0.000000 0.000000 -0.062049 0.033511 -0.025511 -0.297422 -0.184635 0.262184 -0.168807 -0.194381 0.264306 -0.075331 -0.184305 0.243727 0.008550 -0.171835 0.220841 -0.185155 0.127640 0.246207 -0.262188 0.186540 0.416231 -0.282015 0.278473 0.539690 -0.331682 -0.254565 0.475154 -0.352387 -0.296829 0.603867 -0.343532 -0.209386 0.680473 -0.222935 -0.227555 0.493313 -0.259749 -0.250118 0.649069 -0.258093 -0.128475 0.711033 -0.099927 -0.217264 0.451146 -0.117563 -0.240898 0.599878 -0.101838 -0.123654 0.665258 0.000103 -0.219797 0.388813 -0.005712 -0.252810 0.504431 -0.023227 -0.151210 0.555164 
0.000000 0.000000 0.000000 -0.061748 0.034640 -0.024721 -0.296888 -0.176836 0.268098 -0.168485 -0.189241 0.268213 -0.075167 -0.181234 0.246070 0.008572 -0.170649 0.221758 -0.178775 0.133872 0.247867 -0.252003 0.195965 0.418434 -0.268042 0.289213 0.541456 -0.327480 -0.243412 0.482695 -0.345968 -0.283649 0.612392 -0.333822 -0.195798 0.688073 -0.220315 -0.221566 0.497871 -0.255567 -0.243551 0.654072 -0.250546 -0.121680 0.715402 -0.098381 -0.211456 0.454064 -0.115027 -0.233127 0.603208 -0.095689 -0.115807 0.667474 0.000080 -0.216555 0.390301 -0.005764 -0.248153 0.506313 -0.020442 -0.145856 0.556544 
0.000000 0.000000 0.000000 -0.061540 0.035457 -0.024073 -0.295982 -0.171225 0.272704 -0.167787 -0.185552 0.271211 -0.074656 -0.179039 0.247826 0.008909 -0.169813 0.222385 -0.174250 0.136081 0.249821 -0.244776 0.199045 0.421206 -0.257938 0.292645 0.544301 -0.326292 -0.237768 0.487351 -0.344611 -0.277985 0.617078 -0.330345 -0.190089 0.692337 -0.218187 -0.214120 0.501685 -0.252467 -0.233551 0.658439 -0.244995 -0.111448 0.719057 -0.095052 -0.207935 0.456303 -0.109678 -0.228655 0.605794 -0.087928 -0.111384 0.669375 0.004505 -0.216619 0.390837 0.001473 -0.248837 0.506786 -0.010985 -0.146238 0.557000 
0.000000 0.000000 0.000000 -0.061415 0.035412 -0.024456 -0.296519 -0.166957 0.274759 -0.168380 -0.181788 0.273384 -0.075234 -0.175899 0.249891 0.008354 -0.167283 0.224316 -0.168686 0.139117 0.250470 -0.235810 0.204008 0.422501 -0.246068 0.298254 0.545380 -0.324001 -0.230414 0.490717 -0.340611 -0.268766 0.621236 -0.324167 -0.180744 0.695901 -0.216191 -0.209619 0.504498 -0.248709 -0.228548 0.661689 -0.238660 -0.106420 0.721880 -0.093758 -0.206151 0.458351 -0.107040 -0.227844 0.607829 -0.082783 -0.110867 0.671043 0.004089 -0.213745 0.392867 0.001153 -0.245725 0.508884 -0.009319 -0.142676 0.558627 
0.000000 0.000000 0.000000 -0.060884 0.037300 -0.022929 -0.295602 -0.161410 0.279028 -0.167969 -0.179710 0.275006 -0.075169 -0.176136 0.249743 0.008112 -0.169558 0.222610 -0.164179 0.142314 0.253021 -0.228814 0.208025 0.425692 -0.236279 0.302264 0.548778 -0.320853 -0.227570 0.494447 -0.336114 -0.267556 0.624640 -0.317550 -0.179974 0.699325 -0.211693 -0.207190 0.506970 -0.241431 -0.225880 0.664739 -0.228963 -0.103937 0.724853 -0.091077 -0.205859 0.458495 -0.102483 -0.227171 0.608183 -0.075633 -0.110650 0.671191 0.006146 -0.215464 0.391356 0.004792 -0.247061 0.507507 -0.003777 -0.143942 0.557468 
0.000000 0.000000 0.000000 -0.060281 0.038655 -0.022270 -0.296487 -0.156080 0.281113 -0.169309 -0.177058 0.275903 -0.076680 -0.175359 0.249831 0.006480 -0.170449 0.221983 -0.158866 0.142568 0.255812 -0.220553 0.207590 0.429817 -0.224758 0.300916 0.553750 -0.322210 -0.220212 0.497089 -0.337756 -0.258971 0.627619 -0.316705 -0.171924 0.702270 -0.211294 -0.205737 0.508043 -0.239849 -0.225243 0.665931 -0.224391 -0.103938 0.726640 -0.089984 -0.205703 0.458676 -0.099525 -0.227462 0.608430 -0.069663 -0.111787 0.671640 0.004871 -0.217530 0.390408 0.003764 -0.249937 0.506338 -0.002052 -0.146900 0.556862 
0.000000 0.000000 0.000000 -0.059773 0.039570 -0.022029 -0.297484 -0.150889 0.282889 -0.170683 -0.173892 0.277067 -0.078174 -0.173707 0.250521 0.004911 -0.170164 0.222241 -0.155572 0.147452 0.255514 -0.215516 0.214957 0.429183 -0.217186 0.308943 0.552677 -0.324726 -0.214779 0.498750 -0.341190 -0.253393 0.629211 -0.318342 -0.166603 0.703633 -0.212736 -0.202841 0.509162 -0.241337 -0.222530 0.667019 -0.223186 -0.101527 0.727583 -0.093754 -0.204864 0.459088 -0.104925 -0.227204 0.608644 -0.072804 -0.112084 0.671760 0.001079 -0.214555 0.391360 -0.001558 -0.245109 0.507767 -0.005467 -0.141724 0.557761 
0.000000 0.000000 0.000000 -0.059616 0.039409 -0.022732 -0.298707 -0.146555 0.283877 -0.171940 -0.169904 0.278759 -0.079346 -0.170265 0.252508 0.003834 -0.167269 0.224449 -0.151256 0.150003 0.255148 -0.208598 0.219206 0.429027 -0.208639 0.313647 0.552185 -0.323398 -0.208486 0.500614 -0.338320 -0.245916 0.631604 -0.314021 -0.159135 0.705575 -0.213522 -0.195625 0.511318 -0.241803 -0.213119 0.669491 -0.221904 -0.092019 0.729308 -0.094478 -0.198518 0.461521 -0.105327 -0.218777 0.611396 -0.071623 -0.103694 0.673749 0.002728 -0.212862 0.393287 0.001967 -0.244245 0.509502 -0.000462 -0.140676 0.559208 
0.000000 0.000000 0.000000 -0.058838 0.041223 -0.021509 -0.297702 -0.138934 0.288723 -0.171784 -0.165949 0.281227 -0.079729 -0.168902 0.253301 0.002985 -0.168219 0.223751 -0.147079 0.155034 0.256172 -0.202294 0.226249 0.429927 -0.199628 0.321393 0.552514 -0.322229 -0.199699 0.505809 -0.337052 -0.236424 0.637009 -0.310600 -0.149688 0.710291 -0.210715 -0.188111 0.514610 -0.237194 -0.203185 0.673343 -0.214837 -0.082078 0.732272 -0.092245 -0.195506 0.462704 -0.101220 -0.214583 0.612858 -0.064871 -0.099818 0.674305 0.002066 -0.211552 0.393185 0.001432 -0.241379 0.509809 0.001104 -0.137566 0.559064 
0.000000 0.000000 0.000000 -0.058307 0.042191 -0.021075 -0.297974 -0.134416 0.290575 -0.172562 -0.163453 0.282210 -0.080755 -0.167863 0.253667 0.001760 -0.168484 0.223565 -0.143428 0.156165 0.257511 -0.196690 0.227482 0.431833 -0.191649 0.322222 0.554657 -0.322165 -0.195452 0.507623 -0.336784 -0.232341 0.638800 -0.308324 -0.146226 0.712062 -0.211592 -0.187333 0.515407 -0.238138 -0.203576 0.674014 -0.213602 -0.083156 0.733481 -0.094899 -0.195581 0.462821 -0.105042 -0.215457 0.612797 -0.066599 -0.101623 0.674700 0.000928 -0.213628 0.392525 0.000356 -0.244701 0.508824 0.001995 -0.141099 0.558493 
0.000000 0.000000 0.000000 -0.057968 0.042777 -0.020827 -0.297483 -0.130015 0.293070 -0.172468 -0.160503 0.283956 -0.080914 -0.166054 0.254804 0.001381 -0.167717 0.224143 -0.140692 0.158263 0.257859 -0.192455 0.230527 0.432242 -0.185667 0.325580 0.554740 -0.320819 -0.190918 0.510249 -0.334924 -0.227726 0.641505 -0.305107 -0.141825 0.714478 -0.209884 -0.184029 0.517453 -0.235332 -0.200030 0.676264 -0.208758 -0.079834 0.735307 -0.091811 -0.193584 0.464177 -0.099624 -0.213325 0.614310 -0.059199 -0.099905 0.675708 0.000235 -0.211994 0.393331 -0.000554 -0.242471 0.509786 0.002658 -0.138820 0.559276 
0.000000 0.000000 0.000000 -0.057781 0.043171 -0.020532 -0.295844 -0.125669 0.296604 -0.171196 -0.157321 0.286495 -0.079974 -0.163855 0.256519 0.002010 -0.166428 0.225097 -0.138259 0.159396 0.258504 -0.188617 0.232123 0.433106 -0.180098 0.327611 0.555157 -0.320730 -0.185442 0.513924 -0.335770 -0.221567 0.645267 -0.304859 -0.135765 0.717901 -0.209287 -0.179651 0.520001 -0.235194 -0.194839 0.678817 -0.207357 -0.074638 0.737265 -0.092566 -0.191478 0.465784 -0.101595 -0.211285 0.615841 -0.059878 -0.098057 0.676728 0.001061 -0.210342 0.394381 0.000407 -0.240569 0.510902 0.004704 -0.136753 0.559964 
0.000000 0.000000 0.000000 -0.058068 0.042504 -0.021104 -0.295577 -0.125020 0.297144 -0.170658 -0.155786 0.287652 -0.079314 -0.161899 0.257962 0.002765 -0.164138 0.226764 -0.135232 0.160369 0.258181 -0.183515 0.234120 0.432940 -0.173974 0.329879 0.554702 -0.318525 -0.182791 0.515217 -0.332394 -0.217705 0.647015 -0.300717 -0.131964 0.719390 -0.207804 -0.176153 0.521489 -0.233068 -0.190005 0.680531 -0.204452 -0.069788 0.738567 -0.089417 -0.187886 0.467572 -0.096661 -0.206521 0.617875 -0.054206 -0.093222 0.678117 0.003235 -0.208837 0.395845 0.003559 -0.239603 0.512226 0.008564 -0.135722 0.561080 
0.000000 0.000000 0.000000 -0.057897 0.042926 -0.020716 -0.294102 -0.122004 0.299849 -0.169518 -0.153795 0.289393 -0.078474 -0.160708 0.258962 0.003323 -0.163675 0.227092 -0.131920 0.162412 0.258730 -0.178238 0.237179 0.433589 -0.167041 0.333285 0.554937 -0.315117 -0.178447 0.518464 -0.327818 -0.212559 0.650589 -0.294841 -0.127021 0.722623 -0.204041 -0.174252 0.523624 -0.227521 -0.188165 0.682934 -0.197391 -0.068196 0.740718 -0.086403 -0.186724 0.468661 -0.092088 -0.205379 0.619029 -0.048224 -0.092418 0.678896 0.005015 -0.208270 0.396191 0.006180 -0.238966 0.512586 0.012428 -0.135086 0.561300 
0.000000 0.000000 0.000000 -0.057633 0.043474 -0.020307 -0.293287 -0.119595 0.301613 -0.169067 -0.152516 0.290331 -0.078287 -0.160233 0.259312 0.003274 -0.163917 0.226917 -0.127087 0.162987 0.260298 -0.170547 0.237770 0.435882 -0.157458 0.333456 0.557372 -0.312999 -0.177202 0.520046 -0.324912 -0.212018 0.652061 -0.290611 -0.127130 0.724246 -0.201827 -0.172125 0.524888 -0.224109 -0.185462 0.684419 -0.192386 -0.065918 0.742232 -0.084239 -0.186812 0.469007 -0.088507 -0.205872 0.619371 -0.042876 -0.093590 0.679193 0.006802 -0.207336 0.396295 0.009230 -0.237221 0.512880 0.016763 -0.133483 0.561714 
0.000000 0.000000 0.000000 -0.057470 0.043907 -0.019830 -0.291399 -0.116818 0.304517 -0.167559 -0.150751 0.292122 -0.077138 -0.159239 0.260267 0.004084 -0.163624 0.227116 -0.124297 0.164050 0.261144 -0.166114 0.239227 0.436959 -0.150967 0.334884 0.558231 -0.311289 -0.175208 0.522726 -0.323310 -0.210497 0.654606 -0.287754 -0.126061 0.726713 -0.198448 -0.172162 0.526775 -0.219457 -0.186723 0.686372 -0.186010 -0.067664 0.744211 -0.082546 -0.186234 0.469923 -0.086424 -0.205591 0.620260 -0.039363 -0.093726 0.679752 0.007738 -0.207651 0.396333 0.010252 -0.237956 0.512809 0.019052 -0.134298 0.561602 
0.000000 0.000000 0.000000 -0.057307 0.044213 -0.019622 -0.290567 -0.114568 0.306162 -0.166993 -0.149255 0.293212 -0.076784 -0.158333 0.260924 0.004245 -0.163255 0.227378 -0.122195 0.163521 0.262161 -0.162799 0.238177 0.438482 -0.146455 0.333677 0.559723 -0.308762 -0.172385 0.524671 -0.319758 -0.207328 0.656732 -0.283250 -0.123205 0.728729 -0.197583 -0.170171 0.527949 -0.218388 -0.184397 0.687603 -0.183904 -0.065613 0.745399 -0.083010 -0.184732 0.470633 -0.087474 -0.203662 0.621008 -0.039397 -0.092142 0.680336 0.006730 -0.207840 0.396471 0.008441 -0.238528 0.512861 0.017986 -0.135011 0.561811 
0.000000 0.000000 0.000000 -0.057264 0.044513 -0.019061 -0.287091 -0.110927 0.310748 -0.163954 -0.146550 0.296276 -0.074265 -0.156431 0.262793 0.006255 -0.162099 0.228158 -0.118198 0.166968 0.262254 -0.156327 0.243592 0.438283 -0.137858 0.339771 0.558679 -0.303205 -0.167118 0.529844 -0.312944 -0.201079 0.662259 -0.274822 -0.117139 0.733630 -0.191832 -0.163713 0.531654 -0.210794 -0.175386 0.691744 -0.174595 -0.056647 0.748578 -0.077843 -0.183012 0.472541 -0.080408 -0.202073 0.622944 -0.030596 -0.090865 0.681422 0.009960 -0.206098 0.397381 0.012509 -0.236385 0.513861 0.023253 -0.132836 0.562496 
0.000000 0.000000 0.000000 -0.057542 0.044002 -0.019409 -0.286744 -0.110989 0.311046 -0.163346 -0.145856 0.296954 -0.073547 -0.155325 0.263650 0.007057 -0.160652 0.229155 -0.114793 0.165696 0.263007 -0.150618 0.241844 0.439725 -0.130286 0.337577 0.560177 -0.301755 -0.165701 0.530594 -0.310828 -0.198768 0.663283 -0.271614 -0.115314 0.734634 -0.188605 -0.163848 0.532565 -0.205785 -0.176086 0.692814 -0.168473 -0.057754 0.749776 -0.075248 -0.182166 0.473389 -0.076468 -0.201412 0.623784 -0.025317 -0.090609 0.681873 0.012531 -0.205320 0.398156 0.016298 -0.236065 0.514482 0.028113 -0.132647 0.563146 
0.000000 0.000000 0.000000 -0.057054 0.044973 -0.018607 -0.285705 -0.109024 0.312693 -0.162953 -0.145582 0.297303 -0.073586 -0.156120 0.263169 0.006638 -0.162373 0.227952 -0.114629 0.165972 0.264042 -0.150655 0.241685 0.440906 -0.129988 0.337296 0.561397 -0.301068 -0.164852 0.531935 -0.310353 -0.198592 0.664440 -0.270978 -0.115204 0.735777 -0.188033 -0.163810 0.532916 -0.205091 -0.176208 0.693165 -0.167521 -0.057947 0.750104 -0.074588 -0.181780 0.473060 -0.075306 -0.200180 0.623565 -0.023865 -0.089409 0.681458 0.012760 -0.206364 0.397107 0.016973 -0.236643 0.513541 0.028933 -0.133268 0.562262 
0.000000 0.000000 0.000000 -0.057619 0.044054 -0.019056 -0.284538 -0.109931 0.313438 -0.161306 -0.145019 0.298475 -0.071778 -0.154695 0.264506 0.008553 -0.160217 0.229409 -0.112337 0.164880 0.264234 -0.146576 0.240485 0.441499 -0.125165 0.336035 0.561908 -0.299008 -0.166374 0.532584 -0.307752 -0.200487 0.665030 -0.268127 -0.117275 0.736436 -0.186403 -0.164642 0.533973 -0.203472 -0.177988 0.694145 -0.165666 -0.059831 0.751144 -0.072415 -0.181715 0.474228 -0.072872 -0.201089 0.624611 -0.021149 -0.090362 0.682339 0.014106 -0.205842 0.398151 0.017928 -0.237247 0.514299 0.030045 -0.133893 0.563025 
0.000000 0.000000 0.000000 -0.057103 0.045003 -0.018382 -0.284107 -0.108082 0.314471 -0.161484 -0.144812 0.298479 -0.072318 -0.155521 0.263874 0.007704 -0.161936 0.228229 -0.113087 0.166061 0.264561 -0.148119 0.241812 0.441608 -0.126654 0.337368 0.562005 -0.299367 -0.164489 0.533572 -0.308590 -0.198580 0.665991 -0.268962 -0.115423 0.737459 -0.187796 -0.163735 0.533902 -0.205692 -0.176605 0.694023 -0.167782 -0.058499 0.751059 -0.073328 -0.182295 0.473626 -0.074053 -0.201494 0.624031 -0.022188 -0.090849 0.681786 0.013137 -0.205978 0.397395 0.016876 -0.236292 0.513835 0.029049 -0.132904 0.562475 
0.000000 0.000000 0.000000 -0.056747 0.045582 -0.018054 -0.284073 -0.106483 0.315046 -0.161843 -0.144282 0.298542 -0.072890 -0.155695 0.263614 0.006955 -0.162727 0.227690 -0.114879 0.167070 0.264271 -0.151254 0.243091 0.440931 -0.130370 0.339004 0.561145 -0.300333 -0.164015 0.533783 -0.310160 -0.198786 0.665982 -0.270967 -0.115433 0.737461 -0.189655 -0.164503 0.533684 -0.208571 -0.178255 0.693614 -0.170938 -0.060024 0.750573 -0.074851 -0.182237 0.473389 -0.076256 -0.201269 0.623810 -0.024721 -0.090361 0.681357 0.012227 -0.205883 0.397089 0.015855 -0.235588 0.513690 0.027638 -0.132044 0.562094 
0.000000 0.000000 0.000000 -0.057425 0.044289 -0.019097 -0.284921 -0.108206 0.313691 -0.161854 -0.143874 0.298732 -0.072383 -0.154004 0.264745 0.007909 -0.159938 0.229627 -0.116159 0.168015 0.262130 -0.152911 0.245434 0.438104 -0.132887 0.341854 0.558058 -0.300282 -0.163177 0.533150 -0.309566 -0.196399 0.665786 -0.271082 -0.112646 0.737182 -0.188154 -0.161840 0.534232 -0.206042 -0.174059 0.694404 -0.169172 -0.055397 0.750966 -0.075478 -0.178983 0.474698 -0.077697 -0.196894 0.625247 -0.027117 -0.085398 0.682504 0.013921 -0.202753 0.399088 0.018060 -0.232225 0.515731 0.029009 -0.128469 0.563877 
0.000000 0.000000 0.000000 -0.057806 0.043600 -0.019529 -0.285356 -0.110387 0.312533 -0.161830 -0.144748 0.298322 -0.072078 -0.153998 0.264831 0.008457 -0.159157 0.230149 -0.118322 0.167672 0.261166 -0.156190 0.245309 0.436807 -0.137538 0.342214 0.556592 -0.299956 -0.164364 0.532291 -0.308779 -0.196986 0.665106 -0.271459 -0.112829 0.736646 -0.188099 -0.162421 0.533847 -0.205966 -0.174441 0.694037 -0.170111 -0.055392 0.750438 -0.074456 -0.178221 0.474882 -0.076161 -0.195590 0.625501 -0.026716 -0.083484 0.682559 0.013927 -0.202210 0.399568 0.017692 -0.231844 0.516183 0.027523 -0.127961 0.564296 
0.000000 0.000000 0.000000 -0.058180 0.042965 -0.019825 -0.285624 -0.113306 0.311241 -0.161669 -0.146341 0.297632 -0.071665 -0.154638 0.264570 0.009084 -0.158945 0.230272 -0.122693 0.165510 0.260652 -0.163061 0.242190 0.436156 -0.146420 0.339238 0.556121 -0.301645 -0.167958 0.530732 -0.311327 -0.200988 0.663387 -0.275513 -0.116530 0.735342 -0.190786 -0.165938 0.532669 -0.210589 -0.179266 0.692528 -0.176760 -0.059818 0.749335 -0.075715 -0.179531 0.474517 -0.078619 -0.197381 0.625062 -0.030849 -0.084725 0.682460 0.013937 -0.203330 0.399366 0.017278 -0.233881 0.515756 0.025594 -0.130051 0.564267 
0.000000 0.000000 0.000000 -0.059227 0.040809 -0.021230 -0.287434 -0.120903 0.306683 -0.162187 -0.149762 0.295642 -0.071342 -0.155195 0.264331 0.010142 -0.156965 0.231582 -0.129155 0.164208 0.257569 -0.172912 0.241424 0.432023 -0.160030 0.338552 0.552385 -0.303365 -0.176015 0.526067 -0.312994 -0.209323 0.658656 -0.279980 -0.124487 0.731499 -0.192790 -0.168599 0.530552 -0.213604 -0.181411 0.690325 -0.182927 -0.061231 0.747377 -0.076392 -0.180042 0.474262 -0.080014 -0.197860 0.624795 -0.035230 -0.084071 0.682367 0.014703 -0.201972 0.400519 0.017842 -0.232951 0.516802 0.023321 -0.129069 0.565604 
0.000000 0.000000 0.000000 -0.059942 0.039414 -0.021849 -0.287637 -0.127476 0.303818 -0.161647 -0.153415 0.294060 -0.070388 -0.156742 0.263674 0.011443 -0.156624 0.231752 -0.133770 0.160808 0.256825 -0.179966 0.236769 0.431201 -0.170603 0.333544 0.552171 -0.305207 -0.181449 0.523359 -0.315826 -0.214069 0.656044 -0.286209 -0.128471 0.729454 -0.193492 -0.173623 0.528692 -0.215150 -0.187366 0.688274 -0.188259 -0.066348 0.745465 -0.078096 -0.182253 0.473444 -0.083623 -0.200547 0.623862 -0.042461 -0.085581 0.681798 0.014986 -0.200047 0.401128 0.017424 -0.229936 0.517713 0.019656 -0.125894 0.566431 
0.000000 0.000000 0.000000 -0.060327 0.038877 -0.021751 -0.287660 -0.134641 0.300689 -0.161289 -0.158828 0.291371 -0.069823 -0.160623 0.261479 0.012178 -0.159080 0.230036 -0.141979 0.156984 0.256152 -0.193071 0.230888 0.430045 -0.188273 0.326800 0.551966 -0.307204 -0.190934 0.519479 -0.319016 -0.224956 0.651710 -0.292743 -0.139162 0.726157 -0.197997 -0.180253 0.525182 -0.222965 -0.194826 0.684207 -0.200380 -0.073300 0.742179 -0.080467 -0.185789 0.471162 -0.088099 -0.203836 0.621518 -0.051113 -0.087826 0.680185 0.016340 -0.202407 0.399422 0.019204 -0.232230 0.516014 0.017875 -0.128458 0.565336 
0.000000 0.000000 0.000000 -0.061335 0.036702 -0.022690 -0.287295 -0.144998 0.296188 -0.160010 -0.164640 0.288839 -0.068085 -0.163144 0.260374 0.014288 -0.158650 0.230211 -0.150659 0.151958 0.254047 -0.206553 0.224079 0.427211 -0.206608 0.319505 0.549606 -0.308466 -0.204412 0.514000 -0.321260 -0.240320 0.645639 -0.299390 -0.154263 0.721197 -0.197958 -0.189427 0.522120 -0.223768 -0.206285 0.680784 -0.206054 -0.084010 0.738872 -0.080251 -0.191393 0.469581 -0.088975 -0.211649 0.619596 -0.056845 -0.094441 0.678739 0.016829 -0.202169 0.399580 0.018577 -0.232123 0.516160 0.012879 -0.128393 0.565259 
0.000000 0.000000 0.000000 -0.062564 0.033593 -0.024106 -0.286378 -0.159499 0.289548 -0.158131 -0.172715 0.285134 -0.065767 -0.166578 0.258791 0.016947 -0.157926 0.230528 -0.160226 0.142961 0.252203 -0.221336 0.211397 0.425100 -0.227150 0.305205 0.548603 -0.306996 -0.221512 0.506687 -0.319458 -0.258991 0.637920 -0.302154 -0.173052 0.714785 -0.195816 -0.199901 0.518191 -0.221446 -0.218391 0.676702 -0.209358 -0.095771 0.735502 -0.076267 -0.198207 0.467604 -0.083795 -0.220887 0.617336 -0.056970 -0.102826 0.677420 0.018288 -0.205402 0.398845 0.019211 -0.238080 0.514701 0.008794 -0.134986 0.564361 
0.000000 0.000000 0.000000 -0.063571 0.030362 -0.025704 -0.285333 -0.175726 0.281062 -0.156494 -0.182144 0.280126 -0.063901 -0.171025 0.256346 0.018980 -0.157894 0.230392 -0.170416 0.135753 0.248746 -0.237273 0.201700 0.420479 -0.249288 0.293452 0.545075 -0.304807 -0.238044 0.498219 -0.316577 -0.275706 0.629464 -0.304065 -0.189873 0.707368 -0.197650 -0.213335 0.512091 -0.225641 -0.234549 0.669859 -0.219715 -0.112010 0.729762 -0.076873 -0.203178 0.464941 -0.086175 -0.226233 0.614516 -0.065617 -0.107463 0.675663 0.021045 -0.206543 0.398366 0.022466 -0.240030 0.513985 0.006856 -0.137834 0.564138 
0.000000 0.000000 0.000000 -0.064390 0.027507 -0.026855 -0.282125 -0.187508 0.276653 -0.153131 -0.188290 0.277912 -0.060720 -0.173179 0.255672 0.021937 -0.156485 0.231089 -0.178955 0.129888 0.245614 -0.250643 0.193952 0.416107 -0.268160 0.284603 0.540856 -0.301297 -0.250368 0.493681 -0.312884 -0.288358 0.624847 -0.305818 -0.201908 0.702755 -0.197482 -0.214414 0.509914 -0.227646 -0.232182 0.667708 -0.228981 -0.108791 0.726122 -0.077517 -0.203229 0.464307 -0.089562 -0.224776 0.613912 -0.075876 -0.104697 0.674424 0.023886 -0.204433 0.399266 0.025228 -0.237437 0.515026 0.003985 -0.135810 0.564258 
0.000000 0.000000 0.000000 -0.065100 0.023690 -0.028717 -0.278387 -0.202341 0.269905 -0.149641 -0.195750 0.274640 -0.057672 -0.175463 0.254819 0.024537 -0.154163 0.232385 -0.188269 0.120561 0.242008 -0.265341 0.181176 0.411409 -0.289334 0.269906 0.536462 -0.298515 -0.267467 0.486177 -0.310679 -0.306828 0.616886 -0.308955 -0.220635 0.695379 -0.194891 -0.228195 0.505668 -0.225666 -0.250263 0.662800 -0.233597 -0.127326 0.721648 -0.074902 -0.209859 0.462746 -0.087257 -0.234523 0.611843 -0.080347 -0.114079 0.672781 0.025273 -0.201539 0.400734 0.025780 -0.234149 0.516611 -0.001585 -0.133697 0.565229 
0.000000 0.000000 0.000000 -0.065520 0.021030 -0.029812 -0.274336 -0.215598 0.263719 -0.146102 -0.203508 0.270880 -0.054742 -0.179181 0.252871 0.026872 -0.154246 0.232072 -0.197337 0.111203 0.239148 -0.279819 0.167628 0.407446 -0.309358 0.253966 0.532985 -0.293624 -0.281317 0.479888 -0.305281 -0.321036 0.610535 -0.308744 -0.235111 0.689263 -0.192485 -0.239488 0.501159 -0.224033 -0.263959 0.657781 -0.238499 -0.141737 0.716874 -0.071375 -0.210928 0.461268 -0.083301 -0.233692 0.610701 -0.082730 -0.112976 0.671491 0.027943 -0.200280 0.400790 0.028680 -0.231966 0.516923 -0.003765 -0.132890 0.565238 
0.000000 0.000000 0.000000 -0.065627 0.016505 -0.032319 -0.269137 -0.231011 0.255908 -0.142295 -0.210561 0.267495 -0.052111 -0.180482 0.252501 0.028415 -0.150450 0.234368 -0.208668 0.100991 0.232723 -0.298174 0.153857 0.398570 -0.335887 0.237768 0.523564 -0.290585 -0.297842 0.471533 -0.303547 -0.338233 0.601850 -0.313767 -0.252657 0.680371 -0.192827 -0.250234 0.496289 -0.227195 -0.277218 0.651902 -0.249908 -0.155924 0.710309 -0.072731 -0.215177 0.460070 -0.087517 -0.240056 0.608910 -0.095349 -0.119439 0.669393 0.027906 -0.199431 0.402258 0.027556 -0.233146 0.517819 -0.011578 -0.136190 0.565478 
0.000000 0.000000 0.000000 -0.065591 0.013560 -0.033731 -0.263921 -0.243081 0.250096 -0.138407 -0.216953 0.264410 -0.049365 -0.182835 0.251358 0.030100 -0.149196 0.234959 -0.219621 0.092878 0.226711 -0.316002 0.142510 0.389679 -0.360666 0.223927 0.514030 -0.287211 -0.310271 0.465417 -0.301287 -0.350879 0.595551 -0.317583 -0.265665 0.673435 -0.193541 -0.258260 0.491848 -0.231039 -0.286355 0.646539 -0.261434 -0.166210 0.703816 -0.072526 -0.218561 0.458483 -0.089133 -0.244178 0.607005 -0.104490 -0.123957 0.666829 0.027162 -0.196351 0.403345 0.025140 -0.228809 0.519249 -0.020132 -0.133944 0.565663 
0.000000 0.000000 0.000000 -0.064962 0.008777 -0.036424 -0.256596 -0.258434 0.242199 -0.133813 -0.223692 0.261139 -0.046841 -0.183691 0.251216 0.030752 -0.144849 0.237580 -0.225287 0.080659 0.222372 -0.325608 0.125638 0.384309 -0.375785 0.203891 0.508589 -0.282273 -0.327145 0.456768 -0.297791 -0.368673 0.586447 -0.319589 -0.284821 0.664466 -0.192085 -0.267178 0.487386 -0.231718 -0.296755 0.641266 -0.268529 -0.177977 0.697623 -0.073934 -0.219374 0.457872 -0.093362 -0.244962 0.606056 -0.115659 -0.125423 0.665060 0.027933 -0.193413 0.405568 0.025992 -0.226840 0.521197 -0.024525 -0.134286 0.566857 
0.000000 0.000000 0.000000 -0.064492 0.005965 -0.037804 -0.250202 -0.269532 0.236731 -0.129480 -0.229489 0.258277 -0.044141 -0.185732 0.250203 0.031959 -0.143538 0.238215 -0.235006 0.071111 0.216219 -0.341702 0.111875 0.375169 -0.398493 0.186863 0.498613 -0.277784 -0.338545 0.450966 -0.294454 -0.380254 0.580444 -0.322224 -0.297201 0.657412 -0.189555 -0.273532 0.483944 -0.230415 -0.303488 0.637429 -0.274870 -0.186450 0.691883 -0.073197 -0.224339 0.456064 -0.094032 -0.252023 0.603680 -0.123959 -0.133836 0.662025 0.028784 -0.190743 0.406584 0.026598 -0.223234 0.522475 -0.029755 -0.133483 0.566882 
0.000000 0.000000 0.000000 -0.063206 0.001030 -0.040347 -0.240094 -0.283664 0.230609 -0.123381 -0.235060 0.256245 -0.041024 -0.185551 0.250867 0.032386 -0.138289 0.241243 -0.240092 0.059820 0.210853 -0.350776 0.096607 0.368038 -0.414117 0.168078 0.490376 -0.265950 -0.348368 0.446398 -0.281576 -0.387474 0.576815 -0.314825 -0.305231 0.652470 -0.184441 -0.281194 0.481228 -0.225971 -0.312571 0.634249 -0.277787 -0.197847 0.687096 -0.071531 -0.222075 0.456898 -0.093407 -0.248265 0.604636 -0.130609 -0.131272 0.661174 0.029112 -0.186089 0.409442 0.026859 -0.218991 0.525216 -0.035123 -0.132362 0.568307 
0.000000 0.000000 0.000000 -0.062955 0.000285 -0.040748 -0.235950 -0.291073 0.225598 -0.120378 -0.240513 0.252586 -0.038975 -0.189343 0.248347 0.033553 -0.140544 0.239777 -0.251613 0.049916 0.203775 -0.369662 0.080972 0.356781 -0.439859 0.148719 0.477486 -0.265282 -0.361040 0.439290 -0.283009 -0.403326 0.568440 -0.322350 -0.322708 0.642914 -0.184630 -0.291802 0.475556 -0.228330 -0.326685 0.627207 -0.287125 -0.214628 0.678450 -0.072918 -0.228337 0.453386 -0.097256 -0.256299 0.600412 -0.141881 -0.141364 0.655790 0.024994 -0.187826 0.407935 0.019103 -0.220371 0.523683 -0.048425 -0.137298 0.565419 
0.000000 0.000000 0.000000 -0.060242 -0.005097 -0.044371 -0.226528 -0.304882 0.216846 -0.116907 -0.245290 0.249606 -0.039469 -0.188142 0.249181 0.029574 -0.134094 0.243957 -0.256267 0.038861 0.195396 -0.378927 0.066367 0.345426 -0.455601 0.130135 0.464344 -0.259706 -0.374678 0.430031 -0.279757 -0.416861 0.558874 -0.324918 -0.338032 0.631946 -0.186554 -0.296356 0.471001 -0.233924 -0.331088 0.621581 -0.299176 -0.221467 0.670209 -0.074929 -0.229333 0.453533 -0.100356 -0.258871 0.600065 -0.151958 -0.146186 0.653985 0.020723 -0.184012 0.411338 0.014631 -0.218371 0.526549 -0.057845 -0.138946 0.567070 
0.000000 0.000000 0.000000 -0.058751 -0.007182 -0.046051 -0.220059 -0.315107 0.208739 -0.113841 -0.251435 0.244863 -0.038761 -0.191256 0.246911 0.028189 -0.134476 0.243911 -0.263670 0.025997 0.187943 -0.391896 0.046758 0.334362 -0.474864 0.105744 0.451510 -0.255408 -0.387091 0.420845 -0.276772 -0.430595 0.549036 -0.327171 -0.353759 0.620794 -0.185956 -0.306918 0.464398 -0.235005 -0.344654 0.613713 -0.306585 -0.238243 0.660536 -0.081699 -0.234263 0.449446 -0.112488 -0.265102 0.594676 -0.170946 -0.155047 0.647009 0.015169 -0.183245 0.411358 0.006207 -0.216814 0.526614 -0.071293 -0.141544 0.565748 
0.000000 0.000000 0.000000 -0.055402 -0.011884 -0.049125 -0.207745 -0.328693 0.200234 -0.108653 -0.257059 0.241355 -0.038408 -0.191494 0.246782 0.024273 -0.129960 0.246764 -0.266322 0.015955 0.180186 -0.398303 0.033375 0.323675 -0.486823 0.087705 0.438997 -0.249036 -0.397896 0.412191 -0.273992 -0.439721 0.540293 -0.329444 -0.364989 0.610530 -0.187150 -0.316951 0.457516 -0.240539 -0.357685 0.604536 -0.318197 -0.254758 0.649420 -0.083043 -0.234685 0.448910 -0.115050 -0.265656 0.593849 -0.179836 -0.158424 0.644564 0.012769 -0.178059 0.414515 0.004851 -0.211167 0.529981 -0.076978 -0.140002 0.567965 
0.000000 0.000000 0.000000 -0.053526 -0.013814 -0.050676 -0.199448 -0.338166 0.192755 -0.104514 -0.262821 0.236937 -0.037180 -0.194485 0.244621 0.022909 -0.130450 0.246636 -0.271300 0.002618 0.173268 -0.407568 0.012899 0.313397 -0.501655 0.061768 0.426739 -0.241906 -0.412488 0.402740 -0.267566 -0.457406 0.529650 -0.328052 -0.385789 0.598971 -0.183204 -0.326504 0.451942 -0.236724 -0.369817 0.598175 -0.320119 -0.270593 0.641062 -0.083081 -0.244074 0.444990 -0.115995 -0.279633 0.588667 -0.187257 -0.176190 0.638560 0.010757 -0.183639 0.412797 0.002393 -0.220250 0.527169 -0.083801 -0.154181 0.564699 
0.000000 0.000000 0.000000 -0.051357 -0.015570 -0.052383 -0.190331 -0.348341 0.183638 -0.100079 -0.269463 0.231325 -0.036007 -0.198392 0.241641 0.021185 -0.131870 0.246034 -0.277919 -0.012676 0.163273 -0.419687 -0.010865 0.298216 -0.520089 0.032137 0.408475 -0.238177 -0.428052 0.390464 -0.267093 -0.476227 0.515464 -0.333226 -0.408769 0.583794 -0.184696 -0.340889 0.441593 -0.242248 -0.389468 0.584605 -0.331523 -0.294577 0.625409 -0.088043 -0.253092 0.439160 -0.125356 -0.292315 0.580794 -0.202870 -0.192761 0.629257 0.002741 -0.187143 0.410931 -0.009955 -0.225189 0.524432 -0.100466 -0.164467 0.560816 
0.000000 0.000000 0.000000 -0.047187 -0.018866 -0.055148 -0.177798 -0.359712 0.174027 -0.095641 -0.275176 0.226424 -0.036941 -0.200136 0.240057 0.015533 -0.130081 0.247404 -0.280080 -0.025986 0.153554 -0.425809 -0.030441 0.284146 -0.532444 0.007297 0.390409 -0.227913 -0.443101 0.378856 -0.258201 -0.493500 0.502649 -0.329082 -0.429732 0.569752 -0.182499 -0.350004 0.434585 -0.241574 -0.400898 0.576164 -0.336519 -0.310444 0.614148 -0.090668 -0.260952 0.435322 -0.129194 -0.304561 0.575339 -0.212916 -0.209287 0.622045 -0.001370 -0.188388 0.411419 -0.013004 -0.228522 0.524314 -0.107337 -0.173021 0.559300 
0.000000 0.000000 0.000000 -0.044471 -0.019901 -0.057010 -0.169118 -0.369001 0.162875 -0.092262 -0.282064 0.219237 -0.037118 -0.204969 0.235916 0.012224 -0.133008 0.246030 -0.284168 -0.038175 0.143134 -0.434155 -0.049610 0.268372 -0.546947 -0.017881 0.370146 -0.223838 -0.455429 0.365250 -0.256910 -0.507664 0.487560 -0.332960 -0.448072 0.552817 -0.183533 -0.364230 0.422689 -0.245610 -0.420114 0.561065 -0.345663 -0.334358 0.596767 -0.095773 -0.270265 0.428294 -0.137833 -0.317086 0.566242 -0.227491 -0.226468 0.611160 -0.007253 -0.193824 0.408843 -0.020659 -0.235685 0.520911 -0.118647 -0.186165 0.554809 
0.000000 0.000000 0.000000 -0.038559 -0.023935 -0.059701 -0.147620 -0.381477 0.154836 -0.082588 -0.287962 0.215394 -0.035553 -0.206313 0.234984 0.006609 -0.130310 0.247683 -0.282946 -0.058714 0.132423 -0.435868 -0.080476 0.252642 -0.554868 -0.056715 0.349395 -0.205895 -0.473441 0.353749 -0.241115 -0.529023 0.473967 -0.322693 -0.474760 0.537164 -0.177126 -0.376824 0.414493 -0.241425 -0.437262 0.549909 -0.347888 -0.358066 0.582048 -0.097481 -0.273044 0.425839 -0.141887 -0.320895 0.562693 -0.238850 -0.236398 0.604245 -0.014632 -0.193091 0.409527 -0.029252 -0.236306 0.520928 -0.131360 -0.194437 0.552928 
0.000000 0.000000 0.000000 -0.033862 -0.026125 -0.061601 -0.131613 -0.390228 0.147278 -0.075704 -0.293024 0.211052 -0.034879 -0.208675 0.232990 0.001795 -0.130247 0.247798 -0.284552 -0.072982 0.119520 -0.441418 -0.102302 0.232854 -0.566453 -0.086537 0.323433 -0.193216 -0.484002 0.344335 -0.230448 -0.540677 0.463431 -0.317578 -0.491259 0.523091 -0.173459 -0.388077 0.405689 -0.239947 -0.452726 0.538069 -0.352325 -0.379925 0.564723 -0.097793 -0.280154 0.421792 -0.142906 -0.331409 0.557175 -0.246708 -0.253182 0.594242 -0.019945 -0.192831 0.409652 -0.034908 -0.235909 0.521060 -0.140696 -0.201097 0.549348 
0.000000 0.000000 0.000000 -0.028861 -0.027092 -0.063695 -0.122085 -0.397132 0.136646 -0.074650 -0.298051 0.204280 -0.039149 -0.212126 0.229164 -0.007086 -0.132240 0.246644 -0.286408 -0.085863 0.103821 -0.447565 -0.122638 0.208641 -0.577884 -0.112996 0.292372 -0.190731 -0.496370 0.328634 -0.232218 -0.556346 0.444667 -0.324482 -0.511878 0.500373 -0.175938 -0.398903 0.394132 -0.244827 -0.467497 0.523259 -0.361507 -0.399786 0.544243 -0.110116 -0.289227 0.412829 -0.161005 -0.344512 0.544528 -0.270092 -0.271272 0.576212 -0.034141 -0.197911 0.406462 -0.052763 -0.243114 0.516468 -0.161528 -0.214124 0.539551 
0.000000 0.000000 0.000000 -0.022638 -0.027754 -0.065887 -0.113684 -0.403598 0.124397 -0.076169 -0.303127 0.196086 -0.046673 -0.215921 0.224156 -0.019759 -0.134833 0.244542 -0.286221 -0.098588 0.086930 -0.451154 -0.142911 0.182553 -0.587855 -0.140641 0.256000 -0.189444 -0.507396 0.311230 -0.235231 -0.570129 0.424146 -0.332080 -0.529894 0.475083 -0.184781 -0.412578 0.376913 -0.258652 -0.487021 0.499900 -0.378694 -0.423692 0.514688 -0.122008 -0.301625 0.402182 -0.176028 -0.363080 0.529837 -0.289770 -0.295182 0.556683 -0.052794 -0.205750 0.400958 -0.075532 -0.254563 0.508621 -0.186576 -0.231716 0.527338 
0.000000 0.000000 0.000000 -0.020738 -0.026709 -0.066936 -0.108120 -0.408418 0.113117 -0.074078 -0.308863 0.187759 -0.046903 -0.221749 0.218343 -0.022030 -0.140628 0.241059 -0.288483 -0.107556 0.073143 -0.456021 -0.158144 0.160796 -0.595856 -0.161620 0.228035 -0.187597 -0.520136 0.293734 -0.235631 -0.587655 0.402894 -0.335565 -0.551267 0.450666 -0.186050 -0.423536 0.363220 -0.262207 -0.501530 0.482559 -0.384597 -0.441957 0.493102 -0.125897 -0.310982 0.393018 -0.182541 -0.374967 0.518270 -0.299600 -0.311398 0.541167 -0.059268 -0.214637 0.395080 -0.084900 -0.265579 0.501095 -0.197293 -0.247694 0.516936 
0.000000 0.000000 0.000000 -0.017223 -0.026489 -0.068012 -0.100989 -0.412584 0.104239 -0.072864 -0.313001 0.181269 -0.049445 -0.225527 0.213866 -0.027835 -0.144015 0.238445 -0.286534 -0.116243 0.063374 -0.455051 -0.172404 0.145587 -0.597325 -0.180997 0.206998 -0.181259 -0.527377 0.282563 -0.229771 -0.596755 0.390337 -0.332105 -0.563445 0.435184 -0.187927 -0.431748 0.351956 -0.266187 -0.512512 0.468047 -0.390118 -0.455621 0.474673 -0.132889 -0.319778 0.383771 -0.192724 -0.387361 0.505603 -0.312238 -0.327290 0.524992 -0.066834 -0.220185 0.390969 -0.093678 -0.272614 0.495954 -0.207046 -0.259123 0.508948 
0.000000 0.000000 0.000000 -0.014657 -0.025603 -0.068946 -0.101121 -0.414861 0.094634 -0.076480 -0.316225 0.174039 -0.054915 -0.229070 0.208704 -0.034834 -0.147770 0.235206 -0.287532 -0.121722 0.049993 -0.458280 -0.181867 0.124417 -0.603050 -0.193591 0.179107 -0.187549 -0.533469 0.267499 -0.239784 -0.605153 0.371974 -0.344233 -0.573925 0.413306 -0.195723 -0.440684 0.337641 -0.276825 -0.525334 0.448913 -0.401637 -0.470067 0.451557 -0.143593 -0.326735 0.373966 -0.207180 -0.396766 0.492470 -0.328402 -0.339016 0.507902 -0.078501 -0.226770 0.385000 -0.108558 -0.281147 0.488107 -0.222548 -0.270380 0.497784 
0.000000 0.000000 0.000000 -0.012725 -0.025037 -0.069535 -0.097389 -0.417245 0.087822 -0.075949 -0.319164 0.168829 -0.056407 -0.232109 0.204914 -0.038081 -0.150838 0.232742 -0.286401 -0.124090 0.045078 -0.457650 -0.186071 0.116795 -0.603220 -0.199794 0.168832 -0.186449 -0.539664 0.256647 -0.240275 -0.613651 0.358680 -0.345404 -0.583980 0.399432 -0.199302 -0.445615 0.327790 -0.283199 -0.531619 0.435906 -0.408426 -0.477253 0.437287 -0.146395 -0.334095 0.366824 -0.210922 -0.407225 0.482923 -0.332852 -0.350796 0.497649 -0.083073 -0.233090 0.380379 -0.114043 -0.289706 0.482000 -0.228244 -0.280498 0.490744 
0.000000 0.000000 0.000000 -0.012361 -0.023380 -0.070175 -0.095999 -0.419656 0.077224 -0.075266 -0.323500 0.160685 -0.056218 -0.237275 0.198963 -0.038330 -0.156636 0.228839 -0.286044 -0.126796 0.040502 -0.457297 -0.191506 0.109755 -0.603011 -0.207437 0.160751 -0.184710 -0.546540 0.242908 -0.238324 -0.623225 0.343042 -0.343784 -0.594961 0.383939 -0.196739 -0.454438 0.317447 -0.279359 -0.543493 0.424066 -0.404718 -0.489454 0.426092 -0.146505 -0.343094 0.358224 -0.211247 -0.418972 0.472425 -0.333524 -0.363389 0.487487 -0.083181 -0.242187 0.374632 -0.114052 -0.301073 0.474985 -0.228358 -0.292802 0.483275 
0.000000 0.000000 0.000000 -0.010915 -0.022492 -0.070703 -0.094552 -0.421296 0.069712 -0.076003 -0.326166 0.154844 -0.058243 -0.240354 0.194638 -0.041452 -0.160018 0.225936 -0.285144 -0.127980 0.036616 -0.456738 -0.193987 0.103769 -0.602621 -0.211164 0.153868 -0.184984 -0.551790 0.231618 -0.239639 -0.630656 0.329470 -0.345284 -0.603059 0.370344 -0.197488 -0.462163 0.307227 -0.280115 -0.554660 0.410869 -0.405366 -0.500397 0.413528 -0.147327 -0.349784 0.352127 -0.211205 -0.428252 0.465057 -0.333517 -0.372928 0.480775 -0.087122 -0.249893 0.368845 -0.118558 -0.311755 0.467213 -0.232900 -0.303730 0.475257 
0.000000 0.000000 0.000000 -0.010953 -0.021972 -0.070860 -0.095599 -0.421539 0.066752 -0.076838 -0.327050 0.152550 -0.058879 -0.241561 0.192945 -0.041898 -0.161487 0.224806 -0.285255 -0.128656 0.035080 -0.456895 -0.195412 0.101370 -0.602931 -0.212815 0.150942 -0.185881 -0.553681 0.227399 -0.240446 -0.633544 0.324491 -0.346041 -0.606213 0.365671 -0.199527 -0.464931 0.302251 -0.282973 -0.558710 0.404070 -0.408052 -0.504061 0.406956 -0.149202 -0.352717 0.348508 -0.213971 -0.432422 0.460056 -0.336262 -0.377110 0.475978 -0.087491 -0.252291 0.367151 -0.118872 -0.314793 0.465131 -0.233195 -0.306690 0.473356 
0.000000 0.000000 0.000000 -0.012209 -0.020785 -0.071013 -0.099280 -0.421435 0.061860 -0.078250 -0.328453 0.148771 -0.058771 -0.243779 0.190168 -0.040454 -0.164381 0.222965 -0.286787 -0.127142 0.034542 -0.458600 -0.193692 0.100591 -0.604671 -0.210958 0.150108 -0.188684 -0.556530 0.220530 -0.242717 -0.638178 0.316426 -0.348115 -0.610922 0.358158 -0.200552 -0.466677 0.298473 -0.283734 -0.560689 0.400292 -0.408592 -0.505582 0.403872 -0.150287 -0.356399 0.343971 -0.215909 -0.437154 0.454258 -0.338032 -0.381657 0.470814 -0.085335 -0.256708 0.364555 -0.116228 -0.320259 0.462014 -0.230469 -0.311878 0.471056 
0.000000 0.000000 0.000000 -0.013724 -0.019734 -0.071036 -0.102456 -0.421187 0.058265 -0.078878 -0.329562 0.145960 -0.057772 -0.245635 0.188074 -0.038040 -0.166860 0.221545 -0.288418 -0.126576 0.033724 -0.460303 -0.193431 0.099276 -0.606273 -0.210800 0.149053 -0.190934 -0.557654 0.216279 -0.244408 -0.640131 0.311778 -0.349621 -0.612931 0.354009 -0.200195 -0.470443 0.293977 -0.282708 -0.566262 0.394650 -0.407391 -0.510849 0.399426 -0.147989 -0.359334 0.341850 -0.212680 -0.440863 0.452118 -0.334555 -0.385253 0.470062 -0.086006 -0.259437 0.361955 -0.119021 -0.323159 0.458602 -0.233202 -0.314702 0.468317 
0.000000 0.000000 0.000000 -0.012595 -0.019981 -0.071176 -0.100433 -0.421740 0.057780 -0.078701 -0.329769 0.145589 -0.058751 -0.245610 0.187803 -0.040019 -0.166631 0.221368 -0.287114 -0.126788 0.034075 -0.458890 -0.193621 0.099934 -0.604828 -0.211305 0.149697 -0.188643 -0.557591 0.216474 -0.241955 -0.639695 0.312384 -0.347087 -0.612686 0.354941 -0.199750 -0.470846 0.293638 -0.282081 -0.566799 0.394333 -0.406800 -0.511490 0.399373 -0.148630 -0.360436 0.340939 -0.213079 -0.442773 0.450747 -0.335014 -0.387379 0.468948 -0.085519 -0.260746 0.361576 -0.116838 -0.325528 0.458084 -0.230981 -0.317195 0.468327 
0.000000 0.000000 0.000000 -0.011571 -0.020489 -0.071205 -0.096768 -0.422437 0.058932 -0.076990 -0.329778 0.146479 -0.058390 -0.245194 0.188459 -0.040854 -0.165847 0.221804 -0.285703 -0.126228 0.036111 -0.457237 -0.192393 0.103263 -0.602850 -0.210458 0.153833 -0.185442 -0.557343 0.218172 -0.239034 -0.638877 0.314413 -0.344054 -0.612068 0.357368 -0.197219 -0.469805 0.296185 -0.278992 -0.565044 0.398006 -0.403829 -0.510035 0.403388 -0.147353 -0.360446 0.341809 -0.211144 -0.443089 0.451771 -0.333152 -0.387971 0.470320 -0.086320 -0.259920 0.362051 -0.117614 -0.324672 0.458587 -0.231743 -0.316435 0.469071 
0.000000 0.000000 0.000000 -0.012730 -0.020227 -0.071082 -0.098179 -0.422074 0.059204 -0.076610 -0.329768 0.146702 -0.056933 -0.245403 0.188632 -0.038477 -0.166246 0.221930 -0.286656 -0.127361 0.035376 -0.458061 -0.194398 0.101992 -0.603631 -0.212837 0.152551 -0.185130 -0.558376 0.218205 -0.237681 -0.640754 0.314300 -0.342755 -0.614175 0.357266 -0.197137 -0.470178 0.295808 -0.279112 -0.565677 0.397221 -0.404051 -0.510888 0.402503 -0.146512 -0.362004 0.340598 -0.210745 -0.445614 0.449567 -0.332826 -0.390681 0.468179 -0.084931 -0.260779 0.361543 -0.116906 -0.325847 0.457642 -0.231027 -0.317780 0.468338 
0.000000 0.000000 0.000000 -0.012722 -0.020416 -0.071030 -0.098274 -0.421893 0.060324 -0.076702 -0.329356 0.147576 -0.057015 -0.244883 0.189283 -0.038549 -0.165640 0.222370 -0.286461 -0.128317 0.035133 -0.457749 -0.195834 0.101564 -0.603319 -0.214274 0.152122 -0.185310 -0.557905 0.219526 -0.237912 -0.640108 0.315744 -0.342994 -0.613465 0.358652 -0.197008 -0.469947 0.296690 -0.278834 -0.565568 0.398108 -0.403775 -0.510772 0.403249 -0.146899 -0.361161 0.341316 -0.211350 -0.444540 0.450333 -0.333520 -0.389737 0.468753 -0.085001 -0.260408 0.361825 -0.116974 -0.325638 0.457814 -0.231085 -0.317689 0.468700 
0.000000 0.000000 0.000000 -0.012784 -0.020481 -0.071000 -0.098875 -0.421674 0.060867 -0.077126 -0.329066 0.148000 -0.057297 -0.244573 0.189598 -0.038698 -0.165318 0.222583 -0.286539 -0.127692 0.035818 -0.457838 -0.194777 0.102657 -0.603453 -0.212968 0.153178 -0.186791 -0.557163 0.220033 -0.239924 -0.639048 0.316229 -0.345009 -0.612265 0.359043 -0.197546 -0.469356 0.297307 -0.279449 -0.564773 0.398856 -0.404321 -0.509816 0.403950 -0.147400 -0.360278 0.341938 -0.212010 -0.443246 0.451175 -0.334179 -0.388443 0.469595 -0.085343 -0.259789 0.362175 -0.117449 -0.324815 0.458259 -0.231546 -0.316769 0.469225 
0.000000 0.000000 0.000000 -0.012615 -0.020311 -0.071079 -0.100475 -0.421452 0.059775 -0.078710 -0.329074 0.147147 -0.058739 -0.244722 0.188963 -0.039989 -0.165589 0.222154 -0.286935 -0.127899 0.033895 -0.458586 -0.195221 0.099581 -0.604546 -0.213164 0.149187 -0.189294 -0.559135 0.216539 -0.242975 -0.642346 0.311282 -0.348205 -0.615315 0.353578 -0.201384 -0.470392 0.293622 -0.284819 -0.566509 0.393245 -0.409460 -0.510974 0.397717 -0.150097 -0.359628 0.341160 -0.215607 -0.442023 0.450295 -0.337716 -0.386980 0.468398 -0.087146 -0.261652 0.360481 -0.119606 -0.327774 0.455694 -0.233678 -0.319327 0.466623 
0.000000 0.000000 0.000000 -0.012421 -0.020132 -0.071164 -0.103566 -0.420850 0.058736 -0.081589 -0.328735 0.146334 -0.061248 -0.244574 0.188357 -0.042122 -0.165613 0.221741 -0.288105 -0.126026 0.031942 -0.460610 -0.192288 0.096460 -0.606888 -0.209849 0.145257 -0.193155 -0.559178 0.214490 -0.247301 -0.642779 0.308623 -0.352618 -0.615633 0.350629 -0.204274 -0.471585 0.291305 -0.287717 -0.568743 0.389906 -0.412145 -0.512726 0.394290 -0.152914 -0.362124 0.338334 -0.218644 -0.446414 0.445877 -0.340593 -0.390972 0.463844 -0.089540 -0.262285 0.359554 -0.122178 -0.328826 0.454413 -0.236224 -0.319846 0.465188 
0.000000 0.000000 0.000000 -0.012345 -0.019842 -0.071259 -0.105467 -0.420603 0.057097 -0.083301 -0.328874 0.145051 -0.062702 -0.244940 0.187400 -0.043320 -0.166172 0.221092 -0.288715 -0.124176 0.031602 -0.461649 -0.189461 0.095965 -0.608141 -0.206619 0.144263 -0.197072 -0.557747 0.212726 -0.252435 -0.640633 0.306783 -0.357784 -0.612944 0.348354 -0.207558 -0.470260 0.290119 -0.292069 -0.566423 0.388786 -0.416293 -0.509927 0.392793 -0.154486 -0.362025 0.337669 -0.220300 -0.445981 0.445421 -0.342082 -0.390170 0.463380 -0.090483 -0.262286 0.359381 -0.122946 -0.328444 0.454568 -0.236985 -0.319248 0.465233 
0.000000 0.000000 0.000000 -0.012270 -0.019511 -0.071363 -0.107534 -0.420329 0.055233 -0.085152 -0.329041 0.143591 -0.064266 -0.245366 0.186310 -0.044600 -0.166818 0.220349 -0.289495 -0.122749 0.030294 -0.462965 -0.187349 0.093905 -0.609572 -0.203769 0.142107 -0.199676 -0.557977 0.210097 -0.255364 -0.641168 0.303693 -0.360629 -0.613119 0.345234 -0.210232 -0.469920 0.288444 -0.295304 -0.565738 0.386965 -0.419194 -0.508519 0.391047 -0.157599 -0.361079 0.336688 -0.224524 -0.444051 0.444518 -0.346010 -0.387604 0.462487 -0.093168 -0.262786 0.358253 -0.126599 -0.328843 0.453175 -0.240581 -0.319057 0.463921 
0.000000 0.000000 0.000000 -0.011952 -0.019584 -0.071397 -0.110403 -0.419559 0.055427 -0.088009 -0.328226 0.143734 -0.066879 -0.244590 0.186411 -0.046948 -0.166091 0.220410 -0.290354 -0.122361 0.027474 -0.464560 -0.186673 0.089341 -0.611725 -0.201971 0.136193 -0.204236 -0.558802 0.207830 -0.260946 -0.642958 0.299938 -0.366308 -0.614265 0.340788 -0.214667 -0.469520 0.286802 -0.300812 -0.565620 0.384108 -0.424398 -0.507711 0.387631 -0.162614 -0.361597 0.334256 -0.231261 -0.445498 0.440270 -0.352536 -0.388440 0.457734 -0.097234 -0.263535 0.356654 -0.131847 -0.330608 0.450433 -0.245796 -0.320430 0.461161 
0.000000 0.000000 0.000000 -0.012637 -0.018916 -0.071459 -0.117128 -0.418009 0.053293 -0.092765 -0.327640 0.142070 -0.070024 -0.244649 0.185175 -0.048611 -0.166717 0.219576 -0.292684 -0.119825 0.024650 -0.467920 -0.182967 0.084788 -0.615748 -0.197023 0.129914 -0.212904 -0.556558 0.205119 -0.270788 -0.640294 0.296878 -0.376311 -0.610734 0.336681 -0.221859 -0.469028 0.282849 -0.309660 -0.565191 0.378599 -0.432808 -0.506312 0.381272 -0.168793 -0.361769 0.330919 -0.239615 -0.445752 0.435426 -0.360480 -0.387638 0.452234 -0.100960 -0.265333 0.354189 -0.136993 -0.333213 0.446846 -0.250908 -0.322428 0.457341 
0.000000 0.000000 0.000000 -0.012413 -0.018392 -0.071635 -0.120588 -0.417409 0.050184 -0.095993 -0.327761 0.139625 -0.072841 -0.245206 0.183343 -0.051011 -0.167647 0.218320 -0.294027 -0.117957 0.021245 -0.470243 -0.180259 0.079363 -0.618472 -0.193710 0.123338 -0.219970 -0.555960 0.199672 -0.280034 -0.639697 0.290019 -0.385679 -0.609572 0.329069 -0.229677 -0.468263 0.276965 -0.320601 -0.563824 0.370375 -0.443279 -0.503950 0.372480 -0.174535 -0.361552 0.327688 -0.247456 -0.444980 0.431193 -0.368137 -0.386387 0.447653 -0.106366 -0.267820 0.350560 -0.144469 -0.336772 0.441583 -0.258348 -0.325365 0.451808 
0.000000 0.000000 0.000000 -0.012980 -0.017537 -0.071749 -0.126226 -0.416134 0.046797 -0.099988 -0.327689 0.136966 -0.075488 -0.245883 0.181354 -0.052420 -0.168972 0.216960 -0.295862 -0.116525 0.017837 -0.472871 -0.178464 0.073894 -0.621632 -0.191162 0.116272 -0.226324 -0.556699 0.193909 -0.286821 -0.641652 0.282820 -0.392643 -0.611037 0.320997 -0.232744 -0.470346 0.272977 -0.323038 -0.567373 0.365484 -0.445362 -0.506768 0.367277 -0.178690 -0.364507 0.322745 -0.252692 -0.449568 0.424131 -0.373075 -0.390215 0.440046 -0.108679 -0.269877 0.348259 -0.147403 -0.339332 0.438634 -0.261302 -0.327764 0.448453 
0.000000 0.000000 0.000000 -0.012539 -0.017279 -0.071890 -0.127935 -0.415846 0.044664 -0.102030 -0.327760 0.135279 -0.077568 -0.246170 0.180083 -0.054491 -0.169444 0.216080 -0.296485 -0.115526 0.015107 -0.474160 -0.177002 0.069545 -0.623324 -0.189290 0.110603 -0.228866 -0.557231 0.190414 -0.289866 -0.642680 0.278502 -0.395812 -0.611803 0.316123 -0.237751 -0.470137 0.268632 -0.330061 -0.566974 0.359330 -0.452108 -0.505793 0.360196 -0.181949 -0.365185 0.320274 -0.256796 -0.450527 0.420801 -0.377025 -0.390744 0.436259 -0.112903 -0.271198 0.345774 -0.153108 -0.341238 0.435044 -0.267053 -0.329535 0.444146 