71
0.000000 0.000000 0.000000 -0.071819 -0.012827 -0.017360 -0.063859 -0.391519 0.184189 0.047678 -0.310958 0.192794 0.117378 -0.229178 0.180958 0.167415 -0.153822 0.163347 -0.269212 -0.158971 0.176352 -0.392728 -0.250418 0.297564 -0.418997 -0.350786 0.412990 -0.104269 -0.472521 0.392097 -0.128692 -0.521477 0.517751 -0.144655 -0.466308 0.619213 0.041063 -0.333274 0.429294 0.036564 -0.348453 0.590148 -0.010951 -0.235485 0.650314 0.080509 -0.193321 0.386065 0.054072 -0.167609 0.533139 -0.001608 -0.045497 0.549158 0.102450 -0.113923 0.320744 0.057733 -0.086459 0.429084 -0.028050 -0.012483 0.409799 
0.000000 0.000000 0.000000 -0.071668 -0.014003 -0.017075 -0.058455 -0.389793 0.189566 0.052025 -0.307664 0.196910 0.120627 -0.225144 0.183863 0.169644 -0.149382 0.165157 -0.268141 -0.157857 0.179268 -0.391081 -0.247871 0.302127 -0.401253 -0.345580 0.422278 -0.093703 -0.465580 0.400359 -0.115007 -0.511384 0.527757 -0.130108 -0.444066 0.621744 0.050750 -0.318216 0.434316 0.049884 -0.325392 0.595785 0.000546 -0.208445 0.646069 0.080573 -0.173659 0.385006 0.051852 -0.136741 0.529239 -0.006281 -0.014765 0.526024 0.101493 -0.104102 0.319725 0.054583 -0.072934 0.426117 -0.027661 -0.001430 0.389698 
0.000000 0.000000 0.000000 -0.071822 -0.014610 -0.015875 -0.053803 -0.387275 0.195994 0.056337 -0.304496 0.200613 0.124322 -0.221832 0.185421 0.172681 -0.146106 0.164940 -0.263991 -0.161276 0.182636 -0.384239 -0.253050 0.306850 -0.380294 -0.348447 0.429205 -0.082403 -0.461063 0.408496 -0.099689 -0.505659 0.536927 -0.114567 -0.426123 0.620867 0.060006 -0.306130 0.438223 0.062502 -0.307241 0.599831 0.013156 -0.188270 0.645111 0.082626 -0.157541 0.382504 0.052727 -0.111440 0.523825 -0.006869 0.008735 0.507268 0.102770 -0.096783 0.317472 0.054649 -0.062832 0.422462 -0.023950 0.005576 0.374030 
0.000000 0.000000 0.000000 -0.071855 -0.015354 -0.014999 -0.048677 -0.385632 0.200521 0.060824 -0.301923 0.203175 0.127976 -0.218877 0.186444 0.175507 -0.142981 0.164696 -0.257984 -0.162259 0.189014 -0.374452 -0.254183 0.316672 -0.359241 -0.347274 0.439918 -0.069134 -0.453468 0.415927 -0.081499 -0.494467 0.546113 -0.094145 -0.407809 0.623078 0.070440 -0.300924 0.440622 0.076981 -0.300244 0.602119 0.028460 -0.180187 0.645379 0.088259 -0.146781 0.381223 0.059780 -0.095085 0.520891 -0.001865 0.022829 0.497135 0.105351 -0.089695 0.315775 0.057061 -0.053018 0.419766 -0.019575 0.011729 0.363750 
0.000000 0.000000 0.000000 -0.072246 -0.015414 -0.012916 -0.044265 -0.382400 0.207607 0.065429 -0.298917 0.206168 0.132291 -0.216293 0.186448 0.179397 -0.140850 0.162324 -0.251012 -0.166008 0.194956 -0.362872 -0.260240 0.325028 -0.337054 -0.350265 0.448785 -0.061401 -0.448758 0.423763 -0.071758 -0.488863 0.554401 -0.080718 -0.398538 0.627575 0.081269 -0.298370 0.443282 0.092043 -0.297999 0.604553 0.045285 -0.176607 0.645988 0.110045 -0.165045 0.390390 0.073787 -0.091471 0.517917 0.010509 0.024793 0.490598 0.110837 -0.086877 0.313891 0.063645 -0.049725 0.418218 -0.012727 0.011604 0.358142 
0.000000 0.000000 0.000000 -0.072120 -0.016441 -0.012342 -0.038071 -0.381265 0.210898 0.070531 -0.296397 0.208114 0.136202 -0.213084 0.187325 0.182185 -0.137239 0.162312 -0.244375 -0.168435 0.199960 -0.352161 -0.263543 0.332805 -0.319653 -0.351369 0.456566 -0.051170 -0.444347 0.428313 -0.059087 -0.482471 0.559712 -0.065837 -0.390540 0.631100 0.088767 -0.294357 0.445048 0.101171 -0.292970 0.606196 0.056169 -0.170375 0.646004 0.118462 -0.161583 0.391645 0.083910 -0.086587 0.518816 0.019523 0.028106 0.487705 0.115159 -0.082187 0.314177 0.069024 -0.044294 0.418709 -0.007734 0.013335 0.355541 
0.000000 0.000000 0.000000 -0.072162 -0.016541 -0.011956 -0.036165 -0.381801 0.210262 0.072269 -0.296736 0.207032 0.137671 -0.213260 0.186045 0.183374 -0.137279 0.160934 -0.241806 -0.168743 0.202290 -0.347958 -0.263982 0.336351 -0.312239 -0.351502 0.459441 -0.049534 -0.443035 0.428188 -0.057613 -0.480042 0.559897 -0.060031 -0.387011 0.630129 0.093698 -0.293471 0.443685 0.108272 -0.291251 0.604642 0.064614 -0.167404 0.641996 0.124787 -0.166583 0.391882 0.088428 -0.085738 0.514898 0.024676 0.028140 0.479748 0.116825 -0.080329 0.312308 0.071019 -0.041129 0.416502 -0.004814 0.013845 0.349941 
0.000000 0.000000 0.000000 -0.071776 -0.016960 -0.013583 -0.035199 -0.388091 0.198588 0.072315 -0.301810 0.199546 0.137103 -0.217066 0.182020 0.182342 -0.139905 0.159840 -0.242562 -0.173716 0.196430 -0.349429 -0.271804 0.327843 -0.313656 -0.362258 0.448778 -0.057295 -0.446902 0.416471 -0.070649 -0.482446 0.548154 -0.068528 -0.388887 0.617691 0.092561 -0.296540 0.436267 0.106331 -0.292956 0.597271 0.062697 -0.168001 0.630763 0.125622 -0.180419 0.389960 0.082719 -0.089489 0.503458 0.022553 0.024090 0.461652 0.113318 -0.083081 0.310150 0.065806 -0.043968 0.413610 -0.005900 0.008371 0.340658 
0.000000 0.000000 0.000000 -0.071720 -0.016582 -0.014323 -0.036295 -0.392793 0.188908 0.071254 -0.306624 0.192462 0.136161 -0.221517 0.177304 0.181539 -0.143864 0.157219 -0.243839 -0.176693 0.192041 -0.351541 -0.276879 0.321170 -0.316041 -0.371075 0.439296 -0.067441 -0.447561 0.406740 -0.086264 -0.480661 0.538391 -0.077857 -0.387915 0.608538 0.085069 -0.298785 0.429574 0.094465 -0.293454 0.590844 0.050076 -0.168006 0.621369 0.121079 -0.188027 0.385546 0.073899 -0.090923 0.492015 0.017901 0.021860 0.442900 0.108941 -0.086480 0.305621 0.058971 -0.046981 0.407768 -0.008077 0.003252 0.329127 
0.000000 0.000000 0.000000 -0.071744 -0.015620 -0.015254 -0.041055 -0.396857 0.179191 0.067184 -0.311723 0.185614 0.132919 -0.226838 0.172983 0.179102 -0.149122 0.155101 -0.248289 -0.177028 0.186304 -0.358759 -0.278027 0.312426 -0.326923 -0.375072 0.429283 -0.081493 -0.449882 0.395924 -0.105933 -0.481928 0.526912 -0.094607 -0.390203 0.597984 0.077488 -0.302575 0.422857 0.084497 -0.296353 0.584216 0.040685 -0.170345 0.613230 0.113697 -0.189715 0.380265 0.065454 -0.087832 0.481672 0.014153 0.023921 0.425569 0.101947 -0.087274 0.299352 0.048841 -0.044703 0.398643 -0.012389 0.003171 0.314013 
0.000000 0.000000 0.000000 -0.071517 -0.014520 -0.017274 -0.047623 -0.402505 0.164353 0.061058 -0.318495 0.175983 0.127644 -0.233740 0.167687 0.174742 -0.155813 0.153488 -0.252304 -0.175421 0.180900 -0.365429 -0.276103 0.304904 -0.335994 -0.375915 0.420048 -0.096741 -0.451289 0.380287 -0.126427 -0.480773 0.510792 -0.113427 -0.390446 0.583354 0.066142 -0.310621 0.413442 0.069600 -0.305266 0.574947 0.028152 -0.178817 0.605477 0.104940 -0.198320 0.374916 0.055534 -0.088934 0.467569 0.010884 0.022994 0.406362 0.110525 -0.104482 0.307850 0.041483 -0.048428 0.388982 -0.014438 -0.001453 0.300272 
0.000000 0.000000 0.000000 -0.071694 -0.013150 -0.017633 -0.054001 -0.404405 0.157577 0.055910 -0.322250 0.170782 0.123783 -0.238384 0.164004 0.172077 -0.160953 0.151178 -0.255774 -0.172697 0.178595 -0.370960 -0.272532 0.301381 -0.344037 -0.374754 0.415015 -0.110596 -0.455595 0.371111 -0.144800 -0.486533 0.500165 -0.129827 -0.398234 0.574813 0.058451 -0.319257 0.408393 0.060179 -0.317222 0.570002 0.019855 -0.190721 0.601794 0.100451 -0.204906 0.371485 0.051908 -0.092477 0.460895 0.011344 0.018920 0.395984 0.110624 -0.111295 0.307204 0.037728 -0.050740 0.381437 -0.014716 -0.005020 0.289991 
0.000000 0.000000 0.000000 -0.071880 -0.010367 -0.018698 -0.069841 -0.404829 0.150088 0.042663 -0.326757 0.165973 0.113461 -0.245192 0.161412 0.164548 -0.169279 0.150464 -0.264770 -0.166148 0.172016 -0.385468 -0.263626 0.291353 -0.359418 -0.366970 0.404173 -0.136122 -0.457873 0.360357 -0.176181 -0.489932 0.487438 -0.159824 -0.403971 0.564486 0.041314 -0.328620 0.403605 0.040397 -0.329887 0.565229 0.001134 -0.203486 0.598703 0.087433 -0.211113 0.368474 0.041288 -0.102340 0.463500 0.004411 0.009781 0.397644 0.102114 -0.121571 0.306708 0.031879 -0.062714 0.384774 -0.017404 -0.013648 0.293303 
0.000000 0.000000 0.000000 -0.071991 -0.005718 -0.020209 -0.094474 -0.405462 0.134035 0.021813 -0.334324 0.154561 0.097020 -0.256673 0.154118 0.152355 -0.183348 0.146774 -0.278550 -0.157115 0.159399 -0.407800 -0.251849 0.271786 -0.385747 -0.357511 0.383303 -0.177496 -0.462756 0.337123 -0.227673 -0.497383 0.459864 -0.208967 -0.416367 0.541593 0.008619 -0.352841 0.391114 -0.000355 -0.365435 0.552003 -0.033658 -0.238167 0.588515 0.069010 -0.249501 0.363588 0.026767 -0.140589 0.460255 0.001290 -0.022073 0.400483 0.095395 -0.156655 0.309959 0.021428 -0.096376 0.383353 -0.020407 -0.038016 0.293648 
0.000000 0.000000 0.000000 -0.071894 -0.001997 -0.021242 -0.115612 -0.402146 0.127291 0.003646 -0.336939 0.150320 0.082479 -0.262987 0.151925 0.141354 -0.192314 0.146306 -0.288682 -0.144121 0.153830 -0.424334 -0.233053 0.263378 -0.407979 -0.339448 0.375179 -0.206950 -0.456145 0.327695 -0.262153 -0.488780 0.448813 -0.243283 -0.408959 0.531672 -0.015287 -0.357731 0.386294 -0.028163 -0.371873 0.546789 -0.057588 -0.243692 0.583438 0.050272 -0.259774 0.360889 0.012122 -0.151352 0.459783 -0.004671 -0.031136 0.400334 0.080144 -0.165673 0.307953 0.008308 -0.106999 0.384689 -0.027754 -0.046218 0.294090 
0.000000 0.000000 0.000000 -0.071050 0.005002 -0.023469 -0.154138 -0.394413 0.109406 -0.030520 -0.340689 0.138335 0.054317 -0.274019 0.144947 0.119238 -0.208629 0.143622 -0.308378 -0.121641 0.136165 -0.456883 -0.200885 0.236054 -0.454290 -0.312565 0.343794 -0.261571 -0.448783 0.301558 -0.326500 -0.481643 0.417690 -0.307539 -0.406100 0.504447 -0.064424 -0.368062 0.371949 -0.087484 -0.386678 0.530840 -0.109769 -0.257580 0.569264 0.006957 -0.273176 0.351030 -0.029695 -0.170043 0.455963 -0.032005 -0.046832 0.400448 0.042459 -0.171760 0.296370 -0.023200 -0.123154 0.384787 -0.045944 -0.057035 0.293605 
0.000000 0.000000 0.000000 -0.067919 0.015226 -0.027913 -0.209504 -0.376593 0.074675 -0.082720 -0.340640 0.115147 0.008969 -0.285771 0.131532 0.081391 -0.229221 0.138579 -0.335965 -0.086626 0.097082 -0.503691 -0.150358 0.175296 -0.529142 -0.269288 0.271704 -0.349645 -0.431532 0.244270 -0.434343 -0.464736 0.346768 -0.421717 -0.398790 0.442082 -0.153629 -0.382406 0.338086 -0.201857 -0.410813 0.489717 -0.215978 -0.283525 0.537021 -0.062670 -0.291544 0.330400 -0.102150 -0.198239 0.443211 -0.084513 -0.071944 0.398416 -0.014470 -0.182292 0.277124 -0.080452 -0.149989 0.372487 -0.081274 -0.077317 0.283486 
0.000000 0.000000 0.000000 -0.062111 0.024560 -0.034102 -0.262061 -0.348023 0.038661 -0.136766 -0.329772 0.093182 -0.041145 -0.287643 0.120893 0.036673 -0.241127 0.137418 -0.353443 -0.045410 0.055767 -0.535739 -0.089193 0.112001 -0.590823 -0.208954 0.193914 -0.431077 -0.395407 0.182218 -0.533225 -0.424045 0.268980 -0.532073 -0.365435 0.369760 -0.246045 -0.378643 0.298472 -0.320370 -0.411882 0.438098 -0.331989 -0.288508 0.495397 -0.135290 -0.285540 0.310223 -0.186055 -0.212321 0.432912 -0.152472 -0.085117 0.401938 -0.071520 -0.195690 0.267094 -0.145991 -0.164414 0.356353 -0.126608 -0.086603 0.274056 
0.000000 0.000000 0.000000 -0.056247 0.031555 -0.038268 -0.298731 -0.319347 0.008229 -0.177125 -0.315324 0.073039 -0.080280 -0.283955 0.109413 0.000287 -0.246154 0.133340 -0.360657 -0.004934 0.023778 -0.551136 -0.027765 0.062603 -0.630742 -0.142576 0.130191 -0.490181 -0.353774 0.124771 -0.605888 -0.374580 0.195205 -0.615241 -0.320702 0.298174 -0.316244 -0.366173 0.258874 -0.410864 -0.400758 0.385268 -0.421046 -0.282229 0.452250 -0.194341 -0.275383 0.287262 -0.260247 -0.220043 0.412100 -0.216449 -0.092654 0.401058 -0.116158 -0.201928 0.256104 -0.196309 -0.171487 0.340605 -0.163810 -0.086639 0.270265 
0.000000 0.000000 0.000000 -0.051511 0.036693 -0.040300 -0.324592 -0.292935 -0.010910 -0.206295 -0.300063 0.059513 -0.108991 -0.277484 0.100845 -0.026758 -0.246959 0.129099 -0.360960 0.024425 0.003712 -0.554593 0.016747 0.031251 -0.650054 -0.090163 0.090786 -0.528503 -0.314285 0.085966 -0.651740 -0.327187 0.144515 -0.668448 -0.275410 0.247632 -0.365762 -0.349115 0.228743 -0.474223 -0.382477 0.343842 -0.484421 -0.268189 0.417826 -0.228681 -0.245931 0.272288 -0.314506 -0.223304 0.395222 -0.262918 -0.098512 0.401017 -0.148821 -0.204270 0.246847 -0.232839 -0.174886 0.327895 -0.190007 -0.085057 0.270455 
0.000000 0.000000 0.000000 -0.048530 0.038408 -0.042351 -0.335716 -0.279598 -0.020251 -0.220340 -0.290919 0.054347 -0.123698 -0.271956 0.098919 -0.041322 -0.244554 0.129835 -0.358909 0.034718 -0.003655 -0.553124 0.032409 0.020558 -0.654486 -0.069665 0.078812 -0.543661 -0.295614 0.068758 -0.669337 -0.305295 0.122553 -0.690988 -0.253545 0.224760 -0.387552 -0.341388 0.215492 -0.501279 -0.375715 0.325093 -0.514629 -0.264569 0.403245 -0.249890 -0.246828 0.266722 -0.340378 -0.228809 0.387047 -0.288525 -0.105239 0.404645 -0.166076 -0.205688 0.246076 -0.251947 -0.178936 0.326087 -0.208314 -0.083675 0.278920 
0.000000 0.000000 0.000000 -0.047889 0.041016 -0.040597 -0.346373 -0.266410 -0.018483 -0.230025 -0.283492 0.053460 -0.131855 -0.269029 0.096351 -0.047896 -0.245334 0.126048 -0.358303 0.037275 -0.002180 -0.552539 0.034934 0.021859 -0.654499 -0.064859 0.082952 -0.555012 -0.285451 0.068279 -0.681107 -0.296958 0.120716 -0.705597 -0.245204 0.222278 -0.402216 -0.340585 0.206970 -0.519330 -0.379416 0.311378 -0.539617 -0.273887 0.395588 -0.261617 -0.257760 0.262930 -0.354665 -0.249681 0.382378 -0.306175 -0.128085 0.416012 -0.173528 -0.217404 0.244466 -0.260003 -0.198179 0.325976 -0.222172 -0.094614 0.293628 
0.000000 0.000000 0.000000 -0.047982 0.040910 -0.040596 -0.351322 -0.260455 -0.005147 -0.233841 -0.277943 0.064832 -0.134573 -0.264255 0.105384 -0.049618 -0.241391 0.132813 -0.357654 0.038202 0.003470 -0.551428 0.036508 0.031042 -0.649300 -0.061472 0.101097 -0.559210 -0.281521 0.082937 -0.684852 -0.294253 0.136172 -0.712707 -0.239539 0.235286 -0.406398 -0.341497 0.215363 -0.523762 -0.384722 0.317744 -0.553468 -0.285893 0.407129 -0.266940 -0.267110 0.270261 -0.361856 -0.269158 0.388488 -0.321145 -0.148963 0.435007 -0.174703 -0.222661 0.253599 -0.260801 -0.209768 0.336738 -0.235830 -0.099254 0.317606 
0.000000 0.000000 0.000000 -0.049735 0.037830 -0.041463 -0.348697 -0.262939 0.023742 -0.228742 -0.274964 0.090606 -0.128295 -0.257920 0.126744 -0.042689 -0.232679 0.149698 -0.357054 0.025303 0.015496 -0.549354 0.017464 0.051138 -0.638518 -0.078191 0.134725 -0.554207 -0.293074 0.114725 -0.678411 -0.311286 0.169712 -0.713478 -0.253393 0.264642 -0.399488 -0.350122 0.237818 -0.515619 -0.401240 0.337943 -0.561373 -0.315780 0.434082 -0.261930 -0.276486 0.289565 -0.357754 -0.289800 0.406318 -0.331973 -0.169294 0.461832 -0.165406 -0.219532 0.273609 -0.249875 -0.210483 0.358899 -0.242825 -0.096550 0.345765 
0.000000 0.000000 0.000000 -0.052533 0.035029 -0.040462 -0.343652 -0.263990 0.059184 -0.219817 -0.271256 0.119322 -0.117607 -0.251391 0.148383 -0.031085 -0.224205 0.164733 -0.354676 0.010454 0.036683 -0.543739 -0.004924 0.084955 -0.618124 -0.096403 0.185877 -0.543038 -0.309210 0.157268 -0.663542 -0.336540 0.216547 -0.706642 -0.282531 0.310454 -0.384121 -0.359519 0.266592 -0.495871 -0.419550 0.366756 -0.559730 -0.359656 0.471513 -0.246777 -0.288221 0.311700 -0.339400 -0.314631 0.428808 -0.345057 -0.200549 0.501068 -0.144011 -0.222665 0.298268 -0.221741 -0.221605 0.390182 -0.238745 -0.107965 0.390238 
0.000000 0.000000 0.000000 -0.055253 0.031633 -0.039627 -0.336069 -0.262449 0.097306 -0.208873 -0.264348 0.150431 -0.105428 -0.241548 0.172005 -0.018478 -0.212478 0.181336 -0.348219 -0.000852 0.065074 -0.531538 -0.021178 0.130589 -0.585584 -0.096082 0.255310 -0.526266 -0.322300 0.205301 -0.641217 -0.358472 0.270570 -0.697234 -0.313173 0.362239 -0.366775 -0.362745 0.298281 -0.474170 -0.429669 0.398840 -0.550260 -0.397298 0.507476 -0.225828 -0.297732 0.336507 -0.312162 -0.338019 0.454466 -0.358333 -0.256815 0.552150 -0.115550 -0.229306 0.325836 -0.182365 -0.240889 0.425298 -0.239044 -0.145495 0.455142 
0.000000 0.000000 0.000000 -0.058448 0.026144 -0.039041 -0.320850 -0.261734 0.140856 -0.190880 -0.254934 0.186308 -0.087230 -0.227217 0.199523 -0.000943 -0.194892 0.200966 -0.340820 -0.024799 0.085528 -0.517509 -0.056676 0.163475 -0.563580 -0.111037 0.301348 -0.496383 -0.356358 0.248813 -0.602471 -0.413546 0.314059 -0.676855 -0.393807 0.401640 -0.334323 -0.366664 0.339327 -0.431885 -0.442656 0.443402 -0.514400 -0.446401 0.552106 -0.195621 -0.297621 0.366880 -0.273344 -0.348104 0.486886 -0.338953 -0.317629 0.601056 -0.073779 -0.216910 0.358435 -0.123913 -0.232066 0.466824 -0.195731 -0.184610 0.542937 
0.000000 0.000000 0.000000 -0.061038 0.016094 -0.040488 -0.293533 -0.272366 0.175913 -0.164296 -0.248592 0.217592 -0.063553 -0.210184 0.225455 0.019350 -0.170140 0.221471 -0.333153 -0.056974 0.095381 -0.503425 -0.102695 0.180400 -0.542709 -0.150193 0.322834 -0.443429 -0.399613 0.288871 -0.534022 -0.476518 0.357140 -0.614284 -0.493908 0.439897 -0.281849 -0.374167 0.381563 -0.361802 -0.459576 0.493086 -0.435647 -0.492999 0.602946 -0.151225 -0.286069 0.402285 -0.214091 -0.340484 0.529083 -0.273833 -0.353233 0.649650 -0.036779 -0.186601 0.386288 -0.075414 -0.197931 0.499735 -0.133875 -0.177417 0.596506 
0.000000 0.000000 0.000000 -0.063594 0.004306 -0.039512 -0.252831 -0.285970 0.213513 -0.126499 -0.242566 0.247582 -0.031123 -0.191677 0.247664 0.046045 -0.142558 0.236491 -0.321740 -0.078808 0.116369 -0.483272 -0.130816 0.213908 -0.542824 -0.188687 0.345024 -0.378960 -0.425101 0.340612 -0.455188 -0.509188 0.417428 -0.524478 -0.555878 0.498743 -0.210885 -0.365716 0.432481 -0.268280 -0.449475 0.558238 -0.325378 -0.485965 0.676761 -0.093591 -0.250979 0.440783 -0.138384 -0.293502 0.579261 -0.180980 -0.304786 0.707035 -0.002007 -0.139385 0.404620 -0.035082 -0.137201 0.520346 -0.087137 -0.109700 0.619023 
0.000000 0.000000 0.000000 -0.066734 -0.005426 -0.033779 -0.202965 -0.289320 0.257661 -0.079508 -0.230955 0.276542 0.009681 -0.171191 0.263905 0.080084 -0.115953 0.241894 -0.306008 -0.093528 0.147419 -0.455730 -0.148656 0.260800 -0.569070 -0.225675 0.333662 -0.296333 -0.423876 0.414497 -0.352762 -0.505197 0.509284 -0.401982 -0.560708 0.599224 -0.120176 -0.334431 0.486574 -0.147835 -0.404809 0.629425 -0.181263 -0.429270 0.759516 -0.016607 -0.202913 0.471309 -0.035458 -0.225659 0.620031 -0.057266 -0.218570 0.753231 0.049277 -0.093875 0.412626 0.028072 -0.078678 0.530145 -0.017770 -0.039525 0.627965 
0.000000 0.000000 0.000000 -0.069369 -0.011533 -0.026053 -0.148252 -0.300110 0.281506 -0.028794 -0.231444 0.285905 0.053125 -0.164798 0.262803 0.115782 -0.104384 0.232529 -0.283158 -0.098283 0.185170 -0.416932 -0.152566 0.317340 -0.541330 -0.229566 0.369136 -0.208406 -0.417890 0.465706 -0.244761 -0.489073 0.577031 -0.273896 -0.536827 0.679324 -0.022882 -0.304076 0.512100 -0.018861 -0.353475 0.665944 -0.031486 -0.345688 0.801662 0.057880 -0.167642 0.474187 0.061289 -0.169682 0.625762 0.045063 -0.126735 0.752885 0.092319 -0.061425 0.400428 0.076169 -0.031855 0.515997 0.026021 0.024877 0.602425 
0.000000 0.000000 0.000000 -0.070577 -0.014395 -0.020869 -0.111114 -0.313040 0.284518 0.004906 -0.238650 0.281353 0.081476 -0.167548 0.253645 0.138598 -0.103469 0.220127 -0.258557 -0.109193 0.210482 -0.376183 -0.168510 0.355247 -0.494944 -0.250386 0.412510 -0.150077 -0.409551 0.485981 -0.173626 -0.467879 0.607741 -0.190650 -0.495712 0.719672 0.027995 -0.284408 0.513404 0.043698 -0.315531 0.671231 0.029199 -0.270025 0.799131 0.084236 -0.138401 0.463064 0.086216 -0.117501 0.613231 0.052622 -0.036446 0.716039 0.101083 -0.039815 0.378642 0.075261 0.004000 0.487751 0.012898 0.073954 0.554237 
0.000000 0.000000 0.000000 -0.071113 -0.016311 -0.017342 -0.091793 -0.308118 0.296526 0.022381 -0.231525 0.286413 0.096135 -0.159609 0.253632 0.150355 -0.095244 0.216086 -0.243723 -0.110595 0.225892 -0.351730 -0.169592 0.378092 -0.465905 -0.254081 0.440643 -0.122874 -0.380429 0.509188 -0.141658 -0.424132 0.637716 -0.155074 -0.423669 0.753530 0.038990 -0.226777 0.523428 0.050285 -0.223547 0.684632 0.026431 -0.133400 0.784351 0.077620 -0.080619 0.448905 0.064344 -0.023978 0.588928 0.015758 0.088732 0.645531 0.102008 -0.015519 0.364048 0.068731 0.039357 0.465894 -0.012767 0.116348 0.491065 
0.000000 0.000000 0.000000 -0.071933 -0.015716 -0.014231 -0.085535 -0.296816 0.309636 0.029327 -0.222442 0.292911 0.102905 -0.152826 0.255149 0.156679 -0.090595 0.213578 -0.241033 -0.098137 0.235685 -0.346845 -0.149710 0.392067 -0.458071 -0.230457 0.464147 -0.110214 -0.350392 0.528589 -0.125130 -0.382772 0.660919 -0.133015 -0.341260 0.769582 0.038318 -0.172549 0.525084 0.044433 -0.138615 0.682994 0.019289 -0.021688 0.748835 0.078835 -0.043886 0.434778 0.061575 0.034231 0.563583 0.008176 0.157163 0.581029 0.105572 -0.001341 0.355028 0.070394 0.060094 0.452391 -0.016093 0.135669 0.448995 
0.000000 0.000000 0.000000 -0.072016 -0.015473 -0.014079 -0.080868 -0.309419 0.298347 0.033483 -0.233888 0.283395 0.106343 -0.162462 0.247676 0.159390 -0.098357 0.208067 -0.239989 -0.095434 0.237391 -0.345096 -0.145468 0.394745 -0.440617 -0.225297 0.487427 -0.095200 -0.359897 0.518952 -0.103862 -0.390406 0.652279 -0.104659 -0.323488 0.747750 0.054753 -0.178707 0.513562 0.069220 -0.141176 0.670108 0.031970 -0.014205 0.703724 0.078311 -0.045197 0.421391 0.058210 0.038889 0.545955 0.001783 0.161473 0.538396 0.102175 -0.006663 0.345561 0.062792 0.056452 0.440202 -0.023100 0.125284 0.407218 
0.000000 0.000000 0.000000 -0.072038 -0.014123 -0.015327 -0.085205 -0.324209 0.280925 0.029819 -0.248910 0.270725 0.103460 -0.176271 0.239313 0.157258 -0.110576 0.203504 -0.245891 -0.103536 0.228859 -0.354677 -0.159485 0.381654 -0.428235 -0.243681 0.489298 -0.104959 -0.375320 0.500965 -0.116897 -0.406210 0.633951 -0.113317 -0.328800 0.721060 0.052655 -0.191405 0.500172 0.068186 -0.152293 0.656229 0.016747 -0.026073 0.664092 0.063223 -0.055121 0.407887 0.034370 0.031750 0.528766 -0.021902 0.149484 0.493550 0.088995 -0.019483 0.336277 0.042009 0.043218 0.427667 -0.035486 0.102847 0.367316 
0.000000 0.000000 0.000000 -0.071869 -0.011787 -0.017883 -0.101081 -0.331793 0.266432 0.015941 -0.259040 0.262262 0.092171 -0.187168 0.235624 0.148538 -0.121588 0.203774 -0.252941 -0.094980 0.223236 -0.366243 -0.147036 0.374113 -0.437140 -0.230024 0.484447 -0.127489 -0.384774 0.485329 -0.143450 -0.416794 0.617624 -0.134756 -0.339281 0.704280 0.039549 -0.205793 0.492657 0.055606 -0.169578 0.649358 0.005556 -0.042568 0.651057 0.060839 -0.086836 0.419106 0.022336 0.021609 0.517838 -0.026294 0.138408 0.470286 0.078711 -0.029457 0.335008 0.030647 0.033959 0.425339 -0.036765 0.093132 0.353525 
0.000000 0.000000 0.000000 -0.072275 -0.005249 -0.019306 -0.130833 -0.335067 0.248803 -0.008452 -0.271610 0.249587 0.073556 -0.204767 0.227390 0.135357 -0.142381 0.199442 -0.264042 -0.085016 0.214593 -0.384037 -0.134929 0.360952 -0.460384 -0.216094 0.468981 -0.174628 -0.397655 0.462310 -0.201096 -0.435481 0.591347 -0.189099 -0.363143 0.681992 0.009517 -0.236812 0.483981 0.021739 -0.213144 0.643402 -0.019476 -0.083062 0.647796 0.042215 -0.111442 0.414532 0.006941 -0.004709 0.516289 -0.030983 0.112599 0.460894 0.065623 -0.052361 0.332181 0.017623 0.009602 0.423548 -0.037844 0.071172 0.343951 
0.000000 0.000000 0.000000 -0.071895 0.002962 -0.021124 -0.170466 -0.330396 0.230369 -0.042387 -0.279806 0.236748 0.046493 -0.220756 0.219435 0.114980 -0.163836 0.195726 -0.280289 -0.067777 0.201169 -0.410689 -0.112040 0.340266 -0.497349 -0.189349 0.443223 -0.236097 -0.404641 0.434331 -0.275762 -0.449512 0.557600 -0.262967 -0.384114 0.653269 -0.036708 -0.270226 0.474130 -0.032847 -0.263710 0.635584 -0.061861 -0.130707 0.645964 0.015337 -0.151037 0.416620 -0.019700 -0.039206 0.512834 -0.045665 0.078788 0.452242 0.044646 -0.079146 0.331619 -0.003766 -0.020852 0.425157 -0.044669 0.042317 0.338325 
0.000000 0.000000 0.000000 -0.070775 0.010821 -0.022310 -0.209055 -0.311609 0.224690 -0.076412 -0.275143 0.233655 0.018594 -0.225894 0.218340 0.093213 -0.176526 0.196268 -0.293859 -0.044449 0.189881 -0.433450 -0.079033 0.322656 -0.533696 -0.146517 0.420040 -0.302079 -0.389923 0.416089 -0.358300 -0.437254 0.531766 -0.351702 -0.378029 0.631976 -0.086942 -0.283647 0.470913 -0.094104 -0.289431 0.632281 -0.113148 -0.155510 0.650769 -0.017265 -0.172906 0.419884 -0.051160 -0.064592 0.520433 -0.066687 0.054710 0.458838 0.023657 -0.093250 0.333430 -0.024221 -0.035929 0.427840 -0.052496 0.030170 0.338205 
0.000000 0.000000 0.000000 -0.067921 0.019447 -0.025147 -0.256588 -0.269868 0.229400 -0.120484 -0.251594 0.241498 -0.019171 -0.216564 0.227549 0.062173 -0.178913 0.206145 -0.303021 -0.011378 0.178874 -0.450130 -0.030666 0.306537 -0.569636 -0.079542 0.392655 -0.386906 -0.348707 0.397393 -0.465666 -0.396355 0.498924 -0.478314 -0.344559 0.602608 -0.166500 -0.289570 0.471530 -0.197798 -0.315400 0.627985 -0.212178 -0.185373 0.667044 -0.072295 -0.163439 0.425209 -0.110653 -0.104736 0.559646 -0.111219 0.021243 0.510687 -0.003302 -0.098649 0.347059 -0.048371 -0.043401 0.444053 -0.065314 0.035116 0.361887 
0.000000 0.000000 0.000000 -0.064976 0.022533 -0.029903 -0.286986 -0.233538 0.233215 -0.150604 -0.224447 0.251156 -0.046364 -0.197984 0.240206 0.038537 -0.167981 0.220609 -0.303686 0.018226 0.172199 -0.453055 0.015531 0.298662 -0.584462 -0.013714 0.375886 -0.441550 -0.302953 0.383919 -0.534965 -0.344905 0.475000 -0.563150 -0.291240 0.574593 -0.214819 -0.269480 0.475483 -0.258495 -0.300108 0.628058 -0.271787 -0.170898 0.670098 -0.110730 -0.142686 0.433888 -0.156884 -0.103034 0.572771 -0.146612 0.022456 0.523631 -0.030402 -0.089203 0.360708 -0.077854 -0.034979 0.457141 -0.082208 0.046946 0.376689 
0.000000 0.000000 0.000000 -0.062812 0.026670 -0.031101 -0.305862 -0.195013 0.244354 -0.169157 -0.197172 0.262005 -0.063014 -0.180660 0.249875 0.024155 -0.159346 0.228903 -0.295381 0.045712 0.177214 -0.440908 0.057627 0.307564 -0.578056 0.046623 0.379370 -0.470036 -0.254900 0.388855 -0.569258 -0.291094 0.476188 -0.604805 -0.234006 0.571427 -0.243415 -0.245966 0.482412 -0.293921 -0.279153 0.632320 -0.307293 -0.153020 0.682826 -0.128658 -0.130927 0.444635 -0.175729 -0.095266 0.584289 -0.156647 0.031017 0.540056 -0.042304 -0.084586 0.372361 -0.088049 -0.033127 0.471107 -0.087721 0.055535 0.398017 
0.000000 0.000000 0.000000 -0.060801 0.028220 -0.033626 -0.319476 -0.162501 0.250637 -0.183345 -0.171239 0.270553 -0.076293 -0.161454 0.259149 0.012201 -0.146355 0.238333 -0.283997 0.068881 0.181727 -0.423658 0.094324 0.316480 -0.562460 0.100720 0.385617 -0.492605 -0.212070 0.388439 -0.597239 -0.242029 0.471722 -0.638007 -0.181403 0.562583 -0.271469 -0.227663 0.483919 -0.331405 -0.266039 0.629038 -0.351523 -0.150543 0.699004 -0.145674 -0.123233 0.455208 -0.195424 -0.095826 0.595795 -0.174861 0.035592 0.571825 -0.057333 -0.080698 0.384758 -0.105195 -0.035505 0.485545 -0.107501 0.063932 0.428011 
0.000000 0.000000 0.000000 -0.059056 0.030100 -0.035075 -0.329378 -0.140872 0.250910 -0.194024 -0.155362 0.272681 -0.086515 -0.150840 0.262314 0.002805 -0.140404 0.242177 -0.271287 0.086519 0.187684 -0.404087 0.121823 0.327071 -0.538523 0.140331 0.402380 -0.510452 -0.177101 0.382514 -0.619888 -0.198996 0.462052 -0.658534 -0.130555 0.548165 -0.294391 -0.219834 0.478215 -0.362655 -0.263683 0.618007 -0.388842 -0.159461 0.702217 -0.160046 -0.126717 0.459100 -0.212773 -0.109420 0.600209 -0.194820 0.024476 0.596009 -0.069995 -0.079291 0.388982 -0.120104 -0.037225 0.490031 -0.123018 0.067514 0.442867 
0.000000 0.000000 0.000000 -0.057472 0.031461 -0.036484 -0.337054 -0.120472 0.251340 -0.202599 -0.139780 0.274869 -0.094906 -0.139873 0.265470 -0.005059 -0.133602 0.245960 -0.257025 0.103086 0.193505 -0.381892 0.147905 0.337417 -0.507405 0.174554 0.424727 -0.523195 -0.139883 0.379382 -0.635693 -0.151614 0.456768 -0.669399 -0.073939 0.536915 -0.316973 -0.211064 0.470602 -0.394764 -0.259548 0.603727 -0.430079 -0.168472 0.699107 -0.174546 -0.131326 0.461169 -0.231653 -0.125197 0.601498 -0.219624 0.007586 0.623678 -0.080751 -0.082224 0.395014 -0.132852 -0.046860 0.497612 -0.142809 0.064349 0.470472 
0.000000 0.000000 0.000000 -0.055951 0.030841 -0.039271 -0.346052 -0.108805 0.244336 -0.212620 -0.128703 0.272700 -0.104694 -0.130198 0.266709 -0.014219 -0.125477 0.249849 -0.248953 0.114868 0.192107 -0.369721 0.167446 0.336889 -0.484838 0.198665 0.436188 -0.536241 -0.111216 0.367796 -0.651186 -0.112673 0.442412 -0.681958 -0.027363 0.515681 -0.342987 -0.202035 0.457366 -0.431655 -0.251910 0.582964 -0.483545 -0.178166 0.685475 -0.195686 -0.135500 0.457513 -0.260932 -0.139302 0.594332 -0.268271 -0.017222 0.651870 -0.094825 -0.083704 0.399328 -0.150308 -0.054950 0.502217 -0.176139 0.057011 0.501430 
0.000000 0.000000 0.000000 -0.054080 0.029773 -0.042578 -0.357549 -0.110239 0.226486 -0.225637 -0.128284 0.262237 -0.117535 -0.128586 0.262102 -0.026337 -0.122992 0.250101 -0.250700 0.116427 0.184750 -0.373732 0.170651 0.326997 -0.483042 0.202436 0.432485 -0.553000 -0.099600 0.340967 -0.671125 -0.093169 0.410156 -0.697628 -0.001233 0.476779 -0.371732 -0.201795 0.434652 -0.471097 -0.251793 0.551918 -0.536256 -0.185966 0.652220 -0.221760 -0.142600 0.445553 -0.296496 -0.152649 0.577099 -0.325401 -0.048017 0.657627 -0.117117 -0.087914 0.395410 -0.179603 -0.063769 0.495429 -0.225354 0.038917 0.519212 
0.000000 0.000000 0.000000 -0.052547 0.026873 -0.046266 -0.365907 -0.124625 0.204625 -0.235864 -0.136254 0.248878 -0.128073 -0.131572 0.255601 -0.036643 -0.121884 0.249345 -0.259303 0.111072 0.172843 -0.388677 0.163757 0.309948 -0.496784 0.194005 0.417115 -0.566997 -0.107723 0.308051 -0.688531 -0.097508 0.370558 -0.713744 -0.000631 0.430328 -0.394512 -0.211128 0.409187 -0.502415 -0.262053 0.518221 -0.579904 -0.201384 0.612847 -0.247643 -0.154464 0.428497 -0.333382 -0.170879 0.552473 -0.384968 -0.088319 0.646233 -0.138062 -0.098275 0.389855 -0.207871 -0.082024 0.486571 -0.273754 0.000751 0.531412 
0.000000 0.000000 0.000000 -0.050487 0.022142 -0.050840 -0.370835 -0.150034 0.176810 -0.244335 -0.151000 0.231596 -0.138125 -0.137898 0.246885 -0.047494 -0.121234 0.247826 -0.274243 0.100261 0.153308 -0.414256 0.149143 0.281051 -0.525911 0.178331 0.384820 -0.578967 -0.136275 0.265758 -0.704757 -0.127960 0.319515 -0.738297 -0.030504 0.374018 -0.413125 -0.229299 0.379426 -0.527926 -0.282554 0.479970 -0.619532 -0.229400 0.566123 -0.271498 -0.166775 0.408413 -0.367135 -0.187481 0.524239 -0.440204 -0.125112 0.619313 -0.158247 -0.108163 0.382545 -0.234480 -0.099166 0.475275 -0.315400 -0.041787 0.533265 
0.000000 0.000000 0.000000 -0.047391 0.016620 -0.055693 -0.368638 -0.187154 0.142723 -0.248550 -0.174810 0.209289 -0.146211 -0.150706 0.234427 -0.058290 -0.124721 0.243758 -0.295042 0.078471 0.125110 -0.450006 0.117173 0.238245 -0.571706 0.142678 0.331118 -0.585514 -0.192424 0.208733 -0.716587 -0.195610 0.248627 -0.771743 -0.106257 0.299293 -0.426702 -0.261035 0.340825 -0.547870 -0.319679 0.430288 -0.653254 -0.273219 0.503602 -0.294327 -0.187869 0.380696 -0.400534 -0.214517 0.485580 -0.492683 -0.167879 0.572767 -0.181163 -0.121192 0.368161 -0.265739 -0.118764 0.453790 -0.357447 -0.083022 0.513079 
0.000000 0.000000 0.000000 -0.041857 0.009049 -0.061563 -0.358621 -0.226638 0.106378 -0.249873 -0.197730 0.186020 -0.154943 -0.160543 0.221957 -0.072509 -0.123722 0.240430 -0.316182 0.052253 0.082401 -0.487837 0.079287 0.172485 -0.621834 0.099000 0.248268 -0.580910 -0.252315 0.143098 -0.715256 -0.267833 0.165291 -0.795767 -0.192900 0.203971 -0.435845 -0.294483 0.297947 -0.562332 -0.360288 0.374074 -0.680104 -0.316916 0.427814 -0.318446 -0.204465 0.348651 -0.435687 -0.235959 0.439499 -0.542613 -0.196198 0.511983 -0.209890 -0.127852 0.348577 -0.304451 -0.130695 0.423017 -0.406161 -0.108414 0.471615 
0.000000 0.000000 0.000000 -0.033128 -0.001014 -0.067271 -0.337675 -0.267652 0.075021 -0.246600 -0.218495 0.166089 -0.163698 -0.165978 0.211425 -0.090421 -0.116732 0.237842 -0.329093 0.020867 0.031583 -0.514288 0.034559 0.093440 -0.660407 0.046855 0.144282 -0.558071 -0.320451 0.082630 -0.691273 -0.352360 0.087228 -0.793941 -0.300528 0.106354 -0.437908 -0.323665 0.259976 -0.568026 -0.395196 0.323831 -0.695436 -0.358661 0.356561 -0.340617 -0.214298 0.316680 -0.467478 -0.248946 0.392155 -0.587493 -0.215874 0.444794 -0.242051 -0.125761 0.324520 -0.346421 -0.131975 0.384182 -0.455672 -0.115993 0.415993 
0.000000 0.000000 0.000000 -0.021214 -0.012923 -0.070759 -0.289956 -0.322740 0.055271 -0.225237 -0.249365 0.152390 -0.161776 -0.177961 0.202989 -0.104028 -0.113171 0.233970 -0.328731 -0.026200 -0.015050 -0.521155 -0.034509 0.019809 -0.673758 -0.037166 0.047950 -0.499812 -0.407358 0.040425 -0.626643 -0.458499 0.031452 -0.740676 -0.434559 0.035530 -0.414240 -0.369525 0.231851 -0.542788 -0.451251 0.285895 -0.676545 -0.428517 0.301109 -0.345632 -0.240299 0.286801 -0.477469 -0.284999 0.346899 -0.606135 -0.264063 0.382605 -0.263802 -0.138434 0.300456 -0.373777 -0.155823 0.346219 -0.487642 -0.149714 0.360384 
0.000000 0.000000 0.000000 -0.011341 -0.021348 -0.070990 -0.229321 -0.368039 0.057003 -0.189232 -0.277426 0.152850 -0.145396 -0.192026 0.202564 -0.103981 -0.115480 0.232859 -0.316309 -0.083644 -0.040011 -0.507139 -0.122624 -0.020626 -0.659297 -0.150511 -0.008090 -0.423999 -0.482984 0.039440 -0.541656 -0.552454 0.028824 -0.658186 -0.552645 0.025096 -0.365508 -0.418024 0.227906 -0.485401 -0.513650 0.278953 -0.621687 -0.508025 0.284773 -0.325399 -0.274756 0.276514 -0.454472 -0.334078 0.329540 -0.587434 -0.329217 0.353322 -0.262011 -0.164271 0.289712 -0.370786 -0.197856 0.328844 -0.485201 -0.207476 0.333288 
0.000000 0.000000 0.000000 -0.002943 -0.028980 -0.069104 -0.155525 -0.400511 0.081810 -0.139411 -0.296100 0.170373 -0.116025 -0.199841 0.213654 -0.092185 -0.114314 0.238339 -0.293279 -0.142961 -0.045437 -0.474952 -0.214283 -0.030628 -0.618791 -0.272296 -0.025022 -0.329937 -0.545128 0.072501 -0.435346 -0.632531 0.066874 -0.549143 -0.657896 0.067100 -0.295025 -0.452362 0.258920 -0.400865 -0.558642 0.319146 -0.536872 -0.566970 0.327639 -0.284925 -0.302074 0.289382 -0.406038 -0.375382 0.343683 -0.539245 -0.381423 0.365761 -0.239832 -0.184187 0.300824 -0.341461 -0.232282 0.343833 -0.453728 -0.256095 0.349500 
0.000000 0.000000 0.000000 -0.006642 -0.032613 -0.067203 -0.088162 -0.413013 0.113746 -0.076854 -0.302988 0.196033 -0.062353 -0.202375 0.232815 -0.048005 -0.113276 0.251466 -0.270775 -0.191966 -0.015371 -0.436052 -0.291679 0.017062 -0.564956 -0.376453 0.033915 -0.237637 -0.581032 0.142853 -0.327974 -0.682578 0.160444 -0.435684 -0.722256 0.180874 -0.205141 -0.461358 0.318245 -0.292394 -0.569072 0.401367 -0.427078 -0.576978 0.422272 -0.214897 -0.308826 0.333374 -0.324280 -0.385157 0.405482 -0.455730 -0.390816 0.436417 -0.180582 -0.194205 0.331840 -0.271838 -0.249910 0.387162 -0.380604 -0.282201 0.405341 
0.000000 0.000000 0.000000 -0.010211 -0.038309 -0.063656 -0.019111 -0.410595 0.149454 -0.012681 -0.293949 0.222644 -0.007259 -0.189763 0.250965 -0.002623 -0.098398 0.262072 -0.245907 -0.223040 0.026722 -0.393391 -0.338633 0.083273 -0.506398 -0.438195 0.120737 -0.145366 -0.585797 0.218622 -0.221671 -0.691684 0.260426 -0.321789 -0.734312 0.302287 -0.110771 -0.441417 0.381093 -0.177486 -0.541716 0.488861 -0.309258 -0.548658 0.523893 -0.140722 -0.294899 0.376853 -0.236423 -0.370288 0.467122 -0.363990 -0.373474 0.511673 -0.116057 -0.177649 0.369023 -0.194136 -0.232198 0.442639 -0.298190 -0.266508 0.477261 
0.000000 0.000000 0.000000 -0.016481 -0.043722 -0.058657 0.035092 -0.398138 0.177609 0.043166 -0.276003 0.241031 0.044598 -0.169808 0.261194 0.043711 -0.077752 0.265359 -0.217503 -0.240833 0.077665 -0.343289 -0.364173 0.162966 -0.436499 -0.472791 0.222974 -0.064490 -0.565811 0.293321 -0.124675 -0.667147 0.363255 -0.212175 -0.705542 0.430059 -0.030277 -0.398460 0.430991 -0.080229 -0.481748 0.560190 -0.207978 -0.478186 0.608221 -0.063637 -0.260518 0.418581 -0.141247 -0.325563 0.531438 -0.261885 -0.317806 0.591889 -0.048978 -0.148689 0.395601 -0.112776 -0.197516 0.485250 -0.211176 -0.225956 0.537324 
0.000000 0.000000 0.000000 -0.027013 -0.047794 -0.051087 0.064855 -0.383863 0.199333 0.084812 -0.257378 0.250401 0.090340 -0.149990 0.261511 0.090632 -0.057887 0.258469 -0.202547 -0.235622 0.127111 -0.312385 -0.353153 0.238616 -0.390449 -0.457054 0.323453 -0.016952 -0.534608 0.347669 -0.066395 -0.625714 0.437319 -0.140116 -0.655718 0.522513 0.038755 -0.351148 0.463850 0.007429 -0.414925 0.609025 -0.112178 -0.394624 0.671645 0.010674 -0.229528 0.440509 -0.046452 -0.286562 0.568863 -0.155299 -0.264002 0.645749 0.024553 -0.112375 0.410951 -0.020931 -0.149881 0.515907 -0.106011 -0.171711 0.589988 
0.000000 0.000000 0.000000 -0.038214 -0.049629 -0.041238 0.072176 -0.369592 0.222447 0.108555 -0.241245 0.257204 0.122825 -0.134089 0.256867 0.128586 -0.042891 0.244943 -0.194000 -0.208976 0.178273 -0.291481 -0.308685 0.315629 -0.356494 -0.398585 0.424156 0.005054 -0.496805 0.397751 -0.035513 -0.573689 0.503700 -0.092788 -0.596722 0.602605 0.088666 -0.309387 0.483998 0.075138 -0.355734 0.638250 -0.032291 -0.320804 0.714919 0.069520 -0.191124 0.453385 0.031298 -0.232022 0.594300 -0.060650 -0.196439 0.686754 0.081176 -0.079334 0.409292 0.048543 -0.104419 0.522417 -0.020693 -0.116657 0.613299 
0.000000 0.000000 0.000000 -0.045335 -0.049453 -0.033512 0.075809 -0.359708 0.236966 0.123023 -0.232094 0.259104 0.143167 -0.126258 0.250217 0.152671 -0.036463 0.231804 -0.177028 -0.190266 0.212811 -0.259433 -0.278377 0.366944 -0.313604 -0.355713 0.490117 0.017478 -0.474013 0.423921 -0.017776 -0.543095 0.536912 -0.058954 -0.565991 0.643557 0.133815 -0.288289 0.489755 0.141155 -0.326510 0.646631 0.050499 -0.279672 0.737334 0.117372 -0.179994 0.453098 0.098876 -0.218526 0.598576 0.026872 -0.178489 0.705723 0.132263 -0.067454 0.402712 0.118217 -0.088787 0.520351 0.073897 -0.099460 0.625826 
0.000000 0.000000 0.000000 -0.047596 -0.049554 -0.030048 0.079998 -0.354109 0.243921 0.130302 -0.226798 0.260233 0.151835 -0.121646 0.247376 0.162049 -0.032603 0.225938 -0.169835 -0.167693 0.232531 -0.246325 -0.241617 0.396835 -0.290939 -0.308940 0.529364 0.027501 -0.454898 0.440150 -0.004226 -0.515813 0.558745 -0.031482 -0.544555 0.668400 0.149065 -0.282085 0.490593 0.161826 -0.319688 0.647270 0.085619 -0.269545 0.748845 0.140231 -0.173847 0.451958 0.131910 -0.211278 0.598657 0.080864 -0.177851 0.719259 0.164331 -0.069887 0.396792 0.165902 -0.095551 0.514394 0.144807 -0.113155 0.625966 
0.000000 0.000000 0.000000 -0.051229 -0.048788 -0.024883 0.076457 -0.343888 0.259202 0.133157 -0.218409 0.265902 0.158676 -0.115236 0.246148 0.171745 -0.028057 0.219289 -0.155127 -0.146335 0.253570 -0.220138 -0.207374 0.427808 -0.256821 -0.265048 0.567146 0.026719 -0.436215 0.460254 -0.003341 -0.492015 0.581765 -0.020712 -0.525692 0.692025 0.171740 -0.295197 0.487463 0.179759 -0.328370 0.645450 0.122266 -0.282399 0.760430 0.161019 -0.172493 0.449691 0.162699 -0.213549 0.595645 0.134268 -0.194343 0.726377 0.178931 -0.065359 0.390002 0.183876 -0.091034 0.507508 0.177471 -0.111242 0.620441 
0.000000 0.000000 0.000000 -0.052771 -0.047282 -0.024568 0.070561 -0.347433 0.256128 0.130577 -0.223512 0.262925 0.158531 -0.120908 0.243506 0.173542 -0.033924 0.217033 -0.147579 -0.128254 0.262314 -0.206904 -0.178921 0.441826 -0.236689 -0.230515 0.585135 0.023270 -0.435174 0.459807 -0.005312 -0.488202 0.582906 -0.018123 -0.525818 0.692514 0.189513 -0.323159 0.470461 0.185421 -0.338607 0.631300 0.141314 -0.299577 0.754469 0.178610 -0.185255 0.443931 0.193007 -0.231395 0.587648 0.181331 -0.227352 0.722241 0.188406 -0.082408 0.384409 0.198637 -0.115781 0.499617 0.199959 -0.145717 0.610546 
0.000000 0.000000 0.000000 -0.058972 -0.041710 -0.020162 0.051840 -0.350768 0.256056 0.124707 -0.233745 0.256805 0.161727 -0.134789 0.233929 0.183793 -0.050072 0.205144 -0.147656 -0.115682 0.270543 -0.203149 -0.161968 0.452448 -0.227797 -0.210161 0.597901 0.005590 -0.438247 0.460086 -0.022363 -0.491117 0.583397 -0.033184 -0.530047 0.692761 0.189364 -0.356995 0.449427 0.187274 -0.372981 0.610252 0.156504 -0.340708 0.739290 0.192732 -0.230161 0.420091 0.202375 -0.267607 0.566705 0.198347 -0.269188 0.701795 0.204582 -0.111451 0.367584 0.218890 -0.153699 0.479394 0.223436 -0.193569 0.587064 
0.000000 0.000000 0.000000 -0.060567 -0.039673 -0.019536 0.042106 -0.352008 0.256140 0.118978 -0.237574 0.256008 0.159178 -0.139989 0.232619 0.183887 -0.056124 0.203486 -0.149518 -0.123952 0.268268 -0.205177 -0.176688 0.448357 -0.222721 -0.234226 0.591425 -0.002560 -0.442308 0.459292 -0.029555 -0.496883 0.582072 -0.038399 -0.540223 0.689946 0.186245 -0.382514 0.431912 0.185570 -0.400454 0.592542 0.168938 -0.385901 0.727268 0.188851 -0.258659 0.405103 0.199759 -0.303846 0.549429 0.202623 -0.317576 0.683858 0.206331 -0.130466 0.360190 0.221780 -0.181637 0.468051 0.230494 -0.233038 0.570448 
0.000000 0.000000 0.000000 -0.061692 -0.038530 -0.018259 0.039033 -0.351090 0.257881 0.118250 -0.238287 0.255682 0.160073 -0.141720 0.230951 0.186029 -0.058586 0.200828 -0.144399 -0.135220 0.267497 -0.196153 -0.195721 0.446306 -0.206543 -0.260298 0.587049 -0.002917 -0.444062 0.460407 -0.028270 -0.500252 0.582807 -0.035223 -0.548306 0.688805 0.188838 -0.401501 0.413331 0.184882 -0.410530 0.574661 0.177328 -0.409427 0.710973 0.198214 -0.285748 0.381001 0.205944 -0.307958 0.530793 0.213370 -0.329922 0.663949 0.208093 -0.142126 0.352882 0.223279 -0.199629 0.457544 0.234667 -0.257716 0.556029 
0.000000 0.000000 0.000000 -0.061411 -0.038797 -0.018639 0.038254 -0.350277 0.259101 0.117087 -0.237199 0.257224 0.158761 -0.140548 0.232567 0.184659 -0.057401 0.202429 -0.142461 -0.141214 0.265592 -0.193177 -0.205301 0.443446 -0.204621 -0.273832 0.582224 -0.014701 -0.446388 0.457541 -0.026726 -0.506523 0.580102 -0.032387 -0.557957 0.684580 0.189458 -0.403502 0.410783 0.193554 -0.424846 0.570946 0.191634 -0.431497 0.707296 0.193164 -0.279763 0.387968 0.207248 -0.326935 0.531380 0.216844 -0.354862 0.663275 0.212718 -0.149281 0.348569 0.232032 -0.212524 0.449160 0.244773 -0.272948 0.546061 
0.000000 0.000000 0.000000 -0.059930 -0.040216 -0.020371 0.040847 -0.350898 0.257861 0.116795 -0.235850 0.258595 0.156579 -0.138013 0.235545 0.181076 -0.054039 0.206549 -0.146742 -0.141321 0.262626 -0.201064 -0.204586 0.439708 -0.216580 -0.276203 0.576519 -0.003015 -0.449350 0.457369 -0.029525 -0.508853 0.577946 -0.035066 -0.563352 0.680865 0.183947 -0.400786 0.415951 0.185086 -0.418532 0.576600 0.185776 -0.432923 0.712364 0.189476 -0.284870 0.384087 0.203689 -0.326081 0.529312 0.216415 -0.363174 0.658658 0.214603 -0.147375 0.350600 0.237680 -0.211619 0.449753 0.251793 -0.273731 0.545389 
0.000000 0.000000 0.000000 -0.058643 -0.042019 -0.020478 0.047828 -0.346977 0.261934 0.120663 -0.229932 0.262124 0.158030 -0.131308 0.238393 0.180540 -0.047014 0.208725 -0.139263 -0.137142 0.266399 -0.189710 -0.196665 0.445907 -0.205813 -0.268712 0.582424 -0.002548 -0.441560 0.461776 -0.032993 -0.498724 0.582554 -0.038251 -0.553624 0.685274 0.186597 -0.402198 0.411963 0.190908 -0.418551 0.572707 0.198419 -0.442122 0.706972 0.201020 -0.290005 0.371362 0.219672 -0.313597 0.519977 0.240011 -0.357105 0.646315 0.218741 -0.138709 0.352666 0.245036 -0.201825 0.451743 0.265074 -0.262852 0.547018 