76
0.000000 0.000000 0.000000 -0.070039 0.014506 -0.022538 -0.212263 -0.353997 0.144641 -0.080131 -0.319047 0.167109 0.006447 -0.268051 0.164783 0.073641 -0.219422 0.157486 -0.361972 -0.080294 0.037747 -0.480543 -0.172861 0.162981 -0.539973 -0.250314 0.283629 -0.277755 -0.445510 0.341507 -0.256103 -0.346790 0.434068 -0.215375 -0.237564 0.432105 -0.121854 -0.294675 0.399788 -0.134123 -0.143712 0.343357 -0.112758 -0.138244 0.208624 -0.024158 -0.232011 0.370885 -0.048014 -0.123121 0.268102 -0.031710 -0.135001 0.134456 0.033481 -0.215398 0.327654 -0.011096 -0.103909 0.319029 -0.022176 -0.030045 0.231710 
0.000000 0.000000 0.000000 -0.068288 0.018901 -0.024563 -0.235697 -0.346516 0.125156 -0.102870 -0.319354 0.153519 -0.013731 -0.272986 0.156001 0.056128 -0.227797 0.152739 -0.371258 -0.054750 0.000560 -0.495006 -0.147867 0.120255 -0.554294 -0.227976 0.239227 -0.319364 -0.446223 0.310839 -0.297888 -0.355231 0.411046 -0.249928 -0.249054 0.415448 -0.155161 -0.306698 0.384992 -0.158902 -0.153247 0.334364 -0.129975 -0.148254 0.201031 -0.059154 -0.251228 0.361371 -0.069623 -0.134062 0.265699 -0.041858 -0.142275 0.133677 0.004039 -0.230242 0.319673 -0.039680 -0.118179 0.324339 -0.040607 -0.042717 0.237691 
0.000000 0.000000 0.000000 -0.064939 0.026217 -0.026822 -0.273053 -0.326485 0.100699 -0.139781 -0.313205 0.136019 -0.046895 -0.275720 0.144311 0.026987 -0.237355 0.145964 -0.373211 -0.026103 -0.035606 -0.514044 -0.111867 0.069853 -0.580773 -0.189996 0.186172 -0.387498 -0.427052 0.268653 -0.368619 -0.342516 0.374857 -0.311421 -0.242038 0.389879 -0.212235 -0.313451 0.362348 -0.202406 -0.159116 0.315352 -0.160985 -0.153507 0.185382 -0.107848 -0.271633 0.346751 -0.109864 -0.149108 0.257452 -0.069971 -0.156317 0.128515 -0.038084 -0.252773 0.307563 -0.077804 -0.140575 0.325594 -0.063122 -0.064327 0.240896 
0.000000 0.000000 0.000000 -0.062126 0.032108 -0.027081 -0.300905 -0.304174 0.090691 -0.167495 -0.302857 0.127908 -0.071912 -0.273501 0.138101 0.004902 -0.241541 0.141439 -0.372321 0.006180 -0.057952 -0.520583 -0.071616 0.043424 -0.595037 -0.146185 0.157368 -0.434570 -0.400761 0.246334 -0.414487 -0.316827 0.352795 -0.351412 -0.220963 0.373404 -0.251393 -0.300731 0.350239 -0.230462 -0.146511 0.306617 -0.182149 -0.142454 0.178990 -0.142204 -0.269804 0.337498 -0.131987 -0.143484 0.254252 -0.086125 -0.153782 0.127530 -0.071789 -0.246610 0.298535 -0.108688 -0.135698 0.327315 -0.082939 -0.060586 0.244259 
0.000000 0.000000 0.000000 -0.058448 0.036920 -0.029062 -0.325796 -0.282275 0.073948 -0.194288 -0.291233 0.116501 -0.097315 -0.269119 0.130960 -0.018574 -0.242943 0.137858 -0.366855 0.029180 -0.080753 -0.525334 -0.041602 0.009721 -0.614190 -0.112605 0.115314 -0.474779 -0.373704 0.218395 -0.454958 -0.291991 0.326618 -0.387600 -0.200578 0.353069 -0.295354 -0.289575 0.331577 -0.259988 -0.136513 0.293554 -0.201676 -0.134757 0.170119 -0.183200 -0.268183 0.324188 -0.163795 -0.138042 0.248838 -0.108049 -0.150798 0.126372 -0.107015 -0.246763 0.288689 -0.143456 -0.137601 0.324000 -0.107173 -0.063061 0.244436 
0.000000 0.000000 0.000000 -0.053371 0.041126 -0.032924 -0.349007 -0.259780 0.044703 -0.222107 -0.278175 0.097079 -0.125266 -0.262936 0.119244 -0.045696 -0.242319 0.132532 -0.355960 0.059241 -0.110115 -0.524416 -0.004795 -0.033739 -0.631686 -0.071409 0.056497 -0.520478 -0.346882 0.164833 -0.517035 -0.273335 0.280423 -0.450466 -0.186562 0.320823 -0.354306 -0.281720 0.294526 -0.307644 -0.127817 0.278366 -0.231165 -0.122131 0.165414 -0.233246 -0.270266 0.300904 -0.202527 -0.132232 0.246189 -0.133512 -0.142251 0.130411 -0.149698 -0.245181 0.273108 -0.191254 -0.143023 0.321360 -0.144184 -0.064586 0.251825 
0.000000 0.000000 0.000000 -0.049535 0.044251 -0.034814 -0.365646 -0.237834 0.032071 -0.242073 -0.263859 0.088972 -0.145338 -0.254535 0.114608 -0.065183 -0.238801 0.130753 -0.346190 0.074236 -0.129381 -0.519438 0.014705 -0.060443 -0.633709 -0.048423 0.023485 -0.551958 -0.322464 0.129773 -0.566777 -0.256041 0.248728 -0.509442 -0.172380 0.306233 -0.399141 -0.283095 0.266269 -0.349461 -0.130191 0.282905 -0.258665 -0.115986 0.181942 -0.268953 -0.281542 0.284030 -0.247344 -0.133402 0.259985 -0.168155 -0.138608 0.150578 -0.178343 -0.236562 0.264080 -0.237447 -0.158012 0.333564 -0.187656 -0.072795 0.274725 
0.000000 0.000000 0.000000 -0.046846 0.047259 -0.034582 -0.378785 -0.216593 0.029995 -0.257013 -0.250066 0.086884 -0.159945 -0.246496 0.112710 -0.079045 -0.235510 0.129065 -0.338210 0.084938 -0.141977 -0.514301 0.031019 -0.075675 -0.630584 -0.028130 0.008387 -0.575554 -0.299631 0.106198 -0.605441 -0.242659 0.227206 -0.557421 -0.164686 0.299368 -0.429470 -0.281636 0.247310 -0.389380 -0.132283 0.294333 -0.289106 -0.106907 0.205223 -0.291742 -0.283540 0.273865 -0.280392 -0.132339 0.273347 -0.195774 -0.129495 0.167991 -0.194422 -0.220798 0.259672 -0.263527 -0.164867 0.340835 -0.212775 -0.075555 0.289350 
0.000000 0.000000 0.000000 -0.044713 0.048804 -0.035254 -0.387540 -0.200434 0.030485 -0.267484 -0.238337 0.088234 -0.170455 -0.238523 0.114448 -0.089235 -0.230727 0.131047 -0.333950 0.085269 -0.148649 -0.512332 0.037530 -0.083748 -0.630177 -0.016212 0.001757 -0.590915 -0.277626 0.094518 -0.636143 -0.229696 0.214680 -0.598301 -0.157030 0.297631 -0.451337 -0.281298 0.232549 -0.432349 -0.141443 0.311318 -0.324682 -0.097592 0.239734 -0.313157 -0.285497 0.263254 -0.320209 -0.138413 0.299411 -0.228757 -0.113671 0.203014 -0.204900 -0.210748 0.260696 -0.277342 -0.165370 0.345456 -0.225040 -0.074938 0.297605 
0.000000 0.000000 0.000000 -0.043942 0.050352 -0.034025 -0.392428 -0.189763 0.035785 -0.272477 -0.231531 0.091032 -0.175040 -0.234671 0.115485 -0.093349 -0.229303 0.130679 -0.334970 0.077159 -0.145516 -0.512618 0.034585 -0.075231 -0.631060 -0.011734 0.013723 -0.596901 -0.264994 0.098644 -0.655406 -0.227454 0.216754 -0.628939 -0.159329 0.307593 -0.458648 -0.288812 0.227171 -0.477665 -0.168892 0.333858 -0.371307 -0.100473 0.282416 -0.324887 -0.282449 0.256824 -0.360344 -0.155143 0.331165 -0.267090 -0.099110 0.250965 -0.206168 -0.200683 0.261213 -0.283824 -0.180983 0.351061 -0.233552 -0.086527 0.309180 
0.000000 0.000000 0.000000 -0.044954 0.051986 -0.030007 -0.393810 -0.179305 0.063671 -0.271235 -0.225089 0.109106 -0.172345 -0.231237 0.125987 -0.089614 -0.228326 0.134936 -0.342156 0.072401 -0.125403 -0.518914 0.040248 -0.047724 -0.639636 0.005712 0.043492 -0.595776 -0.255941 0.132640 -0.679609 -0.241252 0.240056 -0.684978 -0.184385 0.341695 -0.451435 -0.291882 0.248896 -0.500839 -0.201272 0.373288 -0.404857 -0.108761 0.343818 -0.318311 -0.272452 0.273327 -0.376016 -0.176040 0.375139 -0.293353 -0.085981 0.317484 -0.194167 -0.207690 0.273605 -0.266133 -0.193486 0.369053 -0.225158 -0.093518 0.329931 
0.000000 0.000000 0.000000 -0.048124 0.050070 -0.028302 -0.384211 -0.183366 0.100243 -0.257651 -0.225364 0.137712 -0.157660 -0.229222 0.147129 -0.074559 -0.224595 0.149564 -0.349116 0.073819 -0.110067 -0.526390 0.050066 -0.030564 -0.661972 0.028477 0.041814 -0.574911 -0.260305 0.195818 -0.690164 -0.306804 0.253580 -0.735543 -0.277702 0.356958 -0.426151 -0.298943 0.288272 -0.507246 -0.255889 0.421292 -0.432926 -0.141406 0.418194 -0.292035 -0.242742 0.309838 -0.382131 -0.222909 0.430171 -0.322427 -0.105126 0.401350 -0.170410 -0.212415 0.295339 -0.236387 -0.204031 0.395679 -0.211033 -0.098737 0.357292 
0.000000 0.000000 0.000000 -0.053242 0.045880 -0.026158 -0.363129 -0.206264 0.129933 -0.231774 -0.238502 0.159796 -0.131356 -0.235285 0.162581 -0.048800 -0.224947 0.159338 -0.362224 0.058247 -0.073308 -0.545156 0.019981 -0.015146 -0.697941 0.002615 0.005876 -0.540147 -0.317679 0.217520 -0.647132 -0.385015 0.270456 -0.708448 -0.383867 0.369612 -0.382017 -0.301340 0.332865 -0.484203 -0.344079 0.450576 -0.440788 -0.218193 0.480695 -0.253165 -0.260559 0.333572 -0.339988 -0.271673 0.457382 -0.303014 -0.142929 0.439331 -0.136396 -0.217434 0.310522 -0.196691 -0.212263 0.414585 -0.189822 -0.104794 0.374506 
0.000000 0.000000 0.000000 -0.061176 0.036767 -0.023011 -0.318379 -0.251976 0.162584 -0.181879 -0.263831 0.182894 -0.083091 -0.246035 0.177789 -0.003410 -0.223988 0.167895 -0.353702 -0.030652 0.064907 -0.540159 -0.088388 0.050363 -0.688568 -0.133307 0.043740 -0.459125 -0.377602 0.288396 -0.544188 -0.453527 0.364433 -0.577903 -0.438670 0.475049 -0.297700 -0.364341 0.364437 -0.368767 -0.377272 0.509029 -0.337614 -0.246186 0.531060 -0.170150 -0.312118 0.358807 -0.233832 -0.273708 0.490943 -0.217862 -0.143765 0.457361 -0.069477 -0.206662 0.328896 -0.114953 -0.194735 0.439715 -0.125080 -0.093168 0.386946 
0.000000 0.000000 0.000000 -0.068479 0.024303 -0.018546 -0.253583 -0.281321 0.218733 -0.115657 -0.269639 0.223732 -0.022261 -0.237218 0.205617 0.051195 -0.204078 0.184668 -0.331971 -0.096482 0.099050 -0.496848 -0.172060 0.172634 -0.628461 -0.248958 0.201819 -0.341448 -0.409905 0.383555 -0.376933 -0.431393 0.514173 -0.372641 -0.373290 0.615162 -0.178270 -0.358149 0.435203 -0.210419 -0.318134 0.588467 -0.191420 -0.183152 0.580839 -0.054757 -0.294232 0.406632 -0.098678 -0.208113 0.523445 -0.110036 -0.088599 0.461354 0.021817 -0.205375 0.357067 -0.026358 -0.124580 0.432185 -0.051590 -0.038069 0.360894 
0.000000 0.000000 0.000000 -0.072951 0.013621 -0.010796 -0.182145 -0.266566 0.295053 -0.047534 -0.239844 0.276320 0.037453 -0.201239 0.239053 0.102375 -0.164483 0.202079 -0.288708 -0.106118 0.181448 -0.423715 -0.181044 0.301741 -0.533477 -0.269833 0.366205 -0.205712 -0.350761 0.504280 -0.202800 -0.336266 0.640527 -0.179845 -0.247296 0.712294 -0.049422 -0.288247 0.508974 -0.049472 -0.196256 0.641874 -0.048117 -0.064255 0.607046 0.059494 -0.218371 0.448658 0.028137 -0.098537 0.536107 -0.010975 0.004596 0.457992 0.111499 -0.153508 0.376385 0.062570 -0.053743 0.422689 0.018176 0.017261 0.344008 
0.000000 0.000000 0.000000 -0.074377 0.008685 -0.004063 -0.133119 -0.233473 0.345051 -0.003145 -0.203250 0.307923 0.074882 -0.166003 0.256675 0.133139 -0.131477 0.208228 -0.259944 -0.101637 0.222301 -0.376059 -0.170669 0.363944 -0.480401 -0.265312 0.429077 -0.124717 -0.282921 0.566194 -0.104423 -0.244533 0.696181 -0.076870 -0.143535 0.747497 0.024011 -0.186045 0.543382 0.033795 -0.061101 0.645450 0.024792 0.061476 0.586009 0.120683 -0.143757 0.461909 0.088931 -0.007648 0.520704 0.035409 0.084119 0.437144 0.165925 -0.104612 0.377903 0.115963 -0.001188 0.413937 0.057705 0.061071 0.336911 
0.000000 0.000000 0.000000 -0.074851 0.004315 -0.001613 -0.106819 -0.216877 0.364478 0.019766 -0.182135 0.320271 0.093605 -0.144178 0.263623 0.147978 -0.109825 0.210741 -0.242007 -0.094547 0.243604 -0.346603 -0.156408 0.397045 -0.443690 -0.249751 0.474167 -0.076960 -0.243306 0.587705 -0.050006 -0.206381 0.716903 -0.023655 -0.102298 0.762351 0.062877 -0.132629 0.548667 0.072857 0.012075 0.619982 0.055646 0.126397 0.547361 0.146544 -0.090138 0.461084 0.112302 0.052788 0.498373 0.052880 0.139744 0.413663 0.190510 -0.070307 0.375713 0.137612 0.034519 0.402259 0.072028 0.093887 0.328929 
0.000000 0.000000 0.000000 -0.074870 0.004283 -0.000240 -0.099972 -0.216099 0.366875 0.025760 -0.181407 0.320258 0.098523 -0.143549 0.262170 0.151895 -0.109294 0.208216 -0.233749 -0.090817 0.251871 -0.333166 -0.150324 0.409625 -0.424966 -0.242253 0.494529 -0.062605 -0.242715 0.588946 -0.032888 -0.213111 0.719416 -0.005797 -0.112223 0.771194 0.073105 -0.118023 0.544346 0.081752 0.034162 0.598100 0.062776 0.145025 0.520715 0.158666 -0.079716 0.454581 0.122779 0.066284 0.474247 0.061727 0.149817 0.387282 0.198321 -0.065483 0.371039 0.143076 0.039721 0.390307 0.075538 0.096662 0.316826 
0.000000 0.000000 0.000000 -0.074850 0.004617 -0.000216 -0.100807 -0.215408 0.367053 0.025063 -0.181310 0.320368 0.097973 -0.143815 0.262230 0.151479 -0.109835 0.208235 -0.236247 -0.091381 0.249946 -0.337239 -0.151450 0.406482 -0.423163 -0.243934 0.496764 -0.060465 -0.250671 0.587391 -0.028457 -0.214740 0.715713 -0.002294 -0.114365 0.768944 0.069824 -0.106938 0.541591 0.070316 0.052195 0.569892 0.047796 0.153582 0.481276 0.150756 -0.068467 0.452625 0.106542 0.076562 0.451085 0.046352 0.150188 0.355042 0.195335 -0.060125 0.370074 0.136456 0.044279 0.381221 0.068896 0.097303 0.304884 
0.000000 0.000000 0.000000 -0.074884 0.003803 -0.001337 -0.103884 -0.215076 0.366389 0.022285 -0.179793 0.321427 0.095637 -0.141733 0.264219 0.149564 -0.107382 0.210881 -0.238151 -0.088841 0.248878 -0.340312 -0.146812 0.405446 -0.423974 -0.237670 0.499426 -0.066539 -0.243473 0.588242 -0.036144 -0.193170 0.712048 -0.013019 -0.086676 0.753491 0.064957 -0.094352 0.539035 0.058532 0.067151 0.538797 0.033456 0.154014 0.436496 0.145771 -0.057610 0.451632 0.096583 0.083090 0.423795 0.038805 0.141978 0.316735 0.191622 -0.055284 0.372446 0.128000 0.046909 0.372153 0.061367 0.094311 0.291430 
0.000000 0.000000 0.000000 -0.074824 0.004899 -0.001119 -0.106286 -0.219377 0.363135 0.020294 -0.185197 0.318477 0.094079 -0.147288 0.261728 0.148396 -0.112868 0.208831 -0.237284 -0.086718 0.249997 -0.338940 -0.144045 0.407130 -0.420884 -0.232594 0.504758 -0.069166 -0.256775 0.583688 -0.038658 -0.182517 0.694760 -0.020533 -0.069027 0.714375 0.061502 -0.099840 0.536400 0.047662 0.059282 0.511643 0.020035 0.130990 0.398798 0.143328 -0.062652 0.449145 0.090791 0.071274 0.401245 0.035923 0.113994 0.285346 0.195274 -0.063317 0.369870 0.129493 0.037145 0.361409 0.063401 0.078922 0.277209 
0.000000 0.000000 0.000000 -0.074733 0.006219 0.000378 -0.104134 -0.232412 0.355571 0.022276 -0.198575 0.310176 0.095773 -0.159608 0.253770 0.149808 -0.123955 0.201405 -0.229382 -0.077049 0.259215 -0.326151 -0.129151 0.421179 -0.401727 -0.209960 0.530014 -0.061090 -0.276627 0.573774 -0.030082 -0.188076 0.673670 -0.018211 -0.072095 0.672859 0.074293 -0.117087 0.527267 0.047356 0.036273 0.483912 0.008985 0.082879 0.361458 0.150289 -0.077589 0.440892 0.088981 0.044873 0.375813 0.032646 0.067320 0.255022 0.197361 -0.078532 0.363459 0.126047 0.015939 0.341528 0.061624 0.050724 0.252969 
0.000000 0.000000 0.000000 -0.074477 0.008772 -0.000252 -0.116654 -0.242816 0.344562 0.011420 -0.211558 0.302077 0.086937 -0.172908 0.248175 0.142838 -0.137061 0.197946 -0.232619 -0.077616 0.255433 -0.331572 -0.131672 0.415425 -0.391871 -0.209783 0.535215 -0.079789 -0.300885 0.560638 -0.050146 -0.213796 0.662219 -0.038691 -0.097883 0.657106 0.070491 -0.145126 0.522467 0.031603 0.006476 0.482104 -0.012138 0.022251 0.353740 0.142307 -0.103380 0.440044 0.076278 0.013740 0.369945 0.025576 0.013602 0.244657 0.189847 -0.101841 0.362677 0.120337 -0.005823 0.341695 0.061032 0.026061 0.248585 
0.000000 0.000000 0.000000 -0.073200 0.016297 0.000055 -0.140776 -0.236354 0.340013 -0.010181 -0.217452 0.297906 0.068880 -0.185637 0.244624 0.128142 -0.154685 0.194995 -0.244204 -0.065678 0.248820 -0.351207 -0.116973 0.404481 -0.412417 -0.195434 0.523578 -0.122380 -0.319584 0.550143 -0.091266 -0.244298 0.660352 -0.070670 -0.129545 0.659628 0.050332 -0.171929 0.523162 0.006677 -0.018746 0.495705 -0.034503 -0.017868 0.365540 0.125497 -0.135828 0.442177 0.057650 -0.013941 0.382752 0.014072 -0.026910 0.255470 0.166898 -0.129814 0.363713 0.103924 -0.027403 0.357590 0.052388 0.007633 0.261051 
0.000000 0.000000 0.000000 -0.072197 0.019874 -0.004067 -0.171098 -0.228051 0.331675 -0.037574 -0.215724 0.296966 0.045822 -0.188003 0.248197 0.109228 -0.160161 0.201963 -0.260226 -0.053431 0.234926 -0.377882 -0.099301 0.384472 -0.444020 -0.174740 0.502885 -0.179686 -0.329085 0.534502 -0.155257 -0.271224 0.656311 -0.126439 -0.158577 0.664867 0.006411 -0.198212 0.529846 -0.025369 -0.040074 0.519498 -0.053966 -0.031815 0.386256 0.093307 -0.168462 0.453324 0.031636 -0.035839 0.413343 -0.000082 -0.044750 0.282261 0.138107 -0.149698 0.374134 0.082118 -0.043275 0.379675 0.040205 -0.002012 0.280964 
0.000000 0.000000 0.000000 -0.070978 0.021953 -0.010200 -0.203977 -0.215363 0.321407 -0.067802 -0.207852 0.297216 0.020031 -0.183755 0.254714 0.087750 -0.158875 0.213143 -0.275672 -0.029195 0.220734 -0.403756 -0.061200 0.365238 -0.478408 -0.127832 0.483872 -0.247421 -0.321061 0.517266 -0.236347 -0.280504 0.647705 -0.198199 -0.172916 0.671431 -0.051137 -0.217914 0.534061 -0.065292 -0.058456 0.556356 -0.076374 -0.036038 0.422140 0.053050 -0.193081 0.463368 0.000737 -0.051101 0.453581 -0.017972 -0.052015 0.319725 0.098242 -0.142679 0.386964 0.055865 -0.031596 0.405828 0.027746 0.014180 0.304255 
0.000000 0.000000 0.000000 -0.068562 0.024225 -0.018338 -0.244183 -0.189860 0.309222 -0.106088 -0.189108 0.298531 -0.013494 -0.170820 0.263978 0.059047 -0.150895 0.228288 -0.285476 0.000872 0.205825 -0.421207 -0.013741 0.346091 -0.507084 -0.067393 0.463707 -0.323007 -0.290494 0.496518 -0.335570 -0.270600 0.631531 -0.296062 -0.171802 0.679189 -0.124324 -0.219250 0.533549 -0.125466 -0.069175 0.593554 -0.114854 -0.027894 0.463852 -0.007727 -0.203741 0.472777 -0.048876 -0.060256 0.499417 -0.050854 -0.045187 0.365115 0.048657 -0.126067 0.401094 0.015438 -0.017693 0.441626 0.002151 0.032379 0.339062 
0.000000 0.000000 0.000000 -0.064578 0.028937 -0.024823 -0.282650 -0.152442 0.296919 -0.144613 -0.163875 0.297270 -0.048420 -0.155254 0.269440 0.028086 -0.143374 0.238801 -0.293776 0.037532 0.187875 -0.437194 0.042910 0.320968 -0.534402 0.005564 0.436045 -0.397204 -0.245632 0.469004 -0.437158 -0.235937 0.599739 -0.406778 -0.144672 0.665624 -0.200671 -0.201284 0.525157 -0.205067 -0.072180 0.622303 -0.170607 -0.009922 0.505788 -0.079901 -0.192746 0.475151 -0.115070 -0.057478 0.533944 -0.097187 -0.023095 0.404460 -0.005657 -0.114288 0.407922 -0.035757 -0.027834 0.486094 -0.030876 0.030095 0.386980 
0.000000 0.000000 0.000000 -0.060761 0.030115 -0.032017 -0.313675 -0.120222 0.280080 -0.176889 -0.137733 0.293048 -0.078401 -0.135213 0.273161 0.000891 -0.128750 0.248584 -0.298515 0.067606 0.167768 -0.447285 0.091066 0.292780 -0.545505 0.070736 0.411213 -0.451557 -0.193844 0.444362 -0.517640 -0.193754 0.564425 -0.501958 -0.105536 0.639022 -0.264342 -0.166700 0.512108 -0.293282 -0.069948 0.638307 -0.242564 0.018366 0.547381 -0.144414 -0.158729 0.472668 -0.184345 -0.034975 0.550650 -0.148426 0.015376 0.430472 -0.056239 -0.068053 0.402331 -0.095563 -0.026274 0.508158 -0.078597 0.036766 0.413600 
0.000000 0.000000 0.000000 -0.057180 0.028954 -0.038935 -0.338495 -0.095241 0.260078 -0.203700 -0.114285 0.285627 -0.103873 -0.114894 0.273964 -0.022691 -0.111543 0.255762 -0.295737 0.094492 0.152485 -0.445010 0.135502 0.272264 -0.545232 0.134640 0.390762 -0.494244 -0.131657 0.420815 -0.588374 -0.153666 0.517960 -0.588086 -0.066250 0.595106 -0.314699 -0.124950 0.495483 -0.371189 -0.073034 0.637744 -0.308175 0.033990 0.581049 -0.199815 -0.122029 0.462266 -0.255559 -0.022254 0.561908 -0.206338 0.050033 0.458855 -0.098274 -0.056467 0.403546 -0.150299 -0.018557 0.505269 -0.125257 0.056904 0.422312 
0.000000 0.000000 0.000000 -0.055298 0.025648 -0.043683 -0.349803 -0.071729 0.252552 -0.216333 -0.088845 0.285384 -0.116107 -0.090700 0.278099 -0.034207 -0.089125 0.263169 -0.282974 0.117686 0.150067 -0.425439 0.175277 0.271303 -0.527014 0.194561 0.387051 -0.517295 -0.089507 0.404377 -0.618522 -0.100251 0.496136 -0.627935 -0.010317 0.569732 -0.331830 -0.071783 0.492371 -0.410383 -0.060180 0.633152 -0.348636 0.056184 0.597289 -0.221943 -0.073281 0.460332 -0.287525 0.009222 0.569341 -0.235863 0.091566 0.475434 -0.118151 -0.030413 0.404917 -0.175932 0.010000 0.502485 -0.150805 0.089708 0.423628 
0.000000 0.000000 0.000000 -0.054513 0.023142 -0.046007 -0.353728 -0.053316 0.251643 -0.220843 -0.069112 0.287383 -0.120541 -0.072040 0.281649 -0.038436 -0.071921 0.267808 -0.261689 0.138232 0.158147 -0.391326 0.210248 0.285893 -0.497295 0.254385 0.390341 -0.527845 -0.055012 0.396903 -0.633078 -0.056037 0.484693 -0.650945 0.033749 0.556890 -0.341890 -0.042678 0.490172 -0.424220 -0.024698 0.628096 -0.371212 0.099720 0.609395 -0.226863 -0.016496 0.455788 -0.303102 0.023333 0.580656 -0.254266 0.118322 0.497829 -0.125777 -0.010186 0.406179 -0.185896 0.032307 0.501423 -0.163489 0.116904 0.426962 
0.000000 0.000000 0.000000 -0.053720 0.021509 -0.047701 -0.358019 -0.045257 0.247112 -0.225766 -0.059671 0.285668 -0.125378 -0.062663 0.281780 -0.043043 -0.062906 0.269372 -0.244930 0.145596 0.166512 -0.364578 0.223242 0.300552 -0.473557 0.284603 0.392449 -0.534669 -0.038803 0.389146 -0.641430 -0.034902 0.474987 -0.665752 0.055482 0.544503 -0.354363 -0.039529 0.484493 -0.441827 -0.025830 0.619723 -0.406597 0.105790 0.628346 -0.233796 -0.013904 0.456657 -0.311538 0.021059 0.582054 -0.269558 0.133242 0.519439 -0.134824 -0.006297 0.407060 -0.197999 0.032668 0.501833 -0.180788 0.123874 0.434095 
0.000000 0.000000 0.000000 -0.053185 0.018343 -0.049587 -0.362223 -0.047221 0.240531 -0.230544 -0.056524 0.282474 -0.130048 -0.056756 0.280914 -0.047474 -0.055047 0.270346 -0.237098 0.144425 0.169789 -0.352178 0.223319 0.307060 -0.464096 0.293595 0.388440 -0.543659 -0.036661 0.376140 -0.653313 -0.030279 0.458098 -0.680504 0.062191 0.523696 -0.367345 -0.038758 0.475980 -0.460389 -0.026675 0.607591 -0.451814 0.105406 0.641063 -0.242344 -0.006797 0.452982 -0.322868 0.029026 0.576365 -0.297768 0.155465 0.535731 -0.143508 0.000693 0.405465 -0.209610 0.039059 0.498469 -0.202167 0.138050 0.440601 
0.000000 0.000000 0.000000 -0.052646 0.015342 -0.051156 -0.365761 -0.054893 0.233443 -0.234835 -0.058562 0.278497 -0.134384 -0.055232 0.279171 -0.051701 -0.050801 0.270402 -0.238763 0.138602 0.167964 -0.355223 0.215729 0.305076 -0.471496 0.288486 0.377697 -0.549504 -0.044926 0.365954 -0.660554 -0.038902 0.446040 -0.690037 0.055046 0.508471 -0.375282 -0.041795 0.469462 -0.470806 -0.030391 0.599345 -0.475854 0.099364 0.641507 -0.247673 -0.002792 0.449844 -0.328908 0.034810 0.572228 -0.319369 0.166382 0.542803 -0.152160 0.005109 0.402192 -0.221308 0.043593 0.492905 -0.221718 0.145673 0.440153 
0.000000 0.000000 0.000000 -0.051595 0.010942 -0.053312 -0.369896 -0.073479 0.221514 -0.240739 -0.067903 0.271240 -0.140791 -0.058164 0.275393 -0.058285 -0.048644 0.269458 -0.251427 0.124683 0.158765 -0.376469 0.195854 0.291469 -0.501440 0.262585 0.354842 -0.558491 -0.074997 0.347409 -0.672473 -0.075915 0.423497 -0.709033 0.017664 0.482652 -0.389457 -0.056694 0.456258 -0.490606 -0.049070 0.582097 -0.511267 0.078688 0.625575 -0.262061 -0.006935 0.440870 -0.349019 0.029798 0.559528 -0.359884 0.162781 0.537951 -0.166834 0.007878 0.394392 -0.241551 0.046783 0.480387 -0.254434 0.150683 0.433038 
0.000000 0.000000 0.000000 -0.049321 0.005352 -0.056238 -0.374182 -0.098986 0.203667 -0.248841 -0.081482 0.259954 -0.150409 -0.063328 0.269096 -0.068765 -0.047085 0.267255 -0.272525 0.102537 0.140184 -0.412191 0.163349 0.263092 -0.548281 0.215502 0.316444 -0.566581 -0.124258 0.320987 -0.682862 -0.139532 0.391892 -0.731807 -0.047926 0.444861 -0.406496 -0.080898 0.437771 -0.513724 -0.080501 0.558712 -0.554148 0.043708 0.598427 -0.284526 -0.008847 0.423234 -0.380695 0.030220 0.533760 -0.413441 0.159299 0.510646 -0.188816 0.007457 0.382143 -0.271450 0.044999 0.461222 -0.295164 0.146126 0.412088 
0.000000 0.000000 0.000000 -0.046230 -0.003108 -0.058966 -0.372068 -0.131092 0.188866 -0.252982 -0.096589 0.250615 -0.157900 -0.066845 0.263904 -0.078614 -0.041461 0.265466 -0.293810 0.072209 0.116755 -0.448729 0.119337 0.226709 -0.595345 0.151255 0.266357 -0.562360 -0.180819 0.301722 -0.677367 -0.210873 0.369929 -0.742215 -0.124546 0.413923 -0.418150 -0.106236 0.421205 -0.530487 -0.112798 0.537230 -0.592071 0.004834 0.569003 -0.306924 -0.017804 0.405680 -0.413785 0.017361 0.507342 -0.464267 0.137741 0.472296 -0.212395 0.004213 0.368436 -0.304479 0.035650 0.439313 -0.337752 0.130316 0.383326 
0.000000 0.000000 0.000000 -0.039622 -0.015986 -0.061631 -0.364294 -0.169181 0.173083 -0.257853 -0.110619 0.239609 -0.169873 -0.065163 0.256794 -0.095719 -0.027601 0.261624 -0.308128 0.036156 0.090133 -0.476141 0.068783 0.185097 -0.630112 0.076583 0.202957 -0.549988 -0.238685 0.283115 -0.662217 -0.280691 0.349616 -0.745115 -0.205206 0.381598 -0.429958 -0.126214 0.402738 -0.547014 -0.136821 0.513689 -0.628120 -0.028223 0.530042 -0.335024 -0.024482 0.382428 -0.453448 0.004688 0.472516 -0.515907 0.111921 0.418962 -0.240265 0.007797 0.353493 -0.339758 0.032162 0.416728 -0.380238 0.115837 0.349177 
0.000000 0.000000 0.000000 -0.026974 -0.031555 -0.062454 -0.348265 -0.214348 0.155103 -0.264670 -0.127447 0.223259 -0.189711 -0.063455 0.242960 -0.125034 -0.011519 0.250210 -0.318311 -0.020499 0.050891 -0.500610 -0.013580 0.121815 -0.652962 -0.042380 0.115017 -0.529006 -0.306790 0.256133 -0.638242 -0.362660 0.317192 -0.739219 -0.306132 0.331381 -0.450301 -0.156180 0.368826 -0.576557 -0.175722 0.467832 -0.675952 -0.082808 0.456568 -0.375300 -0.041256 0.341843 -0.508378 -0.025339 0.412748 -0.575818 0.061581 0.334232 -0.283672 0.003889 0.322200 -0.392867 0.014495 0.371753 -0.437794 0.080129 0.288826 
0.000000 0.000000 0.000000 -0.012261 -0.043767 -0.059649 -0.319286 -0.259823 0.147780 -0.262960 -0.150115 0.210843 -0.204471 -0.070346 0.228668 -0.152125 -0.005897 0.234935 -0.312400 -0.087293 0.016958 -0.500207 -0.114529 0.064894 -0.639275 -0.181542 0.048891 -0.488000 -0.377875 0.242750 -0.589967 -0.449222 0.300148 -0.701269 -0.414558 0.298355 -0.455797 -0.199547 0.340631 -0.586953 -0.233168 0.428905 -0.694159 -0.159958 0.386639 -0.402670 -0.077863 0.301979 -0.544790 -0.083254 0.354548 -0.605083 -0.017620 0.252936 -0.318946 -0.014985 0.286649 -0.433773 -0.021240 0.322245 -0.476743 0.023980 0.225747 
0.000000 0.000000 0.000000 0.001878 -0.051656 -0.054333 -0.275764 -0.300808 0.157349 -0.247533 -0.175729 0.209724 -0.207300 -0.084350 0.221264 -0.169074 -0.010397 0.222883 -0.289823 -0.149594 0.001925 -0.472351 -0.210877 0.037129 -0.592079 -0.309076 0.026690 -0.431701 -0.437501 0.249104 -0.525945 -0.520115 0.304557 -0.641424 -0.507043 0.295236 -0.440145 -0.246976 0.329302 -0.571149 -0.295434 0.410631 -0.680975 -0.241940 0.349672 -0.406157 -0.121965 0.282542 -0.548749 -0.148938 0.326481 -0.597546 -0.098769 0.210852 -0.335015 -0.046749 0.264457 -0.449236 -0.071771 0.293072 -0.478378 -0.039831 0.186612 
0.000000 0.000000 0.000000 0.012588 -0.055506 -0.048831 -0.232044 -0.325439 0.177581 -0.226423 -0.193114 0.218122 -0.201703 -0.095763 0.221792 -0.175742 -0.016778 0.217266 -0.260730 -0.199308 0.000815 -0.431755 -0.289289 0.031880 -0.532759 -0.407065 0.035582 -0.373021 -0.476623 0.270797 -0.458224 -0.567994 0.327134 -0.574277 -0.573934 0.317670 -0.409728 -0.285014 0.338238 -0.534402 -0.347518 0.419934 -0.646536 -0.310579 0.351370 -0.394709 -0.158492 0.281183 -0.533107 -0.203473 0.323769 -0.571852 -0.163082 0.200743 -0.335663 -0.074994 0.257543 -0.445740 -0.115065 0.285267 -0.459960 -0.088600 0.174359 
0.000000 0.000000 0.000000 0.025963 -0.058077 -0.039710 -0.191355 -0.336343 0.203832 -0.211190 -0.201075 0.226064 -0.203132 -0.101213 0.218035 -0.190096 -0.020092 0.204526 -0.224934 -0.239563 0.004561 -0.381928 -0.353126 0.032262 -0.464457 -0.483522 0.048777 -0.320310 -0.496207 0.299925 -0.398246 -0.592825 0.358002 -0.511703 -0.616475 0.345296 -0.388349 -0.307797 0.343110 -0.508841 -0.380383 0.422718 -0.620494 -0.363646 0.345953 -0.389690 -0.184000 0.273319 -0.523463 -0.243364 0.312962 -0.550972 -0.215864 0.183520 -0.342466 -0.096839 0.242993 -0.447345 -0.149665 0.269469 -0.448482 -0.128960 0.156451 
0.000000 0.000000 0.000000 0.037310 -0.057532 -0.030364 -0.159751 -0.336816 0.228747 -0.200286 -0.204434 0.232872 -0.205636 -0.105981 0.213373 -0.202955 -0.025798 0.191088 -0.176708 -0.280225 0.019137 -0.310626 -0.419572 0.050111 -0.373620 -0.557406 0.083584 -0.279663 -0.497518 0.334653 -0.352134 -0.594642 0.398660 -0.460450 -0.633148 0.379215 -0.372515 -0.323315 0.345473 -0.489655 -0.404172 0.422057 -0.593692 -0.411490 0.333955 -0.387591 -0.206935 0.250982 -0.518063 -0.279326 0.277950 -0.524941 -0.263168 0.143936 -0.348660 -0.119490 0.215136 -0.448952 -0.183979 0.231689 -0.428710 -0.166451 0.119947 
0.000000 0.000000 0.000000 0.046203 -0.054437 -0.022930 -0.123076 -0.331666 0.257178 -0.181419 -0.206531 0.246108 -0.199198 -0.112214 0.216274 -0.206409 -0.035045 0.185845 -0.138457 -0.298944 0.040027 -0.254004 -0.451941 0.079422 -0.301095 -0.591463 0.128442 -0.242006 -0.483764 0.376098 -0.313884 -0.575688 0.447969 -0.416779 -0.625965 0.426107 -0.345569 -0.333393 0.362020 -0.457213 -0.419677 0.440856 -0.554494 -0.444302 0.348284 -0.369647 -0.228763 0.261850 -0.495471 -0.313372 0.262420 -0.484746 -0.300380 0.128315 -0.342025 -0.144183 0.202679 -0.435372 -0.219305 0.214267 -0.399750 -0.198917 0.106943 
0.000000 0.000000 0.000000 0.051897 -0.051080 -0.017930 -0.095243 -0.321881 0.280378 -0.165484 -0.204482 0.258727 -0.191882 -0.114984 0.221373 -0.206047 -0.041475 0.184921 -0.109689 -0.306115 0.063880 -0.210800 -0.465700 0.115072 -0.247642 -0.604117 0.174822 -0.210850 -0.473049 0.403680 -0.280720 -0.564410 0.478200 -0.379750 -0.622363 0.457517 -0.318654 -0.338641 0.381262 -0.422830 -0.429888 0.464603 -0.510123 -0.460100 0.364071 -0.353142 -0.237991 0.281193 -0.471587 -0.330949 0.263301 -0.450117 -0.319851 0.130320 -0.332726 -0.160430 0.204625 -0.419922 -0.242309 0.218188 -0.375681 -0.220561 0.114396 
0.000000 0.000000 0.000000 0.055823 -0.048221 -0.013504 -0.079647 -0.309905 0.298170 -0.157398 -0.199439 0.267558 -0.189049 -0.114563 0.224013 -0.207399 -0.044666 0.182652 -0.098668 -0.305770 0.073945 -0.195338 -0.466928 0.128665 -0.227380 -0.604268 0.193455 -0.195745 -0.462025 0.419830 -0.265911 -0.553961 0.493359 -0.363464 -0.615226 0.475386 -0.306892 -0.337128 0.390715 -0.408569 -0.430776 0.474480 -0.488006 -0.458778 0.367032 -0.346799 -0.236677 0.294134 -0.457279 -0.333426 0.256393 -0.426159 -0.324509 0.125167 -0.332281 -0.165973 0.199253 -0.418239 -0.249470 0.210680 -0.366533 -0.230350 0.109863 
0.000000 0.000000 0.000000 0.053481 -0.050256 -0.015426 -0.080434 -0.306807 0.301148 -0.155075 -0.193525 0.273198 -0.185085 -0.107524 0.230713 -0.202289 -0.036985 0.189954 -0.096821 -0.306424 0.082722 -0.190871 -0.466718 0.144138 -0.220248 -0.603549 0.211227 -0.196886 -0.454782 0.427491 -0.267266 -0.544215 0.503849 -0.364862 -0.606747 0.491288 -0.304429 -0.331327 0.396399 -0.406011 -0.425050 0.480194 -0.485595 -0.452975 0.372835 -0.343839 -0.233854 0.290307 -0.453655 -0.332998 0.257116 -0.422798 -0.327388 0.125645 -0.327089 -0.158754 0.203496 -0.412993 -0.242569 0.212817 -0.362922 -0.230549 0.110096 
0.000000 0.000000 0.000000 0.052717 -0.051104 -0.015270 -0.079005 -0.300193 0.308111 -0.152886 -0.186672 0.279136 -0.182648 -0.101173 0.235478 -0.199740 -0.031236 0.193647 -0.105964 -0.300514 0.087011 -0.205255 -0.456579 0.151012 -0.236902 -0.591938 0.220029 -0.196348 -0.445547 0.436653 -0.267268 -0.533395 0.514340 -0.365782 -0.595564 0.509536 -0.302443 -0.321440 0.405408 -0.404163 -0.413102 0.491290 -0.490296 -0.441907 0.389356 -0.344241 -0.217925 0.305980 -0.459404 -0.312039 0.276474 -0.444414 -0.318664 0.142312 -0.328726 -0.147109 0.216503 -0.417510 -0.226866 0.232234 -0.381119 -0.232218 0.123376 
0.000000 0.000000 0.000000 0.050376 -0.053071 -0.016419 -0.084184 -0.297546 0.309305 -0.154203 -0.181197 0.282004 -0.181532 -0.094525 0.239076 -0.196766 -0.023895 0.197694 -0.112617 -0.297652 0.090629 -0.214607 -0.450696 0.157613 -0.249686 -0.585070 0.226894 -0.199424 -0.444292 0.438168 -0.269073 -0.532980 0.516049 -0.368061 -0.594528 0.513533 -0.304412 -0.311738 0.411892 -0.406575 -0.400524 0.500234 -0.501068 -0.434359 0.407683 -0.347002 -0.210785 0.300859 -0.468099 -0.302031 0.300179 -0.475973 -0.325790 0.167357 -0.329408 -0.132628 0.231895 -0.420708 -0.207471 0.255435 -0.406039 -0.237987 0.145632 
0.000000 0.000000 0.000000 0.046181 -0.055999 -0.018852 -0.087398 -0.292938 0.312793 -0.151369 -0.172419 0.288957 -0.175348 -0.084081 0.247446 -0.188180 -0.012502 0.206889 -0.136716 -0.283686 0.093192 -0.251161 -0.426158 0.163301 -0.294217 -0.562250 0.224225 -0.197915 -0.443919 0.440898 -0.264708 -0.535167 0.518321 -0.366201 -0.592394 0.514145 -0.294963 -0.300098 0.428790 -0.392628 -0.386938 0.523896 -0.503695 -0.426710 0.455183 -0.338397 -0.196067 0.322198 -0.455313 -0.276369 0.375800 -0.522446 -0.334857 0.274112 -0.321930 -0.099542 0.278452 -0.413993 -0.159453 0.327710 -0.459198 -0.234283 0.253143 
0.000000 0.000000 0.000000 0.042665 -0.058319 -0.020062 -0.086291 -0.284462 0.320820 -0.145716 -0.161432 0.298067 -0.167508 -0.072628 0.256344 -0.178899 -0.001069 0.215325 -0.168219 -0.259171 0.094098 -0.300177 -0.384851 0.165533 -0.356321 -0.522744 0.209353 -0.204327 -0.429050 0.449592 -0.275664 -0.516435 0.527418 -0.382528 -0.561640 0.516031 -0.288776 -0.281387 0.445101 -0.386077 -0.362973 0.545105 -0.508077 -0.400952 0.497013 -0.323416 -0.170279 0.360607 -0.435211 -0.240301 0.435370 -0.538513 -0.312285 0.386226 -0.302013 -0.079059 0.312004 -0.386755 -0.132741 0.378550 -0.464028 -0.213040 0.350548 
0.000000 0.000000 0.000000 0.034899 -0.062211 -0.023145 -0.081011 -0.272982 0.331977 -0.130623 -0.145045 0.313108 -0.147972 -0.054852 0.272290 -0.156553 0.017196 0.231444 -0.198382 -0.225216 0.106682 -0.344355 -0.327214 0.187920 -0.425923 -0.456512 0.214671 -0.201363 -0.409632 0.467114 -0.274101 -0.492220 0.548787 -0.386694 -0.515288 0.529197 -0.275362 -0.250860 0.469084 -0.373805 -0.322829 0.575169 -0.503187 -0.349863 0.540981 -0.297036 -0.139643 0.396000 -0.403924 -0.200443 0.484708 -0.520461 -0.265907 0.464665 -0.276384 -0.044418 0.342937 -0.358866 -0.086828 0.419679 -0.446001 -0.160863 0.408305 
0.000000 0.000000 0.000000 0.025468 -0.065816 -0.025367 -0.067678 -0.258089 0.346554 -0.106116 -0.126035 0.330139 -0.119093 -0.035173 0.289181 -0.125232 0.036741 0.247665 -0.216526 -0.178984 0.137353 -0.367951 -0.249798 0.239172 -0.475177 -0.358266 0.267876 -0.194650 -0.370265 0.497269 -0.271388 -0.438060 0.588358 -0.387134 -0.438269 0.574356 -0.245929 -0.207385 0.504234 -0.341021 -0.262714 0.622643 -0.476379 -0.271819 0.607321 -0.260665 -0.093877 0.434869 -0.362181 -0.135972 0.539337 -0.487933 -0.185344 0.543434 -0.236401 -0.012002 0.373570 -0.312920 -0.045554 0.460232 -0.410229 -0.106541 0.464058 
0.000000 0.000000 0.000000 0.013118 -0.068310 -0.028028 -0.060295 -0.251141 0.352963 -0.082169 -0.114906 0.340855 -0.087499 -0.022593 0.301462 -0.088737 0.050033 0.260756 -0.219021 -0.134280 0.170983 -0.364279 -0.175561 0.295511 -0.490261 -0.253693 0.341454 -0.178710 -0.350541 0.518847 -0.250276 -0.410617 0.619103 -0.364939 -0.390760 0.611938 -0.203271 -0.176013 0.535982 -0.285639 -0.217574 0.668696 -0.421885 -0.209416 0.671808 -0.216761 -0.054175 0.465803 -0.309449 -0.076822 0.583645 -0.436749 -0.110047 0.614610 -0.197767 0.013821 0.392617 -0.272815 -0.011105 0.483380 -0.375365 -0.057827 0.505821 
0.000000 0.000000 0.000000 0.008466 -0.068882 -0.028417 -0.040914 -0.246939 0.358661 -0.058906 -0.110081 0.347202 -0.064110 -0.017851 0.307600 -0.066027 0.054552 0.266525 -0.217260 -0.102654 0.185485 -0.358504 -0.123786 0.319330 -0.489647 -0.175838 0.383975 -0.131651 -0.340419 0.544264 -0.221196 -0.379020 0.640564 -0.333220 -0.347791 0.632292 -0.167710 -0.164163 0.551436 -0.241712 -0.200946 0.690343 -0.376733 -0.180918 0.693092 -0.183425 -0.038899 0.480904 -0.268981 -0.053992 0.605175 -0.389622 -0.076790 0.661691 -0.173603 0.029046 0.402035 -0.247651 0.011490 0.495310 -0.345524 -0.022914 0.544708 
0.000000 0.000000 0.000000 0.004015 -0.069192 -0.028639 -0.022889 -0.244620 0.361839 -0.037011 -0.107251 0.351091 -0.041965 -0.014982 0.311546 -0.044426 0.057355 0.270385 -0.208444 -0.088515 0.200128 -0.341387 -0.100605 0.343275 -0.464590 -0.126657 0.433990 -0.074986 -0.340374 0.560679 -0.178526 -0.358880 0.648537 -0.288076 -0.320465 0.637749 -0.117194 -0.160306 0.568416 -0.171729 -0.196390 0.716228 -0.305463 -0.169009 0.714018 -0.143593 -0.038743 0.495450 -0.216466 -0.055781 0.627321 -0.328091 -0.073403 0.701466 -0.143052 0.032819 0.412712 -0.210938 0.015930 0.510680 -0.298892 -0.010734 0.579645 
0.000000 0.000000 0.000000 0.002585 -0.068734 -0.029881 -0.002862 -0.250208 0.358717 -0.017791 -0.112728 0.350875 -0.025040 -0.019876 0.313088 -0.029851 0.053079 0.273245 -0.201817 -0.071881 0.206881 -0.329718 -0.073851 0.355031 -0.440912 -0.081462 0.463034 -0.059876 -0.336610 0.560470 -0.157548 -0.345390 0.656205 -0.262918 -0.295583 0.653090 -0.091056 -0.159299 0.572094 -0.140888 -0.190973 0.722553 -0.271981 -0.153439 0.715845 -0.115547 -0.035197 0.503581 -0.180446 -0.046183 0.640176 -0.287116 -0.057625 0.722387 -0.121186 0.033728 0.421129 -0.184054 0.020408 0.522920 -0.263198 -0.001497 0.603292 
0.000000 0.000000 0.000000 -0.003475 -0.067545 -0.032396 -0.000901 -0.263273 0.349252 -0.007142 -0.124920 0.347104 -0.010201 -0.030396 0.313079 -0.012243 0.044211 0.276164 -0.192338 -0.063164 0.216919 -0.310517 -0.060422 0.372923 -0.411719 -0.060751 0.490587 -0.061941 -0.350969 0.549261 -0.153049 -0.357036 0.651460 -0.254372 -0.301562 0.667254 -0.065211 -0.171986 0.572686 -0.104706 -0.203998 0.726114 -0.231785 -0.154209 0.722762 -0.090592 -0.047088 0.507944 -0.148236 -0.059056 0.647675 -0.248417 -0.064552 0.738237 -0.098983 0.036152 0.427813 -0.158688 0.030605 0.532196 -0.229258 0.012317 0.621014 
0.000000 0.000000 0.000000 -0.015458 -0.064147 -0.035638 -0.008339 -0.283733 0.332740 0.004459 -0.145950 0.338845 0.011691 -0.049784 0.310534 0.016934 0.026747 0.278153 -0.185986 -0.066252 0.226587 -0.292691 -0.067569 0.390671 -0.385914 -0.068222 0.514751 -0.088237 -0.363549 0.529377 -0.148958 -0.399516 0.646856 -0.243841 -0.346163 0.688614 -0.040125 -0.198936 0.566176 -0.070448 -0.234974 0.720793 -0.192889 -0.175004 0.727941 -0.058879 -0.067378 0.509088 -0.109482 -0.079994 0.651464 -0.199093 -0.083776 0.752576 -0.067254 0.008678 0.430377 -0.125203 -0.003760 0.535156 -0.186715 -0.023571 0.630165 
0.000000 0.000000 0.000000 -0.016502 -0.061226 -0.040037 -0.000064 -0.308449 0.310080 0.013128 -0.171537 0.326404 0.019779 -0.073478 0.305378 0.024299 0.005315 0.278841 -0.176417 -0.062140 0.228798 -0.276482 -0.062712 0.397018 -0.369592 -0.066817 0.521117 -0.091272 -0.370395 0.508231 -0.146396 -0.407834 0.627988 -0.233961 -0.351244 0.680170 -0.027196 -0.235327 0.551747 -0.054622 -0.278713 0.705012 -0.167978 -0.205575 0.726002 -0.041543 -0.100191 0.505977 -0.085515 -0.119346 0.649818 -0.166886 -0.124788 0.757602 -0.041223 -0.018640 0.439214 -0.086323 -0.035129 0.549601 -0.136828 -0.060351 0.649682 
0.000000 0.000000 0.000000 -0.026959 -0.055361 -0.042806 -0.009009 -0.332288 0.284243 0.021436 -0.199565 0.309599 0.037622 -0.101368 0.295559 0.048971 -0.021538 0.274789 -0.171232 -0.073983 0.234114 -0.261510 -0.085636 0.407392 -0.367225 -0.098448 0.520295 -0.092401 -0.405323 0.482060 -0.142801 -0.449462 0.601616 -0.222726 -0.385945 0.657925 -0.026270 -0.277034 0.529137 -0.058718 -0.329724 0.678454 -0.160021 -0.246677 0.716927 -0.027884 -0.146378 0.491510 -0.074856 -0.178654 0.632019 -0.149679 -0.191058 0.743893 -0.004565 -0.057219 0.437415 -0.041415 -0.081778 0.549353 -0.081720 -0.116527 0.651192 
0.000000 0.000000 0.000000 -0.033027 -0.050275 -0.044783 -0.016455 -0.350494 0.261101 0.024450 -0.222199 0.293542 0.046607 -0.124514 0.285255 0.062306 -0.044314 0.269305 -0.170505 -0.077999 0.234819 -0.256530 -0.095346 0.409776 -0.369940 -0.114099 0.514051 -0.073670 -0.452110 0.455576 -0.134154 -0.469665 0.577296 -0.204853 -0.392045 0.627990 -0.044210 -0.302069 0.506571 -0.090907 -0.356393 0.651460 -0.177082 -0.276933 0.721455 -0.001481 -0.181730 0.483062 -0.035962 -0.222757 0.624902 -0.099442 -0.245276 0.742082 0.024141 -0.090688 0.433559 -0.002128 -0.122608 0.546618 -0.032168 -0.168534 0.647571 
0.000000 0.000000 0.000000 -0.039204 -0.044368 -0.046026 -0.021761 -0.369058 0.233694 0.029574 -0.246536 0.272915 0.057485 -0.150008 0.270628 0.077302 -0.069859 0.259837 -0.165179 -0.094135 0.235931 -0.244006 -0.125275 0.412361 -0.348177 -0.148830 0.524969 -0.071825 -0.488179 0.420038 -0.140048 -0.476926 0.538364 -0.199016 -0.383291 0.575084 -0.040986 -0.339156 0.480080 -0.088976 -0.402150 0.620981 -0.163098 -0.335239 0.714085 0.002705 -0.218655 0.462983 -0.036576 -0.267879 0.600913 -0.094082 -0.301204 0.718601 0.046818 -0.131736 0.420549 0.025836 -0.174327 0.531170 -0.000013 -0.230567 0.627979 
0.000000 0.000000 0.000000 -0.049805 -0.037323 -0.041837 -0.043972 -0.370512 0.228205 0.027446 -0.257112 0.263206 0.067568 -0.165042 0.259310 0.096557 -0.087863 0.247645 -0.162102 -0.091902 0.244968 -0.232370 -0.126054 0.424432 -0.330393 -0.149641 0.542423 -0.075003 -0.506853 0.406722 -0.139469 -0.477339 0.524004 -0.193045 -0.381773 0.563878 -0.029791 -0.374454 0.461774 -0.085509 -0.411720 0.608850 -0.148602 -0.347013 0.711181 0.020665 -0.240522 0.451187 -0.012967 -0.294646 0.588774 -0.068627 -0.328976 0.707060 0.083847 -0.165506 0.403838 0.075099 -0.218949 0.511349 0.048708 -0.278606 0.605941 
0.000000 0.000000 0.000000 -0.056560 -0.031447 -0.037894 -0.059402 -0.370238 0.225135 0.025278 -0.264934 0.255555 0.073536 -0.176967 0.249642 0.108661 -0.102587 0.236727 -0.163419 -0.089972 0.250207 -0.230285 -0.126593 0.430482 -0.321789 -0.147863 0.554019 -0.102065 -0.502587 0.404254 -0.156379 -0.512503 0.529688 -0.206339 -0.419361 0.578900 -0.041193 -0.374173 0.455862 -0.086402 -0.448471 0.592099 -0.141802 -0.386664 0.700496 0.023064 -0.265303 0.435015 -0.013127 -0.328645 0.567939 -0.067854 -0.364493 0.686210 0.092545 -0.190184 0.387238 0.081452 -0.250479 0.490837 0.058533 -0.311621 0.585385 
0.000000 0.000000 0.000000 -0.054672 -0.031024 -0.040895 -0.056906 -0.381092 0.206933 0.024299 -0.275330 0.244419 0.070572 -0.186109 0.243781 0.104249 -0.110447 0.235170 -0.156657 -0.091999 0.248461 -0.220473 -0.130153 0.429522 -0.309382 -0.152726 0.554712 -0.096313 -0.521625 0.380477 -0.149295 -0.518140 0.506821 -0.194422 -0.428587 0.566293 -0.040212 -0.381854 0.446818 -0.084088 -0.454305 0.584477 -0.137348 -0.398773 0.697256 0.026354 -0.275732 0.430131 -0.005353 -0.339998 0.563755 -0.056755 -0.377875 0.682882 0.097316 -0.209775 0.378948 0.092544 -0.278145 0.477913 0.071132 -0.343852 0.569713 
0.000000 0.000000 0.000000 -0.059330 -0.025887 -0.037864 -0.069335 -0.382962 0.199558 0.021393 -0.284233 0.234289 0.073634 -0.198379 0.232959 0.111857 -0.124930 0.224169 -0.151974 -0.097773 0.252129 -0.209945 -0.142753 0.433587 -0.298413 -0.163885 0.559340 -0.105471 -0.536712 0.362269 -0.155381 -0.520292 0.488845 -0.196099 -0.440750 0.563734 -0.046391 -0.388153 0.436972 -0.092495 -0.458832 0.574825 -0.141028 -0.414554 0.694504 0.046201 -0.299701 0.416521 0.026531 -0.372355 0.548147 -0.017253 -0.415641 0.668469 0.114459 -0.229626 0.364234 0.116251 -0.301691 0.460643 0.097802 -0.371499 0.550028 
0.000000 0.000000 0.000000 -0.064527 -0.020541 -0.032222 -0.082625 -0.377326 0.205155 0.018891 -0.286806 0.231349 0.077818 -0.205619 0.225192 0.121108 -0.135562 0.212901 -0.158522 -0.090195 0.257881 -0.217338 -0.133781 0.439408 -0.304995 -0.151698 0.566223 -0.115276 -0.541804 0.357801 -0.160155 -0.528590 0.486617 -0.197791 -0.465204 0.576943 -0.044416 -0.407804 0.425839 -0.093775 -0.447810 0.574459 -0.136802 -0.417278 0.700379 0.043159 -0.307279 0.407339 0.018306 -0.380176 0.537950 -0.022997 -0.425813 0.658280 0.124088 -0.241588 0.351955 0.126140 -0.314567 0.447669 0.111779 -0.385392 0.537004 
0.000000 0.000000 0.000000 -0.064212 -0.020861 -0.032642 -0.082481 -0.377354 0.205161 0.018467 -0.286369 0.231925 0.077096 -0.204944 0.226054 0.120176 -0.134725 0.213958 -0.147008 -0.078084 0.263528 -0.198816 -0.113890 0.448852 -0.281751 -0.130925 0.578922 -0.107175 -0.536822 0.364473 -0.142245 -0.553846 0.495859 -0.176889 -0.510467 0.598383 -0.042408 -0.406122 0.427955 -0.088325 -0.444845 0.578011 -0.127155 -0.423756 0.707188 0.048653 -0.304613 0.410366 0.028258 -0.376083 0.542529 -0.010727 -0.422283 0.663416 0.135962 -0.242678 0.350644 0.146828 -0.316984 0.444729 0.136218 -0.386892 0.535301 
0.000000 0.000000 0.000000 -0.065271 -0.020594 -0.030652 -0.078012 -0.376704 0.208084 0.024131 -0.286170 0.231651 0.082941 -0.205033 0.223894 0.125968 -0.135036 0.210401 -0.146961 -0.075616 0.266241 -0.198078 -0.110046 0.452017 -0.282163 -0.132977 0.580434 -0.106635 -0.528543 0.374053 -0.138901 -0.556887 0.504197 -0.171476 -0.525409 0.611627 -0.027200 -0.413429 0.425673 -0.067262 -0.444975 0.579050 -0.101433 -0.435749 0.710908 0.064633 -0.316137 0.402876 0.051504 -0.395805 0.531217 0.015156 -0.444474 0.651957 0.143811 -0.242045 0.347576 0.156092 -0.315701 0.441996 0.148269 -0.385754 0.532740 
0.000000 0.000000 0.000000 -0.066573 -0.019604 -0.028418 -0.078723 -0.373161 0.214113 0.025819 -0.284416 0.233620 0.085904 -0.204516 0.223249 0.129825 -0.135498 0.207743 -0.155135 -0.078486 0.265752 -0.210551 -0.115331 0.449824 -0.297077 -0.139763 0.576328 -0.111554 -0.519732 0.383993 -0.143529 -0.547651 0.514300 -0.174299 -0.524063 0.624255 -0.038345 -0.386852 0.438227 -0.081985 -0.456522 0.577390 -0.114590 -0.460206 0.709914 0.060640 -0.315062 0.401729 0.042525 -0.394330 0.529710 0.007174 -0.444174 0.650267 0.149801 -0.244700 0.342879 0.163551 -0.319867 0.435897 0.157976 -0.391289 0.525735 
0.000000 0.000000 0.000000 -0.067003 -0.019089 -0.027750 -0.082425 -0.369087 0.219706 0.023418 -0.281507 0.237367 0.084508 -0.202576 0.225538 0.129258 -0.134378 0.208820 -0.158173 -0.072612 0.266647 -0.215221 -0.106103 0.450862 -0.304726 -0.125904 0.576096 -0.109916 -0.525128 0.381928 -0.139656 -0.557973 0.511615 -0.168710 -0.547776 0.624065 -0.031786 -0.389251 0.441862 -0.069333 -0.462531 0.580947 -0.098072 -0.474812 0.713848 0.062204 -0.317179 0.401841 0.046211 -0.399355 0.528260 0.011658 -0.449653 0.648860 0.145639 -0.243391 0.344593 0.156914 -0.318427 0.438047 0.150911 -0.389431 0.528189 
0.000000 0.000000 0.000000 -0.064924 -0.021588 -0.030704 -0.081906 -0.368232 0.221330 0.020195 -0.277122 0.242761 0.079352 -0.196495 0.232679 0.122768 -0.127178 0.217083 -0.159701 -0.063686 0.264408 -0.219007 -0.090027 0.449071 -0.318116 -0.099308 0.568143 -0.119125 -0.514297 0.390741 -0.149658 -0.554443 0.518169 -0.178118 -0.552270 0.631211 -0.032736 -0.389102 0.445574 -0.068738 -0.465264 0.583515 -0.093180 -0.485637 0.716281 0.058997 -0.311781 0.408771 0.044402 -0.394449 0.535040 0.011243 -0.445647 0.655652 0.137084 -0.235444 0.353683 0.146937 -0.309967 0.447708 0.139669 -0.379893 0.538596 