66
0.000000 0.000000 0.000000 -0.069445 0.006286 -0.027601 -0.158712 -0.400861 0.073563 -0.036877 -0.348932 0.114121 0.039464 -0.284964 0.127611 0.097587 -0.225672 0.133866 -0.355694 -0.110586 0.019819 -0.454902 -0.229516 0.139504 -0.475254 -0.326184 0.259204 -0.237789 -0.527044 0.244574 -0.228518 -0.453383 0.359770 -0.191981 -0.347134 0.390906 -0.096410 -0.387361 0.340954 -0.091545 -0.226044 0.332138 -0.059979 -0.164581 0.214387 0.003430 -0.339829 0.328621 -0.021112 -0.197991 0.280972 -0.000276 -0.156025 0.154194 0.074186 -0.312836 0.283670 0.009103 -0.218553 0.320631 0.011052 -0.144478 0.232812 
0.000000 0.000000 0.000000 -0.067761 0.013751 -0.029038 -0.195478 -0.388109 0.049497 -0.070826 -0.349230 0.095706 0.010402 -0.293037 0.114313 0.073299 -0.239530 0.124994 -0.363751 -0.085619 -0.010011 -0.484505 -0.200867 0.092201 -0.511990 -0.300367 0.208095 -0.302610 -0.517786 0.201572 -0.297278 -0.451587 0.321453 -0.253108 -0.350741 0.359824 -0.152733 -0.408935 0.310650 -0.131351 -0.248799 0.315539 -0.084179 -0.186969 0.203329 -0.043559 -0.369274 0.304023 -0.058313 -0.221975 0.271220 -0.022441 -0.178085 0.148522 0.031150 -0.338335 0.263006 -0.039196 -0.258276 0.318983 -0.022795 -0.179728 0.236737 
0.000000 0.000000 0.000000 -0.064989 0.019394 -0.032002 -0.227822 -0.371685 0.035181 -0.102828 -0.343328 0.087692 -0.018377 -0.293984 0.110824 0.047987 -0.245779 0.125144 -0.370628 -0.047172 -0.032725 -0.500865 -0.156064 0.064701 -0.542491 -0.256480 0.175474 -0.355133 -0.495936 0.175800 -0.353294 -0.435013 0.298548 -0.303620 -0.339414 0.343116 -0.203552 -0.400465 0.295211 -0.171664 -0.242784 0.310846 -0.112193 -0.183641 0.203121 -0.090101 -0.370707 0.294353 -0.095716 -0.221102 0.270324 -0.047974 -0.180209 0.150672 -0.013321 -0.338306 0.260297 -0.081250 -0.257393 0.318003 -0.053351 -0.179315 0.238450 
0.000000 0.000000 0.000000 -0.062950 0.025566 -0.031743 -0.259899 -0.350557 0.029198 -0.132997 -0.334194 0.082239 -0.044560 -0.292885 0.106203 0.025780 -0.250972 0.121324 -0.371759 -0.018762 -0.054503 -0.515877 -0.120183 0.030674 -0.573469 -0.219799 0.134821 -0.404294 -0.473603 0.153416 -0.403745 -0.412111 0.275892 -0.351022 -0.320370 0.324850 -0.255130 -0.387752 0.278936 -0.217638 -0.231533 0.296674 -0.145929 -0.176975 0.194104 -0.131409 -0.368242 0.283664 -0.137719 -0.218005 0.264173 -0.079432 -0.181158 0.147928 -0.053133 -0.334938 0.252887 -0.122786 -0.259451 0.315667 -0.084928 -0.182292 0.239402 
0.000000 0.000000 0.000000 -0.060500 0.031217 -0.031450 -0.287225 -0.329232 0.019969 -0.159771 -0.324251 0.073970 -0.068478 -0.290687 0.099287 0.004880 -0.254877 0.115693 -0.370342 0.014240 -0.070896 -0.519336 -0.083611 0.009956 -0.589712 -0.182459 0.106720 -0.441125 -0.451234 0.133328 -0.439230 -0.389410 0.255623 -0.384603 -0.300840 0.308201 -0.293559 -0.374658 0.263798 -0.241359 -0.223699 0.288521 -0.161097 -0.171351 0.191274 -0.168654 -0.366373 0.269434 -0.163959 -0.214931 0.263593 -0.097975 -0.178740 0.151324 -0.084700 -0.333143 0.243896 -0.150675 -0.259815 0.312900 -0.106220 -0.181432 0.241605 
0.000000 0.000000 0.000000 -0.058050 0.036481 -0.030386 -0.311705 -0.306460 0.014584 -0.184004 -0.312524 0.067885 -0.090279 -0.286671 0.093358 -0.014299 -0.256999 0.110083 -0.368018 0.038140 -0.072378 -0.526670 -0.050267 0.000594 -0.605433 -0.147086 0.092840 -0.477960 -0.424385 0.113947 -0.486317 -0.370821 0.239817 -0.432006 -0.286834 0.299730 -0.331376 -0.370498 0.245071 -0.277290 -0.225946 0.293071 -0.188638 -0.170705 0.205159 -0.201665 -0.366683 0.254308 -0.192659 -0.216420 0.272491 -0.120484 -0.175279 0.165878 -0.113611 -0.328729 0.234896 -0.183273 -0.268948 0.312773 -0.136600 -0.185004 0.249700 
0.000000 0.000000 0.000000 -0.055534 0.039510 -0.031287 -0.328610 -0.288367 0.012275 -0.202106 -0.301291 0.067184 -0.107389 -0.280601 0.093685 -0.030067 -0.255151 0.111199 -0.364380 0.050534 -0.079649 -0.529175 -0.030509 -0.011932 -0.614929 -0.123505 0.077984 -0.505496 -0.404060 0.094411 -0.522770 -0.358784 0.222605 -0.472144 -0.281253 0.293451 -0.364240 -0.366109 0.228386 -0.320229 -0.228339 0.300546 -0.223601 -0.168650 0.224786 -0.228514 -0.368541 0.243047 -0.230493 -0.222287 0.283004 -0.151939 -0.175170 0.183620 -0.138292 -0.315704 0.234515 -0.214245 -0.274131 0.318147 -0.167262 -0.185288 0.262446 
0.000000 0.000000 0.000000 -0.053514 0.042576 -0.030781 -0.343696 -0.270144 0.013620 -0.217718 -0.290110 0.067620 -0.121841 -0.274686 0.093535 -0.043137 -0.253532 0.110598 -0.360006 0.061553 -0.090349 -0.527019 -0.014364 -0.022125 -0.619247 -0.100998 0.067739 -0.529340 -0.381939 0.080391 -0.564491 -0.345836 0.207839 -0.524846 -0.273670 0.290383 -0.389903 -0.364381 0.213601 -0.362240 -0.234853 0.306239 -0.261130 -0.167505 0.243947 -0.250970 -0.365876 0.233976 -0.272123 -0.227831 0.293025 -0.189235 -0.171451 0.202367 -0.157739 -0.294190 0.236295 -0.236271 -0.266110 0.323102 -0.190007 -0.173481 0.273277 
0.000000 0.000000 0.000000 -0.051098 0.044958 -0.031490 -0.355191 -0.255119 0.006620 -0.231129 -0.280699 0.062649 -0.135133 -0.269520 0.090247 -0.055893 -0.251843 0.108730 -0.354987 0.059719 -0.104156 -0.525675 -0.008313 -0.036715 -0.619348 -0.086927 0.058847 -0.547207 -0.360922 0.064548 -0.603980 -0.339990 0.187514 -0.580542 -0.276688 0.282576 -0.408248 -0.369012 0.194193 -0.407819 -0.260916 0.314358 -0.306532 -0.178227 0.275080 -0.273370 -0.365628 0.218182 -0.313324 -0.249755 0.307444 -0.228241 -0.173948 0.234764 -0.173622 -0.270594 0.236694 -0.254575 -0.274148 0.325717 -0.207096 -0.178235 0.283888 
0.000000 0.000000 0.000000 -0.050305 0.046690 -0.030221 -0.363158 -0.243305 0.014472 -0.238739 -0.273087 0.067559 -0.141813 -0.265139 0.092934 -0.061626 -0.250123 0.109597 -0.352009 0.057430 -0.112111 -0.521209 -0.007447 -0.038129 -0.615738 -0.078630 0.062291 -0.556396 -0.347550 0.071146 -0.635022 -0.347603 0.183396 -0.639669 -0.300212 0.289818 -0.416055 -0.371141 0.191733 -0.444379 -0.282032 0.323573 -0.348871 -0.186908 0.301918 -0.282802 -0.359102 0.219452 -0.345869 -0.271260 0.325739 -0.267283 -0.175400 0.271858 -0.177907 -0.267695 0.239043 -0.257946 -0.279789 0.328144 -0.212965 -0.179805 0.293748 
0.000000 0.000000 0.000000 -0.051096 0.047653 -0.027246 -0.365282 -0.238646 0.030125 -0.238810 -0.270601 0.076697 -0.140649 -0.264186 0.097314 -0.059539 -0.250396 0.110127 -0.351658 0.050134 -0.113862 -0.518875 -0.013573 -0.034544 -0.614055 -0.079533 0.068785 -0.552783 -0.348301 0.095235 -0.653316 -0.383270 0.181562 -0.688243 -0.359012 0.290120 -0.409441 -0.376537 0.203728 -0.474633 -0.320104 0.340439 -0.395321 -0.209013 0.337674 -0.278706 -0.356311 0.228336 -0.353122 -0.298403 0.347077 -0.288117 -0.183708 0.317288 -0.167774 -0.276556 0.244987 -0.242273 -0.294563 0.337814 -0.206650 -0.189917 0.306455 
0.000000 0.000000 0.000000 -0.054191 0.046650 -0.022604 -0.356639 -0.245407 0.062246 -0.225966 -0.274923 0.097437 -0.126503 -0.266643 0.109292 -0.044852 -0.251319 0.114884 -0.353545 0.038472 -0.112976 -0.518837 -0.027638 -0.031618 -0.626040 -0.089648 0.061919 -0.532901 -0.367122 0.136659 -0.639429 -0.440683 0.181631 -0.698914 -0.445830 0.281772 -0.388441 -0.382746 0.233270 -0.481079 -0.384792 0.365703 -0.432110 -0.264033 0.406429 -0.258352 -0.341188 0.256848 -0.348108 -0.339878 0.379048 -0.305281 -0.211763 0.374533 -0.144101 -0.277035 0.256568 -0.212416 -0.294737 0.354093 -0.194568 -0.185205 0.324304 
0.000000 0.000000 0.000000 -0.058001 0.042399 -0.021497 -0.337440 -0.263196 0.090290 -0.203609 -0.283479 0.119668 -0.104367 -0.268869 0.125949 -0.023625 -0.248543 0.126646 -0.361809 0.021831 -0.093078 -0.529760 -0.045610 -0.018544 -0.661535 -0.099956 0.042846 -0.500234 -0.405210 0.159211 -0.598623 -0.491040 0.200865 -0.664814 -0.519769 0.292443 -0.345126 -0.390854 0.277522 -0.441377 -0.463884 0.384885 -0.424078 -0.351531 0.460496 -0.222807 -0.329564 0.290271 -0.307736 -0.373086 0.408100 -0.290941 -0.239702 0.422054 -0.108145 -0.274096 0.277609 -0.166321 -0.291685 0.381519 -0.168466 -0.180153 0.353967 
0.000000 0.000000 0.000000 -0.063582 0.034429 -0.019895 -0.298966 -0.297992 0.114499 -0.162484 -0.301200 0.137896 -0.065536 -0.274706 0.138880 0.012129 -0.244934 0.135024 -0.374415 0.002397 -0.005631 -0.532007 -0.105480 0.037247 -0.675066 -0.161275 0.059781 -0.433423 -0.457069 0.204143 -0.514686 -0.553210 0.258323 -0.564269 -0.583622 0.359366 -0.273829 -0.424423 0.307874 -0.349559 -0.508233 0.423483 -0.340868 -0.399694 0.505842 -0.153416 -0.355531 0.313403 -0.218396 -0.394835 0.444642 -0.217442 -0.260252 0.457078 -0.055821 -0.267854 0.294535 -0.102591 -0.283631 0.404330 -0.121071 -0.174363 0.373960 
0.000000 0.000000 0.000000 -0.069222 0.022155 -0.018474 -0.239729 -0.335687 0.145377 -0.103805 -0.314846 0.161969 -0.012725 -0.272684 0.156614 0.058612 -0.230779 0.147231 -0.331783 -0.108580 0.090230 -0.500514 -0.205859 0.109662 -0.634162 -0.283890 0.121339 -0.324365 -0.502197 0.273951 -0.375517 -0.602832 0.351657 -0.394907 -0.600652 0.466602 -0.169337 -0.455554 0.341917 -0.212554 -0.479743 0.495773 -0.210041 -0.354600 0.550290 -0.059706 -0.369294 0.338748 -0.109487 -0.352859 0.481025 -0.126596 -0.218915 0.475163 0.017956 -0.265083 0.313834 -0.030046 -0.241898 0.421767 -0.066463 -0.139265 0.385115 
0.000000 0.000000 0.000000 -0.072736 0.007057 -0.016840 -0.169164 -0.350545 0.199479 -0.038764 -0.304195 0.205183 0.042877 -0.247782 0.189240 0.105015 -0.195611 0.170527 -0.293013 -0.148734 0.141443 -0.433125 -0.268049 0.208103 -0.543226 -0.371038 0.244953 -0.198643 -0.501889 0.365751 -0.213031 -0.551495 0.492693 -0.212787 -0.495361 0.594879 -0.059431 -0.404384 0.419681 -0.082328 -0.346261 0.568752 -0.091807 -0.210098 0.571762 0.046029 -0.322958 0.386857 0.004817 -0.249965 0.513208 -0.035636 -0.125429 0.479707 0.097026 -0.228104 0.342186 0.042113 -0.167811 0.430733 -0.009590 -0.076972 0.383002 
0.000000 0.000000 0.000000 -0.073761 -0.003110 -0.013174 -0.120759 -0.328410 0.262402 0.003943 -0.268927 0.252587 0.078148 -0.207986 0.222892 0.133321 -0.153616 0.192351 -0.260657 -0.170234 0.173870 -0.377604 -0.274811 0.290910 -0.468999 -0.386762 0.347484 -0.113447 -0.438572 0.460470 -0.108507 -0.428150 0.597031 -0.105967 -0.337237 0.669981 0.014663 -0.300026 0.487943 -0.005498 -0.179934 0.594226 -0.030033 -0.053332 0.549402 0.109135 -0.239183 0.429726 0.060375 -0.127150 0.519512 0.002956 -0.020281 0.459929 0.148290 -0.162562 0.366369 0.085348 -0.080072 0.427402 0.023020 -0.005259 0.366399 
0.000000 0.000000 0.000000 -0.073643 -0.009131 -0.010825 -0.093107 -0.308439 0.295782 0.027111 -0.242267 0.276964 0.096449 -0.179841 0.239586 0.147223 -0.125250 0.202507 -0.243442 -0.161013 0.203527 -0.349691 -0.256050 0.337654 -0.434085 -0.366306 0.406995 -0.067598 -0.385352 0.507569 -0.056613 -0.358881 0.641587 -0.057864 -0.258382 0.700675 0.045156 -0.222040 0.513057 0.017727 -0.078018 0.581100 -0.015733 0.036560 0.514830 0.131702 -0.162615 0.447369 0.073335 -0.031058 0.495083 0.009570 0.059899 0.418083 0.169940 -0.112209 0.375423 0.101952 -0.022022 0.417079 0.034641 0.042141 0.349585 
0.000000 0.000000 0.000000 -0.073287 -0.012030 -0.010402 -0.081463 -0.304144 0.303563 0.036270 -0.234195 0.282798 0.103258 -0.170271 0.243704 0.151976 -0.114832 0.205154 -0.233071 -0.163883 0.211535 -0.333054 -0.258903 0.350408 -0.409320 -0.371144 0.425723 -0.048166 -0.372902 0.517066 -0.036516 -0.331117 0.647068 -0.041004 -0.226514 0.698363 0.053448 -0.191930 0.516021 0.017265 -0.039803 0.556920 -0.020887 0.065974 0.479493 0.138343 -0.135361 0.449287 0.071644 -0.000758 0.469883 0.005926 0.079732 0.383451 0.175622 -0.088549 0.376432 0.100192 0.002793 0.397838 0.030181 0.059418 0.326457 
0.000000 0.000000 0.000000 -0.073293 -0.012779 -0.009420 -0.075609 -0.300368 0.308792 0.041302 -0.229765 0.285726 0.107324 -0.165869 0.244980 0.155155 -0.110598 0.205101 -0.228761 -0.164531 0.215630 -0.326042 -0.259488 0.356452 -0.397951 -0.371828 0.435797 -0.039574 -0.372866 0.520607 -0.029588 -0.317720 0.645672 -0.035284 -0.212279 0.695098 0.058216 -0.181219 0.517743 0.016102 -0.026803 0.540254 -0.024535 0.074772 0.458580 0.139233 -0.119456 0.448797 0.066227 0.013264 0.455610 -0.001219 0.086568 0.364256 0.175350 -0.073723 0.374861 0.096112 0.016101 0.386865 0.025538 0.066288 0.311342 
0.000000 0.000000 0.000000 -0.073176 -0.013987 -0.008572 -0.069136 -0.294530 0.315852 0.046609 -0.222852 0.290348 0.111433 -0.158965 0.247708 0.158194 -0.103931 0.206262 -0.222956 -0.154657 0.227276 -0.316679 -0.242679 0.374854 -0.387508 -0.351664 0.459662 -0.029727 -0.354927 0.530839 -0.015869 -0.305784 0.658020 -0.019753 -0.201100 0.709198 0.065728 -0.163852 0.519756 0.022306 -0.009145 0.537217 -0.020505 0.088322 0.451737 0.146657 -0.100375 0.447808 0.072429 0.031816 0.445245 0.003089 0.099115 0.350741 0.180916 -0.061162 0.374312 0.098915 0.026819 0.379447 0.027046 0.071304 0.301607 
0.000000 0.000000 0.000000 -0.073483 -0.013269 -0.006930 -0.065850 -0.290345 0.320396 0.050118 -0.220227 0.291762 0.114745 -0.157521 0.247117 0.161242 -0.103454 0.204131 -0.217929 -0.148859 0.235139 -0.308313 -0.233702 0.386610 -0.378935 -0.340515 0.474304 -0.025356 -0.349698 0.535472 -0.011788 -0.292502 0.659273 -0.015875 -0.185489 0.705369 0.071309 -0.153357 0.518817 0.025020 0.001499 0.520083 -0.018556 0.088723 0.424519 0.150516 -0.094403 0.445739 0.073707 0.035281 0.429209 0.006500 0.091553 0.326327 0.187140 -0.058058 0.371028 0.103109 0.028129 0.369717 0.032469 0.065343 0.287083 
0.000000 0.000000 0.000000 -0.073819 -0.011918 -0.005711 -0.063745 -0.298337 0.313403 0.052712 -0.229245 0.284263 0.117386 -0.166302 0.240022 0.163832 -0.111759 0.197586 -0.212821 -0.150419 0.237892 -0.299800 -0.237083 0.390323 -0.368067 -0.343921 0.479834 -0.018651 -0.366608 0.524888 -0.005338 -0.303566 0.645844 -0.012291 -0.193386 0.683330 0.082658 -0.171809 0.512908 0.030844 -0.019308 0.499368 -0.014256 0.049287 0.390281 0.158034 -0.108698 0.439379 0.077505 0.015868 0.407925 0.014164 0.056330 0.295592 0.195010 -0.072048 0.365029 0.108836 0.011522 0.356004 0.041446 0.042492 0.268240 
0.000000 0.000000 0.000000 -0.074237 -0.009527 -0.004690 -0.067248 -0.305673 0.305503 0.050725 -0.239242 0.276275 0.116493 -0.176946 0.232735 0.163821 -0.122553 0.191088 -0.213514 -0.150197 0.237508 -0.300665 -0.238219 0.389060 -0.359402 -0.342254 0.488124 -0.023696 -0.389131 0.511799 -0.012441 -0.318520 0.628716 -0.020946 -0.205320 0.655296 0.089056 -0.191503 0.505897 0.031262 -0.041630 0.487938 -0.011523 -0.005930 0.363301 0.163547 -0.133833 0.434331 0.078438 -0.015581 0.392336 0.025424 -0.001116 0.268852 0.202093 -0.094671 0.359445 0.115286 -0.012709 0.344017 0.054016 0.012227 0.250064 
0.000000 0.000000 0.000000 -0.074639 -0.005577 -0.004666 -0.083008 -0.303584 0.303705 0.038276 -0.243276 0.274752 0.107199 -0.184262 0.231521 0.157292 -0.132181 0.190154 -0.221990 -0.141069 0.235700 -0.314192 -0.225852 0.386105 -0.366700 -0.326314 0.492111 -0.047544 -0.399671 0.506016 -0.035204 -0.338086 0.627824 -0.040138 -0.224550 0.653867 0.081273 -0.210679 0.506190 0.014119 -0.064269 0.492809 -0.023906 -0.051020 0.362357 0.156324 -0.153836 0.434929 0.066320 -0.038302 0.395663 0.024039 -0.040493 0.267306 0.194217 -0.115003 0.360236 0.108360 -0.031177 0.350595 0.052786 -0.006165 0.253183 
0.000000 0.000000 0.000000 -0.074711 -0.000914 -0.006430 -0.108686 -0.300086 0.299042 0.016733 -0.247185 0.273417 0.090161 -0.192232 0.232301 0.144329 -0.143048 0.192556 -0.234597 -0.130540 0.229112 -0.334643 -0.211651 0.376498 -0.389001 -0.309192 0.484284 -0.096806 -0.414567 0.494421 -0.085954 -0.367739 0.622762 -0.080663 -0.256093 0.655935 0.060959 -0.236606 0.506669 -0.006165 -0.089602 0.503690 -0.038556 -0.079420 0.371453 0.141538 -0.184210 0.437264 0.049952 -0.066866 0.408400 0.016246 -0.070708 0.277567 0.177973 -0.142949 0.364178 0.095577 -0.055230 0.366920 0.046150 -0.023485 0.268165 
0.000000 0.000000 0.000000 -0.074413 0.004179 -0.008313 -0.136530 -0.289358 0.298198 -0.007160 -0.245439 0.275401 0.070883 -0.196023 0.235790 0.129288 -0.151022 0.197099 -0.251017 -0.111932 0.222285 -0.361524 -0.184588 0.366579 -0.420708 -0.277447 0.475946 -0.146310 -0.416329 0.485822 -0.139566 -0.381515 0.618202 -0.126760 -0.272890 0.658570 0.026824 -0.257383 0.510298 -0.032168 -0.107350 0.521901 -0.055491 -0.090602 0.388429 0.119848 -0.205899 0.441262 0.027731 -0.085864 0.431431 0.002602 -0.088156 0.298648 0.150805 -0.154957 0.370615 0.077528 -0.060909 0.387257 0.036795 -0.023214 0.286644 
0.000000 0.000000 0.000000 -0.073281 0.005242 -0.015043 -0.168412 -0.276870 0.293719 -0.036643 -0.236062 0.281192 0.045616 -0.189391 0.247177 0.108143 -0.146749 0.212464 -0.266078 -0.084594 0.214314 -0.386719 -0.140807 0.357831 -0.456723 -0.224212 0.468420 -0.207827 -0.405861 0.476004 -0.213592 -0.390319 0.612045 -0.195026 -0.286751 0.662266 -0.019944 -0.263103 0.516701 -0.069689 -0.112381 0.547248 -0.082215 -0.087985 0.413504 0.087330 -0.217414 0.452575 0.001311 -0.092892 0.461835 -0.014281 -0.091279 0.327588 0.113143 -0.146754 0.387282 0.049074 -0.047951 0.412272 0.019794 -0.007813 0.308663 
0.000000 0.000000 0.000000 -0.071374 0.010810 -0.020317 -0.211510 -0.245007 0.294152 -0.076049 -0.216591 0.288864 0.012135 -0.179167 0.258454 0.080391 -0.144064 0.226172 -0.277506 -0.047405 0.207646 -0.406490 -0.083832 0.350290 -0.488571 -0.153229 0.462244 -0.279558 -0.370907 0.470046 -0.300761 -0.369292 0.605434 -0.281010 -0.274185 0.669914 -0.086019 -0.267679 0.520736 -0.115826 -0.122703 0.585682 -0.112681 -0.079842 0.456096 0.027925 -0.225134 0.464248 -0.043549 -0.097218 0.503230 -0.047583 -0.078762 0.369398 0.065272 -0.139787 0.400354 0.014006 -0.044717 0.453503 -0.002475 0.003824 0.350666 
0.000000 0.000000 0.000000 -0.068899 0.015174 -0.025427 -0.248216 -0.208141 0.293865 -0.110775 -0.191045 0.295581 -0.018131 -0.162800 0.268726 0.054604 -0.135390 0.238871 -0.287920 -0.008730 0.196620 -0.424969 -0.023688 0.335562 -0.514381 -0.076059 0.451102 -0.348223 -0.318337 0.464966 -0.396946 -0.338079 0.591529 -0.384699 -0.249419 0.666246 -0.153845 -0.245799 0.522784 -0.180129 -0.122617 0.624075 -0.159855 -0.055090 0.507162 -0.035764 -0.213898 0.473156 -0.097152 -0.092626 0.540353 -0.088479 -0.054159 0.411074 0.016970 -0.124946 0.409343 -0.028251 -0.053672 0.495171 -0.031814 0.004226 0.395982 
0.000000 0.000000 0.000000 -0.066302 0.016286 -0.031027 -0.276552 -0.168890 0.293744 -0.138730 -0.158565 0.302900 -0.043222 -0.137433 0.279804 0.032578 -0.116405 0.252507 -0.287596 0.030852 0.189570 -0.426068 0.039967 0.327605 -0.517036 0.011285 0.450035 -0.395833 -0.256804 0.465393 -0.461664 -0.280760 0.583182 -0.458924 -0.192917 0.659793 -0.207493 -0.207873 0.524969 -0.240663 -0.111945 0.650756 -0.207567 -0.021138 0.554330 -0.089461 -0.180043 0.481695 -0.149270 -0.072012 0.569690 -0.130966 -0.015886 0.448105 -0.028241 -0.073954 0.410890 -0.070105 -0.044734 0.519908 -0.064548 0.017605 0.423543 
0.000000 0.000000 0.000000 -0.063823 0.018274 -0.034879 -0.298399 -0.133089 0.290751 -0.160689 -0.130543 0.305409 -0.063177 -0.116707 0.285367 0.014849 -0.102049 0.260262 -0.278634 0.066080 0.187421 -0.413048 0.095993 0.326522 -0.502843 0.092889 0.453068 -0.438796 -0.192679 0.458553 -0.523649 -0.228693 0.559968 -0.531718 -0.142542 0.638109 -0.251135 -0.131240 0.525167 -0.312651 -0.131714 0.674633 -0.275892 -0.010849 0.622867 -0.138641 -0.138165 0.481730 -0.203242 -0.061589 0.595544 -0.179037 0.019490 0.490148 -0.055711 -0.063828 0.415654 -0.104278 -0.037519 0.522614 -0.094200 0.036265 0.435107 
0.000000 0.000000 0.000000 -0.061484 0.017045 -0.039408 -0.316168 -0.110305 0.281356 -0.179435 -0.108944 0.303433 -0.080738 -0.097855 0.288014 -0.001206 -0.085963 0.266421 -0.262765 0.093667 0.187443 -0.388713 0.141612 0.329392 -0.476907 0.158647 0.455956 -0.472013 -0.149662 0.441304 -0.566202 -0.173449 0.537972 -0.582152 -0.085908 0.613306 -0.278621 -0.120192 0.519095 -0.346082 -0.127841 0.665775 -0.318215 0.005014 0.651207 -0.173575 -0.087172 0.477700 -0.241595 -0.051980 0.608565 -0.215083 0.049555 0.523383 -0.079887 -0.051990 0.418872 -0.134045 -0.028607 0.523808 -0.123904 0.056225 0.446971 
0.000000 0.000000 0.000000 -0.060192 0.014708 -0.042244 -0.325011 -0.097285 0.276033 -0.189093 -0.094134 0.302522 -0.089973 -0.083371 0.289828 -0.009804 -0.072215 0.270296 -0.242852 0.109459 0.193349 -0.357149 0.168748 0.340767 -0.450396 0.204757 0.459490 -0.485544 -0.122541 0.434183 -0.582565 -0.137805 0.529764 -0.603538 -0.048975 0.602307 -0.295758 -0.103703 0.514667 -0.368305 -0.110211 0.658956 -0.349748 0.024710 0.668504 -0.185220 -0.061177 0.477309 -0.253519 -0.045263 0.611744 -0.231919 0.071926 0.547961 -0.093163 -0.041576 0.420957 -0.150541 -0.020487 0.524660 -0.145614 0.072480 0.457310 
0.000000 0.000000 0.000000 -0.059309 0.014586 -0.043515 -0.330644 -0.088292 0.272341 -0.195155 -0.086188 0.301038 -0.095718 -0.076800 0.289803 -0.015113 -0.066934 0.271409 -0.224564 0.117428 0.201353 -0.327970 0.181780 0.354576 -0.422958 0.233976 0.465660 -0.496886 -0.100431 0.426082 -0.597359 -0.107768 0.518998 -0.624293 -0.018374 0.588830 -0.311740 -0.095526 0.507907 -0.391034 -0.101877 0.648608 -0.384329 0.030291 0.682165 -0.192048 -0.058147 0.477117 -0.261123 -0.044773 0.611432 -0.254045 0.085609 0.576523 -0.100324 -0.037288 0.421230 -0.158977 -0.016881 0.524354 -0.164304 0.084521 0.470574 
0.000000 0.000000 0.000000 -0.058396 0.012641 -0.045321 -0.336059 -0.088878 0.265434 -0.201427 -0.083744 0.297576 -0.101912 -0.072774 0.288728 -0.021039 -0.061811 0.272228 -0.215885 0.117001 0.203983 -0.314432 0.182303 0.359981 -0.407226 0.242863 0.468648 -0.506204 -0.091840 0.415308 -0.609035 -0.093631 0.505888 -0.641395 -0.004095 0.573188 -0.324400 -0.091310 0.500787 -0.408039 -0.096456 0.638999 -0.413374 0.031274 0.686914 -0.201614 -0.056838 0.474522 -0.273107 -0.045410 0.607747 -0.282954 0.088830 0.595473 -0.109100 -0.034594 0.420857 -0.169713 -0.015859 0.523162 -0.187196 0.090348 0.482944 
0.000000 0.000000 0.000000 -0.056916 0.009508 -0.047896 -0.342971 -0.098555 0.252880 -0.210121 -0.087358 0.290439 -0.110851 -0.072422 0.285505 -0.029871 -0.058381 0.272159 -0.216976 0.112183 0.200468 -0.317131 0.176430 0.355879 -0.408293 0.240264 0.464053 -0.518860 -0.098420 0.395999 -0.625162 -0.098339 0.482497 -0.659148 -0.005186 0.543821 -0.344387 -0.100149 0.486101 -0.435707 -0.108849 0.619178 -0.452426 0.015227 0.673629 -0.217635 -0.061027 0.467662 -0.294206 -0.052856 0.598280 -0.319709 0.079873 0.599053 -0.124862 -0.035242 0.417168 -0.190245 -0.019314 0.516981 -0.217734 0.087169 0.483682 
0.000000 0.000000 0.000000 -0.055307 0.007318 -0.050115 -0.348205 -0.115039 0.238348 -0.217592 -0.098291 0.281301 -0.118955 -0.079005 0.280453 -0.038198 -0.061358 0.270457 -0.225148 0.099816 0.195740 -0.331424 0.157695 0.349579 -0.428200 0.219781 0.453822 -0.529538 -0.122394 0.374306 -0.639130 -0.126839 0.456474 -0.678278 -0.033468 0.514289 -0.360340 -0.118740 0.470190 -0.457430 -0.132647 0.598661 -0.487227 -0.012148 0.655506 -0.234646 -0.074035 0.457385 -0.317603 -0.070472 0.584256 -0.359311 0.057758 0.593504 -0.140275 -0.040604 0.410941 -0.210537 -0.026319 0.507639 -0.248869 0.078252 0.479377 
0.000000 0.000000 0.000000 -0.053119 0.002743 -0.052865 -0.349969 -0.139770 0.221983 -0.223327 -0.112808 0.271176 -0.126525 -0.086043 0.275017 -0.046944 -0.062339 0.268852 -0.239968 0.082886 0.184855 -0.356885 0.133035 0.333605 -0.465103 0.191046 0.428529 -0.536890 -0.161359 0.348532 -0.649860 -0.174407 0.425014 -0.697619 -0.082880 0.479191 -0.374062 -0.140336 0.452824 -0.476582 -0.159058 0.576370 -0.520318 -0.041934 0.631219 -0.250418 -0.084592 0.446371 -0.339257 -0.083552 0.569242 -0.395307 0.039109 0.578222 -0.158048 -0.047768 0.403127 -0.234523 -0.037738 0.495551 -0.283356 0.062917 0.469339 
0.000000 0.000000 0.000000 -0.050647 -0.001724 -0.055279 -0.349668 -0.160117 0.208292 -0.227597 -0.123761 0.262717 -0.133125 -0.090344 0.270484 -0.055139 -0.061319 0.267527 -0.254864 0.067604 0.171294 -0.382650 0.110985 0.313069 -0.504953 0.163948 0.392591 -0.539463 -0.195806 0.327136 -0.654171 -0.217376 0.398962 -0.714120 -0.131142 0.449586 -0.385499 -0.155336 0.437486 -0.492895 -0.176812 0.556354 -0.552719 -0.064051 0.604782 -0.264917 -0.088139 0.435832 -0.359420 -0.086558 0.554396 -0.429698 0.028838 0.557983 -0.174909 -0.046942 0.394156 -0.257348 -0.037046 0.481318 -0.316859 0.057093 0.453041 
0.000000 0.000000 0.000000 -0.046154 -0.010263 -0.058210 -0.342786 -0.190014 0.194120 -0.229733 -0.137057 0.254117 -0.140453 -0.092458 0.266028 -0.066265 -0.054656 0.266445 -0.268730 0.046416 0.154142 -0.408004 0.081882 0.287018 -0.541691 0.125020 0.353001 -0.534596 -0.242139 0.303263 -0.650521 -0.273643 0.369225 -0.723033 -0.193336 0.412652 -0.393082 -0.175800 0.422315 -0.504182 -0.202151 0.536713 -0.580358 -0.096267 0.577027 -0.283151 -0.097624 0.421990 -0.385474 -0.101328 0.533825 -0.471380 0.002973 0.530777 -0.193887 -0.047768 0.385824 -0.281732 -0.043027 0.467995 -0.352680 0.041790 0.436760 
0.000000 0.000000 0.000000 -0.040414 -0.019145 -0.060200 -0.329823 -0.220527 0.184051 -0.228475 -0.150608 0.247495 -0.146313 -0.094588 0.262091 -0.077473 -0.047822 0.264730 -0.281479 0.022574 0.134719 -0.432321 0.048679 0.256687 -0.574189 0.078031 0.312355 -0.518299 -0.289769 0.289420 -0.632209 -0.331616 0.353101 -0.712389 -0.253649 0.386048 -0.395448 -0.197225 0.410041 -0.509014 -0.228931 0.520595 -0.601561 -0.132247 0.547550 -0.299765 -0.101304 0.407423 -0.409799 -0.106120 0.511634 -0.508933 -0.015274 0.497944 -0.214173 -0.048282 0.373812 -0.308267 -0.048598 0.448896 -0.389783 0.023352 0.411729 
0.000000 0.000000 0.000000 -0.033466 -0.028035 -0.060975 -0.309955 -0.251057 0.179412 -0.223020 -0.164439 0.243637 -0.149994 -0.097127 0.259065 -0.088142 -0.041485 0.262452 -0.290961 -0.006556 0.115323 -0.452085 0.006884 0.225639 -0.598404 0.022853 0.274858 -0.481135 -0.360899 0.279673 -0.599430 -0.395789 0.339431 -0.685918 -0.320264 0.359652 -0.394233 -0.220672 0.398551 -0.510682 -0.258918 0.503915 -0.616753 -0.174212 0.518511 -0.312353 -0.115035 0.393350 -0.428775 -0.127877 0.489640 -0.541212 -0.055700 0.469238 -0.232751 -0.053407 0.360086 -0.332288 -0.061612 0.427290 -0.425039 -0.006381 0.387919 
0.000000 0.000000 0.000000 -0.023128 -0.038251 -0.060215 -0.274159 -0.288622 0.181175 -0.209106 -0.182978 0.242757 -0.150477 -0.102538 0.256688 -0.099820 -0.036496 0.258989 -0.290117 -0.032509 0.102666 -0.457182 -0.028916 0.204587 -0.604141 -0.025273 0.254350 -0.425872 -0.419953 0.286795 -0.548086 -0.446353 0.342909 -0.639825 -0.374945 0.351744 -0.380755 -0.249049 0.393242 -0.497501 -0.293987 0.495593 -0.614296 -0.223875 0.504679 -0.318957 -0.127602 0.381988 -0.439768 -0.145575 0.471835 -0.564599 -0.096460 0.455314 -0.248105 -0.058051 0.349173 -0.350172 -0.072889 0.411249 -0.454439 -0.039767 0.376115 
0.000000 0.000000 0.000000 -0.013627 -0.044964 -0.058450 -0.230037 -0.320237 0.189266 -0.186451 -0.201775 0.246293 -0.142798 -0.111897 0.257166 -0.104056 -0.038194 0.257070 -0.286760 -0.065425 0.092633 -0.457669 -0.078228 0.187171 -0.600549 -0.086940 0.247139 -0.364335 -0.463179 0.303072 -0.485305 -0.496255 0.358337 -0.581356 -0.430191 0.356629 -0.356283 -0.282525 0.391589 -0.471793 -0.337447 0.490410 -0.596309 -0.281926 0.497651 -0.313276 -0.149564 0.376463 -0.435520 -0.176573 0.462007 -0.568337 -0.152443 0.455268 -0.252679 -0.074161 0.341945 -0.354979 -0.098919 0.400366 -0.466459 -0.089362 0.374214 
0.000000 0.000000 0.000000 -0.005971 -0.048507 -0.056879 -0.179324 -0.345388 0.199600 -0.155133 -0.219717 0.252578 -0.126033 -0.123835 0.260436 -0.099179 -0.045061 0.257884 -0.280132 -0.094917 0.086398 -0.451683 -0.123957 0.176052 -0.585877 -0.145491 0.250987 -0.290006 -0.499268 0.324062 -0.412619 -0.529184 0.377476 -0.511591 -0.468094 0.369367 -0.320564 -0.310821 0.396824 -0.433080 -0.372785 0.494932 -0.563009 -0.332493 0.506528 -0.298756 -0.176142 0.370637 -0.422609 -0.213649 0.449658 -0.557613 -0.207183 0.449261 -0.246527 -0.091715 0.339727 -0.347949 -0.123829 0.396061 -0.461364 -0.136904 0.383053 
0.000000 0.000000 0.000000 0.000326 -0.049652 -0.056201 -0.115003 -0.366943 0.208368 -0.109995 -0.238260 0.259366 -0.096624 -0.138828 0.265399 -0.082996 -0.056791 0.261261 -0.266315 -0.127474 0.087650 -0.433161 -0.176170 0.177662 -0.556419 -0.210994 0.265305 -0.212284 -0.524643 0.339088 -0.330934 -0.559725 0.398023 -0.429888 -0.498669 0.389460 -0.266543 -0.341621 0.405254 -0.373019 -0.411921 0.504478 -0.504228 -0.380183 0.524883 -0.263963 -0.203122 0.377550 -0.383955 -0.249224 0.457968 -0.519033 -0.252385 0.461435 -0.222736 -0.117434 0.347177 -0.318921 -0.159177 0.406315 -0.431164 -0.183477 0.402550 
0.000000 0.000000 0.000000 0.002024 -0.048887 -0.056832 -0.061984 -0.378759 0.209737 -0.067427 -0.250684 0.262199 -0.064322 -0.150444 0.268841 -0.059762 -0.067390 0.265063 -0.250514 -0.140567 0.103374 -0.408535 -0.197935 0.203621 -0.511793 -0.239872 0.311630 -0.148783 -0.536112 0.348034 -0.260599 -0.573775 0.417754 -0.357695 -0.509320 0.414459 -0.205581 -0.359146 0.422273 -0.299545 -0.432916 0.531146 -0.428634 -0.400522 0.561580 -0.216794 -0.227083 0.393710 -0.326127 -0.282038 0.483249 -0.460330 -0.288621 0.497880 -0.185126 -0.136577 0.365478 -0.271417 -0.184200 0.434596 -0.381915 -0.214577 0.442988 
0.000000 0.000000 0.000000 -0.003838 -0.048069 -0.057433 -0.035608 -0.382216 0.209603 -0.036273 -0.254941 0.264247 -0.033249 -0.154778 0.272001 -0.029787 -0.071640 0.268982 -0.241836 -0.147641 0.119453 -0.390760 -0.209947 0.230137 -0.470836 -0.251511 0.356418 -0.112299 -0.536065 0.357485 -0.218477 -0.569091 0.437595 -0.313012 -0.500958 0.441379 -0.159146 -0.368731 0.432855 -0.242717 -0.446123 0.547532 -0.367961 -0.411997 0.589825 -0.172194 -0.231104 0.411937 -0.271827 -0.285835 0.512280 -0.403631 -0.293073 0.541319 -0.146483 -0.142037 0.378584 -0.226808 -0.190494 0.454024 -0.334798 -0.223147 0.475820 
0.000000 0.000000 0.000000 -0.011201 -0.046560 -0.057711 -0.014840 -0.387094 0.203047 -0.007523 -0.261248 0.260442 -0.002437 -0.161344 0.270201 0.001603 -0.078189 0.268803 -0.235268 -0.144109 0.137544 -0.375474 -0.205149 0.259722 -0.436386 -0.246009 0.396495 -0.087660 -0.534060 0.359630 -0.186110 -0.563035 0.450460 -0.277122 -0.491515 0.464422 -0.121212 -0.368104 0.439693 -0.198538 -0.440782 0.561608 -0.316682 -0.402579 0.618370 -0.126002 -0.241355 0.422002 -0.214606 -0.298728 0.530853 -0.341362 -0.305756 0.577238 -0.094423 -0.148120 0.397158 -0.160520 -0.196254 0.485506 -0.262014 -0.231450 0.526292 
0.000000 0.000000 0.000000 -0.018472 -0.044922 -0.057137 -0.003864 -0.391197 0.195552 0.012861 -0.266931 0.254401 0.021651 -0.167436 0.265599 0.027774 -0.084396 0.265475 -0.228640 -0.151392 0.148629 -0.360150 -0.218014 0.277385 -0.413388 -0.261796 0.416437 -0.067684 -0.539620 0.354668 -0.153914 -0.574705 0.455243 -0.241575 -0.503157 0.483346 -0.091786 -0.369328 0.441586 -0.162960 -0.438973 0.568898 -0.275086 -0.399416 0.635998 -0.090477 -0.246362 0.426570 -0.170881 -0.302956 0.541996 -0.293050 -0.308138 0.599578 -0.057941 -0.157015 0.399511 -0.116941 -0.207000 0.491771 -0.213239 -0.242605 0.543367 
0.000000 0.000000 0.000000 -0.024982 -0.043224 -0.055960 0.006156 -0.395341 0.186971 0.031402 -0.272813 0.246423 0.043537 -0.173802 0.258734 0.051537 -0.090929 0.259706 -0.223168 -0.155011 0.158685 -0.347179 -0.224960 0.292996 -0.393198 -0.270633 0.434004 -0.063690 -0.538214 0.348615 -0.141347 -0.578353 0.454162 -0.227714 -0.521748 0.508289 -0.059724 -0.384322 0.435463 -0.121702 -0.460165 0.564037 -0.224915 -0.424047 0.645781 -0.055768 -0.253661 0.427479 -0.126975 -0.310924 0.548480 -0.242932 -0.310689 0.617921 -0.011330 -0.169945 0.402500 -0.054603 -0.224334 0.500789 -0.142687 -0.260365 0.565180 
0.000000 0.000000 0.000000 -0.031740 -0.041270 -0.053975 0.002177 -0.397386 0.182674 0.038430 -0.276967 0.240727 0.056486 -0.178827 0.252738 0.068664 -0.096463 0.253676 -0.220875 -0.152015 0.169206 -0.339224 -0.221312 0.308858 -0.381240 -0.266978 0.451112 -0.090770 -0.516760 0.351585 -0.146945 -0.588906 0.453670 -0.227578 -0.566646 0.534886 -0.045972 -0.390003 0.431969 -0.103378 -0.466884 0.562040 -0.198139 -0.432201 0.654001 -0.029310 -0.262993 0.426717 -0.090831 -0.323345 0.551471 -0.200914 -0.320755 0.629849 0.025831 -0.179489 0.401521 -0.003651 -0.236637 0.503286 -0.083461 -0.275368 0.576317 
0.000000 0.000000 0.000000 -0.035868 -0.040555 -0.051891 -0.001056 -0.396055 0.185552 0.042098 -0.276517 0.240631 0.063934 -0.178946 0.250872 0.078807 -0.097022 0.250494 -0.217434 -0.146590 0.179705 -0.331046 -0.212940 0.324622 -0.370148 -0.256999 0.468208 -0.082979 -0.516136 0.359590 -0.132491 -0.588710 0.464774 -0.193535 -0.613553 0.560949 -0.041767 -0.386223 0.434037 -0.098807 -0.460838 0.565580 -0.186928 -0.428784 0.664809 -0.015205 -0.263026 0.428020 -0.071953 -0.323316 0.555046 -0.176474 -0.320386 0.640690 0.044383 -0.183743 0.398415 0.020689 -0.243435 0.500232 -0.050086 -0.285868 0.580192 
0.000000 0.000000 0.000000 -0.039660 -0.040090 -0.049434 -0.002983 -0.393599 0.190686 0.046408 -0.274745 0.241865 0.071569 -0.177749 0.249658 0.088775 -0.096313 0.247414 -0.216983 -0.138075 0.188898 -0.327940 -0.199387 0.338030 -0.367782 -0.240903 0.482168 -0.065826 -0.524793 0.364637 -0.103807 -0.604083 0.469769 -0.148469 -0.647532 0.568311 -0.040854 -0.380295 0.436079 -0.100204 -0.452084 0.568172 -0.181052 -0.426195 0.675095 0.010309 -0.269725 0.429940 -0.033617 -0.335677 0.559213 -0.129716 -0.336963 0.654247 0.073532 -0.185054 0.397344 0.063040 -0.246136 0.500544 0.004872 -0.292853 0.587934 
0.000000 0.000000 0.000000 -0.043654 -0.038234 -0.047501 -0.006815 -0.394898 0.187882 0.049454 -0.278310 0.237139 0.078441 -0.182334 0.244228 0.098398 -0.101539 0.241617 -0.211301 -0.138724 0.196718 -0.316202 -0.201604 0.349535 -0.359035 -0.245500 0.492102 -0.063866 -0.525491 0.364264 -0.098347 -0.604419 0.470864 -0.139349 -0.645042 0.572165 -0.029249 -0.393036 0.429800 -0.082778 -0.471065 0.560837 -0.155319 -0.454644 0.675325 0.018999 -0.287495 0.417784 -0.023625 -0.362902 0.542233 -0.109935 -0.374546 0.645592 0.104254 -0.196459 0.388389 0.108286 -0.261795 0.489415 0.061950 -0.313613 0.580909 
0.000000 0.000000 0.000000 -0.048042 -0.036396 -0.044623 -0.012040 -0.394069 0.189354 0.051999 -0.279923 0.234684 0.085391 -0.185255 0.239656 0.108548 -0.105380 0.235549 -0.200230 -0.143338 0.206870 -0.295459 -0.210255 0.364237 -0.345193 -0.258291 0.503183 -0.055400 -0.523592 0.370362 -0.081605 -0.601873 0.479758 -0.128366 -0.623231 0.584402 -0.018969 -0.402110 0.425756 -0.067237 -0.485214 0.555711 -0.132695 -0.477726 0.675288 0.038615 -0.299813 0.411127 0.005072 -0.381959 0.534081 -0.072493 -0.401627 0.643007 0.128059 -0.207707 0.376030 0.141489 -0.278139 0.472726 0.102797 -0.333488 0.565692 
0.000000 0.000000 0.000000 -0.051614 -0.034720 -0.041885 -0.015522 -0.393320 0.190653 0.054800 -0.281455 0.232201 0.091686 -0.188007 0.235145 0.117353 -0.108991 0.229609 -0.194438 -0.151938 0.210518 -0.283807 -0.225285 0.368456 -0.340097 -0.277271 0.503422 -0.061827 -0.519731 0.373126 -0.089812 -0.596130 0.483408 -0.147706 -0.590272 0.584438 -0.014428 -0.408040 0.421034 -0.061513 -0.494136 0.549468 -0.121081 -0.493518 0.672312 0.053180 -0.310736 0.402980 0.025569 -0.398739 0.523329 -0.042278 -0.428796 0.636296 0.141699 -0.216177 0.365641 0.158457 -0.289955 0.459275 0.129418 -0.349201 0.553348 
0.000000 0.000000 0.000000 -0.052560 -0.033933 -0.041351 -0.015724 -0.394830 0.187489 0.056171 -0.283906 0.228866 0.093869 -0.190789 0.232023 0.120095 -0.111938 0.226756 -0.190695 -0.145964 0.215970 -0.277130 -0.216065 0.376985 -0.343823 -0.270166 0.506260 -0.046133 -0.537600 0.361018 -0.088115 -0.586929 0.481791 -0.148022 -0.564058 0.579163 -0.013621 -0.414344 0.414848 -0.061089 -0.503061 0.541342 -0.114823 -0.506857 0.666791 0.064786 -0.322017 0.395262 0.043932 -0.416116 0.512315 -0.015092 -0.454019 0.627846 0.154293 -0.222904 0.357536 0.177832 -0.299284 0.447554 0.158233 -0.363149 0.541043 
0.000000 0.000000 0.000000 -0.054245 -0.032885 -0.039999 -0.019868 -0.393917 0.189010 0.055376 -0.284481 0.228345 0.095151 -0.192200 0.230329 0.122952 -0.113952 0.224207 -0.179539 -0.147083 0.222882 -0.257939 -0.218541 0.387376 -0.331610 -0.273965 0.512227 -0.039121 -0.547503 0.354723 -0.089659 -0.569786 0.480148 -0.146777 -0.540197 0.577386 -0.013054 -0.413379 0.415900 -0.059595 -0.501048 0.543465 -0.105847 -0.512524 0.671404 0.077932 -0.333176 0.386991 0.065584 -0.434265 0.499327 0.017456 -0.483714 0.615545 0.168758 -0.227988 0.348642 0.200287 -0.306481 0.434293 0.189333 -0.374228 0.526453 
0.000000 0.000000 0.000000 -0.058370 -0.030392 -0.035961 -0.031749 -0.387947 0.199448 0.052014 -0.282438 0.231648 0.097201 -0.192698 0.229054 0.129147 -0.116413 0.219409 -0.160067 -0.142132 0.237934 -0.223702 -0.212052 0.409319 -0.303142 -0.264005 0.532107 -0.046158 -0.547599 0.359834 -0.082544 -0.590979 0.484639 -0.132703 -0.558351 0.584703 0.006100 -0.420592 0.419476 -0.025127 -0.514557 0.547226 -0.060907 -0.537953 0.676887 0.087978 -0.335829 0.384431 0.081365 -0.438463 0.495846 0.043193 -0.496434 0.611822 0.183168 -0.239516 0.331274 0.220351 -0.324250 0.408273 0.217617 -0.396350 0.497700 
0.000000 0.000000 0.000000 -0.061307 -0.028899 -0.032096 -0.037127 -0.380704 0.212077 0.052354 -0.277943 0.236948 0.100929 -0.190270 0.229471 0.135388 -0.115675 0.216010 -0.152670 -0.137871 0.246516 -0.209838 -0.206058 0.420853 -0.295972 -0.253941 0.540749 -0.044034 -0.553132 0.359186 -0.082242 -0.579326 0.488167 -0.126870 -0.543392 0.589706 0.005858 -0.421343 0.420656 -0.025766 -0.518875 0.545604 -0.053976 -0.553162 0.674709 0.098657 -0.338178 0.380573 0.097027 -0.444237 0.488923 0.068200 -0.509998 0.603432 0.184502 -0.245408 0.322516 0.218308 -0.334706 0.395826 0.221495 -0.409660 0.482859 
0.000000 0.000000 0.000000 -0.061938 -0.028673 -0.031072 -0.039044 -0.377306 0.217729 0.051782 -0.275189 0.240264 0.101215 -0.188161 0.231078 0.136334 -0.114139 0.216233 -0.142861 -0.127004 0.254635 -0.193498 -0.188533 0.433412 -0.292951 -0.235708 0.542822 -0.042224 -0.549072 0.365738 -0.075070 -0.577134 0.495798 -0.115793 -0.537919 0.597764 0.011063 -0.419382 0.424722 -0.016632 -0.517454 0.550179 -0.038641 -0.566240 0.675777 0.109621 -0.339931 0.378078 0.115649 -0.448760 0.483486 0.094916 -0.522135 0.595084 0.194743 -0.242896 0.319171 0.234947 -0.331522 0.390025 0.243970 -0.409473 0.473962 
0.000000 0.000000 0.000000 -0.061458 -0.029540 -0.031213 -0.033836 -0.378138 0.217157 0.055439 -0.274725 0.239979 0.103599 -0.186966 0.230992 0.137647 -0.112414 0.216304 -0.132769 -0.125190 0.257944 -0.177391 -0.185043 0.438880 -0.284819 -0.233296 0.539962 -0.036714 -0.549751 0.365349 -0.070828 -0.557209 0.497873 -0.107306 -0.517199 0.601128 0.026257 -0.421820 0.424331 0.006409 -0.521867 0.549716 -0.009389 -0.578612 0.672882 0.121630 -0.341078 0.374652 0.134559 -0.451585 0.477665 0.120530 -0.530023 0.586838 0.204236 -0.239383 0.316459 0.250070 -0.326779 0.385397 0.263778 -0.405847 0.467637 
0.000000 0.000000 0.000000 -0.062064 -0.030185 -0.029340 -0.025796 -0.376402 0.221239 0.063393 -0.272254 0.240825 0.110752 -0.184288 0.229822 0.143938 -0.109665 0.213604 -0.133869 -0.133538 0.257031 -0.178801 -0.198209 0.436224 -0.292404 -0.245990 0.530554 -0.031973 -0.544712 0.373073 -0.061963 -0.563858 0.505421 -0.096076 -0.524753 0.609825 0.043369 -0.425232 0.421576 0.029749 -0.529279 0.544512 0.022550 -0.590199 0.666480 0.141215 -0.340459 0.369092 0.163058 -0.452444 0.468958 0.157183 -0.534799 0.575968 0.210768 -0.239008 0.310507 0.256769 -0.328038 0.377207 0.274472 -0.408165 0.457640 
0.000000 0.000000 0.000000 -0.063587 -0.029990 -0.026098 -0.020088 -0.372243 0.228740 0.070942 -0.268774 0.242621 0.118691 -0.181543 0.228037 0.151916 -0.107582 0.209091 -0.134810 -0.135799 0.259521 -0.179378 -0.202007 0.438242 -0.296967 -0.250116 0.527377 -0.026876 -0.538893 0.382369 -0.054346 -0.565068 0.514059 -0.087246 -0.526802 0.619161 0.061056 -0.429798 0.417115 0.054332 -0.539317 0.535795 0.054613 -0.603369 0.656362 0.154691 -0.342034 0.360929 0.180505 -0.457117 0.456220 0.180151 -0.541622 0.561704 0.223961 -0.236192 0.303193 0.273551 -0.324716 0.367966 0.293930 -0.405720 0.446873 