90
0.000000 0.000000 0.000000 -0.060173 -0.043943 -0.008492 0.073599 -0.305470 0.304239 0.145723 -0.190424 0.280430 0.180337 -0.096722 0.239102 0.199648 -0.017906 0.195426 -0.123615 -0.068987 0.296785 -0.163314 -0.084658 0.487808 -0.180360 -0.110178 0.639943 0.036831 -0.357926 0.521763 0.014610 -0.389629 0.653228 0.004829 -0.391610 0.769390 0.222287 -0.281434 0.486171 0.231068 -0.266062 0.646830 0.216944 -0.218194 0.773907 0.254859 -0.170525 0.422713 0.265286 -0.152749 0.572934 0.224118 -0.067347 0.669265 0.229690 -0.020716 0.367693 0.250368 -0.022650 0.486267 0.170253 0.042497 0.536671 
0.000000 0.000000 0.000000 -0.060538 -0.043515 -0.008088 0.063881 -0.295021 0.316499 0.137877 -0.181771 0.289977 0.174448 -0.090049 0.245978 0.195580 -0.013109 0.199869 -0.135023 -0.046066 0.295708 -0.181631 -0.047662 0.485804 -0.186046 -0.058979 0.640527 0.026544 -0.333580 0.536816 0.003978 -0.356884 0.669969 -0.010222 -0.344395 0.785014 0.198488 -0.239685 0.512343 0.218217 -0.239893 0.672765 0.198804 -0.180552 0.794178 0.238399 -0.138915 0.441519 0.246452 -0.111001 0.590337 0.203332 -0.017787 0.678199 0.219633 0.000425 0.372567 0.236189 0.009742 0.491438 0.155862 0.078060 0.537082 
0.000000 0.000000 0.000000 -0.059489 -0.044901 -0.008297 0.062674 -0.285873 0.325022 0.135014 -0.171847 0.297283 0.170746 -0.080514 0.251812 0.191381 -0.004315 0.204269 -0.140987 -0.030803 0.293374 -0.191984 -0.021980 0.482140 -0.191480 -0.018486 0.637299 0.014493 -0.313371 0.544891 -0.014627 -0.329991 0.677774 -0.034241 -0.306235 0.790220 0.202798 -0.214898 0.520949 0.215689 -0.193270 0.680607 0.191095 -0.127224 0.797536 0.233447 -0.106633 0.452062 0.246769 -0.076125 0.599990 0.200980 0.021053 0.682014 0.197434 0.016960 0.377754 0.201601 0.031605 0.497167 0.117051 0.094849 0.542494 
0.000000 0.000000 0.000000 -0.056677 -0.047993 -0.010403 0.065078 -0.281587 0.328275 0.132327 -0.163951 0.302898 0.164924 -0.070940 0.258484 0.183332 0.006157 0.211477 -0.140396 -0.024210 0.290050 -0.192781 -0.009327 0.478054 -0.193317 -0.001253 0.633042 0.008524 -0.298955 0.547181 -0.025655 -0.309452 0.679483 -0.051240 -0.282788 0.790061 0.191747 -0.187911 0.531742 0.205814 -0.170205 0.691783 0.173448 -0.104220 0.806839 0.215769 -0.058931 0.463384 0.252228 -0.050319 0.610311 0.200507 0.045333 0.690584 0.184674 0.038067 0.383425 0.185597 0.060031 0.501781 0.097632 0.120150 0.544805 
0.000000 0.000000 0.000000 -0.050272 -0.053616 -0.014898 0.074240 -0.280186 0.327528 0.129664 -0.155402 0.308504 0.154654 -0.058425 0.267797 0.167485 0.021254 0.223312 -0.152914 -0.046559 0.280502 -0.217140 -0.042143 0.465345 -0.220738 -0.034631 0.620320 0.011480 -0.300652 0.544467 -0.026450 -0.313022 0.675579 -0.059722 -0.289892 0.784900 0.166061 -0.151126 0.543305 0.190815 -0.148218 0.703002 0.142713 -0.085236 0.814172 0.191644 -0.046074 0.475625 0.218168 -0.037217 0.624652 0.152903 0.052039 0.702381 0.154692 0.056840 0.394063 0.145886 0.081334 0.511596 0.052271 0.134825 0.551323 
0.000000 0.000000 0.000000 -0.041743 -0.058545 -0.021304 0.071778 -0.280095 0.328154 0.113795 -0.149215 0.317684 0.131330 -0.048754 0.281819 0.139298 0.033254 0.240544 -0.179950 -0.088342 0.257725 -0.266431 -0.106987 0.432323 -0.286102 -0.108362 0.586265 -0.004783 -0.327900 0.536177 -0.051054 -0.356791 0.661900 -0.096936 -0.344156 0.768334 0.128073 -0.146847 0.554886 0.137784 -0.145236 0.716217 0.067288 -0.091817 0.820217 0.138790 -0.034014 0.492628 0.144140 -0.023443 0.643792 0.060532 0.053842 0.716625 0.099182 0.052874 0.409636 0.071569 0.066379 0.526025 -0.029691 0.107721 0.561243 
0.000000 0.000000 0.000000 -0.033819 -0.060238 -0.029182 0.050653 -0.291085 0.322481 0.083099 -0.157103 0.323342 0.097075 -0.053866 0.294485 0.103771 0.030580 0.258201 -0.197524 -0.130734 0.227873 -0.299961 -0.174846 0.388721 -0.339861 -0.191533 0.537772 -0.039337 -0.358973 0.519238 -0.093725 -0.400002 0.638152 -0.153698 -0.399978 0.738134 0.073651 -0.173553 0.560228 0.067224 -0.184741 0.721343 -0.023691 -0.145406 0.815292 0.073181 -0.045856 0.504434 0.056047 -0.040113 0.654980 -0.045222 0.023631 0.717824 0.039297 0.034495 0.420725 -0.005081 0.037191 0.532593 -0.113699 0.064591 0.558175 
0.000000 0.000000 0.000000 -0.033703 -0.056726 -0.035639 0.007648 -0.310821 0.307607 0.045928 -0.178911 0.319404 0.067159 -0.075064 0.298163 0.080975 0.010828 0.267763 -0.224305 -0.152091 0.193322 -0.343571 -0.211764 0.336590 -0.403508 -0.243152 0.476265 -0.096684 -0.404191 0.485980 -0.159740 -0.460622 0.593783 -0.231632 -0.470606 0.685025 0.007299 -0.217295 0.550724 -0.018973 -0.243401 0.708054 -0.123956 -0.213843 0.790177 0.016393 -0.084165 0.503233 -0.020009 -0.090691 0.650281 -0.130790 -0.034134 0.703167 -0.008121 -0.001470 0.417753 -0.069447 -0.009934 0.520994 -0.181445 0.013909 0.530544 
0.000000 0.000000 0.000000 -0.029663 -0.053074 -0.043900 -0.024441 -0.336920 0.277809 0.012181 -0.206884 0.305267 0.035382 -0.101734 0.295710 0.052206 -0.013598 0.274701 -0.243467 -0.160945 0.157341 -0.377252 -0.228443 0.283265 -0.454168 -0.271993 0.410835 -0.147827 -0.440086 0.437661 -0.222398 -0.502436 0.534272 -0.304442 -0.517942 0.615645 -0.050658 -0.264430 0.527109 -0.093398 -0.303568 0.677994 -0.206099 -0.279413 0.751167 -0.038530 -0.128935 0.491952 -0.091529 -0.148440 0.632669 -0.206175 -0.094657 0.679909 -0.051833 -0.035494 0.413564 -0.123446 -0.050565 0.509145 -0.235202 -0.023877 0.507917 
0.000000 0.000000 0.000000 -0.028643 -0.048384 -0.049623 -0.053181 -0.355929 0.248548 -0.013959 -0.229879 0.288267 0.013347 -0.125283 0.288396 0.034431 -0.036517 0.275413 -0.259767 -0.163917 0.126673 -0.404390 -0.236209 0.236986 -0.492791 -0.288402 0.353382 -0.187781 -0.471582 0.389713 -0.269129 -0.541479 0.475030 -0.358282 -0.559776 0.547900 -0.091715 -0.309014 0.498425 -0.144600 -0.362837 0.641361 -0.261883 -0.342501 0.708224 -0.076113 -0.169329 0.474864 -0.140262 -0.200912 0.608574 -0.256755 -0.148275 0.652468 -0.080568 -0.068283 0.403289 -0.159724 -0.090147 0.491309 -0.270339 -0.059937 0.483898 
0.000000 0.000000 0.000000 -0.029610 -0.041943 -0.054661 -0.093949 -0.368365 0.216266 -0.047240 -0.249350 0.267825 -0.011934 -0.147651 0.277674 0.016651 -0.060173 0.272898 -0.274987 -0.161440 0.098169 -0.428527 -0.236214 0.193801 -0.528607 -0.293823 0.297492 -0.241155 -0.489948 0.338611 -0.330122 -0.563430 0.412552 -0.426149 -0.582642 0.475821 -0.141401 -0.345504 0.463689 -0.205443 -0.410902 0.596904 -0.326628 -0.390775 0.656472 -0.115418 -0.203344 0.453467 -0.189623 -0.243279 0.579521 -0.307177 -0.189933 0.619560 -0.111478 -0.097019 0.386086 -0.199672 -0.122380 0.463996 -0.307847 -0.086292 0.449892 
0.000000 0.000000 0.000000 -0.031356 -0.035170 -0.058342 -0.130980 -0.373663 0.185769 -0.076040 -0.263152 0.247197 -0.032650 -0.165841 0.265475 0.003297 -0.081023 0.267947 -0.292743 -0.147364 0.071795 -0.456303 -0.217568 0.153225 -0.566520 -0.275765 0.245703 -0.290999 -0.496443 0.289399 -0.387710 -0.570647 0.352031 -0.488049 -0.587887 0.408846 -0.185792 -0.368669 0.429666 -0.260439 -0.440435 0.553771 -0.382848 -0.418161 0.609979 -0.148857 -0.232561 0.429053 -0.232185 -0.280404 0.546349 -0.348507 -0.224211 0.586094 -0.132971 -0.117457 0.371339 -0.226766 -0.142535 0.442506 -0.331948 -0.098939 0.427032 
0.000000 0.000000 0.000000 -0.035583 -0.026220 -0.060583 -0.172253 -0.370620 0.155756 -0.104493 -0.272811 0.225372 -0.050003 -0.183053 0.251073 -0.004453 -0.103453 0.260094 -0.307096 -0.123213 0.060741 -0.476991 -0.183905 0.136657 -0.594116 -0.239324 0.222082 -0.342504 -0.487943 0.248868 -0.445400 -0.558851 0.305142 -0.549049 -0.570645 0.357207 -0.224351 -0.387273 0.395687 -0.305871 -0.465123 0.511525 -0.427218 -0.438458 0.568122 -0.174384 -0.250700 0.408130 -0.263573 -0.299207 0.520750 -0.376355 -0.238596 0.564046 -0.145574 -0.134891 0.358494 -0.242711 -0.156531 0.426224 -0.344325 -0.104434 0.413430 
0.000000 0.000000 0.000000 -0.038471 -0.018659 -0.061610 -0.211720 -0.357563 0.136433 -0.133312 -0.271931 0.210757 -0.069130 -0.190338 0.240912 -0.015014 -0.116892 0.253933 -0.320681 -0.094002 0.050315 -0.497270 -0.141147 0.120350 -0.621441 -0.188574 0.200469 -0.395395 -0.463476 0.216845 -0.506403 -0.527488 0.265443 -0.612277 -0.530558 0.314170 -0.267751 -0.382873 0.372289 -0.359189 -0.458329 0.482153 -0.478701 -0.424424 0.538780 -0.204290 -0.258108 0.388739 -0.301208 -0.306703 0.494740 -0.408938 -0.239616 0.541234 -0.159960 -0.141793 0.348574 -0.259729 -0.158933 0.413717 -0.356558 -0.097825 0.404073 
0.000000 0.000000 0.000000 -0.042244 -0.009981 -0.061153 -0.248596 -0.338485 0.122140 -0.158364 -0.267630 0.198575 -0.084053 -0.196238 0.231240 -0.021214 -0.130626 0.246694 -0.328163 -0.060601 0.055184 -0.507072 -0.092277 0.127981 -0.635073 -0.130981 0.206750 -0.440566 -0.430135 0.200676 -0.556587 -0.485526 0.248141 -0.662293 -0.480531 0.297075 -0.303821 -0.374790 0.352956 -0.402753 -0.447674 0.457956 -0.518014 -0.407518 0.519125 -0.223317 -0.258407 0.377713 -0.323178 -0.302987 0.482743 -0.424573 -0.231093 0.535830 -0.167106 -0.144836 0.342087 -0.267527 -0.154617 0.407748 -0.359492 -0.085786 0.404944 
0.000000 0.000000 0.000000 -0.046581 -0.000434 -0.058770 -0.280284 -0.315303 0.115392 -0.177909 -0.261304 0.190278 -0.093758 -0.201676 0.222671 -0.022663 -0.145163 0.238296 -0.331639 -0.024612 0.067734 -0.510010 -0.039742 0.146893 -0.638493 -0.067670 0.229348 -0.481188 -0.387285 0.192050 -0.602609 -0.430788 0.238381 -0.705946 -0.416109 0.290334 -0.329829 -0.363893 0.341507 -0.433156 -0.433668 0.444364 -0.542206 -0.387978 0.512628 -0.236396 -0.260326 0.367337 -0.338676 -0.302382 0.471072 -0.430866 -0.226433 0.534324 -0.164995 -0.151137 0.339747 -0.262965 -0.155248 0.409577 -0.348766 -0.079130 0.416455 
0.000000 0.000000 0.000000 -0.049371 0.008026 -0.055875 -0.308561 -0.287177 0.116661 -0.196761 -0.249268 0.187852 -0.104638 -0.201415 0.218012 -0.026716 -0.154267 0.232075 -0.328761 0.009835 0.084782 -0.503586 0.010968 0.172795 -0.630105 -0.005588 0.261144 -0.513451 -0.340065 0.198165 -0.637282 -0.372028 0.247425 -0.737232 -0.347880 0.302378 -0.354957 -0.342456 0.338730 -0.462552 -0.405837 0.441349 -0.565325 -0.354913 0.515402 -0.246842 -0.253971 0.365421 -0.348811 -0.291657 0.471122 -0.432498 -0.212444 0.541761 -0.164324 -0.150307 0.339939 -0.259043 -0.147580 0.414184 -0.338201 -0.065674 0.429295 
0.000000 0.000000 0.000000 -0.050353 0.013839 -0.053823 -0.328140 -0.262966 0.120263 -0.211132 -0.236847 0.188319 -0.114245 -0.197951 0.216355 -0.032103 -0.158074 0.228808 -0.322983 0.037917 0.097634 -0.493578 0.052983 0.192406 -0.617592 0.046893 0.285519 -0.535875 -0.296813 0.204647 -0.661425 -0.317269 0.255646 -0.757794 -0.285574 0.313106 -0.374599 -0.320195 0.339336 -0.485779 -0.376883 0.442049 -0.583636 -0.323209 0.520678 -0.258625 -0.244853 0.363557 -0.362155 -0.278485 0.469109 -0.439501 -0.197922 0.545236 -0.165738 -0.146935 0.341076 -0.257721 -0.139268 0.418352 -0.331918 -0.054347 0.440404 
0.000000 0.000000 0.000000 -0.051056 0.019053 -0.051519 -0.343837 -0.237908 0.128320 -0.222576 -0.222880 0.192150 -0.121823 -0.192620 0.217033 -0.036267 -0.159843 0.226949 -0.313247 0.062227 0.113520 -0.477309 0.089242 0.216791 -0.597020 0.093141 0.315488 -0.551337 -0.254490 0.218258 -0.676745 -0.264512 0.272614 -0.769544 -0.226341 0.331980 -0.390415 -0.297102 0.343132 -0.504570 -0.347583 0.445821 -0.597526 -0.291109 0.528338 -0.264917 -0.235340 0.366742 -0.367524 -0.265973 0.474092 -0.439317 -0.184954 0.555023 -0.164587 -0.143563 0.344657 -0.252912 -0.132356 0.425678 -0.322264 -0.045193 0.453890 
0.000000 0.000000 0.000000 -0.051435 0.022150 -0.049877 -0.353444 -0.216339 0.139875 -0.229481 -0.208784 0.199713 -0.126305 -0.184766 0.221257 -0.038622 -0.157305 0.228330 -0.301533 0.083706 0.127628 -0.458029 0.122224 0.238698 -0.571630 0.135591 0.343593 -0.558819 -0.214484 0.235989 -0.682943 -0.213363 0.294076 -0.771575 -0.169245 0.355648 -0.398741 -0.273075 0.353635 -0.513862 -0.316802 0.458324 -0.602034 -0.257575 0.544098 -0.269808 -0.221161 0.372241 -0.372708 -0.247258 0.480505 -0.438664 -0.165466 0.565523 -0.162159 -0.137807 0.350579 -0.247192 -0.124386 0.434725 -0.312083 -0.035519 0.467815 
0.000000 0.000000 0.000000 -0.052097 0.025015 -0.047792 -0.357611 -0.202474 0.149697 -0.231446 -0.201111 0.205242 -0.126631 -0.181902 0.223433 -0.037631 -0.158391 0.227744 -0.290350 0.095020 0.142421 -0.439433 0.138824 0.261444 -0.546648 0.156855 0.372199 -0.559498 -0.190881 0.252300 -0.681513 -0.183875 0.314310 -0.766312 -0.136689 0.378930 -0.400155 -0.261323 0.361402 -0.514902 -0.302275 0.467613 -0.599145 -0.242931 0.557172 -0.267960 -0.217413 0.376661 -0.369302 -0.242877 0.486535 -0.431204 -0.162403 0.575754 -0.155622 -0.138091 0.355228 -0.236837 -0.124117 0.442978 -0.298741 -0.035191 0.481230 
0.000000 0.000000 0.000000 -0.052121 0.026953 -0.046699 -0.359833 -0.198410 0.149814 -0.233060 -0.200582 0.203929 -0.127694 -0.183767 0.221292 -0.038209 -0.162073 0.225041 -0.284002 0.100201 0.150055 -0.429097 0.146035 0.273172 -0.532114 0.165037 0.387685 -0.559765 -0.180005 0.255211 -0.680598 -0.168883 0.318911 -0.763577 -0.120213 0.384781 -0.404026 -0.258782 0.358389 -0.520307 -0.298366 0.463443 -0.603195 -0.240572 0.555251 -0.269144 -0.220593 0.374097 -0.370572 -0.247000 0.483668 -0.431201 -0.169979 0.576727 -0.154101 -0.144027 0.354770 -0.233872 -0.131606 0.444065 -0.295255 -0.044268 0.486576 
0.000000 0.000000 0.000000 -0.051683 0.028318 -0.046377 -0.364301 -0.187134 0.153480 -0.237207 -0.192866 0.206573 -0.131251 -0.179117 0.223017 -0.041135 -0.160069 0.225958 -0.281391 0.108598 0.150183 -0.425127 0.158832 0.273178 -0.527195 0.181969 0.387780 -0.563959 -0.161931 0.257986 -0.684627 -0.146699 0.321146 -0.766928 -0.095486 0.385931 -0.411417 -0.244325 0.359797 -0.529904 -0.279324 0.464011 -0.612228 -0.219305 0.554893 -0.274734 -0.211591 0.374911 -0.377621 -0.234876 0.483828 -0.437460 -0.156495 0.576259 -0.156661 -0.139695 0.355669 -0.236180 -0.125672 0.444951 -0.296635 -0.037418 0.486897 
0.000000 0.000000 0.000000 -0.051058 0.028530 -0.046936 -0.367474 -0.181232 0.152997 -0.240772 -0.188046 0.206893 -0.134751 -0.175455 0.223839 -0.044425 -0.157492 0.227143 -0.279663 0.112892 0.149201 -0.422708 0.165680 0.271930 -0.526207 0.192700 0.384379 -0.567422 -0.153103 0.256194 -0.688266 -0.136102 0.318563 -0.770976 -0.084300 0.382350 -0.416509 -0.235271 0.359736 -0.536034 -0.267391 0.463690 -0.617862 -0.205877 0.554021 -0.280123 -0.203829 0.374756 -0.384363 -0.224175 0.482972 -0.443396 -0.144213 0.574565 -0.160759 -0.134729 0.355729 -0.240834 -0.119061 0.444238 -0.300270 -0.029562 0.484985 
0.000000 0.000000 0.000000 -0.050390 0.029228 -0.047227 -0.370727 -0.176651 0.150488 -0.244465 -0.185141 0.205175 -0.138402 -0.173926 0.222802 -0.047875 -0.157126 0.226695 -0.278261 0.116214 0.148616 -0.420848 0.170645 0.271162 -0.523933 0.200063 0.383389 -0.570979 -0.143690 0.251644 -0.692007 -0.123770 0.312780 -0.774813 -0.070422 0.375151 -0.423037 -0.228780 0.355782 -0.544490 -0.258460 0.458216 -0.628372 -0.197356 0.546926 -0.286681 -0.200584 0.371181 -0.393007 -0.219698 0.477578 -0.452771 -0.140689 0.569522 -0.165940 -0.135472 0.353887 -0.247206 -0.120567 0.441437 -0.307363 -0.032308 0.483800 
0.000000 0.000000 0.000000 -0.049911 0.029907 -0.047311 -0.372886 -0.174630 0.147483 -0.246984 -0.184442 0.202774 -0.140929 -0.174169 0.221021 -0.050296 -0.158106 0.225486 -0.277639 0.118991 0.147754 -0.420136 0.174735 0.269813 -0.523942 0.206388 0.380760 -0.572471 -0.139840 0.249343 -0.693095 -0.118814 0.310904 -0.775998 -0.065440 0.373125 -0.424119 -0.224860 0.355954 -0.544596 -0.252350 0.460137 -0.629033 -0.190790 0.548001 -0.289515 -0.196584 0.369794 -0.396061 -0.212657 0.476474 -0.455622 -0.133822 0.568699 -0.168446 -0.134998 0.352344 -0.249772 -0.119093 0.439662 -0.309329 -0.031259 0.483721 
0.000000 0.000000 0.000000 -0.050046 0.030702 -0.046655 -0.371703 -0.181820 0.141663 -0.245875 -0.191964 0.197060 -0.139970 -0.181226 0.215897 -0.049498 -0.164474 0.221064 -0.276236 0.114911 0.152326 -0.417771 0.167604 0.276835 -0.523467 0.198602 0.386171 -0.569018 -0.149342 0.248584 -0.688270 -0.129713 0.313204 -0.770519 -0.078866 0.378341 -0.417799 -0.233608 0.355749 -0.534732 -0.261931 0.463681 -0.617671 -0.202239 0.554220 -0.284257 -0.201374 0.369159 -0.387720 -0.215821 0.479056 -0.444676 -0.137927 0.573695 -0.165990 -0.141216 0.349418 -0.246174 -0.125208 0.437767 -0.303035 -0.037076 0.484701 
0.000000 0.000000 0.000000 -0.050632 0.031340 -0.045587 -0.368446 -0.192078 0.136542 -0.242350 -0.201935 0.191380 -0.136588 -0.190098 0.210364 -0.046383 -0.172070 0.215897 -0.277046 0.108672 0.155914 -0.418722 0.157061 0.282000 -0.525219 0.185350 0.391293 -0.563936 -0.165059 0.248228 -0.682085 -0.148729 0.315728 -0.761565 -0.099333 0.385270 -0.407181 -0.246459 0.356675 -0.519290 -0.276742 0.469100 -0.598499 -0.216146 0.562337 -0.274622 -0.209946 0.369317 -0.373601 -0.224179 0.483297 -0.425046 -0.146245 0.581009 -0.161749 -0.150023 0.345477 -0.241158 -0.134848 0.434669 -0.293382 -0.044814 0.483348 
0.000000 0.000000 0.000000 -0.052364 0.030965 -0.043853 -0.359736 -0.207936 0.136539 -0.232500 -0.215228 0.189097 -0.126878 -0.200479 0.206776 -0.037226 -0.179668 0.211435 -0.280410 0.097473 0.159661 -0.423107 0.139089 0.287007 -0.532586 0.161798 0.394642 -0.549605 -0.193412 0.259661 -0.664357 -0.184634 0.334072 -0.739956 -0.140151 0.410879 -0.378709 -0.264177 0.369933 -0.478152 -0.297469 0.492926 -0.550108 -0.234801 0.590570 -0.250433 -0.215162 0.377750 -0.339029 -0.225691 0.500350 -0.379859 -0.143097 0.599240 -0.147927 -0.154042 0.344381 -0.224126 -0.136403 0.435891 -0.267807 -0.041173 0.483075 
0.000000 0.000000 0.000000 -0.054708 0.029654 -0.041852 -0.346593 -0.228172 0.138206 -0.218012 -0.230917 0.187844 -0.112816 -0.211722 0.203697 -0.024140 -0.186869 0.207047 -0.287773 0.079939 0.160628 -0.433610 0.111405 0.287328 -0.549612 0.125961 0.389398 -0.528769 -0.233213 0.273138 -0.638871 -0.236260 0.354688 -0.710802 -0.199364 0.438698 -0.340688 -0.283137 0.384563 -0.424123 -0.318654 0.518359 -0.488118 -0.250542 0.617882 -0.219786 -0.219757 0.385924 -0.296491 -0.225518 0.516591 -0.324549 -0.131996 0.610049 -0.130733 -0.155797 0.342172 -0.204103 -0.134409 0.435180 -0.238404 -0.031700 0.473616 
0.000000 0.000000 0.000000 -0.057295 0.026144 -0.040715 -0.326807 -0.255692 0.138237 -0.197763 -0.249599 0.186353 -0.094102 -0.222837 0.201332 -0.007495 -0.191469 0.204094 -0.298407 0.057534 0.156074 -0.449279 0.077175 0.279212 -0.567663 0.078604 0.379562 -0.498752 -0.279546 0.284134 -0.602670 -0.293963 0.372311 -0.669150 -0.261578 0.462449 -0.297416 -0.301476 0.395763 -0.365194 -0.336760 0.538191 -0.423260 -0.259376 0.634521 -0.187353 -0.220541 0.391102 -0.254219 -0.218894 0.527179 -0.275007 -0.111284 0.606274 -0.112427 -0.157501 0.339821 -0.184653 -0.134120 0.433245 -0.217718 -0.027584 0.460812 
0.000000 0.000000 0.000000 -0.060908 0.022824 -0.037325 -0.298510 -0.287630 0.139469 -0.168515 -0.272605 0.182829 -0.066885 -0.237820 0.194973 0.016874 -0.199399 0.195771 -0.307079 0.024589 0.155659 -0.461117 0.025693 0.276416 -0.581917 0.008535 0.372332 -0.453541 -0.333146 0.298572 -0.547237 -0.360656 0.394729 -0.603634 -0.331678 0.492570 -0.242007 -0.320612 0.403666 -0.291991 -0.353263 0.553866 -0.340868 -0.264506 0.645367 -0.147123 -0.220498 0.389846 -0.204658 -0.208077 0.529582 -0.224035 -0.089539 0.591560 -0.082103 -0.162037 0.335033 -0.150231 -0.136319 0.430889 -0.183171 -0.028200 0.451584 
0.000000 0.000000 0.000000 -0.064148 0.019880 -0.033373 -0.268335 -0.318291 0.134080 -0.138084 -0.295246 0.172916 -0.039054 -0.253076 0.182957 0.041378 -0.208098 0.182632 -0.312890 -0.009850 0.153949 -0.468538 -0.028453 0.271163 -0.582969 -0.069584 0.367602 -0.401870 -0.381649 0.306052 -0.482576 -0.419940 0.409987 -0.524554 -0.388770 0.514195 -0.189256 -0.335030 0.401549 -0.224060 -0.362089 0.557051 -0.263505 -0.260143 0.638845 -0.109530 -0.221348 0.379782 -0.160066 -0.198596 0.520918 -0.179091 -0.074608 0.571247 -0.050604 -0.162426 0.324194 -0.113916 -0.130990 0.421634 -0.144539 -0.020383 0.427259 
0.000000 0.000000 0.000000 -0.067273 0.013881 -0.030093 -0.221886 -0.358003 0.117858 -0.094177 -0.321449 0.154720 -0.000830 -0.267927 0.165108 0.073352 -0.213257 0.165867 -0.314490 -0.051477 0.150069 -0.469182 -0.092374 0.262803 -0.562851 -0.164723 0.363195 -0.322415 -0.430206 0.307860 -0.383173 -0.473843 0.422692 -0.407322 -0.431335 0.528537 -0.119837 -0.338969 0.390324 -0.137289 -0.350885 0.550568 -0.168247 -0.232818 0.611732 -0.063801 -0.215990 0.360174 -0.108954 -0.178747 0.500049 -0.129328 -0.048956 0.531783 -0.013135 -0.154249 0.305954 -0.072666 -0.113633 0.402378 -0.105930 -0.005137 0.384343 
0.000000 0.000000 0.000000 -0.069786 0.008169 -0.026211 -0.179332 -0.382362 0.113708 -0.054066 -0.334592 0.145816 0.034009 -0.272429 0.153857 0.102424 -0.210691 0.153264 -0.309715 -0.091932 0.147743 -0.459847 -0.154569 0.256593 -0.522851 -0.254975 0.356772 -0.249366 -0.458490 0.315500 -0.291692 -0.504498 0.437458 -0.299551 -0.449375 0.539892 -0.059653 -0.328791 0.383323 -0.063453 -0.324846 0.544861 -0.094297 -0.196673 0.580353 -0.022431 -0.200253 0.344432 -0.062902 -0.148498 0.481087 -0.090443 -0.016458 0.489744 0.015650 -0.139455 0.287361 -0.044078 -0.090422 0.379662 -0.079998 0.010454 0.337985 
0.000000 0.000000 0.000000 -0.071892 0.003173 -0.021105 -0.147737 -0.386634 0.141344 -0.023452 -0.330675 0.161992 0.061185 -0.263432 0.160954 0.125636 -0.198068 0.152827 -0.303824 -0.112068 0.154318 -0.448952 -0.184179 0.264086 -0.486805 -0.291734 0.369375 -0.201735 -0.458025 0.349689 -0.234371 -0.501172 0.475607 -0.233472 -0.433221 0.570344 -0.016741 -0.292757 0.396495 -0.012177 -0.266968 0.555990 -0.052463 -0.136954 0.566610 0.014463 -0.206528 0.359178 -0.032058 -0.104459 0.461200 -0.069046 0.024200 0.442574 0.039059 -0.114096 0.279474 -0.020534 -0.056296 0.366647 -0.057452 0.029409 0.299604 
0.000000 0.000000 0.000000 -0.072768 -0.000631 -0.018120 -0.129803 -0.376610 0.180573 -0.006548 -0.315720 0.190828 0.075866 -0.246565 0.180267 0.137886 -0.180448 0.163699 -0.298504 -0.115638 0.165353 -0.439756 -0.187602 0.280159 -0.473719 -0.291703 0.390142 -0.169493 -0.438249 0.395155 -0.193481 -0.475502 0.524843 -0.192638 -0.398279 0.612187 0.007083 -0.264447 0.422474 0.004760 -0.202862 0.571894 -0.045838 -0.076369 0.563025 0.034756 -0.178289 0.376129 -0.016963 -0.059472 0.454859 -0.061123 0.062582 0.417164 0.054354 -0.087041 0.285698 -0.003142 -0.022748 0.369674 -0.044728 0.050661 0.291667 
0.000000 0.000000 0.000000 -0.073313 -0.002015 -0.015656 -0.123893 -0.359035 0.216875 -0.000378 -0.297816 0.217813 0.081647 -0.230073 0.198611 0.143095 -0.165825 0.174347 -0.295056 -0.109841 0.176827 -0.433808 -0.177311 0.297271 -0.477852 -0.275660 0.408961 -0.150825 -0.409083 0.436397 -0.167102 -0.439331 0.569070 -0.169441 -0.356255 0.650839 0.018532 -0.235302 0.446305 0.007344 -0.144677 0.579671 -0.047728 -0.022178 0.555164 0.043968 -0.146008 0.388945 -0.007952 -0.019463 0.454379 -0.053943 0.098375 0.406766 0.064434 -0.063107 0.292024 0.010290 0.007595 0.373024 -0.035894 0.073467 0.290981 
0.000000 0.000000 0.000000 -0.073495 -0.001162 -0.014868 -0.129893 -0.343379 0.237716 -0.005002 -0.285122 0.234132 0.078358 -0.220498 0.210444 0.141015 -0.159163 0.182080 -0.294765 -0.097526 0.184129 -0.433221 -0.157825 0.308648 -0.490528 -0.250110 0.419491 -0.149127 -0.384673 0.459853 -0.160752 -0.409630 0.594107 -0.163751 -0.323972 0.673144 0.015164 -0.211770 0.459271 0.004027 -0.110301 0.584589 -0.047699 0.012062 0.553107 0.043722 -0.122178 0.394420 -0.002360 0.006530 0.460007 -0.044949 0.124171 0.408873 0.066788 -0.050266 0.297050 0.015696 0.024690 0.376186 -0.032145 0.088648 0.293580 
0.000000 0.000000 0.000000 -0.073484 0.001384 -0.014901 -0.143597 -0.331047 0.247140 -0.016459 -0.277995 0.242043 0.069436 -0.217477 0.216630 0.134510 -0.159539 0.186615 -0.298006 -0.081307 0.186589 -0.438497 -0.133050 0.312669 -0.514835 -0.216752 0.418751 -0.164571 -0.368524 0.469796 -0.177248 -0.391174 0.604363 -0.178444 -0.305262 0.683172 -0.010591 -0.167678 0.452448 -0.006599 -0.092646 0.595552 -0.045892 0.035295 0.568602 0.034216 -0.095898 0.386017 0.001770 0.015788 0.483301 -0.034260 0.139000 0.441008 0.068847 -0.053018 0.308795 0.023650 0.020302 0.392894 -0.028160 0.091232 0.318815 
0.000000 0.000000 0.000000 -0.073010 0.005834 -0.016104 -0.167617 -0.320722 0.245626 -0.037397 -0.275584 0.242471 0.052449 -0.220539 0.218307 0.121433 -0.166810 0.189208 -0.303582 -0.063094 0.183725 -0.447859 -0.106225 0.308766 -0.546905 -0.177525 0.404646 -0.199223 -0.353992 0.467695 -0.218325 -0.374099 0.601906 -0.216144 -0.290910 0.683564 -0.035512 -0.176102 0.458281 -0.034231 -0.108441 0.605063 -0.056513 0.025831 0.594382 0.023292 -0.098643 0.388615 0.002385 -0.011236 0.510737 -0.023173 0.119860 0.490033 0.065404 -0.072580 0.325471 0.026838 -0.007719 0.419264 -0.027001 0.077973 0.364845 
0.000000 0.000000 0.000000 -0.070921 0.014428 -0.019647 -0.214896 -0.309405 0.222213 -0.080606 -0.278767 0.227879 0.015874 -0.233057 0.210900 0.091787 -0.186175 0.187843 -0.313362 -0.043344 0.169380 -0.465065 -0.079494 0.287662 -0.581836 -0.140085 0.370002 -0.275017 -0.353001 0.436467 -0.311352 -0.379349 0.565957 -0.313283 -0.306090 0.656634 -0.100313 -0.229002 0.459416 -0.113717 -0.195155 0.616894 -0.120958 -0.063074 0.650681 -0.014284 -0.140576 0.398653 -0.035909 -0.074262 0.533285 -0.045891 0.060405 0.539044 0.041227 -0.112134 0.338003 0.006426 -0.061169 0.441360 -0.038716 0.038087 0.405119 
0.000000 0.000000 0.000000 -0.066646 0.024994 -0.023610 -0.270512 -0.288712 0.186436 -0.134209 -0.277014 0.203441 -0.031514 -0.244036 0.196213 0.051487 -0.206768 0.181569 -0.325697 -0.012865 0.147580 -0.487794 -0.036554 0.254700 -0.620334 -0.080455 0.322468 -0.383299 -0.347431 0.374190 -0.451464 -0.382918 0.487664 -0.467232 -0.326338 0.588377 -0.199887 -0.289045 0.431512 -0.244557 -0.297228 0.586632 -0.249225 -0.181232 0.658482 -0.084288 -0.192459 0.394376 -0.122131 -0.155475 0.536471 -0.121356 -0.024270 0.568915 -0.006640 -0.142723 0.333574 -0.046650 -0.098639 0.438203 -0.078346 0.008310 0.410625 
0.000000 0.000000 0.000000 -0.060395 0.034482 -0.028059 -0.320231 -0.266270 0.133577 -0.186181 -0.272388 0.165164 -0.080251 -0.251657 0.171099 0.007530 -0.223771 0.168050 -0.335776 0.017923 0.119377 -0.508091 0.007562 0.211633 -0.650595 -0.018026 0.267533 -0.473680 -0.319703 0.291750 -0.566420 -0.351996 0.387345 -0.600039 -0.308494 0.490157 -0.300675 -0.318799 0.368170 -0.378547 -0.350365 0.506242 -0.394502 -0.250398 0.597846 -0.163942 -0.235894 0.364648 -0.223954 -0.224592 0.503434 -0.225014 -0.104221 0.564897 -0.065995 -0.177114 0.319719 -0.116604 -0.144999 0.424115 -0.142499 -0.033050 0.424384 
0.000000 0.000000 0.000000 -0.054138 0.041459 -0.031210 -0.349067 -0.256855 0.058888 -0.221010 -0.275647 0.106351 -0.115889 -0.263033 0.128178 -0.027132 -0.241079 0.139699 -0.344748 0.041339 0.084514 -0.526593 0.041264 0.156927 -0.672434 0.020205 0.205647 -0.530326 -0.295814 0.189454 -0.639874 -0.319360 0.268365 -0.683869 -0.279441 0.368684 -0.374901 -0.336723 0.276826 -0.479568 -0.378264 0.392773 -0.508829 -0.295467 0.497309 -0.235275 -0.269510 0.302587 -0.320882 -0.274155 0.427650 -0.331535 -0.169662 0.512713 -0.121227 -0.216128 0.284992 -0.185994 -0.198953 0.384999 -0.212298 -0.088907 0.405025 
0.000000 0.000000 0.000000 -0.049646 0.047657 -0.029799 -0.360143 -0.247897 -0.011595 -0.237930 -0.278492 0.044373 -0.135147 -0.273454 0.077487 -0.047375 -0.257045 0.100273 -0.351213 0.058162 0.052620 -0.539915 0.064734 0.104192 -0.686419 0.037547 0.147599 -0.557042 -0.288719 0.093211 -0.676042 -0.313390 0.156554 -0.727604 -0.283114 0.256643 -0.411314 -0.350424 0.190106 -0.529239 -0.399348 0.289226 -0.567019 -0.328797 0.399836 -0.268409 -0.288070 0.241014 -0.363966 -0.298551 0.358274 -0.371011 -0.199379 0.449835 -0.155062 -0.237736 0.236717 -0.229185 -0.224445 0.330634 -0.244496 -0.112915 0.353650 
0.000000 0.000000 0.000000 -0.046277 0.051511 -0.028791 -0.365504 -0.234064 -0.053955 -0.248029 -0.273082 0.006723 -0.147473 -0.274128 0.046390 -0.060910 -0.262520 0.075792 -0.351814 0.079420 0.032156 -0.542999 0.096883 0.070293 -0.692678 0.073594 0.104068 -0.576771 -0.270405 0.019978 -0.704454 -0.292368 0.064660 -0.773809 -0.276263 0.156984 -0.432498 -0.354324 0.132601 -0.557963 -0.409580 0.218216 -0.608830 -0.352704 0.331428 -0.293209 -0.293879 0.198326 -0.397711 -0.308042 0.307273 -0.397277 -0.208073 0.398235 -0.176146 -0.243878 0.206020 -0.255465 -0.231047 0.295658 -0.261933 -0.119126 0.320859 
0.000000 0.000000 0.000000 -0.043698 0.053711 -0.028802 -0.364384 -0.224884 -0.089116 -0.251483 -0.268970 -0.023433 -0.153649 -0.273753 0.022302 -0.068967 -0.265132 0.057616 -0.352404 0.087152 0.008997 -0.545572 0.108078 0.032650 -0.697900 0.086213 0.052771 -0.581299 -0.260332 -0.033333 -0.712396 -0.281757 0.000380 -0.793083 -0.274574 0.084232 -0.442513 -0.351360 0.091430 -0.572441 -0.407398 0.169553 -0.626613 -0.351996 0.281960 -0.307514 -0.292545 0.166128 -0.417845 -0.306020 0.269261 -0.410912 -0.205720 0.359593 -0.189700 -0.243551 0.182292 -0.272803 -0.228695 0.268108 -0.270912 -0.116671 0.293607 
0.000000 0.000000 0.000000 -0.041184 0.054729 -0.030536 -0.361747 -0.218222 -0.113175 -0.253490 -0.264845 -0.041682 -0.158555 -0.271689 0.009569 -0.075954 -0.264797 0.049844 -0.351190 0.094027 -0.016448 -0.545171 0.118618 -0.007632 -0.698229 0.094919 0.002297 -0.582170 -0.246509 -0.068079 -0.715388 -0.263605 -0.040825 -0.796979 -0.256013 0.042112 -0.450583 -0.339746 0.067947 -0.584634 -0.390690 0.142509 -0.630479 -0.325396 0.253298 -0.317021 -0.282006 0.149197 -0.430650 -0.289405 0.249319 -0.409382 -0.184208 0.331474 -0.200290 -0.235763 0.169360 -0.285872 -0.215778 0.251625 -0.272158 -0.103697 0.272909 
0.000000 0.000000 0.000000 -0.039169 0.056397 -0.030152 -0.363094 -0.207211 -0.128518 -0.257831 -0.258044 -0.055441 -0.164489 -0.268302 -0.001885 -0.082885 -0.264276 0.040740 -0.346926 0.112329 -0.028359 -0.541603 0.132450 -0.025633 -0.694822 0.108550 -0.019342 -0.584715 -0.228606 -0.085549 -0.718657 -0.241536 -0.059580 -0.793292 -0.229560 0.029186 -0.457750 -0.324762 0.054356 -0.593724 -0.370139 0.129034 -0.624150 -0.295811 0.239437 -0.322350 -0.269559 0.138799 -0.435546 -0.270461 0.239679 -0.395787 -0.164391 0.313411 -0.206929 -0.227800 0.158505 -0.292312 -0.202694 0.239566 -0.263957 -0.092600 0.256255 
0.000000 0.000000 0.000000 -0.037721 0.058015 -0.028900 -0.364796 -0.196459 -0.140065 -0.261524 -0.251459 -0.067163 -0.169168 -0.265081 -0.012657 -0.088134 -0.263874 0.031211 -0.342683 0.127134 -0.037095 -0.536985 0.150708 -0.038626 -0.689801 0.124498 -0.031758 -0.586732 -0.208905 -0.095237 -0.720864 -0.216427 -0.068145 -0.783909 -0.199967 0.028538 -0.460904 -0.310914 0.047672 -0.596511 -0.351351 0.125776 -0.611446 -0.270144 0.234504 -0.324613 -0.260077 0.130610 -0.436077 -0.256489 0.233341 -0.379925 -0.155127 0.302917 -0.209941 -0.221822 0.149452 -0.293783 -0.192876 0.230839 -0.252324 -0.086476 0.243617 
0.000000 0.000000 0.000000 -0.036846 0.058959 -0.028109 -0.364916 -0.190045 -0.148357 -0.263016 -0.247526 -0.075440 -0.171434 -0.263153 -0.020170 -0.090913 -0.263626 0.024645 -0.341974 0.126454 -0.041808 -0.532903 0.168687 -0.050379 -0.683701 0.133463 -0.040076 -0.586136 -0.195896 -0.098885 -0.719835 -0.199432 -0.068985 -0.767829 -0.179933 0.035464 -0.460525 -0.301517 0.045181 -0.594860 -0.338238 0.127220 -0.596073 -0.252636 0.233569 -0.323840 -0.252677 0.126036 -0.433124 -0.245165 0.230876 -0.366234 -0.147648 0.296328 -0.210441 -0.217461 0.143675 -0.292715 -0.185685 0.225605 -0.241414 -0.083164 0.233399 
0.000000 0.000000 0.000000 -0.036901 0.059308 -0.027290 -0.362775 -0.188903 -0.154919 -0.261193 -0.247279 -0.082269 -0.169989 -0.263524 -0.026556 -0.089832 -0.264469 0.018902 -0.340321 0.130607 -0.053727 -0.532806 0.163599 -0.066856 -0.678030 0.110500 -0.053544 -0.582795 -0.190981 -0.100079 -0.715768 -0.192237 -0.066934 -0.743555 -0.171840 0.044443 -0.453725 -0.301798 0.045925 -0.584673 -0.338879 0.133115 -0.577844 -0.248686 0.235379 -0.316757 -0.250630 0.125124 -0.421998 -0.241385 0.233888 -0.348545 -0.145528 0.294586 -0.205218 -0.214401 0.140416 -0.284639 -0.179937 0.224057 -0.223295 -0.082778 0.224415 
0.000000 0.000000 0.000000 -0.037968 0.058501 -0.027567 -0.357371 -0.196691 -0.157763 -0.255112 -0.252869 -0.084335 -0.164012 -0.267146 -0.027917 -0.084209 -0.266365 0.018163 -0.344822 0.111536 -0.057132 -0.536832 0.144722 -0.075631 -0.672855 0.072096 -0.058024 -0.576549 -0.201038 -0.099780 -0.709015 -0.203665 -0.064736 -0.724399 -0.181501 0.048689 -0.442371 -0.312363 0.049340 -0.569733 -0.352827 0.140258 -0.567749 -0.258884 0.239304 -0.304856 -0.255109 0.129347 -0.405849 -0.246478 0.242115 -0.331140 -0.146630 0.294238 -0.197296 -0.214538 0.141092 -0.275136 -0.178866 0.225707 -0.207387 -0.086379 0.218005 
0.000000 0.000000 0.000000 -0.040855 0.055998 -0.028618 -0.350315 -0.216429 -0.147405 -0.244761 -0.266023 -0.073899 -0.152415 -0.274733 -0.018379 -0.072148 -0.269185 0.026554 -0.350494 0.092393 -0.054022 -0.544246 0.115166 -0.069918 -0.669451 0.026931 -0.044913 -0.568618 -0.225597 -0.086742 -0.700554 -0.231137 -0.050079 -0.705012 -0.204011 0.063224 -0.424727 -0.329878 0.067555 -0.547129 -0.373309 0.163763 -0.552661 -0.277104 0.260476 -0.284591 -0.260611 0.146071 -0.379369 -0.250484 0.263992 -0.310020 -0.141676 0.304234 -0.181096 -0.212837 0.151220 -0.256087 -0.174052 0.237030 -0.186371 -0.084540 0.218857 
0.000000 0.000000 0.000000 -0.042733 0.053605 -0.030402 -0.341960 -0.233178 -0.141355 -0.234930 -0.276709 -0.066160 -0.142500 -0.280420 -0.010223 -0.062617 -0.270644 0.034671 -0.354050 0.074845 -0.052240 -0.548852 0.088136 -0.065906 -0.664266 -0.011540 -0.037080 -0.558402 -0.248632 -0.075518 -0.689213 -0.257972 -0.035728 -0.687374 -0.225720 0.076297 -0.409263 -0.343863 0.080716 -0.527834 -0.389538 0.180613 -0.535975 -0.291700 0.275486 -0.269690 -0.267246 0.158190 -0.360892 -0.257800 0.278952 -0.295029 -0.144501 0.312019 -0.170747 -0.213839 0.159840 -0.245175 -0.174739 0.245996 -0.175615 -0.087071 0.219941 
0.000000 0.000000 0.000000 -0.045112 0.050432 -0.032334 -0.329173 -0.254155 -0.135427 -0.220632 -0.289925 -0.058332 -0.128499 -0.287282 -0.001845 -0.049488 -0.272147 0.043105 -0.357211 0.055539 -0.052683 -0.552503 0.058735 -0.065415 -0.659200 -0.050131 -0.036251 -0.543915 -0.278387 -0.066732 -0.673699 -0.293033 -0.025214 -0.671600 -0.257161 0.085700 -0.384792 -0.360349 0.098404 -0.496445 -0.408247 0.205007 -0.506944 -0.306881 0.295859 -0.260257 -0.290949 0.163503 -0.335482 -0.255546 0.290305 -0.272505 -0.137840 0.311459 -0.156486 -0.212570 0.167958 -0.230135 -0.171562 0.253897 -0.158962 -0.088876 0.217835 
0.000000 0.000000 0.000000 -0.048185 0.046187 -0.034189 -0.312474 -0.279475 -0.124675 -0.201924 -0.305295 -0.046466 -0.110161 -0.294647 0.009680 -0.032275 -0.272820 0.053837 -0.359837 0.025918 -0.051743 -0.554849 0.013235 -0.062727 -0.651600 -0.104007 -0.031414 -0.524114 -0.316747 -0.052291 -0.652023 -0.339272 -0.008543 -0.653186 -0.300380 0.101362 -0.357449 -0.379482 0.117189 -0.463227 -0.429940 0.228497 -0.479889 -0.325782 0.315173 -0.239273 -0.297312 0.177122 -0.316045 -0.261604 0.302906 -0.260284 -0.139167 0.315867 -0.142119 -0.215053 0.177058 -0.217727 -0.175291 0.261874 -0.149852 -0.092685 0.219775 
0.000000 0.000000 0.000000 -0.050078 0.042146 -0.036604 -0.293185 -0.301212 -0.120847 -0.182928 -0.317947 -0.039805 -0.093088 -0.300118 0.017614 -0.017505 -0.272338 0.062424 -0.359735 0.001072 -0.053093 -0.553498 -0.024630 -0.063410 -0.640746 -0.149010 -0.031721 -0.501038 -0.349847 -0.044349 -0.626658 -0.379242 0.001885 -0.630949 -0.338571 0.111067 -0.329512 -0.397069 0.129686 -0.429209 -0.450884 0.244964 -0.451235 -0.344835 0.328077 -0.222716 -0.313749 0.184121 -0.294611 -0.266298 0.308902 -0.244847 -0.140826 0.315868 -0.130049 -0.215514 0.183630 -0.207516 -0.176400 0.267059 -0.142703 -0.094207 0.219660 
0.000000 0.000000 0.000000 -0.053560 0.037715 -0.036508 -0.274714 -0.323236 -0.106495 -0.161901 -0.330400 -0.027586 -0.072279 -0.305084 0.027305 0.002188 -0.271133 0.069665 -0.359093 -0.028650 -0.046086 -0.550275 -0.070176 -0.052080 -0.624909 -0.201717 -0.017242 -0.475845 -0.385925 -0.022611 -0.597404 -0.423813 0.028086 -0.602840 -0.380849 0.136334 -0.296434 -0.411083 0.150923 -0.387936 -0.465959 0.272334 -0.414606 -0.357508 0.350861 -0.196150 -0.321961 0.197848 -0.266471 -0.270950 0.322120 -0.225536 -0.142140 0.321600 -0.110701 -0.215194 0.190964 -0.188404 -0.176690 0.274456 -0.129549 -0.094128 0.220394 
0.000000 0.000000 0.000000 -0.057283 0.030897 -0.037255 -0.246250 -0.351357 -0.084848 -0.132044 -0.344440 -0.007948 -0.044214 -0.308498 0.043822 0.027556 -0.265952 0.082954 -0.354990 -0.064758 -0.029095 -0.541276 -0.124614 -0.023988 -0.599587 -0.262252 0.017754 -0.436971 -0.428242 0.010726 -0.552237 -0.474709 0.068489 -0.557349 -0.428742 0.175512 -0.249825 -0.428654 0.180492 -0.329932 -0.485933 0.308658 -0.363500 -0.376624 0.383252 -0.157422 -0.331627 0.220916 -0.224238 -0.275482 0.344909 -0.196812 -0.143354 0.337302 -0.084556 -0.213275 0.206414 -0.161726 -0.177016 0.291393 -0.114069 -0.092299 0.230116 
0.000000 0.000000 0.000000 -0.060849 0.023066 -0.037273 -0.209533 -0.378508 -0.064170 -0.095349 -0.356300 0.009813 -0.010875 -0.309128 0.058031 0.056717 -0.257634 0.093697 -0.344723 -0.105321 -0.009371 -0.522353 -0.185658 0.008088 -0.557660 -0.328105 0.058575 -0.383012 -0.473588 0.046668 -0.487858 -0.531051 0.113656 -0.491942 -0.481710 0.219211 -0.192598 -0.445766 0.207330 -0.258741 -0.506615 0.341669 -0.299787 -0.398547 0.414304 -0.109155 -0.342259 0.242305 -0.173305 -0.281954 0.365751 -0.162654 -0.148045 0.350816 -0.053768 -0.210244 0.220715 -0.129816 -0.177625 0.308145 -0.095620 -0.091937 0.239652 
0.000000 0.000000 0.000000 -0.064427 0.011231 -0.036700 -0.156811 -0.407576 -0.024137 -0.044861 -0.363665 0.043271 0.033535 -0.301417 0.084079 0.094284 -0.238297 0.112677 -0.324782 -0.152018 0.021707 -0.487694 -0.254170 0.058254 -0.497313 -0.395594 0.121449 -0.305679 -0.516546 0.107711 -0.395652 -0.582405 0.187396 -0.398769 -0.526905 0.289880 -0.115578 -0.447610 0.254048 -0.163676 -0.504704 0.397406 -0.213227 -0.397379 0.465710 -0.044871 -0.338347 0.276958 -0.109665 -0.273055 0.397497 -0.122063 -0.140896 0.372036 -0.015539 -0.196692 0.242269 -0.091133 -0.168054 0.331470 -0.075982 -0.084773 0.253766 
0.000000 0.000000 0.000000 -0.065122 -0.000790 -0.037180 -0.098819 -0.425947 0.009714 0.005548 -0.361671 0.072805 0.074324 -0.286086 0.108060 0.125580 -0.213068 0.131159 -0.294930 -0.191574 0.055750 -0.438729 -0.310954 0.113900 -0.423712 -0.446105 0.188703 -0.217443 -0.539054 0.166415 -0.289136 -0.607413 0.261121 -0.291212 -0.546310 0.360394 -0.038455 -0.433746 0.294939 -0.068384 -0.482768 0.446021 -0.125941 -0.376766 0.509976 0.018038 -0.314649 0.309876 -0.047285 -0.250230 0.430598 -0.084132 -0.125056 0.395359 0.018808 -0.174551 0.264210 -0.054686 -0.148039 0.355791 -0.060034 -0.070632 0.271041 
0.000000 0.000000 0.000000 -0.064893 -0.009860 -0.036272 -0.051089 -0.433163 0.032402 0.045974 -0.354638 0.090859 0.106222 -0.270235 0.121394 0.149256 -0.190931 0.140139 -0.269301 -0.219768 0.073282 -0.397207 -0.351114 0.141834 -0.364904 -0.480096 0.221877 -0.149647 -0.549991 0.199906 -0.209213 -0.620599 0.301141 -0.213468 -0.557392 0.399019 0.018301 -0.414173 0.319254 -0.000520 -0.454664 0.474595 -0.067888 -0.350635 0.531856 0.062238 -0.294761 0.326766 -0.007553 -0.226880 0.443007 -0.059831 -0.109839 0.400153 0.041572 -0.155686 0.273361 -0.032550 -0.131426 0.365060 -0.049517 -0.062256 0.274889 
0.000000 0.000000 0.000000 -0.062132 -0.017357 -0.038240 -0.009892 -0.434850 0.045804 0.076661 -0.345321 0.104946 0.127140 -0.254461 0.134653 0.161465 -0.170745 0.152139 -0.246979 -0.241180 0.078298 -0.362644 -0.381234 0.151220 -0.318159 -0.503966 0.235153 -0.097547 -0.552022 0.219031 -0.150524 -0.622838 0.323724 -0.161879 -0.556987 0.419264 0.054127 -0.391958 0.336876 0.038801 -0.423677 0.494621 -0.038439 -0.321904 0.542740 0.086552 -0.275446 0.341113 0.008113 -0.204789 0.449952 -0.053576 -0.096425 0.397802 0.054667 -0.146655 0.288522 -0.028725 -0.115776 0.369660 -0.048560 -0.054078 0.274775 
0.000000 0.000000 0.000000 -0.059571 -0.022700 -0.039495 0.019794 -0.433209 0.056816 0.097945 -0.336285 0.116001 0.140908 -0.241339 0.144730 0.168639 -0.154972 0.160983 -0.229995 -0.254346 0.083558 -0.336636 -0.399294 0.160558 -0.283978 -0.516206 0.247998 -0.061848 -0.549219 0.233724 -0.111191 -0.619333 0.340642 -0.127178 -0.553236 0.435345 0.075323 -0.376305 0.349156 0.059937 -0.403524 0.507734 -0.023212 -0.304121 0.550681 0.105925 -0.263588 0.352082 0.021321 -0.191396 0.455142 -0.046695 -0.089244 0.398513 0.070662 -0.146472 0.305602 -0.023286 -0.107330 0.369890 -0.046031 -0.050783 0.272482 
0.000000 0.000000 0.000000 -0.057224 -0.025661 -0.041119 0.036888 -0.431382 0.061960 0.108787 -0.330576 0.122566 0.146613 -0.233571 0.151642 0.170006 -0.145922 0.167856 -0.220021 -0.261296 0.084657 -0.321889 -0.408740 0.163360 -0.264748 -0.521207 0.253765 -0.042931 -0.544751 0.241394 -0.091171 -0.613268 0.349839 -0.110746 -0.548100 0.444512 0.085408 -0.368192 0.356046 0.069507 -0.393777 0.514845 -0.016678 -0.296013 0.555509 0.111657 -0.252018 0.359371 0.024478 -0.181010 0.461099 -0.047043 -0.082700 0.402040 0.076642 -0.142240 0.315693 -0.020991 -0.101265 0.372967 -0.046051 -0.047585 0.274512 
0.000000 0.000000 0.000000 -0.056092 -0.026957 -0.041843 0.043053 -0.430177 0.066214 0.112234 -0.327680 0.127147 0.147943 -0.229817 0.156023 0.169593 -0.141657 0.171879 -0.216201 -0.264878 0.083077 -0.316387 -0.413753 0.161245 -0.257855 -0.524571 0.252788 -0.037759 -0.543350 0.245327 -0.086600 -0.611748 0.353578 -0.107930 -0.547545 0.448531 0.085274 -0.361792 0.360779 0.066938 -0.384993 0.519682 -0.021316 -0.287988 0.557637 0.109853 -0.248742 0.363157 0.019971 -0.180013 0.464095 -0.052262 -0.083292 0.403306 0.072748 -0.137791 0.317455 -0.026046 -0.099642 0.374689 -0.050558 -0.047582 0.275230 
0.000000 0.000000 0.000000 -0.056352 -0.026520 -0.041774 0.039273 -0.430445 0.066820 0.109393 -0.328477 0.127567 0.145983 -0.230893 0.156281 0.168423 -0.142904 0.171997 -0.218529 -0.262576 0.084012 -0.320010 -0.410285 0.162721 -0.262231 -0.521615 0.254121 -0.041699 -0.542386 0.246633 -0.090637 -0.610040 0.355308 -0.110917 -0.546126 0.450685 0.081718 -0.363881 0.360923 0.062894 -0.387960 0.519638 -0.024445 -0.290143 0.557624 0.104944 -0.247864 0.363021 0.016386 -0.179490 0.465360 -0.054187 -0.081536 0.404595 0.072281 -0.138251 0.318015 -0.026102 -0.099196 0.375346 -0.050191 -0.047300 0.275698 
0.000000 0.000000 0.000000 -0.057788 -0.025216 -0.040602 0.029519 -0.431069 0.067810 0.103354 -0.330715 0.126819 0.142960 -0.233998 0.154447 0.167932 -0.146558 0.169384 -0.223842 -0.258224 0.085810 -0.327748 -0.404024 0.164910 -0.272093 -0.517147 0.255423 -0.051949 -0.540979 0.248650 -0.101187 -0.607406 0.357944 -0.120222 -0.543134 0.453337 0.076238 -0.363701 0.360594 0.057796 -0.386137 0.519595 -0.026758 -0.285974 0.557771 0.100273 -0.248828 0.361018 0.014427 -0.178010 0.464003 -0.052579 -0.077380 0.403574 0.069099 -0.137074 0.313357 -0.027062 -0.098154 0.374429 -0.050241 -0.045800 0.274805 
0.000000 0.000000 0.000000 -0.058198 -0.024399 -0.040517 0.023954 -0.431507 0.067218 0.099227 -0.332211 0.126202 0.140162 -0.236061 0.153870 0.166317 -0.148978 0.168864 -0.227794 -0.254353 0.086781 -0.333916 -0.398243 0.166436 -0.283214 -0.515146 0.255036 -0.057978 -0.540036 0.248681 -0.107495 -0.605629 0.358352 -0.125809 -0.541248 0.453813 0.071703 -0.365407 0.359900 0.052983 -0.387986 0.518848 -0.028648 -0.285553 0.557362 0.097651 -0.255662 0.360080 0.012277 -0.181873 0.461357 -0.051278 -0.078282 0.402217 0.068017 -0.138379 0.313125 -0.027855 -0.097711 0.373506 -0.050943 -0.044889 0.274108 
0.000000 0.000000 0.000000 -0.058663 -0.023452 -0.040405 0.016459 -0.431731 0.068025 0.093528 -0.333659 0.126734 0.136175 -0.238189 0.154170 0.163871 -0.151549 0.168968 -0.234673 -0.246385 0.090619 -0.344809 -0.385881 0.172607 -0.306466 -0.509032 0.258922 -0.064815 -0.537194 0.251580 -0.113935 -0.600932 0.362516 -0.131552 -0.537009 0.458415 0.064792 -0.364835 0.360564 0.045247 -0.386039 0.519602 -0.031802 -0.280281 0.558563 0.092478 -0.258331 0.360079 0.007983 -0.179992 0.458641 -0.053052 -0.073431 0.402184 0.065616 -0.138846 0.313089 -0.029410 -0.097091 0.374062 -0.053450 -0.043596 0.275251 
0.000000 0.000000 0.000000 -0.059719 -0.023146 -0.039010 0.007145 -0.429961 0.079831 0.087264 -0.332180 0.134828 0.132505 -0.237039 0.159063 0.162428 -0.150713 0.171097 -0.241789 -0.236316 0.099753 -0.355717 -0.369704 0.186582 -0.336106 -0.496769 0.273512 -0.073317 -0.530280 0.266598 -0.121946 -0.590910 0.379475 -0.141034 -0.526372 0.474678 0.055551 -0.358605 0.368858 0.033982 -0.376578 0.528032 -0.038559 -0.267212 0.565666 0.083983 -0.253682 0.364203 -0.001207 -0.170677 0.458244 -0.060431 -0.062271 0.403392 0.062154 -0.133523 0.313350 -0.031987 -0.091864 0.375747 -0.058303 -0.038673 0.277353 
0.000000 0.000000 0.000000 -0.062013 -0.022844 -0.035446 -0.004430 -0.425498 0.101103 0.081170 -0.328118 0.147944 0.130605 -0.233611 0.165573 0.163945 -0.147945 0.172063 -0.247027 -0.228295 0.110862 -0.362796 -0.356853 0.202412 -0.356468 -0.482059 0.293902 -0.081748 -0.520863 0.291754 -0.128476 -0.578498 0.406978 -0.149347 -0.512338 0.500681 0.050584 -0.348478 0.382730 0.029781 -0.362325 0.542417 -0.039444 -0.250347 0.578587 0.078112 -0.242627 0.370212 -0.005658 -0.155808 0.462059 -0.063637 -0.045629 0.409457 0.060279 -0.124915 0.311021 -0.026070 -0.093118 0.388635 -0.060874 -0.038552 0.293691 
0.000000 0.000000 0.000000 -0.064292 -0.022526 -0.031353 -0.015514 -0.418031 0.127669 0.075541 -0.321391 0.164738 0.129110 -0.227988 0.174352 0.165800 -0.143453 0.174076 -0.253390 -0.217552 0.123737 -0.371715 -0.339587 0.220783 -0.374868 -0.458816 0.320087 -0.090581 -0.506476 0.322509 -0.135949 -0.559930 0.440265 -0.159116 -0.491243 0.531581 0.043920 -0.332608 0.400002 0.022413 -0.340237 0.560013 -0.044002 -0.225599 0.592974 0.073630 -0.232833 0.378342 -0.010122 -0.142977 0.467237 -0.067261 -0.031885 0.415647 0.060712 -0.113891 0.310710 -0.011622 -0.093542 0.404758 -0.057428 -0.037305 0.315638 
0.000000 0.000000 0.000000 -0.065685 -0.022668 -0.028204 -0.028882 -0.404119 0.164755 0.066456 -0.308232 0.191608 0.123694 -0.216527 0.191995 0.163545 -0.133862 0.183590 -0.261659 -0.202547 0.136369 -0.384287 -0.315103 0.239348 -0.403025 -0.425666 0.346640 -0.103305 -0.481774 0.364382 -0.148284 -0.528708 0.485031 -0.175653 -0.456561 0.572432 0.032294 -0.304407 0.426752 0.009059 -0.301806 0.586683 -0.055191 -0.184274 0.613093 0.064686 -0.211402 0.394986 -0.021338 -0.115436 0.474869 -0.079411 -0.006236 0.420361 0.065212 -0.103262 0.324943 -0.002472 -0.082200 0.422239 -0.057447 -0.026829 0.337889 
0.000000 0.000000 0.000000 -0.067279 -0.020879 -0.025719 -0.050168 -0.387491 0.196529 0.050968 -0.295616 0.214827 0.113465 -0.207722 0.207421 0.157959 -0.128482 0.192126 -0.273104 -0.180845 0.147178 -0.401896 -0.280941 0.255366 -0.442186 -0.382831 0.365284 -0.124847 -0.456722 0.399138 -0.169981 -0.498564 0.521589 -0.201085 -0.426700 0.607967 0.012462 -0.281859 0.448927 -0.013727 -0.272503 0.608147 -0.075246 -0.152695 0.630529 0.053089 -0.185815 0.408887 -0.029177 -0.089938 0.492736 -0.087838 0.018393 0.437137 0.066952 -0.094912 0.337650 0.004310 -0.071806 0.437817 -0.056592 -0.016211 0.357796 
0.000000 0.000000 0.000000 -0.068319 -0.018665 -0.024658 -0.072597 -0.370168 0.221349 0.033598 -0.283196 0.234112 0.101034 -0.199687 0.221277 0.150014 -0.124295 0.201041 -0.284586 -0.154116 0.156250 -0.419913 -0.238871 0.269451 -0.489066 -0.329176 0.375043 -0.150102 -0.432918 0.425005 -0.196944 -0.470842 0.548089 -0.232343 -0.404860 0.637456 -0.011191 -0.261365 0.466474 -0.041654 -0.246517 0.624512 -0.099967 -0.124704 0.644523 0.035514 -0.154584 0.417202 -0.039452 -0.061183 0.510192 -0.095240 0.048304 0.453904 0.064896 -0.083504 0.348273 0.006308 -0.055427 0.449616 -0.057933 0.000382 0.372405 
0.000000 0.000000 0.000000 -0.069283 -0.015122 -0.024395 -0.097634 -0.355725 0.234984 0.013964 -0.275427 0.245117 0.086773 -0.197056 0.229533 0.140668 -0.125864 0.206741 -0.293903 -0.126833 0.162454 -0.434455 -0.196734 0.279373 -0.529902 -0.274302 0.374030 -0.179103 -0.420044 0.436592 -0.228340 -0.458917 0.558439 -0.268782 -0.410572 0.656523 -0.033904 -0.250589 0.476560 -0.066461 -0.233696 0.633974 -0.124000 -0.111748 0.655360 0.005534 -0.110930 0.404737 -0.052719 -0.049173 0.530369 -0.106671 0.064455 0.480912 0.061603 -0.084427 0.357133 0.007181 -0.055904 0.460651 -0.060633 0.003848 0.389700 
0.000000 0.000000 0.000000 -0.069253 -0.011207 -0.026501 -0.125266 -0.348436 0.232791 -0.009578 -0.274668 0.246177 0.068089 -0.200701 0.232657 0.126691 -0.132842 0.211361 -0.300688 -0.104113 0.162319 -0.445504 -0.162248 0.280470 -0.555012 -0.227732 0.368826 -0.215813 -0.417700 0.428810 -0.270537 -0.459561 0.547280 -0.315529 -0.435047 0.652008 -0.064321 -0.260464 0.476993 -0.101554 -0.250804 0.633980 -0.157589 -0.130600 0.666393 -0.009927 -0.126134 0.414500 -0.065869 -0.072665 0.544893 -0.115984 0.049155 0.514618 0.051812 -0.096908 0.365271 0.000272 -0.072173 0.471210 -0.069324 -0.003580 0.410757 
0.000000 0.000000 0.000000 -0.068342 -0.006922 -0.030088 -0.159974 -0.337286 0.227896 -0.040566 -0.271091 0.246985 0.042391 -0.202476 0.237177 0.106361 -0.138787 0.218624 -0.309359 -0.078768 0.155910 -0.460173 -0.123723 0.272295 -0.580053 -0.175735 0.356022 -0.263009 -0.412994 0.415172 -0.325280 -0.458749 0.528357 -0.375780 -0.442151 0.632123 -0.105979 -0.270904 0.475448 -0.150469 -0.270777 0.630835 -0.201062 -0.151147 0.672888 -0.034956 -0.145104 0.425431 -0.090418 -0.103964 0.560421 -0.137077 0.022598 0.551871 0.030813 -0.104596 0.372604 -0.021187 -0.081062 0.478592 -0.090179 -0.003030 0.430071 
0.000000 0.000000 0.000000 -0.067139 -0.004682 -0.033081 -0.183577 -0.327013 0.225060 -0.062578 -0.265313 0.248657 0.023439 -0.200208 0.241689 0.090698 -0.139411 0.225188 -0.316080 -0.056773 0.149020 -0.471852 -0.089368 0.262967 -0.601265 -0.128140 0.339360 -0.303853 -0.404269 0.401087 -0.376545 -0.450961 0.507472 -0.435112 -0.439395 0.607618 -0.140808 -0.276293 0.472786 -0.194015 -0.283761 0.625225 -0.246723 -0.167768 0.674285 -0.058712 -0.155191 0.431263 -0.117619 -0.122910 0.567199 -0.163547 0.003941 0.575424 0.012712 -0.102479 0.377307 -0.040968 -0.077058 0.482014 -0.110559 0.006167 0.444148 
0.000000 0.000000 0.000000 -0.066598 -0.001800 -0.034429 -0.203883 -0.315055 0.224639 -0.080521 -0.259038 0.250106 0.008696 -0.198276 0.244248 0.079167 -0.141016 0.228513 -0.321147 -0.041979 0.142875 -0.480428 -0.067120 0.253820 -0.615718 -0.097403 0.323579 -0.329601 -0.395778 0.395223 -0.405581 -0.444564 0.498320 -0.467811 -0.438688 0.596737 -0.167354 -0.269294 0.471080 -0.226412 -0.276271 0.621373 -0.280621 -0.163266 0.675509 -0.075442 -0.157773 0.433969 -0.135774 -0.128729 0.570011 -0.182316 -0.002812 0.585719 -0.001758 -0.100247 0.378096 -0.057461 -0.072185 0.481057 -0.126255 0.013177 0.446648 
0.000000 0.000000 0.000000 -0.065336 -0.000729 -0.036805 -0.220739 -0.304174 0.223702 -0.096833 -0.251032 0.252475 -0.005770 -0.192907 0.248596 0.066824 -0.137985 0.234234 -0.322960 -0.027706 0.138547 -0.484165 -0.044587 0.248270 -0.622456 -0.066227 0.315309 -0.353752 -0.385299 0.388463 -0.434141 -0.434329 0.488041 -0.500756 -0.435357 0.583721 -0.195116 -0.263961 0.468456 -0.261962 -0.272755 0.615353 -0.317972 -0.163369 0.674825 -0.096992 -0.156735 0.435902 -0.162403 -0.130797 0.570213 -0.209034 -0.006426 0.595221 -0.018188 -0.096402 0.381306 -0.076703 -0.067780 0.482539 -0.144865 0.019919 0.453114 
0.000000 0.000000 0.000000 -0.065971 0.001381 -0.035635 -0.227167 -0.295210 0.229208 -0.100989 -0.246296 0.255494 -0.008038 -0.191408 0.249689 0.066157 -0.139126 0.233748 -0.322247 -0.011743 0.143240 -0.482608 -0.019956 0.255169 -0.622276 -0.032066 0.321750 -0.363182 -0.380088 0.389570 -0.445386 -0.431385 0.486488 -0.513482 -0.435322 0.581042 -0.198518 -0.270453 0.470851 -0.264851 -0.286883 0.617325 -0.323984 -0.189706 0.692818 -0.096004 -0.163279 0.439911 -0.159081 -0.143109 0.576312 -0.209080 -0.025075 0.619163 -0.013609 -0.094079 0.382726 -0.068514 -0.063072 0.485270 -0.143284 0.022999 0.470973 
0.000000 0.000000 0.000000 -0.065057 0.000771 -0.037295 -0.230625 -0.296317 0.224274 -0.105530 -0.246355 0.253594 -0.012885 -0.190767 0.249976 0.061287 -0.137959 0.235759 -0.321694 -0.004855 0.141456 -0.482280 -0.008375 0.253308 -0.624008 -0.014143 0.316290 -0.370535 -0.386942 0.378002 -0.455093 -0.441714 0.470911 -0.524573 -0.453988 0.563728 -0.204010 -0.288172 0.465791 -0.270990 -0.316614 0.610114 -0.335141 -0.237879 0.701355 -0.098021 -0.173233 0.442740 -0.159070 -0.160660 0.580964 -0.215509 -0.054496 0.642704 -0.017532 -0.092026 0.384971 -0.071785 -0.060410 0.487676 -0.151011 0.022588 0.493808 
0.000000 0.000000 0.000000 -0.060171 -0.004282 -0.044554 -0.238362 -0.302622 0.207108 -0.120574 -0.244360 0.248772 -0.031410 -0.183444 0.253787 0.040838 -0.126735 0.246255 -0.325467 0.002563 0.121027 -0.491473 0.006846 0.224637 -0.635472 0.008003 0.282514 -0.392459 -0.394615 0.345714 -0.485590 -0.450214 0.429484 -0.563859 -0.468044 0.514037 -0.231478 -0.302973 0.450612 -0.306908 -0.342839 0.587891 -0.381708 -0.284551 0.686109 -0.127047 -0.175089 0.442195 -0.195624 -0.169098 0.577295 -0.264625 -0.088558 0.661082 -0.046672 -0.080213 0.390352 -0.106907 -0.048191 0.489537 -0.187024 0.022716 0.531451 
0.000000 0.000000 0.000000 -0.057642 -0.006168 -0.047573 -0.246084 -0.299700 0.202269 -0.131300 -0.238987 0.248562 -0.043154 -0.176933 0.256668 0.028818 -0.119615 0.251461 -0.330264 0.010902 0.104848 -0.500853 0.021584 0.200223 -0.647623 0.030326 0.249913 -0.405108 -0.397960 0.330630 -0.501217 -0.457346 0.408209 -0.583184 -0.478630 0.488343 -0.247160 -0.303480 0.445771 -0.325961 -0.347345 0.579901 -0.406196 -0.302448 0.680826 -0.142121 -0.170741 0.443433 -0.213086 -0.166300 0.577355 -0.285126 -0.104804 0.673773 -0.063504 -0.070106 0.391504 -0.127050 -0.036027 0.487898 -0.200818 0.022841 0.553441 
0.000000 0.000000 0.000000 -0.053486 -0.008926 -0.051802 -0.253828 -0.301133 0.190211 -0.144672 -0.236175 0.243780 -0.059044 -0.171559 0.257153 0.011649 -0.112450 0.256106 -0.334322 0.015307 0.083809 -0.510050 0.030471 0.168666 -0.658725 0.044200 0.211024 -0.423055 -0.396202 0.307448 -0.525330 -0.453659 0.378303 -0.612906 -0.471911 0.453073 -0.270341 -0.305684 0.433122 -0.355814 -0.352960 0.561901 -0.443190 -0.317346 0.660574 -0.170834 -0.167951 0.436607 -0.250994 -0.165365 0.565287 -0.328345 -0.118827 0.665881 -0.090633 -0.063104 0.389108 -0.161036 -0.029137 0.480656 -0.235470 0.021743 0.551887 