93
0.000000 0.000000 0.000000 -0.071100 -0.005858 0.023117 0.032494 -0.116986 0.420177 0.151906 -0.078002 0.327074 0.208308 -0.044843 0.231610 0.238072 -0.017329 0.146262 -0.063487 0.173642 0.279180 -0.058723 0.285962 0.439407 -0.101020 0.331219 0.581708 0.077906 -0.272249 0.579083 0.116218 -0.223674 0.701373 0.149045 -0.248321 0.810497 0.244973 -0.229394 0.484851 0.311548 -0.130666 0.594144 0.378110 -0.085198 0.704333 0.308620 -0.177215 0.362487 0.353176 -0.066110 0.455553 0.388273 0.039291 0.532539 0.356289 -0.107139 0.238702 0.396258 -0.037716 0.328558 0.389906 0.064452 0.380755 
0.000000 0.000000 0.000000 -0.071429 -0.006999 0.021744 0.026344 -0.124526 0.418437 0.146958 -0.082614 0.328200 0.204676 -0.047108 0.234381 0.235644 -0.017701 0.150099 -0.049418 0.169146 0.279300 -0.035646 0.279365 0.440461 -0.075328 0.326298 0.582973 0.052790 -0.266398 0.593346 0.097451 -0.212506 0.711172 0.127559 -0.229037 0.822588 0.230613 -0.236638 0.488678 0.299224 -0.138429 0.597178 0.365584 -0.092095 0.707127 0.307436 -0.178935 0.363903 0.354252 -0.074146 0.462991 0.385862 0.033201 0.538791 0.350789 -0.109143 0.244789 0.388263 -0.040796 0.336526 0.378237 0.061891 0.387102 
0.000000 0.000000 0.000000 -0.071767 -0.009691 0.019481 0.018283 -0.133697 0.416030 0.140054 -0.085975 0.330349 0.199287 -0.046482 0.239103 0.231712 -0.014127 0.156465 -0.053085 0.172584 0.273003 -0.041396 0.286639 0.431640 -0.073719 0.335666 0.575301 0.034813 -0.259985 0.603642 0.076645 -0.197066 0.717981 0.102973 -0.201540 0.831471 0.219429 -0.243668 0.489430 0.277588 -0.152914 0.609870 0.334103 -0.108848 0.726075 0.293742 -0.185280 0.367661 0.331302 -0.075492 0.465266 0.362245 0.026138 0.548824 0.345025 -0.108141 0.250845 0.388603 -0.055905 0.350160 0.379999 0.042833 0.408298 
0.000000 0.000000 0.000000 -0.072719 -0.007339 0.016793 -0.001540 -0.134932 0.416031 0.124827 -0.091128 0.335039 0.188667 -0.053467 0.246155 0.225176 -0.022065 0.164864 -0.044124 0.169284 0.273372 -0.026230 0.279804 0.433922 -0.050782 0.329559 0.578866 0.003107 -0.249044 0.611931 0.039696 -0.176152 0.722067 0.060242 -0.171029 0.836718 0.188334 -0.247025 0.502782 0.239548 -0.161521 0.630025 0.287444 -0.118532 0.750429 0.284937 -0.186457 0.379420 0.325203 -0.084458 0.484138 0.356030 0.014561 0.570815 0.328096 -0.126709 0.259960 0.368536 -0.082673 0.364443 0.358881 0.014760 0.424583 
0.000000 0.000000 0.000000 -0.073154 -0.005908 0.015411 -0.012057 -0.135446 0.415691 0.116660 -0.094064 0.337164 0.182898 -0.057563 0.249562 0.221549 -0.026784 0.169026 -0.037920 0.162560 0.276608 -0.015873 0.267976 0.440047 -0.033326 0.312836 0.587593 -0.000420 -0.253478 0.608961 0.028980 -0.177433 0.719120 0.048621 -0.167076 0.833575 0.174572 -0.248296 0.508433 0.220415 -0.153586 0.631124 0.264250 -0.104971 0.750934 0.273217 -0.194942 0.382539 0.313233 -0.095053 0.489365 0.341582 0.006305 0.574163 0.318676 -0.136955 0.263972 0.361290 -0.104529 0.371786 0.349073 -0.005829 0.429339 
0.000000 0.000000 0.000000 -0.073057 -0.006084 0.015797 -0.009532 -0.135804 0.415640 0.118670 -0.094071 0.336460 0.184357 -0.057352 0.248535 0.222509 -0.026424 0.167818 -0.033745 0.155814 0.280542 -0.009145 0.257119 0.446202 -0.016241 0.298376 0.595649 -0.001541 -0.242704 0.615462 0.032624 -0.166462 0.724099 0.054876 -0.146843 0.836851 0.189224 -0.235674 0.513788 0.234293 -0.128910 0.626459 0.279891 -0.069476 0.740598 0.280819 -0.195536 0.376261 0.314150 -0.084337 0.473805 0.338014 0.022673 0.552845 0.319753 -0.127327 0.272451 0.371985 -0.116906 0.380407 0.358833 -0.016892 0.435429 
0.000000 0.000000 0.000000 -0.072985 -0.005925 0.016188 -0.007599 -0.136328 0.415508 0.120271 -0.094806 0.335684 0.185569 -0.058132 0.247449 0.223355 -0.027191 0.166566 -0.019904 0.162194 0.274576 0.013311 0.267393 0.436258 0.011632 0.310839 0.585243 0.020228 -0.231242 0.619560 0.052420 -0.137123 0.713833 0.078646 -0.107866 0.823602 0.198690 -0.228656 0.515709 0.247716 -0.120638 0.625497 0.296029 -0.053732 0.734257 0.295203 -0.198313 0.361657 0.326762 -0.078267 0.448741 0.352125 0.031609 0.523254 0.323310 -0.128697 0.268015 0.377857 -0.111199 0.373891 0.367274 -0.009450 0.426218 
0.000000 0.000000 0.000000 -0.072818 -0.008642 0.015710 -0.004831 -0.145504 0.412426 0.121941 -0.098128 0.334124 0.186364 -0.057445 0.247012 0.223449 -0.023542 0.166995 -0.012471 0.156839 0.274206 0.025290 0.260386 0.435957 0.023230 0.304072 0.584867 0.020635 -0.225083 0.623232 0.057427 -0.137777 0.722257 0.085463 -0.102958 0.829936 0.212645 -0.232891 0.507577 0.260395 -0.123173 0.616234 0.307854 -0.049390 0.720843 0.299312 -0.198730 0.356533 0.336354 -0.084851 0.449540 0.361929 0.024525 0.524713 0.322182 -0.123006 0.271614 0.382975 -0.120849 0.375493 0.375990 -0.018564 0.427378 
0.000000 0.000000 0.000000 -0.072607 -0.010240 0.015722 -0.001485 -0.146781 0.411999 0.124201 -0.096481 0.333770 0.187691 -0.054177 0.246745 0.223998 -0.019257 0.166809 -0.007875 0.156091 0.272608 0.032631 0.260169 0.433350 0.037751 0.303376 0.582326 0.021354 -0.210598 0.628392 0.063465 -0.117116 0.719331 0.094982 -0.070487 0.821437 0.230015 -0.222402 0.505299 0.277121 -0.107121 0.608332 0.322416 -0.020488 0.703633 0.314057 -0.193080 0.343964 0.355066 -0.082586 0.439359 0.379948 0.026870 0.514648 0.330901 -0.114314 0.267418 0.397044 -0.108126 0.367808 0.394401 -0.007404 0.423045 
0.000000 0.000000 0.000000 -0.072657 -0.010792 0.015113 -0.003568 -0.150321 0.410708 0.122378 -0.098629 0.333816 0.186240 -0.055215 0.247613 0.222911 -0.019400 0.168242 -0.012146 0.158030 0.271401 0.025717 0.263668 0.431770 0.050226 0.301244 0.580344 0.031784 -0.190691 0.631027 0.077227 -0.090074 0.712225 0.113190 -0.034313 0.808093 0.251921 -0.214314 0.496020 0.294737 -0.087412 0.586505 0.338108 0.010404 0.671300 0.322733 -0.194264 0.329764 0.375740 -0.092207 0.428584 0.399776 0.019158 0.501304 0.338407 -0.109830 0.263476 0.396831 -0.077791 0.363733 0.397212 0.017447 0.428018 
0.000000 0.000000 0.000000 -0.072043 -0.016410 0.012820 -0.001946 -0.169300 0.403267 0.121740 -0.105606 0.331910 0.184275 -0.053952 0.249355 0.220071 -0.012044 0.172612 -0.034249 0.140290 0.280893 -0.010600 0.238342 0.448636 0.021689 0.262957 0.598430 0.029160 -0.181166 0.627570 0.077202 -0.082735 0.709943 0.113908 -0.020017 0.801115 0.278068 -0.199360 0.484377 0.313171 -0.068240 0.572125 0.342486 0.042801 0.645948 0.321153 -0.199373 0.318860 0.424987 -0.190882 0.429030 0.434805 -0.073724 0.495706 0.337008 -0.084145 0.280840 0.388938 -0.052204 0.384640 0.377766 0.041605 0.450047 
0.000000 0.000000 0.000000 -0.071308 -0.021094 0.009702 -0.005824 -0.180576 0.398307 0.116165 -0.107508 0.333294 0.178294 -0.049828 0.254509 0.214143 -0.003655 0.180279 -0.068028 0.116027 0.290830 -0.065975 0.201829 0.466742 -0.040568 0.218893 0.618894 0.014588 -0.191143 0.623900 0.056353 -0.092711 0.709625 0.088911 -0.022479 0.796807 0.280502 -0.196106 0.480325 0.310475 -0.067273 0.573214 0.319779 0.052357 0.638341 0.315137 -0.170582 0.361308 0.399498 -0.142367 0.484100 0.385788 -0.018158 0.535599 0.324626 -0.049907 0.307717 0.340136 0.020218 0.404326 0.308282 0.118419 0.454774 
0.000000 0.000000 0.000000 -0.069894 -0.026984 0.003255 -0.020231 -0.200529 0.388161 0.099885 -0.115079 0.336032 0.162734 -0.048855 0.264909 0.200055 0.003658 0.195795 -0.103731 0.102181 0.286129 -0.124904 0.183004 0.463133 -0.106064 0.194226 0.616775 -0.012549 -0.197823 0.614775 0.017497 -0.108408 0.714194 0.042858 -0.033070 0.799483 0.268080 -0.163928 0.496651 0.289870 -0.035319 0.592094 0.280482 0.088034 0.649846 0.308167 -0.087210 0.413543 0.339019 0.019450 0.516803 0.302906 0.144777 0.552256 0.293805 0.003069 0.343432 0.271562 0.095638 0.417104 0.223833 0.192741 0.455783 
0.000000 0.000000 0.000000 -0.067098 -0.033171 -0.004624 -0.033571 -0.227766 0.371868 0.081955 -0.128724 0.335933 0.144034 -0.052505 0.274852 0.181897 0.007712 0.212662 -0.163848 0.059268 0.278114 -0.224388 0.117110 0.455034 -0.206365 0.116701 0.609182 -0.052976 -0.255503 0.596088 -0.037824 -0.156559 0.689696 -0.024978 -0.072540 0.769502 0.237626 -0.145158 0.514737 0.234636 -0.012920 0.607627 0.198301 0.110529 0.653230 0.264019 -0.016553 0.445219 0.244634 0.111897 0.523422 0.181500 0.230002 0.541683 0.235923 0.061624 0.370018 0.182545 0.157600 0.419321 0.117501 0.248970 0.444299 
0.000000 0.000000 0.000000 -0.062241 -0.039287 -0.014367 -0.052389 -0.252161 0.353498 0.055461 -0.140201 0.336757 0.115849 -0.054655 0.287468 0.154133 0.012674 0.233353 -0.213923 0.025638 0.251384 -0.287111 0.054702 0.430576 -0.277469 0.042972 0.585031 -0.094500 -0.288473 0.573335 -0.098700 -0.198060 0.676242 -0.100431 -0.115028 0.758071 0.193288 -0.138894 0.530345 0.173729 -0.011367 0.627705 0.119149 0.107273 0.667515 0.203612 0.007530 0.469524 0.162256 0.134394 0.541539 0.084847 0.244993 0.548143 0.179284 0.080968 0.392380 0.109861 0.172370 0.428678 0.033427 0.257164 0.441751 
0.000000 0.000000 0.000000 -0.060055 -0.038863 -0.022514 -0.085539 -0.269330 0.333819 0.022317 -0.156131 0.333560 0.086539 -0.067977 0.294850 0.129449 0.002102 0.248213 -0.261895 0.003795 0.212618 -0.334787 0.000589 0.394243 -0.345430 -0.024191 0.547081 -0.149671 -0.339385 0.539730 -0.172420 -0.260012 0.649113 -0.188667 -0.182358 0.734546 0.140364 -0.163954 0.539662 0.105602 -0.044895 0.643302 0.038952 0.068404 0.680185 0.142746 -0.021258 0.493273 0.080929 0.099015 0.561858 -0.001707 0.205956 0.563582 0.120913 0.059841 0.413076 0.045019 0.145273 0.450929 -0.035654 0.226632 0.459625 
0.000000 0.000000 0.000000 -0.055138 -0.039171 -0.032394 -0.110430 -0.298848 0.299642 -0.008794 -0.181944 0.320868 0.055171 -0.088511 0.296931 0.099765 -0.013250 0.261233 -0.281470 -0.023913 0.182984 -0.376235 -0.047357 0.352634 -0.407454 -0.088989 0.498849 -0.193965 -0.385475 0.491834 -0.236107 -0.319332 0.604222 -0.266774 -0.246033 0.689544 0.079331 -0.195771 0.541135 0.022921 -0.086782 0.646320 -0.056044 0.019471 0.679700 0.084138 -0.043219 0.501438 0.009819 0.068670 0.571784 -0.079159 0.170409 0.571950 0.060135 0.042360 0.422239 -0.022171 0.119339 0.464563 -0.108321 0.195028 0.471813 
0.000000 0.000000 0.000000 -0.047938 -0.039145 -0.042350 -0.125966 -0.330588 0.257166 -0.035895 -0.210497 0.300898 0.024039 -0.111791 0.293208 0.067478 -0.031188 0.269898 -0.308079 -0.057025 0.130431 -0.420308 -0.105012 0.283444 -0.467316 -0.162221 0.419842 -0.230376 -0.443326 0.423927 -0.293471 -0.388858 0.532712 -0.339564 -0.319289 0.614129 0.021901 -0.245873 0.528676 -0.059367 -0.149300 0.629640 -0.149430 -0.051328 0.660125 0.018975 -0.084561 0.502843 -0.077379 0.015931 0.562912 -0.173966 0.110459 0.564733 -0.000151 0.005986 0.426840 -0.094862 0.072366 0.460227 -0.187777 0.139246 0.470077 
0.000000 0.000000 0.000000 -0.036659 -0.039433 -0.052201 -0.127738 -0.362554 0.208634 -0.058363 -0.239089 0.274896 -0.008651 -0.134989 0.284165 0.029092 -0.048958 0.274095 -0.311788 -0.081036 0.090697 -0.448643 -0.141704 0.216797 -0.512074 -0.215293 0.337826 -0.242825 -0.492271 0.354745 -0.325445 -0.445134 0.453407 -0.386680 -0.376486 0.525037 -0.032319 -0.292465 0.504998 -0.135301 -0.213163 0.601073 -0.237244 -0.125120 0.623334 -0.050811 -0.121759 0.490952 -0.161928 -0.037063 0.549862 -0.266676 0.048344 0.551091 -0.076022 -0.018263 0.410459 -0.179068 0.031903 0.447284 -0.279778 0.086292 0.457417 
0.000000 0.000000 0.000000 -0.025060 -0.040215 -0.058126 -0.121298 -0.381178 0.176863 -0.073870 -0.255056 0.256178 -0.035958 -0.147465 0.275694 -0.005417 -0.058073 0.273805 -0.311058 -0.092455 0.057296 -0.461558 -0.172671 0.153350 -0.549007 -0.266466 0.240768 -0.223524 -0.539942 0.302418 -0.324318 -0.492660 0.382337 -0.400831 -0.422697 0.435668 -0.077226 -0.317396 0.485474 -0.201608 -0.250644 0.564201 -0.312991 -0.171743 0.566966 -0.114746 -0.148418 0.471922 -0.240868 -0.071457 0.505996 -0.350756 0.006636 0.496298 -0.135039 -0.037417 0.389381 -0.246877 0.002463 0.409208 -0.353346 0.045678 0.409068 
0.000000 0.000000 0.000000 -0.015648 -0.039818 -0.061592 -0.115188 -0.393476 0.152312 -0.085394 -0.267246 0.239634 -0.057072 -0.158179 0.266023 -0.032447 -0.067041 0.269859 -0.295477 -0.126019 0.048460 -0.470576 -0.179957 0.117323 -0.576093 -0.281831 0.168064 -0.196894 -0.564336 0.277015 -0.309855 -0.517875 0.339169 -0.395100 -0.445151 0.371383 -0.107812 -0.339567 0.464893 -0.244679 -0.284913 0.531264 -0.361744 -0.214827 0.526471 -0.158403 -0.172928 0.451031 -0.292107 -0.105197 0.473981 -0.407018 -0.034887 0.463020 -0.174026 -0.056823 0.372022 -0.290898 -0.029650 0.381714 -0.402294 -0.001472 0.381875 
0.000000 0.000000 0.000000 -0.008515 -0.037444 -0.064415 -0.104285 -0.406154 0.124313 -0.088584 -0.283073 0.219453 -0.068623 -0.174128 0.253015 -0.049567 -0.082125 0.263001 -0.297438 -0.117753 0.024582 -0.478227 -0.168006 0.080271 -0.589810 -0.265322 0.126807 -0.191744 -0.576921 0.245184 -0.309808 -0.530453 0.296988 -0.392514 -0.450067 0.314046 -0.124369 -0.368915 0.438142 -0.267352 -0.321667 0.496862 -0.386746 -0.255746 0.490614 -0.186729 -0.204280 0.425802 -0.324817 -0.144702 0.445116 -0.442738 -0.079569 0.434144 -0.198012 -0.074661 0.355168 -0.316876 -0.055810 0.357840 -0.430202 -0.036965 0.355569 
0.000000 0.000000 0.000000 -0.000931 -0.035048 -0.066292 -0.093556 -0.415609 0.099029 -0.092579 -0.296057 0.199791 -0.081275 -0.187796 0.239109 -0.067945 -0.095489 0.254237 -0.296123 -0.113669 0.000989 -0.480835 -0.162864 0.043089 -0.595711 -0.258766 0.084237 -0.193995 -0.584556 0.212117 -0.314523 -0.534859 0.254369 -0.391904 -0.447913 0.261118 -0.144173 -0.396849 0.408726 -0.292571 -0.358697 0.460175 -0.414205 -0.297259 0.451815 -0.206066 -0.229763 0.404577 -0.347114 -0.175882 0.418480 -0.468689 -0.117444 0.409966 -0.217467 -0.092797 0.344913 -0.337316 -0.083640 0.338302 -0.451891 -0.075245 0.336037 
0.000000 0.000000 0.000000 0.001136 -0.030616 -0.068449 -0.090493 -0.422270 0.069206 -0.093524 -0.309607 0.177579 -0.084591 -0.204047 0.224177 -0.072840 -0.112788 0.245651 -0.295240 -0.113141 -0.011906 -0.480693 -0.164780 0.023474 -0.597292 -0.261479 0.057252 -0.196714 -0.592037 0.175585 -0.318084 -0.540321 0.212692 -0.390046 -0.448595 0.213706 -0.146959 -0.424387 0.378688 -0.298596 -0.393162 0.425118 -0.423427 -0.338094 0.420211 -0.215889 -0.267243 0.377412 -0.361639 -0.229668 0.395738 -0.490641 -0.189978 0.402895 -0.222107 -0.112492 0.336785 -0.341833 -0.122868 0.343796 -0.455716 -0.131816 0.356201 
0.000000 0.000000 0.000000 0.000171 -0.027105 -0.069922 -0.099133 -0.423254 0.048156 -0.099271 -0.316221 0.162132 -0.087883 -0.213383 0.213987 -0.074096 -0.123605 0.240006 -0.298606 -0.104492 -0.019032 -0.485561 -0.152915 0.012812 -0.610273 -0.243995 0.028246 -0.210790 -0.591374 0.151542 -0.330130 -0.532133 0.183643 -0.395131 -0.435414 0.179978 -0.158011 -0.442971 0.354378 -0.311088 -0.409940 0.394392 -0.435412 -0.353727 0.389608 -0.212055 -0.285763 0.369087 -0.359336 -0.256586 0.390252 -0.490356 -0.235349 0.415761 -0.217272 -0.113805 0.339960 -0.325885 -0.152702 0.374333 -0.429559 -0.181198 0.414865 
0.000000 0.000000 0.000000 -0.003317 -0.022640 -0.071417 -0.118201 -0.420321 0.025480 -0.109577 -0.320767 0.145735 -0.091571 -0.222036 0.203374 -0.072607 -0.134815 0.234359 -0.305109 -0.087452 -0.020752 -0.493951 -0.128008 0.010951 -0.625858 -0.209693 0.014840 -0.233226 -0.587909 0.125997 -0.349693 -0.523060 0.157811 -0.409464 -0.423022 0.154223 -0.178948 -0.458017 0.326911 -0.331306 -0.422203 0.367271 -0.453344 -0.361034 0.365161 -0.208416 -0.303801 0.359500 -0.355663 -0.285908 0.390952 -0.484624 -0.279287 0.430868 -0.215144 -0.130005 0.335583 -0.310350 -0.174989 0.393923 -0.401646 -0.216171 0.450245 
0.000000 0.000000 0.000000 -0.006576 -0.018683 -0.072330 -0.136031 -0.415600 0.007893 -0.119174 -0.322982 0.132731 -0.094961 -0.228291 0.194710 -0.071146 -0.143720 0.229465 -0.310415 -0.071345 -0.019840 -0.500537 -0.104297 0.013004 -0.635596 -0.180096 0.023036 -0.252349 -0.582630 0.107848 -0.365096 -0.512254 0.141275 -0.417835 -0.408342 0.137515 -0.189661 -0.469102 0.306383 -0.340437 -0.429736 0.349297 -0.460613 -0.365025 0.352385 -0.207549 -0.315591 0.350967 -0.354363 -0.299375 0.385222 -0.481400 -0.297995 0.431351 -0.209452 -0.146194 0.336476 -0.301139 -0.198201 0.394615 -0.389758 -0.243446 0.452084 
0.000000 0.000000 0.000000 -0.012714 -0.013819 -0.072604 -0.160597 -0.406773 -0.005862 -0.129438 -0.323082 0.122480 -0.095179 -0.233909 0.187814 -0.063829 -0.153133 0.225493 -0.318186 -0.051352 -0.016708 -0.509330 -0.074837 0.018269 -0.645383 -0.146705 0.038559 -0.279944 -0.569161 0.098093 -0.385431 -0.490010 0.135374 -0.428776 -0.381826 0.132141 -0.205974 -0.472326 0.290832 -0.354035 -0.426478 0.336665 -0.471404 -0.357303 0.345536 -0.204798 -0.334739 0.337916 -0.349475 -0.313442 0.377989 -0.475449 -0.308399 0.426703 -0.196514 -0.163733 0.338933 -0.287995 -0.218739 0.394583 -0.376328 -0.265355 0.451393 
0.000000 0.000000 0.000000 -0.021748 -0.007935 -0.071330 -0.193648 -0.392014 -0.010740 -0.141655 -0.319692 0.117763 -0.093082 -0.237952 0.183742 -0.051138 -0.162500 0.222148 -0.328607 -0.032505 -0.015827 -0.520619 -0.047879 0.018904 -0.657779 -0.115608 0.045105 -0.312363 -0.558427 0.087411 -0.413395 -0.475294 0.128199 -0.451622 -0.365151 0.128667 -0.226291 -0.477402 0.274092 -0.370227 -0.423149 0.323728 -0.481820 -0.345920 0.338630 -0.209605 -0.355748 0.315118 -0.350199 -0.332025 0.366707 -0.475437 -0.312220 0.413517 -0.183168 -0.206813 0.327934 -0.274048 -0.237314 0.400748 -0.363489 -0.282585 0.456906 
0.000000 0.000000 0.000000 -0.025336 -0.005535 -0.070366 -0.216047 -0.380213 -0.007249 -0.154303 -0.313039 0.119725 -0.098229 -0.235257 0.184530 -0.050360 -0.162930 0.222010 -0.333343 -0.023174 -0.018725 -0.526074 -0.034212 0.013588 -0.663856 -0.100063 0.041278 -0.331496 -0.553998 0.081578 -0.433315 -0.473750 0.126023 -0.475582 -0.365355 0.133574 -0.248278 -0.475031 0.266019 -0.388369 -0.413171 0.317715 -0.493990 -0.328593 0.335882 -0.217522 -0.363199 0.303332 -0.355865 -0.337156 0.359670 -0.478884 -0.305292 0.405702 -0.179863 -0.208079 0.330532 -0.269001 -0.239157 0.405230 -0.359857 -0.280078 0.462448 
0.000000 0.000000 0.000000 -0.029170 -0.001254 -0.069075 -0.243079 -0.363512 -0.007843 -0.170342 -0.305374 0.117760 -0.105606 -0.234074 0.181943 -0.050809 -0.166672 0.219112 -0.337774 -0.002295 -0.017995 -0.530878 -0.002947 0.013967 -0.668077 -0.065651 0.050455 -0.361067 -0.542567 0.065902 -0.465652 -0.472855 0.120529 -0.517371 -0.371123 0.144381 -0.271661 -0.467743 0.258633 -0.405592 -0.398309 0.316648 -0.504402 -0.307450 0.341563 -0.232491 -0.358323 0.296729 -0.367441 -0.327762 0.358740 -0.486086 -0.285081 0.407421 -0.181218 -0.208033 0.328057 -0.270982 -0.236502 0.403045 -0.366233 -0.267833 0.459159 
0.000000 0.000000 0.000000 -0.038754 0.008565 -0.063629 -0.292171 -0.325388 0.007028 -0.194261 -0.288477 0.123210 -0.111170 -0.232277 0.180928 -0.042296 -0.176289 0.213318 -0.346307 0.050611 -0.025039 -0.537697 0.044308 0.015475 -0.671114 -0.012783 0.070496 -0.410408 -0.511315 0.060610 -0.515804 -0.451026 0.124163 -0.577208 -0.360741 0.165043 -0.307683 -0.449485 0.256201 -0.433630 -0.372159 0.321643 -0.523962 -0.275498 0.355351 -0.250278 -0.343276 0.295129 -0.379833 -0.306235 0.364656 -0.489738 -0.246906 0.416320 -0.174849 -0.201614 0.324558 -0.266089 -0.219045 0.401127 -0.366121 -0.226907 0.457117 
0.000000 0.000000 0.000000 -0.045264 0.018360 -0.056904 -0.341865 -0.269408 0.042869 -0.223346 -0.255986 0.143963 -0.124128 -0.218088 0.189937 -0.042403 -0.176655 0.212993 -0.343311 0.106499 -0.021612 -0.530003 0.116704 0.036294 -0.657074 0.074527 0.114785 -0.476877 -0.444744 0.092359 -0.580333 -0.395240 0.167380 -0.647906 -0.319761 0.225085 -0.354797 -0.402403 0.277218 -0.463120 -0.309274 0.352834 -0.537490 -0.204135 0.398159 -0.274375 -0.303414 0.311835 -0.390113 -0.244195 0.389865 -0.478831 -0.158107 0.444510 -0.168239 -0.180511 0.334388 -0.254854 -0.183166 0.417947 -0.352087 -0.148125 0.468157 
0.000000 0.000000 0.000000 -0.048090 0.028057 -0.050240 -0.377979 -0.201586 0.088232 -0.246748 -0.213371 0.172411 -0.136952 -0.196011 0.204622 -0.046538 -0.171277 0.216493 -0.334252 0.141501 0.005331 -0.514995 0.187927 0.064388 -0.631635 0.155695 0.161562 -0.539313 -0.350624 0.144619 -0.636781 -0.300775 0.227064 -0.707195 -0.238238 0.295797 -0.391005 -0.349846 0.302944 -0.485659 -0.253095 0.391287 -0.539266 -0.138314 0.442189 -0.290034 -0.255067 0.338009 -0.392279 -0.183583 0.424188 -0.456097 -0.076459 0.476338 -0.162979 -0.152256 0.345591 -0.243127 -0.139163 0.434451 -0.325309 -0.069931 0.475146 
0.000000 0.000000 0.000000 -0.047812 0.034412 -0.046409 -0.394321 -0.137448 0.130036 -0.258924 -0.168367 0.201861 -0.145142 -0.168058 0.223017 -0.051253 -0.157767 0.225508 -0.319440 0.165915 0.035878 -0.489408 0.248201 0.087368 -0.594486 0.231506 0.200358 -0.574351 -0.255469 0.201312 -0.666700 -0.205793 0.289551 -0.739398 -0.154353 0.364798 -0.409785 -0.293228 0.336491 -0.490865 -0.191921 0.432862 -0.524992 -0.070310 0.484684 -0.296114 -0.204235 0.366587 -0.376980 -0.108427 0.451865 -0.410652 0.015674 0.493496 -0.157898 -0.116148 0.357724 -0.231303 -0.087501 0.448731 -0.292319 0.006188 0.475238 
0.000000 0.000000 0.000000 -0.046309 0.038574 -0.044626 -0.397652 -0.076535 0.165243 -0.262349 -0.122512 0.228694 -0.148229 -0.136828 0.241563 -0.053901 -0.139358 0.236739 -0.293771 0.201347 0.055942 -0.448616 0.303200 0.118871 -0.544333 0.304297 0.241034 -0.591156 -0.144356 0.262078 -0.665772 -0.078593 0.356363 -0.734550 -0.029047 0.436412 -0.418758 -0.221995 0.377401 -0.479320 -0.112736 0.479965 -0.495431 0.010722 0.535981 -0.289277 -0.145474 0.398866 -0.344690 -0.030981 0.481399 -0.348376 0.101317 0.508818 -0.142511 -0.074408 0.372812 -0.203503 -0.029703 0.466475 -0.241999 0.077579 0.481028 
0.000000 0.000000 0.000000 -0.044111 0.042146 -0.043610 -0.392676 -0.020948 0.191461 -0.260076 -0.080541 0.249020 -0.147893 -0.108142 0.255889 -0.055036 -0.122336 0.245716 -0.262524 0.233334 0.072962 -0.399192 0.352967 0.145906 -0.483902 0.373384 0.274336 -0.592125 -0.048223 0.295846 -0.658707 0.022321 0.392657 -0.727933 0.070077 0.473405 -0.418446 -0.157346 0.408689 -0.464368 -0.045258 0.515703 -0.467656 0.077559 0.575239 -0.281959 -0.097376 0.419058 -0.324007 0.021296 0.503554 -0.309338 0.154030 0.524400 -0.129307 -0.047807 0.385414 -0.180429 0.003492 0.481571 -0.204257 0.115541 0.490531 
0.000000 0.000000 0.000000 -0.042433 0.042916 -0.044514 -0.383344 0.026159 0.208935 -0.253649 -0.040957 0.264805 -0.144008 -0.077793 0.268805 -0.053287 -0.100718 0.255710 -0.226778 0.255602 0.091971 -0.342129 0.388687 0.177373 -0.415820 0.427509 0.308329 -0.581830 0.023038 0.318541 -0.641284 0.099914 0.415171 -0.711466 0.148444 0.494621 -0.413830 -0.108479 0.426847 -0.453236 0.001480 0.538564 -0.446874 0.123343 0.599786 -0.272748 -0.062583 0.435863 -0.299844 0.060094 0.520757 -0.267839 0.190621 0.535132 -0.118595 -0.031144 0.402272 -0.158759 0.044673 0.486711 -0.165440 0.159328 0.483158 
0.000000 0.000000 0.000000 -0.041472 0.043668 -0.044688 -0.371635 0.060115 0.222630 -0.244216 -0.012914 0.276277 -0.137075 -0.056653 0.277574 -0.048641 -0.086013 0.261929 -0.195608 0.267998 0.109469 -0.292056 0.408369 0.205931 -0.363429 0.471872 0.328243 -0.566475 0.074049 0.337797 -0.625187 0.151826 0.434159 -0.694032 0.202669 0.513332 -0.404774 -0.066872 0.442963 -0.438285 0.042928 0.556742 -0.422286 0.164807 0.616145 -0.258690 -0.027850 0.448143 -0.272596 0.099862 0.528685 -0.225973 0.226705 0.530941 -0.109041 -0.010915 0.407868 -0.140839 0.075449 0.485467 -0.135218 0.189629 0.473873 
0.000000 0.000000 0.000000 -0.040896 0.043422 -0.045453 -0.362922 0.084260 0.229081 -0.237094 0.008419 0.282582 -0.131761 -0.039526 0.283060 -0.045000 -0.073062 0.266474 -0.174552 0.273481 0.119033 -0.258185 0.417436 0.221957 -0.326945 0.494233 0.337980 -0.553653 0.109862 0.349025 -0.609470 0.192493 0.443038 -0.674610 0.249036 0.521479 -0.398384 -0.033257 0.452061 -0.428423 0.076798 0.566561 -0.410563 0.196857 0.629060 -0.249647 -0.004100 0.454995 -0.261979 0.121173 0.539525 -0.211294 0.246433 0.542505 -0.100070 0.025586 0.399973 -0.137975 0.093487 0.491864 -0.126258 0.207130 0.479579 
0.000000 0.000000 0.000000 -0.041661 0.042099 -0.045999 -0.357728 0.093426 0.233651 -0.231115 0.018794 0.287001 -0.125987 -0.029602 0.286875 -0.039725 -0.064068 0.269608 -0.158738 0.273921 0.128351 -0.231996 0.418980 0.237448 -0.300543 0.506549 0.345706 -0.544425 0.125844 0.358203 -0.598241 0.212495 0.449732 -0.654971 0.278068 0.527674 -0.391037 -0.014947 0.459515 -0.417091 0.096472 0.573671 -0.400528 0.214564 0.640149 -0.240843 0.008975 0.460177 -0.251782 0.132374 0.547606 -0.202255 0.257779 0.557019 -0.101404 0.025762 0.406401 -0.133694 0.111075 0.484953 -0.117921 0.224427 0.474676 
0.000000 0.000000 0.000000 -0.042831 0.041100 -0.045827 -0.354263 0.093798 0.238726 -0.226090 0.020968 0.290828 -0.120577 -0.026562 0.289485 -0.034350 -0.060563 0.271152 -0.150064 0.271446 0.136623 -0.217163 0.415582 0.250788 -0.285437 0.505655 0.357148 -0.533723 0.126184 0.373504 -0.586713 0.212477 0.465849 -0.634053 0.284180 0.544658 -0.378251 -0.006013 0.471365 -0.399689 0.105089 0.586783 -0.382641 0.221781 0.655572 -0.226042 0.020950 0.466498 -0.238861 0.139409 0.560275 -0.189087 0.264578 0.571379 -0.095821 0.042657 0.398247 -0.138132 0.113705 0.485729 -0.120094 0.227012 0.479461 
0.000000 0.000000 0.000000 -0.043236 0.040943 -0.045588 -0.353658 0.091771 0.240406 -0.224899 0.019512 0.291851 -0.119159 -0.027496 0.289985 -0.032848 -0.061050 0.271229 -0.146493 0.272684 0.137387 -0.211106 0.417693 0.251881 -0.275743 0.501785 0.365184 -0.530894 0.120034 0.379000 -0.582428 0.205672 0.472768 -0.623189 0.280814 0.552049 -0.372254 -0.007021 0.476397 -0.389947 0.103437 0.593061 -0.370823 0.219341 0.662630 -0.220983 0.019269 0.469313 -0.230362 0.137001 0.564403 -0.179031 0.261443 0.576536 -0.096648 0.042416 0.396969 -0.140562 0.113634 0.483519 -0.126776 0.227674 0.486348 
0.000000 0.000000 0.000000 -0.043583 0.041230 -0.044995 -0.355665 0.082871 0.240677 -0.226192 0.011299 0.291285 -0.119862 -0.034335 0.288965 -0.033065 -0.066451 0.269930 -0.145700 0.275949 0.134798 -0.209598 0.422821 0.247300 -0.270212 0.501328 0.366671 -0.530031 0.107888 0.383472 -0.575470 0.196095 0.478008 -0.608626 0.274989 0.557188 -0.370365 -0.014965 0.478364 -0.377744 0.100322 0.591409 -0.353030 0.216617 0.658521 -0.220734 0.013477 0.468554 -0.220003 0.136065 0.557787 -0.164357 0.258771 0.568506 -0.096676 0.037820 0.395100 -0.140460 0.109591 0.481257 -0.126039 0.223474 0.486341 
0.000000 0.000000 0.000000 -0.044743 0.041114 -0.043950 -0.355910 0.070489 0.244233 -0.224604 0.000818 0.292728 -0.117322 -0.042427 0.288932 -0.029965 -0.072270 0.268794 -0.149033 0.275175 0.135452 -0.214291 0.421635 0.247710 -0.278674 0.499561 0.365478 -0.524364 0.090475 0.394712 -0.563398 0.178066 0.492621 -0.588954 0.257812 0.573742 -0.355237 -0.023376 0.489766 -0.351022 0.095455 0.599246 -0.319136 0.213083 0.660780 -0.209558 0.014519 0.470490 -0.198763 0.141601 0.552492 -0.138596 0.262576 0.556125 -0.089120 0.035560 0.393131 -0.129838 0.109782 0.478713 -0.110489 0.223040 0.479944 
0.000000 0.000000 0.000000 -0.046324 0.040391 -0.042971 -0.356479 0.054661 0.247437 -0.222687 -0.011534 0.293964 -0.114087 -0.051199 0.288806 -0.025936 -0.077836 0.267656 -0.150801 0.270874 0.140899 -0.216176 0.415096 0.255953 -0.284640 0.492145 0.371983 -0.517417 0.068904 0.406548 -0.549106 0.155345 0.508065 -0.566165 0.235537 0.590960 -0.338733 -0.041739 0.499135 -0.323093 0.079812 0.604517 -0.286617 0.197748 0.662824 -0.198149 0.012985 0.471912 -0.182502 0.140677 0.552167 -0.119500 0.260255 0.552235 -0.080230 0.032489 0.392023 -0.117601 0.108427 0.477626 -0.093569 0.220784 0.476398 
0.000000 0.000000 0.000000 -0.048031 0.041815 -0.039603 -0.352596 0.031673 0.256833 -0.216505 -0.034112 0.296815 -0.107195 -0.070913 0.287275 -0.018926 -0.094226 0.262934 -0.149933 0.262398 0.157387 -0.213696 0.400425 0.280651 -0.285951 0.476832 0.394792 -0.506160 0.031151 0.423680 -0.531621 0.112525 0.530975 -0.535918 0.193465 0.614780 -0.315962 -0.069220 0.509771 -0.289504 0.052873 0.612328 -0.247888 0.170268 0.668236 -0.177496 -0.005230 0.475575 -0.155037 0.122371 0.554344 -0.091720 0.241752 0.551686 -0.065346 0.018179 0.388618 -0.097299 0.095551 0.475129 -0.069830 0.207085 0.472182 
0.000000 0.000000 0.000000 -0.049226 0.042795 -0.037003 -0.350916 0.010884 0.260825 -0.213155 -0.054013 0.296285 -0.103198 -0.087964 0.284005 -0.014684 -0.108121 0.257809 -0.141227 0.250032 0.178485 -0.198796 0.379706 0.313324 -0.268657 0.449302 0.433169 -0.503627 -0.000007 0.428101 -0.526263 0.073129 0.541770 -0.519882 0.151707 0.627665 -0.305541 -0.103053 0.509673 -0.276316 0.011197 0.620205 -0.232365 0.124912 0.681658 -0.161259 -0.038672 0.481269 -0.137174 0.082148 0.569662 -0.076984 0.203131 0.572514 -0.053864 0.001252 0.388533 -0.080832 0.076535 0.478513 -0.054211 0.188301 0.480194 
0.000000 0.000000 0.000000 -0.048794 0.044048 -0.036095 -0.352503 0.005261 0.258852 -0.215269 -0.061259 0.293333 -0.105394 -0.095378 0.280787 -0.016810 -0.115217 0.254585 -0.139276 0.243352 0.187372 -0.195893 0.368063 0.327203 -0.265145 0.431707 0.450656 -0.514020 -0.012190 0.417054 -0.535427 0.057570 0.533060 -0.525052 0.133216 0.621169 -0.318311 -0.116568 0.500208 -0.289150 -0.010478 0.618610 -0.242695 0.097565 0.687951 -0.162188 -0.055412 0.480514 -0.141425 0.058632 0.578258 -0.082330 0.179902 0.586592 -0.056425 -0.009704 0.388315 -0.083693 0.062923 0.480365 -0.059696 0.175096 0.487023 
0.000000 0.000000 0.000000 -0.048909 0.041805 -0.038524 -0.358963 0.003758 0.249843 -0.221088 -0.058362 0.289571 -0.110143 -0.090091 0.280710 -0.020473 -0.108457 0.257272 -0.141192 0.238653 0.186378 -0.198937 0.361828 0.327107 -0.272045 0.433310 0.443865 -0.526337 -0.012740 0.401941 -0.549614 0.060928 0.515136 -0.543781 0.137951 0.602467 -0.336987 -0.109758 0.490569 -0.309897 -0.005481 0.611056 -0.264445 0.099306 0.685843 -0.174548 -0.050403 0.478171 -0.158979 0.063318 0.577246 -0.102494 0.185358 0.590799 -0.067159 -0.003575 0.389206 -0.099294 0.068618 0.480018 -0.080182 0.181520 0.489562 
0.000000 0.000000 0.000000 -0.047407 0.040454 -0.041713 -0.366304 0.016509 0.238409 -0.230163 -0.044748 0.284886 -0.119243 -0.077517 0.280746 -0.029048 -0.097414 0.260841 -0.142994 0.242624 0.177003 -0.202807 0.369129 0.313861 -0.276778 0.450525 0.423359 -0.541305 0.009092 0.382422 -0.573587 0.088676 0.489222 -0.575853 0.170482 0.572264 -0.362627 -0.088838 0.477197 -0.347839 0.016437 0.598947 -0.309604 0.122249 0.676285 -0.196055 -0.035197 0.473159 -0.192210 0.076787 0.575313 -0.140938 0.200210 0.595466 -0.086854 0.006982 0.388694 -0.126643 0.078839 0.476697 -0.115922 0.192466 0.490009 
0.000000 0.000000 0.000000 -0.046865 0.038381 -0.044209 -0.371078 0.022976 0.230355 -0.235441 -0.035282 0.281886 -0.124224 -0.067286 0.281225 -0.033507 -0.087223 0.263895 -0.146758 0.247270 0.166107 -0.209265 0.377980 0.297709 -0.285517 0.466020 0.400283 -0.552528 0.022946 0.366356 -0.589789 0.108642 0.466605 -0.597794 0.194509 0.545065 -0.379877 -0.072160 0.466962 -0.373671 0.036896 0.586096 -0.340578 0.145421 0.662033 -0.211282 -0.022043 0.468542 -0.212544 0.093354 0.566891 -0.163861 0.217831 0.586979 -0.099694 0.017913 0.386988 -0.145252 0.090280 0.471716 -0.140128 0.204453 0.483608 
0.000000 0.000000 0.000000 -0.046364 0.039031 -0.044169 -0.370810 0.027386 0.230305 -0.235936 -0.032657 0.281789 -0.125133 -0.066071 0.281110 -0.034673 -0.087136 0.263773 -0.142589 0.247915 0.167855 -0.202802 0.378622 0.300526 -0.277681 0.466919 0.403887 -0.555941 0.031151 0.361196 -0.591070 0.119070 0.460283 -0.597425 0.205509 0.538264 -0.385965 -0.065326 0.463169 -0.381601 0.043053 0.583000 -0.350041 0.150153 0.661568 -0.216321 -0.021052 0.466506 -0.220609 0.092628 0.566752 -0.173788 0.216798 0.592395 -0.101592 0.016545 0.387702 -0.147654 0.087911 0.473004 -0.145239 0.201722 0.488632 
0.000000 0.000000 0.000000 -0.045121 0.041151 -0.043527 -0.367189 0.041430 0.233978 -0.234437 -0.024408 0.283867 -0.125122 -0.062365 0.281960 -0.035777 -0.087054 0.263653 -0.123175 0.248812 0.176997 -0.172015 0.378752 0.314987 -0.238087 0.470247 0.421523 -0.560866 0.056000 0.351013 -0.592142 0.147781 0.447865 -0.590988 0.235971 0.524117 -0.396038 -0.056454 0.455136 -0.394842 0.048440 0.578101 -0.365994 0.151415 0.662973 -0.219922 -0.023032 0.466837 -0.227591 0.086154 0.571768 -0.188032 0.208767 0.612623 -0.103102 0.013604 0.389834 -0.149444 0.082888 0.476686 -0.154831 0.194005 0.505447 
0.000000 0.000000 0.000000 -0.044677 0.040910 -0.044206 -0.366563 0.049573 0.233376 -0.234535 -0.016904 0.284332 -0.125658 -0.056123 0.283031 -0.036608 -0.082131 0.265114 -0.112249 0.248594 0.179730 -0.154530 0.378549 0.319856 -0.215848 0.475230 0.424640 -0.562654 0.068256 0.345713 -0.590586 0.163848 0.439862 -0.585489 0.254221 0.513346 -0.403633 -0.042107 0.449393 -0.404860 0.063222 0.571986 -0.379202 0.164850 0.659465 -0.221069 -0.018871 0.468025 -0.228820 0.089941 0.573337 -0.194324 0.211386 0.621598 -0.103194 0.018204 0.391943 -0.149027 0.087266 0.479241 -0.158485 0.196295 0.514261 
0.000000 0.000000 0.000000 -0.043700 0.041475 -0.044655 -0.366471 0.058173 0.231528 -0.235960 -0.010506 0.283460 -0.127858 -0.051829 0.282864 -0.039257 -0.079669 0.265486 -0.105157 0.249280 0.180924 -0.143613 0.379312 0.322077 -0.200406 0.479821 0.425804 -0.564036 0.082468 0.340146 -0.590208 0.181676 0.431002 -0.583723 0.274137 0.501727 -0.410448 -0.029871 0.443627 -0.413884 0.076437 0.565329 -0.392398 0.177195 0.654914 -0.226360 -0.009455 0.465116 -0.236183 0.100139 0.569440 -0.206726 0.220406 0.623626 -0.105976 0.023183 0.390211 -0.151900 0.093977 0.476062 -0.164491 0.201383 0.514903 
0.000000 0.000000 0.000000 -0.042738 0.041999 -0.045094 -0.368145 0.062466 0.227722 -0.239005 -0.007767 0.280987 -0.131400 -0.050367 0.281502 -0.042958 -0.079252 0.265037 -0.101316 0.249657 0.181385 -0.137970 0.379596 0.323102 -0.191757 0.479415 0.429074 -0.568387 0.088065 0.331009 -0.594289 0.189239 0.419750 -0.585808 0.283044 0.488465 -0.419271 -0.027527 0.434571 -0.424649 0.080582 0.554605 -0.406576 0.181716 0.644519 -0.233077 -0.008494 0.462118 -0.245162 0.100882 0.566433 -0.221030 0.219852 0.625861 -0.110549 0.024226 0.388771 -0.157073 0.095452 0.473940 -0.172790 0.201135 0.516215 
0.000000 0.000000 0.000000 -0.041533 0.041585 -0.046579 -0.372174 0.068435 0.219302 -0.244619 -0.001833 0.276216 -0.137347 -0.045141 0.279543 -0.048799 -0.074869 0.265301 -0.100510 0.251918 0.177314 -0.137413 0.383531 0.317412 -0.189936 0.485729 0.421737 -0.574761 0.097181 0.317037 -0.598652 0.201826 0.402247 -0.591443 0.297200 0.468917 -0.430426 -0.015945 0.423699 -0.437999 0.093554 0.542347 -0.422318 0.194939 0.632427 -0.242681 0.001766 0.456795 -0.258558 0.111213 0.560526 -0.236689 0.230285 0.620622 -0.118047 0.029947 0.386976 -0.165711 0.102093 0.470727 -0.184050 0.207501 0.512633 
0.000000 0.000000 0.000000 -0.041983 0.040117 -0.047455 -0.374231 0.066092 0.216502 -0.245825 -0.001135 0.275147 -0.137886 -0.042640 0.279670 -0.048807 -0.071168 0.266316 -0.107225 0.257070 0.168233 -0.148050 0.392825 0.303196 -0.202584 0.499661 0.401680 -0.574599 0.094054 0.318927 -0.598688 0.200194 0.402210 -0.594922 0.296809 0.467361 -0.426233 -0.014713 0.429235 -0.428639 0.100844 0.542219 -0.413384 0.205573 0.628465 -0.239693 0.008801 0.457723 -0.250031 0.124623 0.555033 -0.227383 0.245807 0.610437 -0.114784 0.040083 0.384030 -0.160197 0.116658 0.465055 -0.178096 0.224182 0.501405 
0.000000 0.000000 0.000000 -0.042801 0.038020 -0.048440 -0.376965 0.060293 0.213431 -0.247101 -0.002273 0.273995 -0.138113 -0.040760 0.279839 -0.048233 -0.067140 0.267464 -0.121619 0.266718 0.149882 -0.170938 0.409822 0.273979 -0.231879 0.514833 0.370652 -0.572005 0.090373 0.325121 -0.595189 0.194999 0.410548 -0.596682 0.289550 0.478747 -0.410703 -0.013326 0.446003 -0.405011 0.108342 0.552253 -0.384151 0.218159 0.630640 -0.229351 0.023490 0.459453 -0.229537 0.146849 0.547619 -0.196603 0.271516 0.588133 -0.109807 0.051699 0.380034 -0.152189 0.133499 0.457518 -0.161351 0.245258 0.482601 
0.000000 0.000000 0.000000 -0.043826 0.036244 -0.048883 -0.377804 0.054338 0.213545 -0.246318 -0.004153 0.274677 -0.136414 -0.039899 0.280794 -0.045952 -0.064278 0.268566 -0.132280 0.273051 0.135357 -0.187628 0.421230 0.250642 -0.253334 0.524459 0.346107 -0.566535 0.086572 0.335043 -0.588323 0.188868 0.423602 -0.590294 0.281364 0.494552 -0.389209 -0.015522 0.464222 -0.375408 0.111086 0.563743 -0.344796 0.226775 0.629457 -0.216658 0.034532 0.461721 -0.208103 0.162880 0.542000 -0.163471 0.288634 0.563487 -0.099819 0.060763 0.378335 -0.136896 0.146832 0.453892 -0.133558 0.261351 0.462686 
0.000000 0.000000 0.000000 -0.045477 0.034700 -0.048493 -0.375614 0.046988 0.219082 -0.241770 -0.007681 0.278614 -0.130932 -0.040652 0.283285 -0.040098 -0.062908 0.269826 -0.133444 0.271749 0.135670 -0.188488 0.420079 0.250907 -0.257264 0.532714 0.332578 -0.556347 0.080411 0.351892 -0.571572 0.183950 0.440378 -0.571121 0.276571 0.511190 -0.376623 -0.016352 0.474097 -0.352731 0.113362 0.567521 -0.314133 0.230485 0.626102 -0.203228 0.039920 0.464931 -0.187496 0.172133 0.537476 -0.137602 0.297350 0.547445 -0.088328 0.066534 0.377087 -0.121525 0.155631 0.450916 -0.112270 0.270154 0.449476 
0.000000 0.000000 0.000000 -0.048511 0.034352 -0.045722 -0.367495 0.029646 0.235284 -0.229655 -0.022067 0.287939 -0.117741 -0.051546 0.287274 -0.026892 -0.070534 0.269579 -0.135494 0.267268 0.144095 -0.189923 0.413012 0.262869 -0.263693 0.532952 0.328132 -0.537250 0.058352 0.382862 -0.546172 0.160081 0.474262 -0.540258 0.251559 0.546303 -0.346159 -0.027116 0.495004 -0.308444 0.105409 0.579498 -0.262004 0.223076 0.630851 -0.171264 0.043320 0.468518 -0.149272 0.178670 0.533231 -0.096483 0.303001 0.528438 -0.064524 0.066269 0.371829 -0.090428 0.160433 0.442210 -0.075151 0.273418 0.427924 
0.000000 0.000000 0.000000 -0.052102 0.031655 -0.043671 -0.361201 0.001245 0.246623 -0.218632 -0.041783 0.294264 -0.105064 -0.063603 0.289763 -0.013734 -0.076134 0.269047 -0.155392 0.260409 0.143008 -0.220023 0.403549 0.259820 -0.304013 0.507059 0.339307 -0.515622 0.012340 0.412307 -0.518523 0.110753 0.507641 -0.506391 0.201119 0.580304 -0.309209 -0.048124 0.513878 -0.262946 0.087933 0.587857 -0.212770 0.207908 0.629423 -0.144986 0.036844 0.471506 -0.116386 0.177051 0.521654 -0.064622 0.300258 0.501439 -0.044067 0.066038 0.366276 -0.064945 0.163897 0.433200 -0.046139 0.274330 0.407626 
0.000000 0.000000 0.000000 -0.055563 0.027909 -0.041925 -0.356248 -0.044065 0.249872 -0.209492 -0.074399 0.294474 -0.094387 -0.084588 0.288066 -0.002546 -0.087154 0.266024 -0.201890 0.245276 0.128915 -0.293452 0.381290 0.235816 -0.385502 0.447858 0.341562 -0.485730 -0.059508 0.435387 -0.478399 0.035487 0.533897 -0.457312 0.125460 0.604983 -0.262077 -0.071424 0.526208 -0.205977 0.071096 0.577837 -0.151752 0.194655 0.598623 -0.124716 0.018944 0.469932 -0.092763 0.164717 0.496766 -0.046126 0.285098 0.456746 -0.027383 0.062797 0.352536 -0.044479 0.166010 0.412084 -0.021890 0.270863 0.370867 
0.000000 0.000000 0.000000 -0.057433 0.023639 -0.042031 -0.353494 -0.083436 0.243661 -0.205081 -0.101032 0.289606 -0.089460 -0.100253 0.284592 0.002473 -0.093669 0.263801 -0.230148 0.227440 0.120699 -0.338222 0.354965 0.222524 -0.436786 0.402809 0.332446 -0.472302 -0.107212 0.435337 -0.464252 -0.012203 0.533777 -0.442417 0.079357 0.602575 -0.247112 -0.097195 0.523472 -0.193405 0.050527 0.561131 -0.142813 0.177097 0.568863 -0.115695 0.008921 0.463774 -0.090941 0.157625 0.480056 -0.053586 0.275986 0.426547 -0.024647 0.061914 0.338931 -0.043314 0.169006 0.390644 -0.022634 0.269577 0.339059 
0.000000 0.000000 0.000000 -0.057892 0.021475 -0.042559 -0.352215 -0.093669 0.241787 -0.203622 -0.106067 0.288834 -0.088058 -0.101487 0.284592 0.003749 -0.091983 0.264379 -0.235907 0.220632 0.120209 -0.347297 0.345251 0.222059 -0.454959 0.399270 0.319925 -0.472978 -0.110932 0.432937 -0.473933 -0.018833 0.534421 -0.457239 0.072725 0.604647 -0.253517 -0.101963 0.521145 -0.206613 0.047050 0.562613 -0.159686 0.175128 0.568387 -0.120989 0.007345 0.462874 -0.103009 0.156416 0.483981 -0.069313 0.277142 0.433407 -0.027960 0.062177 0.340639 -0.049787 0.168288 0.393130 -0.036318 0.273012 0.347803 
0.000000 0.000000 0.000000 -0.058705 0.020217 -0.042058 -0.348097 -0.104995 0.243094 -0.198944 -0.113713 0.289185 -0.083574 -0.105971 0.284309 0.007819 -0.093830 0.263640 -0.239289 0.211455 0.127246 -0.352288 0.331119 0.233185 -0.470257 0.389018 0.315755 -0.464018 -0.114135 0.437771 -0.470445 -0.029125 0.545074 -0.461181 0.055746 0.624473 -0.248921 -0.108371 0.521452 -0.211009 0.040369 0.572085 -0.169832 0.170288 0.580123 -0.116602 -0.012400 0.471038 -0.106453 0.133707 0.510285 -0.080876 0.262096 0.476667 -0.027275 0.052644 0.352523 -0.051431 0.153464 0.413703 -0.048629 0.264943 0.385995 
0.000000 0.000000 0.000000 -0.058676 0.022932 -0.040683 -0.347263 -0.095808 0.248032 -0.197721 -0.110583 0.291230 -0.082252 -0.106953 0.284327 0.009136 -0.097833 0.262138 -0.243179 0.213029 0.125655 -0.358628 0.331979 0.229738 -0.484185 0.397788 0.292916 -0.481073 -0.124287 0.428874 -0.508739 -0.056194 0.544546 -0.525074 0.009305 0.639605 -0.266663 -0.149242 0.515344 -0.256934 -0.015669 0.605832 -0.237119 0.111325 0.651866 -0.125710 -0.042183 0.480872 -0.130116 0.090133 0.554790 -0.117631 0.224401 0.563963 -0.034708 0.027631 0.375815 -0.064887 0.113991 0.454062 -0.077457 0.228186 0.456203 
0.000000 0.000000 0.000000 -0.057422 0.028764 -0.038721 -0.345202 -0.053698 0.263139 -0.196544 -0.084368 0.300649 -0.081758 -0.093613 0.289134 0.009090 -0.094933 0.263204 -0.250684 0.223173 0.111949 -0.371615 0.344821 0.206228 -0.502792 0.417010 0.247070 -0.502220 -0.128098 0.408844 -0.564109 -0.092975 0.525969 -0.615464 -0.061115 0.625672 -0.288291 -0.174142 0.500643 -0.307728 -0.094548 0.639968 -0.315068 -0.009575 0.746575 -0.134625 -0.073664 0.492900 -0.151530 0.027409 0.604656 -0.151521 0.148692 0.664310 -0.031108 0.007790 0.398919 -0.058777 0.078495 0.492334 -0.076005 0.190339 0.512264 
0.000000 0.000000 0.000000 -0.054787 0.034329 -0.037997 -0.350274 -0.036291 0.259386 -0.204650 -0.079393 0.296568 -0.090805 -0.096912 0.285322 -0.000121 -0.104229 0.259822 -0.253080 0.228018 0.106954 -0.377159 0.349215 0.197655 -0.509321 0.422216 0.233584 -0.517784 -0.119437 0.387634 -0.594297 -0.099675 0.499603 -0.658901 -0.082021 0.595038 -0.322907 -0.187230 0.472240 -0.362038 -0.133721 0.619652 -0.387611 -0.074690 0.740070 -0.158856 -0.095198 0.485522 -0.182144 -0.005035 0.605184 -0.182626 0.111725 0.673264 -0.035903 -0.009742 0.402573 -0.060533 0.055295 0.500832 -0.075953 0.167133 0.522226 
0.000000 0.000000 0.000000 -0.052881 0.036309 -0.038849 -0.361102 -0.043189 0.242962 -0.217499 -0.089079 0.284423 -0.103421 -0.107207 0.277231 -0.011808 -0.114363 0.255250 -0.254814 0.223526 0.109538 -0.381171 0.340675 0.202389 -0.514296 0.407394 0.246130 -0.538225 -0.127939 0.356386 -0.616559 -0.104180 0.466301 -0.684934 -0.086662 0.559098 -0.345406 -0.198474 0.452193 -0.385138 -0.137849 0.596660 -0.407393 -0.068495 0.712133 -0.187121 -0.106610 0.471416 -0.213250 -0.011775 0.586804 -0.207733 0.110257 0.644647 -0.066355 -0.023258 0.394213 -0.103901 0.039451 0.489864 -0.111613 0.152817 0.506946 
0.000000 0.000000 0.000000 -0.051065 0.039005 -0.038664 -0.368831 -0.047250 0.230265 -0.227341 -0.097650 0.273711 -0.113436 -0.117581 0.268986 -0.021352 -0.125466 0.249346 -0.257965 0.215908 0.115427 -0.387430 0.326602 0.211847 -0.522920 0.379649 0.265841 -0.552786 -0.124268 0.338195 -0.625572 -0.092418 0.449863 -0.688759 -0.066887 0.544461 -0.358984 -0.196044 0.445360 -0.387726 -0.121777 0.586011 -0.398337 -0.040926 0.695510 -0.194668 -0.105677 0.463853 -0.210985 -0.002116 0.573397 -0.193184 0.123523 0.619936 -0.075011 -0.029330 0.385232 -0.111946 0.036841 0.478765 -0.108159 0.151042 0.490885 
0.000000 0.000000 0.000000 -0.049585 0.043306 -0.035914 -0.376990 -0.070537 0.210223 -0.237226 -0.126163 0.252871 -0.123247 -0.146034 0.250061 -0.030521 -0.152173 0.232987 -0.267563 0.196576 0.127915 -0.403960 0.292483 0.230429 -0.540903 0.323246 0.296663 -0.566058 -0.144685 0.311096 -0.620623 -0.104188 0.430111 -0.667106 -0.069789 0.531350 -0.363498 -0.234554 0.422522 -0.375523 -0.154094 0.562187 -0.365411 -0.061833 0.662312 -0.196372 -0.131510 0.447938 -0.197652 -0.021157 0.551915 -0.162739 0.106325 0.580152 -0.080982 -0.054568 0.369051 -0.115714 0.012615 0.462707 -0.093998 0.125387 0.466467 
0.000000 0.000000 0.000000 -0.047531 0.048420 -0.031941 -0.391163 -0.110352 0.161568 -0.254036 -0.171135 0.205708 -0.139746 -0.189003 0.209273 -0.045800 -0.191069 0.199415 -0.270932 0.213393 0.112012 -0.435393 0.230907 0.216687 -0.566252 0.222394 0.299695 -0.585429 -0.196684 0.240483 -0.622259 -0.156721 0.366295 -0.641425 -0.114780 0.473378 -0.376959 -0.292176 0.369150 -0.368986 -0.199798 0.501541 -0.335198 -0.093460 0.580217 -0.213327 -0.178105 0.407214 -0.193070 -0.055075 0.493493 -0.134896 0.066411 0.482315 -0.089775 -0.085758 0.331936 -0.120043 -0.013270 0.423154 -0.072010 0.089222 0.403370 
0.000000 0.000000 0.000000 -0.046030 0.051938 -0.028418 -0.399871 -0.137513 0.111731 -0.265208 -0.202326 0.157690 -0.151154 -0.219085 0.167930 -0.056701 -0.218519 0.165546 -0.303445 0.213423 0.045786 -0.462951 0.162230 0.147019 -0.583472 0.108784 0.228903 -0.598564 -0.224737 0.177559 -0.617301 -0.186933 0.307950 -0.610286 -0.143041 0.415735 -0.380954 -0.327682 0.323108 -0.355777 -0.226173 0.446342 -0.308257 -0.114163 0.508268 -0.212287 -0.196764 0.369122 -0.176261 -0.066592 0.438030 -0.111014 0.046127 0.401899 -0.084684 -0.101146 0.292142 -0.103945 -0.020355 0.379281 -0.039994 0.062941 0.332642 
0.000000 0.000000 0.000000 -0.045839 0.054869 -0.022631 -0.401270 -0.156226 0.076589 -0.267275 -0.225288 0.118095 -0.153396 -0.242025 0.130153 -0.058940 -0.240070 0.131392 -0.312294 0.213990 0.016458 -0.468310 0.138804 0.107658 -0.577454 0.058076 0.182874 -0.598531 -0.244256 0.145576 -0.593595 -0.210412 0.278287 -0.563434 -0.169751 0.383312 -0.371510 -0.344125 0.295542 -0.328341 -0.233433 0.405125 -0.270955 -0.119149 0.452929 -0.194362 -0.201563 0.333619 -0.146504 -0.069149 0.389893 -0.079383 0.032101 0.330636 -0.081777 -0.129698 0.265118 -0.068234 -0.025014 0.322990 -0.005230 0.036475 0.249147 
0.000000 0.000000 0.000000 -0.046885 0.054254 -0.021959 -0.398184 -0.170482 0.060625 -0.263261 -0.236987 0.103286 -0.149271 -0.250787 0.117772 -0.054979 -0.246109 0.121568 -0.315232 0.209155 0.020960 -0.467634 0.121556 0.107047 -0.566071 0.024085 0.177023 -0.590733 -0.258748 0.141584 -0.575584 -0.225308 0.273623 -0.537059 -0.184950 0.375996 -0.358757 -0.353550 0.287047 -0.311156 -0.241087 0.392927 -0.251999 -0.125747 0.435782 -0.172597 -0.205160 0.322925 -0.124422 -0.069605 0.370830 -0.067689 0.023786 0.291284 -0.070183 -0.135987 0.256580 -0.042234 -0.023498 0.289083 0.011592 0.020014 0.197363 
0.000000 0.000000 0.000000 -0.048299 0.053790 -0.019943 -0.393709 -0.178995 0.065150 -0.256762 -0.243798 0.103793 -0.142270 -0.255757 0.115731 -0.048021 -0.249403 0.117743 -0.318125 0.201827 0.035963 -0.468358 0.114640 0.126182 -0.554391 0.007197 0.197884 -0.578895 -0.267895 0.161186 -0.556297 -0.230633 0.291120 -0.511516 -0.186497 0.389303 -0.338068 -0.353278 0.298415 -0.288825 -0.238438 0.400940 -0.230548 -0.120916 0.438780 -0.147974 -0.198145 0.319108 -0.102036 -0.061316 0.365566 -0.056640 0.023723 0.270826 -0.051805 -0.129364 0.244875 -0.024137 -0.015807 0.273695 0.020445 0.014046 0.172086 
0.000000 0.000000 0.000000 -0.050730 0.051811 -0.019130 -0.385084 -0.192110 0.078066 -0.244885 -0.251567 0.113504 -0.129750 -0.259317 0.122335 -0.035769 -0.249598 0.121624 -0.322521 0.190533 0.049661 -0.468491 0.105123 0.148195 -0.542976 -0.007310 0.224991 -0.561187 -0.281362 0.189609 -0.532402 -0.239965 0.317045 -0.480656 -0.190747 0.409202 -0.310261 -0.358517 0.315400 -0.258728 -0.241002 0.413681 -0.201759 -0.121027 0.445304 -0.124280 -0.197119 0.324363 -0.079727 -0.058116 0.365399 -0.043299 0.024875 0.265132 -0.035086 -0.126365 0.245718 -0.008253 -0.010999 0.267213 0.028376 0.014912 0.161430 
0.000000 0.000000 0.000000 -0.052222 0.050177 -0.019467 -0.379224 -0.199359 0.087952 -0.237147 -0.254721 0.122537 -0.121744 -0.259572 0.129796 -0.028042 -0.247666 0.127461 -0.323025 0.186057 0.058306 -0.464562 0.102663 0.164721 -0.531289 -0.011060 0.246582 -0.548376 -0.283323 0.213482 -0.516419 -0.237275 0.338543 -0.460087 -0.183258 0.425158 -0.290279 -0.355419 0.331131 -0.236536 -0.236379 0.426345 -0.179812 -0.114921 0.452223 -0.106623 -0.188625 0.328420 -0.062341 -0.050284 0.371914 -0.030687 0.031314 0.268920 -0.024216 -0.121694 0.248716 0.001820 -0.005315 0.265125 0.033492 0.019340 0.157458 
0.000000 0.000000 0.000000 -0.053237 0.049316 -0.018910 -0.374857 -0.203732 0.096260 -0.231448 -0.256908 0.128714 -0.115879 -0.260152 0.133938 -0.022403 -0.247007 0.129833 -0.325753 0.180390 0.061094 -0.465069 0.099304 0.172124 -0.526224 -0.014624 0.257957 -0.542204 -0.285691 0.225480 -0.507874 -0.235707 0.348382 -0.449058 -0.178439 0.431172 -0.280318 -0.353238 0.340390 -0.225976 -0.231376 0.431611 -0.169981 -0.109010 0.454642 -0.098236 -0.185987 0.331174 -0.055578 -0.046770 0.373480 -0.026851 0.034764 0.269581 -0.016160 -0.116790 0.246412 0.007219 -0.000187 0.265081 0.035454 0.024106 0.156380 
0.000000 0.000000 0.000000 -0.053425 0.049495 -0.017887 -0.374046 -0.206733 0.092957 -0.230416 -0.260053 0.124170 -0.114828 -0.263022 0.129152 -0.021403 -0.249500 0.125150 -0.327047 0.178054 0.062425 -0.465498 0.096027 0.173843 -0.525268 -0.018410 0.259974 -0.539123 -0.289883 0.224319 -0.506376 -0.240857 0.348037 -0.448365 -0.183517 0.431343 -0.281810 -0.358204 0.334407 -0.227643 -0.238506 0.428550 -0.170984 -0.117035 0.454507 -0.099004 -0.193828 0.328339 -0.056526 -0.054701 0.371119 -0.027003 0.029557 0.269645 -0.016080 -0.121491 0.244195 0.006558 -0.005365 0.266412 0.035286 0.021536 0.158458 
0.000000 0.000000 0.000000 -0.053125 0.050254 -0.016619 -0.375376 -0.207797 0.084874 -0.232128 -0.262681 0.115118 -0.116581 -0.266316 0.120545 -0.023079 -0.253096 0.117393 -0.328285 0.177471 0.060509 -0.470201 0.096958 0.168624 -0.531969 -0.017768 0.252942 -0.540024 -0.295634 0.213700 -0.508466 -0.249459 0.338816 -0.452725 -0.194285 0.425083 -0.290865 -0.365059 0.321378 -0.237086 -0.245900 0.416424 -0.180104 -0.125858 0.447764 -0.107204 -0.204136 0.322434 -0.065625 -0.065349 0.367159 -0.033209 0.021382 0.268696 -0.021496 -0.128529 0.240140 -0.000143 -0.013371 0.267961 0.031785 0.016718 0.161762 
0.000000 0.000000 0.000000 -0.053711 0.049532 -0.016899 -0.373016 -0.213915 0.079935 -0.229265 -0.266786 0.111356 -0.113736 -0.268699 0.117946 -0.020419 -0.254047 0.115821 -0.331234 0.174816 0.054734 -0.471560 0.088911 0.160753 -0.536820 -0.024392 0.244361 -0.528637 -0.315404 0.209944 -0.498632 -0.272350 0.336546 -0.446731 -0.217986 0.425675 -0.287874 -0.377104 0.313518 -0.237142 -0.257120 0.409199 -0.183607 -0.136480 0.444118 -0.110473 -0.214942 0.322429 -0.069450 -0.074696 0.362913 -0.035630 0.013372 0.266124 -0.025784 -0.136092 0.244834 -0.003775 -0.019972 0.267703 0.031522 0.013139 0.163488 
0.000000 0.000000 0.000000 -0.055929 0.046523 -0.018206 -0.362775 -0.229724 0.083136 -0.216825 -0.274954 0.116296 -0.101371 -0.271191 0.123393 -0.008851 -0.252139 0.121321 -0.338342 0.160354 0.053428 -0.481863 0.078007 0.157984 -0.553936 -0.030059 0.242920 -0.511839 -0.341168 0.212674 -0.489754 -0.301854 0.342091 -0.445241 -0.248292 0.435594 -0.274995 -0.392817 0.314283 -0.235614 -0.271373 0.413404 -0.191011 -0.147456 0.449384 -0.113770 -0.223302 0.328982 -0.079570 -0.079510 0.362820 -0.043942 0.011023 0.268999 -0.026682 -0.138640 0.253178 -0.009677 -0.021353 0.274299 0.029051 0.015998 0.172770 
0.000000 0.000000 0.000000 -0.058363 0.043021 -0.019153 -0.349947 -0.245233 0.093211 -0.201646 -0.281906 0.126512 -0.086491 -0.272039 0.132515 0.004915 -0.248366 0.129078 -0.337731 0.151475 0.070499 -0.484343 0.076372 0.176214 -0.572363 -0.018551 0.261824 -0.490556 -0.371983 0.218046 -0.474279 -0.339666 0.350230 -0.441137 -0.293973 0.452244 -0.258377 -0.405624 0.321319 -0.224725 -0.284683 0.423129 -0.184663 -0.159296 0.459357 -0.101217 -0.235441 0.340259 -0.072410 -0.090457 0.374032 -0.040392 0.011495 0.291275 -0.017313 -0.136785 0.261901 -0.007188 -0.020505 0.291357 0.030471 0.029050 0.194769 
0.000000 0.000000 0.000000 -0.060801 0.039682 -0.018773 -0.335521 -0.256851 0.112888 -0.184772 -0.285718 0.142695 -0.070052 -0.270576 0.144665 0.020046 -0.243040 0.137480 -0.329743 0.138909 0.106409 -0.481624 0.081471 0.215699 -0.582345 0.001381 0.302462 -0.470960 -0.395331 0.230785 -0.464293 -0.376180 0.366324 -0.442658 -0.342851 0.475933 -0.236666 -0.417263 0.333685 -0.205559 -0.301438 0.442043 -0.167623 -0.175845 0.479813 -0.080149 -0.249144 0.354789 -0.060207 -0.105031 0.397505 -0.037888 0.008002 0.326841 -0.004632 -0.139646 0.276357 -0.000059 -0.025331 0.313804 0.032797 0.039318 0.224673 
0.000000 0.000000 0.000000 -0.062319 0.035391 -0.022084 -0.324352 -0.267803 0.119866 -0.173032 -0.287105 0.154168 -0.059314 -0.265879 0.157595 0.029389 -0.234069 0.150728 -0.329321 0.119273 0.117631 -0.476778 0.062874 0.233332 -0.573109 -0.017059 0.325081 -0.455651 -0.406177 0.242477 -0.455469 -0.388583 0.378391 -0.441947 -0.358420 0.490196 -0.216263 -0.424468 0.343211 -0.191364 -0.312584 0.457169 -0.160094 -0.186806 0.500082 -0.069704 -0.246348 0.367891 -0.055859 -0.100949 0.408614 -0.038862 0.013901 0.339414 -0.000526 -0.128375 0.286817 -0.001693 -0.014146 0.324783 0.029021 0.053882 0.237421 
0.000000 0.000000 0.000000 -0.062815 0.030936 -0.026854 -0.315337 -0.281628 0.111977 -0.165402 -0.290950 0.155331 -0.053424 -0.263099 0.164229 0.033625 -0.226494 0.161062 -0.331462 0.092544 0.121063 -0.477308 0.042095 0.241459 -0.564798 -0.041103 0.338980 -0.440883 -0.416967 0.243663 -0.447400 -0.398803 0.379346 -0.440794 -0.368362 0.491697 -0.205207 -0.428986 0.344635 -0.187600 -0.320306 0.462970 -0.163016 -0.195697 0.513045 -0.076422 -0.231998 0.372118 -0.071694 -0.084409 0.406555 -0.056106 0.027436 0.332286 -0.009582 -0.119813 0.292739 -0.016207 -0.002643 0.319543 0.016145 0.062309 0.230449 
0.000000 0.000000 0.000000 -0.062446 0.029205 -0.029519 -0.311696 -0.290887 0.097573 -0.163591 -0.296043 0.147424 -0.052955 -0.265022 0.161261 0.033060 -0.225929 0.161970 -0.329893 0.078344 0.125090 -0.477040 0.032650 0.245800 -0.561840 -0.052367 0.344126 -0.436257 -0.418573 0.237577 -0.444099 -0.398477 0.372916 -0.439253 -0.367340 0.485166 -0.202061 -0.431829 0.338622 -0.185835 -0.323801 0.457749 -0.163405 -0.201816 0.514808 -0.081595 -0.231770 0.368113 -0.081226 -0.084738 0.405155 -0.065934 0.026106 0.329340 -0.014968 -0.120795 0.293219 -0.023127 -0.003320 0.318203 0.011066 0.059794 0.228478 
0.000000 0.000000 0.000000 -0.062978 0.027169 -0.030324 -0.301954 -0.303897 0.088093 -0.154698 -0.304012 0.140651 -0.045615 -0.268948 0.156948 0.038797 -0.226592 0.159756 -0.326967 0.076405 0.130086 -0.468561 0.022311 0.253926 -0.549515 -0.066666 0.351989 -0.423787 -0.430533 0.231412 -0.435421 -0.411928 0.366692 -0.433107 -0.380497 0.478941 -0.194768 -0.440066 0.331329 -0.182434 -0.332625 0.451448 -0.162830 -0.210593 0.509442 -0.075467 -0.238097 0.364001 -0.078742 -0.091532 0.402715 -0.065679 0.018953 0.325967 -0.013519 -0.125377 0.292440 -0.024206 -0.007571 0.314773 0.008958 0.055206 0.224427 
0.000000 0.000000 0.000000 -0.063853 0.023071 -0.031850 -0.285845 -0.319138 0.087940 -0.139793 -0.310068 0.143014 -0.033178 -0.268615 0.160597 0.048641 -0.221496 0.164149 -0.327625 0.055673 0.133097 -0.471188 0.009260 0.257784 -0.545529 -0.082005 0.358932 -0.398236 -0.445244 0.239221 -0.411472 -0.423950 0.373955 -0.411662 -0.389781 0.485426 -0.172682 -0.443743 0.336725 -0.163940 -0.333876 0.454951 -0.148954 -0.210020 0.510400 -0.065091 -0.237557 0.367311 -0.073773 -0.090101 0.401547 -0.064319 0.018511 0.321658 -0.009151 -0.125814 0.298653 -0.022783 -0.006797 0.310501 0.007153 0.054430 0.217990 