67
0.000000 0.000000 0.000000 -0.067799 -0.026911 0.017407 0.048067 -0.160286 0.404090 0.156092 -0.079876 0.324642 0.204957 -0.020843 0.237917 0.229279 0.024609 0.158734 -0.050240 0.143174 0.279340 -0.039254 0.249603 0.443240 0.028438 0.277998 0.579982 0.096715 -0.175273 0.625062 0.142769 -0.077441 0.709263 0.181954 0.004827 0.781994 0.336951 -0.145151 0.464297 0.385582 -0.011015 0.540238 0.394928 0.118890 0.581184 0.378688 -0.055773 0.353291 0.430752 0.059288 0.437203 0.420863 0.187084 0.480080 0.355453 0.032069 0.279610 0.353423 0.127935 0.352389 0.336488 0.224584 0.412184 
0.000000 0.000000 0.000000 -0.066478 -0.034074 0.006596 0.017431 -0.195747 0.390730 0.125600 -0.099022 0.332501 0.178079 -0.027671 0.258009 0.206716 0.027413 0.186784 -0.099362 0.105698 0.284497 -0.119938 0.193158 0.458389 -0.088024 0.208531 0.609492 0.016313 -0.229686 0.614933 0.044585 -0.150086 0.722852 0.064800 -0.096460 0.824384 0.291068 -0.146877 0.496222 0.319688 -0.019006 0.590849 0.310073 0.107394 0.641543 0.314744 -0.010771 0.418479 0.324458 0.111348 0.507829 0.293444 0.234746 0.553426 0.294448 0.060442 0.334427 0.265118 0.152265 0.406535 0.230410 0.241936 0.469445 
0.000000 0.000000 0.000000 -0.066062 -0.035222 -0.004366 -0.025694 -0.227636 0.372575 0.086659 -0.125206 0.336082 0.146230 -0.047296 0.274638 0.182084 0.013876 0.212189 -0.146391 0.058029 0.283206 -0.196656 0.116379 0.463150 -0.196122 0.108635 0.618155 -0.047508 -0.307224 0.583786 -0.038610 -0.242041 0.704011 -0.035581 -0.208633 0.815670 0.236467 -0.180494 0.512080 0.247890 -0.063609 0.623130 0.220704 0.057244 0.680531 0.255328 -0.029073 0.454858 0.238493 0.089562 0.547773 0.194533 0.206702 0.598899 0.235313 0.056577 0.373215 0.189245 0.138524 0.448407 0.140378 0.218253 0.515178 
0.000000 0.000000 0.000000 -0.065664 -0.033022 -0.014890 -0.071046 -0.259235 0.345022 0.046229 -0.156813 0.330772 0.113521 -0.075253 0.283718 0.157114 -0.009677 0.231501 -0.192142 0.009606 0.268010 -0.271284 0.036280 0.445030 -0.287410 0.007677 0.596716 -0.117354 -0.362913 0.541304 -0.127185 -0.303159 0.664247 -0.138040 -0.263864 0.773477 0.175320 -0.218344 0.520571 0.164144 -0.106394 0.636618 0.122135 0.009909 0.694481 0.198414 -0.053692 0.476181 0.164916 0.059654 0.571161 0.114218 0.170438 0.629682 0.188003 0.045117 0.394687 0.127844 0.116741 0.470464 0.070539 0.185087 0.542908 
0.000000 0.000000 0.000000 -0.063405 -0.031480 -0.024753 -0.103326 -0.291787 0.308989 0.013640 -0.188336 0.316987 0.084506 -0.102498 0.285305 0.132513 -0.032085 0.244504 -0.241036 -0.007998 0.231649 -0.331346 -0.019343 0.404931 -0.365771 -0.065939 0.548912 -0.165987 -0.412703 0.490299 -0.189282 -0.355699 0.612732 -0.209241 -0.307791 0.717133 0.118693 -0.250148 0.520991 0.086830 -0.141510 0.636347 0.031764 -0.028196 0.688948 0.143930 -0.077337 0.486674 0.097257 0.030052 0.583008 0.037628 0.135610 0.642757 0.137259 0.026307 0.409289 0.067260 0.091704 0.482191 -0.000896 0.154313 0.550294 
0.000000 0.000000 0.000000 -0.058648 -0.031005 -0.034971 -0.123139 -0.326023 0.264265 -0.012911 -0.219794 0.296076 0.056851 -0.128599 0.281561 0.105686 -0.052613 0.253837 -0.264733 -0.033364 0.200336 -0.381125 -0.059422 0.355530 -0.442509 -0.123562 0.482828 -0.202705 -0.459077 0.429753 -0.241044 -0.405236 0.549808 -0.270433 -0.348279 0.647201 0.069495 -0.283227 0.509758 0.016632 -0.175185 0.617725 -0.050103 -0.064302 0.661207 0.091391 -0.107185 0.489075 0.023827 -0.003598 0.576799 -0.048669 0.096130 0.632178 0.082637 0.009722 0.415607 0.008556 0.071391 0.487719 -0.070609 0.131334 0.545538 
0.000000 0.000000 0.000000 -0.054005 -0.028991 -0.043207 -0.136554 -0.352487 0.219992 -0.033457 -0.247062 0.271989 0.034263 -0.153214 0.272759 0.082921 -0.073769 0.257009 -0.280271 -0.059255 0.170648 -0.421854 -0.078191 0.304464 -0.501411 -0.149168 0.417246 -0.230153 -0.497554 0.367012 -0.283463 -0.446840 0.482633 -0.318905 -0.376185 0.568335 0.014187 -0.316901 0.494086 -0.057444 -0.214668 0.596760 -0.132168 -0.107594 0.636645 0.033829 -0.133207 0.483266 -0.048479 -0.037950 0.567780 -0.131983 0.055440 0.618507 0.029236 -0.011193 0.411244 -0.042084 0.043792 0.491127 -0.129202 0.100112 0.540539 
0.000000 0.000000 0.000000 -0.047395 -0.026624 -0.051659 -0.142192 -0.377709 0.168545 -0.050854 -0.274054 0.241755 0.011595 -0.178182 0.259158 0.057663 -0.095727 0.256676 -0.296041 -0.066588 0.133879 -0.451628 -0.091594 0.249976 -0.544094 -0.168394 0.348153 -0.246414 -0.529485 0.300916 -0.313109 -0.480126 0.409992 -0.352681 -0.398642 0.483392 -0.035785 -0.351902 0.465780 -0.122480 -0.258889 0.565566 -0.203912 -0.159197 0.611058 -0.021876 -0.172889 0.467881 -0.117831 -0.092522 0.553466 -0.209967 -0.012245 0.611212 -0.032221 -0.039195 0.395642 -0.094090 -0.000284 0.491294 -0.187156 0.045609 0.540647 
0.000000 0.000000 0.000000 -0.040393 -0.024036 -0.058434 -0.138060 -0.397162 0.120383 -0.060354 -0.296416 0.211263 -0.005252 -0.199762 0.243133 0.036324 -0.115429 0.252444 -0.303203 -0.069326 0.105046 -0.467653 -0.097665 0.207340 -0.573114 -0.177842 0.288190 -0.247513 -0.552965 0.243532 -0.322722 -0.496640 0.343298 -0.362541 -0.404071 0.401937 -0.075647 -0.385057 0.431225 -0.177064 -0.303275 0.526885 -0.266860 -0.215900 0.581123 -0.059357 -0.213915 0.447060 -0.168613 -0.150363 0.530816 -0.267577 -0.091326 0.601448 -0.066426 -0.082113 0.389990 -0.137150 -0.059181 0.484666 -0.233468 -0.030934 0.540595 
0.000000 0.000000 0.000000 -0.033373 -0.022790 -0.063173 -0.139036 -0.404496 0.091336 -0.074065 -0.305401 0.193345 -0.025265 -0.208730 0.234179 0.012789 -0.123848 0.250738 -0.309372 -0.063043 0.078426 -0.482075 -0.088230 0.167029 -0.605049 -0.162225 0.226097 -0.249885 -0.564099 0.208210 -0.337776 -0.505704 0.295658 -0.381172 -0.405628 0.336825 -0.108971 -0.400764 0.408198 -0.222480 -0.324477 0.494340 -0.320312 -0.243480 0.544418 -0.094242 -0.242356 0.431220 -0.214680 -0.194604 0.509992 -0.318663 -0.157342 0.587885 -0.085513 -0.110717 0.394788 -0.174479 -0.100237 0.475203 -0.271448 -0.089572 0.535919 
0.000000 0.000000 0.000000 -0.029189 -0.019672 -0.066219 -0.156432 -0.402981 0.066522 -0.096551 -0.309314 0.176465 -0.048305 -0.215553 0.224165 -0.009287 -0.132441 0.246464 -0.316475 -0.053107 0.052925 -0.496240 -0.074030 0.127477 -0.628450 -0.139935 0.175056 -0.260000 -0.569679 0.180127 -0.356535 -0.505960 0.253631 -0.402806 -0.401751 0.277972 -0.154748 -0.431920 0.371543 -0.280236 -0.365202 0.448525 -0.385365 -0.290780 0.493785 -0.132367 -0.280229 0.407097 -0.261985 -0.249030 0.479322 -0.371404 -0.233156 0.557062 -0.128863 -0.143085 0.373643 -0.211170 -0.150411 0.461182 -0.309156 -0.158934 0.520590 
0.000000 0.000000 0.000000 -0.028643 -0.016144 -0.067401 -0.190522 -0.389920 0.054354 -0.126649 -0.303251 0.167738 -0.072452 -0.214526 0.218576 -0.027533 -0.135246 0.243560 -0.322508 -0.039128 0.037296 -0.506390 -0.053511 0.102808 -0.642379 -0.109016 0.152938 -0.288183 -0.562210 0.164800 -0.389919 -0.490267 0.221861 -0.433561 -0.382362 0.228568 -0.197194 -0.461472 0.330416 -0.329475 -0.405098 0.404229 -0.438518 -0.337917 0.451511 -0.170688 -0.325879 0.369121 -0.304731 -0.314600 0.439094 -0.416480 -0.325559 0.514328 -0.142564 -0.172850 0.369814 -0.236022 -0.198806 0.441110 -0.333444 -0.223148 0.496964 
0.000000 0.000000 0.000000 -0.032356 -0.010998 -0.066753 -0.236122 -0.364275 0.053296 -0.158694 -0.288692 0.166163 -0.092400 -0.208515 0.216865 -0.037226 -0.135995 0.241848 -0.328932 -0.019985 0.032285 -0.514509 -0.025609 0.094256 -0.650890 -0.070825 0.152930 -0.335195 -0.540615 0.155810 -0.437257 -0.461232 0.201239 -0.474904 -0.350905 0.199312 -0.243200 -0.473119 0.289938 -0.380221 -0.429698 0.363859 -0.491827 -0.370026 0.415072 -0.195810 -0.352987 0.331528 -0.331188 -0.352900 0.399818 -0.443269 -0.382647 0.469251 -0.160190 -0.192550 0.352608 -0.244829 -0.231477 0.428845 -0.341134 -0.264389 0.482188 
0.000000 0.000000 0.000000 -0.038763 -0.003145 -0.064121 -0.278987 -0.331665 0.058779 -0.183179 -0.272984 0.167518 -0.102669 -0.205091 0.215506 -0.036238 -0.141976 0.238539 -0.336092 -0.000511 0.033010 -0.522142 0.001137 0.093788 -0.663055 -0.031926 0.149798 -0.374053 -0.515542 0.151363 -0.474642 -0.431742 0.191877 -0.509061 -0.320394 0.188677 -0.283804 -0.464575 0.265712 -0.421168 -0.422660 0.339867 -0.531383 -0.363231 0.394274 -0.221004 -0.358595 0.300047 -0.353474 -0.369954 0.372940 -0.467254 -0.401853 0.438549 -0.156354 -0.213243 0.343797 -0.239032 -0.262297 0.416249 -0.336750 -0.294178 0.467610 
0.000000 0.000000 0.000000 -0.043818 0.005864 -0.060576 -0.318315 -0.292026 0.068458 -0.206649 -0.253447 0.170874 -0.113606 -0.200262 0.214558 -0.037133 -0.148449 0.234425 -0.339871 0.025663 0.038453 -0.525122 0.038052 0.100418 -0.670663 0.017913 0.150411 -0.419615 -0.478058 0.149394 -0.523747 -0.400683 0.193572 -0.560270 -0.290013 0.196931 -0.327724 -0.437043 0.260918 -0.462346 -0.389473 0.336672 -0.570400 -0.330225 0.395437 -0.245874 -0.347579 0.288832 -0.376786 -0.350465 0.365281 -0.491161 -0.378665 0.431547 -0.160959 -0.217864 0.336577 -0.246190 -0.265645 0.406890 -0.346303 -0.289672 0.457913 
0.000000 0.000000 0.000000 -0.045477 0.010209 -0.058750 -0.339400 -0.264267 0.079126 -0.220915 -0.236444 0.177280 -0.122000 -0.191885 0.217583 -0.040629 -0.147033 0.234737 -0.337297 0.045390 0.048255 -0.519898 0.067403 0.115211 -0.664799 0.055004 0.169405 -0.449901 -0.449971 0.147856 -0.559087 -0.385784 0.200205 -0.605554 -0.280273 0.217570 -0.352288 -0.412642 0.267667 -0.482699 -0.360675 0.347773 -0.587405 -0.300341 0.411301 -0.262228 -0.330444 0.294077 -0.390209 -0.339921 0.374834 -0.503374 -0.363733 0.444797 -0.163448 -0.213443 0.340053 -0.247987 -0.259155 0.412544 -0.347892 -0.276126 0.466710 
0.000000 0.000000 0.000000 -0.047091 0.016358 -0.056024 -0.359301 -0.232699 0.089690 -0.233990 -0.219471 0.182258 -0.129336 -0.185915 0.218527 -0.043228 -0.149658 0.232605 -0.333238 0.067567 0.059492 -0.512290 0.099610 0.131774 -0.656478 0.093694 0.188885 -0.480944 -0.413287 0.153021 -0.592037 -0.360413 0.213393 -0.653173 -0.267130 0.247363 -0.372446 -0.388944 0.274905 -0.499826 -0.335389 0.358755 -0.601226 -0.272782 0.425371 -0.273453 -0.317666 0.299678 -0.399637 -0.321162 0.383680 -0.512117 -0.335182 0.457297 -0.168924 -0.205675 0.340534 -0.255444 -0.244233 0.414823 -0.356594 -0.244751 0.469335 
0.000000 0.000000 0.000000 -0.047717 0.019832 -0.054348 -0.373058 -0.202880 0.104678 -0.243691 -0.199317 0.192419 -0.135403 -0.174074 0.224523 -0.046211 -0.144752 0.235123 -0.325302 0.086834 0.073336 -0.498997 0.128760 0.153233 -0.643184 0.133223 0.210478 -0.508314 -0.373232 0.168758 -0.622018 -0.337175 0.236237 -0.697128 -0.262315 0.284687 -0.392633 -0.356816 0.289808 -0.515717 -0.302079 0.379130 -0.611596 -0.235414 0.449858 -0.287165 -0.293011 0.311333 -0.411237 -0.290646 0.398461 -0.521775 -0.287894 0.476189 -0.174046 -0.190784 0.345239 -0.262038 -0.222469 0.421033 -0.362067 -0.201436 0.473521 
0.000000 0.000000 0.000000 -0.049208 0.024010 -0.051244 -0.382736 -0.165269 0.132250 -0.247914 -0.173668 0.210987 -0.135760 -0.158798 0.235369 -0.043652 -0.138159 0.239537 -0.311705 0.110481 0.095263 -0.475959 0.164588 0.186938 -0.618833 0.181873 0.245033 -0.530718 -0.322231 0.202139 -0.643171 -0.298968 0.276940 -0.728902 -0.249755 0.338757 -0.406131 -0.314512 0.318712 -0.519544 -0.253390 0.416313 -0.607240 -0.183934 0.494573 -0.289537 -0.265120 0.334171 -0.408332 -0.254832 0.427835 -0.512469 -0.235692 0.511841 -0.170030 -0.173088 0.355273 -0.257018 -0.197131 0.434936 -0.349205 -0.151193 0.485871 
0.000000 0.000000 0.000000 -0.049911 0.029585 -0.047514 -0.387295 -0.132387 0.154164 -0.249119 -0.154916 0.223781 -0.134748 -0.150965 0.241037 -0.041040 -0.138970 0.239529 -0.293248 0.134716 0.118560 -0.445513 0.200501 0.222478 -0.583091 0.233631 0.286207 -0.548578 -0.270634 0.233508 -0.654508 -0.245700 0.316810 -0.740966 -0.213360 0.388030 -0.411394 -0.285813 0.337831 -0.513544 -0.215776 0.441680 -0.591018 -0.140438 0.525115 -0.290573 -0.250203 0.343917 -0.403266 -0.225892 0.442406 -0.494139 -0.176350 0.529329 -0.157285 -0.188306 0.360522 -0.248591 -0.171939 0.437247 -0.323774 -0.096129 0.479715 
0.000000 0.000000 0.000000 -0.049440 0.032790 -0.045874 -0.389611 -0.103035 0.169933 -0.250843 -0.135012 0.234492 -0.135907 -0.139213 0.247377 -0.041706 -0.134026 0.242216 -0.277769 0.150814 0.132403 -0.420642 0.224665 0.243958 -0.552732 0.267055 0.313542 -0.562203 -0.220408 0.258567 -0.662684 -0.193202 0.347704 -0.749229 -0.173059 0.423185 -0.419286 -0.256675 0.349817 -0.517609 -0.188100 0.458236 -0.589097 -0.110800 0.545146 -0.289885 -0.238036 0.353389 -0.396300 -0.203454 0.455716 -0.471823 -0.131558 0.541712 -0.151694 -0.197283 0.362581 -0.235700 -0.149604 0.434421 -0.290267 -0.054072 0.467574 
0.000000 0.000000 0.000000 -0.049595 0.034109 -0.044730 -0.386692 -0.076763 0.189387 -0.247117 -0.114391 0.248968 -0.132112 -0.124477 0.257096 -0.038087 -0.124577 0.247792 -0.257803 0.166375 0.147627 -0.388087 0.249138 0.267992 -0.514592 0.297928 0.343509 -0.563629 -0.180888 0.285674 -0.660455 -0.155520 0.379287 -0.746345 -0.143363 0.457185 -0.414794 -0.229292 0.372081 -0.510823 -0.162478 0.483611 -0.575614 -0.079536 0.570571 -0.280133 -0.222682 0.371808 -0.377012 -0.177382 0.479294 -0.434097 -0.086615 0.561579 -0.146230 -0.189733 0.368813 -0.221840 -0.130465 0.441351 -0.260218 -0.025904 0.469588 
0.000000 0.000000 0.000000 -0.049329 0.036514 -0.043096 -0.382583 -0.053184 0.205163 -0.243098 -0.098203 0.259609 -0.128613 -0.114736 0.263326 -0.035187 -0.120248 0.250347 -0.240067 0.177072 0.161131 -0.359419 0.265023 0.288923 -0.479245 0.317325 0.372548 -0.562427 -0.144729 0.308584 -0.654643 -0.116947 0.406085 -0.738694 -0.106354 0.486188 -0.409542 -0.208280 0.388659 -0.502391 -0.145145 0.504924 -0.560440 -0.059520 0.594020 -0.274902 -0.204087 0.387139 -0.364554 -0.152342 0.497935 -0.408523 -0.051848 0.576902 -0.142787 -0.178624 0.375249 -0.212208 -0.116358 0.451373 -0.239640 -0.007929 0.477715 
0.000000 0.000000 0.000000 -0.049145 0.038252 -0.041780 -0.377855 -0.036811 0.217165 -0.238657 -0.087118 0.267564 -0.124863 -0.108207 0.267856 -0.032178 -0.117521 0.252041 -0.221917 0.186156 0.172977 -0.330026 0.278705 0.307358 -0.440548 0.335757 0.400184 -0.561397 -0.108512 0.329377 -0.646289 -0.070533 0.430040 -0.726687 -0.053116 0.512659 -0.404170 -0.192027 0.402003 -0.486980 -0.123781 0.522873 -0.536581 -0.036842 0.615721 -0.272177 -0.182148 0.400313 -0.353021 -0.120152 0.512614 -0.380979 -0.009962 0.585720 -0.139836 -0.171237 0.378968 -0.201785 -0.102543 0.456005 -0.219106 0.008215 0.481220 
0.000000 0.000000 0.000000 -0.049379 0.039425 -0.040390 -0.371901 -0.026384 0.228656 -0.232594 -0.080196 0.274965 -0.119432 -0.104257 0.271869 -0.027546 -0.116033 0.253276 -0.205323 0.192207 0.183631 -0.302904 0.287809 0.323807 -0.406231 0.349923 0.421542 -0.553200 -0.088464 0.349888 -0.630662 -0.042689 0.453262 -0.705466 -0.017952 0.539201 -0.394744 -0.178498 0.418208 -0.468280 -0.106471 0.542824 -0.507852 -0.015485 0.636606 -0.264020 -0.168903 0.411972 -0.333846 -0.097705 0.526191 -0.348151 0.017536 0.595349 -0.134301 -0.166069 0.382451 -0.192242 -0.097480 0.462636 -0.204281 0.013594 0.489484 
0.000000 0.000000 0.000000 -0.049637 0.039569 -0.039929 -0.367383 -0.017629 0.236662 -0.227931 -0.072825 0.280858 -0.115218 -0.098594 0.275772 -0.023922 -0.111988 0.255455 -0.195307 0.198384 0.186795 -0.286459 0.297761 0.328665 -0.385216 0.363317 0.428845 -0.546009 -0.070803 0.365835 -0.621237 -0.023256 0.470056 -0.691236 0.008110 0.557860 -0.386379 -0.167801 0.430351 -0.452908 -0.092974 0.557234 -0.483846 0.002272 0.650027 -0.255931 -0.157465 0.422222 -0.320701 -0.085420 0.538864 -0.327500 0.031910 0.605614 -0.130249 -0.156524 0.386975 -0.185892 -0.088233 0.469020 -0.196789 0.022132 0.499088 
0.000000 0.000000 0.000000 -0.049970 0.039604 -0.039477 -0.365540 -0.018304 0.239449 -0.225713 -0.073479 0.282474 -0.113025 -0.099159 0.276476 -0.021878 -0.112453 0.255435 -0.190624 0.203231 0.186993 -0.278635 0.305619 0.328703 -0.374956 0.374708 0.428883 -0.538476 -0.072217 0.375856 -0.607642 -0.019241 0.481646 -0.671832 0.017943 0.571591 -0.380154 -0.164222 0.438641 -0.439310 -0.085842 0.567022 -0.462435 0.012868 0.658461 -0.249803 -0.147182 0.430422 -0.305677 -0.067018 0.546365 -0.305445 0.052445 0.609582 -0.127514 -0.144178 0.391157 -0.181987 -0.075264 0.473467 -0.192259 0.035282 0.503085 
0.000000 0.000000 0.000000 -0.050940 0.038878 -0.038956 -0.364024 -0.027562 0.240868 -0.222916 -0.080206 0.282865 -0.109757 -0.103542 0.276186 -0.018453 -0.114818 0.254652 -0.188157 0.203270 0.189064 -0.274019 0.306137 0.331743 -0.372093 0.375382 0.430097 -0.528726 -0.086850 0.385014 -0.592065 -0.033295 0.494111 -0.648235 0.008918 0.587150 -0.368814 -0.171329 0.446831 -0.416679 -0.086977 0.576130 -0.431383 0.014768 0.665970 -0.240659 -0.144696 0.437073 -0.287680 -0.058994 0.552983 -0.280536 0.061965 0.612865 -0.122618 -0.136439 0.393462 -0.175591 -0.066566 0.475942 -0.185341 0.044045 0.505493 
0.000000 0.000000 0.000000 -0.051700 0.038540 -0.038283 -0.362653 -0.036481 0.241748 -0.220563 -0.087367 0.282588 -0.107069 -0.108785 0.275224 -0.015674 -0.118312 0.253234 -0.195038 0.205520 0.184018 -0.284729 0.310006 0.323121 -0.382370 0.374427 0.425116 -0.523287 -0.099565 0.388844 -0.583528 -0.048671 0.500929 -0.629346 0.002075 0.595368 -0.358211 -0.174021 0.455847 -0.394778 -0.083077 0.584364 -0.400098 0.022941 0.670220 -0.234184 -0.135834 0.442028 -0.274807 -0.043633 0.555340 -0.262539 0.079059 0.610696 -0.116739 -0.116257 0.395950 -0.171392 -0.051497 0.481452 -0.183519 0.058349 0.512916 
0.000000 0.000000 0.000000 -0.052451 0.038419 -0.037374 -0.360908 -0.046078 0.242719 -0.217883 -0.095531 0.282025 -0.104118 -0.115119 0.273776 -0.012699 -0.122895 0.251210 -0.196087 0.208885 0.182071 -0.285966 0.315551 0.319386 -0.383213 0.379318 0.422166 -0.514154 -0.118804 0.393207 -0.568056 -0.066160 0.507685 -0.600758 -0.004118 0.600822 -0.346871 -0.181010 0.462386 -0.368212 -0.079449 0.586299 -0.363582 0.030675 0.666864 -0.223602 -0.129238 0.447667 -0.253104 -0.027532 0.556185 -0.234605 0.096941 0.605504 -0.109979 -0.106728 0.395645 -0.163748 -0.042864 0.482373 -0.176001 0.066896 0.514086 
0.000000 0.000000 0.000000 -0.053423 0.037844 -0.036575 -0.357258 -0.051983 0.246890 -0.213102 -0.099626 0.284253 -0.099189 -0.117619 0.274542 -0.007954 -0.124052 0.250836 -0.196927 0.207492 0.183590 -0.286721 0.313646 0.321355 -0.386384 0.377052 0.422022 -0.500473 -0.139795 0.399201 -0.547641 -0.086798 0.516456 -0.566798 -0.014356 0.605777 -0.331386 -0.183212 0.472658 -0.343054 -0.078085 0.594874 -0.328872 0.036447 0.667817 -0.209347 -0.112867 0.454976 -0.230083 -0.003925 0.558380 -0.204362 0.122620 0.598292 -0.094366 -0.070520 0.393151 -0.151407 -0.024052 0.488431 -0.162477 0.086132 0.519094 
0.000000 0.000000 0.000000 -0.054901 0.036115 -0.036132 -0.353278 -0.062899 0.250058 -0.207378 -0.105966 0.286187 -0.093047 -0.120393 0.275488 -0.001866 -0.123989 0.250987 -0.198544 0.210837 0.179936 -0.288426 0.320167 0.315136 -0.389259 0.384081 0.414307 -0.482746 -0.156957 0.410717 -0.518375 -0.099326 0.529844 -0.524614 -0.018777 0.613904 -0.308176 -0.177103 0.489297 -0.300702 -0.059301 0.599711 -0.275438 0.059720 0.661639 -0.189045 -0.089623 0.461368 -0.197428 0.030587 0.553402 -0.165927 0.158940 0.581705 -0.076909 -0.048394 0.389695 -0.128563 0.003639 0.485172 -0.131307 0.116172 0.508238 
0.000000 0.000000 0.000000 -0.056102 0.034727 -0.035645 -0.350986 -0.078736 0.248796 -0.203699 -0.117268 0.284415 -0.088935 -0.127580 0.273606 0.002325 -0.127665 0.249133 -0.209602 0.213231 0.170317 -0.305652 0.324928 0.299194 -0.410453 0.386359 0.395786 -0.467785 -0.177040 0.416470 -0.489630 -0.110883 0.534488 -0.483689 -0.023020 0.610894 -0.294034 -0.170875 0.497583 -0.270158 -0.041647 0.591681 -0.233840 0.081320 0.638580 -0.175927 -0.078202 0.459906 -0.173313 0.052071 0.537450 -0.135729 0.181099 0.551844 -0.066890 -0.041340 0.384572 -0.114531 0.018079 0.477797 -0.108462 0.132224 0.489508 
0.000000 0.000000 0.000000 -0.056698 0.035429 -0.033971 -0.347629 -0.087863 0.250448 -0.199735 -0.126585 0.283231 -0.085053 -0.135938 0.270801 0.005914 -0.134804 0.245283 -0.226955 0.211716 0.160404 -0.333490 0.322024 0.282032 -0.442488 0.374842 0.379071 -0.455145 -0.187049 0.423719 -0.463119 -0.118371 0.542048 -0.443195 -0.026823 0.611439 -0.272848 -0.160352 0.506812 -0.232673 -0.021934 0.579962 -0.186991 0.103109 0.610240 -0.155711 -0.067224 0.457883 -0.137172 0.070698 0.518089 -0.089766 0.197189 0.513526 -0.057248 -0.049253 0.384128 -0.090114 0.032838 0.465812 -0.070570 0.145790 0.457874 
0.000000 0.000000 0.000000 -0.057991 0.034602 -0.032613 -0.342254 -0.101786 0.252571 -0.193031 -0.137282 0.282896 -0.078301 -0.143400 0.268983 0.012297 -0.139398 0.242463 -0.239824 0.206277 0.155299 -0.353603 0.313700 0.272882 -0.463558 0.355462 0.374137 -0.436307 -0.196548 0.435858 -0.425564 -0.123777 0.551491 -0.391358 -0.031034 0.613313 -0.240806 -0.148474 0.515418 -0.189960 -0.004407 0.568183 -0.139549 0.121669 0.582425 -0.125164 -0.053518 0.454559 -0.093174 0.088859 0.495746 -0.041256 0.211623 0.473349 -0.035604 -0.048378 0.383910 -0.049836 0.051797 0.449130 -0.023889 0.160554 0.422638 
0.000000 0.000000 0.000000 -0.059112 0.035341 -0.029677 -0.335634 -0.119476 0.253704 -0.185351 -0.154240 0.279271 -0.070853 -0.157945 0.262830 0.019126 -0.151265 0.234786 -0.253312 0.197646 0.154143 -0.374830 0.299206 0.269165 -0.488517 0.331244 0.369841 -0.414482 -0.212293 0.444984 -0.386335 -0.133865 0.553791 -0.342057 -0.040473 0.607739 -0.208993 -0.139905 0.515301 -0.148516 0.007254 0.543786 -0.093539 0.132132 0.539073 -0.094543 -0.050158 0.443203 -0.051765 0.094023 0.462503 0.001509 0.212103 0.423940 -0.008437 -0.050672 0.375170 -0.007778 0.060368 0.421656 0.018156 0.162605 0.376069 
0.000000 0.000000 0.000000 -0.060377 0.035579 -0.026696 -0.328569 -0.141390 0.251678 -0.177140 -0.174043 0.272888 -0.062879 -0.174153 0.254486 0.026443 -0.163810 0.225473 -0.273044 0.179163 0.152196 -0.406117 0.269009 0.264136 -0.527359 0.287366 0.359268 -0.384314 -0.230055 0.452803 -0.341843 -0.143200 0.549934 -0.292001 -0.046777 0.592494 -0.175513 -0.129046 0.506227 -0.111291 0.019253 0.508995 -0.056241 0.140968 0.480812 -0.061519 -0.041078 0.418812 -0.014533 0.103076 0.417185 0.036175 0.213271 0.357570 0.018121 -0.046849 0.355231 0.026903 0.070713 0.379592 0.047483 0.162647 0.313806 
0.000000 0.000000 0.000000 -0.061798 0.034902 -0.024223 -0.320935 -0.165007 0.247111 -0.168295 -0.193699 0.265132 -0.054307 -0.189083 0.245651 0.034299 -0.174309 0.216359 -0.278427 0.178182 0.150101 -0.429894 0.233606 0.260993 -0.559764 0.239235 0.345782 -0.358205 -0.241909 0.457152 -0.309246 -0.151957 0.548222 -0.256824 -0.053742 0.582849 -0.157148 -0.129980 0.493802 -0.089677 0.016424 0.482050 -0.032913 0.134946 0.445041 -0.043820 -0.045733 0.400746 0.003127 0.098199 0.392362 0.051460 0.206107 0.326881 0.037537 -0.048850 0.338162 0.048866 0.069827 0.354862 0.064366 0.157659 0.282417 
0.000000 0.000000 0.000000 -0.062344 0.037140 -0.018913 -0.311626 -0.178034 0.249966 -0.158739 -0.209535 0.258910 -0.045702 -0.204829 0.234527 0.041677 -0.189044 0.202229 -0.274104 0.164420 0.172931 -0.440103 0.205295 0.268245 -0.585373 0.210054 0.322658 -0.340442 -0.244686 0.464786 -0.291047 -0.158338 0.559052 -0.237774 -0.061282 0.595593 -0.136661 -0.162176 0.490738 -0.071118 -0.014467 0.487466 -0.017034 0.107683 0.459298 -0.021059 -0.074124 0.398912 0.023329 0.070526 0.408754 0.065252 0.186954 0.354395 0.053811 -0.072532 0.332091 0.064541 0.044326 0.358931 0.072244 0.140941 0.297212 
0.000000 0.000000 0.000000 -0.060996 0.041527 -0.013373 -0.303208 -0.163874 0.269259 -0.152488 -0.205337 0.265935 -0.041515 -0.207286 0.233142 0.044067 -0.196337 0.194631 -0.292394 0.144653 0.170111 -0.459238 0.196621 0.258278 -0.613499 0.209168 0.269813 -0.349895 -0.242421 0.476794 -0.310679 -0.168220 0.585138 -0.268243 -0.089172 0.659594 -0.147013 -0.200516 0.503467 -0.088853 -0.055649 0.545365 -0.038627 0.070189 0.562141 -0.021424 -0.117010 0.423301 0.017114 0.019714 0.476332 0.055582 0.149003 0.467811 0.062309 -0.097155 0.337517 0.069501 0.005783 0.399511 0.065299 0.118696 0.378627 
0.000000 0.000000 0.000000 -0.059513 0.043867 -0.012559 -0.302141 -0.145074 0.280988 -0.153499 -0.193120 0.274372 -0.043696 -0.200559 0.238565 0.041140 -0.194123 0.197471 -0.316797 0.135204 0.140113 -0.477789 0.192356 0.235645 -0.632098 0.206490 0.226932 -0.398747 -0.273118 0.441277 -0.402052 -0.249806 0.576287 -0.406529 -0.232689 0.691526 -0.204606 -0.266831 0.494438 -0.163478 -0.155780 0.604442 -0.129400 -0.063184 0.698803 -0.048968 -0.175689 0.448487 -0.023181 -0.061434 0.544777 0.006818 0.059129 0.597998 0.048320 -0.111982 0.351703 0.050844 -0.039065 0.447453 0.042427 0.074281 0.464336 
0.000000 0.000000 0.000000 -0.057849 0.044706 -0.016696 -0.313420 -0.119879 0.280512 -0.166140 -0.172371 0.280754 -0.055721 -0.184960 0.248457 0.030297 -0.183316 0.209400 -0.299707 0.158977 0.145456 -0.451046 0.230481 0.246919 -0.603199 0.261049 0.248344 -0.444281 -0.268463 0.391050 -0.500058 -0.300790 0.511987 -0.546930 -0.327197 0.615422 -0.260705 -0.308505 0.451046 -0.264634 -0.266489 0.607071 -0.264121 -0.223938 0.736796 -0.092748 -0.210935 0.455020 -0.089015 -0.131078 0.583859 -0.073162 -0.029205 0.671258 0.019688 -0.128472 0.375128 0.012385 -0.090722 0.489202 -0.000496 0.013690 0.535413 
0.000000 0.000000 0.000000 -0.055340 0.044824 -0.023499 -0.329070 -0.080860 0.276523 -0.184068 -0.138132 0.288402 -0.072987 -0.157640 0.262428 0.014560 -0.162811 0.227270 -0.270486 0.189613 0.151414 -0.405110 0.280212 0.260864 -0.549556 0.331510 0.285169 -0.484795 -0.217502 0.368711 -0.570985 -0.259386 0.466687 -0.642532 -0.290288 0.553399 -0.298028 -0.296238 0.424380 -0.343631 -0.298650 0.579426 -0.374195 -0.283185 0.711585 -0.139749 -0.207806 0.456696 -0.162278 -0.154041 0.596670 -0.162524 -0.061409 0.695094 -0.016795 -0.125441 0.395218 -0.038377 -0.099719 0.510820 -0.055845 0.000197 0.564809 
0.000000 0.000000 0.000000 -0.051662 0.044840 -0.030730 -0.347746 -0.040623 0.262132 -0.206626 -0.102828 0.287871 -0.095342 -0.129472 0.270542 -0.006306 -0.141672 0.241372 -0.249962 0.204908 0.150658 -0.374046 0.305069 0.264158 -0.506993 0.363098 0.319335 -0.521329 -0.154887 0.352866 -0.624160 -0.197052 0.433053 -0.707974 -0.219268 0.510994 -0.338194 -0.258827 0.409644 -0.410831 -0.274108 0.553223 -0.463199 -0.264520 0.678941 -0.186099 -0.175869 0.455810 -0.229853 -0.131653 0.594090 -0.242383 -0.039487 0.692153 -0.057283 -0.101202 0.403698 -0.092372 -0.073345 0.515430 -0.113355 0.026893 0.567538 
0.000000 0.000000 0.000000 -0.049111 0.044972 -0.034490 -0.359432 -0.022312 0.248195 -0.221226 -0.087057 0.282166 -0.110060 -0.117095 0.270595 -0.020230 -0.132579 0.245733 -0.232397 0.211561 0.156561 -0.347086 0.315802 0.276108 -0.463768 0.370583 0.362544 -0.544374 -0.123592 0.331617 -0.650901 -0.144611 0.415237 -0.738723 -0.154483 0.491283 -0.363701 -0.235608 0.400942 -0.442025 -0.235459 0.542328 -0.500898 -0.218438 0.664326 -0.210568 -0.151156 0.453493 -0.257638 -0.098411 0.587632 -0.270243 -0.002065 0.681582 -0.083877 -0.081009 0.400251 -0.127686 -0.045512 0.506609 -0.147267 0.057545 0.553502 
0.000000 0.000000 0.000000 -0.049150 0.044258 -0.035347 -0.362616 -0.025721 0.243184 -0.224143 -0.088687 0.279342 -0.112475 -0.117436 0.269452 -0.022125 -0.131933 0.245917 -0.214863 0.204399 0.176172 -0.318555 0.304606 0.308527 -0.421771 0.349348 0.415445 -0.549702 -0.117585 0.332515 -0.646599 -0.114294 0.429376 -0.729427 -0.112252 0.511404 -0.374099 -0.224098 0.404448 -0.447083 -0.207606 0.547716 -0.501893 -0.180698 0.669828 -0.205925 -0.159919 0.454319 -0.244962 -0.098824 0.587490 -0.253434 0.001221 0.677974 -0.088689 -0.075365 0.397428 -0.134507 -0.036428 0.501715 -0.150648 0.068154 0.546494 
0.000000 0.000000 0.000000 -0.049981 0.043947 -0.034561 -0.363388 -0.040486 0.240001 -0.223667 -0.101017 0.275511 -0.111281 -0.126832 0.265662 -0.020464 -0.138571 0.242385 -0.209580 0.188336 0.192432 -0.309448 0.278685 0.334470 -0.404635 0.304721 0.454255 -0.547637 -0.118305 0.346850 -0.626022 -0.095740 0.456980 -0.697210 -0.082664 0.548382 -0.372644 -0.226809 0.411366 -0.431290 -0.198156 0.559232 -0.475706 -0.165717 0.684188 -0.202151 -0.165843 0.452570 -0.236056 -0.098047 0.583890 -0.239694 0.005864 0.670246 -0.089245 -0.080607 0.392371 -0.136588 -0.040710 0.495609 -0.148478 0.064323 0.540662 
0.000000 0.000000 0.000000 -0.050593 0.044065 -0.033505 -0.366625 -0.062342 0.230195 -0.225871 -0.120405 0.265748 -0.112590 -0.142451 0.257055 -0.021025 -0.150432 0.235158 -0.213172 0.169776 0.202314 -0.314903 0.248439 0.349874 -0.405335 0.253961 0.475884 -0.551181 -0.135132 0.340018 -0.616824 -0.103459 0.456077 -0.679601 -0.084134 0.552403 -0.364330 -0.246203 0.412303 -0.405881 -0.199719 0.561425 -0.434344 -0.150328 0.685480 -0.204572 -0.173459 0.444916 -0.233357 -0.095243 0.571582 -0.226516 0.018767 0.643852 -0.093273 -0.085875 0.380757 -0.143003 -0.041439 0.480975 -0.149783 0.065832 0.521597 
0.000000 0.000000 0.000000 -0.051374 0.042506 -0.034319 -0.370401 -0.081519 0.217826 -0.228458 -0.134302 0.256724 -0.114142 -0.151472 0.251145 -0.021709 -0.155263 0.231934 -0.222150 0.161900 0.198977 -0.329010 0.236609 0.344958 -0.429889 0.245269 0.462582 -0.550333 -0.156462 0.333705 -0.609634 -0.123003 0.452641 -0.666208 -0.101097 0.552204 -0.353719 -0.262964 0.412384 -0.383237 -0.200970 0.558706 -0.394916 -0.128344 0.673721 -0.202698 -0.171537 0.442114 -0.220661 -0.074260 0.557029 -0.199021 0.051602 0.601282 -0.094772 -0.082033 0.372950 -0.145063 -0.031628 0.470014 -0.145842 0.079135 0.500577 
0.000000 0.000000 0.000000 -0.052040 0.041271 -0.034820 -0.372155 -0.097914 0.207856 -0.229369 -0.146397 0.249189 -0.114426 -0.159506 0.245990 -0.021505 -0.159774 0.228868 -0.230908 0.158631 0.193388 -0.342833 0.232068 0.336185 -0.453479 0.248813 0.443721 -0.546344 -0.177845 0.329055 -0.596492 -0.137643 0.450096 -0.647180 -0.112060 0.551926 -0.342161 -0.271509 0.416818 -0.359018 -0.190666 0.555760 -0.360425 -0.102761 0.660211 -0.198165 -0.157543 0.440148 -0.205931 -0.044009 0.540350 -0.173158 0.085779 0.559033 -0.091343 -0.074349 0.364558 -0.139412 -0.015550 0.457956 -0.130897 0.097844 0.474462 
0.000000 0.000000 0.000000 -0.052574 0.041550 -0.033667 -0.371595 -0.112229 0.201524 -0.228201 -0.159558 0.242080 -0.113016 -0.170431 0.239221 -0.019999 -0.168371 0.222761 -0.246553 0.154537 0.184169 -0.367932 0.225237 0.320477 -0.485115 0.239728 0.421200 -0.538799 -0.200785 0.326508 -0.582438 -0.159739 0.449767 -0.622504 -0.127986 0.554551 -0.324450 -0.284530 0.419824 -0.330906 -0.189048 0.550078 -0.323344 -0.087323 0.640820 -0.194787 -0.153905 0.433525 -0.192676 -0.027234 0.516837 -0.149437 0.100582 0.508993 -0.083407 -0.070428 0.353040 -0.127052 -0.003011 0.442714 -0.103817 0.109457 0.438944 
0.000000 0.000000 0.000000 -0.054555 0.040762 -0.031402 -0.366553 -0.147952 0.187188 -0.221077 -0.189696 0.226446 -0.105426 -0.193626 0.224590 -0.012515 -0.184979 0.209756 -0.273007 0.142153 0.168209 -0.409701 0.205597 0.293113 -0.526108 0.200309 0.395623 -0.520547 -0.247937 0.320264 -0.550604 -0.208354 0.447981 -0.567201 -0.165273 0.555041 -0.297224 -0.298296 0.423631 -0.281283 -0.183065 0.535846 -0.255759 -0.066677 0.602492 -0.174607 -0.168304 0.422798 -0.162453 -0.032262 0.488644 -0.116332 0.090708 0.456715 -0.062613 -0.075283 0.336417 -0.097097 0.000224 0.423601 -0.063018 0.107573 0.400842 
0.000000 0.000000 0.000000 -0.055630 0.042274 -0.027241 -0.362207 -0.174084 0.172601 -0.215630 -0.215904 0.207428 -0.099926 -0.216854 0.205026 -0.007304 -0.204583 0.190954 -0.300056 0.164876 0.124650 -0.449226 0.184823 0.249796 -0.548707 0.147789 0.363017 -0.513728 -0.291671 0.293575 -0.533671 -0.252577 0.423406 -0.530187 -0.198968 0.526881 -0.278577 -0.324822 0.409044 -0.248472 -0.201577 0.509189 -0.209062 -0.075374 0.543233 -0.146726 -0.184894 0.408746 -0.125037 -0.044017 0.460459 -0.081510 0.073019 0.408728 -0.041789 -0.089829 0.318346 -0.058633 0.000965 0.395572 -0.020762 0.100840 0.353217 
0.000000 0.000000 0.000000 -0.059025 0.041509 -0.020421 -0.344684 -0.216616 0.159878 -0.194704 -0.252660 0.185447 -0.079312 -0.245784 0.179851 0.011843 -0.225922 0.164894 -0.328824 0.161219 0.083136 -0.474565 0.134601 0.211050 -0.545515 0.056379 0.324779 -0.470197 -0.367493 0.273468 -0.466780 -0.325738 0.403955 -0.440008 -0.260551 0.496837 -0.229492 -0.352169 0.398431 -0.185773 -0.216290 0.474261 -0.143281 -0.086809 0.465976 -0.090867 -0.204662 0.386948 -0.067059 -0.058206 0.418168 -0.040105 0.055286 0.349897 -0.007203 -0.112943 0.297028 -0.006168 -0.001694 0.343006 0.018740 0.090260 0.278763 
0.000000 0.000000 0.000000 -0.061429 0.040618 -0.014161 -0.329617 -0.249690 0.142469 -0.177466 -0.281039 0.160189 -0.062720 -0.267975 0.152650 0.026957 -0.242151 0.137867 -0.340035 0.147069 0.080141 -0.480890 0.089179 0.203104 -0.528299 -0.018723 0.304081 -0.434785 -0.415322 0.256161 -0.415479 -0.367233 0.383034 -0.376409 -0.291161 0.462279 -0.191945 -0.374761 0.378090 -0.140505 -0.235097 0.441116 -0.099977 -0.107460 0.414552 -0.051451 -0.218517 0.357932 -0.031763 -0.068797 0.371606 -0.019712 0.039154 0.291172 0.015797 -0.129251 0.270965 0.018835 -0.010613 0.291144 0.032325 0.072842 0.213321 
0.000000 0.000000 0.000000 -0.062464 0.039677 -0.012161 -0.322763 -0.263525 0.132924 -0.169811 -0.291885 0.148678 -0.055454 -0.275715 0.141252 0.033497 -0.247103 0.127236 -0.343969 0.137566 0.082807 -0.482591 0.072766 0.204856 -0.521206 -0.041267 0.302796 -0.426060 -0.428107 0.249812 -0.409286 -0.381532 0.377606 -0.370199 -0.302901 0.454304 -0.186275 -0.382534 0.367735 -0.133967 -0.243594 0.431643 -0.092299 -0.117063 0.401758 -0.043440 -0.226482 0.346546 -0.028658 -0.075914 0.356618 -0.021994 0.026354 0.268498 0.020827 -0.138203 0.263495 0.021117 -0.018229 0.273373 0.030468 0.059889 0.189628 
0.000000 0.000000 0.000000 -0.063792 0.037763 -0.011331 -0.312508 -0.271226 0.141653 -0.158535 -0.295070 0.154718 -0.044850 -0.275736 0.144929 0.042964 -0.244753 0.128923 -0.347956 0.123265 0.087597 -0.487376 0.062551 0.210832 -0.521529 -0.050000 0.312088 -0.409331 -0.433886 0.266501 -0.393338 -0.380965 0.391902 -0.356763 -0.298025 0.465227 -0.172758 -0.381042 0.375808 -0.122981 -0.239038 0.434814 -0.084079 -0.112727 0.400587 -0.034463 -0.221910 0.349156 -0.025351 -0.070576 0.351605 -0.022902 0.026121 0.257203 0.025760 -0.135445 0.264356 0.021049 -0.015183 0.266826 0.026842 0.058519 0.178862 
0.000000 0.000000 0.000000 -0.064245 0.037801 -0.008218 -0.306404 -0.274489 0.148534 -0.152004 -0.298181 0.155307 -0.038808 -0.278394 0.141553 0.048278 -0.246912 0.122780 -0.347957 0.115508 0.098157 -0.486733 0.056285 0.222837 -0.516849 -0.056797 0.324780 -0.400795 -0.435910 0.276807 -0.382918 -0.384181 0.402451 -0.344203 -0.300484 0.473789 -0.160809 -0.383662 0.376870 -0.111462 -0.240063 0.432265 -0.074819 -0.113525 0.396420 -0.026382 -0.222521 0.345115 -0.018706 -0.071097 0.346766 -0.018534 0.023383 0.250115 0.032261 -0.136838 0.257738 0.025886 -0.016685 0.261475 0.029177 0.055188 0.171884 
0.000000 0.000000 0.000000 -0.064069 0.038304 -0.007201 -0.306957 -0.274582 0.147216 -0.152659 -0.299316 0.152455 -0.039452 -0.280042 0.138080 0.047680 -0.248847 0.119050 -0.347062 0.115150 0.101684 -0.484109 0.053031 0.226865 -0.514229 -0.061082 0.327650 -0.403609 -0.435786 0.274069 -0.383663 -0.387303 0.400693 -0.342568 -0.306130 0.473599 -0.160761 -0.389734 0.372076 -0.107872 -0.248092 0.429215 -0.068790 -0.121179 0.397514 -0.025089 -0.230039 0.343036 -0.016032 -0.078732 0.346941 -0.015315 0.020866 0.255575 0.034710 -0.139523 0.254940 0.029958 -0.019583 0.264062 0.033089 0.057274 0.178701 
0.000000 0.000000 0.000000 -0.064019 0.038201 -0.008138 -0.308304 -0.273908 0.145649 -0.154052 -0.298470 0.152712 -0.040711 -0.279188 0.139438 0.046596 -0.248037 0.121151 -0.345079 0.116822 0.104422 -0.479286 0.050408 0.230473 -0.515744 -0.062402 0.330630 -0.411340 -0.432365 0.270929 -0.390769 -0.388241 0.399038 -0.348452 -0.312606 0.477023 -0.166421 -0.396159 0.368995 -0.112434 -0.257626 0.432385 -0.070266 -0.129408 0.411855 -0.026231 -0.235314 0.345785 -0.014016 -0.085779 0.367717 -0.010131 0.024573 0.289772 0.035412 -0.138264 0.256838 0.030821 -0.021795 0.286924 0.033509 0.066333 0.213239 
0.000000 0.000000 0.000000 -0.064531 0.036923 -0.009819 -0.305242 -0.274100 0.151614 -0.150694 -0.296009 0.160646 -0.037558 -0.275369 0.147674 0.049408 -0.243430 0.129120 -0.345231 0.104172 0.110725 -0.480641 0.039149 0.236214 -0.528875 -0.067230 0.338409 -0.414387 -0.433430 0.270448 -0.400165 -0.400287 0.402665 -0.361104 -0.332457 0.489073 -0.171107 -0.403995 0.371352 -0.124009 -0.268461 0.445760 -0.083866 -0.138276 0.436815 -0.026359 -0.245175 0.356663 -0.015695 -0.098507 0.393618 -0.011224 0.020604 0.329896 0.036905 -0.132902 0.264078 0.029097 -0.027116 0.320996 0.028226 0.071768 0.262478 
0.000000 0.000000 0.000000 -0.065233 0.035208 -0.011354 -0.299838 -0.272888 0.164072 -0.144892 -0.291414 0.173843 -0.032181 -0.269208 0.159804 0.054144 -0.236466 0.139726 -0.340237 0.091989 0.126469 -0.478470 0.027772 0.249265 -0.551288 -0.066450 0.348798 -0.414829 -0.434882 0.273412 -0.412132 -0.415411 0.409042 -0.383101 -0.360212 0.507548 -0.166054 -0.419323 0.373006 -0.130125 -0.288690 0.461147 -0.098163 -0.155988 0.458321 -0.022470 -0.249670 0.370132 -0.016997 -0.105587 0.417045 -0.016439 0.018332 0.363083 0.038564 -0.136351 0.282276 0.028518 -0.032214 0.341823 0.025924 0.072162 0.293844 
0.000000 0.000000 0.000000 -0.065652 0.033513 -0.013804 -0.297880 -0.273753 0.166184 -0.142847 -0.288821 0.179762 -0.030317 -0.264775 0.167396 0.055761 -0.230919 0.148116 -0.328738 0.082499 0.148161 -0.476084 0.029719 0.265696 -0.572243 -0.050225 0.357615 -0.416311 -0.436311 0.270919 -0.420731 -0.426017 0.407508 -0.406176 -0.390864 0.517714 -0.161189 -0.421488 0.376072 -0.133708 -0.295580 0.473625 -0.108040 -0.161514 0.476215 -0.020862 -0.249852 0.378113 -0.015892 -0.106902 0.428428 -0.015522 0.019447 0.380431 0.037852 -0.128827 0.288980 0.026836 -0.028525 0.354627 0.025283 0.078198 0.312073 
0.000000 0.000000 0.000000 -0.065577 0.032449 -0.016451 -0.299938 -0.282939 0.145852 -0.145490 -0.295146 0.166911 -0.033017 -0.268596 0.160663 0.053180 -0.232637 0.146367 -0.327754 0.072073 0.149500 -0.477128 0.021445 0.265411 -0.575114 -0.058751 0.355156 -0.416781 -0.444442 0.253948 -0.425657 -0.440080 0.390638 -0.417663 -0.413418 0.503857 -0.167168 -0.433908 0.358612 -0.139391 -0.312507 0.461641 -0.112230 -0.179055 0.471235 -0.032329 -0.253152 0.371553 -0.029407 -0.110954 0.424108 -0.026970 0.015882 0.377474 0.027863 -0.135909 0.289856 0.014602 -0.034487 0.353330 0.017599 0.071596 0.309279 
0.000000 0.000000 0.000000 -0.064940 0.032681 -0.018401 -0.304042 -0.294138 0.111049 -0.150942 -0.305963 0.140501 -0.038674 -0.277926 0.142504 0.047707 -0.240296 0.135474 -0.334718 0.077550 0.133432 -0.477281 0.012465 0.250697 -0.563292 -0.078089 0.342832 -0.418540 -0.450893 0.228259 -0.422100 -0.441239 0.364920 -0.410661 -0.412034 0.477211 -0.174008 -0.436050 0.338035 -0.143423 -0.313658 0.439076 -0.113274 -0.181434 0.454795 -0.048771 -0.263433 0.353221 -0.046052 -0.121955 0.407696 -0.038789 0.004666 0.360981 0.016129 -0.143333 0.277556 0.001201 -0.042885 0.342198 0.010215 0.061731 0.295535 
0.000000 0.000000 0.000000 -0.064440 0.031899 -0.021304 -0.301796 -0.308393 0.071441 -0.150937 -0.317695 0.111468 -0.040059 -0.286740 0.123376 0.045366 -0.246396 0.124908 -0.341184 0.076739 0.117435 -0.483290 0.006385 0.232184 -0.559964 -0.093475 0.322937 -0.414723 -0.460498 0.196066 -0.418612 -0.450664 0.332705 -0.406444 -0.420010 0.444533 -0.178815 -0.445475 0.309885 -0.146106 -0.324249 0.411664 -0.112724 -0.193259 0.430811 -0.056223 -0.268802 0.333449 -0.058762 -0.127628 0.388714 -0.053345 -0.001852 0.339531 0.007280 -0.150950 0.266420 -0.009975 -0.048263 0.326827 0.001836 0.053482 0.274754 
0.000000 0.000000 0.000000 -0.064895 0.029021 -0.023881 -0.287988 -0.325624 0.048191 -0.139085 -0.328040 0.095823 -0.030787 -0.291625 0.114250 0.052150 -0.246900 0.121209 -0.346655 0.065160 0.107083 -0.488155 -0.008998 0.220174 -0.554240 -0.116605 0.310398 -0.393817 -0.477202 0.179509 -0.400077 -0.465782 0.315937 -0.388853 -0.430007 0.426333 -0.164684 -0.454277 0.295532 -0.136872 -0.332991 0.398687 -0.107707 -0.201576 0.421463 -0.048681 -0.271639 0.323998 -0.061059 -0.130794 0.378775 -0.064353 -0.004659 0.330328 0.006722 -0.142193 0.253719 -0.019496 -0.045864 0.320985 -0.011802 0.055760 0.267915 