82
0.000000 0.000000 0.000000 -0.064175 -0.024494 -0.030092 -0.108733 -0.307737 0.291145 -0.010356 -0.221538 0.294874 0.053789 -0.147621 0.272692 0.093411 -0.093250 0.246881 -0.153191 -0.028906 0.269747 -0.208891 -0.031666 0.457366 -0.217313 -0.049317 0.611328 -0.114147 -0.354115 0.513046 -0.117420 -0.382144 0.647156 -0.142230 -0.359279 0.758757 0.010092 -0.263602 0.527870 0.024000 -0.292212 0.686340 -0.012020 -0.210901 0.789927 0.096482 -0.200731 0.472868 0.094222 -0.187649 0.623913 0.046554 -0.107913 0.722086 0.078720 -0.071271 0.419761 0.068609 -0.056143 0.538757 0.015533 0.033028 0.588099 
0.000000 0.000000 0.000000 -0.061009 -0.025354 -0.035482 -0.114280 -0.326503 0.267631 -0.020063 -0.236873 0.282181 0.042215 -0.159470 0.268017 0.081101 -0.102332 0.247633 -0.176347 -0.054164 0.253851 -0.248518 -0.072192 0.434897 -0.267688 -0.099076 0.586543 -0.136301 -0.388271 0.484702 -0.149609 -0.425601 0.615894 -0.183923 -0.411339 0.726403 -0.024250 -0.297431 0.511941 -0.027097 -0.338619 0.668210 -0.075590 -0.265762 0.772994 0.048205 -0.200545 0.475359 0.052499 -0.229998 0.624036 -0.006690 -0.159146 0.722751 0.049619 -0.092471 0.419382 0.027949 -0.085684 0.537601 -0.034780 -0.001632 0.584541 
0.000000 0.000000 0.000000 -0.058513 -0.023754 -0.040446 -0.131254 -0.337222 0.245651 -0.038304 -0.248426 0.270101 0.024680 -0.170597 0.263313 0.064755 -0.112718 0.247937 -0.197243 -0.070164 0.236043 -0.284051 -0.099204 0.409052 -0.314260 -0.133650 0.557335 -0.170428 -0.412822 0.455818 -0.194104 -0.458513 0.582837 -0.238750 -0.450793 0.690262 -0.062812 -0.319176 0.495641 -0.079480 -0.367296 0.649040 -0.139167 -0.301552 0.752744 0.004955 -0.222256 0.467411 -0.009189 -0.259298 0.613762 -0.080761 -0.196454 0.709658 0.015482 -0.119621 0.415600 -0.018433 -0.124373 0.531005 -0.089405 -0.045316 0.574777 
0.000000 0.000000 0.000000 -0.054692 -0.021281 -0.046688 -0.154218 -0.347708 0.215885 -0.063542 -0.260965 0.252976 0.000084 -0.183412 0.255747 0.041599 -0.125180 0.246922 -0.218775 -0.083955 0.212146 -0.321448 -0.123172 0.374107 -0.367217 -0.164601 0.516500 -0.214838 -0.434328 0.416490 -0.251476 -0.486678 0.537730 -0.307407 -0.484356 0.640002 -0.113930 -0.344979 0.469487 -0.148200 -0.402121 0.616745 -0.218976 -0.344054 0.718029 -0.036659 -0.241726 0.455654 -0.063006 -0.283541 0.599001 -0.144057 -0.228226 0.691947 -0.019743 -0.134903 0.410412 -0.061966 -0.141596 0.522945 -0.138955 -0.064156 0.558706 
0.000000 0.000000 0.000000 -0.050035 -0.019266 -0.052433 -0.170433 -0.358076 0.184458 -0.084220 -0.272832 0.233681 -0.021742 -0.195254 0.245865 0.019932 -0.136513 0.243594 -0.231947 -0.090841 0.191763 -0.345775 -0.135628 0.344564 -0.400842 -0.183444 0.481561 -0.247264 -0.455232 0.374399 -0.293698 -0.513951 0.489194 -0.357291 -0.517707 0.586842 -0.150584 -0.363798 0.442955 -0.195721 -0.425667 0.585291 -0.273157 -0.374699 0.685516 -0.071623 -0.266588 0.438574 -0.107392 -0.317740 0.576759 -0.194934 -0.271693 0.668867 -0.053814 -0.153194 0.401295 -0.104576 -0.164675 0.509843 -0.183748 -0.087192 0.540360 
0.000000 0.000000 0.000000 -0.050481 -0.013251 -0.053851 -0.194782 -0.355923 0.163307 -0.104032 -0.279031 0.217844 -0.036983 -0.206310 0.234765 0.008307 -0.150278 0.236048 -0.245051 -0.094683 0.177141 -0.366801 -0.145637 0.321681 -0.428319 -0.196023 0.454961 -0.284123 -0.464061 0.341477 -0.338117 -0.529418 0.449158 -0.407861 -0.535531 0.542387 -0.186761 -0.384570 0.414038 -0.243028 -0.456351 0.547477 -0.325826 -0.411656 0.646403 -0.104234 -0.287214 0.418192 -0.152457 -0.345228 0.549721 -0.245392 -0.307810 0.640446 -0.075034 -0.173236 0.388079 -0.132399 -0.189038 0.492725 -0.212160 -0.112528 0.524150 
0.000000 0.000000 0.000000 -0.046932 -0.010904 -0.057466 -0.214899 -0.353312 0.142405 -0.126199 -0.279916 0.204593 -0.058621 -0.209368 0.227541 -0.012086 -0.154628 0.233056 -0.257920 -0.090516 0.159311 -0.389942 -0.140332 0.294956 -0.459452 -0.190546 0.424316 -0.318863 -0.462876 0.311542 -0.381696 -0.529093 0.413764 -0.458083 -0.536456 0.501536 -0.222364 -0.389164 0.392453 -0.287770 -0.463468 0.520224 -0.375808 -0.420946 0.615516 -0.140715 -0.294608 0.402779 -0.199581 -0.355729 0.528437 -0.297207 -0.322988 0.615988 -0.103444 -0.179231 0.380143 -0.166328 -0.196166 0.481386 -0.246913 -0.119941 0.511369 
0.000000 0.000000 0.000000 -0.045283 -0.008027 -0.059236 -0.232906 -0.347373 0.127974 -0.143715 -0.278600 0.194589 -0.074362 -0.211137 0.221219 -0.026014 -0.158336 0.229400 -0.268278 -0.089427 0.144463 -0.407814 -0.140362 0.271925 -0.482439 -0.190822 0.398304 -0.349880 -0.461718 0.285016 -0.420576 -0.530825 0.379929 -0.502840 -0.537792 0.462253 -0.256446 -0.392863 0.369833 -0.333119 -0.470578 0.489023 -0.427045 -0.429694 0.579277 -0.171623 -0.301637 0.385730 -0.241364 -0.366531 0.503694 -0.343655 -0.338889 0.587602 -0.127174 -0.190543 0.368380 -0.196805 -0.212712 0.464043 -0.277830 -0.136757 0.493520 
0.000000 0.000000 0.000000 -0.044084 -0.005468 -0.060420 -0.254412 -0.334668 0.120672 -0.163443 -0.270909 0.189821 -0.091301 -0.207311 0.218478 -0.040430 -0.157192 0.228095 -0.275345 -0.078228 0.137243 -0.420053 -0.123756 0.260927 -0.496675 -0.170077 0.387696 -0.383234 -0.441965 0.273356 -0.461090 -0.506812 0.365635 -0.546937 -0.506446 0.444523 -0.287952 -0.384097 0.357631 -0.372636 -0.461081 0.471766 -0.468084 -0.417861 0.559293 -0.197449 -0.293081 0.380001 -0.273564 -0.354583 0.495824 -0.377784 -0.328335 0.577783 -0.145366 -0.187293 0.364728 -0.217596 -0.208012 0.458775 -0.297460 -0.131515 0.489969 
0.000000 0.000000 0.000000 -0.043981 -0.002689 -0.060683 -0.277199 -0.316274 0.120089 -0.182554 -0.258566 0.189617 -0.106454 -0.199890 0.218535 -0.052369 -0.153291 0.228321 -0.280351 -0.060102 0.135987 -0.428257 -0.096027 0.259050 -0.508992 -0.134650 0.385845 -0.413506 -0.416445 0.271107 -0.495886 -0.476985 0.362378 -0.582756 -0.472158 0.439990 -0.318505 -0.363033 0.354173 -0.410971 -0.434085 0.466093 -0.505878 -0.386809 0.552099 -0.220233 -0.282889 0.376267 -0.301820 -0.342404 0.489370 -0.405542 -0.314339 0.571359 -0.160225 -0.177054 0.363926 -0.234464 -0.193411 0.457266 -0.311271 -0.114719 0.490605 
0.000000 0.000000 0.000000 -0.043379 -0.001463 -0.061156 -0.293973 -0.300137 0.121605 -0.197347 -0.246111 0.191366 -0.118740 -0.190840 0.220289 -0.062508 -0.146840 0.230004 -0.283552 -0.048298 0.133703 -0.433837 -0.077605 0.255632 -0.515215 -0.111093 0.383472 -0.435573 -0.395880 0.270611 -0.521153 -0.453745 0.360666 -0.609385 -0.445496 0.436430 -0.339462 -0.343348 0.355142 -0.436121 -0.409483 0.466533 -0.531284 -0.359333 0.550605 -0.236928 -0.265699 0.378849 -0.321677 -0.319378 0.492546 -0.425705 -0.289196 0.573387 -0.170822 -0.168638 0.365574 -0.245377 -0.183641 0.458889 -0.320803 -0.104177 0.493524 
0.000000 0.000000 0.000000 -0.043803 -0.000123 -0.060870 -0.308616 -0.282194 0.128113 -0.208805 -0.232275 0.196434 -0.127193 -0.180801 0.224007 -0.068649 -0.139695 0.232688 -0.284961 -0.031655 0.135839 -0.435862 -0.051386 0.258927 -0.514713 -0.078311 0.389865 -0.457372 -0.367025 0.276758 -0.547276 -0.418294 0.366595 -0.635435 -0.402784 0.441299 -0.358015 -0.321069 0.358687 -0.459500 -0.381461 0.469042 -0.553116 -0.326568 0.551880 -0.249810 -0.248112 0.382588 -0.337735 -0.296379 0.496300 -0.440725 -0.261569 0.576608 -0.179529 -0.156517 0.366885 -0.255850 -0.168096 0.459256 -0.328482 -0.086468 0.494816 
0.000000 0.000000 0.000000 -0.044457 0.001415 -0.060378 -0.320666 -0.265237 0.134585 -0.217728 -0.219613 0.201251 -0.133361 -0.171958 0.227358 -0.072764 -0.133711 0.234942 -0.284232 -0.017498 0.139614 -0.434268 -0.029334 0.264755 -0.512683 -0.049923 0.397095 -0.470757 -0.340989 0.286750 -0.561468 -0.386773 0.378715 -0.647779 -0.365963 0.454282 -0.369739 -0.298741 0.365889 -0.473127 -0.352560 0.477867 -0.563611 -0.292935 0.560914 -0.256667 -0.233081 0.387898 -0.345085 -0.276911 0.503016 -0.445563 -0.237414 0.584331 -0.182175 -0.146096 0.370817 -0.257485 -0.154621 0.464343 -0.325907 -0.070440 0.502226 
0.000000 0.000000 0.000000 -0.044372 0.002413 -0.060408 -0.326717 -0.257830 0.134425 -0.222812 -0.214546 0.201152 -0.137400 -0.168818 0.227306 -0.075952 -0.131960 0.234923 -0.285648 -0.013594 0.138025 -0.436623 -0.023609 0.262193 -0.514729 -0.043270 0.394856 -0.478656 -0.332464 0.285304 -0.570483 -0.377570 0.376491 -0.657312 -0.355134 0.450993 -0.378277 -0.292075 0.363307 -0.484015 -0.344805 0.473596 -0.575098 -0.283510 0.554752 -0.263388 -0.227996 0.386487 -0.353730 -0.270431 0.500629 -0.454706 -0.229632 0.580674 -0.186545 -0.142762 0.369974 -0.262669 -0.150197 0.462932 -0.330899 -0.065974 0.501066 
0.000000 0.000000 0.000000 -0.042417 0.000490 -0.061842 -0.332274 -0.251463 0.132855 -0.230297 -0.206335 0.201312 -0.145501 -0.160105 0.228565 -0.084118 -0.123281 0.236848 -0.288401 -0.007233 0.131234 -0.442322 -0.012067 0.252049 -0.520746 -0.029573 0.384826 -0.490158 -0.317645 0.281559 -0.585578 -0.357644 0.371432 -0.674434 -0.331299 0.442170 -0.392212 -0.279003 0.359354 -0.502337 -0.328426 0.466846 -0.596433 -0.266992 0.544377 -0.276612 -0.213690 0.385576 -0.370627 -0.252113 0.498162 -0.473691 -0.210385 0.575004 -0.198114 -0.132636 0.369149 -0.276580 -0.139076 0.460215 -0.347650 -0.056874 0.497564 
0.000000 0.000000 0.000000 -0.041325 -0.000455 -0.062578 -0.337191 -0.245026 0.132495 -0.235950 -0.199428 0.201727 -0.151155 -0.153471 0.229445 -0.089539 -0.117102 0.237994 -0.289394 -0.002560 0.127957 -0.444620 -0.003876 0.247181 -0.526057 -0.017034 0.378641 -0.498040 -0.306624 0.279986 -0.595252 -0.343852 0.369125 -0.684747 -0.314499 0.437843 -0.401472 -0.266528 0.358489 -0.514051 -0.312166 0.465109 -0.609598 -0.249542 0.539863 -0.285346 -0.204787 0.384600 -0.381569 -0.241583 0.495857 -0.485539 -0.198481 0.570693 -0.205819 -0.124893 0.368396 -0.285856 -0.130255 0.458154 -0.357888 -0.049228 0.496221 
0.000000 0.000000 0.000000 -0.041712 0.000913 -0.062315 -0.344259 -0.233753 0.134669 -0.241130 -0.191526 0.203251 -0.154690 -0.148398 0.230424 -0.091853 -0.114085 0.238577 -0.290641 0.004709 0.127069 -0.446404 0.007085 0.245574 -0.528541 -0.002429 0.376913 -0.507425 -0.289421 0.281972 -0.606038 -0.323065 0.370998 -0.694981 -0.290055 0.438767 -0.411107 -0.253405 0.357373 -0.526716 -0.295491 0.462196 -0.622038 -0.230898 0.535550 -0.290357 -0.194230 0.386012 -0.387640 -0.227094 0.497578 -0.491026 -0.181807 0.571931 -0.209665 -0.117938 0.367773 -0.290758 -0.120591 0.456701 -0.362168 -0.039482 0.495755 
0.000000 0.000000 0.000000 -0.041482 0.001143 -0.062464 -0.350950 -0.222239 0.136872 -0.246910 -0.181855 0.205187 -0.159402 -0.140717 0.232026 -0.095672 -0.108022 0.239894 -0.288911 0.014449 0.128449 -0.443737 0.022775 0.247910 -0.524498 0.017898 0.380351 -0.515869 -0.271824 0.284396 -0.615542 -0.301792 0.373555 -0.703661 -0.265214 0.440564 -0.419484 -0.237057 0.358957 -0.536859 -0.274602 0.463543 -0.630991 -0.207637 0.536304 -0.297761 -0.181901 0.386539 -0.396973 -0.211433 0.497335 -0.499610 -0.164940 0.571982 -0.214469 -0.108812 0.368241 -0.296239 -0.109356 0.456585 -0.366152 -0.027487 0.496745 
0.000000 0.000000 0.000000 -0.041609 0.002124 -0.062355 -0.356470 -0.212318 0.138350 -0.251183 -0.174614 0.206287 -0.162517 -0.135804 0.232791 -0.097902 -0.104833 0.240409 -0.288939 0.021143 0.128203 -0.443702 0.033043 0.247442 -0.526006 0.031946 0.379016 -0.524472 -0.254561 0.284674 -0.626009 -0.280092 0.373109 -0.713527 -0.239359 0.438489 -0.426165 -0.223274 0.359545 -0.545177 -0.256370 0.463782 -0.638966 -0.187928 0.535606 -0.302872 -0.171588 0.386849 -0.403515 -0.197248 0.497318 -0.505861 -0.149814 0.571771 -0.217353 -0.102993 0.368136 -0.299574 -0.101726 0.456053 -0.368905 -0.019538 0.496568 
0.000000 0.000000 0.000000 -0.041062 0.000635 -0.062749 -0.357101 -0.210271 0.139840 -0.252522 -0.170781 0.207855 -0.164200 -0.131142 0.234279 -0.099739 -0.099823 0.241782 -0.288032 0.025005 0.127666 -0.442570 0.040254 0.246815 -0.530224 0.041964 0.374881 -0.526270 -0.240264 0.287835 -0.628511 -0.258390 0.377279 -0.714271 -0.212151 0.441313 -0.428184 -0.213491 0.362105 -0.547659 -0.242539 0.467017 -0.640343 -0.172070 0.538314 -0.304007 -0.161441 0.390002 -0.404256 -0.183167 0.501665 -0.505031 -0.130528 0.574751 -0.219235 -0.095720 0.369415 -0.301487 -0.092895 0.457267 -0.369578 -0.009015 0.496393 
0.000000 0.000000 0.000000 -0.041278 0.000412 -0.062609 -0.357880 -0.207015 0.142676 -0.252823 -0.167653 0.210024 -0.164168 -0.128357 0.235838 -0.099491 -0.097378 0.242879 -0.285969 0.027673 0.130341 -0.439080 0.044732 0.251077 -0.530095 0.049923 0.376681 -0.525732 -0.227050 0.293821 -0.627176 -0.239158 0.385169 -0.710634 -0.187622 0.448193 -0.425371 -0.207141 0.368587 -0.542729 -0.233997 0.476433 -0.631856 -0.157392 0.545911 -0.301352 -0.155567 0.394438 -0.399722 -0.175077 0.508163 -0.498424 -0.116077 0.579192 -0.217987 -0.090461 0.371320 -0.299551 -0.085700 0.459728 -0.365020 0.000813 0.497575 
0.000000 0.000000 0.000000 -0.041891 0.001033 -0.062193 -0.359072 -0.202613 0.145963 -0.252853 -0.164701 0.212312 -0.163447 -0.126584 0.237293 -0.098310 -0.096447 0.243730 -0.284550 0.027579 0.133404 -0.436391 0.044190 0.255795 -0.533991 0.053836 0.376078 -0.525428 -0.222456 0.298777 -0.625969 -0.234449 0.391134 -0.708665 -0.182043 0.454444 -0.422601 -0.204314 0.373838 -0.538054 -0.231257 0.483698 -0.625854 -0.151080 0.550796 -0.297785 -0.152750 0.398483 -0.394113 -0.171513 0.514067 -0.491578 -0.107518 0.582428 -0.216811 -0.085653 0.371899 -0.298377 -0.078223 0.460120 -0.362501 0.010181 0.495842 
0.000000 0.000000 0.000000 -0.041685 -0.000886 -0.062334 -0.356221 -0.205546 0.148820 -0.250868 -0.164590 0.214739 -0.162185 -0.124524 0.239241 -0.097572 -0.093201 0.245284 -0.281373 0.025606 0.136900 -0.431354 0.042184 0.261567 -0.538901 0.057865 0.372358 -0.521607 -0.222055 0.303077 -0.621561 -0.232033 0.396306 -0.704209 -0.179869 0.459878 -0.414025 -0.203084 0.383180 -0.524994 -0.229266 0.497744 -0.611766 -0.145532 0.561764 -0.293164 -0.146044 0.403846 -0.387084 -0.161476 0.521879 -0.481979 -0.089043 0.585254 -0.214790 -0.078530 0.374245 -0.295474 -0.068431 0.463011 -0.356990 0.023541 0.493998 
0.000000 0.000000 0.000000 -0.042578 -0.001643 -0.061711 -0.352406 -0.207238 0.155411 -0.246428 -0.165011 0.219503 -0.157714 -0.124093 0.242433 -0.093266 -0.092233 0.247317 -0.281342 0.022533 0.138922 -0.430745 0.037660 0.264464 -0.543849 0.052252 0.369734 -0.513797 -0.226997 0.313470 -0.611337 -0.238939 0.408997 -0.693086 -0.188779 0.475286 -0.404464 -0.204662 0.392497 -0.511951 -0.231629 0.510157 -0.596331 -0.142460 0.569892 -0.282120 -0.144571 0.412189 -0.371327 -0.159256 0.533916 -0.462113 -0.077451 0.591656 -0.210129 -0.073841 0.376124 -0.290568 -0.061181 0.464784 -0.349666 0.033977 0.490384 
0.000000 0.000000 0.000000 -0.043464 -0.001244 -0.061100 -0.350250 -0.208012 0.159204 -0.243335 -0.166231 0.222019 -0.154275 -0.125498 0.243917 -0.089746 -0.093699 0.248067 -0.280802 0.020115 0.141535 -0.429313 0.033479 0.268330 -0.547864 0.049042 0.367276 -0.509982 -0.229458 0.318722 -0.606520 -0.242418 0.415131 -0.687390 -0.193890 0.483674 -0.396410 -0.207821 0.398974 -0.500521 -0.236109 0.519328 -0.581226 -0.143192 0.578426 -0.276141 -0.143690 0.415765 -0.363526 -0.156736 0.538990 -0.450758 -0.069101 0.593566 -0.206483 -0.074673 0.376895 -0.286836 -0.061576 0.465570 -0.342766 0.036368 0.487521 
0.000000 0.000000 0.000000 -0.045132 0.000087 -0.059892 -0.346228 -0.210598 0.164514 -0.237527 -0.170305 0.225199 -0.147802 -0.130189 0.245462 -0.083108 -0.098600 0.248480 -0.279207 0.017032 0.146913 -0.425675 0.027635 0.276318 -0.553593 0.050120 0.361279 -0.501744 -0.233857 0.327897 -0.595734 -0.247915 0.426640 -0.674113 -0.200461 0.498738 -0.382745 -0.211106 0.408833 -0.481514 -0.238855 0.533730 -0.555167 -0.140877 0.593853 -0.263825 -0.140985 0.421915 -0.347021 -0.148725 0.548443 -0.427531 -0.053480 0.600545 -0.200416 -0.073322 0.375705 -0.281161 -0.055923 0.463276 -0.332185 0.045889 0.478577 
0.000000 0.000000 0.000000 -0.047288 0.001831 -0.058176 -0.341192 -0.213055 0.171714 -0.230117 -0.174847 0.229373 -0.139483 -0.135693 0.247342 -0.074542 -0.104501 0.248785 -0.279233 0.011051 0.151497 -0.424369 0.016820 0.282697 -0.556305 0.033444 0.362719 -0.489254 -0.243827 0.340685 -0.578738 -0.262424 0.442806 -0.653389 -0.217217 0.520115 -0.358182 -0.219364 0.424545 -0.445285 -0.249642 0.557289 -0.510855 -0.148390 0.621226 -0.249231 -0.145282 0.427834 -0.327928 -0.152157 0.557257 -0.403399 -0.053006 0.609614 -0.190940 -0.074663 0.375857 -0.271060 -0.054125 0.463324 -0.318135 0.049905 0.476158 
0.000000 0.000000 0.000000 -0.048770 0.003290 -0.056873 -0.338260 -0.213807 0.176513 -0.225427 -0.177522 0.231960 -0.134054 -0.139383 0.248290 -0.068855 -0.108701 0.248625 -0.280508 0.006557 0.153206 -0.425514 0.008602 0.284660 -0.559116 0.017641 0.363117 -0.482507 -0.253454 0.346928 -0.569686 -0.277415 0.449922 -0.642582 -0.234189 0.529989 -0.341888 -0.224392 0.433739 -0.421096 -0.256270 0.570977 -0.481090 -0.150953 0.633814 -0.239090 -0.147145 0.431651 -0.314407 -0.152711 0.563131 -0.386049 -0.050204 0.614394 -0.184515 -0.073624 0.375032 -0.264125 -0.049480 0.462041 -0.308321 0.056121 0.471953 
0.000000 0.000000 0.000000 -0.051568 0.004127 -0.054292 -0.328626 -0.217592 0.189602 -0.213213 -0.181967 0.239928 -0.121198 -0.143882 0.252300 -0.056115 -0.113048 0.249885 -0.282139 -0.000652 0.157039 -0.426415 -0.003643 0.289275 -0.566990 -0.003849 0.355045 -0.461452 -0.267723 0.366418 -0.541729 -0.298021 0.473282 -0.609692 -0.262322 0.561030 -0.311425 -0.219481 0.453051 -0.378224 -0.244995 0.598005 -0.425864 -0.129885 0.653858 -0.221842 -0.125042 0.437312 -0.294011 -0.111533 0.569977 -0.341351 0.012215 0.596691 -0.162987 -0.062741 0.378856 -0.236550 -0.028113 0.467630 -0.264708 0.083282 0.468766 
0.000000 0.000000 0.000000 -0.053164 0.003545 -0.052773 -0.316448 -0.231147 0.194222 -0.200811 -0.192918 0.242064 -0.109686 -0.152245 0.252659 -0.045663 -0.119374 0.249070 -0.281668 -0.018357 0.159718 -0.424652 -0.032062 0.292680 -0.565324 -0.050559 0.355577 -0.435221 -0.293438 0.377068 -0.507005 -0.331085 0.487576 -0.567745 -0.300697 0.582341 -0.279304 -0.227365 0.463709 -0.332691 -0.250795 0.614459 -0.369892 -0.127289 0.659200 -0.201443 -0.129526 0.441811 -0.269641 -0.059615 0.557795 -0.293819 0.073064 0.548855 -0.148247 -0.052898 0.374145 -0.218858 -0.007142 0.460236 -0.236142 0.105880 0.448819 
0.000000 0.000000 0.000000 -0.053849 0.004340 -0.052013 -0.312684 -0.236962 0.193308 -0.196659 -0.199078 0.240480 -0.105630 -0.158113 0.250776 -0.041838 -0.124808 0.247070 -0.280050 -0.030353 0.161238 -0.421591 -0.052062 0.294676 -0.562993 -0.076664 0.353730 -0.429850 -0.308116 0.373944 -0.500662 -0.351120 0.483115 -0.561064 -0.323745 0.579008 -0.272363 -0.239630 0.462062 -0.323852 -0.267210 0.612770 -0.358554 -0.141756 0.653958 -0.197246 -0.146682 0.441012 -0.262308 -0.062894 0.549351 -0.276977 0.070503 0.533282 -0.143360 -0.052308 0.369640 -0.213239 -0.002405 0.454008 -0.225360 0.110541 0.436706 
0.000000 0.000000 0.000000 -0.055635 0.005545 -0.049979 -0.308004 -0.236257 0.201510 -0.189967 -0.200146 0.244931 -0.098202 -0.160232 0.252445 -0.034238 -0.127525 0.246853 -0.280867 -0.031229 0.163948 -0.421802 -0.054240 0.297810 -0.565573 -0.080198 0.350183 -0.417870 -0.309106 0.386017 -0.484270 -0.353134 0.497528 -0.537858 -0.314037 0.593407 -0.253684 -0.249143 0.468569 -0.303099 -0.238337 0.622081 -0.327498 -0.106175 0.646111 -0.182750 -0.150076 0.445996 -0.235370 -0.047701 0.544695 -0.237409 0.085044 0.519346 -0.124199 -0.047427 0.373651 -0.186120 0.007705 0.460929 -0.189276 0.119625 0.435101 
0.000000 0.000000 0.000000 -0.057074 0.007598 -0.048050 -0.307049 -0.231527 0.208342 -0.186809 -0.198908 0.248345 -0.093890 -0.161343 0.253376 -0.029352 -0.130123 0.246125 -0.282571 -0.031026 0.165270 -0.423673 -0.055196 0.298751 -0.570641 -0.077865 0.343176 -0.414572 -0.305639 0.393724 -0.479555 -0.350430 0.505764 -0.527853 -0.301059 0.599694 -0.245602 -0.250617 0.472720 -0.292051 -0.217601 0.623971 -0.308752 -0.082548 0.634976 -0.174606 -0.151074 0.448550 -0.220243 -0.041117 0.542451 -0.215835 0.090248 0.510956 -0.115344 -0.044439 0.372021 -0.174534 0.014539 0.458678 -0.172246 0.124637 0.425868 
0.000000 0.000000 0.000000 -0.057813 0.008716 -0.046964 -0.304950 -0.233177 0.209582 -0.183873 -0.201910 0.248114 -0.090660 -0.164965 0.252217 -0.026065 -0.133999 0.244410 -0.286152 -0.031088 0.163091 -0.429032 -0.055995 0.294529 -0.576434 -0.081113 0.336107 -0.416502 -0.310525 0.391222 -0.483922 -0.357272 0.501001 -0.530023 -0.299960 0.591462 -0.242354 -0.263656 0.470019 -0.287717 -0.203975 0.613214 -0.296606 -0.067845 0.607816 -0.169585 -0.154663 0.448121 -0.209940 -0.036512 0.534161 -0.200382 0.092241 0.494171 -0.107673 -0.042231 0.368929 -0.163846 0.020935 0.454637 -0.156681 0.127491 0.412238 
0.000000 0.000000 0.000000 -0.060590 0.014878 -0.041610 -0.300272 -0.234098 0.215232 -0.175238 -0.211415 0.246441 -0.080199 -0.179199 0.245972 -0.014848 -0.150727 0.235440 -0.294977 -0.032850 0.159962 -0.441641 -0.062715 0.286091 -0.586149 -0.097407 0.330824 -0.403001 -0.322463 0.397052 -0.465087 -0.375869 0.506940 -0.495025 -0.303840 0.593592 -0.226157 -0.274600 0.469799 -0.261213 -0.175191 0.592329 -0.259165 -0.043830 0.555186 -0.146873 -0.170328 0.446445 -0.166625 -0.033099 0.507837 -0.145606 0.085463 0.446444 -0.079403 -0.048127 0.361504 -0.123838 0.022494 0.448277 -0.109733 0.119250 0.387923 
0.000000 0.000000 0.000000 -0.061680 0.016861 -0.039182 -0.296999 -0.233795 0.220049 -0.170600 -0.213974 0.247483 -0.075071 -0.183387 0.244499 -0.009612 -0.155803 0.232388 -0.297394 -0.035418 0.159695 -0.444888 -0.068132 0.284139 -0.583986 -0.113270 0.336112 -0.388712 -0.325185 0.406213 -0.444140 -0.380418 0.518725 -0.458231 -0.298520 0.600501 -0.212272 -0.273408 0.473769 -0.236652 -0.159450 0.585768 -0.230141 -0.033136 0.534371 -0.133072 -0.168546 0.447303 -0.144503 -0.024260 0.492488 -0.123020 0.088889 0.421751 -0.065478 -0.046879 0.357291 -0.103931 0.028096 0.443264 -0.088615 0.120105 0.376162 
0.000000 0.000000 0.000000 -0.062111 0.018844 -0.037563 -0.297399 -0.230567 0.222897 -0.170024 -0.213995 0.247861 -0.073915 -0.185496 0.243257 -0.008126 -0.159188 0.230140 -0.299101 -0.035119 0.159339 -0.447393 -0.068885 0.282547 -0.585835 -0.115627 0.334852 -0.391056 -0.325210 0.406449 -0.447659 -0.382410 0.517382 -0.460429 -0.299686 0.598542 -0.212572 -0.274248 0.473768 -0.236486 -0.156819 0.582225 -0.228055 -0.033687 0.523857 -0.131650 -0.170156 0.446100 -0.141964 -0.024538 0.487085 -0.119154 0.084660 0.410773 -0.062362 -0.049028 0.354677 -0.099693 0.026798 0.440397 -0.084082 0.115349 0.368856 
0.000000 0.000000 0.000000 -0.062463 0.021947 -0.035221 -0.298489 -0.228435 0.223634 -0.170036 -0.216596 0.245583 -0.073232 -0.190925 0.239230 -0.007018 -0.166235 0.225139 -0.306218 -0.038076 0.151400 -0.458743 -0.075634 0.268175 -0.597694 -0.125780 0.315766 -0.393663 -0.331031 0.402060 -0.451183 -0.393038 0.509897 -0.463639 -0.305419 0.585798 -0.213383 -0.277762 0.471092 -0.237023 -0.145961 0.561613 -0.226213 -0.032726 0.486114 -0.125713 -0.172514 0.443241 -0.137067 -0.022651 0.463314 -0.118550 0.076945 0.373838 -0.059024 -0.055160 0.349814 -0.094821 0.021296 0.435630 -0.081017 0.105335 0.358493 
0.000000 0.000000 0.000000 -0.062901 0.022824 -0.033859 -0.294989 -0.239468 0.216627 -0.166464 -0.227484 0.238072 -0.069912 -0.200811 0.232020 -0.004000 -0.175058 0.218426 -0.311926 -0.050268 0.140756 -0.467750 -0.096005 0.250018 -0.598301 -0.161112 0.302972 -0.388566 -0.372846 0.374341 -0.443162 -0.403929 0.496141 -0.447223 -0.310729 0.566072 -0.207486 -0.286675 0.464540 -0.227417 -0.145333 0.540366 -0.215385 -0.038682 0.455985 -0.116779 -0.176361 0.436762 -0.128575 -0.025255 0.441058 -0.114363 0.069460 0.345689 -0.057948 -0.071441 0.348577 -0.092462 0.018245 0.421078 -0.079560 0.099689 0.341056 
0.000000 0.000000 0.000000 -0.063033 0.022393 -0.033902 -0.292278 -0.249423 0.208931 -0.164175 -0.235555 0.231728 -0.068086 -0.206997 0.227074 -0.002552 -0.179757 0.214598 -0.314891 -0.059459 0.132574 -0.472487 -0.110676 0.236744 -0.596641 -0.184810 0.293106 -0.387663 -0.389688 0.359422 -0.442615 -0.417450 0.481862 -0.444741 -0.323381 0.550707 -0.207740 -0.296158 0.457347 -0.229934 -0.154173 0.531322 -0.217162 -0.049520 0.444581 -0.116888 -0.186547 0.431803 -0.131278 -0.035608 0.430629 -0.118336 0.058203 0.334192 -0.060515 -0.081571 0.347211 -0.096254 0.013766 0.411435 -0.082941 0.093254 0.329535 
0.000000 0.000000 0.000000 -0.063155 0.020723 -0.034725 -0.288784 -0.254585 0.207559 -0.161282 -0.237653 0.231616 -0.065820 -0.206950 0.227784 -0.000790 -0.178312 0.215813 -0.317729 -0.061739 0.127257 -0.477024 -0.113339 0.228616 -0.600548 -0.189349 0.283854 -0.380771 -0.395562 0.359493 -0.434990 -0.414644 0.483905 -0.437846 -0.315412 0.545044 -0.204202 -0.282070 0.461093 -0.227949 -0.131183 0.513948 -0.215665 -0.038480 0.414476 -0.116228 -0.170391 0.429863 -0.130799 -0.020672 0.410813 -0.116905 0.061012 0.304030 -0.060137 -0.079173 0.347098 -0.096211 0.021735 0.401939 -0.082336 0.093259 0.313086 
0.000000 0.000000 0.000000 -0.063929 0.019228 -0.034166 -0.280556 -0.262771 0.208638 -0.153355 -0.242655 0.231815 -0.058746 -0.209487 0.227399 0.005433 -0.179134 0.215064 -0.321140 -0.069053 0.120413 -0.482087 -0.124293 0.217140 -0.599447 -0.205927 0.277551 -0.365509 -0.409043 0.359660 -0.416576 -0.420412 0.486329 -0.419084 -0.317494 0.541052 -0.193456 -0.278485 0.463294 -0.219106 -0.122616 0.497520 -0.208379 -0.040185 0.389218 -0.109111 -0.165358 0.427972 -0.125972 -0.018486 0.394282 -0.114394 0.057033 0.282788 -0.055365 -0.084078 0.348684 -0.091698 0.022585 0.391042 -0.079736 0.090821 0.299370 
0.000000 0.000000 0.000000 -0.064462 0.019462 -0.033012 -0.274990 -0.274480 0.200828 -0.147943 -0.253251 0.223862 -0.053885 -0.218483 0.220018 0.009732 -0.186712 0.208362 -0.320416 -0.081735 0.115626 -0.480575 -0.145057 0.208633 -0.589145 -0.235423 0.272924 -0.360705 -0.423817 0.348379 -0.411165 -0.433795 0.475408 -0.412303 -0.331405 0.531159 -0.185946 -0.293204 0.455020 -0.212806 -0.136930 0.486351 -0.203054 -0.056260 0.376639 -0.104932 -0.176030 0.420781 -0.123759 -0.030479 0.382685 -0.113213 0.043308 0.269936 -0.052830 -0.096291 0.344363 -0.090508 0.010908 0.384113 -0.078762 0.077876 0.291482 
0.000000 0.000000 0.000000 -0.065528 0.013931 -0.033704 -0.255916 -0.287218 0.208094 -0.130769 -0.256468 0.230783 -0.039365 -0.215308 0.226140 0.021917 -0.179498 0.213708 -0.313230 -0.096952 0.121843 -0.468227 -0.166334 0.219173 -0.567412 -0.263582 0.288398 -0.331489 -0.429803 0.367400 -0.379624 -0.442105 0.495125 -0.385908 -0.337963 0.547164 -0.158382 -0.280502 0.465590 -0.194827 -0.123910 0.482185 -0.193523 -0.054442 0.364661 -0.086061 -0.162564 0.425517 -0.111899 -0.021841 0.375317 -0.108000 0.044121 0.257410 -0.040446 -0.092504 0.352017 -0.080910 0.017196 0.380648 -0.074669 0.080073 0.284676 
0.000000 0.000000 0.000000 -0.067174 0.009477 -0.031965 -0.231948 -0.299493 0.218619 -0.108330 -0.260894 0.237352 -0.019781 -0.214316 0.229616 0.038824 -0.175012 0.215023 -0.303649 -0.116904 0.129138 -0.451619 -0.195985 0.229945 -0.536741 -0.300644 0.306675 -0.289752 -0.441795 0.385439 -0.329850 -0.449434 0.516267 -0.338807 -0.343169 0.563391 -0.123805 -0.275231 0.474058 -0.168680 -0.120045 0.479366 -0.176028 -0.059148 0.357396 -0.061159 -0.154813 0.428264 -0.095117 -0.018511 0.371172 -0.099417 0.043556 0.251184 -0.021847 -0.090545 0.355631 -0.065808 0.019529 0.376666 -0.066612 0.080607 0.279343 
0.000000 0.000000 0.000000 -0.067888 0.008774 -0.030629 -0.221245 -0.311150 0.213370 -0.098285 -0.270144 0.231300 -0.010996 -0.221246 0.223552 0.046422 -0.180140 0.209203 -0.298213 -0.127632 0.131205 -0.442335 -0.212985 0.232471 -0.523150 -0.321635 0.308307 -0.273230 -0.451843 0.383439 -0.308467 -0.461537 0.515524 -0.315725 -0.355701 0.563889 -0.111394 -0.288648 0.467859 -0.154830 -0.133635 0.482308 -0.163562 -0.068076 0.362872 -0.047610 -0.170459 0.425527 -0.085087 -0.031566 0.377621 -0.094039 0.037285 0.261657 -0.012349 -0.102110 0.354268 -0.057598 0.006373 0.380251 -0.062474 0.072605 0.286481 
0.000000 0.000000 0.000000 -0.067847 0.009582 -0.030477 -0.222947 -0.312790 0.209158 -0.099748 -0.272737 0.227600 -0.012184 -0.224237 0.220490 0.045463 -0.183266 0.206683 -0.298289 -0.128974 0.129352 -0.442484 -0.215673 0.229362 -0.531717 -0.322847 0.297465 -0.277146 -0.455119 0.377161 -0.312717 -0.469906 0.508684 -0.319589 -0.366834 0.562740 -0.122229 -0.303671 0.462147 -0.160845 -0.149003 0.488815 -0.164652 -0.070603 0.377109 -0.052098 -0.187259 0.424825 -0.089631 -0.043348 0.395297 -0.098117 0.038639 0.288180 -0.013309 -0.111720 0.355052 -0.058714 -0.009673 0.399954 -0.065133 0.066540 0.314202 
0.000000 0.000000 0.000000 -0.067188 0.010075 -0.031751 -0.230093 -0.308513 0.207767 -0.106796 -0.269674 0.228052 -0.018581 -0.222209 0.222090 0.039757 -0.181998 0.208967 -0.297874 -0.129744 0.126619 -0.442223 -0.217233 0.225716 -0.551137 -0.316805 0.273779 -0.295649 -0.444389 0.377060 -0.336180 -0.465997 0.506182 -0.344382 -0.369898 0.571687 -0.142595 -0.311444 0.459241 -0.183405 -0.162825 0.507938 -0.185423 -0.065681 0.412030 -0.067154 -0.201060 0.426802 -0.106882 -0.054952 0.418737 -0.114086 0.040503 0.323320 -0.027892 -0.106239 0.351341 -0.077682 -0.026228 0.426245 -0.086938 0.060580 0.351534 
0.000000 0.000000 0.000000 -0.065667 0.012045 -0.034157 -0.247955 -0.297430 0.203333 -0.124100 -0.262738 0.227388 -0.034084 -0.218520 0.223906 0.026074 -0.180580 0.212325 -0.300526 -0.124046 0.121300 -0.447485 -0.209203 0.218574 -0.576831 -0.294258 0.229634 -0.332469 -0.427461 0.368770 -0.386533 -0.464358 0.489176 -0.407685 -0.380405 0.567263 -0.178448 -0.317407 0.452181 -0.221485 -0.182923 0.530835 -0.219355 -0.067144 0.458515 -0.088372 -0.208799 0.428043 -0.127060 -0.064446 0.453658 -0.132003 0.046342 0.376394 -0.042485 -0.096284 0.349365 -0.089676 -0.038261 0.443693 -0.100484 0.057463 0.381056 
0.000000 0.000000 0.000000 -0.063232 0.019890 -0.035071 -0.281796 -0.277651 0.186525 -0.155712 -0.256651 0.214525 -0.061626 -0.221748 0.214654 0.002332 -0.189753 0.205814 -0.309352 -0.103229 0.113635 -0.463357 -0.180269 0.206685 -0.602263 -0.248280 0.193784 -0.390939 -0.396835 0.345594 -0.456902 -0.468867 0.441731 -0.493703 -0.407837 0.534003 -0.229049 -0.336009 0.426182 -0.271974 -0.224471 0.534999 -0.261131 -0.095184 0.492495 -0.127826 -0.224763 0.415458 -0.161259 -0.091503 0.479604 -0.155694 0.033400 0.428258 -0.066725 -0.114310 0.347679 -0.114259 -0.062380 0.445327 -0.119828 0.042780 0.399354 
0.000000 0.000000 0.000000 -0.060327 0.028729 -0.034048 -0.311780 -0.258253 0.165495 -0.184580 -0.252557 0.195659 -0.087370 -0.227838 0.198752 -0.020303 -0.202236 0.192508 -0.318188 -0.083400 0.102995 -0.479542 -0.153563 0.188747 -0.623017 -0.207029 0.163387 -0.437385 -0.383515 0.306750 -0.513297 -0.459220 0.392121 -0.557943 -0.416468 0.490975 -0.281272 -0.342484 0.393240 -0.328249 -0.256722 0.521936 -0.308126 -0.122209 0.510071 -0.170416 -0.238374 0.392933 -0.206799 -0.126570 0.488677 -0.190813 0.005198 0.463189 -0.090087 -0.140431 0.340483 -0.138120 -0.097889 0.442337 -0.137647 0.014159 0.416878 
0.000000 0.000000 0.000000 -0.057002 0.033939 -0.034968 -0.333101 -0.247394 0.138312 -0.207267 -0.250776 0.174039 -0.109044 -0.232045 0.182512 -0.040415 -0.210177 0.180454 -0.326496 -0.071256 0.084000 -0.495127 -0.137080 0.158443 -0.640207 -0.180677 0.124710 -0.474500 -0.373005 0.263405 -0.559958 -0.448921 0.339008 -0.612504 -0.416625 0.437947 -0.324322 -0.347598 0.356790 -0.373912 -0.265308 0.486766 -0.344805 -0.131926 0.487906 -0.209189 -0.254929 0.367339 -0.250070 -0.156187 0.474901 -0.224936 -0.023672 0.466176 -0.119403 -0.163876 0.329462 -0.173773 -0.132007 0.432027 -0.168496 -0.017629 0.422387 
0.000000 0.000000 0.000000 -0.054797 0.037466 -0.034893 -0.344325 -0.244973 0.112777 -0.219967 -0.253973 0.152478 -0.121634 -0.238591 0.165304 -0.052411 -0.218635 0.166803 -0.334611 -0.067380 0.057616 -0.509700 -0.132985 0.115503 -0.653913 -0.174714 0.076156 -0.499345 -0.366623 0.224984 -0.593035 -0.440144 0.292799 -0.649282 -0.408219 0.389805 -0.350022 -0.355506 0.323508 -0.404977 -0.279104 0.454913 -0.371023 -0.147089 0.462557 -0.230564 -0.266092 0.344446 -0.274237 -0.170876 0.454071 -0.245893 -0.038740 0.451927 -0.139647 -0.175918 0.312238 -0.199693 -0.146515 0.412344 -0.192583 -0.031908 0.408112 
0.000000 0.000000 0.000000 -0.053005 0.040205 -0.034610 -0.352183 -0.242862 0.090971 -0.229252 -0.256309 0.133742 -0.131064 -0.243592 0.150105 -0.061542 -0.225167 0.154543 -0.341944 -0.059837 0.031360 -0.522743 -0.122437 0.072640 -0.666076 -0.164533 0.030564 -0.518728 -0.359216 0.191691 -0.619383 -0.429538 0.252564 -0.676809 -0.396262 0.348418 -0.370884 -0.362023 0.292610 -0.431161 -0.289165 0.423694 -0.394532 -0.158456 0.438282 -0.248444 -0.271178 0.323813 -0.296490 -0.180625 0.435538 -0.265217 -0.049173 0.438758 -0.154739 -0.184025 0.296698 -0.218888 -0.155706 0.394545 -0.209482 -0.041187 0.394297 
0.000000 0.000000 0.000000 -0.051063 0.041105 -0.036425 -0.356101 -0.245768 0.063878 -0.235765 -0.260272 0.113185 -0.138704 -0.247904 0.135466 -0.069600 -0.229528 0.144374 -0.344105 -0.058141 0.009645 -0.527473 -0.120243 0.038473 -0.669106 -0.163751 -0.007720 -0.526904 -0.370246 0.146048 -0.631734 -0.428578 0.212305 -0.689655 -0.394030 0.307409 -0.385320 -0.368370 0.262926 -0.447100 -0.295163 0.393113 -0.407370 -0.165867 0.411642 -0.263505 -0.279648 0.303188 -0.311870 -0.187234 0.413238 -0.278134 -0.056550 0.420430 -0.167865 -0.190763 0.283756 -0.235503 -0.164080 0.379696 -0.224299 -0.049759 0.382594 
0.000000 0.000000 0.000000 -0.050058 0.042794 -0.035871 -0.359326 -0.244397 0.049448 -0.239995 -0.261698 0.100269 -0.143226 -0.251012 0.124602 -0.074126 -0.233603 0.135300 -0.345211 -0.056989 -0.008042 -0.529898 -0.119428 0.009370 -0.670038 -0.165505 -0.038842 -0.531519 -0.376346 0.115473 -0.637489 -0.422018 0.189408 -0.689476 -0.380820 0.285289 -0.394802 -0.368518 0.245523 -0.453421 -0.285553 0.371242 -0.408558 -0.157332 0.384879 -0.273559 -0.283334 0.287949 -0.322371 -0.187926 0.395212 -0.286802 -0.057743 0.402654 -0.176867 -0.192237 0.270649 -0.247586 -0.163764 0.363813 -0.232810 -0.049860 0.367068 
0.000000 0.000000 0.000000 -0.048341 0.043412 -0.037449 -0.361050 -0.245242 0.028101 -0.244243 -0.263423 0.084208 -0.148746 -0.253158 0.113278 -0.080245 -0.235936 0.127540 -0.344264 -0.056842 -0.022449 -0.529434 -0.119574 -0.013063 -0.668112 -0.171278 -0.059775 -0.536358 -0.377660 0.084250 -0.642295 -0.414740 0.162892 -0.689307 -0.371180 0.260286 -0.400808 -0.368148 0.229103 -0.455324 -0.282447 0.354832 -0.406461 -0.155608 0.367627 -0.281776 -0.287548 0.274008 -0.326691 -0.187614 0.378825 -0.288069 -0.058303 0.386239 -0.184248 -0.192817 0.261370 -0.255835 -0.163139 0.353488 -0.236828 -0.049875 0.357126 
0.000000 0.000000 0.000000 -0.047958 0.044078 -0.037163 -0.359658 -0.248441 0.014616 -0.243786 -0.267326 0.072403 -0.148928 -0.257190 0.103539 -0.080836 -0.239883 0.119552 -0.343620 -0.058021 -0.034654 -0.528626 -0.121907 -0.033085 -0.665723 -0.182640 -0.073119 -0.533988 -0.385701 0.061402 -0.636877 -0.413134 0.147677 -0.673797 -0.361793 0.245626 -0.403572 -0.373697 0.212503 -0.453001 -0.279347 0.334074 -0.398652 -0.154299 0.341053 -0.285284 -0.291680 0.261435 -0.328902 -0.188970 0.364094 -0.288223 -0.060278 0.371277 -0.187495 -0.194434 0.250490 -0.260910 -0.163151 0.340617 -0.238425 -0.050508 0.343627 
0.000000 0.000000 0.000000 -0.048035 0.044280 -0.036821 -0.356907 -0.252743 0.005373 -0.241495 -0.271489 0.064117 -0.147123 -0.260916 0.096559 -0.079425 -0.243170 0.113716 -0.343321 -0.058723 -0.043351 -0.528092 -0.123175 -0.047436 -0.661679 -0.197471 -0.074297 -0.527094 -0.396286 0.048405 -0.625439 -0.415499 0.141900 -0.650166 -0.353426 0.237444 -0.396700 -0.379872 0.207780 -0.435925 -0.271626 0.321221 -0.377915 -0.148211 0.314671 -0.283488 -0.300570 0.253231 -0.319559 -0.189387 0.349813 -0.275149 -0.061735 0.350788 -0.185916 -0.196234 0.244264 -0.259217 -0.163928 0.334123 -0.230657 -0.052641 0.332464 
0.000000 0.000000 0.000000 -0.048639 0.044000 -0.036361 -0.354566 -0.255996 0.006257 -0.238662 -0.273945 0.064277 -0.144210 -0.262655 0.096240 -0.076580 -0.244368 0.113097 -0.341766 -0.065012 -0.042653 -0.525185 -0.133225 -0.046589 -0.654294 -0.217171 -0.065844 -0.522097 -0.402295 0.050417 -0.618029 -0.422260 0.146232 -0.633995 -0.355043 0.240147 -0.386901 -0.386546 0.211995 -0.423404 -0.276900 0.324999 -0.366826 -0.153167 0.313668 -0.276588 -0.303100 0.256096 -0.308885 -0.188423 0.349889 -0.264504 -0.060804 0.346475 -0.180653 -0.196418 0.245218 -0.252288 -0.163414 0.336160 -0.221667 -0.052789 0.330890 
0.000000 0.000000 0.000000 -0.050396 0.044548 -0.033161 -0.352592 -0.258333 0.015268 -0.234202 -0.276928 0.067805 -0.138522 -0.265804 0.095947 -0.070327 -0.247495 0.110323 -0.341846 -0.068857 -0.039651 -0.524217 -0.139818 -0.043712 -0.646098 -0.235702 -0.049898 -0.518795 -0.407591 0.054241 -0.610161 -0.420707 0.155544 -0.618680 -0.350251 0.248045 -0.375926 -0.387369 0.223341 -0.404692 -0.270094 0.330782 -0.349412 -0.146408 0.313894 -0.266733 -0.305013 0.259466 -0.293177 -0.185124 0.348450 -0.246794 -0.058621 0.337791 -0.169204 -0.194134 0.244346 -0.237263 -0.157405 0.336598 -0.202963 -0.048365 0.324891 
0.000000 0.000000 0.000000 -0.051437 0.044659 -0.031364 -0.350881 -0.260217 0.021452 -0.231095 -0.278802 0.070727 -0.134776 -0.267515 0.096527 -0.066320 -0.249028 0.109351 -0.341317 -0.072715 -0.037634 -0.522705 -0.146161 -0.041558 -0.637390 -0.250707 -0.039470 -0.514008 -0.412594 0.061340 -0.601916 -0.424990 0.165746 -0.606056 -0.352800 0.257204 -0.367358 -0.389544 0.230860 -0.390681 -0.267559 0.334302 -0.336184 -0.144225 0.312900 -0.257095 -0.304951 0.264903 -0.276477 -0.180182 0.348854 -0.228380 -0.055139 0.330991 -0.162427 -0.194028 0.244720 -0.228578 -0.156170 0.337897 -0.190848 -0.049123 0.319993 
0.000000 0.000000 0.000000 -0.052210 0.043692 -0.031450 -0.347513 -0.264202 0.026880 -0.227146 -0.280802 0.075444 -0.130784 -0.268072 0.100395 -0.062465 -0.248621 0.112503 -0.340648 -0.077241 -0.036434 -0.521134 -0.152912 -0.039551 -0.626881 -0.265944 -0.028232 -0.507779 -0.419498 0.067107 -0.593756 -0.429441 0.173366 -0.596867 -0.355252 0.263253 -0.359006 -0.392607 0.238500 -0.379938 -0.265296 0.335857 -0.327021 -0.142367 0.308883 -0.251489 -0.306632 0.269679 -0.267129 -0.175809 0.344722 -0.218314 -0.052562 0.318354 -0.156216 -0.188731 0.247449 -0.220746 -0.147507 0.340334 -0.180765 -0.043133 0.313674 
0.000000 0.000000 0.000000 -0.052862 0.042461 -0.032040 -0.343949 -0.268213 0.032425 -0.223244 -0.282405 0.080913 -0.126989 -0.267992 0.105358 -0.058898 -0.247446 0.116930 -0.340365 -0.080721 -0.035891 -0.520266 -0.157799 -0.038301 -0.618338 -0.276503 -0.018858 -0.502271 -0.424684 0.075681 -0.587068 -0.432349 0.183071 -0.589016 -0.355505 0.270732 -0.349923 -0.393463 0.248522 -0.367873 -0.261595 0.340246 -0.316750 -0.139076 0.308389 -0.244184 -0.303458 0.277757 -0.256901 -0.167984 0.344659 -0.208566 -0.046462 0.310535 -0.151212 -0.184137 0.251304 -0.214754 -0.140560 0.343796 -0.173819 -0.038279 0.311146 
0.000000 0.000000 0.000000 -0.053340 0.041973 -0.031890 -0.342054 -0.270158 0.036105 -0.220938 -0.283364 0.083838 -0.124610 -0.268236 0.107554 -0.056571 -0.247214 0.118559 -0.338949 -0.085589 -0.033305 -0.517664 -0.165409 -0.034191 -0.608546 -0.288946 -0.010397 -0.500494 -0.425824 0.081768 -0.584856 -0.432195 0.189585 -0.586061 -0.354254 0.276285 -0.344428 -0.390087 0.256565 -0.362129 -0.256398 0.345663 -0.312451 -0.134217 0.310405 -0.238623 -0.303941 0.282025 -0.248607 -0.164802 0.341451 -0.200453 -0.045469 0.300114 -0.147523 -0.181386 0.252651 -0.210128 -0.136075 0.344948 -0.168068 -0.035849 0.307682 
0.000000 0.000000 0.000000 -0.054268 0.041377 -0.031094 -0.338945 -0.273026 0.043168 -0.216889 -0.284977 0.088794 -0.120295 -0.268908 0.110741 -0.052261 -0.247244 0.120459 -0.336294 -0.093928 -0.031124 -0.512768 -0.178592 -0.031141 -0.595223 -0.306549 -0.000888 -0.492131 -0.433962 0.088485 -0.573300 -0.436768 0.198874 -0.572971 -0.356026 0.282980 -0.336186 -0.394475 0.262727 -0.352800 -0.259654 0.350317 -0.304723 -0.137376 0.313220 -0.229459 -0.305584 0.288088 -0.238330 -0.163784 0.341050 -0.191859 -0.046461 0.292636 -0.141682 -0.179013 0.254379 -0.203233 -0.132048 0.346559 -0.161160 -0.034269 0.303288 
0.000000 0.000000 0.000000 -0.054899 0.040581 -0.031035 -0.336855 -0.274052 0.052101 -0.214143 -0.284621 0.096285 -0.117356 -0.267693 0.116680 -0.049318 -0.245518 0.125139 -0.336072 -0.096363 -0.025177 -0.512012 -0.182054 -0.021511 -0.589132 -0.311991 0.013923 -0.489666 -0.433702 0.102905 -0.569100 -0.433637 0.214583 -0.565890 -0.350093 0.295843 -0.329765 -0.391018 0.274570 -0.342469 -0.253173 0.358007 -0.295106 -0.131420 0.318352 -0.222636 -0.302226 0.296784 -0.228161 -0.157537 0.341788 -0.181698 -0.043385 0.286305 -0.136585 -0.173793 0.258653 -0.196652 -0.124423 0.350555 -0.153479 -0.029870 0.301576 
0.000000 0.000000 0.000000 -0.057215 0.039152 -0.028592 -0.327639 -0.281377 0.069069 -0.202777 -0.288908 0.107476 -0.105555 -0.269668 0.123221 -0.037723 -0.245903 0.128374 -0.333561 -0.105789 -0.006881 -0.506480 -0.196484 0.006704 -0.578423 -0.328026 0.046799 -0.469025 -0.444948 0.137439 -0.535047 -0.437990 0.257334 -0.525641 -0.350423 0.333732 -0.304128 -0.387389 0.298536 -0.305319 -0.243858 0.372845 -0.259644 -0.124873 0.323899 -0.196927 -0.297019 0.311945 -0.193327 -0.148977 0.344525 -0.149812 -0.037661 0.281412 -0.121499 -0.193900 0.272816 -0.162525 -0.111187 0.350061 -0.121356 -0.020810 0.292265 
0.000000 0.000000 0.000000 -0.059796 0.035737 -0.027771 -0.313303 -0.290470 0.093590 -0.186829 -0.291668 0.127130 -0.089898 -0.268125 0.138108 -0.022908 -0.241615 0.139530 -0.329691 -0.116610 0.014570 -0.498575 -0.211939 0.041064 -0.561626 -0.345201 0.089569 -0.443651 -0.458003 0.173353 -0.503956 -0.453539 0.296338 -0.492327 -0.362886 0.368725 -0.270006 -0.386284 0.328634 -0.275918 -0.239298 0.395603 -0.241651 -0.119246 0.340353 -0.171638 -0.293481 0.331471 -0.174275 -0.143460 0.353326 -0.140202 -0.033152 0.283047 -0.104461 -0.193081 0.286431 -0.143827 -0.102631 0.355426 -0.109646 -0.014025 0.290745 
0.000000 0.000000 0.000000 -0.060212 0.031149 -0.032064 -0.303047 -0.299545 0.098619 -0.178117 -0.292683 0.136925 -0.082905 -0.263871 0.150151 -0.017328 -0.234099 0.152540 -0.325809 -0.126347 0.017933 -0.492003 -0.224897 0.049218 -0.553906 -0.358122 0.099278 -0.425541 -0.469150 0.186079 -0.484413 -0.465019 0.309769 -0.476206 -0.372963 0.380842 -0.257420 -0.385150 0.340972 -0.269932 -0.237077 0.404554 -0.240885 -0.116994 0.346454 -0.162739 -0.285080 0.344806 -0.171259 -0.134707 0.362309 -0.142349 -0.024484 0.289623 -0.100624 -0.184073 0.297954 -0.142408 -0.091802 0.363005 -0.111243 -0.003770 0.296056 
0.000000 0.000000 0.000000 -0.060255 0.030741 -0.032376 -0.300538 -0.303798 0.093135 -0.176065 -0.295853 0.132700 -0.081318 -0.266080 0.147089 -0.016111 -0.235589 0.150364 -0.325964 -0.127150 0.015744 -0.492228 -0.225948 0.045855 -0.557076 -0.359472 0.091162 -0.422958 -0.473437 0.180634 -0.485236 -0.471779 0.302703 -0.482267 -0.381564 0.376497 -0.260126 -0.392747 0.332749 -0.274474 -0.245942 0.398832 -0.243545 -0.125846 0.341739 -0.164404 -0.290112 0.340047 -0.175137 -0.140729 0.363721 -0.145518 -0.028741 0.294084 -0.100382 -0.182241 0.294025 -0.146389 -0.098007 0.366683 -0.114788 -0.008899 0.301381 
0.000000 0.000000 0.000000 -0.061930 0.029447 -0.030355 -0.290198 -0.311460 0.100340 -0.164808 -0.300720 0.136174 -0.070410 -0.268742 0.147872 -0.005883 -0.236703 0.149359 -0.322551 -0.135596 0.021449 -0.485631 -0.238870 0.053865 -0.545844 -0.373487 0.102233 -0.403905 -0.482505 0.196436 -0.464417 -0.480357 0.319382 -0.465144 -0.388720 0.391460 -0.241224 -0.398179 0.338996 -0.256182 -0.251119 0.404374 -0.228484 -0.131933 0.343819 -0.146121 -0.293359 0.343769 -0.158634 -0.143309 0.361633 -0.134281 -0.032031 0.288885 -0.084901 -0.190620 0.298419 -0.126531 -0.099559 0.365247 -0.100007 -0.011017 0.296984 
0.000000 0.000000 0.000000 -0.063309 0.026526 -0.030204 -0.276586 -0.321519 0.106846 -0.151448 -0.305268 0.141465 -0.058326 -0.269367 0.151940 0.004866 -0.234741 0.152460 -0.317043 -0.145761 0.031298 -0.475813 -0.253568 0.069782 -0.526859 -0.390910 0.120949 -0.381861 -0.494232 0.209353 -0.440394 -0.492049 0.333253 -0.444657 -0.400097 0.404806 -0.216058 -0.406578 0.346492 -0.235720 -0.261124 0.414174 -0.215480 -0.140966 0.352597 -0.124782 -0.297517 0.350698 -0.145596 -0.148146 0.366381 -0.130956 -0.036539 0.291564 -0.072100 -0.192442 0.303699 -0.115893 -0.102143 0.370179 -0.096392 -0.011746 0.301980 
0.000000 0.000000 0.000000 -0.064544 0.024813 -0.029021 -0.266669 -0.326946 0.115260 -0.141225 -0.307531 0.147028 -0.048759 -0.269406 0.155207 0.013607 -0.233328 0.154091 -0.313089 -0.153372 0.036722 -0.468611 -0.264869 0.077860 -0.514504 -0.404248 0.128397 -0.366437 -0.499836 0.222848 -0.424253 -0.501481 0.347092 -0.430265 -0.409192 0.418084 -0.197476 -0.406289 0.355732 -0.221933 -0.259531 0.418887 -0.208067 -0.140400 0.353658 -0.111777 -0.290996 0.355896 -0.134332 -0.141198 0.362420 -0.122438 -0.033524 0.281594 -0.061334 -0.186623 0.305051 -0.106720 -0.098790 0.373730 -0.091322 -0.008374 0.304512 
0.000000 0.000000 0.000000 -0.065232 0.021760 -0.029920 -0.256844 -0.330274 0.127439 -0.132072 -0.305926 0.158442 -0.040801 -0.264761 0.165177 0.020455 -0.226892 0.162705 -0.307669 -0.160624 0.046278 -0.459371 -0.274748 0.093959 -0.502312 -0.414007 0.147345 -0.352672 -0.497846 0.246421 -0.408647 -0.496207 0.371505 -0.416358 -0.402765 0.440804 -0.179730 -0.395312 0.373415 -0.205239 -0.244651 0.426094 -0.195901 -0.129529 0.353298 -0.099808 -0.277881 0.367809 -0.121614 -0.127900 0.363226 -0.111435 -0.024743 0.276491 -0.051952 -0.178775 0.314456 -0.096225 -0.085813 0.376820 -0.083874 0.002716 0.304616 
0.000000 0.000000 0.000000 -0.065819 0.021429 -0.028854 -0.253351 -0.330877 0.132754 -0.128158 -0.305971 0.161538 -0.036943 -0.264442 0.166588 0.024116 -0.226350 0.162958 -0.305889 -0.162148 0.051845 -0.456109 -0.277019 0.102340 -0.497279 -0.416400 0.156790 -0.344543 -0.497617 0.256456 -0.397620 -0.496264 0.382801 -0.404784 -0.402404 0.451592 -0.173760 -0.392893 0.377963 -0.200488 -0.241869 0.428974 -0.192643 -0.127719 0.354493 -0.093696 -0.277332 0.369878 -0.116822 -0.127540 0.365595 -0.108057 -0.025161 0.277790 -0.045307 -0.180606 0.316823 -0.087895 -0.084743 0.375880 -0.077225 0.003225 0.302730 
0.000000 0.000000 0.000000 -0.066253 0.020541 -0.028506 -0.248579 -0.333290 0.135707 -0.123503 -0.306803 0.163573 -0.032750 -0.264189 0.167863 0.027832 -0.225398 0.163683 -0.303275 -0.164989 0.056615 -0.451589 -0.281080 0.109878 -0.491116 -0.420592 0.165204 -0.337683 -0.500538 0.260241 -0.388592 -0.498957 0.387473 -0.394511 -0.405079 0.456356 -0.163050 -0.395863 0.380319 -0.188878 -0.245414 0.433445 -0.183373 -0.130556 0.359847 -0.083133 -0.275485 0.372918 -0.108276 -0.126012 0.368870 -0.104113 -0.022759 0.281751 -0.039464 -0.179202 0.318355 -0.082628 -0.085176 0.379897 -0.074919 0.003490 0.307220 
0.000000 0.000000 0.000000 -0.066424 0.018322 -0.029598 -0.243344 -0.332996 0.145560 -0.118964 -0.303258 0.173262 -0.029037 -0.258848 0.176638 0.030851 -0.219107 0.171497 -0.298101 -0.166594 0.070293 -0.443069 -0.282303 0.132798 -0.486380 -0.419169 0.191778 -0.328058 -0.492683 0.282468 -0.376472 -0.493838 0.410674 -0.382370 -0.399374 0.478754 -0.154669 -0.384191 0.393828 -0.181565 -0.236052 0.452617 -0.178287 -0.122011 0.377629 -0.074241 -0.268658 0.382973 -0.100974 -0.119417 0.384704 -0.099824 -0.015131 0.298731 -0.030354 -0.168845 0.327426 -0.071081 -0.075086 0.391003 -0.067354 0.014837 0.319568 
0.000000 0.000000 0.000000 -0.066535 0.018268 -0.029382 -0.244173 -0.329358 0.152292 -0.119423 -0.299940 0.178637 -0.029220 -0.256014 0.180692 0.030857 -0.216706 0.174521 -0.298671 -0.162407 0.076992 -0.443926 -0.275463 0.143554 -0.501863 -0.407540 0.200876 -0.328666 -0.483812 0.295208 -0.377221 -0.487146 0.423323 -0.384970 -0.394636 0.493857 -0.158413 -0.381238 0.398512 -0.185459 -0.236246 0.464620 -0.180299 -0.121458 0.390887 -0.077252 -0.264693 0.386437 -0.103274 -0.116109 0.401815 -0.100580 -0.006951 0.322158 -0.030092 -0.157578 0.327411 -0.072161 -0.078825 0.408154 -0.071259 0.016048 0.343335 
0.000000 0.000000 0.000000 -0.066430 0.018676 -0.029363 -0.247042 -0.325526 0.155863 -0.121929 -0.297134 0.181609 -0.031285 -0.254100 0.183032 0.029166 -0.215455 0.176351 -0.297387 -0.157872 0.086118 -0.441905 -0.268344 0.158379 -0.531070 -0.389717 0.195862 -0.329345 -0.475684 0.304520 -0.377995 -0.486936 0.432147 -0.390548 -0.401444 0.510419 -0.168165 -0.383076 0.398290 -0.196451 -0.245409 0.478117 -0.188519 -0.126228 0.411993 -0.078321 -0.269158 0.388639 -0.102561 -0.124366 0.426566 -0.099601 -0.006052 0.361288 -0.029433 -0.144043 0.324853 -0.069768 -0.094889 0.427069 -0.075311 0.008292 0.376810 
0.000000 0.000000 0.000000 -0.066647 0.019618 -0.028235 -0.249477 -0.320419 0.162429 -0.123448 -0.293982 0.185667 -0.032088 -0.252469 0.185137 0.028864 -0.214884 0.177095 -0.299171 -0.149637 0.094774 -0.444670 -0.255546 0.171746 -0.566252 -0.352006 0.171522 -0.325929 -0.472812 0.311933 -0.375774 -0.508358 0.434546 -0.398216 -0.437164 0.524106 -0.180269 -0.385136 0.397650 -0.209178 -0.260248 0.496096 -0.198267 -0.132447 0.449330 -0.084155 -0.279295 0.388320 -0.111530 -0.146407 0.456013 -0.110088 -0.017251 0.416204 -0.027930 -0.153020 0.330501 -0.067023 -0.110437 0.436093 -0.080879 -0.001146 0.403433 
0.000000 0.000000 0.000000 -0.066779 0.019738 -0.027837 -0.248999 -0.320221 0.163549 -0.122803 -0.293982 0.186094 -0.031389 -0.252597 0.185083 0.029569 -0.215090 0.176729 -0.299048 -0.147142 0.098846 -0.444386 -0.251564 0.178117 -0.572519 -0.338504 0.167615 -0.325588 -0.460016 0.324830 -0.372580 -0.540261 0.425501 -0.403708 -0.487958 0.524942 -0.182292 -0.397472 0.391583 -0.214563 -0.290097 0.508003 -0.206457 -0.156008 0.483636 -0.082516 -0.290757 0.386686 -0.113392 -0.171117 0.474571 -0.117122 -0.037179 0.456833 -0.025033 -0.161142 0.333874 -0.062616 -0.124009 0.442040 -0.082117 -0.012415 0.422815 