32
0.000000 0.000000 0.000000 -0.021428 -0.035336 -0.062579 -0.119894 -0.389894 0.157793 -0.081641 -0.277471 0.229089 -0.051064 -0.184065 0.250117 -0.025557 -0.105213 0.258163 -0.254384 -0.209458 0.052569 -0.323241 -0.302747 0.210262 -0.398875 -0.383456 0.319131 -0.269871 -0.482688 0.300328 -0.395353 -0.460001 0.350541 -0.486130 -0.386888 0.347845 -0.233661 -0.377316 0.382045 -0.364322 -0.291999 0.339934 -0.277533 -0.234203 0.251805 -0.146056 -0.303093 0.396824 -0.291509 -0.260356 0.399595 -0.239091 -0.180123 0.304290 -0.084961 -0.206434 0.387823 -0.125851 -0.276106 0.477071 -0.234364 -0.250496 0.449281 
0.000000 0.000000 0.000000 -0.021425 -0.036423 -0.061953 -0.107791 -0.391330 0.162887 -0.071361 -0.277347 0.232644 -0.042843 -0.183020 0.252417 -0.019213 -0.103486 0.259408 -0.205178 -0.276044 0.019674 -0.300013 -0.337992 0.179298 -0.377174 -0.391766 0.302754 -0.248498 -0.496813 0.306049 -0.370995 -0.443373 0.336394 -0.433462 -0.349020 0.308316 -0.226506 -0.361187 0.391940 -0.337017 -0.271393 0.315462 -0.235034 -0.233706 0.232887 -0.136952 -0.295910 0.404447 -0.276887 -0.240407 0.386325 -0.208586 -0.172601 0.291429 -0.083227 -0.199650 0.390713 -0.127288 -0.265842 0.481093 -0.233518 -0.239030 0.446460 
0.000000 0.000000 0.000000 -0.017727 -0.039278 -0.061375 -0.080216 -0.394757 0.170360 -0.053499 -0.276854 0.237964 -0.032475 -0.180229 0.255947 -0.015025 -0.098998 0.261428 -0.159263 -0.313352 -0.009436 -0.270869 -0.374202 0.139401 -0.353530 -0.390300 0.269765 -0.226318 -0.499062 0.308905 -0.342363 -0.428156 0.325877 -0.375959 -0.325813 0.281265 -0.214802 -0.346143 0.398135 -0.307363 -0.255538 0.301450 -0.197353 -0.230623 0.224532 -0.132593 -0.282425 0.411659 -0.260788 -0.211097 0.373331 -0.179496 -0.156444 0.280204 -0.083787 -0.184269 0.397762 -0.131117 -0.242962 0.491604 -0.232692 -0.217922 0.444081 
0.000000 0.000000 0.000000 -0.021161 -0.040977 -0.059136 -0.076089 -0.388114 0.186731 -0.044775 -0.268474 0.249107 -0.021825 -0.171600 0.262913 -0.003229 -0.090463 0.264910 -0.131747 -0.332322 -0.032026 -0.247642 -0.397261 0.111718 -0.332912 -0.395229 0.241378 -0.227142 -0.484341 0.325811 -0.328909 -0.392685 0.320840 -0.327299 -0.294452 0.258064 -0.211688 -0.310993 0.412834 -0.287620 -0.238670 0.289837 -0.172470 -0.228078 0.217259 -0.129280 -0.254008 0.425320 -0.246550 -0.184095 0.359359 -0.155795 -0.144252 0.267467 -0.085851 -0.165508 0.399551 -0.142720 -0.217163 0.492227 -0.237097 -0.189108 0.432989 
0.000000 0.000000 0.000000 -0.023178 -0.042906 -0.056971 -0.081141 -0.378157 0.204215 -0.046007 -0.256775 0.260936 -0.020656 -0.159963 0.270243 -0.000230 -0.079262 0.268493 -0.141139 -0.331160 -0.027969 -0.253801 -0.402054 0.115532 -0.334526 -0.400389 0.248074 -0.236725 -0.456604 0.349335 -0.325244 -0.355838 0.321181 -0.299104 -0.272813 0.243614 -0.215110 -0.275972 0.426797 -0.280843 -0.216636 0.291582 -0.163677 -0.218341 0.221521 -0.136944 -0.220145 0.436282 -0.243148 -0.150590 0.353375 -0.146347 -0.125585 0.262424 -0.092008 -0.138600 0.405029 -0.155181 -0.179444 0.499009 -0.242028 -0.149747 0.429880 
0.000000 0.000000 0.000000 -0.026151 -0.044502 -0.054402 -0.093853 -0.363862 0.223799 -0.052290 -0.241608 0.273914 -0.022501 -0.145705 0.278047 0.001441 -0.066185 0.272008 -0.162095 -0.323222 -0.013409 -0.273684 -0.393269 0.131341 -0.352444 -0.397718 0.264997 -0.248939 -0.425892 0.377164 -0.323416 -0.321938 0.327881 -0.285084 -0.253772 0.241410 -0.228468 -0.237761 0.433353 -0.272355 -0.190155 0.285258 -0.153491 -0.203100 0.219356 -0.149288 -0.180136 0.443737 -0.234942 -0.114879 0.336987 -0.130402 -0.107249 0.251657 -0.099596 -0.111257 0.407457 -0.187042 -0.136501 0.486243 -0.259013 -0.104147 0.402718 
0.000000 0.000000 0.000000 -0.027797 -0.046918 -0.051478 -0.093410 -0.350580 0.244251 -0.049387 -0.226437 0.287097 -0.018401 -0.130836 0.285639 0.006337 -0.052047 0.274995 -0.190490 -0.306741 0.010726 -0.301097 -0.376339 0.156442 -0.381089 -0.400356 0.287252 -0.251767 -0.389223 0.401889 -0.320418 -0.288920 0.338578 -0.274731 -0.235503 0.245559 -0.231371 -0.194120 0.436468 -0.261251 -0.158627 0.281639 -0.141529 -0.186421 0.222195 -0.155756 -0.139224 0.446191 -0.218208 -0.076289 0.323188 -0.109201 -0.086013 0.243873 -0.086221 -0.085356 0.419597 -0.197471 -0.088787 0.465456 -0.255738 -0.056889 0.371699 
0.000000 0.000000 0.000000 -0.029974 -0.048885 -0.048329 -0.087051 -0.338695 0.262675 -0.040619 -0.213183 0.298396 -0.009018 -0.118014 0.291612 0.015885 -0.039987 0.276622 -0.218011 -0.282332 0.041062 -0.320476 -0.351404 0.192855 -0.398229 -0.397658 0.318958 -0.240155 -0.357602 0.428873 -0.299866 -0.258271 0.355728 -0.254228 -0.215016 0.257549 -0.221793 -0.160369 0.442829 -0.245265 -0.137528 0.284551 -0.127774 -0.174947 0.225943 -0.146157 -0.107087 0.452196 -0.197317 -0.054367 0.319554 -0.090480 -0.074176 0.239170 -0.069490 -0.058345 0.428149 -0.187628 -0.042806 0.445272 -0.240694 -0.013439 0.347677 
0.000000 0.000000 0.000000 -0.035296 -0.049097 -0.044357 -0.077005 -0.328199 0.278651 -0.023799 -0.203468 0.306874 0.010265 -0.109682 0.294806 0.036445 -0.033010 0.275596 -0.239005 -0.227665 0.112049 -0.332911 -0.319315 0.257283 -0.404625 -0.390207 0.375259 -0.217049 -0.337597 0.456751 -0.285053 -0.239062 0.390054 -0.248737 -0.198358 0.287013 -0.185699 -0.141068 0.469260 -0.227603 -0.121109 0.314437 -0.118355 -0.163986 0.244681 -0.112930 -0.086428 0.465088 -0.176288 -0.034347 0.337557 -0.077621 -0.061967 0.249409 -0.039330 -0.040838 0.433023 -0.156357 -0.016368 0.447064 -0.211220 0.011633 0.350063 
0.000000 0.000000 0.000000 -0.042815 -0.046285 -0.040601 -0.071079 -0.324062 0.284995 -0.006927 -0.203429 0.307743 0.032091 -0.112097 0.292319 0.061402 -0.037256 0.270579 -0.217229 -0.183753 0.179690 -0.326367 -0.269772 0.317534 -0.393348 -0.347967 0.433663 -0.183244 -0.329772 0.481988 -0.254558 -0.220837 0.439215 -0.239675 -0.168509 0.336097 -0.144188 -0.135351 0.489400 -0.202175 -0.092282 0.344807 -0.107547 -0.141814 0.259768 -0.068121 -0.079994 0.475733 -0.136014 -0.017037 0.355659 -0.050742 -0.054133 0.257574 0.002857 -0.036036 0.435374 -0.108232 0.000598 0.463804 -0.167428 0.033170 0.370863 
0.000000 0.000000 0.000000 -0.053699 -0.038409 -0.035568 -0.074186 -0.325942 0.282043 0.007923 -0.215724 0.299228 0.056279 -0.129461 0.281280 0.092055 -0.057988 0.257942 -0.207877 -0.149704 0.212805 -0.304352 -0.219344 0.368220 -0.369373 -0.292864 0.488445 -0.157250 -0.335549 0.492823 -0.218567 -0.213822 0.478507 -0.221781 -0.139777 0.388506 -0.088294 -0.139786 0.502821 -0.155958 -0.083844 0.367113 -0.081439 -0.143203 0.269323 -0.014086 -0.094917 0.477671 -0.087175 -0.015900 0.370876 -0.022538 -0.057226 0.259600 0.063733 -0.060703 0.430502 -0.037219 -0.008401 0.470054 -0.104427 0.037962 0.389203 
0.000000 0.000000 0.000000 -0.061338 -0.030295 -0.030720 -0.080025 -0.330505 0.275051 0.015640 -0.231080 0.287219 0.071376 -0.149824 0.267403 0.112396 -0.081571 0.243073 -0.192751 -0.134421 0.233353 -0.274981 -0.199576 0.398593 -0.336924 -0.270592 0.521908 -0.140375 -0.345722 0.493102 -0.189981 -0.219433 0.512395 -0.201760 -0.125918 0.443771 -0.046741 -0.160552 0.505413 -0.132734 -0.094715 0.385432 -0.075636 -0.152556 0.275734 0.032447 -0.131185 0.474408 -0.050982 -0.042013 0.384525 -0.004923 -0.075350 0.261907 0.102559 -0.099854 0.416726 0.016387 -0.048343 0.483152 -0.055561 0.012327 0.417231 
0.000000 0.000000 0.000000 -0.062719 -0.027475 -0.030584 -0.079624 -0.342824 0.259658 0.018337 -0.246013 0.274370 0.075192 -0.164911 0.257288 0.116955 -0.096276 0.235423 -0.171087 -0.121032 0.247535 -0.238897 -0.179573 0.421563 -0.298016 -0.249300 0.546982 -0.136197 -0.356498 0.478821 -0.178865 -0.242088 0.541045 -0.196058 -0.130494 0.511990 -0.023568 -0.199469 0.503612 -0.109303 -0.102099 0.407211 -0.065262 -0.151476 0.287790 0.053571 -0.170156 0.467570 -0.021775 -0.054766 0.404333 0.012149 -0.080394 0.276034 0.124397 -0.125469 0.407697 0.049508 -0.071684 0.485093 -0.023502 -0.001973 0.430201 
0.000000 0.000000 0.000000 -0.066626 -0.020655 -0.027536 -0.093164 -0.346400 0.250235 0.013574 -0.258977 0.262458 0.076127 -0.182266 0.245010 0.122295 -0.116472 0.223270 -0.163695 -0.119590 0.252884 -0.224435 -0.181497 0.428353 -0.287477 -0.252844 0.550918 -0.139752 -0.374226 0.470407 -0.170562 -0.266332 0.549093 -0.188099 -0.152317 0.566007 -0.019604 -0.225821 0.495426 -0.083838 -0.106115 0.407852 -0.050029 -0.151568 0.283633 0.060940 -0.188349 0.455833 -0.010033 -0.070632 0.391829 0.016667 -0.093383 0.261302 0.141165 -0.152729 0.393315 0.073821 -0.092021 0.472502 0.003644 -0.015560 0.423187 
0.000000 0.000000 0.000000 -0.068879 -0.015727 -0.025145 -0.103775 -0.347609 0.244313 0.008587 -0.267231 0.254266 0.074975 -0.193955 0.236234 0.124167 -0.130446 0.214330 -0.157456 -0.119421 0.256365 -0.212882 -0.184306 0.432516 -0.277317 -0.256558 0.553820 -0.151445 -0.385533 0.462738 -0.175131 -0.281483 0.548730 -0.188936 -0.173373 0.590140 -0.012385 -0.236406 0.488967 -0.089876 -0.123437 0.403190 -0.060875 -0.165869 0.276707 0.065805 -0.205238 0.447190 -0.002298 -0.084278 0.386185 0.019845 -0.104534 0.254399 0.140302 -0.177067 0.382117 0.076795 -0.122287 0.468473 0.009767 -0.040890 0.422813 
0.000000 0.000000 0.000000 -0.069716 -0.013060 -0.024353 -0.112845 -0.345851 0.242783 0.002419 -0.269587 0.251901 0.071124 -0.198549 0.233593 0.122248 -0.136630 0.211562 -0.154599 -0.108368 0.261230 -0.207714 -0.168006 0.439929 -0.271861 -0.236901 0.563320 -0.165384 -0.384178 0.460017 -0.187262 -0.301235 0.566900 -0.198221 -0.203643 0.629740 -0.011947 -0.245157 0.487849 -0.089137 -0.122919 0.415571 -0.064578 -0.162829 0.287339 0.072288 -0.216494 0.444283 -0.004025 -0.094686 0.396014 0.014912 -0.113846 0.263566 0.141397 -0.185035 0.378525 0.084675 -0.130941 0.469891 0.019885 -0.046617 0.426362 
0.000000 0.000000 0.000000 -0.071036 -0.009321 -0.022157 -0.124110 -0.338145 0.248083 -0.004627 -0.268273 0.253269 0.067266 -0.201182 0.232481 0.121000 -0.142248 0.208556 -0.156630 -0.102838 0.263806 -0.210190 -0.161355 0.442742 -0.276146 -0.225510 0.567725 -0.182426 -0.376639 0.463809 -0.197467 -0.287392 0.566720 -0.207710 -0.204023 0.647577 -0.016796 -0.246911 0.489638 -0.077933 -0.119666 0.410926 -0.058213 -0.158274 0.281466 0.067993 -0.211616 0.443678 0.001542 -0.086950 0.388602 0.016799 -0.109324 0.256184 0.139166 -0.184516 0.377286 0.084247 -0.121250 0.463730 0.022948 -0.035295 0.418372 
0.000000 0.000000 0.000000 -0.071867 -0.006887 -0.020287 -0.130009 -0.331415 0.254071 -0.007968 -0.265928 0.255649 0.065770 -0.201679 0.232478 0.120990 -0.144943 0.206698 -0.153933 -0.098967 0.267172 -0.205284 -0.156585 0.447045 -0.271839 -0.218818 0.572681 -0.189913 -0.375951 0.468193 -0.201760 -0.289779 0.574099 -0.211557 -0.215680 0.663578 -0.014609 -0.239862 0.491765 -0.082828 -0.113854 0.416980 -0.065284 -0.154669 0.287884 0.072313 -0.211360 0.443611 0.004825 -0.087868 0.387167 0.018108 -0.113770 0.255179 0.140969 -0.188033 0.375014 0.087879 -0.122252 0.460720 0.028741 -0.035913 0.413271 
0.000000 0.000000 0.000000 -0.072037 -0.006215 -0.019896 -0.133239 -0.326239 0.259048 -0.010347 -0.262343 0.259241 0.064123 -0.199386 0.234904 0.119970 -0.143730 0.208135 -0.148418 -0.091004 0.271347 -0.196212 -0.144060 0.453589 -0.261986 -0.203552 0.580952 -0.183197 -0.362034 0.477321 -0.190497 -0.272316 0.580663 -0.197904 -0.199756 0.671621 -0.017194 -0.226965 0.494137 -0.072311 -0.096880 0.415623 -0.058291 -0.141613 0.287397 0.072202 -0.203036 0.446174 0.010632 -0.077891 0.386685 0.021243 -0.108341 0.255428 0.141625 -0.179870 0.377873 0.090781 -0.106543 0.458678 0.033463 -0.020483 0.408563 
0.000000 0.000000 0.000000 -0.072436 -0.005159 -0.018717 -0.134746 -0.321364 0.264309 -0.010787 -0.259606 0.261965 0.064362 -0.198185 0.235852 0.120730 -0.143766 0.207670 -0.147925 -0.080374 0.275376 -0.195161 -0.127440 0.459400 -0.258553 -0.183315 0.589577 -0.175262 -0.354176 0.484994 -0.176318 -0.260654 0.585167 -0.179286 -0.188069 0.676357 -0.010635 -0.222957 0.496765 -0.062266 -0.092523 0.416480 -0.052609 -0.139472 0.288645 0.072036 -0.193124 0.447109 0.021489 -0.065970 0.381781 0.028470 -0.100418 0.251272 0.145883 -0.178039 0.377314 0.099183 -0.102790 0.458849 0.042934 -0.016525 0.407882 
0.000000 0.000000 0.000000 -0.072758 -0.003919 -0.017742 -0.136771 -0.318675 0.266515 -0.011800 -0.259087 0.262435 0.064051 -0.199012 0.235241 0.120975 -0.145613 0.206236 -0.148196 -0.079134 0.276363 -0.195401 -0.126199 0.460396 -0.256890 -0.181019 0.591928 -0.189975 -0.346424 0.485192 -0.191049 -0.254270 0.586624 -0.193117 -0.178671 0.675358 -0.010070 -0.211733 0.495307 -0.069571 -0.089163 0.408354 -0.060336 -0.139175 0.281655 0.074571 -0.192265 0.446327 0.019938 -0.068025 0.378721 0.026428 -0.104169 0.248646 0.148224 -0.179758 0.375581 0.102041 -0.100608 0.453644 0.046847 -0.014505 0.401270 
0.000000 0.000000 0.000000 -0.072719 -0.004473 -0.017772 -0.135138 -0.317507 0.268733 -0.010513 -0.257222 0.264317 0.065009 -0.196906 0.236745 0.121645 -0.143390 0.207396 -0.144297 -0.078303 0.277647 -0.189086 -0.124500 0.462500 -0.247324 -0.177806 0.596118 -0.176298 -0.331394 0.491293 -0.173648 -0.232408 0.586038 -0.172586 -0.151449 0.669929 -0.007132 -0.207032 0.496576 -0.063930 -0.084901 0.407230 -0.055780 -0.137504 0.281508 0.072630 -0.184184 0.447681 0.025975 -0.060703 0.373071 0.031506 -0.098274 0.243356 0.149063 -0.173782 0.377428 0.101937 -0.090117 0.450027 0.047052 -0.004576 0.396423 
0.000000 0.000000 0.000000 -0.073455 -0.002172 -0.014953 -0.134930 -0.311898 0.275324 -0.008680 -0.255720 0.265836 0.067642 -0.198003 0.235087 0.124813 -0.146473 0.203319 -0.142816 -0.070293 0.282359 -0.186218 -0.112919 0.468398 -0.241232 -0.163927 0.604260 -0.170124 -0.334838 0.498159 -0.163314 -0.234294 0.591039 -0.158594 -0.151904 0.673396 0.001042 -0.202867 0.497324 -0.055382 -0.078606 0.410721 -0.051269 -0.132779 0.285470 0.079620 -0.183438 0.445700 0.033444 -0.059253 0.371965 0.035322 -0.096755 0.242127 0.156207 -0.176911 0.372654 0.113913 -0.092375 0.447194 0.059755 -0.005310 0.395332 
0.000000 0.000000 0.000000 -0.073755 -0.001640 -0.013466 -0.131887 -0.309508 0.279466 -0.005403 -0.254409 0.267178 0.070749 -0.197460 0.234628 0.127685 -0.146548 0.201473 -0.135014 -0.068162 0.285981 -0.173346 -0.109788 0.473355 -0.223519 -0.159504 0.611550 -0.166153 -0.323722 0.503171 -0.156796 -0.221157 0.593585 -0.150410 -0.138173 0.675232 0.010173 -0.199200 0.497794 -0.049623 -0.077395 0.409973 -0.048348 -0.132961 0.285273 0.086657 -0.180682 0.444816 0.039755 -0.056954 0.370773 0.038982 -0.095634 0.241270 0.158696 -0.177364 0.370810 0.115401 -0.091459 0.443178 0.061446 -0.004082 0.391629 
0.000000 0.000000 0.000000 -0.073829 -0.001864 -0.013025 -0.129463 -0.308960 0.281200 -0.003191 -0.253587 0.267994 0.072626 -0.196552 0.234817 0.129238 -0.145602 0.201169 -0.129600 -0.066132 0.287983 -0.164498 -0.106347 0.476334 -0.210328 -0.154023 0.616738 -0.153655 -0.325328 0.506071 -0.140569 -0.221709 0.594805 -0.131112 -0.138959 0.676391 0.016801 -0.191518 0.496515 -0.043371 -0.068172 0.411135 -0.045404 -0.126149 0.287547 0.095199 -0.182644 0.444604 0.048394 -0.057960 0.372121 0.044158 -0.098476 0.243247 0.163625 -0.173826 0.370305 0.121811 -0.084783 0.439690 0.067737 0.002128 0.387481 
0.000000 0.000000 0.000000 -0.074227 -0.000441 -0.010682 -0.127122 -0.301747 0.289964 -0.000171 -0.249363 0.271947 0.075767 -0.194515 0.235520 0.132369 -0.145335 0.199317 -0.124928 -0.060364 0.292113 -0.156653 -0.097860 0.481582 -0.199116 -0.143657 0.623661 -0.146684 -0.318078 0.515288 -0.130092 -0.211825 0.600241 -0.117995 -0.128197 0.680572 0.028408 -0.186932 0.499455 -0.032774 -0.067658 0.409150 -0.038696 -0.128396 0.287023 0.101181 -0.171591 0.444188 0.058893 -0.047855 0.367430 0.050915 -0.092127 0.239976 0.171495 -0.173365 0.367453 0.131986 -0.082820 0.436242 0.077557 0.003350 0.383181 
0.000000 0.000000 0.000000 -0.074390 -0.000103 -0.009484 -0.124267 -0.297389 0.295648 0.002693 -0.246030 0.274953 0.078368 -0.192108 0.236642 0.134677 -0.143730 0.198935 -0.124788 -0.051268 0.294964 -0.156322 -0.083284 0.485468 -0.196497 -0.126325 0.629066 -0.136468 -0.304589 0.521965 -0.116662 -0.196853 0.604322 -0.101625 -0.111704 0.682531 0.037507 -0.175299 0.499140 -0.030507 -0.060814 0.407533 -0.039392 -0.124848 0.287283 0.110471 -0.165944 0.444002 0.062944 -0.045610 0.364935 0.051779 -0.092508 0.238666 0.176177 -0.169362 0.366884 0.137062 -0.076743 0.433088 0.082156 0.008395 0.378866 
0.000000 0.000000 0.000000 -0.074284 -0.001075 -0.010226 -0.123300 -0.299159 0.294264 0.003176 -0.246127 0.274862 0.078515 -0.191195 0.237331 0.134558 -0.142061 0.200210 -0.117664 -0.048816 0.295854 -0.144808 -0.078688 0.487379 -0.181078 -0.120842 0.632274 -0.124575 -0.300373 0.521018 -0.102206 -0.195678 0.606579 -0.083429 -0.107740 0.680790 0.043272 -0.169061 0.496058 -0.023909 -0.055581 0.402605 -0.035835 -0.123867 0.284987 0.114969 -0.160557 0.443356 0.066139 -0.043396 0.360411 0.052415 -0.093597 0.235673 0.180660 -0.163771 0.367511 0.143984 -0.067360 0.429567 0.089077 0.016550 0.373465 
0.000000 0.000000 0.000000 -0.074626 0.002236 -0.007056 -0.124054 -0.290038 0.302950 0.003756 -0.243089 0.277544 0.079838 -0.192082 0.236170 0.136416 -0.145975 0.196095 -0.114636 -0.048663 0.298974 -0.139671 -0.080513 0.490468 -0.172384 -0.121682 0.636488 -0.132906 -0.285959 0.529501 -0.106584 -0.175574 0.606341 -0.083470 -0.079543 0.668284 0.060458 -0.155451 0.491036 -0.031045 -0.058256 0.399905 -0.047135 -0.132748 0.286629 0.122322 -0.151371 0.439275 0.068854 -0.038078 0.353855 0.051252 -0.092139 0.231235 0.179407 -0.164178 0.364638 0.140000 -0.065464 0.421154 0.085825 0.017330 0.362730 
0.000000 0.000000 0.000000 -0.074707 0.003193 -0.005702 -0.122379 -0.283515 0.309730 0.005576 -0.238796 0.281216 0.081571 -0.189528 0.237638 0.138025 -0.144858 0.195797 -0.110349 -0.040535 0.301973 -0.132652 -0.067897 0.494496 -0.163516 -0.107207 0.641428 -0.123607 -0.282213 0.536483 -0.094926 -0.171879 0.612549 -0.067984 -0.068865 0.660040 0.072230 -0.148459 0.490670 -0.016653 -0.048966 0.399426 -0.036424 -0.129739 0.291148 0.128788 -0.143618 0.438577 0.075850 -0.030338 0.352809 0.054932 -0.087859 0.232303 0.189239 -0.159767 0.362353 0.155749 -0.057638 0.416570 0.101552 0.023861 0.356373 
0.000000 0.000000 0.000000 -0.074689 0.006407 -0.002088 -0.118912 -0.271243 0.321834 0.009277 -0.232889 0.286031 0.085063 -0.187985 0.237639 0.141238 -0.146764 0.192050 -0.107109 -0.035112 0.306249 -0.127395 -0.061091 0.499186 -0.156921 -0.098014 0.647009 -0.108173 -0.267041 0.548301 -0.072953 -0.151707 0.613414 -0.041453 -0.045098 0.648563 0.084608 -0.126813 0.484896 -0.014100 -0.042750 0.388383 -0.038542 -0.129204 0.285584 0.138385 -0.133214 0.434795 0.086038 -0.025880 0.341361 0.060104 -0.087355 0.223819 0.196461 -0.159336 0.357515 0.162983 -0.054176 0.405596 0.108131 0.026017 0.344250 
0.000000 0.000000 0.000000 -0.074835 0.003785 -0.003045 -0.113393 -0.272485 0.322776 0.013819 -0.229995 0.288181 0.088594 -0.182890 0.240309 0.143863 -0.140126 0.195037 -0.101124 -0.027705 0.307057 -0.117573 -0.047409 0.501099 -0.144366 -0.082347 0.649922 -0.099321 -0.257007 0.548569 -0.062178 -0.142283 0.613691 -0.028579 -0.034192 0.641627 0.095958 -0.121091 0.482777 0.001233 -0.033656 0.385274 -0.026878 -0.124135 0.286976 0.145177 -0.123210 0.435118 0.099740 -0.017719 0.336134 0.070133 -0.082895 0.221488 0.205283 -0.143441 0.358753 0.174669 -0.034500 0.399812 0.118791 0.043522 0.336619 