95
0.000000 0.000000 0.000000 0.051442 -0.022177 -0.049857 0.217708 -0.291708 0.242488 0.110029 -0.226188 0.269944 0.034362 -0.166958 0.264557 -0.033020 -0.111487 0.254659 -0.057274 -0.245931 0.139777 -0.125301 -0.385942 0.258438 -0.154685 -0.407693 0.409270 0.052215 -0.364809 0.379193 -0.047805 -0.408989 0.461814 -0.164147 -0.401411 0.461502 -0.021009 -0.308174 0.450448 -0.178879 -0.342759 0.448091 -0.288471 -0.343470 0.366677 -0.100448 -0.243112 0.408573 -0.241958 -0.257844 0.356143 -0.331873 -0.245789 0.255954 -0.177728 -0.163705 0.337841 -0.277334 -0.199647 0.395097 -0.316125 -0.185445 0.287874 
0.000000 0.000000 0.000000 0.050910 -0.022604 -0.050211 0.219054 -0.291079 0.242030 0.111835 -0.225080 0.270128 0.036303 -0.165645 0.265123 -0.030999 -0.110019 0.255550 -0.056566 -0.245693 0.140907 -0.123818 -0.385288 0.260497 -0.151700 -0.407154 0.411597 0.055092 -0.364032 0.380645 -0.044003 -0.408122 0.464421 -0.160327 -0.400289 0.465172 -0.016529 -0.307087 0.452534 -0.174571 -0.340701 0.448378 -0.285078 -0.341453 0.368210 -0.095464 -0.245162 0.410134 -0.236896 -0.260288 0.357608 -0.327973 -0.248008 0.258501 -0.174733 -0.162505 0.340238 -0.273668 -0.198632 0.398531 -0.313842 -0.184915 0.291755 
0.000000 0.000000 0.000000 0.050365 -0.023055 -0.050554 0.221006 -0.289685 0.241927 0.114183 -0.223300 0.270622 0.038702 -0.163775 0.265944 -0.028602 -0.108106 0.256644 -0.055288 -0.244812 0.143114 -0.121399 -0.383573 0.264299 -0.147907 -0.405002 0.415709 0.058563 -0.362861 0.382204 -0.039614 -0.407086 0.466983 -0.155913 -0.399070 0.468812 -0.013925 -0.305116 0.453294 -0.171660 -0.340294 0.455881 -0.282863 -0.341202 0.376682 -0.093239 -0.240116 0.412496 -0.235930 -0.255661 0.363625 -0.327736 -0.243988 0.265118 -0.171762 -0.159412 0.343011 -0.270301 -0.194727 0.402459 -0.311264 -0.181699 0.295897 
0.000000 0.000000 0.000000 0.049934 -0.023472 -0.050789 0.224425 -0.286115 0.243027 0.117666 -0.219759 0.272025 0.041935 -0.160545 0.267419 -0.025650 -0.105213 0.258154 -0.053868 -0.242795 0.146616 -0.118820 -0.380033 0.270140 -0.143984 -0.399969 0.421982 0.062508 -0.358523 0.384307 -0.035350 -0.402284 0.469693 -0.151644 -0.394525 0.472666 -0.009777 -0.298361 0.456564 -0.167559 -0.333238 0.460180 -0.279307 -0.335458 0.381779 -0.088028 -0.235739 0.416312 -0.230915 -0.251968 0.368243 -0.323413 -0.241491 0.270251 -0.168048 -0.155603 0.346301 -0.266063 -0.190286 0.406976 -0.308016 -0.178500 0.300655 
0.000000 0.000000 0.000000 0.049680 -0.023888 -0.050845 0.223345 -0.286780 0.243238 0.117038 -0.219737 0.272314 0.041637 -0.160101 0.267732 -0.025651 -0.104405 0.258482 -0.055341 -0.241413 0.147901 -0.121057 -0.377525 0.272264 -0.145971 -0.396537 0.424266 0.061629 -0.355487 0.386582 -0.036108 -0.397011 0.473215 -0.152340 -0.388534 0.476581 -0.011250 -0.294889 0.457702 -0.169429 -0.327923 0.461276 -0.281349 -0.329913 0.383114 -0.089714 -0.232322 0.416878 -0.232601 -0.247217 0.368378 -0.325099 -0.236741 0.270387 -0.168446 -0.152357 0.347344 -0.266734 -0.185364 0.408509 -0.308697 -0.173879 0.302158 
0.000000 0.000000 0.000000 0.050423 -0.023887 -0.050108 0.221872 -0.284304 0.247456 0.114864 -0.217680 0.274879 0.039212 -0.158473 0.269063 -0.028253 -0.103188 0.258699 -0.057229 -0.239682 0.149115 -0.124590 -0.374712 0.273776 -0.149704 -0.391934 0.425959 0.059799 -0.353136 0.390335 -0.038154 -0.394737 0.476687 -0.154312 -0.385282 0.480006 -0.016695 -0.290829 0.458771 -0.174881 -0.323398 0.465167 -0.286711 -0.325060 0.386869 -0.089332 -0.228185 0.421807 -0.231519 -0.241236 0.370784 -0.324037 -0.230862 0.272801 -0.170952 -0.147823 0.349423 -0.269175 -0.178548 0.411870 -0.310942 -0.167795 0.305366 
0.000000 0.000000 0.000000 0.049639 -0.025100 -0.050298 0.219388 -0.285640 0.248132 0.113657 -0.217116 0.275826 0.038894 -0.156780 0.270099 -0.027779 -0.100533 0.259793 -0.058272 -0.239155 0.150654 -0.125796 -0.373096 0.276398 -0.151409 -0.389448 0.428593 0.056499 -0.351582 0.391446 -0.041946 -0.391436 0.478062 -0.158090 -0.381673 0.480935 -0.013603 -0.288890 0.463250 -0.172300 -0.319546 0.463255 -0.284116 -0.321427 0.384941 -0.092076 -0.227202 0.420436 -0.234719 -0.241441 0.371030 -0.326661 -0.231080 0.272504 -0.171749 -0.144027 0.349054 -0.270845 -0.173965 0.410494 -0.312126 -0.163745 0.303748 
0.000000 0.000000 0.000000 0.049914 -0.024841 -0.050154 0.221180 -0.283315 0.249203 0.114879 -0.215542 0.276554 0.039661 -0.155800 0.270554 -0.027428 -0.100097 0.259999 -0.056676 -0.239401 0.150964 -0.123372 -0.373660 0.276811 -0.149272 -0.390045 0.428954 0.058876 -0.349785 0.392937 -0.039215 -0.389957 0.479806 -0.155439 -0.381106 0.482448 -0.013264 -0.289103 0.462679 -0.171389 -0.322433 0.465871 -0.282889 -0.325398 0.387142 -0.090911 -0.226719 0.421004 -0.233221 -0.242394 0.371075 -0.324768 -0.233209 0.272066 -0.171145 -0.145408 0.348760 -0.270068 -0.176598 0.409855 -0.310940 -0.166861 0.302907 
0.000000 0.000000 0.000000 0.050021 -0.023452 -0.050713 0.228143 -0.281343 0.245127 0.120786 -0.215819 0.273807 0.044427 -0.157445 0.268856 -0.023761 -0.102914 0.259259 -0.052891 -0.241027 0.149077 -0.117287 -0.377172 0.274093 -0.142263 -0.395292 0.426194 0.066179 -0.349692 0.388361 -0.031708 -0.391000 0.474928 -0.148060 -0.384273 0.478081 -0.009573 -0.290209 0.458054 -0.167337 -0.325129 0.462022 -0.278974 -0.329388 0.383547 -0.088203 -0.230165 0.416622 -0.230806 -0.247591 0.368131 -0.322419 -0.238907 0.269137 -0.167723 -0.150910 0.346193 -0.266814 -0.183946 0.406033 -0.307635 -0.173580 0.299125 
0.000000 0.000000 0.000000 0.051556 -0.020637 -0.050398 0.232362 -0.280661 0.241925 0.122607 -0.219122 0.270353 0.044615 -0.162937 0.265532 -0.025017 -0.110230 0.256114 -0.050414 -0.241297 0.146471 -0.114220 -0.379372 0.269659 -0.138387 -0.399670 0.421615 0.071362 -0.355487 0.382993 -0.025942 -0.400710 0.468250 -0.142329 -0.394936 0.471987 -0.004133 -0.295964 0.456112 -0.161823 -0.331306 0.459216 -0.273776 -0.335187 0.381174 -0.085097 -0.236840 0.415289 -0.228467 -0.254656 0.369263 -0.320286 -0.245159 0.270536 -0.167277 -0.158740 0.345530 -0.265198 -0.192129 0.407077 -0.306223 -0.180290 0.300401 
0.000000 0.000000 0.000000 0.050388 -0.020645 -0.051562 0.235086 -0.284037 0.235261 0.126371 -0.221919 0.266308 0.048711 -0.165144 0.263440 -0.020708 -0.111875 0.255786 -0.049702 -0.243599 0.143680 -0.112333 -0.383110 0.265850 -0.135377 -0.405251 0.417723 0.074078 -0.356953 0.377317 -0.023230 -0.401021 0.463172 -0.139619 -0.395643 0.467408 0.000384 -0.299805 0.452144 -0.157343 -0.334999 0.455019 -0.269768 -0.338543 0.377640 -0.081166 -0.240464 0.412345 -0.223964 -0.256773 0.364040 -0.316334 -0.246347 0.265922 -0.162781 -0.161870 0.344679 -0.260573 -0.196283 0.405866 -0.302296 -0.183362 0.299586 
0.000000 0.000000 0.000000 0.050666 -0.019860 -0.051598 0.235323 -0.285750 0.232938 0.126243 -0.224417 0.264266 0.048368 -0.167922 0.261742 -0.021234 -0.114844 0.254423 -0.049352 -0.245494 0.140579 -0.111936 -0.386681 0.260831 -0.133582 -0.409846 0.412758 0.074918 -0.361545 0.374167 -0.022026 -0.407353 0.459522 -0.138308 -0.400685 0.464749 0.000530 -0.307280 0.448126 -0.156916 -0.343398 0.453682 -0.269899 -0.345044 0.377057 -0.080292 -0.244450 0.411087 -0.224185 -0.260326 0.365993 -0.316956 -0.248066 0.268468 -0.162046 -0.164530 0.345470 -0.258970 -0.198730 0.408139 -0.301369 -0.184509 0.302293 
0.000000 0.000000 0.000000 0.048512 -0.023446 -0.052161 0.227202 -0.290611 0.234978 0.121797 -0.223530 0.267090 0.046560 -0.163555 0.264817 -0.020680 -0.107495 0.257659 -0.053445 -0.241657 0.147427 -0.117243 -0.378198 0.272316 -0.139198 -0.397935 0.424681 0.068263 -0.360246 0.380956 -0.027795 -0.402332 0.469180 -0.143876 -0.393040 0.474833 -0.003743 -0.297260 0.454915 -0.161964 -0.328927 0.464280 -0.275064 -0.329157 0.387809 -0.078847 -0.237186 0.418327 -0.222315 -0.250119 0.370993 -0.315176 -0.237155 0.273645 -0.161377 -0.153863 0.350614 -0.258221 -0.185779 0.414597 -0.300494 -0.172198 0.308618 
0.000000 0.000000 0.000000 0.048037 -0.025362 -0.051702 0.222243 -0.289743 0.240723 0.118075 -0.220160 0.271523 0.043911 -0.158918 0.268073 -0.022331 -0.101831 0.259813 -0.058207 -0.238704 0.150891 -0.124688 -0.372199 0.277660 -0.146195 -0.388112 0.430536 0.061005 -0.351104 0.387886 -0.036443 -0.388188 0.476828 -0.152295 -0.376586 0.482915 -0.008231 -0.290568 0.460107 -0.167273 -0.318939 0.465144 -0.280731 -0.318551 0.389206 -0.086627 -0.224050 0.421146 -0.230122 -0.234253 0.373230 -0.322783 -0.221906 0.275611 -0.165764 -0.143488 0.350796 -0.264492 -0.172161 0.413422 -0.306824 -0.160209 0.307270 
0.000000 0.000000 0.000000 0.048649 -0.025260 -0.051177 0.223267 -0.285902 0.244341 0.118218 -0.217112 0.273906 0.043498 -0.156612 0.269494 -0.023226 -0.100223 0.260359 -0.057599 -0.236568 0.153533 -0.124082 -0.368791 0.281628 -0.145242 -0.383294 0.434692 0.061534 -0.346862 0.391129 -0.036212 -0.383705 0.479843 -0.152008 -0.371636 0.486072 -0.003948 -0.283788 0.466531 -0.163215 -0.310965 0.470989 -0.277195 -0.311438 0.395839 -0.084060 -0.221407 0.425199 -0.227761 -0.232355 0.378072 -0.320853 -0.220827 0.280763 -0.166115 -0.139736 0.353137 -0.264468 -0.166934 0.416997 -0.306986 -0.156332 0.310776 
0.000000 0.000000 0.000000 0.048848 -0.024514 -0.051350 0.228276 -0.282682 0.243456 0.122320 -0.215467 0.273403 0.046700 -0.156076 0.269269 -0.020881 -0.100677 0.260383 -0.054024 -0.237371 0.153480 -0.118394 -0.370563 0.281650 -0.138966 -0.385802 0.434723 0.067653 -0.345832 0.390536 -0.029424 -0.383998 0.479427 -0.145371 -0.373650 0.485932 -0.002233 -0.283930 0.463860 -0.161001 -0.313577 0.470034 -0.274932 -0.315456 0.394831 -0.080889 -0.222823 0.424122 -0.225120 -0.236657 0.379438 -0.318170 -0.226330 0.281954 -0.163119 -0.142958 0.352940 -0.261024 -0.172062 0.416649 -0.303629 -0.161874 0.310422 
0.000000 0.000000 0.000000 0.050009 -0.021662 -0.051514 0.236270 -0.280044 0.238834 0.127856 -0.217202 0.269469 0.050258 -0.160370 0.266086 -0.019136 -0.107143 0.257925 -0.047566 -0.239976 0.150141 -0.108622 -0.376582 0.276323 -0.128696 -0.394866 0.429129 0.076942 -0.349506 0.384470 -0.019351 -0.391487 0.472488 -0.135544 -0.384126 0.478665 0.000232 -0.292672 0.455186 -0.156633 -0.328888 0.469554 -0.270185 -0.332338 0.393835 -0.075865 -0.231498 0.420189 -0.220928 -0.249196 0.379762 -0.313851 -0.239397 0.282103 -0.159755 -0.152613 0.351441 -0.256545 -0.183910 0.415810 -0.299222 -0.172971 0.309687 
0.000000 0.000000 0.000000 0.049580 -0.021173 -0.052128 0.238819 -0.281556 0.234483 0.130587 -0.219131 0.266582 0.052875 -0.162398 0.264343 -0.016670 -0.109218 0.257225 -0.047763 -0.240284 0.148772 -0.108674 -0.377389 0.274483 -0.127747 -0.396749 0.427285 0.081232 -0.352035 0.381518 -0.014010 -0.394630 0.470381 -0.130164 -0.387432 0.477409 0.005377 -0.295327 0.453642 -0.151819 -0.330786 0.466155 -0.265992 -0.333825 0.391358 -0.072567 -0.237300 0.417208 -0.217590 -0.255201 0.376727 -0.311257 -0.244404 0.279887 -0.156481 -0.155474 0.351562 -0.252715 -0.187313 0.416497 -0.296336 -0.175593 0.310842 
0.000000 0.000000 0.000000 0.049382 -0.021141 -0.052329 0.238594 -0.283058 0.232898 0.130631 -0.220424 0.265492 0.053082 -0.163456 0.263649 -0.016324 -0.110047 0.256894 -0.050095 -0.239389 0.148465 -0.112342 -0.375954 0.274109 -0.131377 -0.395720 0.426863 0.081363 -0.354172 0.380008 -0.013663 -0.397152 0.468917 -0.129756 -0.389692 0.476659 0.006289 -0.297787 0.452651 -0.150819 -0.333294 0.466100 -0.265378 -0.335733 0.391873 -0.071789 -0.235706 0.418248 -0.217135 -0.252235 0.378346 -0.311143 -0.241205 0.281864 -0.155734 -0.155513 0.352203 -0.251693 -0.186808 0.417807 -0.295780 -0.174758 0.312382 
0.000000 0.000000 0.000000 0.048563 -0.022275 -0.052625 0.238869 -0.282071 0.233811 0.131861 -0.218045 0.266845 0.054801 -0.160413 0.265162 -0.014208 -0.106478 0.258518 -0.046300 -0.240072 0.150874 -0.105659 -0.376356 0.278210 -0.123463 -0.395242 0.431224 0.083368 -0.353940 0.382385 -0.010613 -0.397375 0.472179 -0.126677 -0.390272 0.480652 0.011823 -0.294043 0.457343 -0.145456 -0.329328 0.469300 -0.260410 -0.332850 0.395730 -0.067050 -0.233445 0.421790 -0.211663 -0.250381 0.379469 -0.306255 -0.240568 0.283427 -0.152923 -0.153414 0.354130 -0.248402 -0.185721 0.419942 -0.293138 -0.174835 0.314664 
0.000000 0.000000 0.000000 0.048425 -0.022293 -0.052744 0.241229 -0.279899 0.233999 0.134078 -0.216214 0.267230 0.056745 -0.158944 0.265637 -0.012541 -0.105357 0.259063 -0.044008 -0.240321 0.151623 -0.101845 -0.376749 0.279504 -0.118711 -0.394901 0.432712 0.086436 -0.351913 0.383241 -0.007117 -0.395436 0.473439 -0.123180 -0.388757 0.482267 0.018065 -0.291671 0.460418 -0.139511 -0.326638 0.468896 -0.254752 -0.331132 0.395831 -0.062961 -0.231601 0.424083 -0.206824 -0.248356 0.379211 -0.301715 -0.239540 0.283368 -0.150692 -0.153044 0.355118 -0.245784 -0.185868 0.421234 -0.290988 -0.175537 0.316101 
0.000000 0.000000 0.000000 0.048183 -0.022880 -0.052714 0.240647 -0.279269 0.235346 0.133866 -0.214881 0.268409 0.056778 -0.157287 0.266615 -0.012292 -0.103447 0.259844 -0.044747 -0.239733 0.152677 -0.102897 -0.375425 0.281197 -0.119789 -0.392822 0.434490 0.086428 -0.349744 0.385911 -0.006778 -0.392338 0.476908 -0.122778 -0.384859 0.485920 0.015139 -0.290207 0.459993 -0.141903 -0.325792 0.473994 -0.257095 -0.329565 0.400810 -0.063098 -0.228620 0.425533 -0.208446 -0.245981 0.385996 -0.303191 -0.236416 0.290079 -0.149603 -0.150160 0.357567 -0.244116 -0.182315 0.424831 -0.289172 -0.171840 0.319649 
0.000000 0.000000 0.000000 0.048939 -0.022260 -0.052282 0.241478 -0.276938 0.237243 0.133672 -0.213794 0.269372 0.055968 -0.157059 0.266920 -0.013630 -0.103981 0.259564 -0.046140 -0.237755 0.153554 -0.105634 -0.372598 0.282352 -0.122491 -0.388999 0.435759 0.086221 -0.347224 0.386827 -0.007612 -0.389704 0.477232 -0.123586 -0.381765 0.486184 0.012641 -0.287536 0.460128 -0.144431 -0.322569 0.475154 -0.259632 -0.326298 0.401982 -0.065570 -0.227673 0.424894 -0.211039 -0.245038 0.385803 -0.305621 -0.235533 0.289721 -0.152067 -0.148313 0.356807 -0.247356 -0.178828 0.423741 -0.292350 -0.168604 0.318507 
0.000000 0.000000 0.000000 0.048384 -0.022960 -0.052495 0.240908 -0.277514 0.237148 0.133848 -0.213311 0.269667 0.056591 -0.155961 0.267432 -0.012626 -0.102362 0.260257 -0.046060 -0.237724 0.154394 -0.105157 -0.372109 0.283852 -0.122341 -0.388199 0.437256 0.085486 -0.344927 0.387878 -0.008447 -0.385670 0.478975 -0.124461 -0.378147 0.487765 0.013421 -0.286063 0.461185 -0.143877 -0.320855 0.474275 -0.258863 -0.325187 0.400798 -0.065930 -0.225653 0.425056 -0.210550 -0.242412 0.382689 -0.304667 -0.233525 0.286092 -0.151668 -0.147871 0.356082 -0.247374 -0.179196 0.422040 -0.292081 -0.169328 0.316650 
0.000000 0.000000 0.000000 0.050283 -0.019923 -0.051948 0.246679 -0.273240 0.236177 0.136578 -0.213923 0.267807 0.057214 -0.159543 0.265177 -0.013872 -0.108492 0.257698 -0.040654 -0.239143 0.151815 -0.097557 -0.376317 0.279316 -0.114574 -0.394300 0.432528 0.092157 -0.346737 0.384976 -0.001232 -0.391156 0.474907 -0.117334 -0.385258 0.483777 0.016094 -0.289119 0.458342 -0.140701 -0.326014 0.471716 -0.255436 -0.331288 0.397910 -0.065657 -0.230380 0.422016 -0.210565 -0.248562 0.381247 -0.304453 -0.239950 0.284402 -0.152283 -0.153554 0.354640 -0.247555 -0.184571 0.421368 -0.291893 -0.174425 0.315849 
0.000000 0.000000 0.000000 0.048924 -0.020488 -0.053015 0.246817 -0.278270 0.230081 0.138332 -0.217336 0.264133 0.059824 -0.161674 0.263304 -0.010560 -0.109451 0.257449 -0.041634 -0.241127 0.149381 -0.098299 -0.379188 0.276028 -0.116054 -0.399663 0.428843 0.091448 -0.350425 0.378655 -0.002453 -0.394033 0.468449 -0.118681 -0.389621 0.476496 0.015107 -0.298406 0.450460 -0.140924 -0.337984 0.465042 -0.255326 -0.342769 0.390688 -0.061999 -0.238720 0.418019 -0.206152 -0.257876 0.375081 -0.300010 -0.248415 0.278286 -0.149538 -0.159167 0.351256 -0.245200 -0.193387 0.415825 -0.289446 -0.181763 0.310420 
0.000000 0.000000 0.000000 0.050137 -0.018566 -0.052587 0.249757 -0.276110 0.229511 0.139432 -0.218168 0.262866 0.059694 -0.164286 0.261711 -0.011770 -0.113583 0.255600 -0.038318 -0.244084 0.145311 -0.093667 -0.385199 0.269142 -0.112124 -0.407894 0.421560 0.094603 -0.354970 0.374867 0.000832 -0.402632 0.462717 -0.115489 -0.399660 0.470043 0.017807 -0.303117 0.448516 -0.137755 -0.344903 0.461891 -0.251666 -0.350177 0.386819 -0.063420 -0.242588 0.414765 -0.207795 -0.263256 0.373299 -0.300863 -0.253771 0.275747 -0.149570 -0.167279 0.348950 -0.244420 -0.204239 0.413205 -0.288238 -0.191748 0.307720 
0.000000 0.000000 0.000000 0.050491 -0.017370 -0.052658 0.252741 -0.275299 0.227206 0.141607 -0.219125 0.260900 0.061190 -0.166257 0.260117 -0.010903 -0.116409 0.254364 -0.036894 -0.245407 0.142814 -0.091574 -0.388098 0.265127 -0.109738 -0.412281 0.417351 0.098562 -0.356930 0.372070 0.005380 -0.406265 0.459621 -0.110978 -0.404677 0.466793 0.020116 -0.305892 0.445794 -0.135294 -0.348771 0.457359 -0.248912 -0.354711 0.381895 -0.059830 -0.249762 0.412086 -0.202858 -0.271189 0.366536 -0.295814 -0.261761 0.268872 -0.147855 -0.172131 0.347775 -0.242123 -0.210485 0.412070 -0.285817 -0.197555 0.306587 
0.000000 0.000000 0.000000 0.050437 -0.015931 -0.053162 0.256188 -0.277049 0.221138 0.144676 -0.222539 0.256286 0.063771 -0.170416 0.256784 -0.008801 -0.121144 0.252226 -0.037038 -0.245758 0.140162 -0.091774 -0.389568 0.261132 -0.108398 -0.415054 0.413319 0.102636 -0.358095 0.366993 0.009834 -0.407077 0.455143 -0.106469 -0.405498 0.463164 0.021250 -0.309424 0.439838 -0.133480 -0.352872 0.457022 -0.247718 -0.358117 0.382446 -0.059021 -0.251059 0.408877 -0.204075 -0.273161 0.370646 -0.297605 -0.263102 0.273595 -0.145226 -0.177060 0.346289 -0.239130 -0.215548 0.411035 -0.283814 -0.201272 0.306141 
0.000000 0.000000 0.000000 0.048135 -0.018531 -0.054438 0.248733 -0.288062 0.215505 0.140953 -0.228158 0.253404 0.062662 -0.172235 0.255841 -0.007583 -0.119578 0.253011 -0.041921 -0.246477 0.139924 -0.098271 -0.389111 0.261544 -0.112698 -0.414344 0.413997 0.096349 -0.367189 0.363620 0.004252 -0.415011 0.453137 -0.111673 -0.408993 0.464013 0.024113 -0.312626 0.442316 -0.133104 -0.348288 0.453967 -0.248983 -0.348597 0.381777 -0.057726 -0.251904 0.410350 -0.202860 -0.267041 0.369145 -0.297816 -0.252704 0.274035 -0.144785 -0.170774 0.348620 -0.239223 -0.206013 0.414429 -0.285381 -0.189958 0.310435 
0.000000 0.000000 0.000000 0.047841 -0.020714 -0.053908 0.239680 -0.291410 0.221187 0.133440 -0.227951 0.257622 0.056724 -0.169849 0.258805 -0.012019 -0.115316 0.254811 -0.048729 -0.243618 0.143156 -0.109156 -0.383098 0.266465 -0.124480 -0.405456 0.419279 0.085050 -0.365210 0.369724 -0.008404 -0.409812 0.459496 -0.124136 -0.400408 0.470022 0.013689 -0.306941 0.447081 -0.144141 -0.339061 0.460600 -0.259928 -0.337558 0.388279 -0.064813 -0.244625 0.414853 -0.210100 -0.256824 0.373216 -0.304590 -0.241632 0.277775 -0.150671 -0.160850 0.351188 -0.246109 -0.192192 0.417525 -0.291666 -0.177037 0.313132 
0.000000 0.000000 0.000000 0.046916 -0.023265 -0.053680 0.234380 -0.291167 0.227108 0.129966 -0.224241 0.262606 0.054666 -0.164304 0.262797 -0.012788 -0.108261 0.257851 -0.052823 -0.239497 0.149155 -0.115233 -0.374801 0.276075 -0.131305 -0.393366 0.429320 0.077676 -0.356636 0.377367 -0.017032 -0.396204 0.468180 -0.132675 -0.385146 0.478050 0.010986 -0.296036 0.455385 -0.147842 -0.324278 0.465425 -0.263497 -0.323018 0.392889 -0.070023 -0.233074 0.419120 -0.216121 -0.245399 0.380462 -0.309980 -0.231347 0.284227 -0.152226 -0.149304 0.355108 -0.248203 -0.177555 0.422052 -0.293147 -0.164458 0.317115 
0.000000 0.000000 0.000000 0.047720 -0.023283 -0.052958 0.234385 -0.287183 0.232120 0.128990 -0.220906 0.265893 0.053164 -0.161646 0.264746 -0.014724 -0.106252 0.258582 -0.051679 -0.239260 0.150315 -0.113877 -0.374405 0.277510 -0.131295 -0.391938 0.430729 0.077541 -0.353972 0.381650 -0.017252 -0.394337 0.472021 -0.133093 -0.384269 0.480548 0.006204 -0.291606 0.456679 -0.151860 -0.322233 0.470911 -0.266511 -0.322408 0.396787 -0.071801 -0.232168 0.420065 -0.217509 -0.246728 0.380720 -0.310281 -0.233781 0.283284 -0.153942 -0.148928 0.355450 -0.249768 -0.178303 0.422126 -0.293751 -0.166197 0.316665 
0.000000 0.000000 0.000000 0.049117 -0.020660 -0.052769 0.245477 -0.278144 0.231662 0.136934 -0.216997 0.265139 0.058504 -0.161230 0.263872 -0.011784 -0.108925 0.257619 -0.042734 -0.240971 0.149400 -0.100208 -0.378828 0.275905 -0.117003 -0.397952 0.429003 0.090129 -0.351037 0.379898 -0.003759 -0.395092 0.469487 -0.119885 -0.389134 0.477989 0.016336 -0.293799 0.454960 -0.140361 -0.330531 0.469847 -0.254813 -0.334174 0.395505 -0.063703 -0.235307 0.419730 -0.208143 -0.253233 0.377226 -0.301002 -0.243148 0.279536 -0.148821 -0.159094 0.354004 -0.243146 -0.193627 0.420348 -0.287228 -0.182017 0.314872 
0.000000 0.000000 0.000000 0.049499 -0.018444 -0.053231 0.251500 -0.277935 0.225367 0.141715 -0.219853 0.260228 0.062122 -0.165745 0.260222 -0.009261 -0.114814 0.255153 -0.040789 -0.242057 0.145997 -0.097285 -0.381979 0.270661 -0.112719 -0.403635 0.423565 0.097356 -0.353466 0.373539 0.004196 -0.399116 0.463090 -0.111923 -0.394522 0.472493 0.023606 -0.300264 0.450119 -0.132929 -0.338135 0.463802 -0.247878 -0.341807 0.390233 -0.056719 -0.243137 0.417069 -0.200984 -0.260989 0.373943 -0.294624 -0.250135 0.277084 -0.145810 -0.165772 0.351818 -0.239799 -0.200847 0.418354 -0.284655 -0.187916 0.313360 
0.000000 0.000000 0.000000 0.048298 -0.019491 -0.053957 0.248387 -0.283811 0.221462 0.140455 -0.223311 0.257957 0.062112 -0.167422 0.259149 -0.008170 -0.114888 0.255157 -0.042576 -0.243221 0.144873 -0.099439 -0.383217 0.269287 -0.114479 -0.405775 0.422100 0.095313 -0.359009 0.370907 0.002799 -0.404456 0.461227 -0.113242 -0.398694 0.470936 0.020640 -0.304093 0.446618 -0.135956 -0.340912 0.462324 -0.251068 -0.342681 0.388939 -0.058594 -0.244773 0.414585 -0.203873 -0.261865 0.374676 -0.297469 -0.249117 0.278004 -0.145379 -0.164943 0.351357 -0.239823 -0.199396 0.417573 -0.284778 -0.185342 0.312765 
0.000000 0.000000 0.000000 0.048175 -0.020697 -0.053616 0.243931 -0.284830 0.225077 0.136729 -0.222506 0.260641 0.059145 -0.165557 0.261035 -0.010410 -0.112124 0.256303 -0.046490 -0.241459 0.146757 -0.105725 -0.379597 0.272137 -0.121292 -0.400415 0.425144 0.089960 -0.358026 0.374593 -0.003097 -0.402264 0.464957 -0.119028 -0.394921 0.474915 0.019035 -0.302319 0.451041 -0.138384 -0.337031 0.462828 -0.253650 -0.338189 0.389673 -0.064173 -0.239172 0.416235 -0.210113 -0.255411 0.378437 -0.303450 -0.242522 0.281534 -0.148414 -0.159033 0.352949 -0.243405 -0.191321 0.419473 -0.288139 -0.177932 0.314483 
0.000000 0.000000 0.000000 0.048630 -0.021306 -0.052963 0.243173 -0.280791 0.230898 0.135519 -0.218311 0.264787 0.057756 -0.161613 0.263802 -0.011928 -0.108478 0.257801 -0.046198 -0.239424 0.150208 -0.105534 -0.375909 0.277339 -0.121745 -0.394763 0.430533 0.087726 -0.350493 0.380558 -0.006222 -0.392619 0.471008 -0.122237 -0.385378 0.480014 0.014593 -0.294988 0.454449 -0.142018 -0.331036 0.471717 -0.256848 -0.333515 0.397911 -0.065345 -0.233349 0.420051 -0.210278 -0.249625 0.378577 -0.303231 -0.238619 0.281074 -0.149370 -0.156622 0.354643 -0.243973 -0.189760 0.421301 -0.288476 -0.177915 0.316028 
0.000000 0.000000 0.000000 0.048845 -0.021081 -0.052855 0.247891 -0.274761 0.233124 0.139362 -0.213602 0.266626 0.060740 -0.158110 0.265251 -0.009761 -0.106108 0.258876 -0.043332 -0.237790 0.153025 -0.101010 -0.373393 0.281852 -0.116991 -0.390777 0.435244 0.092908 -0.344097 0.383433 -0.000759 -0.386002 0.474276 -0.116879 -0.380364 0.483087 0.020927 -0.287146 0.459081 -0.136110 -0.323157 0.472008 -0.250911 -0.328370 0.398300 -0.061669 -0.228427 0.422685 -0.206969 -0.247592 0.383809 -0.299717 -0.238999 0.285870 -0.148069 -0.152605 0.355288 -0.243269 -0.184609 0.421651 -0.287595 -0.174582 0.316115 
0.000000 0.000000 0.000000 0.048517 -0.021160 -0.053125 0.248286 -0.275725 0.231560 0.140101 -0.214298 0.265680 0.061630 -0.158582 0.264764 -0.008754 -0.106373 0.258804 -0.043267 -0.236949 0.153895 -0.100700 -0.371975 0.283434 -0.116165 -0.389545 0.436858 0.093948 -0.345227 0.382456 0.000671 -0.387232 0.473654 -0.115423 -0.381506 0.482739 0.022641 -0.286979 0.459057 -0.134475 -0.322485 0.472428 -0.249456 -0.327530 0.398990 -0.059048 -0.230265 0.422915 -0.204135 -0.248949 0.383024 -0.297335 -0.239871 0.285558 -0.146265 -0.153006 0.356284 -0.240916 -0.185105 0.423382 -0.285609 -0.174654 0.318042 
0.000000 0.000000 0.000000 0.049064 -0.020511 -0.052876 0.250289 -0.272998 0.232633 0.141185 -0.212916 0.266216 0.062057 -0.158145 0.264925 -0.008916 -0.106779 0.258631 -0.041614 -0.236834 0.154074 -0.098354 -0.372195 0.283570 -0.113140 -0.389685 0.437070 0.096323 -0.342828 0.383756 0.003270 -0.385032 0.475092 -0.112766 -0.379247 0.484853 0.019332 -0.286391 0.456552 -0.136861 -0.323342 0.475603 -0.251989 -0.328378 0.402394 -0.057754 -0.227922 0.424582 -0.202931 -0.245902 0.384692 -0.296614 -0.237168 0.287659 -0.145858 -0.153183 0.357017 -0.240118 -0.185124 0.424738 -0.285187 -0.174872 0.319539 
0.000000 0.000000 0.000000 0.049125 -0.020345 -0.052883 0.250749 -0.272786 0.232385 0.141512 -0.212966 0.266002 0.062273 -0.158354 0.264749 -0.008800 -0.107123 0.258492 -0.041044 -0.236946 0.153998 -0.097466 -0.372481 0.283451 -0.112012 -0.389793 0.436994 0.096584 -0.342908 0.383170 0.003411 -0.385288 0.474301 -0.112613 -0.379518 0.484209 0.020552 -0.287661 0.456433 -0.135483 -0.325189 0.475650 -0.250724 -0.330246 0.402621 -0.058050 -0.229334 0.423488 -0.203249 -0.247963 0.383977 -0.296899 -0.239216 0.286914 -0.145744 -0.153898 0.356701 -0.240005 -0.186094 0.424299 -0.285137 -0.175932 0.319119 
0.000000 0.000000 0.000000 0.049086 -0.020067 -0.053026 0.249367 -0.275996 0.230071 0.140355 -0.216021 0.264145 0.061353 -0.161061 0.263328 -0.009495 -0.109469 0.257483 -0.041289 -0.238496 0.151833 -0.097840 -0.375175 0.280021 -0.112518 -0.393423 0.433443 0.096211 -0.348109 0.380946 0.003649 -0.391693 0.472131 -0.112358 -0.385515 0.482003 0.021685 -0.292890 0.455150 -0.134496 -0.330515 0.472932 -0.249724 -0.334822 0.399834 -0.059154 -0.233486 0.421272 -0.204394 -0.251980 0.381849 -0.297760 -0.242341 0.284598 -0.145931 -0.156323 0.356357 -0.239843 -0.188573 0.424414 -0.284966 -0.177788 0.319291 
0.000000 0.000000 0.000000 0.047783 -0.022227 -0.053354 0.241942 -0.282681 0.229883 0.135475 -0.218618 0.264556 0.058449 -0.160916 0.264076 -0.010599 -0.106910 0.258513 -0.049536 -0.237220 0.151959 -0.110433 -0.371747 0.280431 -0.125620 -0.389571 0.433854 0.086874 -0.348908 0.381501 -0.006845 -0.388933 0.473135 -0.122669 -0.380068 0.483102 0.015628 -0.289502 0.457135 -0.142161 -0.321316 0.471800 -0.257676 -0.323110 0.399050 -0.065542 -0.230607 0.420546 -0.211739 -0.246558 0.383632 -0.305025 -0.234743 0.286543 -0.148539 -0.151113 0.356518 -0.243486 -0.181539 0.423976 -0.288654 -0.169918 0.318962 
0.000000 0.000000 0.000000 0.046927 -0.023482 -0.053575 0.237979 -0.286146 0.229731 0.133076 -0.219772 0.264818 0.057215 -0.160545 0.264571 -0.010782 -0.105202 0.259205 -0.051620 -0.236940 0.152750 -0.113285 -0.370509 0.281854 -0.128689 -0.387784 0.435318 0.082973 -0.349196 0.382761 -0.010709 -0.387301 0.475247 -0.126406 -0.377385 0.485691 0.017702 -0.287710 0.461154 -0.141076 -0.316510 0.470351 -0.256894 -0.317940 0.398077 -0.064896 -0.228144 0.423420 -0.210673 -0.242142 0.384126 -0.304161 -0.230233 0.287244 -0.148951 -0.147973 0.357523 -0.244055 -0.177412 0.425197 -0.289490 -0.166196 0.320255 
0.000000 0.000000 0.000000 0.047699 -0.022073 -0.053493 0.243265 -0.282202 0.229073 0.136728 -0.218431 0.264066 0.059555 -0.160924 0.263823 -0.009645 -0.107091 0.258476 -0.047305 -0.236762 0.153218 -0.106752 -0.371100 0.282564 -0.121202 -0.388712 0.436083 0.088521 -0.347575 0.381391 -0.005003 -0.387084 0.473447 -0.120731 -0.377837 0.484150 0.018079 -0.288841 0.457558 -0.139681 -0.320622 0.472606 -0.255543 -0.322713 0.400419 -0.063198 -0.227145 0.422758 -0.209419 -0.242369 0.385632 -0.302922 -0.231513 0.288640 -0.147409 -0.150061 0.357273 -0.242234 -0.179639 0.425278 -0.287808 -0.168665 0.320369 
0.000000 0.000000 0.000000 0.047667 -0.021871 -0.053605 0.243137 -0.283380 0.227751 0.136655 -0.219689 0.263057 0.059523 -0.162128 0.263093 -0.009641 -0.108223 0.258004 -0.047435 -0.238714 0.150799 -0.106943 -0.374401 0.278702 -0.121534 -0.393191 0.432067 0.088188 -0.352923 0.378001 -0.005458 -0.394952 0.468808 -0.121277 -0.386125 0.478869 0.016414 -0.293988 0.454097 -0.140848 -0.327654 0.470218 -0.256394 -0.329417 0.397518 -0.062668 -0.234016 0.419985 -0.208614 -0.250962 0.382521 -0.301839 -0.239339 0.285352 -0.147688 -0.153953 0.355154 -0.242708 -0.185430 0.422024 -0.288118 -0.173728 0.317123 
0.000000 0.000000 0.000000 0.047069 -0.023184 -0.053581 0.234524 -0.290627 0.227651 0.129904 -0.223905 0.262924 0.054482 -0.164120 0.262950 -0.013076 -0.108216 0.257855 -0.052497 -0.238697 0.150103 -0.114799 -0.373551 0.277555 -0.129872 -0.392751 0.430823 0.080319 -0.356645 0.380237 -0.012878 -0.396544 0.472456 -0.128407 -0.384854 0.482920 0.007708 -0.294156 0.454254 -0.150506 -0.322690 0.470953 -0.266147 -0.320647 0.398412 -0.068094 -0.233954 0.420468 -0.214764 -0.246870 0.384248 -0.307937 -0.231888 0.287488 -0.150107 -0.150911 0.357785 -0.244428 -0.180298 0.426570 -0.289950 -0.166993 0.321909 
0.000000 0.000000 0.000000 0.046774 -0.023540 -0.053683 0.231786 -0.293520 0.226741 0.127888 -0.225816 0.262277 0.053079 -0.165267 0.262518 -0.013911 -0.108667 0.257622 -0.055748 -0.236363 0.151358 -0.119900 -0.369533 0.279660 -0.134944 -0.387766 0.433048 0.074570 -0.353471 0.378757 -0.020448 -0.389704 0.470632 -0.135742 -0.376151 0.481433 0.007542 -0.295217 0.455085 -0.150963 -0.322159 0.471657 -0.267007 -0.319074 0.399799 -0.069657 -0.231162 0.421602 -0.216503 -0.241387 0.385235 -0.309943 -0.225722 0.288842 -0.151755 -0.148170 0.357746 -0.246635 -0.175362 0.426664 -0.292415 -0.161818 0.322146 
0.000000 0.000000 0.000000 0.047389 -0.022409 -0.053628 0.234233 -0.292712 0.225267 0.129260 -0.226703 0.260835 0.053674 -0.167128 0.261216 -0.014014 -0.111350 0.256468 -0.052468 -0.239871 0.147829 -0.114953 -0.375945 0.273887 -0.130737 -0.396163 0.426953 0.076886 -0.355458 0.376015 -0.018211 -0.393381 0.467123 -0.133781 -0.381710 0.477146 0.006336 -0.298950 0.450952 -0.151578 -0.328791 0.468197 -0.266844 -0.326790 0.395060 -0.069872 -0.237563 0.417705 -0.215951 -0.249745 0.378933 -0.308708 -0.234451 0.281822 -0.153349 -0.154290 0.353050 -0.249257 -0.183846 0.419529 -0.294001 -0.169919 0.314615 
0.000000 0.000000 0.000000 0.046538 -0.022631 -0.054277 0.234016 -0.295930 0.221251 0.130113 -0.229069 0.258332 0.055115 -0.168771 0.259855 -0.012080 -0.112324 0.256142 -0.052894 -0.242247 0.145043 -0.115112 -0.379669 0.269764 -0.130891 -0.401471 0.422612 0.076996 -0.358859 0.372263 -0.017902 -0.396891 0.463531 -0.133553 -0.385932 0.473428 0.007889 -0.302395 0.448487 -0.150048 -0.332510 0.465020 -0.265214 -0.330398 0.391727 -0.067775 -0.241736 0.415700 -0.212824 -0.253016 0.372984 -0.305518 -0.237182 0.275902 -0.151369 -0.156733 0.352124 -0.247244 -0.187300 0.418191 -0.292102 -0.172473 0.313448 
0.000000 0.000000 0.000000 0.046733 -0.022826 -0.054027 0.228967 -0.299727 0.221423 0.125495 -0.231950 0.258046 0.051147 -0.170848 0.259309 -0.015398 -0.113651 0.255377 -0.056725 -0.241406 0.144380 -0.121462 -0.378180 0.268531 -0.137200 -0.400359 0.421329 0.072382 -0.365271 0.371774 -0.022253 -0.404884 0.462642 -0.137550 -0.391040 0.473038 0.003213 -0.307930 0.447118 -0.155273 -0.335674 0.462514 -0.270664 -0.330016 0.389765 -0.072063 -0.241941 0.415766 -0.218054 -0.250349 0.375680 -0.310619 -0.231704 0.278974 -0.154578 -0.156417 0.352261 -0.250378 -0.185854 0.418947 -0.295173 -0.169325 0.314433 
0.000000 0.000000 0.000000 0.045597 -0.025157 -0.053962 0.220741 -0.303491 0.224627 0.119760 -0.231850 0.260845 0.047426 -0.168368 0.261628 -0.017271 -0.109121 0.257227 -0.060137 -0.239091 0.148273 -0.126298 -0.372957 0.274819 -0.142291 -0.392332 0.427971 0.062471 -0.360909 0.376528 -0.033183 -0.395610 0.468334 -0.148104 -0.378872 0.478630 -0.000254 -0.298692 0.454762 -0.160193 -0.319717 0.464866 -0.275500 -0.312931 0.392083 -0.076926 -0.232217 0.420289 -0.222653 -0.236481 0.378619 -0.314697 -0.217236 0.281534 -0.157515 -0.146241 0.354900 -0.254047 -0.171792 0.422131 -0.298554 -0.155915 0.317392 
0.000000 0.000000 0.000000 0.046155 -0.026076 -0.053044 0.217236 -0.300711 0.231672 0.116040 -0.228274 0.265637 0.043882 -0.164595 0.264630 -0.020591 -0.105249 0.258592 -0.063924 -0.236909 0.150126 -0.132805 -0.368835 0.277257 -0.150924 -0.385633 0.430477 0.056838 -0.357972 0.381384 -0.040102 -0.392579 0.471867 -0.155065 -0.375322 0.480750 -0.008478 -0.291457 0.457932 -0.168498 -0.312035 0.467668 -0.282863 -0.305987 0.393348 -0.083096 -0.226299 0.422056 -0.228219 -0.230749 0.378348 -0.319037 -0.212535 0.279919 -0.163408 -0.139964 0.353378 -0.261711 -0.163859 0.418622 -0.304833 -0.149526 0.313084 
0.000000 0.000000 0.000000 0.047602 -0.026898 -0.051327 0.218900 -0.288340 0.245424 0.115710 -0.216866 0.275168 0.042347 -0.154728 0.270762 -0.023159 -0.096931 0.261609 -0.064964 -0.229210 0.159018 -0.135400 -0.355804 0.290638 -0.156203 -0.367004 0.444029 0.057226 -0.341671 0.395215 -0.040485 -0.373902 0.485745 -0.155915 -0.358741 0.492003 -0.013809 -0.274723 0.465830 -0.173201 -0.298585 0.478044 -0.286000 -0.297266 0.401142 -0.087177 -0.209222 0.428774 -0.231029 -0.216567 0.381409 -0.320113 -0.204045 0.280537 -0.166649 -0.129560 0.356119 -0.265416 -0.152019 0.421173 -0.306683 -0.141937 0.314409 
0.000000 0.000000 0.000000 0.048403 -0.026370 -0.050849 0.225813 -0.278996 0.249920 0.120725 -0.209830 0.278449 0.045772 -0.149702 0.273021 -0.021201 -0.093776 0.262922 -0.060525 -0.229318 0.160795 -0.128685 -0.356310 0.293227 -0.149805 -0.366111 0.446670 0.063710 -0.331822 0.399426 -0.034261 -0.363750 0.489782 -0.150069 -0.351405 0.495207 -0.009324 -0.269130 0.468306 -0.167997 -0.297257 0.480810 -0.280499 -0.299809 0.403506 -0.084987 -0.207355 0.428879 -0.229347 -0.220354 0.384359 -0.318156 -0.211028 0.282899 -0.164638 -0.128759 0.356668 -0.263368 -0.152839 0.421195 -0.304162 -0.145201 0.314047 
0.000000 0.000000 0.000000 0.047966 -0.025298 -0.051799 0.232057 -0.279419 0.243649 0.126670 -0.211669 0.274387 0.051041 -0.152262 0.270661 -0.016632 -0.096923 0.262108 -0.055216 -0.229835 0.161189 -0.119781 -0.357822 0.294463 -0.138928 -0.368762 0.448088 0.072077 -0.335344 0.394310 -0.024611 -0.369143 0.485366 -0.140442 -0.357727 0.492141 -0.001873 -0.269573 0.465694 -0.160472 -0.297563 0.479393 -0.273662 -0.300721 0.403121 -0.077690 -0.209131 0.428483 -0.222081 -0.221693 0.383937 -0.311863 -0.212645 0.283313 -0.158984 -0.134104 0.356658 -0.256968 -0.159697 0.421739 -0.298840 -0.151249 0.315068 
0.000000 0.000000 0.000000 0.048313 -0.023707 -0.052228 0.236674 -0.279554 0.239009 0.130257 -0.213979 0.270894 0.053694 -0.155726 0.268165 -0.014855 -0.101336 0.260541 -0.053000 -0.231806 0.158193 -0.116396 -0.362021 0.289860 -0.133878 -0.375046 0.443520 0.078588 -0.340220 0.389835 -0.016956 -0.376885 0.480989 -0.132746 -0.366073 0.489287 0.005222 -0.279450 0.462086 -0.152551 -0.310453 0.478549 -0.266599 -0.312909 0.403539 -0.070783 -0.217745 0.427454 -0.214995 -0.230711 0.382445 -0.305897 -0.220633 0.282930 -0.156354 -0.139047 0.356154 -0.253752 -0.165003 0.421967 -0.296438 -0.155470 0.315712 
0.000000 0.000000 0.000000 0.048176 -0.023665 -0.052373 0.235467 -0.281890 0.237452 0.129375 -0.215980 0.269726 0.053086 -0.157354 0.267335 -0.015209 -0.102603 0.260024 -0.054010 -0.232965 0.156428 -0.117952 -0.363931 0.287082 -0.135620 -0.377730 0.440654 0.076489 -0.341482 0.387768 -0.019593 -0.377498 0.478615 -0.135369 -0.366435 0.486772 0.006085 -0.281468 0.462042 -0.152352 -0.310954 0.474401 -0.266512 -0.312694 0.399543 -0.071517 -0.221079 0.425849 -0.215602 -0.233617 0.380317 -0.306473 -0.222622 0.280871 -0.155980 -0.142164 0.355965 -0.252875 -0.169394 0.422003 -0.295683 -0.159177 0.315861 
0.000000 0.000000 0.000000 0.046797 -0.025938 -0.052546 0.230265 -0.284557 0.239365 0.126541 -0.215054 0.271802 0.051951 -0.154284 0.269339 -0.014823 -0.097703 0.261927 -0.058026 -0.230683 0.159439 -0.123618 -0.358799 0.292086 -0.141082 -0.370069 0.445887 0.070901 -0.339200 0.391146 -0.025415 -0.372225 0.482879 -0.140927 -0.358811 0.491244 0.001417 -0.275064 0.464720 -0.157396 -0.301480 0.479038 -0.271776 -0.302194 0.404498 -0.073579 -0.212848 0.429109 -0.218558 -0.223544 0.386009 -0.309582 -0.212197 0.286743 -0.156727 -0.132398 0.358082 -0.254402 -0.156280 0.424268 -0.297374 -0.146788 0.318124 
0.000000 0.000000 0.000000 0.045691 -0.028981 -0.051926 0.218517 -0.288339 0.245767 0.117719 -0.213965 0.276584 0.045668 -0.150275 0.272724 -0.018746 -0.091196 0.264013 -0.064091 -0.228100 0.162890 -0.132786 -0.352696 0.297307 -0.151004 -0.360600 0.451231 0.058215 -0.335395 0.399094 -0.038667 -0.363834 0.491761 -0.153750 -0.346882 0.499616 -0.006401 -0.266746 0.472244 -0.166460 -0.287307 0.481349 -0.280596 -0.286070 0.406444 -0.083996 -0.201473 0.431720 -0.228683 -0.208092 0.386859 -0.318819 -0.195848 0.286891 -0.162834 -0.118376 0.359334 -0.262013 -0.137084 0.424946 -0.304473 -0.128723 0.318501 
0.000000 0.000000 0.000000 0.045546 -0.029494 -0.051764 0.217773 -0.287358 0.247570 0.117254 -0.212433 0.277959 0.045414 -0.148528 0.273721 -0.018810 -0.089296 0.264658 -0.066325 -0.226107 0.164279 -0.136327 -0.349134 0.299465 -0.154894 -0.356289 0.453383 0.056889 -0.332780 0.400779 -0.040345 -0.360231 0.493375 -0.155380 -0.342955 0.501229 -0.007285 -0.266152 0.473097 -0.167141 -0.287310 0.484199 -0.281446 -0.285950 0.409554 -0.083312 -0.200404 0.433259 -0.228319 -0.207820 0.389570 -0.318699 -0.195873 0.289787 -0.162664 -0.117226 0.360115 -0.261682 -0.136452 0.425820 -0.304178 -0.128438 0.319364 
0.000000 0.000000 0.000000 0.047167 -0.026946 -0.051702 0.227792 -0.280692 0.246198 0.123945 -0.210442 0.276567 0.049494 -0.149592 0.272431 -0.017110 -0.093032 0.263483 -0.056175 -0.228367 0.164161 -0.120840 -0.354402 0.299233 -0.138751 -0.362890 0.453162 0.068511 -0.332585 0.399028 -0.027753 -0.363947 0.491395 -0.143292 -0.350348 0.499075 -0.001701 -0.268981 0.469597 -0.160492 -0.295921 0.483174 -0.274267 -0.297834 0.407737 -0.075528 -0.205809 0.433437 -0.219099 -0.216912 0.385951 -0.309263 -0.207682 0.285684 -0.158649 -0.128612 0.359852 -0.256073 -0.153103 0.426185 -0.298222 -0.145481 0.319562 
0.000000 0.000000 0.000000 0.048258 -0.024558 -0.051885 0.234163 -0.278869 0.242260 0.128144 -0.212234 0.273264 0.052002 -0.153471 0.269794 -0.016142 -0.098674 0.261484 -0.054943 -0.230805 0.159439 -0.119520 -0.359861 0.291672 -0.137639 -0.370802 0.445421 0.074560 -0.335974 0.392880 -0.021900 -0.370487 0.483910 -0.137663 -0.358780 0.491321 0.003024 -0.273163 0.465896 -0.155461 -0.302058 0.479018 -0.269065 -0.304982 0.403355 -0.073920 -0.214854 0.428190 -0.217266 -0.227756 0.380482 -0.307223 -0.218241 0.280057 -0.157950 -0.135734 0.356895 -0.255559 -0.161243 0.422570 -0.297581 -0.152556 0.315978 
0.000000 0.000000 0.000000 0.047730 -0.024996 -0.052163 0.232081 -0.282059 0.240564 0.126979 -0.214282 0.272207 0.051501 -0.154644 0.269220 -0.016049 -0.099052 0.261347 -0.055843 -0.231507 0.158720 -0.120652 -0.360729 0.290678 -0.138077 -0.372298 0.444461 0.072782 -0.337087 0.392273 -0.023495 -0.370344 0.483962 -0.139117 -0.357565 0.491796 0.002219 -0.275784 0.464890 -0.156419 -0.303304 0.479081 -0.270464 -0.304370 0.404035 -0.074933 -0.215985 0.427224 -0.220215 -0.228716 0.385728 -0.310507 -0.217429 0.285789 -0.157444 -0.134923 0.357820 -0.254769 -0.159613 0.424224 -0.297252 -0.150110 0.317885 
0.000000 0.000000 0.000000 0.045500 -0.028469 -0.052375 0.219792 -0.290345 0.242243 0.119057 -0.216345 0.274148 0.046935 -0.152689 0.271163 -0.017567 -0.093594 0.263254 -0.062695 -0.229039 0.161895 -0.130396 -0.354543 0.295971 -0.148283 -0.363628 0.449868 0.059390 -0.338076 0.395256 -0.037552 -0.366924 0.487733 -0.152705 -0.350405 0.495482 -0.001165 -0.269533 0.472118 -0.161419 -0.289479 0.478878 -0.275536 -0.287881 0.403951 -0.080804 -0.206709 0.430782 -0.224887 -0.213230 0.384002 -0.314843 -0.200310 0.283957 -0.159988 -0.125712 0.359540 -0.258019 -0.147820 0.425816 -0.300655 -0.138058 0.319562 
0.000000 0.000000 0.000000 0.045585 -0.029962 -0.051460 0.214386 -0.288337 0.249381 0.114274 -0.212592 0.279076 0.042933 -0.148168 0.274316 -0.020802 -0.088484 0.264781 -0.066905 -0.226430 0.164393 -0.137294 -0.349367 0.299460 -0.155994 -0.355567 0.453404 0.052092 -0.334231 0.400954 -0.045995 -0.361969 0.492561 -0.160959 -0.343859 0.499514 -0.011271 -0.261995 0.474709 -0.171621 -0.280612 0.482818 -0.285370 -0.278872 0.407337 -0.087118 -0.199113 0.433077 -0.230797 -0.204957 0.384983 -0.320401 -0.192702 0.284539 -0.164924 -0.117078 0.359637 -0.264126 -0.136760 0.424928 -0.306118 -0.128732 0.318272 
0.000000 0.000000 0.000000 0.047035 -0.028922 -0.050746 0.218087 -0.282276 0.253078 0.115699 -0.209010 0.281187 0.042833 -0.146414 0.275272 -0.022245 -0.088377 0.264700 -0.065916 -0.225449 0.164813 -0.136593 -0.348423 0.299695 -0.156628 -0.354360 0.453481 0.055315 -0.329365 0.403769 -0.043061 -0.357824 0.494842 -0.158225 -0.340787 0.501174 -0.013978 -0.260324 0.473606 -0.173629 -0.282297 0.485986 -0.286832 -0.282261 0.409668 -0.086160 -0.196412 0.435193 -0.229708 -0.203983 0.386948 -0.318934 -0.193602 0.285958 -0.165927 -0.117686 0.360003 -0.264826 -0.137861 0.425603 -0.306372 -0.130996 0.318692 
0.000000 0.000000 0.000000 0.047236 -0.027247 -0.051481 0.227506 -0.279200 0.248151 0.123613 -0.208783 0.277969 0.049161 -0.147968 0.273377 -0.017438 -0.091469 0.264008 -0.058036 -0.227561 0.164479 -0.123909 -0.352904 0.299612 -0.142789 -0.360773 0.453458 0.066745 -0.331188 0.399390 -0.030415 -0.362608 0.490795 -0.146027 -0.349048 0.497374 -0.002005 -0.263315 0.472187 -0.161229 -0.288702 0.483497 -0.274544 -0.291099 0.407384 -0.079347 -0.203187 0.431966 -0.223700 -0.215227 0.387155 -0.312995 -0.206230 0.286093 -0.159951 -0.126140 0.359268 -0.258045 -0.150005 0.424836 -0.299783 -0.142866 0.318018 
0.000000 0.000000 0.000000 0.047017 -0.026987 -0.051817 0.228618 -0.280369 0.245799 0.124845 -0.210116 0.276410 0.050365 -0.149292 0.272437 -0.016282 -0.092759 0.263632 -0.058538 -0.228318 0.163056 -0.124587 -0.354297 0.297510 -0.143226 -0.363046 0.451337 0.068447 -0.332646 0.397563 -0.028357 -0.364241 0.489285 -0.143946 -0.350676 0.496235 -0.002191 -0.263588 0.470000 -0.161336 -0.288542 0.483217 -0.274769 -0.290680 0.407273 -0.076852 -0.206145 0.431488 -0.221206 -0.217991 0.386629 -0.310763 -0.208293 0.285864 -0.158627 -0.127383 0.359158 -0.256607 -0.151216 0.424911 -0.298608 -0.143451 0.318240 
0.000000 0.000000 0.000000 0.045527 -0.029072 -0.052019 0.220032 -0.287152 0.245805 0.119232 -0.212852 0.276794 0.047055 -0.149299 0.273024 -0.017498 -0.090362 0.264385 -0.065392 -0.226846 0.163454 -0.134797 -0.350601 0.298283 -0.153563 -0.358178 0.452157 0.059503 -0.334738 0.398730 -0.037517 -0.363498 0.491154 -0.152693 -0.346862 0.498279 -0.010312 -0.265845 0.468848 -0.169826 -0.287818 0.482883 -0.283285 -0.286731 0.406954 -0.082900 -0.203468 0.430793 -0.227813 -0.212062 0.387007 -0.317145 -0.199978 0.286300 -0.162062 -0.121137 0.357876 -0.261568 -0.142321 0.422227 -0.303503 -0.133962 0.315575 
0.000000 0.000000 0.000000 0.045380 -0.030257 -0.051469 0.213718 -0.288571 0.249684 0.113948 -0.212374 0.279375 0.042845 -0.147689 0.274588 -0.020678 -0.087784 0.265024 -0.068316 -0.225264 0.165077 -0.139459 -0.347286 0.300577 -0.158664 -0.353405 0.454462 0.053017 -0.331566 0.403784 -0.044105 -0.357551 0.496918 -0.158925 -0.338703 0.504293 -0.009729 -0.260612 0.476482 -0.170161 -0.278332 0.484970 -0.283986 -0.276138 0.409615 -0.084910 -0.197213 0.435646 -0.228421 -0.202336 0.386972 -0.317830 -0.190063 0.286357 -0.164887 -0.113947 0.360446 -0.264149 -0.131955 0.426127 -0.306106 -0.124264 0.319433 
0.000000 0.000000 0.000000 0.046834 -0.029303 -0.050713 0.214624 -0.285061 0.252917 0.112948 -0.210791 0.280975 0.040749 -0.147428 0.275047 -0.023700 -0.088693 0.264467 -0.066663 -0.225196 0.165137 -0.137682 -0.347772 0.300201 -0.157597 -0.353851 0.453997 0.052839 -0.330715 0.405106 -0.044939 -0.358307 0.497085 -0.159885 -0.339986 0.503776 -0.012997 -0.261592 0.475992 -0.173085 -0.281506 0.485990 -0.286375 -0.279972 0.409817 -0.087269 -0.198584 0.435385 -0.231170 -0.205408 0.388091 -0.320001 -0.193586 0.286911 -0.167432 -0.116272 0.360210 -0.266365 -0.135255 0.426113 -0.307644 -0.128009 0.319124 
0.000000 0.000000 0.000000 0.048694 -0.026274 -0.050621 0.227835 -0.275504 0.251951 0.122124 -0.207058 0.279910 0.046671 -0.147604 0.274009 -0.020761 -0.092312 0.263474 -0.059819 -0.226041 0.164238 -0.127719 -0.351043 0.298682 -0.148162 -0.358528 0.452347 0.065157 -0.325583 0.401778 -0.033161 -0.355849 0.492329 -0.148806 -0.342227 0.498151 -0.009846 -0.262292 0.469667 -0.168499 -0.289114 0.484984 -0.281128 -0.291790 0.407868 -0.083324 -0.204822 0.430665 -0.227625 -0.218061 0.386022 -0.315996 -0.209022 0.284156 -0.164136 -0.125375 0.358007 -0.262825 -0.148133 0.423076 -0.303592 -0.141458 0.315854 
0.000000 0.000000 0.000000 0.049103 -0.024183 -0.051263 0.235991 -0.273709 0.246337 0.128707 -0.208456 0.275895 0.051737 -0.150860 0.271313 -0.017132 -0.097143 0.261994 -0.053266 -0.230873 0.160033 -0.117322 -0.360206 0.292249 -0.137357 -0.370909 0.445777 0.076061 -0.331837 0.396216 -0.020596 -0.366968 0.486799 -0.136572 -0.356693 0.492884 0.000205 -0.269267 0.466325 -0.157833 -0.300142 0.480299 -0.270278 -0.304715 0.403003 -0.075555 -0.212394 0.428552 -0.219303 -0.228032 0.382916 -0.307847 -0.219888 0.281124 -0.159581 -0.135691 0.355849 -0.257632 -0.162223 0.420451 -0.298482 -0.154735 0.313314 
0.000000 0.000000 0.000000 0.048110 -0.023882 -0.052335 0.238554 -0.277625 0.239388 0.132135 -0.212133 0.271436 0.055415 -0.154083 0.268763 -0.013304 -0.099904 0.261177 -0.052909 -0.232798 0.157416 -0.116121 -0.363525 0.288664 -0.135731 -0.376224 0.442095 0.078910 -0.336218 0.389390 -0.017575 -0.371630 0.480048 -0.133620 -0.362325 0.486381 0.006172 -0.275446 0.462745 -0.152057 -0.306392 0.474167 -0.264700 -0.310344 0.397127 -0.074690 -0.216190 0.423453 -0.219250 -0.232145 0.380573 -0.307523 -0.223170 0.278615 -0.156360 -0.139275 0.353756 -0.254829 -0.166376 0.417481 -0.295823 -0.157440 0.310510 
0.000000 0.000000 0.000000 0.047678 -0.024575 -0.052410 0.232121 -0.284210 0.237980 0.127077 -0.216653 0.270278 0.051626 -0.156953 0.267856 -0.015901 -0.101263 0.260508 -0.054752 -0.233745 0.156402 -0.118846 -0.364630 0.287063 -0.138231 -0.377504 0.440508 0.073609 -0.342472 0.389307 -0.022191 -0.377685 0.480765 -0.138022 -0.366268 0.487540 0.003373 -0.280277 0.462953 -0.155421 -0.308579 0.473352 -0.268293 -0.309731 0.396554 -0.075321 -0.220341 0.424636 -0.219249 -0.232910 0.378621 -0.307738 -0.221239 0.277124 -0.157974 -0.140326 0.354717 -0.255766 -0.167214 0.419563 -0.297003 -0.156686 0.312831 
0.000000 0.000000 0.000000 0.046577 -0.027241 -0.052080 0.220207 -0.290449 0.241741 0.118094 -0.218141 0.273141 0.045199 -0.155381 0.269926 -0.019950 -0.097025 0.261838 -0.062908 -0.232340 0.157189 -0.131417 -0.360678 0.288136 -0.152370 -0.371816 0.441510 0.058913 -0.343914 0.391894 -0.038569 -0.376228 0.482642 -0.154042 -0.361265 0.488583 -0.003608 -0.275878 0.468919 -0.163753 -0.297702 0.470296 -0.276232 -0.296473 0.392924 -0.084532 -0.214799 0.425981 -0.227343 -0.223063 0.375706 -0.314902 -0.209786 0.273603 -0.164536 -0.132578 0.353583 -0.264057 -0.157050 0.416733 -0.304309 -0.146305 0.309647 
0.000000 0.000000 0.000000 0.046483 -0.029209 -0.051089 0.216130 -0.285770 0.250826 0.114681 -0.211513 0.279728 0.042479 -0.148098 0.274424 -0.022006 -0.089305 0.264408 -0.067704 -0.226590 0.163034 -0.139155 -0.350098 0.297017 -0.160934 -0.356367 0.450553 0.052731 -0.331239 0.401337 -0.046023 -0.358719 0.492302 -0.161308 -0.342057 0.497293 -0.010939 -0.261220 0.475236 -0.171367 -0.280691 0.478106 -0.283581 -0.280087 0.400344 -0.088883 -0.197380 0.432631 -0.232009 -0.204076 0.383025 -0.319110 -0.192791 0.280292 -0.168482 -0.119065 0.355212 -0.269304 -0.139550 0.417715 -0.308738 -0.131503 0.310090 
0.000000 0.000000 0.000000 0.047957 -0.029130 -0.049754 0.217054 -0.277269 0.259422 0.113678 -0.204555 0.285258 0.040369 -0.142669 0.277600 -0.025052 -0.085331 0.265447 -0.066298 -0.223084 0.167442 -0.137791 -0.344447 0.303349 -0.160306 -0.348040 0.456864 0.052192 -0.319255 0.409348 -0.047447 -0.344629 0.499959 -0.162872 -0.328632 0.503729 -0.018714 -0.251526 0.476936 -0.178428 -0.273454 0.488559 -0.289874 -0.275001 0.409713 -0.092801 -0.189444 0.435054 -0.236470 -0.198639 0.387456 -0.322842 -0.189940 0.283860 -0.170724 -0.112027 0.358469 -0.270994 -0.130402 0.422498 -0.309857 -0.124974 0.314501 
0.000000 0.000000 0.000000 0.049943 -0.026511 -0.049262 0.229497 -0.264672 0.261859 0.122056 -0.197706 0.286622 0.045539 -0.139940 0.278189 -0.022810 -0.086287 0.265340 -0.062166 -0.221922 0.167746 -0.132317 -0.344197 0.303536 -0.154479 -0.347351 0.457112 0.063462 -0.311865 0.408914 -0.036885 -0.340387 0.497790 -0.152672 -0.327352 0.501857 -0.018461 -0.246852 0.471863 -0.176727 -0.273894 0.490438 -0.288063 -0.279227 0.411601 -0.089898 -0.188960 0.433004 -0.234885 -0.203732 0.391153 -0.321477 -0.198270 0.287519 -0.167771 -0.116158 0.358507 -0.267551 -0.136719 0.422636 -0.306936 -0.132996 0.314756 
0.000000 0.000000 0.000000 0.049411 -0.025976 -0.050076 0.235874 -0.263057 0.257788 0.128233 -0.197101 0.284332 0.051081 -0.140011 0.277189 -0.017935 -0.086951 0.265498 -0.053107 -0.224994 0.168391 -0.117257 -0.349527 0.305094 -0.138355 -0.354454 0.458773 0.074919 -0.316709 0.408238 -0.022358 -0.349134 0.499165 -0.138446 -0.339490 0.504042 0.000646 -0.255534 0.476118 -0.157458 -0.287572 0.486172 -0.269163 -0.295089 0.408039 -0.077573 -0.197050 0.435013 -0.220256 -0.214980 0.386939 -0.307506 -0.210961 0.283792 -0.160778 -0.123202 0.359668 -0.259099 -0.148155 0.424488 -0.299057 -0.144613 0.316813 
0.000000 0.000000 0.000000 0.049237 -0.025785 -0.050346 0.236177 -0.264760 0.255759 0.128707 -0.198786 0.282942 0.051621 -0.141545 0.276309 -0.017347 -0.088322 0.265084 -0.053442 -0.225892 0.167049 -0.117692 -0.351105 0.303081 -0.138048 -0.356861 0.456832 0.075008 -0.317583 0.406273 -0.022398 -0.349509 0.497239 -0.138467 -0.339778 0.502391 0.001986 -0.258997 0.474751 -0.156067 -0.291216 0.485028 -0.268141 -0.298153 0.407371 -0.077359 -0.200338 0.433220 -0.220462 -0.218504 0.386508 -0.308062 -0.213802 0.283686 -0.160243 -0.125174 0.358939 -0.258602 -0.150540 0.423541 -0.299033 -0.146318 0.316067 
0.000000 0.000000 0.000000 0.047844 -0.027154 -0.050966 0.231430 -0.271859 0.252632 0.126275 -0.202803 0.281181 0.050823 -0.143324 0.275539 -0.016691 -0.088093 0.265202 -0.056253 -0.226545 0.166413 -0.121391 -0.351311 0.302434 -0.141102 -0.357401 0.456256 0.070305 -0.321414 0.404301 -0.027074 -0.351363 0.495965 -0.142902 -0.339502 0.502002 -0.002026 -0.259622 0.472975 -0.160523 -0.288579 0.485804 -0.273129 -0.293298 0.408751 -0.078629 -0.200930 0.432502 -0.222651 -0.216365 0.387669 -0.311026 -0.209318 0.285648 -0.159590 -0.123218 0.359712 -0.257951 -0.147394 0.424766 -0.299246 -0.142186 0.317665 
0.000000 0.000000 0.000000 0.048520 -0.026489 -0.050676 0.230936 -0.271832 0.253113 0.125024 -0.203703 0.281089 0.049208 -0.144723 0.275100 -0.018595 -0.089906 0.264466 -0.058417 -0.225372 0.165786 -0.125332 -0.349821 0.301234 -0.145249 -0.355954 0.455028 0.069008 -0.322122 0.403681 -0.028856 -0.352515 0.494681 -0.144587 -0.339700 0.500617 -0.006525 -0.258004 0.471407 -0.165025 -0.285568 0.486982 -0.277549 -0.289501 0.409766 -0.079236 -0.201145 0.433317 -0.223285 -0.215333 0.388158 -0.311786 -0.207702 0.286289 -0.162015 -0.122246 0.359182 -0.260734 -0.144507 0.424377 -0.301850 -0.139131 0.317214 
0.000000 0.000000 0.000000 0.048703 -0.026445 -0.050523 0.232142 -0.269549 0.254447 0.125850 -0.201862 0.282048 0.049730 -0.143307 0.275747 -0.018351 -0.088892 0.264826 -0.057258 -0.224945 0.166770 -0.123562 -0.349154 0.302738 -0.143594 -0.355037 0.456527 0.070768 -0.321567 0.405022 -0.026762 -0.353005 0.496025 -0.142536 -0.340565 0.501922 -0.005538 -0.257321 0.472142 -0.164025 -0.285743 0.486236 -0.276371 -0.290259 0.408794 -0.081216 -0.196638 0.432982 -0.225130 -0.210642 0.387339 -0.313204 -0.204024 0.285030 -0.162183 -0.120424 0.359189 -0.261185 -0.142129 0.424140 -0.302149 -0.137316 0.316893 
0.000000 0.000000 0.000000 0.048152 -0.026998 -0.050758 0.231322 -0.270982 0.253671 0.125807 -0.202288 0.281761 0.050170 -0.143075 0.275787 -0.017493 -0.088086 0.265153 -0.056217 -0.225431 0.167365 -0.121525 -0.349598 0.303852 -0.141961 -0.355946 0.457569 0.068801 -0.318293 0.404564 -0.029423 -0.346887 0.495759 -0.145285 -0.335038 0.501117 -0.000964 -0.254619 0.475836 -0.160197 -0.281263 0.483543 -0.272291 -0.286242 0.405765 -0.078982 -0.194890 0.435000 -0.221719 -0.207767 0.385490 -0.309387 -0.201450 0.282813 -0.160795 -0.121025 0.359841 -0.259432 -0.143698 0.425017 -0.300240 -0.138500 0.317728 
0.000000 0.000000 0.000000 0.048955 -0.025624 -0.050702 0.232470 -0.271770 0.251772 0.125829 -0.204851 0.279894 0.049495 -0.146523 0.274094 -0.018770 -0.092245 0.263647 -0.054495 -0.228193 0.164030 -0.119227 -0.354948 0.298396 -0.139116 -0.362573 0.452127 0.070260 -0.323409 0.401576 -0.027776 -0.354618 0.492113 -0.143628 -0.342777 0.497708 0.001503 -0.260308 0.474681 -0.157923 -0.286690 0.478128 -0.270099 -0.290700 0.400412 -0.076441 -0.203667 0.434058 -0.218161 -0.216154 0.381614 -0.305996 -0.208306 0.279186 -0.162080 -0.125846 0.358090 -0.260723 -0.148975 0.423096 -0.301314 -0.142597 0.315789 
0.000000 0.000000 0.000000 0.049362 -0.024118 -0.051045 0.232888 -0.276260 0.246443 0.125699 -0.210670 0.275599 0.049038 -0.152683 0.270794 -0.019507 -0.098586 0.261288 -0.059364 -0.227932 0.159869 -0.127398 -0.355466 0.291844 -0.147487 -0.365111 0.445436 0.070065 -0.332133 0.394047 -0.028341 -0.365902 0.483254 -0.144027 -0.352887 0.489618 -0.006308 -0.271863 0.463493 -0.165154 -0.299607 0.474576 -0.277433 -0.300971 0.396916 -0.082803 -0.209460 0.426062 -0.226803 -0.220976 0.379997 -0.314383 -0.210559 0.277580 -0.163602 -0.133138 0.354180 -0.262786 -0.156920 0.418120 -0.303538 -0.148050 0.311051 
0.000000 0.000000 0.000000 0.047414 -0.025646 -0.052135 0.226896 -0.286494 0.240270 0.122867 -0.217069 0.271886 0.048392 -0.156180 0.268909 -0.018211 -0.099457 0.261051 -0.061731 -0.231399 0.156669 -0.130027 -0.360146 0.287326 -0.149915 -0.371587 0.440820 0.064265 -0.339504 0.389137 -0.034026 -0.371542 0.479107 -0.149511 -0.357164 0.486140 -0.003104 -0.274675 0.464985 -0.162934 -0.297890 0.471306 -0.275542 -0.297185 0.394115 -0.081589 -0.214882 0.425027 -0.223612 -0.222295 0.372441 -0.311537 -0.209278 0.270619 -0.162940 -0.131207 0.353960 -0.262559 -0.153061 0.417910 -0.303585 -0.142644 0.311085 
0.000000 0.000000 0.000000 0.047442 -0.025016 -0.052416 0.228305 -0.287682 0.237500 0.124054 -0.218929 0.269848 0.049345 -0.158302 0.267492 -0.017484 -0.101768 0.260209 -0.061580 -0.234053 0.153167 -0.129798 -0.364854 0.281807 -0.149389 -0.377122 0.435276 0.064886 -0.341137 0.385341 -0.033880 -0.373443 0.474693 -0.149365 -0.359267 0.482123 -0.003160 -0.278017 0.461680 -0.163030 -0.301246 0.466833 -0.275538 -0.300085 0.389503 -0.082820 -0.216260 0.422046 -0.225455 -0.223316 0.371093 -0.313065 -0.209629 0.269087 -0.163530 -0.132841 0.351266 -0.264056 -0.154229 0.413942 -0.304952 -0.143032 0.307146 
0.000000 0.000000 0.000000 0.047944 -0.024399 -0.052249 0.229395 -0.286723 0.237609 0.124389 -0.218985 0.269649 0.049184 -0.158980 0.267119 -0.018079 -0.102982 0.259690 -0.059884 -0.235272 0.152084 -0.127356 -0.367222 0.279943 -0.147651 -0.379695 0.433303 0.065407 -0.342802 0.383839 -0.033703 -0.376694 0.472217 -0.149339 -0.363251 0.478598 -0.006116 -0.281612 0.458118 -0.165583 -0.307384 0.463674 -0.277439 -0.306903 0.385396 -0.083036 -0.221963 0.419647 -0.225662 -0.231118 0.369003 -0.312672 -0.217147 0.266523 -0.164131 -0.137493 0.349490 -0.264662 -0.161247 0.411301 -0.304883 -0.149395 0.304320 
0.000000 0.000000 0.000000 0.049174 -0.022865 -0.051798 0.234479 -0.281335 0.239083 0.127308 -0.216621 0.270195 0.050524 -0.158681 0.267047 -0.018157 -0.104509 0.259074 -0.058493 -0.234759 0.151562 -0.125863 -0.367348 0.278811 -0.146397 -0.378861 0.432215 0.069853 -0.340775 0.383255 -0.029642 -0.376699 0.470388 -0.145448 -0.364684 0.476531 -0.004851 -0.278836 0.457645 -0.164154 -0.305768 0.462318 -0.275722 -0.306829 0.383636 -0.083730 -0.219359 0.418730 -0.225441 -0.228093 0.365508 -0.312257 -0.215245 0.262717 -0.165335 -0.139205 0.346943 -0.266641 -0.163086 0.407426 -0.306326 -0.151501 0.300215 
0.000000 0.000000 0.000000 0.048479 -0.024042 -0.051920 0.234390 -0.279803 0.240960 0.128074 -0.213724 0.272133 0.051754 -0.155181 0.268862 -0.016541 -0.100545 0.260746 -0.056334 -0.235622 0.153249 -0.121918 -0.368016 0.281630 -0.144060 -0.378298 0.434897 0.069712 -0.338516 0.385369 -0.029815 -0.374000 0.472646 -0.145834 -0.363494 0.477384 -0.003205 -0.275863 0.460227 -0.162290 -0.304435 0.460010 -0.272821 -0.307920 0.379947 -0.082959 -0.216508 0.419875 -0.223213 -0.226856 0.363196 -0.308946 -0.215856 0.259288 -0.164396 -0.137985 0.346324 -0.266167 -0.163756 0.405228 -0.304887 -0.152923 0.297588 
0.000000 0.000000 0.000000 0.050918 -0.022624 -0.050194 0.238324 -0.267294 0.251089 0.128550 -0.205263 0.278351 0.050054 -0.149922 0.272147 -0.020127 -0.098213 0.261382 -0.053151 -0.234652 0.154891 -0.118270 -0.367326 0.283220 -0.143044 -0.374458 0.436263 0.072871 -0.330174 0.392833 -0.027125 -0.368177 0.478499 -0.143413 -0.360170 0.480958 -0.008381 -0.271369 0.460982 -0.166208 -0.306144 0.463445 -0.274669 -0.313257 0.380831 -0.087703 -0.213837 0.419292 -0.227034 -0.229234 0.361496 -0.310485 -0.221434 0.255462 -0.165825 -0.137461 0.349801 -0.272435 -0.164009 0.399003 -0.309091 -0.155559 0.290430 