88
0.000000 0.000000 0.000000 0.023490 -0.042824 -0.056905 0.228399 -0.301287 0.219887 0.153781 -0.204215 0.266054 0.092962 -0.124749 0.273573 0.049410 -0.067707 0.267106 -0.010190 -0.277753 0.146860 -0.031264 -0.424756 0.274363 -0.016141 -0.463045 0.424003 0.132722 -0.425709 0.383549 0.074898 -0.500907 0.482461 -0.040799 -0.511809 0.491874 0.112361 -0.342324 0.454958 -0.038513 -0.385595 0.493550 -0.170936 -0.376898 0.461488 0.105489 -0.226988 0.458245 -0.029074 -0.281473 0.502006 -0.156352 -0.283648 0.456579 0.042999 -0.155081 0.418469 -0.046622 -0.218211 0.468209 -0.148631 -0.229344 0.416504 
0.000000 0.000000 0.000000 0.023545 -0.042721 -0.056960 0.230587 -0.300034 0.219316 0.155603 -0.203334 0.265670 0.094397 -0.124180 0.273340 0.050532 -0.067365 0.266982 -0.008781 -0.277748 0.146911 -0.029009 -0.424813 0.274480 -0.013537 -0.463248 0.424047 0.136552 -0.424838 0.383637 0.079720 -0.500267 0.482948 -0.035898 -0.511785 0.492590 0.113459 -0.340674 0.454973 -0.036095 -0.385913 0.496349 -0.168587 -0.377877 0.464403 0.108123 -0.227431 0.457364 -0.026134 -0.283025 0.500666 -0.153422 -0.285776 0.455298 0.044457 -0.157066 0.416993 -0.043375 -0.222187 0.467352 -0.145368 -0.233786 0.415719 
0.000000 0.000000 0.000000 0.023556 -0.043012 -0.056736 0.229729 -0.299468 0.220984 0.154845 -0.202433 0.266798 0.093767 -0.123139 0.274027 0.050012 -0.066277 0.267352 -0.008961 -0.276840 0.148481 -0.029308 -0.423153 0.276892 -0.013843 -0.460670 0.426692 0.135297 -0.422214 0.386622 0.078225 -0.496398 0.486729 -0.037404 -0.507747 0.496440 0.115552 -0.339504 0.456908 -0.035524 -0.382461 0.495054 -0.168005 -0.374408 0.463065 0.106824 -0.226060 0.458283 -0.027936 -0.281196 0.500600 -0.155086 -0.283971 0.454849 0.043447 -0.154684 0.418108 -0.045242 -0.218934 0.468084 -0.147177 -0.230689 0.416371 
0.000000 0.000000 0.000000 0.021271 -0.045067 -0.056039 0.220793 -0.303206 0.224960 0.150144 -0.202454 0.269456 0.092181 -0.120767 0.275616 0.050525 -0.062442 0.268178 -0.017965 -0.273522 0.153998 -0.042516 -0.416474 0.285425 -0.028647 -0.451616 0.435956 0.123477 -0.420954 0.392545 0.064662 -0.492118 0.493830 -0.051256 -0.500446 0.503148 0.103216 -0.332817 0.462530 -0.047954 -0.371714 0.504473 -0.180095 -0.360353 0.472087 0.097927 -0.219563 0.462485 -0.037942 -0.269996 0.507060 -0.165042 -0.270296 0.461087 0.040870 -0.150900 0.418737 -0.048225 -0.213620 0.469919 -0.150548 -0.223659 0.418614 
0.000000 0.000000 0.000000 0.019427 -0.046688 -0.055378 0.209048 -0.308243 0.229293 0.142441 -0.204161 0.272335 0.087721 -0.120189 0.277319 0.048367 -0.060396 0.269043 -0.027153 -0.271961 0.156585 -0.056300 -0.412923 0.289218 -0.043271 -0.446504 0.440180 0.106112 -0.418990 0.398289 0.043901 -0.485922 0.500426 -0.072243 -0.489763 0.509858 0.097025 -0.332140 0.467355 -0.056927 -0.363015 0.505697 -0.188771 -0.347565 0.473793 0.093270 -0.214834 0.466330 -0.045365 -0.258250 0.509759 -0.172635 -0.255027 0.464372 0.035698 -0.144641 0.421780 -0.055952 -0.202305 0.474375 -0.158697 -0.209311 0.423408 
0.000000 0.000000 0.000000 0.019745 -0.046537 -0.055393 0.204176 -0.310905 0.230088 0.137805 -0.206577 0.272897 0.083623 -0.122246 0.277686 0.044790 -0.062133 0.269266 -0.035497 -0.265814 0.160737 -0.070064 -0.403024 0.295976 -0.057226 -0.436108 0.447064 0.099562 -0.416475 0.401350 0.036335 -0.480279 0.504857 -0.079756 -0.480598 0.515617 0.079843 -0.328459 0.468498 -0.073268 -0.355997 0.512354 -0.204688 -0.336589 0.480865 0.085827 -0.215982 0.467218 -0.052016 -0.256519 0.515661 -0.179566 -0.249868 0.471445 0.029878 -0.139600 0.425352 -0.065526 -0.190311 0.478435 -0.168691 -0.194406 0.428004 
0.000000 0.000000 0.000000 0.013433 -0.048905 -0.055242 0.193446 -0.320308 0.226433 0.137011 -0.210652 0.270169 0.089286 -0.122554 0.275780 0.054432 -0.059971 0.267977 -0.036411 -0.268227 0.162150 -0.067600 -0.405464 0.298181 -0.052699 -0.439811 0.448797 0.096236 -0.425831 0.402032 0.037485 -0.489606 0.508160 -0.078372 -0.487672 0.521067 0.088607 -0.334328 0.467237 -0.065393 -0.357325 0.510593 -0.196986 -0.335156 0.481762 0.098326 -0.214276 0.466093 -0.040688 -0.250235 0.514806 -0.168936 -0.241280 0.473089 0.037049 -0.136511 0.424265 -0.057305 -0.185312 0.480895 -0.161412 -0.187727 0.432325 
0.000000 0.000000 0.000000 0.016061 -0.047090 -0.056111 0.208506 -0.314536 0.221095 0.146486 -0.208715 0.266678 0.094380 -0.123246 0.273768 0.056454 -0.062349 0.267014 -0.032420 -0.266810 0.161189 -0.062756 -0.404296 0.297162 -0.045901 -0.439395 0.447397 0.107922 -0.420745 0.394366 0.047132 -0.484935 0.499086 -0.068644 -0.484953 0.512835 0.089756 -0.332492 0.461448 -0.060267 -0.362601 0.513518 -0.192475 -0.342177 0.486255 0.091517 -0.213162 0.465133 -0.044461 -0.251243 0.520366 -0.173072 -0.243641 0.479507 0.037291 -0.138936 0.423070 -0.054837 -0.188930 0.482268 -0.159360 -0.192820 0.434697 
0.000000 0.000000 0.000000 0.018463 -0.044899 -0.057158 0.224855 -0.308123 0.213987 0.157415 -0.206757 0.261934 0.100910 -0.124317 0.270941 0.059842 -0.065352 0.265554 -0.016399 -0.273972 0.152976 -0.038214 -0.417311 0.284465 -0.017767 -0.454294 0.433800 0.130694 -0.424253 0.384479 0.073786 -0.494439 0.487520 -0.041712 -0.499600 0.502585 0.113403 -0.337160 0.455667 -0.036377 -0.372113 0.505354 -0.169651 -0.356630 0.480101 0.119636 -0.224964 0.455963 -0.014317 -0.273634 0.507719 -0.143822 -0.271148 0.469116 0.049883 -0.152386 0.416922 -0.035556 -0.212537 0.476699 -0.140364 -0.219907 0.430180 
0.000000 0.000000 0.000000 0.018570 -0.043404 -0.058268 0.233214 -0.308016 0.205007 0.164514 -0.208905 0.255795 0.106607 -0.127736 0.267142 0.064388 -0.069459 0.263440 -0.010509 -0.275866 0.149005 -0.028704 -0.421326 0.278703 -0.005773 -0.460946 0.426997 0.143762 -0.427350 0.375822 0.089700 -0.499473 0.479058 -0.025527 -0.506736 0.495279 0.125209 -0.347473 0.444815 -0.019851 -0.391058 0.501231 -0.153735 -0.376802 0.478626 0.124144 -0.231615 0.450486 -0.007653 -0.283804 0.504308 -0.137536 -0.282636 0.466931 0.058110 -0.159463 0.413261 -0.023995 -0.222682 0.474526 -0.129290 -0.231112 0.429303 
0.000000 0.000000 0.000000 0.017394 -0.042767 -0.059096 0.233875 -0.312376 0.197519 0.166664 -0.213446 0.250601 0.109536 -0.132015 0.263856 0.067704 -0.073388 0.261537 -0.005467 -0.282308 0.140763 -0.019772 -0.432197 0.265822 0.004666 -0.475570 0.412820 0.149831 -0.438560 0.366144 0.099037 -0.514822 0.468056 -0.016018 -0.522763 0.485154 0.131608 -0.356490 0.437106 -0.012609 -0.402077 0.494096 -0.146718 -0.387765 0.472902 0.134318 -0.239862 0.444047 0.003352 -0.294168 0.497803 -0.126855 -0.292526 0.461592 0.067367 -0.169020 0.407963 -0.011722 -0.236280 0.468893 -0.117432 -0.244128 0.424544 
0.000000 0.000000 0.000000 0.018407 -0.041084 -0.059977 0.236037 -0.314311 0.191794 0.167181 -0.217537 0.246709 0.108951 -0.137151 0.261468 0.066424 -0.078994 0.260229 -0.006256 -0.283883 0.135693 -0.021687 -0.435811 0.258130 0.002531 -0.481710 0.404396 0.151664 -0.443513 0.357951 0.100671 -0.521599 0.458372 -0.014365 -0.529822 0.475465 0.136690 -0.365733 0.429966 -0.009565 -0.410400 0.482298 -0.143710 -0.395896 0.461459 0.131825 -0.247810 0.440200 0.001357 -0.303346 0.493911 -0.128795 -0.301182 0.457530 0.066003 -0.172928 0.407750 -0.017032 -0.237841 0.465911 -0.122654 -0.244966 0.421230 
0.000000 0.000000 0.000000 0.018218 -0.040371 -0.060516 0.235032 -0.317612 0.187543 0.166563 -0.221309 0.243754 0.108634 -0.140912 0.259593 0.066316 -0.082591 0.259137 -0.004925 -0.286027 0.131743 -0.019406 -0.439744 0.252046 0.005410 -0.487365 0.397659 0.152585 -0.452760 0.349894 0.102757 -0.534439 0.448014 -0.012206 -0.541933 0.465917 0.136075 -0.371380 0.425479 -0.009365 -0.416875 0.479350 -0.143538 -0.401418 0.459404 0.136863 -0.254056 0.435989 0.005318 -0.309318 0.487300 -0.125019 -0.306378 0.451643 0.070638 -0.178443 0.405356 -0.011583 -0.244660 0.463203 -0.117421 -0.250855 0.418895 
0.000000 0.000000 0.000000 0.016195 -0.040349 -0.061103 0.231781 -0.323725 0.181025 0.166460 -0.226367 0.239136 0.110565 -0.144871 0.256582 0.069494 -0.085667 0.257299 -0.008483 -0.285947 0.131041 -0.023925 -0.439626 0.251272 0.001327 -0.489200 0.396157 0.147268 -0.454754 0.345674 0.096191 -0.533944 0.445182 -0.018666 -0.539869 0.464313 0.141361 -0.375914 0.422113 -0.007342 -0.413930 0.472775 -0.141590 -0.396335 0.455246 0.136662 -0.259813 0.432141 0.006159 -0.314841 0.486287 -0.124477 -0.310092 0.451942 0.063906 -0.185634 0.400692 -0.014619 -0.253122 0.462097 -0.120816 -0.257672 0.418454 
0.000000 0.000000 0.000000 0.016862 -0.039203 -0.061666 0.232131 -0.325607 0.177160 0.165866 -0.229606 0.236447 0.109413 -0.148712 0.254873 0.068026 -0.089741 0.256301 -0.008013 -0.287173 0.127381 -0.023579 -0.442336 0.245674 0.001782 -0.493414 0.390016 0.146607 -0.457831 0.340325 0.094920 -0.537743 0.438938 -0.019906 -0.543303 0.458362 0.136101 -0.381294 0.416944 -0.011679 -0.420949 0.469034 -0.145845 -0.402435 0.451831 0.135018 -0.265046 0.429585 0.004513 -0.319716 0.484088 -0.126212 -0.313877 0.450254 0.068891 -0.188948 0.400327 -0.013240 -0.254961 0.458534 -0.119690 -0.258640 0.415430 
0.000000 0.000000 0.000000 0.015907 -0.039476 -0.061745 0.230309 -0.327711 0.175652 0.165572 -0.230931 0.235359 0.110126 -0.149425 0.254147 0.069366 -0.090027 0.255841 -0.008425 -0.288411 0.126100 -0.023650 -0.444178 0.243641 0.001418 -0.495834 0.387829 0.146568 -0.462065 0.337999 0.095958 -0.543265 0.436117 -0.018920 -0.549145 0.455135 0.139331 -0.385652 0.413818 -0.007921 -0.427382 0.465778 -0.142100 -0.409094 0.448432 0.138398 -0.268795 0.426383 0.008162 -0.325022 0.479935 -0.122608 -0.318938 0.446316 0.075353 -0.190835 0.398628 -0.009677 -0.257016 0.452305 -0.116193 -0.260630 0.409358 
0.000000 0.000000 0.000000 0.017109 -0.038530 -0.062021 0.232056 -0.327119 0.174453 0.165469 -0.231839 0.234538 0.108842 -0.151223 0.253636 0.067366 -0.092330 0.255555 -0.008691 -0.289052 0.123504 -0.024836 -0.445812 0.239593 0.000179 -0.498311 0.383485 0.146320 -0.463264 0.334246 0.094504 -0.545547 0.430821 -0.020448 -0.551845 0.449243 0.135555 -0.386103 0.412813 -0.011082 -0.428972 0.465581 -0.145240 -0.410874 0.447878 0.135298 -0.270051 0.426534 0.003765 -0.324834 0.478387 -0.126935 -0.318769 0.444492 0.072261 -0.192894 0.398555 -0.011756 -0.259265 0.453574 -0.118153 -0.262649 0.410313 
0.000000 0.000000 0.000000 0.017171 -0.038282 -0.062158 0.231773 -0.327887 0.173383 0.165141 -0.232836 0.233780 0.108513 -0.152283 0.253142 0.067049 -0.093388 0.255253 -0.009380 -0.289076 0.122893 -0.025994 -0.446006 0.238686 -0.001220 -0.499027 0.382428 0.146678 -0.464705 0.332945 0.095249 -0.547394 0.429379 -0.019728 -0.553697 0.447647 0.133913 -0.387464 0.411514 -0.013029 -0.430059 0.463651 -0.147142 -0.411774 0.445797 0.134859 -0.271351 0.425892 0.003484 -0.326360 0.477905 -0.127178 -0.320170 0.443887 0.065621 -0.195857 0.396973 -0.015377 -0.263689 0.454674 -0.121642 -0.266810 0.411070 
0.000000 0.000000 0.000000 0.017207 -0.038094 -0.062263 0.231231 -0.328693 0.172579 0.164623 -0.233774 0.233209 0.108053 -0.153228 0.252769 0.066647 -0.094297 0.255024 -0.009716 -0.288939 0.122664 -0.026562 -0.445902 0.238379 -0.002137 -0.499349 0.382023 0.146857 -0.465125 0.332852 0.095864 -0.547581 0.429717 -0.019127 -0.553892 0.447895 0.134813 -0.387743 0.411757 -0.012565 -0.429400 0.463418 -0.146638 -0.410993 0.445386 0.133514 -0.272245 0.425685 0.002606 -0.327606 0.478498 -0.127971 -0.321203 0.444196 0.064924 -0.195051 0.397965 -0.017077 -0.261641 0.455695 -0.123232 -0.264697 0.411821 
0.000000 0.000000 0.000000 0.017274 -0.038070 -0.062259 0.231152 -0.328689 0.172693 0.164464 -0.233805 0.233290 0.107856 -0.153279 0.252821 0.066433 -0.094360 0.255057 -0.009149 -0.289357 0.122140 -0.025684 -0.446596 0.237525 -0.001205 -0.500243 0.381085 0.144531 -0.464837 0.332006 0.092179 -0.547121 0.428290 -0.022856 -0.553582 0.446129 0.133617 -0.388389 0.411129 -0.013835 -0.430432 0.462264 -0.147891 -0.412153 0.443976 0.130901 -0.272646 0.425837 -0.000779 -0.327448 0.477294 -0.131270 -0.321090 0.442658 0.064663 -0.196557 0.396968 -0.017279 -0.263971 0.453820 -0.123366 -0.267004 0.409779 
0.000000 0.000000 0.000000 0.017352 -0.038004 -0.062277 0.231726 -0.328363 0.172542 0.164857 -0.233635 0.233183 0.108099 -0.153223 0.252752 0.066568 -0.094381 0.255014 -0.008914 -0.289358 0.122053 -0.025350 -0.446639 0.237395 -0.000925 -0.500517 0.380878 0.144777 -0.464901 0.331343 0.092228 -0.547421 0.427317 -0.022809 -0.554506 0.444907 0.132444 -0.388925 0.410126 -0.014472 -0.432422 0.461589 -0.148535 -0.414475 0.443039 0.131241 -0.274130 0.424681 0.000071 -0.330137 0.476144 -0.130418 -0.323822 0.441491 0.066563 -0.195149 0.397955 -0.018087 -0.261073 0.452541 -0.124133 -0.264350 0.408419 
0.000000 0.000000 0.000000 0.016515 -0.038576 -0.062154 0.232123 -0.328014 0.172672 0.166327 -0.232508 0.233265 0.110137 -0.151690 0.252797 0.068892 -0.092646 0.255033 -0.007130 -0.291402 0.120511 -0.021925 -0.449603 0.234811 0.002847 -0.503513 0.378222 0.148009 -0.466188 0.331584 0.097173 -0.549697 0.427626 -0.017818 -0.557464 0.445225 0.136632 -0.391099 0.407740 -0.009666 -0.437170 0.458722 -0.143849 -0.420086 0.440224 0.135760 -0.272807 0.424225 0.003877 -0.328951 0.473676 -0.126668 -0.323594 0.439074 0.069516 -0.195374 0.396571 -0.014250 -0.262932 0.450520 -0.120267 -0.266664 0.406366 
0.000000 0.000000 0.000000 0.017707 -0.037772 -0.062319 0.236596 -0.325173 0.171974 0.168605 -0.231353 0.232778 0.110813 -0.151716 0.252486 0.068494 -0.093442 0.254850 -0.005700 -0.290260 0.120843 -0.020347 -0.448251 0.235454 0.004906 -0.502539 0.378639 0.150999 -0.463368 0.330073 0.099266 -0.546889 0.425624 -0.015644 -0.555482 0.443369 0.136754 -0.387768 0.408830 -0.009705 -0.433438 0.459708 -0.144030 -0.417487 0.441228 0.138707 -0.272040 0.424118 0.007318 -0.328813 0.474164 -0.123373 -0.324311 0.439994 0.072815 -0.195759 0.396620 -0.010897 -0.263828 0.450006 -0.116986 -0.268403 0.406102 
0.000000 0.000000 0.000000 0.018924 -0.037271 -0.062263 0.239069 -0.322621 0.173356 0.169118 -0.229989 0.233756 0.110023 -0.151229 0.253123 0.066886 -0.093547 0.255238 -0.004645 -0.288934 0.122009 -0.019392 -0.446409 0.237314 0.005914 -0.500416 0.380596 0.153416 -0.460823 0.331419 0.101649 -0.544348 0.426948 -0.013250 -0.553238 0.444616 0.138477 -0.386312 0.410104 -0.007129 -0.433274 0.462236 -0.141510 -0.417709 0.443827 0.134599 -0.272688 0.424462 0.006174 -0.332722 0.478258 -0.124431 -0.328457 0.443730 0.070342 -0.196671 0.396446 -0.009899 -0.266598 0.452686 -0.115920 -0.271548 0.408661 
0.000000 0.000000 0.000000 0.017555 -0.038714 -0.061781 0.234148 -0.324420 0.176683 0.166683 -0.229350 0.236119 0.109391 -0.149077 0.254668 0.067457 -0.090496 0.256186 -0.007817 -0.288013 0.125443 -0.023694 -0.444007 0.242596 0.000840 -0.496533 0.386561 0.149904 -0.458681 0.338847 0.098989 -0.539824 0.436855 -0.015954 -0.547080 0.454982 0.141934 -0.384760 0.414192 -0.004551 -0.428847 0.466376 -0.138847 -0.411890 0.448584 0.134619 -0.269226 0.426835 0.004661 -0.326849 0.479574 -0.125887 -0.321663 0.444956 0.068930 -0.191669 0.398833 -0.012352 -0.259873 0.455690 -0.118376 -0.264583 0.411646 
0.000000 0.000000 0.000000 0.017765 -0.040080 -0.060843 0.225222 -0.325688 0.185721 0.158667 -0.228379 0.242498 0.102628 -0.146746 0.258804 0.061793 -0.087375 0.258686 -0.015719 -0.284492 0.131478 -0.036671 -0.437430 0.251821 -0.014254 -0.487282 0.397076 0.134470 -0.456985 0.346797 0.079621 -0.536337 0.444147 -0.035569 -0.539431 0.461888 0.127114 -0.376994 0.425233 -0.020703 -0.414701 0.478644 -0.154371 -0.393982 0.460126 0.120990 -0.260925 0.435834 -0.010961 -0.311720 0.490605 -0.141122 -0.303114 0.455221 0.057462 -0.186016 0.403038 -0.023386 -0.251589 0.463495 -0.129359 -0.254227 0.419156 
0.000000 0.000000 0.000000 0.013362 -0.043868 -0.059338 0.203952 -0.333763 0.195693 0.146186 -0.229330 0.249348 0.096841 -0.143034 0.263076 0.060615 -0.080775 0.261098 -0.031988 -0.278068 0.142998 -0.060365 -0.424616 0.269607 -0.042193 -0.471079 0.416569 0.107334 -0.452586 0.362924 0.048940 -0.524399 0.463994 -0.066458 -0.522843 0.480545 0.107049 -0.370441 0.436512 -0.046200 -0.394784 0.481755 -0.178796 -0.369794 0.460945 0.108140 -0.253929 0.442766 -0.027784 -0.297761 0.493699 -0.157374 -0.286455 0.457001 0.049453 -0.174596 0.408269 -0.037990 -0.233413 0.466456 -0.143686 -0.233227 0.421383 
0.000000 0.000000 0.000000 0.012132 -0.045036 -0.058724 0.191219 -0.338192 0.200877 0.136844 -0.231161 0.252934 0.090459 -0.143042 0.265335 0.056430 -0.079592 0.262396 -0.040296 -0.275736 0.145910 -0.073102 -0.420093 0.273957 -0.056865 -0.465826 0.421373 0.091328 -0.451411 0.370062 0.030957 -0.519837 0.472313 -0.084380 -0.514541 0.488518 0.086231 -0.366050 0.441925 -0.064954 -0.389777 0.493934 -0.196530 -0.360702 0.471989 0.093606 -0.246781 0.449568 -0.043744 -0.283108 0.502542 -0.172839 -0.268221 0.465379 0.036991 -0.167161 0.412530 -0.051174 -0.220366 0.474880 -0.156742 -0.217386 0.429606 
0.000000 0.000000 0.000000 0.013566 -0.044365 -0.058920 0.194333 -0.336616 0.200537 0.137596 -0.230901 0.252763 0.089630 -0.143650 0.265287 0.054603 -0.080742 0.262431 -0.042730 -0.273312 0.146653 -0.077957 -0.416571 0.275288 -0.061025 -0.461788 0.422785 0.092016 -0.448000 0.369490 0.030179 -0.515317 0.471600 -0.084916 -0.508683 0.488988 0.081369 -0.365772 0.440174 -0.067419 -0.392228 0.497506 -0.198981 -0.362020 0.477055 0.089782 -0.248430 0.448958 -0.045499 -0.286087 0.506158 -0.174752 -0.270237 0.469960 0.035410 -0.168942 0.412227 -0.051619 -0.222427 0.475918 -0.157448 -0.218767 0.431308 
0.000000 0.000000 0.000000 0.010972 -0.045695 -0.058442 0.193285 -0.336834 0.201182 0.140201 -0.229049 0.253016 0.094367 -0.140622 0.265267 0.060534 -0.077072 0.262234 -0.035471 -0.279093 0.144572 -0.064532 -0.425138 0.271605 -0.046712 -0.470658 0.418905 0.094930 -0.451659 0.370184 0.035487 -0.521057 0.472323 -0.079659 -0.515656 0.489798 0.092429 -0.367300 0.440310 -0.058696 -0.391533 0.492256 -0.190577 -0.362583 0.472037 0.104918 -0.248811 0.446644 -0.031211 -0.289198 0.499828 -0.160783 -0.275660 0.463832 0.044163 -0.168915 0.410163 -0.044542 -0.224901 0.469225 -0.150356 -0.223151 0.424466 
0.000000 0.000000 0.000000 0.015244 -0.043840 -0.058903 0.208120 -0.328290 0.200504 0.147252 -0.224900 0.252733 0.095822 -0.139646 0.265261 0.058278 -0.078207 0.262409 -0.026006 -0.278640 0.143615 -0.051818 -0.425563 0.270338 -0.033354 -0.471291 0.417494 0.112838 -0.447469 0.368248 0.055252 -0.519497 0.469627 -0.060159 -0.518803 0.486147 0.109530 -0.367268 0.439235 -0.041368 -0.396809 0.489053 -0.174237 -0.372968 0.468638 0.111092 -0.247934 0.446242 -0.022027 -0.294538 0.501902 -0.151751 -0.284813 0.465224 0.050398 -0.166857 0.412959 -0.038458 -0.223515 0.471148 -0.144005 -0.224949 0.425751 
0.000000 0.000000 0.000000 0.015601 -0.043250 -0.059245 0.213959 -0.326374 0.197465 0.151823 -0.224220 0.250625 0.099197 -0.139817 0.263927 0.060732 -0.078927 0.261636 -0.023423 -0.281446 0.139718 -0.047841 -0.430493 0.264216 -0.028781 -0.477721 0.410821 0.119235 -0.449009 0.363018 0.061986 -0.523127 0.463075 -0.053411 -0.524041 0.479681 0.108639 -0.365731 0.436593 -0.039875 -0.399983 0.490399 -0.173012 -0.377676 0.469994 0.118491 -0.250570 0.443022 -0.014427 -0.299628 0.497030 -0.144470 -0.291632 0.461072 0.048997 -0.174162 0.407850 -0.032696 -0.237067 0.469984 -0.138337 -0.239628 0.424857 
0.000000 0.000000 0.000000 0.014235 -0.043021 -0.059753 0.215845 -0.328572 0.191681 0.155296 -0.226362 0.246537 0.103401 -0.141745 0.261272 0.065238 -0.080634 0.260026 -0.019242 -0.283505 0.137460 -0.040189 -0.433984 0.260864 -0.019166 -0.482773 0.406687 0.124646 -0.456195 0.355434 0.069527 -0.533327 0.454402 -0.045717 -0.535149 0.471972 0.118716 -0.376198 0.427329 -0.028180 -0.415275 0.482275 -0.161638 -0.393320 0.463666 0.117981 -0.255952 0.438635 -0.013148 -0.307646 0.494525 -0.143407 -0.299728 0.459341 0.051158 -0.177614 0.404880 -0.026491 -0.242252 0.470332 -0.132504 -0.244842 0.426086 
0.000000 0.000000 0.000000 0.015331 -0.041587 -0.060493 0.219052 -0.329286 0.186756 0.156595 -0.229092 0.243171 0.103364 -0.145544 0.259189 0.064332 -0.084974 0.258867 -0.017325 -0.284385 0.134003 -0.037759 -0.436313 0.255706 -0.015983 -0.487092 0.400737 0.129290 -0.456467 0.351643 0.075040 -0.533332 0.451297 -0.040117 -0.536054 0.469313 0.122817 -0.379685 0.423879 -0.023841 -0.419072 0.479238 -0.157452 -0.397418 0.461387 0.123775 -0.261090 0.435105 -0.007457 -0.313167 0.490396 -0.137912 -0.305051 0.455993 0.061564 -0.180822 0.405126 -0.022015 -0.243871 0.464546 -0.128194 -0.246427 0.420700 
0.000000 0.000000 0.000000 0.014130 -0.041331 -0.060959 0.217089 -0.333284 0.181891 0.156515 -0.232746 0.239728 0.104502 -0.148672 0.256948 0.066216 -0.087629 0.257503 -0.018192 -0.286369 0.130765 -0.038417 -0.439698 0.250733 -0.016346 -0.492527 0.394985 0.129468 -0.465789 0.343709 0.076513 -0.545872 0.441508 -0.038586 -0.549060 0.459816 0.124772 -0.383898 0.420338 -0.022476 -0.422323 0.474798 -0.156166 -0.400726 0.457480 0.127782 -0.267089 0.430583 -0.004203 -0.319447 0.483776 -0.134788 -0.310953 0.449957 0.063601 -0.187770 0.400860 -0.020637 -0.252418 0.457567 -0.126927 -0.254171 0.413949 
0.000000 0.000000 0.000000 0.012812 -0.041466 -0.061158 0.214552 -0.336482 0.178990 0.156098 -0.235160 0.237635 0.105484 -0.150380 0.255549 0.068071 -0.088805 0.256615 -0.016720 -0.288795 0.128056 -0.035200 -0.443558 0.246455 -0.012784 -0.497869 0.390102 0.128072 -0.468348 0.341941 0.075806 -0.548043 0.440424 -0.039268 -0.551189 0.458901 0.123954 -0.389032 0.415862 -0.023437 -0.428023 0.469529 -0.157100 -0.406032 0.452501 0.130488 -0.271004 0.427416 0.000334 -0.325673 0.482750 -0.130359 -0.316734 0.449471 0.063041 -0.189282 0.399672 -0.019599 -0.254314 0.458262 -0.125941 -0.255727 0.414756 
0.000000 0.000000 0.000000 0.015027 -0.039753 -0.061788 0.219167 -0.335180 0.175813 0.157104 -0.236645 0.235488 0.104084 -0.153534 0.254244 0.065159 -0.092916 0.255914 -0.015996 -0.288150 0.125783 -0.035407 -0.443580 0.243152 -0.012567 -0.499110 0.386266 0.132372 -0.470052 0.336114 0.079915 -0.551565 0.432995 -0.035090 -0.554784 0.451875 0.124392 -0.391056 0.413144 -0.022347 -0.430918 0.467946 -0.156057 -0.408807 0.451449 0.128045 -0.273378 0.426804 -0.002154 -0.327432 0.482637 -0.132863 -0.318355 0.449459 0.059990 -0.193365 0.398986 -0.020309 -0.259026 0.460076 -0.126695 -0.260031 0.416669 
0.000000 0.000000 0.000000 0.014018 -0.040003 -0.061864 0.218464 -0.336534 0.174094 0.157856 -0.237382 0.234240 0.105710 -0.153812 0.253404 0.067287 -0.092884 0.255374 -0.014379 -0.290213 0.123701 -0.032148 -0.446779 0.239816 -0.008963 -0.503174 0.382536 0.133879 -0.472577 0.334586 0.082758 -0.554797 0.431583 -0.032213 -0.558544 0.450579 0.131986 -0.395978 0.409318 -0.015862 -0.435498 0.461317 -0.149698 -0.413723 0.445414 0.129391 -0.275377 0.424795 -0.000650 -0.330348 0.480097 -0.131383 -0.321304 0.447004 0.061761 -0.196459 0.396186 -0.016072 -0.264588 0.457762 -0.122505 -0.265488 0.414468 
0.000000 0.000000 0.000000 0.014092 -0.039616 -0.062096 0.219526 -0.336881 0.172074 0.158675 -0.238239 0.232812 0.106305 -0.154926 0.252475 0.067711 -0.094119 0.254810 -0.012462 -0.291637 0.121279 -0.029078 -0.449336 0.236024 -0.005362 -0.506584 0.378316 0.135427 -0.474649 0.331345 0.084600 -0.557913 0.427605 -0.030341 -0.562211 0.446664 0.131660 -0.397849 0.406793 -0.014322 -0.440643 0.461405 -0.148218 -0.419046 0.445756 0.132453 -0.275600 0.424136 0.001904 -0.329987 0.478815 -0.128939 -0.321398 0.446036 0.065534 -0.198328 0.395245 -0.014195 -0.266459 0.454344 -0.120656 -0.267387 0.411119 
0.000000 0.000000 0.000000 0.014081 -0.039356 -0.062263 0.219468 -0.337650 0.170637 0.158640 -0.239253 0.231794 0.106286 -0.156014 0.251812 0.067704 -0.095210 0.254406 -0.011084 -0.291738 0.120812 -0.026832 -0.449662 0.235369 -0.002823 -0.507221 0.377486 0.136520 -0.474679 0.331145 0.086390 -0.557496 0.428152 -0.028517 -0.561969 0.447379 0.136688 -0.398162 0.407124 -0.011043 -0.437680 0.459454 -0.145009 -0.416237 0.444197 0.137453 -0.276792 0.422560 0.006957 -0.331332 0.477214 -0.124021 -0.322686 0.444996 0.067704 -0.197575 0.396207 -0.013967 -0.264187 0.454378 -0.120463 -0.265148 0.411240 
0.000000 0.000000 0.000000 0.014033 -0.039295 -0.062313 0.219423 -0.337922 0.170155 0.158666 -0.239568 0.231451 0.106357 -0.156329 0.251586 0.067801 -0.095513 0.254267 -0.011163 -0.292072 0.120211 -0.026929 -0.450243 0.234423 -0.002762 -0.507969 0.376446 0.136313 -0.476115 0.329577 0.086084 -0.559635 0.425928 -0.028806 -0.564146 0.445249 0.136790 -0.398871 0.406432 -0.011638 -0.437392 0.457521 -0.145596 -0.415884 0.442291 0.137863 -0.278748 0.421100 0.007513 -0.334041 0.475342 -0.123482 -0.325214 0.443244 0.071174 -0.198388 0.395658 -0.011255 -0.265244 0.452465 -0.117865 -0.266233 0.409611 
0.000000 0.000000 0.000000 0.014009 -0.039370 -0.062271 0.219662 -0.337614 0.170458 0.158904 -0.239203 0.231664 0.106575 -0.155959 0.251724 0.067997 -0.095154 0.254349 -0.011021 -0.292240 0.120149 -0.026683 -0.450469 0.234295 -0.002462 -0.508142 0.376330 0.137513 -0.477287 0.329087 0.087865 -0.561702 0.424958 -0.027010 -0.566243 0.444354 0.135726 -0.399412 0.405648 -0.011767 -0.439897 0.457912 -0.145733 -0.418455 0.442655 0.135544 -0.280366 0.420239 0.006402 -0.337554 0.475400 -0.124570 -0.328693 0.443217 0.071784 -0.199256 0.394829 -0.009818 -0.267126 0.451628 -0.116463 -0.268149 0.408860 
0.000000 0.000000 0.000000 0.015164 -0.038933 -0.062275 0.220956 -0.336197 0.171581 0.158468 -0.238691 0.232491 0.105062 -0.156071 0.252290 0.065843 -0.095668 0.254722 -0.010920 -0.292120 0.119555 -0.027243 -0.450548 0.233333 -0.003236 -0.508233 0.375400 0.139453 -0.476338 0.330131 0.090195 -0.561036 0.425954 -0.024679 -0.565519 0.445371 0.136292 -0.400057 0.405533 -0.010584 -0.441977 0.458398 -0.144530 -0.420492 0.443033 0.134964 -0.280805 0.420400 0.005458 -0.337966 0.474728 -0.125472 -0.329112 0.442370 0.070548 -0.200060 0.394959 -0.009882 -0.268714 0.452484 -0.116445 -0.269698 0.409514 
0.000000 0.000000 0.000000 0.015218 -0.039199 -0.062094 0.220439 -0.335677 0.173258 0.157947 -0.237871 0.233682 0.104582 -0.155127 0.253070 0.065411 -0.094683 0.255201 -0.011212 -0.292470 0.119570 -0.027751 -0.450950 0.233243 -0.004117 -0.508479 0.375436 0.137373 -0.475641 0.331151 0.087171 -0.560232 0.426577 -0.027750 -0.564453 0.445775 0.136786 -0.398523 0.407514 -0.010670 -0.439382 0.459590 -0.144621 -0.418037 0.444065 0.137986 -0.280571 0.419988 0.007240 -0.337056 0.472005 -0.123721 -0.328178 0.439779 0.071938 -0.198298 0.395940 -0.009347 -0.266548 0.452738 -0.115875 -0.267778 0.409685 
0.000000 0.000000 0.000000 0.015183 -0.039399 -0.061977 0.219848 -0.335524 0.174300 0.157483 -0.237451 0.234421 0.104238 -0.154570 0.253552 0.065159 -0.094060 0.255496 -0.012018 -0.291349 0.121401 -0.029039 -0.449004 0.236146 -0.005510 -0.506212 0.378486 0.134823 -0.473776 0.332658 0.083437 -0.557332 0.428366 -0.031528 -0.561457 0.447321 0.135337 -0.397219 0.408944 -0.012047 -0.437864 0.461389 -0.145965 -0.416416 0.445730 0.135303 -0.278738 0.421871 0.005655 -0.335510 0.476267 -0.125266 -0.326530 0.443909 0.072506 -0.196662 0.396935 -0.008435 -0.264572 0.454625 -0.114996 -0.265791 0.411654 
0.000000 0.000000 0.000000 0.013937 -0.040222 -0.061740 0.217058 -0.336847 0.175242 0.156749 -0.237311 0.235054 0.104886 -0.153501 0.253934 0.066683 -0.092428 0.255698 -0.012125 -0.290516 0.124056 -0.028433 -0.447134 0.240315 -0.004902 -0.504014 0.382785 0.134058 -0.474090 0.335540 0.083894 -0.557037 0.432419 -0.031010 -0.560746 0.451818 0.132920 -0.396574 0.409817 -0.014782 -0.436307 0.462066 -0.148634 -0.414434 0.446431 0.136045 -0.274321 0.424654 0.005458 -0.328583 0.479368 -0.125454 -0.319497 0.447002 0.069722 -0.196597 0.396147 -0.009960 -0.265156 0.454813 -0.116542 -0.266009 0.411888 
0.000000 0.000000 0.000000 0.013582 -0.040967 -0.061328 0.214501 -0.336723 0.178597 0.155015 -0.236102 0.237410 0.103827 -0.151694 0.255451 0.066108 -0.090307 0.256604 -0.014195 -0.289887 0.126058 -0.031576 -0.445644 0.243312 -0.008683 -0.501550 0.386271 0.131152 -0.473494 0.339117 0.080778 -0.556155 0.436131 -0.034124 -0.558741 0.455731 0.134615 -0.393561 0.414229 -0.014927 -0.428686 0.464506 -0.148656 -0.405896 0.449129 0.129515 -0.273845 0.426135 -0.000785 -0.328437 0.481201 -0.131524 -0.318695 0.448330 0.071499 -0.192208 0.398637 -0.011187 -0.258491 0.455741 -0.117788 -0.259041 0.412859 
0.000000 0.000000 0.000000 0.013960 -0.041541 -0.060855 0.210872 -0.336406 0.183452 0.151363 -0.234984 0.240851 0.100466 -0.150155 0.257695 0.063075 -0.088557 0.257974 -0.022390 -0.286154 0.130690 -0.045136 -0.439217 0.250547 -0.023818 -0.492921 0.394589 0.121619 -0.467711 0.345357 0.067677 -0.547068 0.443208 -0.047332 -0.546930 0.462337 0.115337 -0.387431 0.419558 -0.030513 -0.425702 0.477762 -0.163669 -0.400289 0.461541 0.117672 -0.269863 0.431152 -0.010971 -0.323398 0.490949 -0.141400 -0.311856 0.457437 0.062974 -0.187871 0.401928 -0.019183 -0.252091 0.462072 -0.125703 -0.251856 0.418986 
0.000000 0.000000 0.000000 0.011399 -0.043793 -0.059801 0.196144 -0.341108 0.190954 0.142092 -0.235424 0.246013 0.095478 -0.147816 0.260923 0.061090 -0.084502 0.259805 -0.032655 -0.281097 0.139177 -0.060221 -0.429587 0.263684 -0.040671 -0.479621 0.409290 0.104964 -0.463302 0.358808 0.049858 -0.537152 0.460255 -0.065000 -0.532017 0.479605 0.097672 -0.380164 0.429184 -0.050356 -0.409714 0.486970 -0.182426 -0.379717 0.469739 0.113609 -0.259538 0.439538 -0.019843 -0.302306 0.497436 -0.149900 -0.287266 0.463864 0.053718 -0.176304 0.408480 -0.033921 -0.232347 0.469060 -0.140273 -0.229441 0.425656 
0.000000 0.000000 0.000000 0.007972 -0.046584 -0.058226 0.174046 -0.346545 0.202249 0.127667 -0.235532 0.253699 0.087190 -0.144486 0.265646 0.057152 -0.079068 0.262399 -0.047940 -0.276552 0.146309 -0.082926 -0.420451 0.274295 -0.066928 -0.467509 0.421320 0.074956 -0.456141 0.374267 0.015069 -0.522379 0.478229 -0.099412 -0.510697 0.496956 0.082568 -0.372621 0.442504 -0.069612 -0.386662 0.495123 -0.199883 -0.350113 0.476879 0.091858 -0.252833 0.447176 -0.041943 -0.289242 0.508514 -0.171142 -0.268757 0.474510 0.045199 -0.167783 0.412642 -0.044547 -0.218656 0.474682 -0.150820 -0.211613 0.431560 
0.000000 0.000000 0.000000 0.004563 -0.048393 -0.057107 0.156375 -0.350892 0.209075 0.117084 -0.236149 0.258191 0.082050 -0.142652 0.268262 0.055776 -0.075711 0.263682 -0.060683 -0.268294 0.155573 -0.101510 -0.405894 0.288655 -0.087428 -0.450113 0.436753 0.054906 -0.449015 0.386546 -0.006419 -0.508319 0.493805 -0.120247 -0.491420 0.512534 0.070287 -0.364273 0.452790 -0.082370 -0.368644 0.505715 -0.211140 -0.327314 0.487024 0.091741 -0.241487 0.454947 -0.045591 -0.265691 0.514487 -0.174451 -0.241630 0.481558 0.029824 -0.157728 0.415951 -0.060169 -0.202331 0.482306 -0.166321 -0.192070 0.439532 
0.000000 0.000000 0.000000 0.003736 -0.049202 -0.056472 0.151785 -0.350324 0.213365 0.114262 -0.234389 0.261043 0.080599 -0.140273 0.269951 0.055282 -0.073026 0.264542 -0.065630 -0.265805 0.158279 -0.109035 -0.401340 0.292657 -0.095601 -0.444487 0.441131 0.044832 -0.445858 0.389019 -0.019807 -0.503596 0.495180 -0.133382 -0.484811 0.513642 0.060550 -0.359612 0.455744 -0.092338 -0.361803 0.508138 -0.220553 -0.319030 0.488884 0.083726 -0.243351 0.454555 -0.051548 -0.270505 0.517439 -0.180061 -0.244652 0.484514 0.024541 -0.154127 0.416410 -0.064017 -0.198270 0.484966 -0.170128 -0.187071 0.442325 
0.000000 0.000000 0.000000 0.007165 -0.048838 -0.056457 0.158737 -0.345120 0.216760 0.115569 -0.230830 0.263626 0.078166 -0.138068 0.271796 0.050510 -0.071797 0.265829 -0.065454 -0.262499 0.160157 -0.110894 -0.396194 0.295700 -0.098512 -0.438117 0.444616 0.049081 -0.438570 0.391869 -0.017193 -0.495048 0.497699 -0.131157 -0.477673 0.515120 0.057588 -0.353154 0.458945 -0.094857 -0.358279 0.512414 -0.223470 -0.317381 0.491788 0.080394 -0.238381 0.457931 -0.055479 -0.265196 0.519659 -0.183974 -0.240786 0.485585 0.023839 -0.148280 0.420830 -0.067168 -0.189631 0.487905 -0.173079 -0.179945 0.444406 
0.000000 0.000000 0.000000 0.008397 -0.049296 -0.055887 0.166211 -0.338899 0.220933 0.120333 -0.225111 0.266425 0.080791 -0.133149 0.273479 0.051628 -0.067604 0.266712 -0.057664 -0.266772 0.159023 -0.099001 -0.402855 0.293499 -0.087453 -0.444225 0.442637 0.061422 -0.442345 0.393381 -0.001910 -0.504864 0.497604 -0.116721 -0.491895 0.513199 0.068316 -0.350193 0.461676 -0.084553 -0.361484 0.512942 -0.214368 -0.325862 0.490174 0.077263 -0.231889 0.460432 -0.057203 -0.264322 0.522542 -0.185824 -0.244647 0.485969 0.029014 -0.148743 0.419981 -0.060510 -0.195999 0.485124 -0.166175 -0.190237 0.440349 
0.000000 0.000000 0.000000 0.009845 -0.048915 -0.055985 0.175446 -0.334573 0.220386 0.126329 -0.222223 0.266073 0.084203 -0.131428 0.273281 0.053213 -0.066715 0.266624 -0.049171 -0.269520 0.157784 -0.086099 -0.407560 0.291546 -0.073074 -0.449050 0.440528 0.069923 -0.438889 0.391860 0.006148 -0.501935 0.495494 -0.109058 -0.492274 0.510574 0.073149 -0.348731 0.460089 -0.080238 -0.363133 0.508974 -0.210819 -0.330825 0.485646 0.085432 -0.232722 0.458893 -0.049118 -0.269156 0.518555 -0.178175 -0.252833 0.481867 0.030927 -0.150210 0.418671 -0.057945 -0.200598 0.482343 -0.163589 -0.197604 0.437250 
0.000000 0.000000 0.000000 0.010773 -0.048013 -0.056592 0.181904 -0.333860 0.216191 0.130643 -0.223057 0.263278 0.086778 -0.133187 0.271619 0.054547 -0.069005 0.265771 -0.043558 -0.272328 0.154541 -0.077555 -0.412690 0.286654 -0.063772 -0.455775 0.435115 0.081960 -0.443302 0.387813 0.021556 -0.509445 0.491536 -0.093767 -0.502151 0.507043 0.079899 -0.353986 0.454999 -0.072585 -0.373620 0.504875 -0.203765 -0.343640 0.481798 0.096330 -0.235913 0.456199 -0.038270 -0.274600 0.514312 -0.167681 -0.260291 0.478037 0.031823 -0.156665 0.415389 -0.050528 -0.212303 0.483314 -0.156173 -0.210587 0.438154 
0.000000 0.000000 0.000000 0.009863 -0.047544 -0.057151 0.184690 -0.335892 0.210609 0.134284 -0.225432 0.259394 0.090665 -0.135585 0.269152 0.058432 -0.071319 0.264330 -0.039154 -0.277025 0.149688 -0.069826 -0.420619 0.279114 -0.054772 -0.466183 0.426709 0.086798 -0.446364 0.382752 0.027635 -0.513130 0.486791 -0.087658 -0.507091 0.503045 0.086410 -0.361796 0.448041 -0.064949 -0.385344 0.499619 -0.196511 -0.356030 0.477904 0.098287 -0.240989 0.452307 -0.036454 -0.281148 0.509079 -0.166060 -0.267519 0.473240 0.035515 -0.161943 0.412142 -0.046793 -0.219411 0.478581 -0.152615 -0.218175 0.433822 
0.000000 0.000000 0.000000 0.011109 -0.045887 -0.058266 0.188966 -0.337945 0.203409 0.136286 -0.229657 0.254600 0.091037 -0.140854 0.266305 0.057725 -0.077050 0.262873 -0.037776 -0.279885 0.143480 -0.068365 -0.426306 0.269719 -0.052660 -0.474893 0.416278 0.093148 -0.455968 0.371664 0.035239 -0.527297 0.473352 -0.080026 -0.522303 0.490153 0.089034 -0.368597 0.441515 -0.061878 -0.393668 0.493683 -0.193725 -0.364776 0.473162 0.102639 -0.253118 0.445124 -0.030316 -0.297918 0.502627 -0.160194 -0.284192 0.467826 0.043906 -0.166765 0.412361 -0.042232 -0.222713 0.475140 -0.148268 -0.221211 0.430901 
0.000000 0.000000 0.000000 0.011408 -0.044764 -0.059076 0.190267 -0.340712 0.197495 0.137003 -0.233624 0.250574 0.091320 -0.145263 0.263829 0.057712 -0.081564 0.261511 -0.034672 -0.282810 0.138552 -0.063506 -0.431764 0.262215 -0.047397 -0.483106 0.407787 0.095317 -0.461384 0.364358 0.037933 -0.534315 0.465205 -0.077308 -0.530296 0.482428 0.098917 -0.381996 0.432260 -0.052273 -0.409615 0.482294 -0.184402 -0.381115 0.463085 0.105107 -0.259887 0.440987 -0.027225 -0.306310 0.498639 -0.157175 -0.292478 0.464147 0.047455 -0.177510 0.407371 -0.035410 -0.238196 0.470155 -0.141630 -0.236402 0.426367 
0.000000 0.000000 0.000000 0.012877 -0.042892 -0.060153 0.195589 -0.341943 0.190028 0.139612 -0.237468 0.245469 0.091966 -0.150467 0.260669 0.057051 -0.087439 0.259751 -0.033103 -0.284306 0.133371 -0.061874 -0.435367 0.254466 -0.045044 -0.489586 0.398909 0.100797 -0.467802 0.353105 0.043508 -0.543867 0.451665 -0.071750 -0.541053 0.469006 0.098907 -0.385392 0.426951 -0.051174 -0.415008 0.479133 -0.183498 -0.387054 0.460468 0.100780 -0.263772 0.438988 -0.032198 -0.309126 0.496004 -0.162167 -0.295757 0.461402 0.042442 -0.185082 0.404107 -0.037775 -0.247338 0.468765 -0.143903 -0.245374 0.424762 
0.000000 0.000000 0.000000 0.014407 -0.041091 -0.061056 0.201491 -0.342074 0.183512 0.142649 -0.240283 0.240942 0.092906 -0.154773 0.257798 0.056585 -0.092539 0.258081 -0.028746 -0.285404 0.129457 -0.055748 -0.438279 0.248668 -0.037931 -0.494737 0.392132 0.106124 -0.470721 0.344058 0.048486 -0.548472 0.441088 -0.066795 -0.547243 0.458463 0.106555 -0.391737 0.420477 -0.043965 -0.422149 0.470908 -0.176625 -0.395292 0.453032 0.110036 -0.271669 0.433171 -0.022026 -0.319930 0.489926 -0.152345 -0.307219 0.456408 0.052763 -0.188407 0.404303 -0.033705 -0.248338 0.462810 -0.139915 -0.246872 0.418987 
0.000000 0.000000 0.000000 0.013688 -0.040478 -0.061629 0.203789 -0.343785 0.177685 0.145605 -0.242594 0.236822 0.096039 -0.157279 0.255120 0.059703 -0.095067 0.256455 -0.024465 -0.289257 0.124113 -0.048338 -0.444926 0.240338 -0.029488 -0.503780 0.382703 0.113051 -0.478002 0.336344 0.058211 -0.559119 0.432233 -0.056997 -0.559495 0.450128 0.116378 -0.397884 0.414319 -0.034956 -0.428588 0.462067 -0.168035 -0.403262 0.445103 0.120161 -0.277054 0.427705 -0.012508 -0.326812 0.481687 -0.143052 -0.314981 0.448728 0.057829 -0.195729 0.399458 -0.026170 -0.259539 0.457456 -0.132511 -0.258430 0.413942 
0.000000 0.000000 0.000000 0.013679 -0.039634 -0.062176 0.208015 -0.343923 0.172445 0.149272 -0.243963 0.233104 0.099040 -0.159325 0.252691 0.062145 -0.097471 0.254968 -0.019669 -0.291493 0.120310 -0.040535 -0.449090 0.234499 -0.019980 -0.509619 0.375922 0.120381 -0.482254 0.329304 0.067417 -0.565858 0.424105 -0.047659 -0.567813 0.442723 0.117608 -0.403708 0.406174 -0.030487 -0.441825 0.458514 -0.163802 -0.417080 0.442566 0.124471 -0.281454 0.423429 -0.006643 -0.333929 0.478621 -0.137450 -0.322708 0.446499 0.056606 -0.202491 0.394705 -0.022541 -0.270225 0.455031 -0.129014 -0.269327 0.411837 
0.000000 0.000000 0.000000 0.013740 -0.038706 -0.062745 0.211300 -0.344556 0.167104 0.152030 -0.245858 0.229298 0.101231 -0.161874 0.250190 0.063873 -0.100341 0.253423 -0.017658 -0.293492 0.115984 -0.037305 -0.452921 0.227821 -0.015938 -0.515325 0.368307 0.125011 -0.483698 0.323992 0.072860 -0.567792 0.418811 -0.042130 -0.570779 0.437824 0.124879 -0.408898 0.400048 -0.023441 -0.447581 0.451327 -0.157025 -0.423546 0.436596 0.127045 -0.289843 0.416537 -0.002731 -0.346226 0.471035 -0.133754 -0.335316 0.439700 0.061755 -0.208014 0.391221 -0.019201 -0.276693 0.447970 -0.125809 -0.275800 0.405109 
0.000000 0.000000 0.000000 0.013829 -0.038381 -0.062925 0.213188 -0.344232 0.165365 0.153544 -0.246075 0.228054 0.102377 -0.162421 0.249369 0.064732 -0.101080 0.252911 -0.014677 -0.294504 0.114372 -0.032515 -0.454770 0.225313 -0.010225 -0.518389 0.365108 0.131652 -0.486941 0.321590 0.082375 -0.573190 0.416009 -0.032476 -0.576935 0.435716 0.130790 -0.410273 0.398335 -0.016855 -0.450300 0.450521 -0.150606 -0.426807 0.436450 0.130886 -0.291687 0.414266 0.002759 -0.350484 0.470096 -0.128428 -0.340061 0.439283 0.062963 -0.209385 0.390217 -0.016038 -0.279252 0.448258 -0.122694 -0.278532 0.405514 
0.000000 0.000000 0.000000 0.013807 -0.038306 -0.062976 0.214793 -0.343557 0.164690 0.154963 -0.245634 0.227568 0.103558 -0.162168 0.249045 0.065709 -0.100960 0.252706 -0.014219 -0.294869 0.113762 -0.031755 -0.455410 0.224353 -0.009228 -0.519289 0.363991 0.132144 -0.486731 0.319901 0.082193 -0.573261 0.413707 -0.032645 -0.577381 0.433418 0.130032 -0.409571 0.397796 -0.016889 -0.450906 0.450996 -0.150740 -0.427869 0.437114 0.129917 -0.293133 0.412957 0.003806 -0.354537 0.470546 -0.127440 -0.344403 0.439890 0.062719 -0.209676 0.389667 -0.013997 -0.280656 0.449396 -0.120666 -0.280374 0.406679 
0.000000 0.000000 0.000000 0.013762 -0.038721 -0.062731 0.217005 -0.341275 0.166525 0.156938 -0.243157 0.228872 0.105216 -0.159772 0.249897 0.067091 -0.098716 0.253229 -0.012743 -0.294682 0.115110 -0.029328 -0.454846 0.226391 -0.005960 -0.517794 0.366314 0.133497 -0.484975 0.320787 0.083027 -0.571824 0.414018 -0.031757 -0.576016 0.434024 0.133859 -0.408655 0.397846 -0.011759 -0.452164 0.452864 -0.145723 -0.429258 0.439891 0.134956 -0.290929 0.413076 0.007721 -0.351822 0.468700 -0.123663 -0.342325 0.438435 0.064698 -0.208275 0.389528 -0.011393 -0.280186 0.448944 -0.118139 -0.280601 0.406422 
0.000000 0.000000 0.000000 0.014407 -0.039200 -0.062287 0.216771 -0.339117 0.171173 0.155865 -0.240684 0.232195 0.103694 -0.157302 0.252091 0.065338 -0.096351 0.254595 -0.015206 -0.291705 0.119951 -0.033735 -0.449706 0.233984 -0.010640 -0.510884 0.374735 0.133030 -0.480396 0.327531 0.082420 -0.565781 0.422030 -0.032329 -0.568656 0.442464 0.129834 -0.403091 0.403720 -0.015950 -0.444109 0.460192 -0.149706 -0.419838 0.447561 0.127348 -0.285800 0.418351 0.001566 -0.346136 0.477758 -0.129740 -0.336227 0.447285 0.066325 -0.199386 0.395907 -0.015073 -0.266105 0.454338 -0.121889 -0.266633 0.411994 
0.000000 0.000000 0.000000 0.012200 -0.041671 -0.061144 0.205480 -0.341694 0.179761 0.149076 -0.239103 0.238208 0.100367 -0.153178 0.255947 0.064409 -0.090740 0.256883 -0.021675 -0.288211 0.128374 -0.042873 -0.442479 0.246962 -0.021168 -0.500004 0.389464 0.119938 -0.474938 0.342083 0.068240 -0.555468 0.440187 -0.046429 -0.554213 0.461230 0.121960 -0.395209 0.415324 -0.026289 -0.427425 0.471081 -0.159348 -0.399702 0.458190 0.123124 -0.275726 0.426763 -0.005448 -0.329218 0.486751 -0.136518 -0.316963 0.456119 0.064917 -0.192810 0.398896 -0.017625 -0.257736 0.457740 -0.124529 -0.256667 0.415627 
0.000000 0.000000 0.000000 0.009085 -0.045002 -0.059297 0.187981 -0.344445 0.193161 0.138181 -0.236284 0.247413 0.094627 -0.147011 0.261687 0.062272 -0.082644 0.260122 -0.036859 -0.281604 0.140089 -0.065607 -0.429655 0.264852 -0.046783 -0.482069 0.409715 0.093892 -0.465840 0.359986 0.037027 -0.539208 0.460810 -0.077462 -0.531853 0.481581 0.104262 -0.383198 0.431098 -0.045401 -0.405216 0.488025 -0.177092 -0.371803 0.474594 0.112949 -0.260833 0.438950 -0.021241 -0.301828 0.496425 -0.151808 -0.285662 0.465462 0.057195 -0.176622 0.407528 -0.030760 -0.232871 0.467456 -0.137858 -0.229228 0.425985 
0.000000 0.000000 0.000000 0.006138 -0.048915 -0.056511 0.161848 -0.345110 0.214464 0.119650 -0.230698 0.261915 0.082531 -0.137871 0.270604 0.054878 -0.071564 0.265025 -0.055219 -0.268641 0.157503 -0.093612 -0.406131 0.291419 -0.080763 -0.452379 0.439010 0.069579 -0.453739 0.390833 0.001516 -0.513476 0.493697 -0.112555 -0.498828 0.512837 0.073717 -0.367502 0.450725 -0.075293 -0.383367 0.511298 -0.204793 -0.343456 0.494681 0.086919 -0.242759 0.454160 -0.047214 -0.276434 0.516331 -0.176583 -0.255711 0.483134 0.036571 -0.152782 0.418825 -0.055289 -0.198151 0.482028 -0.161764 -0.191476 0.439345 
0.000000 0.000000 0.000000 0.004030 -0.050625 -0.055180 0.143813 -0.346789 0.224378 0.106995 -0.229257 0.268571 0.074393 -0.134542 0.274609 0.050025 -0.067142 0.267134 -0.067234 -0.261299 0.164784 -0.111827 -0.393126 0.302423 -0.102453 -0.437169 0.450946 0.048041 -0.446250 0.404255 -0.022034 -0.500076 0.509012 -0.135478 -0.480780 0.527751 0.050108 -0.356002 0.461377 -0.100643 -0.362361 0.519329 -0.228537 -0.318394 0.500637 0.072901 -0.232253 0.462130 -0.062988 -0.256828 0.524747 -0.191654 -0.231931 0.491683 0.026475 -0.142958 0.422966 -0.063676 -0.183411 0.491724 -0.169857 -0.172587 0.449159 
0.000000 0.000000 0.000000 0.002649 -0.051635 -0.054320 0.140231 -0.345206 0.229038 0.105803 -0.226325 0.271514 0.074837 -0.130986 0.276203 0.051518 -0.063328 0.267781 -0.069490 -0.254595 0.172504 -0.114630 -0.381594 0.314437 -0.104801 -0.423729 0.463483 0.034668 -0.433887 0.409072 -0.029131 -0.487485 0.517879 -0.142183 -0.466397 0.537055 0.048606 -0.344348 0.469689 -0.102184 -0.344070 0.527887 -0.229602 -0.298577 0.509599 0.077263 -0.222386 0.466870 -0.057894 -0.242841 0.532484 -0.186706 -0.217173 0.500602 0.023035 -0.133115 0.425593 -0.060841 -0.171744 0.502819 -0.167252 -0.160522 0.460939 
0.000000 0.000000 0.000000 0.002687 -0.052308 -0.053670 0.144595 -0.341095 0.232459 0.109506 -0.221953 0.273646 0.077806 -0.126812 0.277328 0.053886 -0.059456 0.268202 -0.064728 -0.256473 0.173526 -0.106913 -0.384226 0.315691 -0.096896 -0.425498 0.464966 0.040802 -0.431653 0.412587 -0.021928 -0.486385 0.521451 -0.135442 -0.467527 0.540216 0.057087 -0.342007 0.471923 -0.094773 -0.343234 0.527255 -0.223042 -0.300458 0.508371 0.078509 -0.220494 0.466899 -0.056086 -0.244717 0.532383 -0.185100 -0.220882 0.499895 0.024468 -0.134102 0.423601 -0.057718 -0.177304 0.500220 -0.164173 -0.167850 0.458016 
0.000000 0.000000 0.000000 0.008524 -0.051640 -0.053708 0.164535 -0.329549 0.235831 0.118716 -0.213839 0.276255 0.079346 -0.121581 0.279228 0.050356 -0.056324 0.269561 -0.056580 -0.258373 0.171834 -0.097318 -0.387733 0.312964 -0.087896 -0.427420 0.462707 0.061651 -0.423586 0.414694 -0.000529 -0.480419 0.522793 -0.115236 -0.468066 0.539613 0.067575 -0.336081 0.473526 -0.084717 -0.347460 0.526464 -0.215098 -0.313128 0.504983 0.080195 -0.214321 0.469261 -0.054355 -0.245627 0.531768 -0.183870 -0.229298 0.496735 0.015873 -0.128858 0.424918 -0.064258 -0.174631 0.502217 -0.170250 -0.171765 0.457937 
0.000000 0.000000 0.000000 0.008779 -0.051796 -0.053516 0.168662 -0.326930 0.236560 0.121927 -0.211478 0.276673 0.081700 -0.119584 0.279412 0.052053 -0.054646 0.269584 -0.051064 -0.264962 0.167448 -0.088510 -0.398347 0.305714 -0.079974 -0.438442 0.455401 0.065950 -0.424949 0.413373 0.003874 -0.484190 0.520233 -0.111502 -0.475980 0.534863 0.075843 -0.339108 0.471767 -0.077061 -0.356365 0.521234 -0.208190 -0.326428 0.497814 0.085197 -0.213132 0.469017 -0.049705 -0.248885 0.528295 -0.179172 -0.236842 0.491398 0.025791 -0.133900 0.423257 -0.060269 -0.184577 0.490465 -0.165666 -0.185292 0.444705 
0.000000 0.000000 0.000000 0.011747 -0.050682 -0.054011 0.176386 -0.323612 0.235486 0.124564 -0.210565 0.276195 0.080844 -0.120294 0.279356 0.048954 -0.056386 0.269806 -0.044511 -0.267695 0.164133 -0.079713 -0.403487 0.300634 -0.071659 -0.445079 0.449939 0.072191 -0.426559 0.408591 0.009218 -0.488779 0.513211 -0.106503 -0.483761 0.526496 0.075644 -0.337310 0.471175 -0.077715 -0.357724 0.517959 -0.209331 -0.331610 0.492764 0.083949 -0.215001 0.468392 -0.052082 -0.253305 0.523339 -0.181293 -0.244100 0.484769 0.021600 -0.137011 0.422573 -0.062954 -0.190149 0.489792 -0.167733 -0.192873 0.442706 
0.000000 0.000000 0.000000 0.014040 -0.049810 -0.054275 0.179110 -0.321922 0.235745 0.123816 -0.210562 0.276533 0.077926 -0.121375 0.279718 0.044741 -0.058130 0.270167 -0.041764 -0.269676 0.161111 -0.076683 -0.407253 0.295886 -0.070810 -0.450017 0.444962 0.073812 -0.427955 0.406301 0.010172 -0.492039 0.509381 -0.105889 -0.489818 0.520248 0.069857 -0.342365 0.466772 -0.082573 -0.370147 0.512792 -0.214088 -0.346591 0.484716 0.078742 -0.219661 0.466942 -0.057333 -0.262438 0.518369 -0.185813 -0.255561 0.476974 0.014822 -0.141935 0.420725 -0.069111 -0.198360 0.486016 -0.172665 -0.202849 0.436422 
0.000000 0.000000 0.000000 0.016226 -0.049280 -0.054149 0.180491 -0.319230 0.238340 0.122067 -0.209192 0.278345 0.074309 -0.120970 0.280875 0.040055 -0.058371 0.270850 -0.040972 -0.271403 0.158540 -0.076763 -0.410393 0.291626 -0.073370 -0.453589 0.440654 0.074843 -0.430457 0.405334 0.010992 -0.497679 0.506261 -0.105277 -0.497790 0.514901 0.063443 -0.341327 0.466966 -0.089881 -0.371335 0.508389 -0.221156 -0.350491 0.477219 0.075119 -0.221438 0.466937 -0.060952 -0.267793 0.515171 -0.188722 -0.263140 0.471339 0.014090 -0.147776 0.418900 -0.068666 -0.209131 0.481177 -0.171249 -0.214962 0.429739 
0.000000 0.000000 0.000000 0.018780 -0.047801 -0.054647 0.182696 -0.319203 0.236690 0.120545 -0.211452 0.277298 0.070517 -0.124512 0.280304 0.034940 -0.062603 0.270613 -0.042193 -0.273264 0.153427 -0.080346 -0.414345 0.283626 -0.079173 -0.459412 0.432133 0.072490 -0.434143 0.398132 0.005885 -0.503610 0.495704 -0.110500 -0.505529 0.502339 0.062226 -0.346561 0.463896 -0.092033 -0.377854 0.500632 -0.223142 -0.358683 0.467735 0.070615 -0.223241 0.467297 -0.067906 -0.268286 0.509414 -0.194976 -0.264949 0.463479 0.004969 -0.149158 0.419597 -0.081887 -0.208480 0.478148 -0.183274 -0.215116 0.424484 
0.000000 0.000000 0.000000 0.019236 -0.046724 -0.055414 0.180884 -0.323718 0.231901 0.118372 -0.216788 0.274096 0.068292 -0.129932 0.278389 0.032773 -0.067852 0.269617 -0.043700 -0.275070 0.148899 -0.083081 -0.417954 0.276744 -0.083031 -0.466247 0.424239 0.068414 -0.435559 0.393957 0.000439 -0.503153 0.491898 -0.115990 -0.505363 0.497610 0.059655 -0.352281 0.460290 -0.095201 -0.382725 0.495179 -0.226062 -0.363198 0.461512 0.066334 -0.231371 0.463915 -0.072930 -0.276435 0.503482 -0.199682 -0.272348 0.456735 0.002562 -0.153752 0.418931 -0.087236 -0.211858 0.474169 -0.188149 -0.217929 0.419553 
0.000000 0.000000 0.000000 0.019067 -0.045766 -0.056266 0.175827 -0.330508 0.226140 0.114236 -0.223793 0.270193 0.065094 -0.136491 0.276006 0.030320 -0.073848 0.268325 -0.047813 -0.278211 0.142084 -0.089663 -0.423659 0.266199 -0.091309 -0.475377 0.412518 0.062180 -0.447187 0.383908 -0.006505 -0.517705 0.479259 -0.122980 -0.519055 0.484240 0.045626 -0.362728 0.450371 -0.108511 -0.395447 0.486369 -0.238827 -0.373889 0.451837 0.059349 -0.244061 0.457965 -0.078107 -0.291955 0.500424 -0.204567 -0.285443 0.453164 -0.007062 -0.165622 0.412430 -0.094703 -0.226226 0.468443 -0.195207 -0.230029 0.412876 
0.000000 0.000000 0.000000 0.017667 -0.045442 -0.056981 0.166865 -0.338653 0.220818 0.108386 -0.230914 0.266587 0.061734 -0.142360 0.273804 0.028724 -0.078656 0.267132 -0.053693 -0.278446 0.139140 -0.098345 -0.424244 0.261859 -0.102089 -0.478307 0.407290 0.050814 -0.454603 0.377369 -0.019324 -0.524679 0.471984 -0.135840 -0.524441 0.476109 0.037146 -0.367911 0.447227 -0.118552 -0.395643 0.480600 -0.248305 -0.371556 0.445622 0.045955 -0.251162 0.454434 -0.093111 -0.296258 0.494653 -0.218955 -0.287101 0.446201 -0.010312 -0.168774 0.411842 -0.103236 -0.225715 0.462971 -0.203358 -0.227199 0.406610 
0.000000 0.000000 0.000000 0.019155 -0.043925 -0.057685 0.162164 -0.343990 0.216019 0.102345 -0.237564 0.263108 0.055335 -0.149300 0.271466 0.022358 -0.085497 0.265634 -0.060082 -0.278226 0.133810 -0.109664 -0.424836 0.253636 -0.115372 -0.481424 0.398039 0.040530 -0.459289 0.368766 -0.032982 -0.528973 0.461082 -0.149471 -0.526064 0.464930 0.023655 -0.374910 0.440360 -0.131860 -0.401558 0.475428 -0.260970 -0.374035 0.440608 0.042003 -0.256083 0.453492 -0.099755 -0.295140 0.490508 -0.225321 -0.282811 0.442039 -0.019398 -0.173532 0.410867 -0.114128 -0.227273 0.462144 -0.214049 -0.225818 0.405427 
0.000000 0.000000 0.000000 0.016169 -0.044086 -0.058471 0.150251 -0.353300 0.209510 0.096089 -0.244842 0.258760 0.053238 -0.154664 0.268870 0.023063 -0.089389 0.264289 -0.069240 -0.277740 0.131153 -0.122684 -0.423946 0.249807 -0.129593 -0.482496 0.393372 0.025738 -0.464931 0.362660 -0.049514 -0.532399 0.455220 -0.165826 -0.525991 0.460059 0.012649 -0.377736 0.437230 -0.144741 -0.395136 0.469634 -0.273098 -0.363159 0.435849 0.029183 -0.264011 0.448253 -0.112712 -0.300166 0.487616 -0.238042 -0.282896 0.440052 -0.021923 -0.176502 0.409113 -0.120636 -0.225621 0.457429 -0.220893 -0.220193 0.401552 
0.000000 0.000000 0.000000 0.012884 -0.044015 -0.059334 0.138046 -0.362563 0.201945 0.090011 -0.252378 0.253655 0.051608 -0.160461 0.265773 0.024402 -0.093810 0.262632 -0.078426 -0.276368 0.129136 -0.135562 -0.421759 0.247068 -0.143212 -0.482269 0.389781 0.012092 -0.470438 0.356601 -0.064032 -0.535634 0.450071 -0.180030 -0.525757 0.456392 0.007278 -0.386960 0.431186 -0.149805 -0.401266 0.466466 -0.277545 -0.364796 0.434974 0.020005 -0.267864 0.445160 -0.122042 -0.299482 0.487749 -0.247149 -0.277805 0.441419 -0.026578 -0.181023 0.405394 -0.124568 -0.228305 0.456909 -0.225232 -0.218824 0.402319 
0.000000 0.000000 0.000000 0.011618 -0.043416 -0.060033 0.131503 -0.368259 0.195915 0.086095 -0.257846 0.249481 0.049708 -0.165326 0.263140 0.023898 -0.098080 0.261114 -0.084955 -0.273856 0.128162 -0.145385 -0.418050 0.245922 -0.152607 -0.480112 0.387988 0.002818 -0.475045 0.349072 -0.074955 -0.539585 0.441635 -0.190441 -0.526039 0.450161 -0.002579 -0.388472 0.427098 -0.160147 -0.395225 0.462474 -0.287107 -0.354326 0.433355 0.020659 -0.272189 0.443279 -0.124026 -0.295326 0.482289 -0.249377 -0.269531 0.438817 -0.032446 -0.181640 0.404045 -0.129845 -0.225216 0.459775 -0.231084 -0.212160 0.407017 
0.000000 0.000000 0.000000 0.007728 -0.043391 -0.060675 0.119880 -0.375709 0.189107 0.081378 -0.263756 0.244842 0.049828 -0.169754 0.260283 0.027168 -0.101355 0.259538 -0.091818 -0.272866 0.127149 -0.154108 -0.416457 0.244677 -0.160740 -0.479993 0.386120 -0.006198 -0.479058 0.346726 -0.082396 -0.541518 0.441986 -0.197170 -0.524437 0.453322 -0.007260 -0.394752 0.422205 -0.163399 -0.399618 0.463700 -0.289413 -0.353961 0.437715 0.017559 -0.278358 0.438826 -0.125948 -0.299474 0.482993 -0.251131 -0.269002 0.442145 -0.033016 -0.184569 0.401100 -0.128297 -0.226969 0.461225 -0.230140 -0.209834 0.410851 