112
0.000000 0.000000 0.000000 0.026548 -0.055490 -0.042895 0.117844 -0.293656 0.301942 0.051049 -0.173885 0.321396 0.006287 -0.085855 0.302714 -0.028773 -0.014459 0.278090 -0.082666 -0.203691 0.209999 -0.151004 -0.296425 0.368243 -0.155119 -0.408347 0.475683 0.041462 -0.393309 0.490768 -0.094718 -0.384057 0.503075 -0.209424 -0.365167 0.494186 -0.063915 -0.268337 0.506697 -0.225537 -0.269321 0.508155 -0.284366 -0.213523 0.398314 -0.070086 -0.159909 0.485462 -0.219782 -0.179890 0.471951 -0.259425 -0.144535 0.347667 -0.124697 -0.075775 0.410850 -0.220482 -0.121573 0.467587 -0.296206 -0.131177 0.381699 
0.000000 0.000000 0.000000 0.026209 -0.055716 -0.042811 0.119229 -0.292510 0.302511 0.052724 -0.172557 0.321841 0.007979 -0.084544 0.303043 -0.027124 -0.013203 0.278318 -0.082138 -0.203019 0.210979 -0.149934 -0.295192 0.369783 -0.153560 -0.406500 0.477877 0.041736 -0.392443 0.490735 -0.094175 -0.384444 0.506427 -0.208895 -0.365276 0.498369 -0.064571 -0.266233 0.506072 -0.226105 -0.268753 0.511064 -0.286152 -0.213168 0.401776 -0.067783 -0.160897 0.485097 -0.217221 -0.183139 0.472275 -0.258748 -0.147859 0.348586 -0.126470 -0.073840 0.408855 -0.215251 -0.118382 0.476864 -0.292565 -0.128698 0.392488 
0.000000 0.000000 0.000000 0.028412 -0.055198 -0.042069 0.123482 -0.286968 0.306092 0.053253 -0.168886 0.323696 0.006230 -0.082339 0.303690 -0.030588 -0.012213 0.278004 -0.084226 -0.198603 0.212085 -0.154707 -0.288336 0.371118 -0.158690 -0.398272 0.480595 0.033575 -0.384679 0.489911 -0.101136 -0.382864 0.515046 -0.215804 -0.363592 0.506510 -0.064658 -0.261590 0.508025 -0.226128 -0.264750 0.514522 -0.287174 -0.209812 0.405461 -0.069991 -0.154345 0.487318 -0.220019 -0.174348 0.478249 -0.262543 -0.140229 0.354574 -0.129014 -0.073547 0.408912 -0.216415 -0.118645 0.478327 -0.294806 -0.129989 0.395084 
0.000000 0.000000 0.000000 0.027010 -0.056081 -0.041825 0.123812 -0.285184 0.307622 0.055533 -0.165909 0.324850 0.009462 -0.078928 0.304511 -0.026723 -0.008579 0.278538 -0.082752 -0.198397 0.214192 -0.151434 -0.287450 0.374391 -0.154878 -0.396163 0.485100 0.041623 -0.382550 0.495199 -0.093739 -0.377643 0.516059 -0.208543 -0.358865 0.508274 -0.061180 -0.257364 0.510560 -0.222524 -0.261121 0.519423 -0.284572 -0.206984 0.410526 -0.065214 -0.148308 0.489777 -0.215433 -0.167450 0.482116 -0.259343 -0.134637 0.358571 -0.135898 -0.069081 0.401039 -0.211046 -0.110726 0.485359 -0.290411 -0.123757 0.403296 
0.000000 0.000000 0.000000 0.025698 -0.056864 -0.041593 0.124793 -0.283360 0.308908 0.058251 -0.163063 0.325814 0.012962 -0.075739 0.305192 -0.022731 -0.005228 0.278975 -0.078114 -0.199323 0.216815 -0.143074 -0.288464 0.378510 -0.145070 -0.396164 0.490240 0.042017 -0.381063 0.496051 -0.093012 -0.378087 0.519297 -0.207887 -0.359725 0.511578 -0.053714 -0.255221 0.514083 -0.215098 -0.258995 0.522192 -0.278562 -0.205722 0.413686 -0.061504 -0.147936 0.489463 -0.211174 -0.170696 0.480987 -0.256084 -0.138510 0.357637 -0.131818 -0.067093 0.400873 -0.206904 -0.109675 0.484778 -0.286963 -0.124082 0.403623 
0.000000 0.000000 0.000000 0.024313 -0.057474 -0.041588 0.125236 -0.283152 0.308919 0.060617 -0.161835 0.325995 0.016254 -0.074017 0.305456 -0.018827 -0.003179 0.279297 -0.077831 -0.199724 0.217599 -0.141746 -0.288734 0.379782 -0.143040 -0.396225 0.491724 0.051441 -0.380351 0.500039 -0.084217 -0.374738 0.518682 -0.199262 -0.357240 0.511497 -0.049588 -0.256228 0.514194 -0.211007 -0.260963 0.520977 -0.275626 -0.207912 0.413045 -0.058193 -0.146558 0.489600 -0.207754 -0.171225 0.485865 -0.253520 -0.139262 0.362772 -0.125852 -0.067642 0.401675 -0.199519 -0.112012 0.485911 -0.280437 -0.127384 0.405790 
0.000000 0.000000 0.000000 0.026508 -0.056294 -0.041860 0.133856 -0.280648 0.307587 0.064912 -0.161810 0.325179 0.017558 -0.075478 0.305026 -0.019896 -0.005748 0.279181 -0.076803 -0.201136 0.215422 -0.141449 -0.291769 0.376412 -0.141693 -0.399831 0.487809 0.055961 -0.375888 0.498065 -0.079544 -0.371622 0.518122 -0.194758 -0.355054 0.511468 -0.049318 -0.255367 0.511386 -0.210480 -0.261825 0.521858 -0.276013 -0.208867 0.414433 -0.054226 -0.148956 0.489855 -0.203740 -0.173723 0.485053 -0.250834 -0.141683 0.362482 -0.125161 -0.070262 0.403050 -0.197618 -0.114668 0.488310 -0.278920 -0.130594 0.408690 
0.000000 0.000000 0.000000 0.028636 -0.054925 -0.042275 0.143121 -0.278347 0.305499 0.069879 -0.162240 0.323933 0.019485 -0.077500 0.304401 -0.020399 -0.008943 0.279061 -0.071545 -0.200957 0.215571 -0.134232 -0.292335 0.376915 -0.132332 -0.400943 0.487763 0.059443 -0.373549 0.493527 -0.075280 -0.373062 0.518656 -0.190641 -0.357332 0.512528 -0.043793 -0.256496 0.510128 -0.204512 -0.264953 0.525049 -0.271666 -0.211894 0.418680 -0.052676 -0.151737 0.488780 -0.202175 -0.176893 0.485928 -0.250295 -0.144490 0.363852 -0.115389 -0.069300 0.412927 -0.195354 -0.113893 0.491083 -0.277336 -0.131028 0.412417 
0.000000 0.000000 0.000000 0.028866 -0.054491 -0.042678 0.148290 -0.277881 0.303451 0.074016 -0.162587 0.322838 0.022615 -0.078301 0.303980 -0.018157 -0.010070 0.279177 -0.065714 -0.203390 0.215643 -0.124896 -0.296563 0.377283 -0.120763 -0.405761 0.487490 0.069884 -0.377890 0.491256 -0.064325 -0.380379 0.518893 -0.179886 -0.365848 0.513649 -0.034928 -0.260558 0.509940 -0.195576 -0.270691 0.524575 -0.264383 -0.217657 0.419255 -0.044613 -0.154501 0.489419 -0.193802 -0.181452 0.486713 -0.243502 -0.149064 0.365269 -0.119313 -0.074918 0.406254 -0.188941 -0.119554 0.493723 -0.271242 -0.137637 0.415603 
0.000000 0.000000 0.000000 0.029238 -0.053834 -0.043255 0.153644 -0.278197 0.300483 0.078114 -0.163952 0.321178 0.025575 -0.080164 0.303259 -0.016182 -0.012259 0.279211 -0.060407 -0.205111 0.215445 -0.116501 -0.299771 0.377322 -0.109917 -0.409367 0.487013 0.079971 -0.381141 0.488619 -0.054011 -0.385748 0.517072 -0.169805 -0.372873 0.512703 -0.026829 -0.264593 0.509148 -0.187239 -0.276324 0.525136 -0.257556 -0.223188 0.420871 -0.039908 -0.159071 0.488189 -0.188741 -0.187989 0.486407 -0.239492 -0.154999 0.365560 -0.104813 -0.079420 0.414193 -0.185240 -0.129839 0.488226 -0.268011 -0.148333 0.410703 
0.000000 0.000000 0.000000 0.031517 -0.052200 -0.043654 0.162788 -0.275230 0.298394 0.082788 -0.164217 0.319869 0.027136 -0.082336 0.302540 -0.017098 -0.015845 0.278976 -0.060960 -0.205429 0.212890 -0.118827 -0.301310 0.373419 -0.111024 -0.411519 0.482414 0.088020 -0.381348 0.484321 -0.045630 -0.387731 0.513972 -0.161558 -0.375754 0.510768 -0.025769 -0.266387 0.504939 -0.185051 -0.282444 0.527210 -0.256709 -0.228905 0.424069 -0.037307 -0.162377 0.487350 -0.185722 -0.193160 0.491370 -0.237905 -0.159722 0.371259 -0.101357 -0.083480 0.416497 -0.183051 -0.135116 0.488269 -0.266503 -0.153884 0.411544 
0.000000 0.000000 0.000000 0.030647 -0.052192 -0.044279 0.164747 -0.277612 0.295094 0.085714 -0.166206 0.318066 0.030364 -0.083903 0.301802 -0.013741 -0.017030 0.279092 -0.057662 -0.209408 0.211319 -0.112920 -0.307784 0.371256 -0.103799 -0.418936 0.479187 0.093117 -0.387338 0.480160 -0.040373 -0.395266 0.510151 -0.156408 -0.384223 0.507488 -0.019550 -0.272509 0.502710 -0.178645 -0.290589 0.524768 -0.251410 -0.236603 0.422640 -0.026951 -0.167881 0.487211 -0.175024 -0.200515 0.487666 -0.228816 -0.166393 0.368459 -0.108504 -0.090982 0.406125 -0.173732 -0.141884 0.493564 -0.257316 -0.160956 0.417059 
0.000000 0.000000 0.000000 0.029813 -0.052231 -0.044800 0.165526 -0.280114 0.292280 0.087572 -0.168214 0.316500 0.032692 -0.085426 0.301131 -0.011125 -0.018125 0.279139 -0.054685 -0.210788 0.211259 -0.107558 -0.310002 0.371484 -0.096739 -0.421644 0.478750 0.098750 -0.392749 0.477413 -0.035160 -0.400942 0.505393 -0.151312 -0.391140 0.502997 -0.010175 -0.279524 0.502323 -0.170067 -0.296803 0.518463 -0.243900 -0.242558 0.417242 -0.025798 -0.171974 0.484984 -0.173291 -0.207036 0.487698 -0.227193 -0.172183 0.368753 -0.096922 -0.093821 0.411409 -0.171904 -0.149456 0.487394 -0.255582 -0.168748 0.411048 
0.000000 0.000000 0.000000 0.031433 -0.051027 -0.045079 0.172771 -0.277286 0.290780 0.091546 -0.167862 0.315561 0.034334 -0.086589 0.300616 -0.011353 -0.020428 0.278971 -0.053326 -0.212882 0.208820 -0.106364 -0.314161 0.367694 -0.094311 -0.426108 0.474509 0.103224 -0.388856 0.475538 -0.030122 -0.399376 0.505374 -0.146378 -0.390842 0.503147 -0.009865 -0.280876 0.498368 -0.168850 -0.302303 0.518100 -0.243333 -0.248127 0.417320 -0.023904 -0.174017 0.484133 -0.171326 -0.209449 0.485548 -0.226000 -0.174763 0.366908 -0.092228 -0.092811 0.416107 -0.173719 -0.148462 0.485052 -0.257279 -0.168862 0.408862 
0.000000 0.000000 0.000000 0.032004 -0.050626 -0.045129 0.176674 -0.275109 0.290503 0.094118 -0.166715 0.315413 0.035869 -0.086166 0.300558 -0.010677 -0.020582 0.278987 -0.049025 -0.214199 0.208887 -0.099728 -0.316553 0.367834 -0.085561 -0.428341 0.474555 0.111254 -0.383964 0.478361 -0.022671 -0.393364 0.505890 -0.139024 -0.386160 0.504094 -0.002944 -0.280003 0.500397 -0.162143 -0.300879 0.518952 -0.237791 -0.247572 0.418576 -0.018518 -0.172934 0.485564 -0.166146 -0.207452 0.483274 -0.221826 -0.173630 0.364851 -0.089462 -0.094188 0.416687 -0.169804 -0.151075 0.485972 -0.253381 -0.172452 0.410071 
0.000000 0.000000 0.000000 0.032136 -0.050594 -0.045071 0.179159 -0.273175 0.290805 0.096085 -0.165161 0.315637 0.037339 -0.084984 0.300715 -0.009642 -0.019731 0.279086 -0.048322 -0.210948 0.211170 -0.098667 -0.311287 0.371509 -0.083981 -0.422287 0.478981 0.120140 -0.385129 0.478963 -0.014058 -0.393989 0.505314 -0.130443 -0.387145 0.504425 0.006305 -0.277538 0.504808 -0.153805 -0.294545 0.518958 -0.230668 -0.242150 0.419028 -0.017195 -0.173262 0.484962 -0.163662 -0.212115 0.490323 -0.219899 -0.178339 0.372151 -0.072488 -0.092011 0.425415 -0.161479 -0.152089 0.479844 -0.245726 -0.173949 0.404826 
0.000000 0.000000 0.000000 0.032930 -0.050396 -0.044719 0.182933 -0.268610 0.292702 0.098234 -0.161690 0.316771 0.038315 -0.082496 0.301285 -0.009613 -0.018091 0.279198 -0.049563 -0.204639 0.214608 -0.101182 -0.301154 0.376878 -0.087239 -0.410333 0.486296 0.110400 -0.378800 0.477139 -0.020782 -0.392146 0.514493 -0.137006 -0.382930 0.514070 0.007284 -0.273403 0.505775 -0.152413 -0.290916 0.523512 -0.228980 -0.237750 0.423761 -0.014712 -0.167376 0.487557 -0.161526 -0.204265 0.496258 -0.217982 -0.170957 0.378058 -0.072146 -0.085709 0.427871 -0.163060 -0.142610 0.482534 -0.248071 -0.163637 0.408142 
0.000000 0.000000 0.000000 0.028248 -0.055026 -0.042403 0.161676 -0.269207 0.304432 0.086466 -0.154503 0.323712 0.033331 -0.071333 0.304708 -0.009148 -0.004203 0.279767 -0.062598 -0.197089 0.221057 -0.119445 -0.285983 0.385913 -0.112109 -0.390973 0.499975 0.090241 -0.364872 0.497215 -0.043250 -0.364116 0.528224 -0.158717 -0.348041 0.526764 -0.018377 -0.249802 0.514501 -0.178211 -0.258852 0.536767 -0.250242 -0.205587 0.433744 -0.030329 -0.143242 0.493096 -0.179151 -0.169710 0.505016 -0.231946 -0.137937 0.384719 -0.087937 -0.066974 0.422730 -0.172680 -0.116625 0.492334 -0.257437 -0.135540 0.417091 
0.000000 0.000000 0.000000 0.022806 -0.060253 -0.038385 0.127773 -0.265145 0.323516 0.064967 -0.142157 0.334227 0.021278 -0.055197 0.309106 -0.013446 0.014346 0.279257 -0.081043 -0.182510 0.230157 -0.146025 -0.259011 0.398193 -0.148529 -0.357795 0.517869 0.047407 -0.350691 0.517534 -0.086833 -0.341234 0.543460 -0.201000 -0.318539 0.536831 -0.043860 -0.223163 0.529341 -0.205221 -0.216305 0.535676 -0.271011 -0.164062 0.428057 -0.052507 -0.114749 0.498112 -0.203180 -0.131581 0.500402 -0.250461 -0.102982 0.377054 -0.098620 -0.033329 0.424374 -0.194206 -0.073359 0.485628 -0.277997 -0.091173 0.409046 
0.000000 0.000000 0.000000 0.018535 -0.062882 -0.036416 0.113710 -0.261467 0.331656 0.058998 -0.134405 0.338514 0.020713 -0.045740 0.310685 -0.009785 0.024817 0.278675 -0.086308 -0.176544 0.235494 -0.151912 -0.247665 0.405638 -0.157844 -0.343274 0.527747 0.034746 -0.337992 0.529970 -0.100156 -0.321395 0.547525 -0.213753 -0.296642 0.538808 -0.052311 -0.209604 0.534549 -0.213540 -0.202355 0.543332 -0.277432 -0.151767 0.433797 -0.053275 -0.102436 0.500487 -0.203942 -0.119023 0.496573 -0.249804 -0.092865 0.372153 -0.118049 -0.024537 0.406851 -0.192570 -0.058508 0.495078 -0.275728 -0.076942 0.417954 
0.000000 0.000000 0.000000 0.023669 -0.061440 -0.035901 0.131876 -0.249691 0.333996 0.067267 -0.127305 0.339714 0.022284 -0.042106 0.311090 -0.013481 0.025631 0.278446 -0.078056 -0.173114 0.238010 -0.141708 -0.242992 0.409406 -0.143403 -0.337352 0.532614 0.055551 -0.328340 0.532513 -0.078334 -0.320257 0.560649 -0.192738 -0.299028 0.553299 -0.037217 -0.200712 0.540136 -0.198538 -0.195888 0.548911 -0.265433 -0.149401 0.439352 -0.050531 -0.096497 0.502017 -0.200332 -0.118310 0.510660 -0.247636 -0.095357 0.386147 -0.102502 -0.021395 0.421451 -0.190489 -0.060762 0.493560 -0.273337 -0.082998 0.417108 
0.000000 0.000000 0.000000 0.029208 -0.058285 -0.037063 0.156590 -0.241821 0.329078 0.080702 -0.126233 0.337179 0.027706 -0.045200 0.310219 -0.014479 0.019396 0.278900 -0.064244 -0.178572 0.236147 -0.122720 -0.253840 0.407105 -0.117445 -0.348992 0.529600 0.078285 -0.320991 0.526615 -0.055669 -0.317551 0.555367 -0.171002 -0.301227 0.550374 -0.024672 -0.203937 0.535504 -0.185242 -0.208765 0.553350 -0.255513 -0.164482 0.444997 -0.032802 -0.101980 0.504714 -0.182187 -0.127520 0.509457 -0.232789 -0.106011 0.385987 -0.098667 -0.031403 0.423531 -0.179946 -0.073344 0.501800 -0.262762 -0.098085 0.426086 
0.000000 0.000000 0.000000 0.030700 -0.056892 -0.038008 0.165416 -0.241563 0.324924 0.086218 -0.128376 0.334998 0.030722 -0.048576 0.309423 -0.013509 0.015172 0.279210 -0.058931 -0.179001 0.235674 -0.115016 -0.255409 0.406926 -0.107424 -0.351387 0.528653 0.086663 -0.323033 0.521344 -0.046009 -0.323512 0.555693 -0.161547 -0.308363 0.551854 -0.016464 -0.208465 0.533785 -0.176287 -0.215908 0.556712 -0.248076 -0.171187 0.449540 -0.029382 -0.106532 0.503697 -0.178663 -0.132391 0.509814 -0.230085 -0.110282 0.386790 -0.096859 -0.034184 0.424823 -0.177022 -0.075180 0.504726 -0.259816 -0.100509 0.429182 
0.000000 0.000000 0.000000 0.030369 -0.056829 -0.038368 0.163778 -0.244698 0.323404 0.085270 -0.131096 0.334186 0.030275 -0.050792 0.309111 -0.013550 0.013422 0.279298 -0.059808 -0.180275 0.234534 -0.116234 -0.257519 0.405299 -0.108952 -0.354477 0.526265 0.085154 -0.326553 0.519715 -0.047530 -0.326596 0.554020 -0.163007 -0.310983 0.550218 -0.015754 -0.213819 0.532745 -0.175978 -0.220032 0.553096 -0.247681 -0.173736 0.446537 -0.030271 -0.108572 0.503300 -0.179825 -0.132640 0.510037 -0.231164 -0.109495 0.387169 -0.099556 -0.038095 0.422599 -0.175642 -0.078585 0.506640 -0.258599 -0.102818 0.430916 
0.000000 0.000000 0.000000 0.024458 -0.059735 -0.038176 0.144555 -0.256066 0.323766 0.077083 -0.135568 0.334390 0.029461 -0.050718 0.309202 -0.008598 0.017034 0.279297 -0.067916 -0.184386 0.233440 -0.125718 -0.262384 0.403401 -0.122727 -0.360852 0.523325 0.064478 -0.340665 0.518319 -0.068526 -0.338699 0.551303 -0.183540 -0.320361 0.545942 -0.027757 -0.222856 0.528977 -0.188445 -0.227924 0.545660 -0.257705 -0.178096 0.439079 -0.028904 -0.115988 0.501678 -0.178265 -0.142024 0.503705 -0.228620 -0.115376 0.381140 -0.105120 -0.042949 0.412232 -0.171559 -0.084236 0.503734 -0.254774 -0.105768 0.427479 
0.000000 0.000000 0.000000 0.025033 -0.059217 -0.038608 0.142782 -0.259001 0.322215 0.074727 -0.138897 0.333558 0.026979 -0.053968 0.308878 -0.011096 0.013953 0.279380 -0.073599 -0.184304 0.230597 -0.135317 -0.262576 0.399047 -0.133755 -0.361882 0.518307 0.067231 -0.347333 0.516919 -0.066461 -0.342412 0.546655 -0.181231 -0.322528 0.541606 -0.029568 -0.223317 0.529696 -0.190711 -0.222575 0.542226 -0.259531 -0.171792 0.435810 -0.038180 -0.118176 0.499523 -0.188154 -0.140499 0.500124 -0.237417 -0.112634 0.377386 -0.093126 -0.037372 0.425061 -0.183143 -0.080686 0.492235 -0.266321 -0.101254 0.415675 
0.000000 0.000000 0.000000 0.021420 -0.060514 -0.038771 0.133673 -0.265289 0.321004 0.072050 -0.141815 0.332918 0.028401 -0.054596 0.308640 -0.006529 0.015129 0.279463 -0.074532 -0.188933 0.229833 -0.134573 -0.269288 0.397908 -0.133688 -0.369506 0.516409 0.064020 -0.356883 0.516399 -0.071333 -0.345997 0.534924 -0.186016 -0.325716 0.529475 -0.031207 -0.226720 0.529396 -0.192704 -0.220890 0.532485 -0.260593 -0.169267 0.425876 -0.037047 -0.119087 0.499090 -0.187171 -0.140201 0.496323 -0.235606 -0.111805 0.373377 -0.091465 -0.040424 0.421892 -0.181472 -0.085687 0.487780 -0.264425 -0.105359 0.410742 
0.000000 0.000000 0.000000 0.024196 -0.059201 -0.039162 0.136952 -0.264957 0.319895 0.070893 -0.143847 0.332295 0.024700 -0.057850 0.308366 -0.012088 0.011032 0.279470 -0.073832 -0.189810 0.227630 -0.135172 -0.271536 0.394571 -0.134706 -0.372702 0.512267 0.061742 -0.355059 0.513918 -0.073002 -0.347696 0.537837 -0.187692 -0.327639 0.531753 -0.034510 -0.230591 0.526820 -0.195750 -0.228764 0.537902 -0.263097 -0.175895 0.431560 -0.040782 -0.124654 0.498005 -0.190834 -0.146214 0.494777 -0.238563 -0.116458 0.371876 -0.100981 -0.041854 0.420492 -0.188657 -0.084308 0.491217 -0.270886 -0.103644 0.413322 
0.000000 0.000000 0.000000 0.025509 -0.058267 -0.039725 0.140042 -0.266217 0.317501 0.071679 -0.146507 0.330961 0.024034 -0.061096 0.307792 -0.013861 0.007437 0.279506 -0.072008 -0.190838 0.226286 -0.133028 -0.273791 0.392738 -0.132520 -0.376082 0.509457 0.059978 -0.355877 0.509780 -0.073628 -0.352567 0.540118 -0.188351 -0.332738 0.533896 -0.037594 -0.233687 0.523141 -0.198564 -0.233455 0.537741 -0.265787 -0.179664 0.431783 -0.045343 -0.126033 0.496693 -0.195582 -0.146135 0.500583 -0.242992 -0.115579 0.377755 -0.103736 -0.043748 0.420534 -0.193099 -0.085210 0.489719 -0.275031 -0.104410 0.411479 
0.000000 0.000000 0.000000 0.026790 -0.057289 -0.040301 0.142108 -0.268095 0.314993 0.071633 -0.149742 0.329520 0.022729 -0.064837 0.307125 -0.016103 0.003426 0.279464 -0.074286 -0.190889 0.223860 -0.137532 -0.274488 0.389155 -0.136855 -0.377793 0.504975 0.063771 -0.357067 0.508300 -0.070768 -0.351220 0.533741 -0.185619 -0.332007 0.527981 -0.038837 -0.238513 0.520283 -0.199782 -0.238887 0.535147 -0.267232 -0.184315 0.429734 -0.045213 -0.130297 0.496367 -0.195715 -0.148709 0.497460 -0.243400 -0.117343 0.374943 -0.118966 -0.053239 0.409057 -0.189769 -0.092242 0.498259 -0.271738 -0.110696 0.419877 
0.000000 0.000000 0.000000 0.025679 -0.057166 -0.041189 0.141784 -0.273319 0.310619 0.072941 -0.154269 0.327136 0.024889 -0.068520 0.306156 -0.013351 0.000523 0.279629 -0.072641 -0.193496 0.222617 -0.134164 -0.278802 0.387690 -0.132337 -0.383655 0.502098 0.066369 -0.365239 0.503708 -0.068371 -0.359465 0.528076 -0.183331 -0.340753 0.522868 -0.035133 -0.244116 0.518766 -0.196154 -0.242940 0.532749 -0.264412 -0.187543 0.428292 -0.042029 -0.139771 0.493664 -0.192052 -0.161745 0.494681 -0.240480 -0.128723 0.372893 -0.115641 -0.057673 0.408999 -0.186048 -0.097731 0.498046 -0.268154 -0.115682 0.419691 
0.000000 0.000000 0.000000 0.025919 -0.056446 -0.042023 0.145006 -0.276257 0.306505 0.075380 -0.157928 0.324829 0.026631 -0.072266 0.305147 -0.012211 -0.003166 0.279664 -0.069589 -0.199808 0.219074 -0.129352 -0.289514 0.382452 -0.126167 -0.396187 0.495135 0.068142 -0.375340 0.495436 -0.066718 -0.371308 0.519491 -0.181812 -0.353288 0.514824 -0.032746 -0.253966 0.513402 -0.193772 -0.256285 0.527184 -0.262786 -0.199723 0.423854 -0.041572 -0.145050 0.491599 -0.191738 -0.165930 0.489358 -0.240769 -0.132035 0.368052 -0.098915 -0.064951 0.418413 -0.185884 -0.112962 0.486403 -0.268518 -0.130629 0.408540 
0.000000 0.000000 0.000000 0.027411 -0.055330 -0.042557 0.150470 -0.276179 0.303931 0.077971 -0.159761 0.323318 0.027259 -0.075069 0.304414 -0.013133 -0.006630 0.279562 -0.066741 -0.201484 0.217483 -0.125655 -0.292938 0.380199 -0.121218 -0.400896 0.491610 0.069076 -0.373020 0.492125 -0.064483 -0.373688 0.522843 -0.179749 -0.356711 0.518509 -0.027637 -0.259441 0.511427 -0.188396 -0.264434 0.527431 -0.258658 -0.207348 0.425236 -0.037551 -0.150336 0.491091 -0.187267 -0.174135 0.494195 -0.237483 -0.139477 0.373591 -0.094349 -0.066906 0.422239 -0.184143 -0.115238 0.486212 -0.267105 -0.133232 0.408774 
0.000000 0.000000 0.000000 0.029177 -0.054137 -0.042916 0.156173 -0.274919 0.302191 0.080387 -0.160729 0.322244 0.027480 -0.077278 0.303841 -0.014626 -0.009731 0.279397 -0.064538 -0.202125 0.216243 -0.123179 -0.294726 0.378408 -0.117463 -0.403447 0.489015 0.078307 -0.378147 0.488473 -0.054886 -0.381877 0.520531 -0.170391 -0.366355 0.517235 -0.026474 -0.263815 0.507793 -0.187033 -0.272296 0.524324 -0.258659 -0.215388 0.422980 -0.031389 -0.159787 0.489422 -0.179816 -0.190539 0.493249 -0.231781 -0.155095 0.373619 -0.100184 -0.076377 0.416599 -0.182457 -0.127263 0.488245 -0.265658 -0.146001 0.411241 
0.000000 0.000000 0.000000 0.028315 -0.054360 -0.043211 0.159240 -0.274993 0.300519 0.084265 -0.160418 0.321407 0.031478 -0.076766 0.303583 -0.010669 -0.009080 0.279598 -0.061811 -0.201411 0.217748 -0.118206 -0.293426 0.381039 -0.110845 -0.402165 0.491531 0.084271 -0.376397 0.488979 -0.049121 -0.379819 0.520235 -0.164794 -0.365472 0.517596 -0.017446 -0.264593 0.509229 -0.178096 -0.272711 0.525049 -0.251279 -0.216387 0.424494 -0.028058 -0.155790 0.490463 -0.176834 -0.184459 0.496338 -0.229916 -0.150181 0.376859 -0.092298 -0.075876 0.419101 -0.174642 -0.127728 0.489968 -0.258293 -0.147446 0.413699 
0.000000 0.000000 0.000000 0.029354 -0.053784 -0.043238 0.164304 -0.272142 0.300388 0.087166 -0.159021 0.321328 0.032812 -0.076370 0.303541 -0.010599 -0.009477 0.279587 -0.063278 -0.198742 0.218014 -0.121241 -0.289447 0.381489 -0.113201 -0.398001 0.492115 0.084024 -0.369411 0.488840 -0.047443 -0.376113 0.526963 -0.163164 -0.362027 0.525090 -0.015580 -0.258649 0.511043 -0.174871 -0.268415 0.536646 -0.249029 -0.212591 0.436528 -0.025761 -0.155325 0.490755 -0.174050 -0.185256 0.501016 -0.227994 -0.151112 0.381885 -0.104239 -0.079261 0.409772 -0.168693 -0.127294 0.499381 -0.252806 -0.147390 0.423722 
0.000000 0.000000 0.000000 0.026043 -0.056219 -0.042251 0.148697 -0.275657 0.305275 0.078392 -0.157820 0.324168 0.028952 -0.072463 0.304889 -0.010505 -0.003593 0.279728 -0.064809 -0.201234 0.219594 -0.121658 -0.291976 0.383439 -0.116788 -0.399638 0.495118 0.080632 -0.374409 0.497720 -0.054099 -0.369530 0.522332 -0.169366 -0.352179 0.519956 -0.021011 -0.258975 0.514854 -0.181987 -0.262491 0.528956 -0.253750 -0.205571 0.427716 -0.027838 -0.150128 0.493188 -0.177408 -0.174924 0.491057 -0.229385 -0.140524 0.371127 -0.091630 -0.072668 0.418414 -0.170932 -0.125182 0.492202 -0.255103 -0.143418 0.416138 
0.000000 0.000000 0.000000 0.024216 -0.058746 -0.039830 0.122172 -0.274997 0.317398 0.058113 -0.152915 0.330722 0.014322 -0.065481 0.307495 -0.020250 0.004774 0.279174 -0.084208 -0.190939 0.222116 -0.152053 -0.273657 0.386025 -0.157576 -0.377524 0.501211 0.038142 -0.368887 0.505928 -0.096085 -0.358725 0.531658 -0.209709 -0.333498 0.524847 -0.055006 -0.241849 0.519849 -0.216232 -0.233684 0.527864 -0.279795 -0.174495 0.422528 -0.052007 -0.135898 0.495526 -0.202633 -0.153193 0.493662 -0.247687 -0.117839 0.371235 -0.114232 -0.052161 0.415233 -0.197404 -0.094518 0.491257 -0.279444 -0.108392 0.412010 
0.000000 0.000000 0.000000 0.019415 -0.062174 -0.037167 0.083178 -0.275164 0.329631 0.031445 -0.146889 0.337005 -0.002460 -0.056320 0.309626 -0.028776 0.016071 0.278001 -0.106701 -0.174580 0.226093 -0.185616 -0.244916 0.390824 -0.203244 -0.343716 0.509208 -0.008994 -0.353063 0.521611 -0.143014 -0.330467 0.539222 -0.254056 -0.297403 0.526204 -0.090844 -0.221980 0.526428 -0.251232 -0.202230 0.529596 -0.305890 -0.142094 0.419890 -0.086062 -0.112342 0.495599 -0.237277 -0.115224 0.484815 -0.273370 -0.081003 0.359140 -0.132757 -0.024671 0.412591 -0.224395 -0.055443 0.484332 -0.303500 -0.066175 0.401686 
0.000000 0.000000 0.000000 0.015494 -0.064248 -0.035441 0.061535 -0.271825 0.337068 0.018521 -0.140215 0.340784 -0.008951 -0.048281 0.310862 -0.030041 0.024904 0.277215 -0.121587 -0.170326 0.224948 -0.207364 -0.236703 0.387882 -0.231845 -0.332000 0.507907 -0.039512 -0.341177 0.527856 -0.173024 -0.312580 0.539634 -0.282380 -0.275862 0.522711 -0.117319 -0.205230 0.524619 -0.277277 -0.182074 0.526025 -0.326426 -0.122549 0.413417 -0.102069 -0.097090 0.494329 -0.253162 -0.095958 0.481660 -0.285076 -0.063475 0.354402 -0.151310 -0.012928 0.397419 -0.234783 -0.038968 0.480157 -0.312165 -0.048527 0.395754 
0.000000 0.000000 0.000000 0.016652 -0.064226 -0.034951 0.063280 -0.268883 0.339099 0.018341 -0.137892 0.341741 -0.010264 -0.046547 0.311086 -0.032194 0.026122 0.276862 -0.122526 -0.163185 0.227123 -0.209615 -0.225107 0.391112 -0.234090 -0.319061 0.512192 -0.041779 -0.331526 0.530040 -0.175134 -0.302006 0.541317 -0.284424 -0.265280 0.523997 -0.118688 -0.196671 0.526788 -0.278037 -0.169670 0.524935 -0.327366 -0.111758 0.411569 -0.109439 -0.090617 0.492568 -0.260788 -0.088216 0.483710 -0.292211 -0.057042 0.356004 -0.154139 -0.007857 0.397530 -0.238077 -0.031245 0.480589 -0.315427 -0.041533 0.396243 
0.000000 0.000000 0.000000 0.017933 -0.063701 -0.035277 0.081595 -0.265652 0.337730 0.032224 -0.136290 0.341356 -0.000341 -0.046071 0.311326 -0.025684 0.025706 0.277580 -0.108112 -0.169500 0.230741 -0.186982 -0.235702 0.397198 -0.203780 -0.331386 0.518233 -0.006962 -0.342246 0.531924 -0.141310 -0.316123 0.539002 -0.252716 -0.284676 0.525105 -0.095708 -0.204739 0.529565 -0.256363 -0.187016 0.529118 -0.312012 -0.131968 0.417260 -0.091122 -0.096955 0.495399 -0.242280 -0.103927 0.485729 -0.279066 -0.075017 0.358926 -0.141508 -0.018125 0.401070 -0.221232 -0.048295 0.486071 -0.300368 -0.062838 0.404040 
0.000000 0.000000 0.000000 0.024671 -0.060857 -0.036217 0.112415 -0.259378 0.333731 0.049052 -0.136337 0.339328 0.006532 -0.049894 0.310667 -0.026791 0.019071 0.278010 -0.090847 -0.175614 0.230864 -0.163130 -0.247422 0.397987 -0.171040 -0.344622 0.518719 0.028690 -0.340795 0.528105 -0.106589 -0.324865 0.543206 -0.220012 -0.300041 0.532623 -0.066202 -0.216552 0.531048 -0.227571 -0.207388 0.530326 -0.289437 -0.154524 0.420703 -0.063974 -0.105053 0.502240 -0.214767 -0.118022 0.493069 -0.257272 -0.090892 0.367669 -0.119732 -0.024641 0.419564 -0.214063 -0.061710 0.484517 -0.294094 -0.080613 0.404262 
0.000000 0.000000 0.000000 0.022073 -0.061321 -0.037100 0.117021 -0.262751 0.329482 0.056748 -0.138289 0.337332 0.015351 -0.050812 0.310208 -0.017392 0.018989 0.278762 -0.084795 -0.178956 0.232321 -0.151666 -0.252565 0.400907 -0.156004 -0.350445 0.521271 0.038059 -0.345800 0.525155 -0.097051 -0.333830 0.544754 -0.211048 -0.311165 0.535583 -0.054194 -0.219929 0.530984 -0.215668 -0.213412 0.533859 -0.280059 -0.161496 0.425241 -0.054780 -0.111053 0.500382 -0.205117 -0.130070 0.495108 -0.249336 -0.102802 0.370331 -0.113403 -0.030983 0.416133 -0.200525 -0.070550 0.489178 -0.281060 -0.090671 0.409728 
0.000000 0.000000 0.000000 0.022810 -0.061180 -0.036886 0.116186 -0.261760 0.330564 0.054970 -0.137726 0.337857 0.013176 -0.050557 0.310349 -0.019803 0.018995 0.278600 -0.086792 -0.176919 0.232257 -0.155374 -0.249341 0.400670 -0.160671 -0.346828 0.521315 0.032883 -0.343891 0.524820 -0.101866 -0.332370 0.547003 -0.215630 -0.308690 0.537507 -0.060184 -0.217606 0.529776 -0.221575 -0.211856 0.536441 -0.284992 -0.159518 0.427453 -0.058493 -0.109670 0.500304 -0.209040 -0.127019 0.495287 -0.252348 -0.099340 0.370282 -0.113829 -0.029676 0.417800 -0.202520 -0.068920 0.489110 -0.283010 -0.088500 0.409480 
0.000000 0.000000 0.000000 0.020719 -0.062734 -0.035483 0.096556 -0.261773 0.336812 0.041073 -0.134928 0.340947 0.004018 -0.046342 0.311260 -0.024967 0.024172 0.277783 -0.101486 -0.172667 0.230651 -0.177953 -0.241456 0.397180 -0.190488 -0.337312 0.518593 0.004815 -0.331601 0.532075 -0.129906 -0.310495 0.545745 -0.242326 -0.282148 0.533443 -0.083782 -0.205787 0.530326 -0.244790 -0.191649 0.531439 -0.303282 -0.138101 0.420305 -0.079890 -0.099841 0.497837 -0.231037 -0.111777 0.496141 -0.269871 -0.083379 0.369833 -0.138826 -0.022692 0.401985 -0.217198 -0.054951 0.487475 -0.296297 -0.071217 0.405733 
0.000000 0.000000 0.000000 0.019736 -0.063478 -0.034712 0.085462 -0.261360 0.340114 0.032946 -0.133214 0.342499 -0.001569 -0.044012 0.311620 -0.028390 0.026905 0.277203 -0.109120 -0.169381 0.229914 -0.189749 -0.235649 0.395500 -0.206352 -0.330211 0.517440 -0.013402 -0.336057 0.530026 -0.147762 -0.316658 0.548811 -0.259223 -0.285532 0.534642 -0.095555 -0.198172 0.531556 -0.256138 -0.179806 0.532134 -0.311892 -0.125891 0.419778 -0.085958 -0.096584 0.498243 -0.237090 -0.106570 0.491160 -0.273658 -0.078099 0.364194 -0.143880 -0.014748 0.401755 -0.223373 -0.043418 0.487488 -0.302109 -0.058934 0.405249 
0.000000 0.000000 0.000000 0.018677 -0.063781 -0.034743 0.082639 -0.262455 0.339968 0.032046 -0.133539 0.342458 -0.001234 -0.043846 0.311644 -0.027103 0.027447 0.277278 -0.107472 -0.168770 0.231546 -0.186408 -0.234466 0.398172 -0.202495 -0.329008 0.520196 -0.011494 -0.338535 0.531726 -0.146025 -0.317040 0.546607 -0.257477 -0.285900 0.532401 -0.094853 -0.199437 0.532270 -0.255407 -0.180819 0.531525 -0.311052 -0.126885 0.419123 -0.085584 -0.096277 0.498325 -0.236604 -0.105568 0.488458 -0.273123 -0.077184 0.361459 -0.135371 -0.012247 0.408765 -0.226819 -0.042921 0.480790 -0.305369 -0.058727 0.398431 
0.000000 0.000000 0.000000 0.021528 -0.062646 -0.035156 0.096280 -0.260029 0.338238 0.039672 -0.133660 0.341612 0.002075 -0.045478 0.311406 -0.027266 0.024693 0.277521 -0.100422 -0.172844 0.230985 -0.176731 -0.241799 0.397519 -0.188658 -0.337080 0.519445 0.006778 -0.334004 0.533013 -0.128025 -0.315065 0.548873 -0.240441 -0.286984 0.535940 -0.077897 -0.207363 0.534536 -0.238813 -0.192766 0.530356 -0.297570 -0.140125 0.418930 -0.079110 -0.096590 0.499847 -0.230187 -0.107086 0.492332 -0.268664 -0.080265 0.365572 -0.126620 -0.016043 0.415563 -0.222276 -0.050098 0.480228 -0.301038 -0.067926 0.398485 
0.000000 0.000000 0.000000 0.021179 -0.062432 -0.035744 0.104384 -0.260366 0.335565 0.047148 -0.134327 0.340398 0.008472 -0.046280 0.311179 -0.021923 0.023813 0.278071 -0.091889 -0.177409 0.232290 -0.162640 -0.249354 0.400008 -0.171031 -0.345378 0.521646 0.021231 -0.336981 0.532125 -0.113872 -0.320303 0.547966 -0.227079 -0.294857 0.536574 -0.062615 -0.209025 0.537493 -0.223486 -0.194354 0.532019 -0.285086 -0.143014 0.421525 -0.068726 -0.101720 0.500073 -0.219436 -0.117368 0.494397 -0.260158 -0.090793 0.368288 -0.132634 -0.024533 0.404531 -0.208839 -0.057810 0.491575 -0.288199 -0.076945 0.410711 
0.000000 0.000000 0.000000 0.021515 -0.061912 -0.036440 0.111896 -0.261290 0.332411 0.053135 -0.136026 0.338837 0.012981 -0.048283 0.310719 -0.018714 0.021640 0.278483 -0.087304 -0.180393 0.231826 -0.155396 -0.254531 0.399690 -0.161083 -0.351588 0.520663 0.028904 -0.338386 0.528851 -0.106206 -0.323606 0.546429 -0.219851 -0.299615 0.536310 -0.057883 -0.211394 0.534973 -0.219109 -0.199998 0.535900 -0.282331 -0.148722 0.426295 -0.056094 -0.104771 0.502426 -0.206687 -0.119969 0.493400 -0.249616 -0.093260 0.368054 -0.111649 -0.023864 0.419475 -0.206331 -0.062507 0.482983 -0.286444 -0.082335 0.403033 
0.000000 0.000000 0.000000 0.025457 -0.060098 -0.036933 0.123471 -0.258490 0.330497 0.057457 -0.136939 0.337763 0.012558 -0.051330 0.310248 -0.022817 0.017032 0.278497 -0.084847 -0.181140 0.229577 -0.153869 -0.256881 0.396343 -0.157922 -0.354954 0.516559 0.039865 -0.342822 0.523676 -0.095271 -0.330527 0.542890 -0.209241 -0.307534 0.534203 -0.060487 -0.217792 0.527569 -0.221413 -0.217389 0.542643 -0.285566 -0.165190 0.434019 -0.061069 -0.109376 0.499783 -0.211720 -0.126325 0.497005 -0.255306 -0.098865 0.372048 -0.124157 -0.034708 0.411311 -0.203925 -0.072776 0.493037 -0.284307 -0.092242 0.413269 
0.000000 0.000000 0.000000 0.024335 -0.060206 -0.037509 0.123209 -0.261948 0.327861 0.058836 -0.139605 0.336431 0.014789 -0.053271 0.309822 -0.019998 0.015721 0.278790 -0.081202 -0.187637 0.227952 -0.147240 -0.267374 0.394061 -0.150079 -0.366613 0.513352 0.044779 -0.348767 0.522107 -0.090413 -0.336939 0.541221 -0.204568 -0.314618 0.533247 -0.051848 -0.225025 0.528595 -0.213112 -0.223855 0.539418 -0.278196 -0.171044 0.431647 -0.055754 -0.115241 0.499288 -0.206105 -0.134655 0.496389 -0.250381 -0.106128 0.371915 -0.110005 -0.037482 0.418985 -0.199593 -0.080564 0.486875 -0.280329 -0.100012 0.407460 
0.000000 0.000000 0.000000 0.024332 -0.059705 -0.038303 0.124932 -0.265530 0.324309 0.060326 -0.143438 0.334550 0.015999 -0.056893 0.309117 -0.019046 0.012385 0.279025 -0.083368 -0.187073 0.226318 -0.150760 -0.266771 0.391901 -0.153111 -0.366970 0.510398 0.043486 -0.353621 0.516732 -0.091319 -0.344028 0.539484 -0.205529 -0.321828 0.531978 -0.050973 -0.227224 0.527077 -0.212388 -0.221737 0.533368 -0.277989 -0.168429 0.426158 -0.053322 -0.118787 0.499058 -0.203943 -0.135648 0.494581 -0.248949 -0.106108 0.370605 -0.118462 -0.043085 0.411787 -0.198034 -0.083857 0.492393 -0.278997 -0.102536 0.413025 
0.000000 0.000000 0.000000 0.024567 -0.059436 -0.038571 0.125969 -0.266497 0.323112 0.060883 -0.144708 0.333901 0.016217 -0.058223 0.308858 -0.019100 0.011050 0.279077 -0.081458 -0.185922 0.227147 -0.147802 -0.265069 0.393416 -0.149922 -0.365539 0.511688 0.050430 -0.355730 0.517409 -0.084347 -0.346530 0.540488 -0.198674 -0.324817 0.533339 -0.048473 -0.230760 0.526543 -0.209874 -0.226400 0.533982 -0.275634 -0.172506 0.427163 -0.054459 -0.121922 0.497700 -0.204901 -0.140837 0.498193 -0.249787 -0.110456 0.374377 -0.110185 -0.041129 0.418960 -0.197699 -0.082702 0.490404 -0.278662 -0.101381 0.411036 
0.000000 0.000000 0.000000 0.024657 -0.059182 -0.038903 0.126241 -0.268169 0.321619 0.060990 -0.146531 0.333086 0.016214 -0.059965 0.308525 -0.019188 0.009430 0.279131 -0.077035 -0.190813 0.226008 -0.140667 -0.273179 0.391773 -0.142096 -0.374519 0.509310 0.050211 -0.357394 0.515728 -0.084769 -0.347763 0.537395 -0.199153 -0.326343 0.530276 -0.043571 -0.236279 0.526701 -0.205036 -0.232340 0.532879 -0.271031 -0.177748 0.426560 -0.051683 -0.126314 0.497473 -0.201953 -0.146518 0.496279 -0.246870 -0.115339 0.372674 -0.108712 -0.045090 0.419128 -0.195338 -0.088219 0.490731 -0.276344 -0.106483 0.411310 
0.000000 0.000000 0.000000 0.024402 -0.058766 -0.039686 0.127525 -0.271895 0.317964 0.062462 -0.150326 0.331116 0.017660 -0.063443 0.307749 -0.017810 0.006314 0.279310 -0.078825 -0.190549 0.224556 -0.143418 -0.273011 0.389901 -0.144748 -0.375291 0.506621 0.047455 -0.362101 0.509984 -0.087071 -0.354396 0.534994 -0.201438 -0.332801 0.528142 -0.046659 -0.237091 0.523571 -0.207962 -0.231633 0.532302 -0.274022 -0.176313 0.426401 -0.046798 -0.130656 0.497594 -0.197311 -0.148010 0.491618 -0.243047 -0.115633 0.368623 -0.099039 -0.049255 0.423879 -0.194202 -0.095195 0.481540 -0.275602 -0.112441 0.402295 
0.000000 0.000000 0.000000 0.025422 -0.057672 -0.040639 0.131776 -0.275034 0.313500 0.064669 -0.154811 0.328616 0.018437 -0.068311 0.306659 -0.018172 0.001311 0.279355 -0.078868 -0.190279 0.222772 -0.144126 -0.273255 0.387598 -0.144901 -0.376958 0.503062 0.052491 -0.369819 0.503631 -0.081826 -0.363541 0.530118 -0.196286 -0.342147 0.524265 -0.044916 -0.243178 0.520076 -0.206224 -0.236984 0.528192 -0.272978 -0.180539 0.423325 -0.053468 -0.136882 0.493318 -0.203998 -0.155079 0.493895 -0.249543 -0.121128 0.371253 -0.108812 -0.052214 0.419018 -0.198357 -0.094431 0.487507 -0.279689 -0.111040 0.408056 
0.000000 0.000000 0.000000 0.025569 -0.057300 -0.041072 0.133737 -0.276471 0.311397 0.066153 -0.156639 0.327453 0.019495 -0.070200 0.306167 -0.017482 -0.000562 0.279401 -0.077417 -0.195176 0.220138 -0.141859 -0.281450 0.383586 -0.142033 -0.386559 0.497774 0.056289 -0.374206 0.500791 -0.077952 -0.368752 0.527839 -0.192485 -0.347609 0.522510 -0.042060 -0.251635 0.516503 -0.203391 -0.250176 0.526248 -0.270755 -0.192765 0.422298 -0.047754 -0.144117 0.492520 -0.197747 -0.166314 0.492324 -0.244165 -0.131340 0.370298 -0.103863 -0.060378 0.419211 -0.191483 -0.106972 0.487351 -0.273235 -0.123181 0.408250 
0.000000 0.000000 0.000000 0.024370 -0.057458 -0.041576 0.132643 -0.279843 0.308843 0.066924 -0.159142 0.326086 0.021308 -0.071947 0.305640 -0.014917 -0.001663 0.279546 -0.074790 -0.199919 0.218652 -0.136838 -0.289062 0.381485 -0.136290 -0.395324 0.494600 0.054122 -0.378927 0.497090 -0.079886 -0.375358 0.525571 -0.194529 -0.354813 0.520275 -0.039132 -0.255500 0.515669 -0.200587 -0.252290 0.522502 -0.268364 -0.194402 0.419088 -0.043589 -0.146732 0.492480 -0.193679 -0.168087 0.489685 -0.240881 -0.132717 0.368076 -0.116719 -0.067487 0.405600 -0.186792 -0.112795 0.492365 -0.268455 -0.128598 0.413090 
0.000000 0.000000 0.000000 0.026710 -0.056077 -0.042021 0.139549 -0.278790 0.306745 0.069538 -0.160648 0.324798 0.021108 -0.074841 0.304958 -0.017300 -0.005542 0.279358 -0.071966 -0.199526 0.217848 -0.133711 -0.289288 0.380456 -0.132191 -0.396358 0.492797 0.056651 -0.377262 0.493430 -0.076984 -0.375133 0.523751 -0.191701 -0.354914 0.518840 -0.038962 -0.257473 0.512754 -0.200219 -0.256459 0.523705 -0.268502 -0.198032 0.420928 -0.043015 -0.149522 0.492107 -0.193280 -0.169634 0.489516 -0.240873 -0.133705 0.368223 -0.101419 -0.066652 0.419985 -0.190543 -0.114452 0.485280 -0.272578 -0.130310 0.406401 
0.000000 0.000000 0.000000 0.025317 -0.056233 -0.042671 0.142584 -0.281034 0.303282 0.074150 -0.162233 0.322985 0.026229 -0.075882 0.304303 -0.011954 -0.006125 0.279626 -0.069402 -0.200942 0.217970 -0.128670 -0.291492 0.381062 -0.125457 -0.399340 0.492621 0.068045 -0.382967 0.491627 -0.066344 -0.378458 0.518110 -0.181241 -0.358952 0.514726 -0.030783 -0.260654 0.512133 -0.191904 -0.260350 0.524963 -0.262020 -0.201818 0.423488 -0.034243 -0.156409 0.490239 -0.183440 -0.183219 0.493747 -0.233104 -0.146333 0.373577 -0.099069 -0.070100 0.417120 -0.183755 -0.118845 0.487428 -0.266664 -0.135443 0.409622 
0.000000 0.000000 0.000000 0.026570 -0.055482 -0.042891 0.148878 -0.278948 0.302181 0.077796 -0.161792 0.322348 0.027947 -0.076467 0.304003 -0.011795 -0.007488 0.279600 -0.065486 -0.204142 0.216478 -0.123089 -0.297163 0.378774 -0.118016 -0.405678 0.489615 0.077711 -0.385625 0.489198 -0.056316 -0.383218 0.517714 -0.171391 -0.364583 0.515818 -0.023323 -0.262504 0.512366 -0.183701 -0.266609 0.532029 -0.255203 -0.208074 0.431527 -0.030684 -0.158139 0.490030 -0.179520 -0.186696 0.494813 -0.230318 -0.150018 0.375054 -0.089003 -0.074147 0.421662 -0.173967 -0.126108 0.489282 -0.257717 -0.142702 0.412382 
0.000000 0.000000 0.000000 0.026206 -0.056532 -0.041728 0.144201 -0.274988 0.308022 0.074275 -0.156733 0.325661 0.025451 -0.071227 0.305492 -0.013410 -0.002282 0.279618 -0.070453 -0.201780 0.217899 -0.130936 -0.292667 0.380357 -0.128348 -0.399008 0.493369 0.066976 -0.379109 0.494074 -0.066005 -0.377476 0.527174 -0.180630 -0.356348 0.524395 -0.025131 -0.259463 0.515502 -0.186000 -0.263257 0.530719 -0.256341 -0.204816 0.429348 -0.033982 -0.151030 0.492074 -0.182913 -0.179178 0.496322 -0.232875 -0.143442 0.375928 -0.093443 -0.068176 0.420469 -0.177338 -0.119210 0.490100 -0.260887 -0.136190 0.413066 
0.000000 0.000000 0.000000 0.021655 -0.060716 -0.038321 0.111214 -0.271594 0.324281 0.052346 -0.146634 0.334508 0.012203 -0.058071 0.309071 -0.019458 0.012816 0.278977 -0.095115 -0.182061 0.225281 -0.168182 -0.257990 0.390227 -0.177006 -0.357617 0.508901 0.023129 -0.355805 0.515513 -0.111303 -0.338919 0.536126 -0.224130 -0.310839 0.527485 -0.068209 -0.227995 0.522448 -0.229256 -0.217834 0.531683 -0.290741 -0.159593 0.424599 -0.059333 -0.120433 0.498035 -0.210365 -0.131184 0.490012 -0.253059 -0.098087 0.366117 -0.129327 -0.038426 0.405030 -0.204952 -0.073696 0.491795 -0.285882 -0.087889 0.411471 
0.000000 0.000000 0.000000 0.015313 -0.064524 -0.035015 0.075547 -0.266181 0.338719 0.030820 -0.135131 0.341946 0.001164 -0.044011 0.311621 -0.021965 0.028398 0.277637 -0.109529 -0.171120 0.231251 -0.187648 -0.237821 0.397863 -0.205984 -0.331549 0.520198 -0.011959 -0.340504 0.534267 -0.145268 -0.309642 0.541891 -0.255521 -0.274245 0.528305 -0.093293 -0.202173 0.533194 -0.252796 -0.176908 0.526481 -0.307207 -0.120064 0.414912 -0.086071 -0.094085 0.497623 -0.237390 -0.097209 0.488477 -0.272704 -0.066478 0.361684 -0.137616 -0.012728 0.402214 -0.217221 -0.041037 0.487964 -0.296773 -0.053310 0.405963 
0.000000 0.000000 0.000000 0.014236 -0.065566 -0.033500 0.066213 -0.260583 0.344968 0.024364 -0.128546 0.344992 -0.002961 -0.037457 0.312465 -0.024138 0.034710 0.276738 -0.114875 -0.159854 0.235361 -0.195665 -0.218853 0.403596 -0.216798 -0.308955 0.528183 -0.026902 -0.326164 0.541051 -0.159346 -0.291184 0.545193 -0.268609 -0.253539 0.529783 -0.102565 -0.184599 0.537921 -0.260838 -0.153068 0.528972 -0.312809 -0.097774 0.415478 -0.088239 -0.078721 0.501512 -0.238926 -0.074311 0.485233 -0.272962 -0.045942 0.357543 -0.129591 0.004785 0.413011 -0.227866 -0.019773 0.478051 -0.307009 -0.032309 0.395696 
0.000000 0.000000 0.000000 0.021263 -0.063547 -0.033669 0.091923 -0.253520 0.344337 0.036303 -0.126668 0.344637 -0.000386 -0.038858 0.312308 -0.028937 0.030804 0.276740 -0.110724 -0.159066 0.233355 -0.193314 -0.218836 0.400441 -0.209851 -0.309500 0.525314 -0.012833 -0.314338 0.536033 -0.146333 -0.291514 0.556978 -0.257198 -0.258354 0.542748 -0.093880 -0.184401 0.534884 -0.253999 -0.162462 0.537150 -0.309539 -0.109287 0.424335 -0.083319 -0.083345 0.501666 -0.234598 -0.085709 0.491679 -0.271605 -0.058643 0.364533 -0.128257 0.002579 0.417897 -0.227556 -0.022744 0.481060 -0.307422 -0.038210 0.399910 
0.000000 0.000000 0.000000 0.023443 -0.061973 -0.035124 0.119359 -0.250770 0.337873 0.056797 -0.127252 0.341641 0.014025 -0.041379 0.311669 -0.019744 0.026857 0.277957 -0.083399 -0.174390 0.236525 -0.150253 -0.244733 0.406506 -0.154713 -0.338307 0.530244 0.030973 -0.324134 0.533387 -0.103017 -0.311978 0.559478 -0.216476 -0.287056 0.549519 -0.056549 -0.201747 0.536775 -0.217871 -0.193699 0.542710 -0.281247 -0.143403 0.432741 -0.059464 -0.095209 0.502497 -0.210134 -0.112141 0.504088 -0.253285 -0.086777 0.378538 -0.111914 -0.015333 0.420473 -0.203436 -0.051530 0.489790 -0.284307 -0.072454 0.410890 
0.000000 0.000000 0.000000 0.025830 -0.060085 -0.036694 0.139193 -0.249915 0.330844 0.070487 -0.129865 0.338089 0.022750 -0.045819 0.310531 -0.015174 0.021142 0.278736 -0.074889 -0.177296 0.235268 -0.137912 -0.250639 0.405445 -0.137059 -0.345720 0.528106 0.051244 -0.327391 0.524964 -0.081642 -0.321870 0.558026 -0.196013 -0.300376 0.550937 -0.035091 -0.210705 0.535046 -0.196089 -0.209546 0.549296 -0.263732 -0.159660 0.441708 -0.040839 -0.104411 0.503500 -0.190821 -0.126093 0.508603 -0.237718 -0.100327 0.384487 -0.098383 -0.027634 0.424625 -0.184894 -0.069083 0.497351 -0.266859 -0.091186 0.419914 
0.000000 0.000000 0.000000 0.023003 -0.060979 -0.037098 0.132359 -0.256234 0.328809 0.068640 -0.133526 0.337041 0.024058 -0.047547 0.310172 -0.011452 0.020978 0.278926 -0.079199 -0.175806 0.235328 -0.143151 -0.247658 0.405794 -0.144694 -0.343391 0.527940 0.050460 -0.333714 0.525557 -0.082102 -0.324416 0.559065 -0.195930 -0.299939 0.552950 -0.035543 -0.213919 0.534923 -0.196523 -0.207801 0.548053 -0.263351 -0.155253 0.441226 -0.037965 -0.106754 0.503463 -0.188349 -0.125391 0.508776 -0.235030 -0.097380 0.385066 -0.112332 -0.030827 0.412064 -0.181770 -0.066486 0.503706 -0.264112 -0.086267 0.426042 
0.000000 0.000000 0.000000 0.020218 -0.062720 -0.035796 0.107968 -0.259591 0.335031 0.051620 -0.133166 0.340205 0.013052 -0.044998 0.311209 -0.017410 0.025146 0.278273 -0.092063 -0.174400 0.233957 -0.162321 -0.244281 0.402752 -0.171559 -0.339110 0.525263 0.020453 -0.336054 0.529748 -0.112440 -0.319391 0.558798 -0.224593 -0.288762 0.550048 -0.062351 -0.203906 0.536371 -0.222963 -0.186467 0.541299 -0.284406 -0.131942 0.432253 -0.057415 -0.101052 0.502536 -0.208571 -0.112960 0.503488 -0.250789 -0.083172 0.378595 -0.123683 -0.018024 0.410290 -0.196833 -0.047740 0.501160 -0.278685 -0.063625 0.422097 
0.000000 0.000000 0.000000 0.017950 -0.063732 -0.035212 0.091250 -0.262455 0.337759 0.040504 -0.133630 0.341526 0.006335 -0.043983 0.311563 -0.020479 0.027279 0.277863 -0.108658 -0.165669 0.232044 -0.187880 -0.229454 0.399275 -0.202708 -0.322737 0.522423 -0.003838 -0.335088 0.530380 -0.137239 -0.312246 0.551929 -0.248261 -0.278522 0.540529 -0.090339 -0.195315 0.530072 -0.250580 -0.175676 0.537930 -0.307693 -0.120163 0.427044 -0.078025 -0.094474 0.498773 -0.229403 -0.099471 0.491657 -0.267952 -0.069732 0.365571 -0.127500 -0.009942 0.411082 -0.212224 -0.037528 0.492027 -0.293197 -0.051803 0.411761 
0.000000 0.000000 0.000000 0.019562 -0.063493 -0.034782 0.090094 -0.260281 0.339746 0.037180 -0.132304 0.342419 0.002028 -0.043289 0.311718 -0.025408 0.027458 0.277438 -0.106194 -0.162913 0.233821 -0.184885 -0.225123 0.401895 -0.200441 -0.318311 0.525024 -0.004704 -0.332409 0.532699 -0.138289 -0.308959 0.552374 -0.249243 -0.275306 0.540133 -0.086960 -0.196436 0.534644 -0.247097 -0.174594 0.536553 -0.303985 -0.119320 0.425432 -0.077633 -0.093294 0.501105 -0.228999 -0.097802 0.493430 -0.266977 -0.068301 0.367115 -0.135315 -0.011117 0.407893 -0.210966 -0.037670 0.497688 -0.291478 -0.052073 0.416983 
0.000000 0.000000 0.000000 0.022416 -0.062268 -0.035273 0.103342 -0.258022 0.337691 0.044473 -0.132699 0.341395 0.005072 -0.045234 0.311407 -0.025774 0.024371 0.277692 -0.099562 -0.167663 0.232793 -0.175888 -0.233612 0.400532 -0.187793 -0.327522 0.523520 0.008363 -0.334042 0.529055 -0.125618 -0.315277 0.550943 -0.237531 -0.284593 0.539673 -0.082696 -0.201723 0.529911 -0.243597 -0.188685 0.537990 -0.302491 -0.134455 0.427401 -0.075218 -0.098217 0.499715 -0.226491 -0.108351 0.497567 -0.265837 -0.079456 0.371531 -0.121115 -0.015911 0.418666 -0.212491 -0.048820 0.489791 -0.293062 -0.065100 0.409501 
0.000000 0.000000 0.000000 0.022632 -0.061526 -0.036417 0.114575 -0.259896 0.332591 0.053838 -0.135573 0.338908 0.012436 -0.048435 0.310718 -0.020213 0.021022 0.278425 -0.087464 -0.174852 0.233550 -0.156355 -0.245765 0.402478 -0.162908 -0.341553 0.524414 0.025524 -0.336683 0.526482 -0.108639 -0.321643 0.550061 -0.221692 -0.294731 0.540677 -0.060289 -0.210807 0.533303 -0.221311 -0.200033 0.542272 -0.283797 -0.146341 0.433405 -0.060498 -0.102439 0.501710 -0.211703 -0.113741 0.502176 -0.253833 -0.085000 0.377008 -0.127271 -0.026577 0.408267 -0.200962 -0.059340 0.497640 -0.281734 -0.077416 0.417939 
0.000000 0.000000 0.000000 0.023819 -0.060559 -0.037271 0.123175 -0.260779 0.328805 0.059547 -0.138018 0.336961 0.015879 -0.051583 0.310054 -0.018650 0.017430 0.278782 -0.082345 -0.178500 0.232294 -0.148776 -0.252300 0.400970 -0.152937 -0.349488 0.521900 0.033529 -0.340029 0.521427 -0.099209 -0.330730 0.554231 -0.212615 -0.304814 0.546442 -0.050717 -0.213770 0.533373 -0.211634 -0.202022 0.542973 -0.276259 -0.148138 0.435457 -0.053901 -0.111044 0.500603 -0.204746 -0.126293 0.502579 -0.248842 -0.096272 0.378392 -0.122043 -0.031643 0.411024 -0.193211 -0.065421 0.502048 -0.274794 -0.083180 0.423105 
0.000000 0.000000 0.000000 0.023645 -0.060112 -0.038097 0.123803 -0.265030 0.325149 0.060337 -0.142313 0.335028 0.016690 -0.055499 0.309334 -0.017848 0.013941 0.279031 -0.085483 -0.184305 0.227447 -0.153768 -0.262017 0.393606 -0.157974 -0.360779 0.513252 0.035015 -0.348909 0.516203 -0.097457 -0.341235 0.550469 -0.210912 -0.315343 0.543338 -0.050529 -0.222994 0.529125 -0.211503 -0.213933 0.540515 -0.276422 -0.158429 0.434006 -0.052237 -0.119534 0.498707 -0.202680 -0.137707 0.503927 -0.246982 -0.105765 0.380294 -0.115983 -0.034408 0.415479 -0.194809 -0.070114 0.499162 -0.276663 -0.087192 0.420349 
0.000000 0.000000 0.000000 0.022470 -0.060304 -0.038502 0.121521 -0.268410 0.323232 0.060058 -0.144754 0.334031 0.017635 -0.057149 0.308981 -0.015981 0.012962 0.279191 -0.085109 -0.184695 0.227580 -0.152426 -0.262531 0.394077 -0.156756 -0.362145 0.513010 0.037864 -0.355954 0.514955 -0.095952 -0.344419 0.542197 -0.209402 -0.318419 0.535392 -0.050064 -0.225493 0.528527 -0.211073 -0.214447 0.537398 -0.275885 -0.158499 0.431056 -0.051359 -0.121593 0.498191 -0.201999 -0.138499 0.501741 -0.246392 -0.105860 0.378323 -0.119685 -0.039025 0.410070 -0.191066 -0.074808 0.500156 -0.272859 -0.091273 0.421151 
0.000000 0.000000 0.000000 0.022792 -0.059907 -0.038930 0.122027 -0.270429 0.321354 0.060032 -0.147116 0.333002 0.017293 -0.059493 0.308558 -0.016558 0.010709 0.279253 -0.085516 -0.184938 0.226557 -0.153287 -0.263174 0.392681 -0.157256 -0.363085 0.511378 0.041479 -0.355874 0.515341 -0.093175 -0.340463 0.535658 -0.206748 -0.315004 0.528860 -0.051912 -0.231650 0.524828 -0.213108 -0.222697 0.532575 -0.277921 -0.166011 0.426625 -0.051180 -0.125055 0.497573 -0.201976 -0.139815 0.491792 -0.246426 -0.106819 0.368489 -0.105312 -0.042145 0.420375 -0.195690 -0.084058 0.487950 -0.277448 -0.100032 0.408807 
0.000000 0.000000 0.000000 0.020884 -0.060549 -0.039008 0.118170 -0.272791 0.320798 0.059450 -0.147914 0.332753 0.018727 -0.059280 0.308515 -0.013604 0.011702 0.279373 -0.082289 -0.189149 0.226819 -0.146847 -0.269619 0.393155 -0.150480 -0.370031 0.511440 0.042844 -0.362986 0.514733 -0.091929 -0.349070 0.535338 -0.205640 -0.324271 0.528411 -0.050920 -0.236243 0.523778 -0.211889 -0.232612 0.537925 -0.276523 -0.175345 0.432179 -0.049669 -0.125668 0.497270 -0.200364 -0.141083 0.490617 -0.244660 -0.108022 0.367277 -0.103242 -0.043358 0.419086 -0.190898 -0.086257 0.489566 -0.272615 -0.102278 0.410390 
0.000000 0.000000 0.000000 0.023119 -0.059398 -0.039513 0.124001 -0.272684 0.318681 0.061264 -0.149868 0.331547 0.017967 -0.062283 0.307968 -0.016343 0.007983 0.279357 -0.085576 -0.191365 0.222435 -0.153590 -0.273940 0.386345 -0.157067 -0.375301 0.503822 0.042411 -0.366051 0.508538 -0.092002 -0.355375 0.533060 -0.205789 -0.330803 0.526596 -0.049842 -0.239992 0.521303 -0.211033 -0.235721 0.532438 -0.276274 -0.177965 0.427332 -0.051754 -0.130911 0.495432 -0.202390 -0.147360 0.490052 -0.246919 -0.113234 0.367086 -0.103677 -0.045772 0.421024 -0.196725 -0.088711 0.484187 -0.278476 -0.104445 0.404989 
0.000000 0.000000 0.000000 0.020744 -0.059675 -0.040404 0.121869 -0.278801 0.314178 0.062842 -0.154397 0.329165 0.021614 -0.065435 0.307079 -0.011205 0.006008 0.279660 -0.082198 -0.195430 0.221932 -0.146612 -0.280376 0.386084 -0.149166 -0.383276 0.502239 0.048092 -0.373264 0.506672 -0.086455 -0.361015 0.529669 -0.200306 -0.336532 0.524031 -0.046758 -0.245816 0.519178 -0.208098 -0.238381 0.525393 -0.273819 -0.179844 0.421021 -0.045700 -0.138589 0.493709 -0.196069 -0.157801 0.490435 -0.241290 -0.121970 0.368209 -0.101144 -0.050600 0.418558 -0.193030 -0.094688 0.482624 -0.274933 -0.109925 0.403486 
0.000000 0.000000 0.000000 0.024380 -0.057599 -0.041375 0.129735 -0.280049 0.309890 0.064401 -0.159068 0.326630 0.019254 -0.071712 0.305832 -0.016538 -0.001311 0.279456 -0.082819 -0.195143 0.218310 -0.149897 -0.281209 0.380804 -0.152170 -0.385644 0.495586 0.046304 -0.374130 0.498591 -0.087058 -0.367341 0.529425 -0.201004 -0.343216 0.524198 -0.048108 -0.251146 0.514613 -0.208860 -0.248252 0.531196 -0.274927 -0.188289 0.427857 -0.048101 -0.147809 0.491267 -0.198119 -0.169474 0.495240 -0.243631 -0.131693 0.373711 -0.118936 -0.064566 0.406341 -0.189418 -0.108105 0.493679 -0.271520 -0.121769 0.414459 
0.000000 0.000000 0.000000 0.024472 -0.056906 -0.042270 0.131235 -0.284187 0.305459 0.065564 -0.163670 0.324115 0.020106 -0.076158 0.304700 -0.015957 -0.005487 0.279439 -0.077063 -0.199525 0.216953 -0.140597 -0.288767 0.379158 -0.141561 -0.395239 0.492072 0.047674 -0.383314 0.491501 -0.085969 -0.377010 0.521195 -0.200021 -0.353245 0.516658 -0.045913 -0.257598 0.511798 -0.206886 -0.253040 0.525640 -0.273654 -0.192211 0.423263 -0.044419 -0.153218 0.490743 -0.194810 -0.172496 0.492003 -0.241210 -0.133502 0.371195 -0.098622 -0.066671 0.420893 -0.188784 -0.113796 0.485247 -0.271319 -0.126896 0.406383 
0.000000 0.000000 0.000000 0.024475 -0.056412 -0.042924 0.134747 -0.286127 0.302101 0.068589 -0.166116 0.322239 0.022554 -0.078676 0.303888 -0.014039 -0.007976 0.279482 -0.076680 -0.200000 0.215912 -0.139977 -0.289849 0.377875 -0.139842 -0.397484 0.489685 0.055480 -0.386211 0.489504 -0.078282 -0.379685 0.518609 -0.192530 -0.356716 0.514994 -0.037225 -0.263458 0.511455 -0.198135 -0.259906 0.526291 -0.266398 -0.198711 0.425124 -0.041423 -0.155807 0.490090 -0.191875 -0.174623 0.491108 -0.239535 -0.135683 0.370774 -0.110683 -0.070865 0.410979 -0.186272 -0.115739 0.493221 -0.268908 -0.129508 0.414577 
0.000000 0.000000 0.000000 0.024373 -0.055700 -0.043902 0.145047 -0.286644 0.296794 0.077629 -0.167764 0.319322 0.029989 -0.080844 0.302673 -0.008102 -0.010478 0.279635 -0.068928 -0.206038 0.214051 -0.127310 -0.300110 0.375461 -0.123593 -0.410116 0.484876 0.074892 -0.393725 0.483963 -0.058703 -0.389051 0.514174 -0.173366 -0.367960 0.513394 -0.021146 -0.270850 0.509298 -0.181996 -0.270323 0.525157 -0.253794 -0.209332 0.426341 -0.028589 -0.164918 0.487643 -0.178047 -0.190396 0.489627 -0.229207 -0.151073 0.370865 -0.098946 -0.080859 0.411469 -0.168500 -0.130620 0.496188 -0.252888 -0.145360 0.419608 
0.000000 0.000000 0.000000 0.028356 -0.052868 -0.044997 0.165640 -0.281303 0.291070 0.089743 -0.168138 0.315932 0.035887 -0.084600 0.301000 -0.007239 -0.016743 0.279354 -0.057914 -0.212407 0.209858 -0.111896 -0.312236 0.369329 -0.102133 -0.424856 0.475670 0.096757 -0.395450 0.474498 -0.034603 -0.399883 0.513317 -0.149803 -0.382104 0.515762 -0.002842 -0.277110 0.505742 -0.162613 -0.284047 0.529189 -0.239264 -0.223767 0.433637 -0.014775 -0.173057 0.486264 -0.162489 -0.205721 0.496482 -0.218390 -0.166817 0.379735 -0.081092 -0.089611 0.420145 -0.162748 -0.145498 0.488703 -0.248787 -0.162916 0.414561 
0.000000 0.000000 0.000000 0.028099 -0.052628 -0.045438 0.178681 -0.276318 0.288118 0.101399 -0.164408 0.314365 0.045617 -0.081974 0.300409 0.000668 -0.015062 0.279542 -0.040802 -0.214867 0.212976 -0.083915 -0.316385 0.374675 -0.067831 -0.428962 0.480290 0.121516 -0.393820 0.473443 -0.009984 -0.400103 0.511527 -0.125647 -0.386390 0.516733 0.023713 -0.286898 0.502608 -0.134944 -0.304495 0.527964 -0.215894 -0.245156 0.435415 0.007484 -0.173632 0.487113 -0.138189 -0.213452 0.500698 -0.198426 -0.176344 0.385535 -0.057033 -0.090631 0.426328 -0.137271 -0.151682 0.492101 -0.224754 -0.172668 0.420620 
0.000000 0.000000 0.000000 0.027104 -0.054384 -0.043951 0.170204 -0.273357 0.295967 0.095477 -0.159022 0.318957 0.041782 -0.075645 0.302619 -0.001416 -0.008210 0.279824 -0.057422 -0.200636 0.219321 -0.110314 -0.292151 0.384059 -0.098614 -0.400683 0.494380 0.101001 -0.378307 0.484691 -0.032025 -0.375452 0.517524 -0.147219 -0.357964 0.521739 0.001636 -0.262580 0.511165 -0.158413 -0.266330 0.533415 -0.236283 -0.207886 0.437708 -0.000288 -0.158282 0.492658 -0.149236 -0.186546 0.495159 -0.207599 -0.151227 0.378478 -0.062520 -0.074912 0.429502 -0.149623 -0.130691 0.491090 -0.236768 -0.151941 0.419276 
0.000000 0.000000 0.000000 0.014228 -0.064672 -0.035200 0.072361 -0.268071 0.337924 0.029658 -0.136357 0.341562 0.001322 -0.044725 0.311519 -0.020784 0.028106 0.277757 -0.107244 -0.174024 0.231508 -0.183254 -0.242450 0.398396 -0.201443 -0.338766 0.518725 -0.019600 -0.344740 0.530498 -0.152606 -0.316278 0.547279 -0.262580 -0.279284 0.535871 -0.083106 -0.217111 0.534533 -0.243145 -0.194782 0.530878 -0.300461 -0.134118 0.422831 -0.079579 -0.100631 0.498718 -0.230887 -0.107031 0.491245 -0.268624 -0.074640 0.365567 -0.130495 -0.023259 0.403898 -0.206011 -0.058614 0.490723 -0.287911 -0.071524 0.411169 
0.000000 0.000000 0.000000 0.000273 -0.069127 -0.029074 -0.024633 -0.245576 0.361076 -0.032989 -0.107659 0.351367 -0.034874 -0.015024 0.312417 -0.035181 0.057600 0.271690 -0.170921 -0.119074 0.227917 -0.278044 -0.150328 0.388724 -0.329220 -0.226606 0.513823 -0.137876 -0.278337 0.554784 -0.261260 -0.220229 0.541301 -0.360603 -0.166158 0.513007 -0.189401 -0.122805 0.529637 -0.339105 -0.065652 0.508492 -0.374455 -0.009451 0.389198 -0.152708 -0.028556 0.487477 -0.299604 -0.003220 0.459720 -0.318650 0.021995 0.328307 -0.174421 0.056223 0.377503 -0.270264 0.055275 0.450337 -0.346898 0.049781 0.364896 
0.000000 0.000000 0.000000 0.002123 -0.069109 -0.029041 -0.017178 -0.245974 0.361237 -0.029350 -0.108344 0.351479 -0.033861 -0.015817 0.312489 -0.036245 0.056750 0.271729 -0.170443 -0.112822 0.228167 -0.278424 -0.140175 0.389112 -0.330620 -0.213751 0.515401 -0.145243 -0.273823 0.546289 -0.268867 -0.214715 0.548616 -0.365197 -0.154729 0.521871 -0.185386 -0.119248 0.530387 -0.331651 -0.055401 0.504804 -0.367334 0.003044 0.386692 -0.150563 -0.025585 0.488554 -0.296911 0.005333 0.463710 -0.316792 0.031964 0.332700 -0.172966 0.062408 0.380641 -0.267074 0.066302 0.455607 -0.344877 0.064565 0.371068 
0.000000 0.000000 0.000000 0.006007 -0.068244 -0.030505 0.035634 -0.251004 0.356395 0.010144 -0.114990 0.350445 -0.006056 -0.022800 0.313831 -0.018467 0.049735 0.274875 -0.134947 -0.142090 0.238799 -0.223147 -0.188298 0.407312 -0.256447 -0.269339 0.535415 -0.063182 -0.296073 0.555454 -0.191026 -0.246714 0.556737 -0.295281 -0.198072 0.537814 -0.122458 -0.152346 0.544083 -0.277475 -0.108773 0.530096 -0.327792 -0.054615 0.415316 -0.103870 -0.048183 0.499577 -0.253534 -0.035161 0.479037 -0.284329 -0.011181 0.349636 -0.144672 0.033566 0.394864 -0.231540 0.022436 0.477455 -0.313054 0.011469 0.397216 
0.000000 0.000000 0.000000 0.018084 -0.064327 -0.034042 0.109960 -0.250341 0.341363 0.056419 -0.122613 0.343395 0.019077 -0.034661 0.312219 -0.010632 0.034971 0.277552 -0.097659 -0.151770 0.243093 -0.170083 -0.206485 0.416506 -0.181955 -0.295014 0.543425 -0.002295 -0.304820 0.530706 -0.130356 -0.287656 0.576401 -0.240575 -0.250608 0.567896 -0.066141 -0.171421 0.541060 -0.225329 -0.147370 0.555388 -0.291160 -0.096275 0.447245 -0.054868 -0.071067 0.506951 -0.206489 -0.071192 0.505568 -0.251703 -0.048010 0.380323 -0.120250 0.008868 0.411301 -0.195702 -0.009099 0.503364 -0.281788 -0.027796 0.429588 
0.000000 0.000000 0.000000 0.017889 -0.063707 -0.035289 0.130711 -0.250008 0.334217 0.074597 -0.123487 0.339593 0.034002 -0.036175 0.310776 0.001263 0.033010 0.277993 -0.081037 -0.157273 0.246324 -0.142939 -0.215820 0.422538 -0.146067 -0.306733 0.548284 0.049832 -0.316610 0.535322 -0.079998 -0.296555 0.574360 -0.191811 -0.263560 0.572839 -0.029193 -0.178057 0.546292 -0.188226 -0.155283 0.564022 -0.261452 -0.105000 0.460345 -0.025759 -0.081412 0.508502 -0.177006 -0.090375 0.514408 -0.229787 -0.066985 0.392198 -0.089615 0.000952 0.423937 -0.168481 -0.024984 0.511108 -0.257697 -0.046313 0.441908 
0.000000 0.000000 0.000000 0.018497 -0.064228 -0.034007 0.124987 -0.244868 0.340159 0.068776 -0.118301 0.342654 0.028672 -0.031450 0.311825 -0.003507 0.037218 0.277441 -0.082125 -0.154821 0.247976 -0.145089 -0.211508 0.424422 -0.149452 -0.302405 0.550143 0.047945 -0.313064 0.542234 -0.083744 -0.288932 0.571521 -0.195711 -0.256482 0.569614 -0.036629 -0.175869 0.547716 -0.195888 -0.155617 0.566450 -0.269040 -0.104995 0.462885 -0.036280 -0.074012 0.508506 -0.187323 -0.082164 0.519020 -0.240147 -0.059407 0.396710 -0.081879 0.007677 0.430971 -0.168183 -0.020474 0.510031 -0.258181 -0.042510 0.442077 
0.000000 0.000000 0.000000 0.019176 -0.064734 -0.032645 0.112877 -0.241418 0.346795 0.057353 -0.114526 0.346023 0.018737 -0.027836 0.312922 -0.011952 0.040585 0.276733 -0.086248 -0.153674 0.248107 -0.152215 -0.209328 0.423784 -0.159443 -0.299379 0.549980 0.025803 -0.307831 0.545358 -0.106017 -0.286835 0.576419 -0.217953 -0.254676 0.571014 -0.052700 -0.173995 0.548078 -0.212625 -0.156060 0.563141 -0.283481 -0.106103 0.457675 -0.055176 -0.067533 0.507022 -0.206392 -0.075693 0.514642 -0.256159 -0.054668 0.390750 -0.107919 0.007110 0.419056 -0.184087 -0.018521 0.508682 -0.272983 -0.041450 0.439582 
0.000000 0.000000 0.000000 0.016082 -0.065990 -0.031789 0.101024 -0.242050 0.349994 0.051623 -0.112673 0.347530 0.017209 -0.024672 0.313275 -0.010158 0.044666 0.276176 -0.090192 -0.156153 0.248251 -0.156691 -0.212571 0.423483 -0.165657 -0.302205 0.549864 0.023470 -0.311229 0.551538 -0.109299 -0.288665 0.576939 -0.221286 -0.257028 0.569789 -0.055011 -0.175186 0.550498 -0.215340 -0.157710 0.561163 -0.284727 -0.108061 0.454581 -0.053699 -0.067527 0.507824 -0.204900 -0.078864 0.508622 -0.253005 -0.058328 0.383994 -0.104614 0.007751 0.418659 -0.186585 -0.022094 0.501613 -0.274482 -0.045535 0.431416 
0.000000 0.000000 0.000000 0.019527 -0.065161 -0.031570 0.101929 -0.239172 0.351707 0.047416 -0.111882 0.348384 0.010343 -0.025205 0.313535 -0.018866 0.043120 0.275964 -0.094604 -0.157983 0.244481 -0.166019 -0.216064 0.417217 -0.175768 -0.303968 0.544750 0.014854 -0.310952 0.548394 -0.118892 -0.290338 0.570056 -0.230996 -0.259914 0.560039 -0.072338 -0.172482 0.544499 -0.232980 -0.158376 0.555450 -0.299479 -0.109646 0.446627 -0.062158 -0.066570 0.507819 -0.213216 -0.076526 0.499270 -0.258259 -0.056748 0.373381 -0.114736 0.010888 0.418639 -0.205281 -0.018178 0.492450 -0.290605 -0.042348 0.419384 
0.000000 0.000000 0.000000 0.019530 -0.065175 -0.031538 0.104076 -0.238286 0.351679 0.049260 -0.111127 0.348370 0.011831 -0.024599 0.313530 -0.017704 0.043590 0.275967 -0.092958 -0.165528 0.242546 -0.163345 -0.228322 0.414050 -0.171599 -0.315370 0.542274 0.017689 -0.301931 0.551446 -0.116798 -0.281001 0.567482 -0.229364 -0.253124 0.555446 -0.069213 -0.171381 0.545367 -0.230163 -0.157123 0.549446 -0.296018 -0.110515 0.439310 -0.057195 -0.065662 0.509139 -0.207992 -0.077118 0.498197 -0.251519 -0.058387 0.371617 -0.103261 0.006535 0.423930 -0.201450 -0.030050 0.483191 -0.285180 -0.054514 0.408398 
0.000000 0.000000 0.000000 0.021500 -0.063952 -0.032738 0.120807 -0.237963 0.346510 0.060837 -0.113110 0.345894 0.019234 -0.027773 0.312898 -0.013798 0.039593 0.276791 -0.084509 -0.168872 0.242216 -0.150843 -0.234525 0.414265 -0.153468 -0.321381 0.542857 0.045568 -0.310347 0.547806 -0.089371 -0.294971 0.566171 -0.203092 -0.271256 0.556258 -0.050591 -0.182678 0.543930 -0.211866 -0.177091 0.553080 -0.280321 -0.131496 0.444110 -0.054748 -0.076154 0.504990 -0.204849 -0.097609 0.504600 -0.249362 -0.079166 0.378321 -0.121234 -0.005682 0.407151 -0.195185 -0.036846 0.496881 -0.277585 -0.063536 0.421375 
0.000000 0.000000 0.000000 0.027693 -0.060450 -0.034682 0.150706 -0.232265 0.338572 0.077774 -0.114561 0.342001 0.026821 -0.033363 0.311791 -0.013743 0.030967 0.277891 -0.068416 -0.177855 0.238860 -0.128554 -0.251319 0.410026 -0.122774 -0.340187 0.537132 0.082608 -0.315175 0.538344 -0.051706 -0.310187 0.565122 -0.166718 -0.292300 0.558380 -0.023427 -0.192177 0.542521 -0.184532 -0.195424 0.555138 -0.257748 -0.152659 0.448134 -0.030983 -0.084846 0.508570 -0.180028 -0.110831 0.498513 -0.228559 -0.094169 0.373472 -0.089227 -0.012371 0.429582 -0.184197 -0.057122 0.488483 -0.266657 -0.086683 0.414122 
0.000000 0.000000 0.000000 0.030317 -0.057509 -0.037383 0.181015 -0.228879 0.325789 0.100269 -0.116745 0.335342 0.042521 -0.038673 0.309423 -0.003855 0.023401 0.278942 -0.049338 -0.187570 0.235720 -0.099181 -0.268954 0.406611 -0.083034 -0.360055 0.531217 0.113689 -0.315246 0.524353 -0.017009 -0.322417 0.564958 -0.132949 -0.310544 0.561800 0.009106 -0.200794 0.538072 -0.150920 -0.212109 0.557773 -0.230592 -0.171901 0.454453 -0.012589 -0.097199 0.505002 -0.159727 -0.133138 0.512048 -0.213099 -0.116826 0.388949 -0.066879 -0.024560 0.434872 -0.156287 -0.075074 0.497688 -0.239623 -0.107702 0.425620 
0.000000 0.000000 0.000000 0.031381 -0.054867 -0.040358 0.211024 -0.225206 0.309905 0.124804 -0.118085 0.326523 0.061468 -0.042884 0.305661 0.010110 0.017095 0.279243 -0.027804 -0.191169 0.234897 -0.064839 -0.276458 0.407133 -0.037931 -0.368811 0.528927 0.154271 -0.319151 0.508333 0.026939 -0.334060 0.556774 -0.089410 -0.326883 0.558903 0.051344 -0.211866 0.532152 -0.106786 -0.230423 0.559994 -0.194029 -0.190877 0.462711 0.027059 -0.107479 0.504048 -0.116308 -0.152648 0.523961 -0.178185 -0.136689 0.404862 -0.044505 -0.031698 0.438060 -0.128137 -0.083593 0.507370 -0.213794 -0.118478 0.439185 
0.000000 0.000000 0.000000 0.030015 -0.054015 -0.042490 0.227658 -0.226733 0.296740 0.141213 -0.120773 0.318763 0.076195 -0.046013 0.301866 0.023037 0.013725 0.278661 -0.015966 -0.194670 0.233097 -0.044739 -0.282683 0.405541 -0.012156 -0.375710 0.525420 0.175714 -0.321081 0.496290 0.051839 -0.339778 0.551856 -0.064498 -0.334410 0.557333 0.081788 -0.219444 0.526626 -0.073678 -0.242789 0.564173 -0.166927 -0.203783 0.472399 0.050282 -0.111312 0.501311 -0.093381 -0.155527 0.521233 -0.161186 -0.139736 0.405384 -0.018575 -0.037562 0.440600 -0.103947 -0.094397 0.503628 -0.192423 -0.130043 0.439561 
0.000000 0.000000 0.000000 0.030531 -0.052720 -0.043730 0.230119 -0.231172 0.291368 0.142626 -0.126622 0.315851 0.076848 -0.052154 0.300700 0.023076 0.007563 0.278893 -0.017753 -0.202851 0.226409 -0.047966 -0.296794 0.395445 -0.017462 -0.392701 0.513590 0.177353 -0.331267 0.487879 0.060219 -0.356787 0.554290 -0.056021 -0.350503 0.560761 0.081104 -0.227412 0.522081 -0.073939 -0.250412 0.561540 -0.168643 -0.209792 0.471983 0.049253 -0.123630 0.497787 -0.092117 -0.170153 0.526785 -0.162646 -0.151558 0.412996 -0.011078 -0.040837 0.443445 -0.095439 -0.095702 0.509507 -0.185963 -0.129266 0.447201 
0.000000 0.000000 0.000000 0.022322 -0.056795 -0.043589 0.203440 -0.256540 0.289982 0.131158 -0.141006 0.314725 0.075559 -0.058611 0.299836 0.029754 0.007491 0.278262 -0.025603 -0.208924 0.225495 -0.055592 -0.304117 0.393870 -0.033173 -0.401856 0.512324 0.163755 -0.362402 0.486549 0.039923 -0.379239 0.542801 -0.076036 -0.368420 0.548230 0.070493 -0.245945 0.519132 -0.086766 -0.261155 0.553232 -0.180017 -0.214146 0.465292 0.045791 -0.134189 0.495068 -0.099451 -0.173415 0.513957 -0.170309 -0.149558 0.401360 -0.002383 -0.045063 0.441943 -0.090848 -0.099588 0.502709 -0.183267 -0.127455 0.440377 
0.000000 0.000000 0.000000 0.022237 -0.055986 -0.044665 0.189820 -0.269511 0.287441 0.119457 -0.153133 0.313716 0.066108 -0.069090 0.299837 0.022372 -0.001355 0.279050 -0.044423 -0.211882 0.218203 -0.086135 -0.309432 0.382688 -0.076608 -0.407363 0.502711 0.127484 -0.374876 0.478314 0.008239 -0.395687 0.542577 -0.107279 -0.380189 0.545474 0.037735 -0.257544 0.510932 -0.117709 -0.270691 0.553225 -0.209380 -0.216828 0.467582 0.023887 -0.145908 0.492270 -0.123230 -0.176893 0.511950 -0.194532 -0.148027 0.400816 -0.024730 -0.057032 0.438008 -0.108645 -0.106160 0.508973 -0.202512 -0.127594 0.446261 
0.000000 0.000000 0.000000 0.015664 -0.057932 -0.044972 0.158505 -0.290692 0.285770 0.101845 -0.167211 0.312738 0.058354 -0.077592 0.299367 0.022550 -0.005233 0.278990 -0.062315 -0.212913 0.215309 -0.111110 -0.309890 0.378177 -0.116935 -0.405885 0.499987 0.094569 -0.391137 0.478755 -0.032371 -0.397353 0.530037 -0.146891 -0.375503 0.529136 0.013369 -0.272388 0.506605 -0.143560 -0.276160 0.545120 -0.233703 -0.215569 0.462401 -0.002276 -0.156003 0.486154 -0.150229 -0.181434 0.507459 -0.221958 -0.147982 0.397896 -0.045565 -0.063860 0.429021 -0.124597 -0.108759 0.507947 -0.219433 -0.124312 0.444959 
0.000000 0.000000 0.000000 0.009735 -0.057810 -0.046766 0.128094 -0.313899 0.276315 0.084227 -0.186200 0.307201 0.050048 -0.092268 0.296695 0.021771 -0.016062 0.278638 -0.084160 -0.211339 0.209084 -0.142912 -0.307408 0.369178 -0.160089 -0.404702 0.488868 0.056045 -0.413221 0.467008 -0.069471 -0.413173 0.522033 -0.181797 -0.381942 0.521329 -0.019663 -0.287926 0.495172 -0.176466 -0.279718 0.533513 -0.265562 -0.210196 0.456911 -0.024579 -0.167009 0.479884 -0.173124 -0.180724 0.507034 -0.246047 -0.139653 0.400904 -0.062574 -0.068986 0.422413 -0.141175 -0.106245 0.505629 -0.238834 -0.113701 0.445543 
0.000000 0.000000 0.000000 0.002184 -0.056269 -0.049527 0.092920 -0.339687 0.259362 0.065025 -0.209291 0.296827 0.042209 -0.111566 0.291235 0.023040 -0.031766 0.277184 -0.104108 -0.210318 0.201107 -0.170618 -0.306713 0.357937 -0.197682 -0.407514 0.472800 0.017987 -0.442907 0.446847 -0.107649 -0.428298 0.499613 -0.215887 -0.385049 0.502332 -0.045250 -0.307146 0.483209 -0.199915 -0.281569 0.522566 -0.287986 -0.201519 0.455670 -0.034338 -0.189334 0.472360 -0.183138 -0.192440 0.501337 -0.257539 -0.141268 0.400768 -0.075117 -0.082960 0.412575 -0.142680 -0.118198 0.505768 -0.242727 -0.115445 0.449321 