104
0.000000 0.000000 0.000000 0.015195 -0.051071 -0.052771 0.183926 -0.311698 0.245572 0.126416 -0.200258 0.282936 0.078885 -0.111879 0.283384 0.044588 -0.049556 0.271896 -0.041794 -0.249191 0.182489 -0.077454 -0.373161 0.329700 -0.108219 -0.467867 0.448743 0.085532 -0.425499 0.415243 0.026066 -0.494277 0.517787 -0.089483 -0.504320 0.529659 0.047742 -0.327485 0.467592 -0.105212 -0.363489 0.505454 -0.241292 -0.366346 0.494806 0.058833 -0.205895 0.471726 -0.079116 -0.253425 0.512980 -0.206174 -0.257103 0.467037 -0.000127 -0.131639 0.419711 -0.091116 -0.188048 0.474759 -0.194787 -0.202788 0.427448 
0.000000 0.000000 0.000000 0.015380 -0.051012 -0.052774 0.187739 -0.309784 0.245108 0.129459 -0.198788 0.282597 0.081177 -0.110817 0.283154 0.046296 -0.048804 0.271746 -0.035402 -0.251753 0.181684 -0.067177 -0.377363 0.328393 -0.095549 -0.472682 0.447541 0.093275 -0.427160 0.414577 0.036184 -0.498098 0.516999 -0.079199 -0.509044 0.529657 0.052878 -0.331737 0.464075 -0.096792 -0.373712 0.508365 -0.232934 -0.376768 0.498608 0.066943 -0.206033 0.471422 -0.069805 -0.255490 0.514374 -0.197111 -0.259789 0.469177 0.020727 -0.131922 0.423482 -0.073685 -0.189551 0.470986 -0.177783 -0.205246 0.424939 
0.000000 0.000000 0.000000 0.014899 -0.051048 -0.052877 0.187995 -0.310547 0.243945 0.130327 -0.199355 0.281798 0.082366 -0.111210 0.282656 0.047646 -0.049068 0.271465 -0.035588 -0.249249 0.183795 -0.067180 -0.373270 0.331889 -0.095454 -0.468533 0.451105 0.091777 -0.425766 0.413906 0.033626 -0.495401 0.516626 -0.081820 -0.505549 0.529368 0.062455 -0.331468 0.467307 -0.089302 -0.369011 0.508356 -0.225535 -0.371338 0.499730 0.068937 -0.207548 0.470412 -0.067591 -0.256854 0.514229 -0.195086 -0.260178 0.469485 0.022508 -0.131331 0.423738 -0.071693 -0.188448 0.472268 -0.176003 -0.203883 0.426616 
0.000000 0.000000 0.000000 0.013698 -0.051945 -0.052325 0.178368 -0.313249 0.247690 0.123637 -0.200152 0.284237 0.078124 -0.110715 0.284051 0.045177 -0.047750 0.272121 -0.041638 -0.245523 0.187073 -0.076264 -0.366652 0.336874 -0.107568 -0.460504 0.456451 0.081823 -0.426656 0.418682 0.023475 -0.495196 0.522025 -0.092225 -0.502078 0.534645 0.051459 -0.328359 0.470858 -0.100156 -0.363130 0.514773 -0.236384 -0.361781 0.505860 0.063737 -0.206844 0.471844 -0.071640 -0.255198 0.520070 -0.199284 -0.256006 0.475637 0.007010 -0.127776 0.422871 -0.082229 -0.183095 0.481757 -0.186678 -0.196229 0.435702 
0.000000 0.000000 0.000000 0.013513 -0.052313 -0.052006 0.169234 -0.315733 0.250924 0.116011 -0.201588 0.286428 0.072104 -0.111359 0.285388 0.040454 -0.047849 0.272846 -0.049087 -0.241189 0.189352 -0.088258 -0.359375 0.340378 -0.122661 -0.451176 0.460694 0.065800 -0.423601 0.421471 0.003288 -0.488793 0.524544 -0.112620 -0.492254 0.536654 0.033449 -0.326194 0.471175 -0.118730 -0.357384 0.515822 -0.254793 -0.351912 0.506012 0.052714 -0.205741 0.473616 -0.084569 -0.249652 0.520689 -0.212188 -0.247625 0.476220 0.001878 -0.125789 0.424581 -0.091804 -0.177464 0.479760 -0.196556 -0.187921 0.433708 
0.000000 0.000000 0.000000 0.011209 -0.053360 -0.051488 0.161070 -0.318245 0.253114 0.112090 -0.201950 0.287732 0.071238 -0.110306 0.286014 0.041618 -0.045918 0.273003 -0.053466 -0.239186 0.191683 -0.093935 -0.355464 0.343843 -0.130464 -0.446114 0.464405 0.067982 -0.421426 0.432302 -0.003609 -0.478959 0.534021 -0.119506 -0.480174 0.546649 0.031260 -0.322479 0.475917 -0.121291 -0.349773 0.521825 -0.257226 -0.341428 0.512266 0.056240 -0.200317 0.476767 -0.081736 -0.240161 0.525409 -0.209719 -0.236281 0.482127 -0.000767 -0.121328 0.425000 -0.093556 -0.170821 0.483583 -0.198568 -0.179564 0.437766 
0.000000 0.000000 0.000000 0.010720 -0.053432 -0.051517 0.163070 -0.318040 0.252089 0.114474 -0.201668 0.286990 0.073671 -0.109999 0.285515 0.043983 -0.045606 0.272684 -0.052377 -0.239683 0.191742 -0.091859 -0.356227 0.343959 -0.127450 -0.446923 0.464766 0.059636 -0.420821 0.425748 -0.002877 -0.482938 0.530704 -0.118717 -0.484032 0.543857 0.031371 -0.321728 0.474483 -0.120280 -0.350055 0.522693 -0.256281 -0.341790 0.514047 0.055854 -0.198268 0.476839 -0.081835 -0.237288 0.526937 -0.210089 -0.233496 0.484455 0.002805 -0.121600 0.424722 -0.089187 -0.171381 0.484310 -0.194617 -0.179947 0.439429 
0.000000 0.000000 0.000000 0.010247 -0.053934 -0.051088 0.171608 -0.313225 0.252451 0.122474 -0.196960 0.286957 0.080659 -0.105752 0.285231 0.050019 -0.041838 0.272248 -0.043894 -0.241320 0.193455 -0.077772 -0.358574 0.346475 -0.109809 -0.449718 0.467938 0.075348 -0.420346 0.427605 0.017170 -0.485088 0.533464 -0.098454 -0.488699 0.547991 0.049669 -0.322801 0.474940 -0.101986 -0.353350 0.521759 -0.238229 -0.347902 0.514855 0.068159 -0.196216 0.475950 -0.067409 -0.239616 0.528185 -0.196152 -0.238628 0.487047 0.004388 -0.124672 0.419362 -0.075249 -0.181438 0.489552 -0.180941 -0.192345 0.445809 
0.000000 0.000000 0.000000 0.011639 -0.053383 -0.051368 0.180853 -0.309499 0.250585 0.128564 -0.194819 0.285752 0.084211 -0.104810 0.284552 0.051767 -0.041717 0.271939 -0.040013 -0.242159 0.192644 -0.072333 -0.360282 0.345331 -0.102114 -0.452088 0.466870 0.086064 -0.418222 0.425555 0.028777 -0.483931 0.531303 -0.086701 -0.489181 0.546483 0.056480 -0.320348 0.474222 -0.092994 -0.355007 0.525023 -0.229353 -0.351896 0.519034 0.077608 -0.197378 0.474555 -0.057003 -0.243445 0.526979 -0.186077 -0.244079 0.486882 0.017559 -0.121693 0.423663 -0.068197 -0.177123 0.487417 -0.174047 -0.189846 0.444557 
0.000000 0.000000 0.000000 0.010317 -0.053923 -0.051086 0.177120 -0.310999 0.251393 0.127134 -0.195173 0.286150 0.084382 -0.104397 0.284653 0.052976 -0.040821 0.271843 -0.042454 -0.240434 0.194424 -0.075475 -0.357141 0.348048 -0.105859 -0.447769 0.470319 0.083947 -0.419564 0.427327 0.027636 -0.485178 0.533656 -0.087764 -0.488701 0.549888 0.056703 -0.322451 0.474070 -0.092044 -0.356701 0.527228 -0.228391 -0.351583 0.522446 0.076213 -0.196003 0.475061 -0.059147 -0.239853 0.527459 -0.188396 -0.239172 0.487932 0.018968 -0.124279 0.421724 -0.065572 -0.181035 0.485935 -0.171944 -0.192474 0.444015 
0.000000 0.000000 0.000000 0.009486 -0.053907 -0.051263 0.167142 -0.316439 0.251437 0.119656 -0.199603 0.286319 0.079135 -0.107808 0.284888 0.049403 -0.043425 0.272112 -0.051561 -0.237519 0.194513 -0.089761 -0.352412 0.348304 -0.123599 -0.441589 0.470735 0.067396 -0.415900 0.429140 0.007113 -0.476011 0.536539 -0.108368 -0.475561 0.552574 0.040980 -0.316002 0.477984 -0.110716 -0.340361 0.528181 -0.246785 -0.330610 0.522764 0.059057 -0.195966 0.476039 -0.075103 -0.235815 0.534382 -0.204287 -0.231093 0.494920 0.012311 -0.115101 0.427266 -0.078697 -0.162018 0.490572 -0.185451 -0.169914 0.448805 
0.000000 0.000000 0.000000 0.008166 -0.053970 -0.051424 0.161176 -0.320553 0.250117 0.116308 -0.202818 0.285437 0.077751 -0.110176 0.284363 0.049358 -0.045142 0.271840 -0.055620 -0.233613 0.196581 -0.095532 -0.346021 0.351766 -0.131268 -0.434541 0.474135 0.060011 -0.416106 0.429157 -0.001131 -0.473856 0.537364 -0.116476 -0.470411 0.553999 0.036118 -0.314966 0.479001 -0.116540 -0.333790 0.528659 -0.252342 -0.320613 0.523825 0.060559 -0.196286 0.476725 -0.075408 -0.231236 0.534017 -0.205016 -0.223850 0.496397 0.016449 -0.116099 0.428264 -0.077673 -0.160300 0.488915 -0.185087 -0.165729 0.448467 
0.000000 0.000000 0.000000 0.005698 -0.054541 -0.051154 0.160373 -0.322035 0.248726 0.118979 -0.203067 0.284157 0.082433 -0.109612 0.283260 0.055158 -0.044070 0.270900 -0.053891 -0.235337 0.197056 -0.091178 -0.348468 0.352370 -0.126078 -0.437746 0.474428 0.062960 -0.418648 0.429271 0.004086 -0.477038 0.538388 -0.111189 -0.474431 0.555649 0.041040 -0.317655 0.477210 -0.111124 -0.337973 0.527785 -0.247012 -0.325432 0.523717 0.065509 -0.198296 0.474473 -0.070363 -0.234415 0.531263 -0.200246 -0.227334 0.494544 0.017107 -0.116998 0.425236 -0.073894 -0.163087 0.489159 -0.181506 -0.169055 0.449320 
0.000000 0.000000 0.000000 0.011191 -0.053204 -0.051652 0.187802 -0.308337 0.246879 0.135167 -0.194158 0.283142 0.090042 -0.104526 0.282866 0.056851 -0.041691 0.270926 -0.035484 -0.239481 0.195266 -0.064690 -0.356042 0.349771 -0.092097 -0.446789 0.472655 0.091701 -0.410855 0.424853 0.033621 -0.472815 0.532416 -0.081444 -0.476123 0.550915 0.065418 -0.315667 0.475093 -0.081375 -0.348818 0.534061 -0.217782 -0.343318 0.532583 0.087237 -0.194290 0.474303 -0.045811 -0.237449 0.532837 -0.176356 -0.236612 0.497831 0.026522 -0.116628 0.426009 -0.059851 -0.167951 0.492319 -0.167452 -0.179541 0.453710 
0.000000 0.000000 0.000000 0.010858 -0.053623 -0.051288 0.190789 -0.305724 0.247835 0.138199 -0.191363 0.283582 0.092849 -0.101846 0.282936 0.059395 -0.039197 0.270753 -0.032960 -0.240116 0.195990 -0.060379 -0.356811 0.350721 -0.086333 -0.447290 0.474118 0.102489 -0.415877 0.425288 0.049122 -0.482451 0.532536 -0.065850 -0.487120 0.551320 0.068925 -0.317120 0.472951 -0.076374 -0.355216 0.532631 -0.212851 -0.352168 0.530613 0.087710 -0.194830 0.472781 -0.041313 -0.243935 0.535491 -0.171677 -0.245444 0.499840 0.030636 -0.119746 0.423301 -0.048217 -0.176580 0.494317 -0.155604 -0.190068 0.455725 
0.000000 0.000000 0.000000 0.010244 -0.053836 -0.051193 0.183698 -0.308923 0.249222 0.132909 -0.193628 0.284571 0.089158 -0.103321 0.283587 0.056902 -0.040096 0.271156 -0.038108 -0.239348 0.195979 -0.068363 -0.355429 0.350642 -0.096948 -0.445237 0.473948 0.093727 -0.414852 0.428399 0.039351 -0.478873 0.536689 -0.075752 -0.481786 0.555019 0.064495 -0.317533 0.475468 -0.082725 -0.351384 0.532957 -0.219128 -0.346099 0.530599 0.085816 -0.195429 0.473899 -0.044746 -0.242347 0.535079 -0.175041 -0.242456 0.499143 0.029305 -0.119974 0.424271 -0.052705 -0.175324 0.492842 -0.160195 -0.187254 0.454025 
0.000000 0.000000 0.000000 0.005273 -0.054526 -0.051216 0.162537 -0.322075 0.247264 0.121424 -0.203125 0.283079 0.084855 -0.109676 0.282519 0.057465 -0.044135 0.270409 -0.050981 -0.237794 0.195957 -0.086181 -0.352471 0.350623 -0.119455 -0.441698 0.473171 0.066256 -0.419556 0.427951 0.008067 -0.478471 0.537153 -0.107105 -0.475640 0.555061 0.049118 -0.322098 0.475671 -0.102526 -0.343796 0.527224 -0.238489 -0.331682 0.524622 0.073454 -0.200772 0.473006 -0.061226 -0.238939 0.531276 -0.191576 -0.232529 0.496124 0.016652 -0.118142 0.423522 -0.072802 -0.165183 0.488916 -0.180745 -0.171759 0.450081 
0.000000 0.000000 0.000000 0.004741 -0.054600 -0.051188 0.158575 -0.323772 0.247621 0.118736 -0.204357 0.283332 0.083211 -0.110507 0.282684 0.056569 -0.044671 0.270510 -0.052884 -0.237770 0.195742 -0.088942 -0.352386 0.350255 -0.123302 -0.441363 0.472686 0.062121 -0.422362 0.427612 0.003826 -0.481947 0.536393 -0.111310 -0.478225 0.554364 0.045160 -0.324041 0.475000 -0.107085 -0.343939 0.525501 -0.242893 -0.330232 0.522746 0.064708 -0.201077 0.472864 -0.067961 -0.239359 0.535507 -0.198272 -0.231604 0.500478 0.013963 -0.119130 0.422913 -0.072576 -0.166438 0.491936 -0.180738 -0.171687 0.453508 
0.000000 0.000000 0.000000 0.008173 -0.054202 -0.051179 0.175317 -0.314350 0.248472 0.128491 -0.197438 0.283982 0.087658 -0.105773 0.283151 0.057368 -0.041561 0.270837 -0.042584 -0.239647 0.195560 -0.074345 -0.355686 0.349954 -0.105217 -0.445839 0.472454 0.080249 -0.418410 0.426106 0.022793 -0.481301 0.533463 -0.092386 -0.481836 0.551534 0.062454 -0.318789 0.477340 -0.089298 -0.343124 0.527377 -0.225536 -0.334538 0.525155 0.079763 -0.196025 0.474216 -0.053450 -0.237597 0.533519 -0.184017 -0.234835 0.498695 0.015757 -0.120504 0.421246 -0.062645 -0.173873 0.495381 -0.170474 -0.183217 0.456796 
0.000000 0.000000 0.000000 0.010102 -0.054109 -0.050932 0.192136 -0.304362 0.248471 0.140388 -0.189478 0.283772 0.095397 -0.099783 0.282823 0.062073 -0.037103 0.270447 -0.026955 -0.240862 0.197254 -0.050143 -0.357721 0.352553 -0.074722 -0.448379 0.476099 0.103615 -0.411897 0.427414 0.050116 -0.476889 0.535562 -0.064797 -0.482516 0.554443 0.078866 -0.317596 0.474233 -0.067658 -0.354497 0.531624 -0.204154 -0.351889 0.530456 0.093352 -0.191200 0.473486 -0.036949 -0.239377 0.534244 -0.167579 -0.242035 0.499651 0.023758 -0.120588 0.419271 -0.048318 -0.179368 0.495698 -0.155746 -0.193521 0.457462 
0.000000 0.000000 0.000000 0.010281 -0.053652 -0.051378 0.196719 -0.304217 0.245039 0.144105 -0.190089 0.281491 0.098248 -0.100829 0.281473 0.064239 -0.038389 0.269761 -0.026149 -0.241234 0.196275 -0.048944 -0.358611 0.351241 -0.072039 -0.449560 0.474860 0.112099 -0.412824 0.425217 0.060958 -0.478463 0.534112 -0.053764 -0.485251 0.553762 0.084528 -0.320178 0.471232 -0.061350 -0.358976 0.529015 -0.197871 -0.357887 0.528707 0.099632 -0.196911 0.469834 -0.029917 -0.248288 0.529570 -0.160603 -0.251763 0.495261 0.044439 -0.121694 0.422255 -0.036012 -0.181156 0.489211 -0.143542 -0.196532 0.451741 
0.000000 0.000000 0.000000 0.008961 -0.053964 -0.051298 0.187821 -0.309149 0.245847 0.138211 -0.193605 0.282050 0.094777 -0.103141 0.281825 0.062494 -0.039820 0.269963 -0.029917 -0.242312 0.195399 -0.054244 -0.360169 0.349766 -0.079571 -0.450822 0.473166 0.103046 -0.417927 0.425848 0.051810 -0.483670 0.534636 -0.063075 -0.487424 0.554146 0.081259 -0.323084 0.473011 -0.065112 -0.359124 0.531331 -0.201582 -0.355231 0.531059 0.100311 -0.197309 0.471075 -0.029599 -0.245988 0.532266 -0.160407 -0.247039 0.498264 0.030481 -0.120715 0.421678 -0.044790 -0.177553 0.496478 -0.152556 -0.190412 0.458737 
0.000000 0.000000 0.000000 0.006634 -0.054727 -0.050841 0.172125 -0.315654 0.249050 0.127833 -0.197633 0.284143 0.088687 -0.105239 0.283029 0.059454 -0.040573 0.270537 -0.041274 -0.239432 0.197021 -0.071251 -0.355008 0.352116 -0.101549 -0.444441 0.475286 0.084515 -0.420528 0.430009 0.031566 -0.483910 0.539376 -0.083539 -0.484219 0.557923 0.067046 -0.319421 0.478942 -0.084803 -0.343688 0.528718 -0.221065 -0.335468 0.526580 0.089332 -0.197050 0.473513 -0.042776 -0.240228 0.534127 -0.173410 -0.237343 0.499568 0.026836 -0.120115 0.422837 -0.053784 -0.173914 0.494234 -0.161722 -0.183274 0.455960 
0.000000 0.000000 0.000000 0.006743 -0.054640 -0.050921 0.165646 -0.318130 0.250290 0.122098 -0.199769 0.285169 0.083907 -0.106979 0.283833 0.055497 -0.041982 0.271162 -0.047030 -0.235038 0.198902 -0.080677 -0.347920 0.355224 -0.113589 -0.435924 0.478751 0.080388 -0.419474 0.434357 0.017364 -0.476953 0.541624 -0.097745 -0.474430 0.559973 0.054547 -0.319152 0.479229 -0.097230 -0.340751 0.530433 -0.233224 -0.329004 0.527787 0.075021 -0.192899 0.476843 -0.060677 -0.228595 0.534312 -0.191234 -0.223254 0.499752 0.025305 -0.116033 0.426697 -0.063216 -0.163969 0.492707 -0.171384 -0.171019 0.454587 
0.000000 0.000000 0.000000 0.005054 -0.055058 -0.050665 0.162005 -0.319984 0.250310 0.121264 -0.200564 0.284968 0.084948 -0.107026 0.283506 0.057718 -0.041538 0.270766 -0.048768 -0.235350 0.199224 -0.082446 -0.348165 0.355587 -0.115691 -0.436140 0.479046 0.068338 -0.419056 0.431504 0.011729 -0.478933 0.541013 -0.103364 -0.475545 0.559329 0.055256 -0.317666 0.480938 -0.097032 -0.336668 0.531653 -0.232942 -0.323906 0.529413 0.074068 -0.194563 0.475684 -0.059407 -0.231751 0.537267 -0.190015 -0.225486 0.503058 0.029652 -0.117313 0.425869 -0.058472 -0.165957 0.491893 -0.166897 -0.172429 0.454405 
0.000000 0.000000 0.000000 0.006490 -0.054572 -0.051026 0.168081 -0.318055 0.248757 0.124542 -0.199821 0.284074 0.086153 -0.107108 0.283111 0.057520 -0.042155 0.270713 -0.046765 -0.236601 0.197722 -0.080088 -0.350503 0.353373 -0.112170 -0.439152 0.476657 0.073372 -0.416497 0.429753 0.016133 -0.475992 0.539142 -0.098928 -0.473343 0.557777 0.055860 -0.317088 0.479025 -0.095881 -0.337212 0.530930 -0.231837 -0.324858 0.529268 0.075854 -0.195568 0.474898 -0.056807 -0.234089 0.537413 -0.187589 -0.228497 0.503753 0.029886 -0.117103 0.426294 -0.059095 -0.165183 0.491577 -0.167596 -0.172000 0.454372 
0.000000 0.000000 0.000000 0.008403 -0.053460 -0.051917 0.177816 -0.316537 0.243877 0.130334 -0.200408 0.281046 0.088926 -0.109000 0.281527 0.058208 -0.044820 0.270137 -0.040997 -0.239792 0.194429 -0.071908 -0.356387 0.348575 -0.101542 -0.447641 0.470565 0.084993 -0.420094 0.422986 0.028893 -0.482682 0.531234 -0.086114 -0.482679 0.550376 0.063519 -0.323108 0.473283 -0.086350 -0.349147 0.527924 -0.222540 -0.339586 0.527372 0.081674 -0.197475 0.473447 -0.049796 -0.238470 0.536897 -0.180894 -0.235419 0.504157 0.031587 -0.124708 0.423420 -0.051534 -0.177760 0.492468 -0.160112 -0.186246 0.455836 
0.000000 0.000000 0.000000 0.007586 -0.053584 -0.051914 0.179946 -0.316597 0.242231 0.133284 -0.200255 0.279769 0.092157 -0.108722 0.280594 0.061489 -0.044472 0.269467 -0.037645 -0.241852 0.193760 -0.065948 -0.359657 0.347487 -0.094321 -0.451528 0.469313 0.092555 -0.424474 0.421522 0.039739 -0.489673 0.529881 -0.075144 -0.491060 0.549711 0.069945 -0.325905 0.471276 -0.079191 -0.354444 0.526670 -0.215477 -0.346355 0.526734 0.087643 -0.203781 0.469425 -0.042378 -0.249327 0.532757 -0.173614 -0.247126 0.500503 0.035432 -0.127321 0.421267 -0.047308 -0.182543 0.489060 -0.155868 -0.192083 0.452633 
0.000000 0.000000 0.000000 0.007871 -0.053256 -0.052209 0.182656 -0.316569 0.240231 0.135234 -0.200761 0.278467 0.093457 -0.109531 0.279848 0.062309 -0.045445 0.269116 -0.035762 -0.243791 0.192002 -0.063064 -0.363016 0.344813 -0.090740 -0.455931 0.466005 0.093860 -0.425797 0.418008 0.040194 -0.491812 0.525451 -0.074706 -0.493816 0.545128 0.068018 -0.328491 0.467257 -0.078672 -0.361676 0.526462 -0.214999 -0.354298 0.526576 0.089318 -0.206441 0.467745 -0.039680 -0.253677 0.531925 -0.170996 -0.251826 0.499979 0.033177 -0.128926 0.420008 -0.046360 -0.185225 0.490687 -0.154884 -0.195239 0.454280 
0.000000 0.000000 0.000000 0.007691 -0.052970 -0.052525 0.183640 -0.317809 0.237832 0.136329 -0.202224 0.276870 0.094531 -0.111015 0.278901 0.063325 -0.046881 0.268632 -0.035071 -0.244971 0.190690 -0.061829 -0.365112 0.342878 -0.088972 -0.458882 0.463531 0.095544 -0.427078 0.415933 0.042302 -0.493117 0.523572 -0.072547 -0.495232 0.543528 0.070004 -0.331104 0.465193 -0.075322 -0.365878 0.526801 -0.211636 -0.358330 0.527649 0.086053 -0.209745 0.465701 -0.039498 -0.259571 0.534586 -0.170931 -0.257511 0.503136 0.034417 -0.128683 0.420484 -0.045535 -0.183940 0.491516 -0.154151 -0.194028 0.455404 
0.000000 0.000000 0.000000 0.008339 -0.051952 -0.053436 0.185607 -0.320401 0.232774 0.137145 -0.205952 0.273701 0.094538 -0.115163 0.277212 0.062804 -0.051131 0.267978 -0.033127 -0.246124 0.188275 -0.059074 -0.367624 0.339521 -0.085628 -0.463626 0.458539 0.098754 -0.431906 0.410096 0.046262 -0.499298 0.517265 -0.068334 -0.500876 0.538674 0.075204 -0.337939 0.461364 -0.070997 -0.370746 0.521974 -0.207229 -0.362292 0.524922 0.092996 -0.212808 0.464766 -0.034615 -0.260054 0.531654 -0.166394 -0.257385 0.501736 0.036469 -0.133014 0.420254 -0.044056 -0.187879 0.490942 -0.152943 -0.197170 0.455437 
0.000000 0.000000 0.000000 0.006639 -0.051977 -0.053649 0.186497 -0.322868 0.228617 0.140230 -0.207909 0.270641 0.098779 -0.116629 0.275112 0.067623 -0.052215 0.266593 -0.031734 -0.246791 0.188055 -0.055746 -0.368694 0.339298 -0.081297 -0.465776 0.457658 0.103144 -0.437889 0.405373 0.052768 -0.507404 0.512199 -0.061594 -0.509135 0.534814 0.089226 -0.341159 0.460687 -0.057604 -0.371590 0.521016 -0.193760 -0.363024 0.526260 0.102540 -0.218299 0.460484 -0.023592 -0.267511 0.528746 -0.155882 -0.264566 0.501201 0.045396 -0.135352 0.418845 -0.035291 -0.190847 0.488853 -0.144543 -0.200074 0.454474 
0.000000 0.000000 0.000000 0.006616 -0.051677 -0.053941 0.190576 -0.322543 0.225693 0.143784 -0.208125 0.268603 0.101699 -0.117174 0.273813 0.070008 -0.052953 0.265831 -0.026741 -0.250675 0.185084 -0.047613 -0.375195 0.334651 -0.071563 -0.474899 0.451152 0.112233 -0.443577 0.400717 0.064885 -0.516726 0.506497 -0.049113 -0.518673 0.530865 0.097010 -0.350371 0.453137 -0.044455 -0.389916 0.520578 -0.180563 -0.382016 0.527757 0.106247 -0.224111 0.456180 -0.015243 -0.278612 0.528711 -0.147904 -0.276320 0.502945 0.046989 -0.142291 0.414408 -0.028263 -0.202445 0.486587 -0.137747 -0.212315 0.453136 
0.000000 0.000000 0.000000 0.007100 -0.051141 -0.054388 0.197160 -0.321186 0.221940 0.148815 -0.207874 0.266045 0.105311 -0.117655 0.272237 0.072545 -0.053892 0.264961 -0.022566 -0.249031 0.186040 -0.041129 -0.372858 0.336485 -0.063543 -0.472926 0.452978 0.117566 -0.441507 0.396891 0.069461 -0.514225 0.502627 -0.044160 -0.515382 0.528743 0.095719 -0.350031 0.448929 -0.040125 -0.395190 0.523973 -0.176099 -0.386540 0.532673 0.111856 -0.226487 0.453418 -0.007133 -0.283060 0.528464 -0.140078 -0.280954 0.504191 0.049341 -0.145203 0.412304 -0.019797 -0.207547 0.488623 -0.129586 -0.217778 0.456298 
0.000000 0.000000 0.000000 0.004884 -0.051554 -0.054242 0.190725 -0.325842 0.220774 0.146281 -0.210989 0.264996 0.105497 -0.119520 0.271352 0.074497 -0.054863 0.264218 -0.027461 -0.245872 0.188741 -0.047700 -0.367463 0.340784 -0.072010 -0.466648 0.457652 0.107190 -0.443040 0.396007 0.056704 -0.513871 0.501913 -0.056500 -0.510670 0.529623 0.097687 -0.349370 0.451982 -0.041255 -0.385396 0.526292 -0.176723 -0.372708 0.537544 0.106917 -0.222478 0.456044 -0.013354 -0.272589 0.533599 -0.146474 -0.267435 0.510783 0.051009 -0.144215 0.412713 -0.018934 -0.203966 0.490360 -0.129463 -0.211715 0.459921 
0.000000 0.000000 0.000000 0.003216 -0.052472 -0.053481 0.175559 -0.330147 0.226876 0.135470 -0.212972 0.269125 0.098388 -0.119843 0.273868 0.070101 -0.054090 0.265577 -0.037053 -0.241493 0.192478 -0.062251 -0.359770 0.346383 -0.091816 -0.455778 0.464685 0.088074 -0.438535 0.405813 0.035200 -0.504041 0.513958 -0.077839 -0.496006 0.541359 0.090626 -0.346198 0.460734 -0.054823 -0.368327 0.527664 -0.189797 -0.350617 0.538045 0.107021 -0.218514 0.460692 -0.019955 -0.259259 0.532856 -0.152839 -0.249858 0.510015 0.052853 -0.134690 0.419825 -0.027287 -0.185885 0.493636 -0.138082 -0.190185 0.463486 
0.000000 0.000000 0.000000 -0.001601 -0.053985 -0.052028 0.156987 -0.335452 0.232631 0.126077 -0.214660 0.272329 0.095685 -0.119064 0.275163 0.071874 -0.051732 0.265573 -0.043407 -0.240568 0.195530 -0.069566 -0.357320 0.350436 -0.102714 -0.451164 0.469522 0.091813 -0.450012 0.417154 0.023446 -0.506545 0.521614 -0.089504 -0.495876 0.548481 0.080306 -0.346016 0.465007 -0.067218 -0.362326 0.529002 -0.201761 -0.340753 0.537491 0.100742 -0.218869 0.461515 -0.027022 -0.256900 0.533770 -0.159625 -0.244024 0.510993 0.036392 -0.137093 0.414034 -0.035500 -0.191147 0.494041 -0.146307 -0.191683 0.463636 
0.000000 0.000000 0.000000 0.001035 -0.053410 -0.052633 0.162909 -0.333122 0.231906 0.127553 -0.213796 0.272321 0.094176 -0.119216 0.275617 0.068481 -0.052541 0.266310 -0.045169 -0.236309 0.196885 -0.074080 -0.350755 0.353018 -0.107182 -0.443812 0.472732 0.075236 -0.434565 0.414781 0.022249 -0.495874 0.525305 -0.090602 -0.485271 0.552609 0.071555 -0.337821 0.467145 -0.073663 -0.355179 0.535958 -0.208070 -0.332790 0.544493 0.095635 -0.213534 0.464867 -0.031458 -0.248290 0.539901 -0.164151 -0.234682 0.518094 0.042869 -0.127594 0.422186 -0.037533 -0.173186 0.499310 -0.148599 -0.173478 0.469861 
0.000000 0.000000 0.000000 0.001053 -0.053876 -0.052155 0.172914 -0.327993 0.231974 0.136157 -0.208935 0.271928 0.101163 -0.114932 0.274960 0.074122 -0.048812 0.265508 -0.037691 -0.236996 0.198469 -0.061934 -0.351580 0.355294 -0.091526 -0.445250 0.475448 0.090083 -0.432515 0.415371 0.040023 -0.495685 0.526211 -0.073017 -0.489126 0.553998 0.079345 -0.336348 0.464314 -0.061161 -0.364122 0.539223 -0.196136 -0.345702 0.548262 0.107072 -0.210595 0.463447 -0.017853 -0.250169 0.539726 -0.150969 -0.240291 0.518498 0.039645 -0.128564 0.417288 -0.029008 -0.180565 0.501395 -0.140120 -0.183827 0.472301 
0.000000 0.000000 0.000000 0.004644 -0.053626 -0.052217 0.191939 -0.316947 0.232366 0.147659 -0.200471 0.272297 0.106866 -0.108834 0.275284 0.075803 -0.044511 0.265789 -0.027749 -0.240842 0.196273 -0.048018 -0.357989 0.351762 -0.072744 -0.452525 0.472337 0.111238 -0.424198 0.415136 0.062465 -0.489018 0.525597 -0.050851 -0.487610 0.552998 0.094001 -0.327319 0.465958 -0.044509 -0.362188 0.541614 -0.180317 -0.351025 0.550029 0.114862 -0.206053 0.462895 -0.005095 -0.254703 0.541854 -0.138405 -0.251573 0.519796 0.050387 -0.128224 0.417223 -0.014081 -0.185457 0.501244 -0.124915 -0.194190 0.472216 
0.000000 0.000000 0.000000 0.006830 -0.053125 -0.052488 0.201799 -0.311274 0.231680 0.153193 -0.196673 0.272009 0.109157 -0.106560 0.275275 0.075882 -0.043326 0.265962 -0.021564 -0.240073 0.196692 -0.039331 -0.357053 0.352613 -0.061739 -0.451885 0.473408 0.122704 -0.420605 0.413919 0.074901 -0.486681 0.524060 -0.038441 -0.487117 0.551381 0.100767 -0.323336 0.466128 -0.034524 -0.363042 0.545150 -0.170531 -0.354600 0.553538 0.117150 -0.204336 0.462597 0.000222 -0.256950 0.543531 -0.133000 -0.256441 0.520734 0.042144 -0.131411 0.413234 -0.007035 -0.192825 0.504344 -0.117545 -0.203866 0.474868 
0.000000 0.000000 0.000000 0.005645 -0.053659 -0.052084 0.199372 -0.312102 0.232666 0.152714 -0.196492 0.272409 0.109970 -0.105744 0.275265 0.077505 -0.042131 0.265686 -0.022304 -0.240963 0.196879 -0.039793 -0.358165 0.352664 -0.062388 -0.452836 0.473551 0.121265 -0.423056 0.414349 0.074059 -0.490113 0.524153 -0.039277 -0.490364 0.551503 0.104527 -0.325455 0.466112 -0.032351 -0.364090 0.542900 -0.168342 -0.355639 0.551521 0.122420 -0.203914 0.462138 0.003862 -0.255918 0.541071 -0.129394 -0.255263 0.518479 0.039899 -0.130495 0.411850 -0.007389 -0.191942 0.503933 -0.117880 -0.202998 0.474390 
0.000000 0.000000 0.000000 0.005449 -0.053657 -0.052107 0.186180 -0.317619 0.236105 0.141581 -0.200962 0.275148 0.101090 -0.109169 0.277325 0.070465 -0.044730 0.267217 -0.033727 -0.236205 0.198867 -0.058241 -0.350431 0.355911 -0.085873 -0.443220 0.477210 0.101894 -0.423551 0.418023 0.050954 -0.487573 0.527970 -0.062556 -0.483694 0.554306 0.091114 -0.327632 0.469781 -0.050238 -0.358305 0.541917 -0.185948 -0.345413 0.549382 0.104840 -0.206164 0.465186 -0.014784 -0.254052 0.545108 -0.147755 -0.249055 0.521409 0.052812 -0.122090 0.423070 -0.024002 -0.173786 0.500001 -0.134683 -0.181591 0.470135 
0.000000 0.000000 0.000000 0.001379 -0.054107 -0.051908 0.171303 -0.327006 0.234548 0.134319 -0.207763 0.273734 0.099331 -0.113739 0.276121 0.072370 -0.047655 0.266200 -0.039151 -0.238943 0.197169 -0.064512 -0.354601 0.353025 -0.095196 -0.447863 0.473222 0.087999 -0.432430 0.417213 0.037653 -0.496145 0.527611 -0.075566 -0.489114 0.554541 0.082380 -0.332421 0.469277 -0.063153 -0.354072 0.536180 -0.198387 -0.336810 0.543467 0.102168 -0.210451 0.464144 -0.020125 -0.253261 0.542900 -0.153111 -0.244219 0.520516 0.046954 -0.126402 0.420276 -0.031753 -0.176330 0.496458 -0.142764 -0.180583 0.467107 
0.000000 0.000000 0.000000 -0.000243 -0.053728 -0.052317 0.170437 -0.331155 0.229299 0.135805 -0.211700 0.269958 0.102206 -0.117211 0.273609 0.076032 -0.050679 0.264616 -0.036931 -0.241185 0.195393 -0.059889 -0.358483 0.350393 -0.089767 -0.452836 0.469941 0.087385 -0.436687 0.412016 0.037191 -0.500468 0.522445 -0.075871 -0.493507 0.550043 0.094017 -0.343126 0.463492 -0.051324 -0.365163 0.530686 -0.186379 -0.347417 0.539889 0.111050 -0.216552 0.460067 -0.012690 -0.258724 0.536883 -0.145850 -0.248852 0.515927 0.054087 -0.131967 0.417904 -0.023484 -0.183231 0.494363 -0.134766 -0.186720 0.465950 
0.000000 0.000000 0.000000 0.004931 -0.053076 -0.052750 0.193402 -0.318312 0.229267 0.148530 -0.202461 0.270344 0.107283 -0.111061 0.274230 0.075907 -0.046801 0.265366 -0.025624 -0.243352 0.193639 -0.044743 -0.362415 0.347814 -0.069328 -0.457705 0.467823 0.114936 -0.433245 0.408302 0.067513 -0.502708 0.516506 -0.045769 -0.501887 0.544068 0.104146 -0.339045 0.459683 -0.035492 -0.375754 0.532334 -0.171306 -0.365078 0.541270 0.120238 -0.211200 0.460020 -0.001893 -0.260409 0.535208 -0.135155 -0.257339 0.512853 0.056841 -0.133640 0.415970 -0.013435 -0.192373 0.494091 -0.124176 -0.201429 0.464805 
0.000000 0.000000 0.000000 0.006655 -0.053311 -0.052322 0.201407 -0.310948 0.232459 0.153093 -0.196113 0.272470 0.109252 -0.105895 0.275493 0.076102 -0.042621 0.266013 -0.021714 -0.241572 0.195870 -0.039466 -0.359375 0.351172 -0.062287 -0.454139 0.471943 0.122554 -0.423857 0.412609 0.074898 -0.492097 0.521486 -0.038661 -0.493723 0.547848 0.098586 -0.329097 0.461727 -0.037890 -0.372341 0.536754 -0.174104 -0.365901 0.543357 0.116919 -0.208730 0.460101 0.000498 -0.265253 0.539107 -0.132490 -0.265611 0.514981 0.040960 -0.132452 0.411896 -0.010074 -0.195176 0.501073 -0.120186 -0.207457 0.470613 
0.000000 0.000000 0.000000 0.005536 -0.053565 -0.052192 0.193551 -0.315048 0.233609 0.147831 -0.199031 0.273258 0.106098 -0.107811 0.275982 0.074454 -0.043802 0.266288 -0.024557 -0.240273 0.196969 -0.043387 -0.357102 0.352878 -0.067567 -0.451311 0.473819 0.113643 -0.423391 0.416083 0.065349 -0.488870 0.526365 -0.048245 -0.488643 0.552625 0.099252 -0.328615 0.466448 -0.041412 -0.364513 0.537507 -0.177516 -0.356160 0.544252 0.115292 -0.205957 0.463056 -0.005085 -0.257059 0.539793 -0.138051 -0.255860 0.515570 0.054465 -0.129247 0.417569 -0.013066 -0.188434 0.497742 -0.123417 -0.199352 0.467635 
0.000000 0.000000 0.000000 0.001076 -0.054246 -0.051770 0.173242 -0.326200 0.234245 0.136409 -0.206888 0.273363 0.101344 -0.112893 0.275737 0.074250 -0.046862 0.265823 -0.038514 -0.240871 0.196121 -0.063288 -0.357649 0.351235 -0.093061 -0.451263 0.471389 0.090236 -0.436590 0.414090 0.040069 -0.503307 0.522784 -0.073495 -0.498229 0.548676 0.081350 -0.334440 0.466167 -0.059754 -0.365113 0.538786 -0.195297 -0.350086 0.545237 0.100802 -0.209061 0.464059 -0.021432 -0.253322 0.542101 -0.154159 -0.245679 0.517744 0.041851 -0.129336 0.416603 -0.026939 -0.183917 0.498945 -0.137673 -0.189285 0.468740 
0.000000 0.000000 0.000000 0.001960 -0.053658 -0.052354 0.172422 -0.327845 0.232548 0.134486 -0.209180 0.272570 0.098872 -0.115410 0.275592 0.071522 -0.049422 0.266108 -0.039013 -0.241948 0.194049 -0.064652 -0.359768 0.348232 -0.095179 -0.453876 0.467808 0.087853 -0.435402 0.413378 0.036741 -0.500406 0.522667 -0.076791 -0.494823 0.548599 0.077627 -0.336659 0.464899 -0.064535 -0.365587 0.536157 -0.199967 -0.349480 0.542324 0.095204 -0.211758 0.463787 -0.028502 -0.254402 0.540396 -0.161221 -0.245805 0.516316 0.038067 -0.129117 0.418146 -0.033555 -0.181113 0.499742 -0.144315 -0.185427 0.469465 
0.000000 0.000000 0.000000 0.002969 -0.053735 -0.052227 0.186686 -0.321159 0.230858 0.145416 -0.203691 0.271111 0.106747 -0.111148 0.274404 0.077075 -0.046138 0.265145 -0.028303 -0.243503 0.194463 -0.047871 -0.362248 0.348826 -0.073567 -0.457697 0.468476 0.106672 -0.433931 0.410582 0.058314 -0.502087 0.519201 -0.055279 -0.501377 0.545452 0.090803 -0.333951 0.462224 -0.049325 -0.370054 0.534235 -0.185318 -0.359796 0.540558 0.115556 -0.211033 0.460573 -0.006612 -0.260284 0.535673 -0.139690 -0.257123 0.512256 0.039825 -0.136014 0.410476 -0.018782 -0.197330 0.495898 -0.129336 -0.206073 0.465822 
0.000000 0.000000 0.000000 0.009168 -0.052344 -0.052914 0.209279 -0.306805 0.231005 0.156478 -0.194269 0.271867 0.109469 -0.105683 0.275488 0.074242 -0.043483 0.266399 -0.019690 -0.243718 0.192829 -0.037747 -0.363467 0.346599 -0.058988 -0.459154 0.466931 0.125250 -0.419503 0.408933 0.074465 -0.487614 0.516468 -0.039312 -0.492395 0.541470 0.109615 -0.328243 0.462469 -0.029686 -0.370941 0.532446 -0.166049 -0.367956 0.538398 0.125725 -0.205091 0.461412 0.006090 -0.261111 0.535843 -0.126714 -0.264612 0.510967 0.057933 -0.131575 0.416599 -0.007909 -0.194368 0.495423 -0.117603 -0.208894 0.464451 
0.000000 0.000000 0.000000 0.012613 -0.051903 -0.052640 0.213454 -0.299311 0.236941 0.155418 -0.188826 0.276274 0.105129 -0.102015 0.278545 0.067943 -0.041124 0.268447 -0.014869 -0.245190 0.191759 -0.032066 -0.366137 0.344688 -0.053142 -0.462067 0.464855 0.133069 -0.419000 0.411963 0.084488 -0.491337 0.517742 -0.029499 -0.498745 0.541096 0.101464 -0.327991 0.461197 -0.031654 -0.381902 0.535344 -0.168145 -0.381933 0.538436 0.114751 -0.201885 0.464682 -0.003932 -0.261057 0.538193 -0.136023 -0.267082 0.510198 0.055740 -0.132032 0.417353 -0.008586 -0.198259 0.494602 -0.117455 -0.214939 0.461857 
0.000000 0.000000 0.000000 0.012445 -0.052613 -0.051970 0.207122 -0.299583 0.242159 0.150167 -0.187939 0.279761 0.101011 -0.100456 0.280627 0.064735 -0.039192 0.269526 -0.017673 -0.244979 0.192845 -0.036520 -0.365350 0.346034 -0.059456 -0.460894 0.466168 0.124339 -0.417323 0.417386 0.074308 -0.488481 0.523289 -0.040004 -0.495947 0.544971 0.098375 -0.324411 0.467291 -0.040824 -0.372515 0.533881 -0.177345 -0.372844 0.534880 0.102291 -0.202144 0.466023 -0.015967 -0.262697 0.539093 -0.147511 -0.268619 0.508611 0.047268 -0.130208 0.417841 -0.017302 -0.196277 0.495023 -0.125620 -0.212991 0.460513 
0.000000 0.000000 0.000000 0.011417 -0.053312 -0.051492 0.200724 -0.301609 0.245014 0.146026 -0.188499 0.281570 0.098668 -0.100025 0.281613 0.063663 -0.038133 0.269933 -0.021064 -0.243828 0.194465 -0.041389 -0.363041 0.348369 -0.066385 -0.457793 0.468719 0.118626 -0.417652 0.421690 0.069008 -0.487785 0.528467 -0.045497 -0.494579 0.549342 0.097783 -0.324635 0.470287 -0.044517 -0.369067 0.532745 -0.181040 -0.368257 0.532556 0.102269 -0.198941 0.468472 -0.019699 -0.256333 0.537903 -0.151079 -0.261660 0.506616 0.041171 -0.126958 0.418899 -0.024706 -0.191114 0.496587 -0.132790 -0.207322 0.461114 
0.000000 0.000000 0.000000 0.013232 -0.052923 -0.051458 0.201071 -0.299235 0.247627 0.143870 -0.187168 0.283561 0.095081 -0.099477 0.283037 0.059291 -0.038119 0.270929 -0.024266 -0.242637 0.194405 -0.047730 -0.361348 0.348250 -0.073637 -0.455761 0.468673 0.116388 -0.414662 0.423484 0.065208 -0.484423 0.529767 -0.049452 -0.491469 0.549681 0.089905 -0.322310 0.471441 -0.052317 -0.367550 0.533497 -0.188834 -0.367093 0.531937 0.096232 -0.198805 0.469709 -0.025229 -0.257058 0.539312 -0.156291 -0.262505 0.506738 0.033573 -0.125603 0.420165 -0.032494 -0.189016 0.498301 -0.140121 -0.205687 0.461672 
0.000000 0.000000 0.000000 0.013242 -0.053061 -0.051313 0.200758 -0.298696 0.248530 0.143587 -0.186510 0.284137 0.094841 -0.098797 0.283356 0.059089 -0.037453 0.271066 -0.021254 -0.243647 0.194315 -0.042840 -0.362904 0.348013 -0.068422 -0.458127 0.467867 0.114478 -0.413764 0.423844 0.062332 -0.483308 0.529800 -0.052468 -0.491729 0.548325 0.089247 -0.320171 0.472966 -0.053861 -0.365561 0.532837 -0.190349 -0.366755 0.529880 0.095926 -0.196613 0.470824 -0.026530 -0.254978 0.538566 -0.157226 -0.261816 0.504806 0.037221 -0.123963 0.421479 -0.032703 -0.187497 0.496080 -0.139853 -0.205233 0.458563 
0.000000 0.000000 0.000000 0.013401 -0.052783 -0.051558 0.202677 -0.298745 0.246908 0.145030 -0.186987 0.283089 0.095858 -0.099509 0.282764 0.059786 -0.038289 0.270796 -0.020332 -0.244888 0.192990 -0.041440 -0.365095 0.346013 -0.066653 -0.461000 0.465400 0.117577 -0.416112 0.421273 0.066144 -0.487044 0.526655 -0.048604 -0.496053 0.545226 0.091908 -0.323300 0.470362 -0.050553 -0.370443 0.530421 -0.187039 -0.372109 0.527558 0.099067 -0.198366 0.469661 -0.024742 -0.256917 0.534731 -0.155435 -0.264243 0.501061 0.036267 -0.128041 0.419045 -0.031979 -0.193434 0.493595 -0.139073 -0.211246 0.455955 
0.000000 0.000000 0.000000 0.014569 -0.052071 -0.051964 0.205639 -0.297923 0.245449 0.146015 -0.187425 0.282292 0.095490 -0.100721 0.282459 0.058549 -0.039956 0.270826 -0.019198 -0.245366 0.191640 -0.040327 -0.366318 0.344072 -0.064904 -0.462688 0.463218 0.121537 -0.416952 0.419170 0.070708 -0.488891 0.524162 -0.043964 -0.498255 0.543021 0.092307 -0.323864 0.469306 -0.049593 -0.371852 0.530018 -0.186075 -0.373925 0.527276 0.096878 -0.200295 0.468998 -0.024428 -0.260501 0.537194 -0.155157 -0.268134 0.503729 0.037116 -0.131614 0.418222 -0.027672 -0.198662 0.494368 -0.134839 -0.216755 0.457070 
0.000000 0.000000 0.000000 0.014751 -0.051851 -0.052133 0.207150 -0.297758 0.244375 0.147078 -0.187633 0.281602 0.096175 -0.101151 0.282073 0.058959 -0.040513 0.270654 -0.019067 -0.245916 0.190851 -0.040228 -0.367350 0.342895 -0.064495 -0.464246 0.461677 0.121510 -0.416384 0.417621 0.069752 -0.488078 0.522325 -0.044911 -0.497952 0.540980 0.093565 -0.323692 0.468948 -0.048246 -0.371959 0.529649 -0.184719 -0.374615 0.526957 0.100459 -0.201181 0.468324 -0.021270 -0.261832 0.535365 -0.152039 -0.270006 0.502189 0.031930 -0.132311 0.417040 -0.029771 -0.199133 0.495901 -0.136803 -0.217605 0.458405 
0.000000 0.000000 0.000000 0.014807 -0.051772 -0.052194 0.208585 -0.297252 0.243770 0.148243 -0.187338 0.281186 0.097068 -0.101018 0.281814 0.059639 -0.040491 0.270508 -0.017635 -0.245216 0.191472 -0.037935 -0.366261 0.343942 -0.061419 -0.463060 0.462961 0.124786 -0.416030 0.417809 0.074140 -0.487816 0.522993 -0.040415 -0.498105 0.542085 0.095861 -0.323963 0.468441 -0.046301 -0.372108 0.528412 -0.182772 -0.375167 0.526021 0.103243 -0.199928 0.468609 -0.018884 -0.260165 0.535296 -0.149725 -0.268826 0.502526 0.035297 -0.131369 0.417936 -0.028075 -0.197936 0.495680 -0.135132 -0.216727 0.458415 
0.000000 0.000000 0.000000 0.015551 -0.051158 -0.052583 0.212755 -0.296099 0.241560 0.150847 -0.187344 0.279794 0.098450 -0.101768 0.281064 0.060165 -0.041694 0.270209 -0.016457 -0.246647 0.189504 -0.036486 -0.368971 0.340985 -0.058951 -0.466253 0.459806 0.127904 -0.417556 0.413224 0.076623 -0.490962 0.516974 -0.037795 -0.501460 0.536757 0.095978 -0.326552 0.464415 -0.043992 -0.377390 0.527251 -0.180481 -0.380322 0.525961 0.103814 -0.204592 0.465759 -0.016617 -0.266914 0.533605 -0.147700 -0.275282 0.501743 0.035053 -0.133606 0.416865 -0.028203 -0.200558 0.494372 -0.135468 -0.219308 0.457686 
0.000000 0.000000 0.000000 0.014152 -0.051711 -0.052436 0.211580 -0.297556 0.240800 0.151717 -0.187683 0.279095 0.100561 -0.101361 0.280463 0.062999 -0.040817 0.269697 -0.014861 -0.246755 0.190386 -0.033016 -0.368800 0.342328 -0.054692 -0.466088 0.461291 0.128221 -0.418243 0.413733 0.077841 -0.491183 0.518249 -0.036501 -0.501553 0.538536 0.101552 -0.326521 0.465327 -0.038445 -0.376368 0.528893 -0.174947 -0.378921 0.528650 0.104838 -0.202977 0.465854 -0.014574 -0.265016 0.535730 -0.145787 -0.273454 0.504426 0.037115 -0.133674 0.415620 -0.024498 -0.201044 0.494083 -0.131959 -0.219664 0.457910 
0.000000 0.000000 0.000000 0.012091 -0.052542 -0.052125 0.205798 -0.301347 0.241096 0.149500 -0.189495 0.279067 0.100823 -0.101748 0.280229 0.064867 -0.040259 0.269337 -0.017579 -0.245715 0.192108 -0.036145 -0.366591 0.344934 -0.058707 -0.462983 0.464459 0.123183 -0.420622 0.415361 0.073252 -0.492708 0.520682 -0.041148 -0.501921 0.541196 0.096701 -0.328007 0.464812 -0.044840 -0.375323 0.526877 -0.181362 -0.376292 0.526649 0.107522 -0.204408 0.464971 -0.013193 -0.265510 0.533420 -0.144574 -0.272724 0.502513 0.038227 -0.133487 0.414888 -0.022697 -0.200677 0.494040 -0.130466 -0.218400 0.458331 
0.000000 0.000000 0.000000 0.012468 -0.052240 -0.052339 0.197077 -0.306043 0.242463 0.141451 -0.193809 0.280298 0.093878 -0.105457 0.281269 0.058931 -0.043418 0.270210 -0.027389 -0.239786 0.194813 -0.052330 -0.357140 0.349465 -0.079243 -0.451802 0.469471 0.109587 -0.419898 0.417970 0.056710 -0.488708 0.524042 -0.057957 -0.492922 0.544706 0.084084 -0.320773 0.472817 -0.059735 -0.358752 0.536050 -0.196192 -0.354430 0.535667 0.098890 -0.200007 0.470342 -0.026533 -0.251461 0.538257 -0.158141 -0.254110 0.507591 0.019227 -0.130711 0.416462 -0.037597 -0.192250 0.502921 -0.145885 -0.205987 0.467030 
0.000000 0.000000 0.000000 0.009189 -0.053403 -0.051842 0.181013 -0.314114 0.244656 0.132024 -0.198536 0.281586 0.089506 -0.107638 0.281867 0.058039 -0.043847 0.270333 -0.037553 -0.239183 0.195438 -0.066801 -0.355433 0.350169 -0.097839 -0.448322 0.470564 0.091107 -0.422642 0.422304 0.036771 -0.488233 0.529670 -0.077954 -0.488027 0.550438 0.075561 -0.326892 0.473448 -0.071695 -0.357513 0.532630 -0.207877 -0.347840 0.532250 0.086755 -0.203440 0.470356 -0.037646 -0.252129 0.542081 -0.169402 -0.249962 0.512021 0.024096 -0.126667 0.420583 -0.047933 -0.183377 0.498603 -0.156835 -0.193378 0.463339 
0.000000 0.000000 0.000000 0.006778 -0.053722 -0.051883 0.175944 -0.318847 0.242220 0.130932 -0.201849 0.279734 0.091062 -0.109761 0.280547 0.061259 -0.045106 0.269414 -0.041455 -0.238233 0.196060 -0.071636 -0.353688 0.351206 -0.103920 -0.446516 0.471321 0.082527 -0.423008 0.420668 0.026068 -0.485959 0.528518 -0.088567 -0.483989 0.549685 0.071358 -0.328016 0.472107 -0.076571 -0.355362 0.531216 -0.212582 -0.343518 0.531421 0.088035 -0.202405 0.470604 -0.038420 -0.246554 0.541672 -0.170506 -0.242762 0.513267 0.032043 -0.128053 0.420584 -0.039105 -0.184274 0.499757 -0.148706 -0.192438 0.466227 
0.000000 0.000000 0.000000 0.010418 -0.052535 -0.052492 0.195329 -0.309752 0.239146 0.142718 -0.196371 0.277862 0.096978 -0.107067 0.279603 0.063098 -0.044341 0.269116 -0.029636 -0.239507 0.195063 -0.054699 -0.356502 0.349967 -0.081812 -0.450787 0.470225 0.104808 -0.418402 0.416406 0.050100 -0.484067 0.523538 -0.064262 -0.485798 0.546153 0.079251 -0.324852 0.467439 -0.062483 -0.362791 0.535235 -0.198768 -0.354875 0.537023 0.093037 -0.200344 0.469334 -0.031379 -0.247847 0.541825 -0.163694 -0.247118 0.514250 0.035442 -0.124697 0.421970 -0.037314 -0.180326 0.500093 -0.146781 -0.191624 0.467039 
0.000000 0.000000 0.000000 0.008633 -0.053830 -0.051494 0.206217 -0.302607 0.239152 0.154557 -0.188492 0.276984 0.108443 -0.099373 0.278229 0.073842 -0.037087 0.267475 -0.018976 -0.240477 0.197999 -0.036251 -0.357268 0.354116 -0.057832 -0.451679 0.475391 0.130620 -0.417465 0.419465 0.084931 -0.486882 0.528442 -0.029006 -0.493040 0.552394 0.102650 -0.319597 0.468273 -0.037935 -0.362296 0.535633 -0.174414 -0.360602 0.538769 0.112466 -0.201517 0.463335 -0.004379 -0.261524 0.539080 -0.136620 -0.266598 0.511612 0.048459 -0.126580 0.415573 -0.014049 -0.190704 0.496023 -0.122981 -0.207540 0.463565 
0.000000 0.000000 0.000000 0.007907 -0.053899 -0.051539 0.204167 -0.304672 0.238287 0.153774 -0.190067 0.276343 0.108538 -0.100501 0.277786 0.074508 -0.037877 0.267180 -0.019176 -0.242252 0.196726 -0.036123 -0.360112 0.352075 -0.057652 -0.454526 0.473357 0.125773 -0.420255 0.416935 0.078393 -0.490111 0.524904 -0.035558 -0.494654 0.549146 0.102029 -0.322262 0.466925 -0.037720 -0.365038 0.535954 -0.174155 -0.362151 0.540024 0.118464 -0.200996 0.463571 0.000662 -0.259694 0.538858 -0.131735 -0.264550 0.512111 0.051030 -0.125529 0.416686 -0.014647 -0.188350 0.495625 -0.123733 -0.204997 0.463591 
0.000000 0.000000 0.000000 0.003513 -0.054488 -0.051406 0.175999 -0.320580 0.239882 0.135443 -0.201988 0.277477 0.098063 -0.108865 0.278529 0.069595 -0.043571 0.267636 -0.035815 -0.240377 0.197079 -0.060423 -0.356694 0.352565 -0.090138 -0.449605 0.473277 0.088484 -0.428459 0.419112 0.035593 -0.493657 0.527434 -0.078607 -0.490566 0.550715 0.079285 -0.330934 0.469033 -0.065377 -0.361615 0.534271 -0.201339 -0.349697 0.537701 0.093496 -0.206933 0.465813 -0.028203 -0.255351 0.542205 -0.160532 -0.250509 0.515118 0.039142 -0.126073 0.418806 -0.033940 -0.181404 0.496837 -0.143966 -0.189792 0.464788 
0.000000 0.000000 0.000000 0.002856 -0.053987 -0.051973 0.162977 -0.328043 0.238991 0.125110 -0.208791 0.277293 0.090322 -0.114675 0.278815 0.063866 -0.048492 0.268218 -0.047124 -0.237982 0.196008 -0.078399 -0.353114 0.351177 -0.113441 -0.445845 0.470592 0.070450 -0.428123 0.420216 0.014528 -0.488609 0.529744 -0.099518 -0.481433 0.552877 0.066244 -0.331768 0.471936 -0.081393 -0.352892 0.534239 -0.216784 -0.335535 0.536933 0.083368 -0.208716 0.468081 -0.044035 -0.247910 0.540353 -0.176229 -0.238271 0.513900 0.034439 -0.128903 0.420712 -0.041395 -0.180609 0.498602 -0.151757 -0.184219 0.466817 
0.000000 0.000000 0.000000 0.002037 -0.053946 -0.052053 0.164091 -0.329029 0.236863 0.127195 -0.209644 0.275696 0.092858 -0.115371 0.277692 0.066590 -0.049058 0.267451 -0.045581 -0.238085 0.196284 -0.075378 -0.353308 0.351677 -0.109444 -0.445936 0.471454 0.074111 -0.429421 0.419195 0.019730 -0.490096 0.529392 -0.094025 -0.482366 0.553749 0.065965 -0.333084 0.469313 -0.080018 -0.355657 0.534919 -0.215284 -0.337587 0.538891 0.088235 -0.209923 0.466775 -0.038828 -0.248776 0.539824 -0.171289 -0.238771 0.514880 0.037138 -0.127508 0.420958 -0.042935 -0.176843 0.496095 -0.153501 -0.180369 0.465014 
0.000000 0.000000 0.000000 0.004185 -0.053637 -0.052245 0.184857 -0.320307 0.233500 0.142168 -0.203165 0.273221 0.102856 -0.110876 0.275995 0.072928 -0.046043 0.266332 -0.030668 -0.242163 0.194918 -0.052477 -0.360131 0.349576 -0.079514 -0.454421 0.469847 0.100601 -0.429061 0.413759 0.049680 -0.494790 0.522703 -0.064015 -0.492922 0.548457 0.088921 -0.335140 0.463541 -0.056689 -0.364543 0.527240 -0.192607 -0.353070 0.533074 0.107850 -0.209796 0.462820 -0.017169 -0.256487 0.534800 -0.150118 -0.252697 0.510756 0.036241 -0.130843 0.414822 -0.029406 -0.188275 0.497787 -0.139844 -0.197141 0.467322 
0.000000 0.000000 0.000000 0.007581 -0.052779 -0.052734 0.200242 -0.312053 0.231983 0.150823 -0.197858 0.272474 0.106460 -0.107907 0.275805 0.073086 -0.044723 0.266513 -0.024037 -0.241979 0.194349 -0.043822 -0.360369 0.348957 -0.067533 -0.455248 0.469466 0.117774 -0.423233 0.411589 0.067933 -0.490428 0.520137 -0.045682 -0.491078 0.546298 0.104420 -0.328712 0.465343 -0.038219 -0.362896 0.533240 -0.174333 -0.355182 0.540499 0.120240 -0.203859 0.463734 -0.000772 -0.254152 0.540006 -0.133861 -0.253895 0.516439 0.048848 -0.132853 0.415617 -0.010680 -0.194597 0.500088 -0.121011 -0.206754 0.470383 
0.000000 0.000000 0.000000 0.007471 -0.052690 -0.052838 0.200103 -0.312711 0.231216 0.150854 -0.198534 0.271964 0.106598 -0.108539 0.275504 0.073287 -0.045299 0.266361 -0.023092 -0.242806 0.193674 -0.042217 -0.361768 0.347926 -0.065789 -0.456890 0.468271 0.118632 -0.424741 0.410749 0.069392 -0.492449 0.519253 -0.044175 -0.492942 0.545621 0.099414 -0.331299 0.462233 -0.039617 -0.370367 0.534816 -0.175718 -0.362476 0.542145 0.121188 -0.207882 0.461600 0.001518 -0.260336 0.538532 -0.131605 -0.259754 0.515165 0.047873 -0.134004 0.414927 -0.007639 -0.196232 0.501745 -0.118059 -0.208141 0.472270 
0.000000 0.000000 0.000000 0.004735 -0.052936 -0.052908 0.187915 -0.321358 0.229580 0.144057 -0.205148 0.270738 0.103836 -0.113293 0.274643 0.073273 -0.048644 0.265774 -0.030654 -0.242731 0.193205 -0.052799 -0.361493 0.347207 -0.079587 -0.456546 0.466932 0.104111 -0.433991 0.407655 0.053461 -0.502063 0.515278 -0.060073 -0.499195 0.541640 0.090885 -0.334373 0.462957 -0.052140 -0.364958 0.531752 -0.187942 -0.352917 0.538984 0.111871 -0.214274 0.460256 -0.010613 -0.262797 0.535316 -0.143661 -0.258168 0.511971 0.041206 -0.136030 0.413834 -0.020100 -0.195471 0.498685 -0.130842 -0.203567 0.469124 
0.000000 0.000000 0.000000 0.002829 -0.053102 -0.052877 0.180443 -0.326337 0.228549 0.140217 -0.208887 0.269894 0.102652 -0.115922 0.273991 0.073871 -0.050438 0.265274 -0.033873 -0.244069 0.192135 -0.056838 -0.363563 0.345448 -0.084548 -0.458931 0.464712 0.097847 -0.437207 0.408288 0.047929 -0.504213 0.516917 -0.065454 -0.499985 0.543743 0.089058 -0.337288 0.463208 -0.056661 -0.362153 0.528570 -0.192229 -0.347918 0.536184 0.104441 -0.218137 0.459092 -0.015249 -0.267234 0.538179 -0.148263 -0.260502 0.515158 0.044884 -0.137226 0.414317 -0.020755 -0.195275 0.496859 -0.131686 -0.201722 0.467601 
0.000000 0.000000 0.000000 0.002939 -0.053166 -0.052808 0.181036 -0.325693 0.228999 0.140577 -0.208267 0.270186 0.102833 -0.115369 0.274156 0.073928 -0.049953 0.265350 -0.033284 -0.244748 0.191794 -0.055950 -0.364629 0.344850 -0.083663 -0.459934 0.464164 0.099968 -0.438657 0.408128 0.050972 -0.506930 0.516388 -0.062397 -0.502679 0.543264 0.087604 -0.339765 0.460912 -0.055393 -0.369381 0.530190 -0.190954 -0.355137 0.537909 0.104910 -0.217476 0.459314 -0.013768 -0.267074 0.539605 -0.146848 -0.260479 0.516930 0.037172 -0.138592 0.411563 -0.017979 -0.198882 0.499964 -0.128960 -0.205319 0.470895 
0.000000 0.000000 0.000000 0.004418 -0.052909 -0.052963 0.190418 -0.321045 0.227950 0.146653 -0.204940 0.269499 0.106276 -0.113169 0.273760 0.075509 -0.048579 0.265159 -0.028094 -0.245356 0.191482 -0.048438 -0.365778 0.344439 -0.073969 -0.461894 0.463589 0.108301 -0.437567 0.404301 0.058671 -0.507989 0.510883 -0.054899 -0.506922 0.537226 0.099525 -0.339493 0.459627 -0.044292 -0.371038 0.526307 -0.180155 -0.360136 0.534159 0.112192 -0.212859 0.460148 -0.010507 -0.261546 0.534750 -0.143603 -0.258375 0.511436 0.047695 -0.133938 0.415248 -0.018715 -0.192014 0.497151 -0.129389 -0.201321 0.467693 
0.000000 0.000000 0.000000 0.006287 -0.052592 -0.053089 0.197055 -0.316578 0.228556 0.149834 -0.201831 0.270095 0.106968 -0.111194 0.274299 0.074548 -0.047425 0.265640 -0.025803 -0.245807 0.190806 -0.045883 -0.366708 0.343419 -0.069961 -0.462878 0.462828 0.114259 -0.431054 0.405926 0.064220 -0.500241 0.513124 -0.049356 -0.500719 0.539456 0.100597 -0.337106 0.459174 -0.039955 -0.374139 0.529874 -0.175940 -0.364948 0.537792 0.114545 -0.215252 0.458223 -0.005608 -0.268695 0.533708 -0.138734 -0.267027 0.510411 0.054786 -0.132274 0.417285 -0.015772 -0.190530 0.495510 -0.126317 -0.201557 0.466161 
0.000000 0.000000 0.000000 0.007432 -0.052091 -0.053434 0.198554 -0.316034 0.228011 0.149566 -0.202187 0.269977 0.105586 -0.112098 0.274466 0.072497 -0.048650 0.265986 -0.025866 -0.244652 0.190815 -0.046702 -0.365144 0.343650 -0.071008 -0.461342 0.462990 0.113728 -0.430323 0.404541 0.062462 -0.499396 0.511231 -0.051195 -0.499780 0.537216 0.100405 -0.337867 0.458786 -0.040025 -0.375172 0.529585 -0.176010 -0.365893 0.537410 0.112713 -0.215980 0.458508 -0.006432 -0.269846 0.535278 -0.139532 -0.268020 0.511842 0.056930 -0.134989 0.417279 -0.013390 -0.194405 0.494842 -0.123947 -0.205255 0.465473 
0.000000 0.000000 0.000000 0.005955 -0.052621 -0.053099 0.185721 -0.321545 0.231100 0.140494 -0.205807 0.272107 0.099690 -0.114201 0.275801 0.068919 -0.049676 0.266746 -0.034540 -0.240787 0.193477 -0.059880 -0.358528 0.347769 -0.087941 -0.452701 0.467898 0.098112 -0.430045 0.409908 0.045162 -0.495619 0.517975 -0.068557 -0.492044 0.543436 0.083735 -0.335328 0.463096 -0.059382 -0.365396 0.531929 -0.195070 -0.351912 0.538737 0.099017 -0.213282 0.462607 -0.020944 -0.261788 0.541645 -0.153798 -0.256250 0.517410 0.025000 -0.134458 0.413271 -0.028300 -0.192578 0.504224 -0.138881 -0.200316 0.473973 
0.000000 0.000000 0.000000 0.003709 -0.053418 -0.052504 0.169880 -0.327206 0.235303 0.129894 -0.209065 0.274876 0.093344 -0.115641 0.277417 0.065613 -0.049870 0.267543 -0.042501 -0.240410 0.193961 -0.071416 -0.357418 0.348183 -0.103578 -0.450171 0.468388 0.079600 -0.434145 0.413723 0.025037 -0.498776 0.521555 -0.088764 -0.491713 0.545898 0.073284 -0.336136 0.467549 -0.073015 -0.359037 0.532330 -0.208323 -0.341577 0.537457 0.092778 -0.213905 0.464654 -0.030204 -0.257986 0.541615 -0.162833 -0.249130 0.517138 0.036491 -0.129310 0.420603 -0.036140 -0.181208 0.501366 -0.146884 -0.185793 0.471073 
0.000000 0.000000 0.000000 0.001621 -0.053752 -0.052269 0.165460 -0.330062 0.234462 0.128946 -0.210791 0.274002 0.094709 -0.116497 0.276595 0.068430 -0.050122 0.266789 -0.041896 -0.241037 0.194463 -0.069126 -0.358228 0.348852 -0.101476 -0.450814 0.469135 0.076155 -0.435796 0.414087 0.022182 -0.499699 0.522647 -0.091442 -0.491647 0.547505 0.074127 -0.337251 0.467593 -0.073619 -0.356758 0.530164 -0.208780 -0.338238 0.535435 0.100319 -0.215310 0.463460 -0.026029 -0.256112 0.536688 -0.158844 -0.246100 0.513715 0.039144 -0.133004 0.417981 -0.033451 -0.186301 0.497860 -0.144447 -0.189538 0.468321 
0.000000 0.000000 0.000000 0.003537 -0.053146 -0.052791 0.180426 -0.325079 0.230348 0.139231 -0.207805 0.271236 0.101125 -0.115043 0.274927 0.072055 -0.049729 0.265906 -0.034865 -0.241433 0.194029 -0.058895 -0.359250 0.348472 -0.087215 -0.452934 0.468922 0.091828 -0.431653 0.409827 0.038281 -0.496063 0.518298 -0.075256 -0.490375 0.544185 0.078851 -0.334021 0.463325 -0.064893 -0.360506 0.532323 -0.200286 -0.344228 0.538889 0.101778 -0.213420 0.462104 -0.019890 -0.258205 0.540731 -0.152965 -0.250272 0.518457 0.036599 -0.136455 0.413581 -0.023443 -0.194712 0.500139 -0.134560 -0.200143 0.471391 
0.000000 0.000000 0.000000 0.004067 -0.053744 -0.052143 0.194401 -0.316462 0.230978 0.150577 -0.199886 0.271126 0.109834 -0.108235 0.274350 0.078681 -0.043928 0.265049 -0.025958 -0.244982 0.193566 -0.044745 -0.364646 0.347314 -0.068081 -0.458844 0.468430 0.116952 -0.429453 0.411683 0.070143 -0.497743 0.520897 -0.043264 -0.496955 0.547939 0.104496 -0.332897 0.462592 -0.037107 -0.367234 0.532549 -0.173048 -0.357452 0.540522 0.120259 -0.210678 0.459040 0.001558 -0.263347 0.537314 -0.131784 -0.261087 0.515343 0.055206 -0.130296 0.415301 -0.010271 -0.189692 0.497009 -0.121083 -0.200548 0.468620 
0.000000 0.000000 0.000000 0.003508 -0.053760 -0.052167 0.191621 -0.318376 0.230670 0.148940 -0.201407 0.270904 0.109070 -0.109376 0.274203 0.078518 -0.044773 0.264956 -0.025896 -0.245074 0.193557 -0.044295 -0.364786 0.347316 -0.067828 -0.458607 0.468685 0.112218 -0.428737 0.412152 0.064230 -0.495436 0.521835 -0.049231 -0.493824 0.548615 0.103008 -0.335032 0.461978 -0.039054 -0.368190 0.531574 -0.174902 -0.357401 0.539841 0.121544 -0.211013 0.459210 0.002277 -0.262752 0.537244 -0.131099 -0.260206 0.515509 0.057748 -0.131907 0.415164 -0.004852 -0.192130 0.498504 -0.115841 -0.202710 0.470706 
0.000000 0.000000 0.000000 0.004374 -0.053367 -0.052505 0.172424 -0.325588 0.235697 0.131178 -0.207853 0.275185 0.093710 -0.114791 0.277647 0.065365 -0.049291 0.267711 -0.043994 -0.237664 0.195570 -0.074260 -0.352985 0.350799 -0.106157 -0.444726 0.471849 0.082226 -0.430142 0.415566 0.027712 -0.493332 0.524273 -0.085932 -0.485882 0.549225 0.075150 -0.333075 0.469233 -0.070347 -0.356411 0.535647 -0.205673 -0.339139 0.540929 0.095580 -0.209505 0.466695 -0.030840 -0.249281 0.540360 -0.163570 -0.240305 0.516479 0.049900 -0.126780 0.423732 -0.030882 -0.176357 0.497945 -0.141861 -0.181516 0.468616 
0.000000 0.000000 0.000000 0.001567 -0.054053 -0.051959 0.158169 -0.330913 0.238263 0.122734 -0.210962 0.276710 0.089709 -0.116215 0.278375 0.064429 -0.049556 0.267888 -0.049901 -0.237217 0.196331 -0.082107 -0.351830 0.351695 -0.117261 -0.443000 0.472273 0.067841 -0.433773 0.419042 0.013250 -0.495939 0.528300 -0.100503 -0.486727 0.552146 0.059512 -0.334073 0.469897 -0.086640 -0.355776 0.535420 -0.221697 -0.336005 0.538243 0.085876 -0.213402 0.466135 -0.039156 -0.253694 0.541859 -0.171478 -0.241969 0.516928 0.029757 -0.128290 0.420155 -0.046236 -0.178217 0.499045 -0.156886 -0.180775 0.468170 
0.000000 0.000000 0.000000 0.002048 -0.054308 -0.051675 0.162104 -0.327945 0.239717 0.125467 -0.208174 0.277595 0.091440 -0.113776 0.278819 0.065435 -0.047446 0.268027 -0.048000 -0.236408 0.197687 -0.079317 -0.350354 0.353721 -0.113740 -0.441115 0.474817 0.070349 -0.428946 0.420825 0.014895 -0.489988 0.530281 -0.099002 -0.481773 0.553801 0.063914 -0.329272 0.472584 -0.082639 -0.350686 0.537300 -0.217892 -0.332259 0.539862 0.089248 -0.208691 0.467763 -0.036596 -0.248370 0.542460 -0.169056 -0.238168 0.517595 0.028485 -0.127234 0.419205 -0.042562 -0.179063 0.501408 -0.153234 -0.182433 0.470691 
0.000000 0.000000 0.000000 0.007209 -0.054093 -0.051438 0.183541 -0.313510 0.243546 0.136900 -0.196933 0.280380 0.095485 -0.105527 0.280701 0.064490 -0.041493 0.269241 -0.033839 -0.240539 0.196351 -0.059525 -0.357205 0.351401 -0.088220 -0.449246 0.473022 0.097691 -0.418414 0.425329 0.045806 -0.481815 0.535194 -0.068534 -0.481055 0.557974 0.081455 -0.320331 0.475760 -0.066590 -0.347672 0.534579 -0.202773 -0.338045 0.535410 0.100034 -0.200979 0.469333 -0.024731 -0.248584 0.541153 -0.157210 -0.246799 0.514425 0.028957 -0.128163 0.416929 -0.032319 -0.188069 0.501474 -0.142119 -0.198755 0.469337 
0.000000 0.000000 0.000000 0.009789 -0.053786 -0.051333 0.195422 -0.305158 0.244907 0.143651 -0.190642 0.281349 0.098374 -0.101085 0.281337 0.064739 -0.038442 0.269633 -0.026985 -0.240634 0.196824 -0.049995 -0.357551 0.352105 -0.075390 -0.450024 0.474132 0.108713 -0.414303 0.423761 0.056308 -0.480267 0.531856 -0.058187 -0.484560 0.553434 0.093490 -0.320166 0.474175 -0.051802 -0.357208 0.534529 -0.188271 -0.353280 0.534169 0.103369 -0.196851 0.469798 -0.020353 -0.249449 0.539921 -0.152389 -0.252591 0.511206 0.039099 -0.123474 0.420293 -0.030842 -0.183833 0.497471 -0.139695 -0.198731 0.463822 
0.000000 0.000000 0.000000 0.012531 -0.052713 -0.051848 0.202401 -0.301191 0.244147 0.145968 -0.189099 0.281198 0.097498 -0.101230 0.281590 0.061816 -0.039683 0.270139 -0.025472 -0.239812 0.195934 -0.049251 -0.356887 0.350980 -0.073680 -0.450737 0.472150 0.114586 -0.414641 0.419755 0.061513 -0.483206 0.525887 -0.053072 -0.490325 0.546202 0.087330 -0.316087 0.473318 -0.056882 -0.356911 0.533823 -0.193387 -0.356275 0.531489 0.091570 -0.201474 0.467681 -0.024625 -0.261672 0.544269 -0.156177 -0.267310 0.513770 0.041051 -0.126147 0.420735 -0.027892 -0.188871 0.496918 -0.136127 -0.205639 0.462173 
0.000000 0.000000 0.000000 0.013249 -0.052447 -0.051939 0.203080 -0.300494 0.244443 0.145585 -0.188945 0.281500 0.096464 -0.101438 0.281871 0.060400 -0.040119 0.270395 -0.023573 -0.243842 0.192721 -0.046613 -0.363605 0.345813 -0.070894 -0.458362 0.466305 0.119263 -0.418037 0.419309 0.068605 -0.489077 0.524994 -0.045906 -0.497705 0.545139 0.087883 -0.321299 0.470252 -0.054361 -0.366979 0.531933 -0.190853 -0.367606 0.528970 0.095300 -0.202238 0.467752 -0.023436 -0.262640 0.540168 -0.154795 -0.269263 0.509038 0.029327 -0.128914 0.417827 -0.030728 -0.192984 0.500166 -0.138498 -0.210529 0.464377 
0.000000 0.000000 0.000000 0.012908 -0.052451 -0.052021 0.199896 -0.302773 0.244256 0.143293 -0.190804 0.281422 0.094938 -0.102873 0.281869 0.059436 -0.041217 0.270443 -0.026445 -0.247807 0.189089 -0.051069 -0.370047 0.339960 -0.076790 -0.465960 0.459233 0.112854 -0.419987 0.417762 0.060248 -0.490829 0.522625 -0.054442 -0.500156 0.541392 0.085009 -0.326087 0.467905 -0.057414 -0.373422 0.527903 -0.193861 -0.374368 0.523353 0.084266 -0.204563 0.466961 -0.035875 -0.265083 0.536922 -0.166649 -0.271942 0.503470 0.025838 -0.132917 0.415524 -0.037404 -0.198641 0.494087 -0.144598 -0.216312 0.456668 
0.000000 0.000000 0.000000 0.013770 -0.051963 -0.052288 0.196888 -0.304566 0.244469 0.139528 -0.193035 0.281792 0.091000 -0.105199 0.282309 0.055549 -0.043509 0.270910 -0.029170 -0.250319 0.185740 -0.056040 -0.374438 0.334682 -0.082927 -0.471195 0.453012 0.108188 -0.424730 0.415095 0.054580 -0.497353 0.518217 -0.060204 -0.507607 0.535899 0.084241 -0.329673 0.468199 -0.063233 -0.372409 0.518693 -0.199604 -0.373706 0.512315 0.090469 -0.209170 0.466438 -0.033149 -0.269725 0.530019 -0.163678 -0.276369 0.495578 0.023387 -0.133636 0.417297 -0.046689 -0.198316 0.490762 -0.153304 -0.215763 0.451621 
0.000000 0.000000 0.000000 0.013639 -0.050966 -0.053295 0.192781 -0.311367 0.239116 0.136158 -0.200154 0.278454 0.088384 -0.111929 0.280547 0.053534 -0.049704 0.270249 -0.031020 -0.249786 0.184028 -0.058966 -0.374194 0.332530 -0.087110 -0.472881 0.448959 0.103319 -0.431820 0.409139 0.049251 -0.504618 0.511896 -0.065650 -0.514533 0.529003 0.068098 -0.333692 0.462872 -0.077078 -0.378625 0.517913 -0.213377 -0.378587 0.510041 0.085197 -0.217493 0.463740 -0.039648 -0.277022 0.525877 -0.170061 -0.281869 0.490706 0.018571 -0.140457 0.415603 -0.047836 -0.205153 0.492388 -0.154473 -0.220930 0.452603 
0.000000 0.000000 0.000000 0.011848 -0.050451 -0.054206 0.184618 -0.320905 0.232866 0.131530 -0.208731 0.274351 0.086416 -0.119174 0.278166 0.053384 -0.055779 0.269091 -0.033656 -0.253285 0.179533 -0.062130 -0.380206 0.325792 -0.091405 -0.480797 0.440296 0.094633 -0.442571 0.401746 0.040249 -0.516103 0.503812 -0.074807 -0.524482 0.520691 0.068120 -0.344118 0.459078 -0.081308 -0.382898 0.506952 -0.217588 -0.380931 0.498999 0.081537 -0.223960 0.461768 -0.045633 -0.280288 0.522149 -0.175980 -0.282803 0.486494 0.026108 -0.143116 0.418136 -0.057433 -0.203408 0.480402 -0.164048 -0.217275 0.439855 
0.000000 0.000000 0.000000 0.011721 -0.049241 -0.055334 0.176663 -0.329635 0.226763 0.124837 -0.217715 0.270468 0.081093 -0.127572 0.276035 0.049177 -0.063445 0.268193 -0.041161 -0.256071 0.173295 -0.074252 -0.385492 0.316356 -0.106646 -0.488245 0.428066 0.085817 -0.452207 0.394523 0.030913 -0.526285 0.495913 -0.084371 -0.533615 0.511696 0.062578 -0.354691 0.454413 -0.088806 -0.389930 0.498750 -0.224982 -0.385661 0.489971 0.072345 -0.236073 0.457321 -0.057908 -0.290458 0.512704 -0.187931 -0.290310 0.475798 0.010778 -0.154122 0.412725 -0.071175 -0.214972 0.476540 -0.177477 -0.226146 0.434374 
0.000000 0.000000 0.000000 0.011113 -0.048419 -0.056178 0.168424 -0.337345 0.221635 0.118556 -0.225241 0.267111 0.076595 -0.134352 0.274097 0.046028 -0.069457 0.267261 -0.048814 -0.255709 0.170286 -0.086312 -0.385417 0.311993 -0.121723 -0.488946 0.422060 0.070712 -0.457503 0.387269 0.011658 -0.530124 0.487373 -0.103876 -0.535433 0.502096 0.044302 -0.359054 0.448921 -0.108458 -0.390673 0.491219 -0.244411 -0.383598 0.480923 0.061048 -0.242093 0.455381 -0.070731 -0.293237 0.510239 -0.200476 -0.290203 0.472488 0.001737 -0.159063 0.410771 -0.082444 -0.217545 0.473895 -0.188686 -0.225942 0.430938 
0.000000 0.000000 0.000000 0.010097 -0.047579 -0.057081 0.158098 -0.346111 0.215644 0.111035 -0.233622 0.263114 0.071505 -0.141787 0.271716 0.042737 -0.075965 0.266034 -0.057614 -0.256585 0.165580 -0.099982 -0.387367 0.304907 -0.138429 -0.491711 0.413171 0.067552 -0.467222 0.384623 -0.001611 -0.535361 0.481348 -0.117272 -0.538281 0.495735 0.035457 -0.367718 0.444168 -0.118949 -0.394704 0.483603 -0.254664 -0.384470 0.472833 0.052254 -0.248101 0.453486 -0.084055 -0.292642 0.502750 -0.213469 -0.286170 0.464303 0.001390 -0.165258 0.410614 -0.087129 -0.221067 0.470121 -0.193484 -0.226021 0.426911 
0.000000 0.000000 0.000000 0.009333 -0.046425 -0.058151 0.150161 -0.354251 0.207962 0.105236 -0.241961 0.257910 0.067564 -0.149559 0.268540 0.040173 -0.083044 0.264312 -0.066116 -0.254826 0.162582 -0.113327 -0.385230 0.300702 -0.154740 -0.489677 0.407765 0.041864 -0.470175 0.369991 -0.023588 -0.540236 0.467917 -0.139246 -0.539377 0.482595 0.016618 -0.369512 0.437777 -0.137888 -0.391931 0.479606 -0.273214 -0.377066 0.469353 0.041706 -0.253388 0.450925 -0.096796 -0.291108 0.499761 -0.226080 -0.279767 0.462010 -0.004852 -0.164844 0.412189 -0.101122 -0.211832 0.467104 -0.207696 -0.213065 0.424168 
0.000000 0.000000 0.000000 0.007254 -0.045708 -0.059009 0.136853 -0.363579 0.200927 0.096610 -0.250516 0.253073 0.062669 -0.156902 0.265519 0.037916 -0.089292 0.262603 -0.072785 -0.255349 0.158914 -0.122869 -0.386529 0.295276 -0.167504 -0.491329 0.400688 0.028678 -0.478896 0.363470 -0.036699 -0.548591 0.461707 -0.152095 -0.543500 0.477552 0.012072 -0.376886 0.435715 -0.144847 -0.388371 0.472717 -0.279583 -0.368207 0.463838 0.039489 -0.263736 0.446525 -0.099890 -0.297263 0.495925 -0.229011 -0.280308 0.459757 -0.006782 -0.173523 0.409210 -0.103261 -0.219075 0.464960 -0.210243 -0.215442 0.423188 