20
0.000000 0.000000 0.000000 -0.008174 -0.033043 -0.066822 0.168171 -0.395889 0.079252 0.145524 -0.293854 0.169144 0.117246 -0.199377 0.213421 0.089464 -0.115287 0.238906 -0.108045 -0.261918 0.121561 -0.170538 -0.405133 0.239438 -0.179068 -0.536196 0.322122 0.041692 -0.477633 0.248783 -0.034749 -0.527038 0.351243 -0.136311 -0.471393 0.364727 -0.005651 -0.359070 0.340513 -0.108471 -0.403426 0.457068 -0.226719 -0.335699 0.448702 -0.021754 -0.266516 0.357937 -0.135676 -0.299608 0.452370 -0.250906 -0.230883 0.436029 -0.045789 -0.177609 0.330606 -0.138886 -0.220506 0.393724 -0.224268 -0.167883 0.337653 
0.000000 0.000000 0.000000 -0.014822 -0.032238 -0.066067 0.143614 -0.407235 0.069460 0.134264 -0.303984 0.160325 0.115837 -0.207777 0.206050 0.095945 -0.121932 0.233020 -0.115193 -0.255970 0.128139 -0.177998 -0.395967 0.249661 -0.192783 -0.527894 0.330057 0.021833 -0.483252 0.244991 -0.051768 -0.529195 0.351077 -0.148716 -0.467377 0.370387 -0.012490 -0.361509 0.338170 -0.112303 -0.400634 0.459129 -0.226370 -0.325641 0.457110 -0.013243 -0.272869 0.360371 -0.129792 -0.291064 0.455640 -0.241227 -0.215251 0.445500 -0.037923 -0.173900 0.332846 -0.130066 -0.209670 0.401557 -0.214537 -0.151370 0.349896 
0.000000 0.000000 0.000000 -0.020247 -0.030182 -0.065597 0.116638 -0.417470 0.058347 0.119160 -0.315055 0.150593 0.109990 -0.218395 0.198121 0.097714 -0.131709 0.226882 -0.128353 -0.249901 0.129038 -0.195999 -0.387387 0.250828 -0.219098 -0.520240 0.327660 -0.003429 -0.487749 0.237414 -0.075995 -0.530223 0.345637 -0.168539 -0.463195 0.368788 -0.025735 -0.366728 0.331728 -0.124284 -0.401873 0.454924 -0.233534 -0.320048 0.457842 -0.016413 -0.279441 0.356264 -0.132020 -0.289796 0.453828 -0.238890 -0.207213 0.448630 -0.036370 -0.179215 0.328622 -0.128662 -0.211914 0.398652 -0.210873 -0.147373 0.350912 
0.000000 0.000000 0.000000 -0.027174 -0.027081 -0.064436 0.081181 -0.427313 0.045863 0.099143 -0.327147 0.138862 0.102043 -0.230880 0.187957 0.099716 -0.143939 0.218425 -0.142847 -0.242223 0.130961 -0.215227 -0.376845 0.253228 -0.248479 -0.509744 0.326159 -0.036113 -0.494633 0.227880 -0.107003 -0.535320 0.337886 -0.192788 -0.462017 0.367226 -0.042123 -0.373283 0.324307 -0.138203 -0.404663 0.450436 -0.239849 -0.314103 0.460743 -0.037174 -0.266078 0.343178 -0.137001 -0.291318 0.454480 -0.236803 -0.200188 0.456156 -0.034239 -0.180932 0.324603 -0.126443 -0.206395 0.397687 -0.205288 -0.134410 0.355205 
0.000000 0.000000 0.000000 -0.035965 -0.021569 -0.062171 0.031467 -0.435224 0.029671 0.069922 -0.340915 0.122578 0.089085 -0.247283 0.173093 0.100265 -0.161690 0.205364 -0.158442 -0.231623 0.134611 -0.235081 -0.363060 0.257745 -0.282473 -0.494050 0.326173 -0.079732 -0.496361 0.217600 -0.146938 -0.533311 0.331178 -0.221982 -0.452270 0.368513 -0.063454 -0.378835 0.315574 -0.154168 -0.404625 0.446838 -0.244398 -0.304165 0.466978 -0.046116 -0.272316 0.333741 -0.143064 -0.290267 0.448935 -0.232064 -0.189156 0.460055 -0.030628 -0.189387 0.317998 -0.120723 -0.208452 0.395527 -0.193928 -0.126958 0.360842 
0.000000 0.000000 0.000000 -0.044528 -0.015242 -0.058385 -0.023089 -0.436219 0.021682 0.036516 -0.349927 0.111154 0.072759 -0.260795 0.160431 0.098245 -0.178165 0.192292 -0.175388 -0.220027 0.138553 -0.257272 -0.348168 0.261786 -0.319887 -0.474752 0.326149 -0.132114 -0.495098 0.211595 -0.198006 -0.530682 0.326373 -0.262973 -0.443898 0.369279 -0.091566 -0.380110 0.309039 -0.178681 -0.400639 0.443628 -0.257033 -0.292195 0.470833 -0.057368 -0.280107 0.325984 -0.150677 -0.293955 0.444695 -0.228270 -0.184795 0.462901 -0.031886 -0.192842 0.308209 -0.121457 -0.202944 0.387997 -0.187162 -0.113278 0.358911 
0.000000 0.000000 0.000000 -0.047492 -0.008375 -0.057430 -0.069285 -0.431758 0.008632 0.001687 -0.355464 0.098891 0.048645 -0.272467 0.149806 0.083737 -0.194178 0.183450 -0.195965 -0.199066 0.141163 -0.288869 -0.318387 0.265430 -0.366175 -0.438128 0.326854 -0.178662 -0.478519 0.201687 -0.244767 -0.506780 0.318364 -0.297906 -0.415453 0.367645 -0.123286 -0.376930 0.299877 -0.208285 -0.391530 0.436576 -0.273470 -0.276847 0.471761 -0.078957 -0.281843 0.318162 -0.170455 -0.288567 0.438884 -0.235191 -0.172901 0.465318 -0.043346 -0.198244 0.303532 -0.130820 -0.201043 0.386187 -0.188776 -0.104339 0.363998 
0.000000 0.000000 0.000000 -0.054496 0.001968 -0.051480 -0.134714 -0.416098 0.002171 -0.042760 -0.356322 0.085693 0.022172 -0.284211 0.133336 0.072742 -0.214037 0.165130 -0.212209 -0.182887 0.145500 -0.310897 -0.298557 0.268758 -0.404301 -0.407640 0.327609 -0.241158 -0.462441 0.196959 -0.305490 -0.490449 0.314683 -0.343869 -0.396491 0.372059 -0.158258 -0.373533 0.292667 -0.236812 -0.385239 0.433439 -0.284620 -0.265534 0.478432 -0.097449 -0.285615 0.307700 -0.183225 -0.286622 0.432729 -0.231066 -0.165451 0.468738 -0.049156 -0.206980 0.290339 -0.133061 -0.202122 0.376523 -0.179787 -0.098036 0.362883 
0.000000 0.000000 0.000000 -0.055351 0.010029 -0.049594 -0.186867 -0.395437 -0.000672 -0.085475 -0.349723 0.080779 -0.010390 -0.287546 0.127496 0.049722 -0.225113 0.158818 -0.227108 -0.156879 0.151622 -0.334582 -0.261319 0.277530 -0.441385 -0.357056 0.336813 -0.294864 -0.434641 0.194827 -0.360134 -0.458335 0.312981 -0.385209 -0.363073 0.375348 -0.199394 -0.364079 0.288843 -0.276876 -0.373844 0.430356 -0.308082 -0.251442 0.482158 -0.128028 -0.280678 0.303075 -0.212381 -0.275752 0.428976 -0.244103 -0.151435 0.471486 -0.068554 -0.212233 0.287002 -0.149966 -0.203368 0.375234 -0.185518 -0.094301 0.368636 
0.000000 0.000000 0.000000 -0.057969 0.019343 -0.043467 -0.236395 -0.367956 0.004026 -0.122678 -0.339451 0.076554 -0.036025 -0.289634 0.117732 0.034438 -0.236922 0.145098 -0.239973 -0.135239 0.158584 -0.353860 -0.231968 0.285014 -0.470548 -0.314876 0.344989 -0.339577 -0.398558 0.203618 -0.401938 -0.417053 0.324246 -0.413688 -0.322385 0.391276 -0.230772 -0.344339 0.288134 -0.304291 -0.347663 0.432039 -0.320808 -0.225048 0.489762 -0.145564 -0.273632 0.297895 -0.224110 -0.262157 0.427083 -0.241356 -0.137382 0.476092 -0.078977 -0.213864 0.276215 -0.157043 -0.197993 0.366465 -0.183075 -0.086076 0.366561 
0.000000 0.000000 0.000000 -0.057399 0.026088 -0.040603 -0.271807 -0.342597 0.006222 -0.153035 -0.327357 0.074529 -0.060265 -0.287447 0.113088 0.016157 -0.242703 0.138584 -0.250127 -0.109974 0.164797 -0.370723 -0.195113 0.293323 -0.494042 -0.266144 0.355243 -0.371396 -0.363846 0.208832 -0.431585 -0.376689 0.331284 -0.431945 -0.283715 0.401631 -0.256785 -0.326914 0.288328 -0.327349 -0.326613 0.433742 -0.332134 -0.205382 0.496348 -0.163266 -0.263853 0.296248 -0.237124 -0.246935 0.427586 -0.242181 -0.123142 0.481601 -0.089759 -0.208239 0.273418 -0.162664 -0.184517 0.366226 -0.180535 -0.071137 0.371577 
0.000000 0.000000 0.000000 -0.056890 0.030520 -0.038157 -0.294492 -0.323118 0.012613 -0.172547 -0.317009 0.076617 -0.075894 -0.284100 0.112131 0.004322 -0.245070 0.135251 -0.253316 -0.098123 0.168518 -0.376226 -0.178619 0.297842 -0.503302 -0.241370 0.361094 -0.394244 -0.342709 0.215309 -0.454532 -0.354550 0.337814 -0.447570 -0.263676 0.410523 -0.270846 -0.320447 0.292950 -0.337703 -0.322786 0.440087 -0.333881 -0.203735 0.506807 -0.178528 -0.261544 0.295628 -0.252124 -0.245369 0.427206 -0.249570 -0.123107 0.484769 -0.096113 -0.210130 0.274098 -0.165244 -0.186080 0.369669 -0.177602 -0.072262 0.379454 
0.000000 0.000000 0.000000 -0.055771 0.031579 -0.038938 -0.301750 -0.316414 0.010940 -0.180411 -0.312686 0.076266 -0.083444 -0.281752 0.112689 -0.002637 -0.244397 0.136507 -0.253257 -0.088403 0.171894 -0.376830 -0.163481 0.303819 -0.505243 -0.222610 0.367854 -0.401198 -0.333116 0.214044 -0.461302 -0.343210 0.336794 -0.451239 -0.254068 0.411263 -0.279445 -0.309024 0.292260 -0.346801 -0.306533 0.439166 -0.340574 -0.188007 0.506637 -0.185143 -0.255185 0.296170 -0.258067 -0.236134 0.427737 -0.252878 -0.114685 0.486824 -0.102818 -0.205814 0.274570 -0.171774 -0.179257 0.369602 -0.182307 -0.065422 0.381169 
0.000000 0.000000 0.000000 -0.056182 0.033319 -0.036842 -0.308116 -0.310025 0.015469 -0.184873 -0.309828 0.077240 -0.086236 -0.281498 0.111214 -0.003976 -0.246223 0.133153 -0.255977 -0.083719 0.173468 -0.380996 -0.156954 0.305066 -0.510227 -0.214215 0.369154 -0.405718 -0.326214 0.219508 -0.464706 -0.335998 0.342824 -0.453719 -0.246996 0.417330 -0.283582 -0.307719 0.293403 -0.350718 -0.306284 0.440424 -0.343211 -0.188097 0.508357 -0.183918 -0.252834 0.296552 -0.253963 -0.232281 0.429451 -0.246938 -0.110922 0.488534 -0.103172 -0.206064 0.271477 -0.171451 -0.178421 0.366689 -0.180839 -0.064507 0.378460 
0.000000 0.000000 0.000000 -0.055187 0.031956 -0.039460 -0.305354 -0.312928 0.011172 -0.184359 -0.310149 0.077178 -0.087261 -0.280076 0.113970 -0.006176 -0.243481 0.138022 -0.257465 -0.080896 0.170765 -0.384037 -0.151512 0.302310 -0.513216 -0.209456 0.365887 -0.403772 -0.324122 0.215154 -0.463254 -0.330888 0.338435 -0.453171 -0.241798 0.412964 -0.283933 -0.303926 0.292865 -0.351657 -0.299694 0.439562 -0.344527 -0.181390 0.507331 -0.185026 -0.250462 0.299115 -0.255130 -0.229227 0.431875 -0.248391 -0.107931 0.491121 -0.105526 -0.201146 0.275585 -0.173911 -0.172005 0.370272 -0.183436 -0.058096 0.381982 
0.000000 0.000000 0.000000 -0.055626 0.029631 -0.040641 -0.296306 -0.321421 0.013468 -0.176212 -0.313953 0.080746 -0.080455 -0.280421 0.118057 -0.000744 -0.241062 0.142337 -0.257986 -0.087094 0.167378 -0.384610 -0.160134 0.297543 -0.511683 -0.222438 0.361242 -0.399875 -0.334063 0.214798 -0.462470 -0.341703 0.336476 -0.457375 -0.251162 0.409754 -0.280745 -0.306979 0.294051 -0.351842 -0.302235 0.439128 -0.348776 -0.182258 0.504208 -0.184942 -0.250372 0.299422 -0.259866 -0.228825 0.429472 -0.257191 -0.106162 0.486171 -0.103543 -0.200419 0.277861 -0.174302 -0.172444 0.371144 -0.186737 -0.058581 0.380297 
0.000000 0.000000 0.000000 -0.055597 0.027076 -0.042423 -0.286646 -0.330047 0.013900 -0.168334 -0.317525 0.083540 -0.074475 -0.280312 0.122166 0.003456 -0.238036 0.147303 -0.256524 -0.094440 0.164237 -0.382251 -0.170477 0.293552 -0.505970 -0.238556 0.357937 -0.391035 -0.341713 0.214865 -0.454124 -0.348764 0.336323 -0.453602 -0.256590 0.407716 -0.273284 -0.306633 0.296475 -0.344665 -0.299226 0.441301 -0.344845 -0.177893 0.503892 -0.181536 -0.247428 0.301527 -0.258306 -0.223848 0.430139 -0.259046 -0.099915 0.484066 -0.100715 -0.197446 0.281791 -0.172418 -0.169507 0.374362 -0.186885 -0.055713 0.381046 
0.000000 0.000000 0.000000 -0.055616 0.022383 -0.045053 -0.266901 -0.346155 0.015206 -0.151996 -0.324429 0.088208 -0.061886 -0.280478 0.128640 0.012496 -0.232842 0.154918 -0.256035 -0.101701 0.160572 -0.381444 -0.179346 0.289239 -0.499178 -0.256278 0.354867 -0.372026 -0.353795 0.215980 -0.435561 -0.358412 0.337323 -0.441706 -0.264085 0.405570 -0.259719 -0.311265 0.299624 -0.332986 -0.302311 0.443417 -0.339258 -0.178875 0.501413 -0.171212 -0.248854 0.306857 -0.249606 -0.226178 0.434650 -0.255859 -0.100604 0.484250 -0.096921 -0.193102 0.285436 -0.172234 -0.165749 0.375274 -0.190650 -0.052338 0.376716 
0.000000 0.000000 0.000000 -0.056236 0.015794 -0.047032 -0.238490 -0.365697 0.026042 -0.127328 -0.331528 0.100070 -0.041948 -0.278672 0.140102 0.027772 -0.224044 0.165542 -0.256674 -0.109722 0.157703 -0.382095 -0.188262 0.285813 -0.489557 -0.275680 0.355791 -0.346626 -0.374634 0.225158 -0.411980 -0.380036 0.345498 -0.428920 -0.283121 0.408057 -0.239792 -0.314416 0.308716 -0.316284 -0.302777 0.450625 -0.332778 -0.176591 0.500066 -0.154729 -0.242985 0.315375 -0.235599 -0.217395 0.441057 -0.252021 -0.089407 0.481273 -0.086669 -0.184541 0.291753 -0.165441 -0.157351 0.378626 -0.190021 -0.045362 0.371052 
0.000000 0.000000 0.000000 -0.055914 0.008087 -0.049316 -0.203219 -0.385499 0.037193 -0.098313 -0.337345 0.112563 -0.019726 -0.274676 0.152349 0.043589 -0.212435 0.177038 -0.253076 -0.126113 0.153078 -0.376447 -0.210087 0.279724 -0.471113 -0.307592 0.354678 -0.316079 -0.390844 0.233800 -0.384288 -0.394075 0.352624 -0.411487 -0.296044 0.409574 -0.218556 -0.315469 0.316370 -0.300339 -0.300590 0.454987 -0.329116 -0.173260 0.494966 -0.139518 -0.239975 0.323110 -0.225416 -0.215092 0.445557 -0.252562 -0.086452 0.476910 -0.076032 -0.174493 0.298846 -0.158371 -0.148376 0.382689 -0.189705 -0.039106 0.365915 