82
0.000000 0.000000 0.000000 -0.073133 0.014243 -0.008517 -0.170017 -0.355479 0.189787 -0.045042 -0.317351 0.182747 0.039105 -0.266370 0.162984 0.092390 -0.222029 0.143313 -0.196788 -0.130775 0.239527 -0.274163 -0.221518 0.394736 -0.379790 -0.289614 0.485801 -0.151411 -0.405787 0.410112 -0.140165 -0.436193 0.543270 -0.123619 -0.371759 0.639018 -0.024624 -0.387062 0.409017 -0.015735 -0.255020 0.501810 -0.021028 -0.133648 0.439520 0.060744 -0.359585 0.351549 0.062212 -0.258328 0.464401 0.050683 -0.125689 0.441120 0.102886 -0.229436 0.317730 0.110110 -0.234534 0.437784 0.085705 -0.123138 0.451873 
0.000000 0.000000 0.000000 -0.072877 0.016262 -0.006956 -0.175730 -0.351594 0.191810 -0.049931 -0.316844 0.182358 0.035152 -0.268077 0.161076 0.089213 -0.225109 0.140492 -0.203505 -0.124307 0.240072 -0.285245 -0.212265 0.394646 -0.393995 -0.274701 0.486089 -0.154061 -0.404360 0.411278 -0.140965 -0.436251 0.543919 -0.121393 -0.370769 0.638376 -0.031856 -0.391052 0.407393 -0.022941 -0.252198 0.489641 -0.027254 -0.135056 0.419653 0.056174 -0.360709 0.349997 0.059414 -0.254057 0.457727 0.049548 -0.123053 0.425966 0.098089 -0.230763 0.315064 0.104200 -0.234653 0.435226 0.081513 -0.122332 0.443739 
0.000000 0.000000 0.000000 -0.072697 0.016999 -0.007076 -0.179583 -0.349603 0.191880 -0.053423 -0.316147 0.182577 0.032185 -0.268271 0.161372 0.086710 -0.225877 0.140827 -0.201070 -0.119174 0.243570 -0.281397 -0.204383 0.400409 -0.388825 -0.264338 0.495021 -0.158729 -0.397138 0.412619 -0.146125 -0.425867 0.546027 -0.125714 -0.358938 0.639285 -0.033295 -0.380186 0.410542 -0.021538 -0.236885 0.484375 -0.025344 -0.123725 0.408089 0.049733 -0.356668 0.352662 0.050694 -0.243206 0.453242 0.041353 -0.114273 0.413780 0.093978 -0.222014 0.315522 0.098981 -0.219354 0.435768 0.077059 -0.106584 0.438081 
0.000000 0.000000 0.000000 -0.072371 0.018959 -0.005185 -0.184212 -0.347206 0.191845 -0.057468 -0.316907 0.180013 0.028853 -0.270999 0.157395 0.083982 -0.229776 0.136093 -0.197486 -0.116657 0.247404 -0.275775 -0.201517 0.405457 -0.380856 -0.256847 0.505374 -0.160340 -0.394943 0.412234 -0.145912 -0.423794 0.545431 -0.123540 -0.356217 0.637767 -0.038913 -0.378451 0.408797 -0.026611 -0.232350 0.476824 -0.029372 -0.121455 0.397238 0.048315 -0.356900 0.349634 0.051735 -0.239453 0.445474 0.043068 -0.111878 0.401685 0.092859 -0.222686 0.310612 0.098969 -0.217806 0.430738 0.078322 -0.104772 0.430357 
0.000000 0.000000 0.000000 -0.072150 0.019796 -0.005141 -0.188149 -0.345349 0.191376 -0.061067 -0.316491 0.179560 0.025771 -0.271544 0.156991 0.081365 -0.230925 0.135737 -0.195904 -0.112923 0.249647 -0.273341 -0.195970 0.409077 -0.378370 -0.249335 0.510111 -0.164745 -0.401028 0.409944 -0.148723 -0.424337 0.544041 -0.124811 -0.353962 0.633868 -0.042203 -0.378621 0.408161 -0.027039 -0.232110 0.474714 -0.028697 -0.122946 0.392740 0.046151 -0.355467 0.350007 0.051811 -0.235444 0.442490 0.044039 -0.109363 0.394415 0.092387 -0.232798 0.310269 0.096833 -0.215734 0.429350 0.077626 -0.102511 0.425505 
0.000000 0.000000 0.000000 -0.071980 0.020177 -0.005968 -0.191736 -0.340888 0.195763 -0.064388 -0.313059 0.184352 0.022898 -0.269060 0.161644 0.078904 -0.229163 0.140105 -0.192271 -0.110003 0.251770 -0.267542 -0.191462 0.413047 -0.368563 -0.245780 0.517598 -0.168584 -0.398082 0.413967 -0.151811 -0.415726 0.548835 -0.129080 -0.341274 0.635629 -0.046593 -0.368317 0.414795 -0.030464 -0.219983 0.476934 -0.031282 -0.114528 0.390228 0.039772 -0.347635 0.357232 0.043244 -0.223962 0.444889 0.036037 -0.099748 0.392097 0.084249 -0.216329 0.314441 0.087928 -0.207495 0.434440 0.069240 -0.094369 0.426930 
0.000000 0.000000 0.000000 -0.071733 0.020321 -0.008087 -0.197720 -0.335596 0.198928 -0.070020 -0.308536 0.189841 0.017962 -0.265409 0.168171 0.074628 -0.226233 0.147038 -0.191466 -0.105813 0.251913 -0.266387 -0.184739 0.414605 -0.361658 -0.242937 0.522417 -0.172283 -0.383271 0.419156 -0.156910 -0.412083 0.552256 -0.132833 -0.335879 0.637146 -0.054042 -0.367353 0.419536 -0.034639 -0.218436 0.479302 -0.033205 -0.114275 0.391054 0.032230 -0.348007 0.362304 0.038128 -0.225376 0.451286 0.033730 -0.101707 0.396930 0.080174 -0.229499 0.321809 0.079860 -0.202691 0.439166 0.063806 -0.089241 0.430531 
0.000000 0.000000 0.000000 -0.071063 0.023083 -0.006412 -0.205192 -0.323978 0.210297 -0.076825 -0.302282 0.197131 0.012153 -0.263127 0.172228 0.069711 -0.226638 0.148818 -0.193873 -0.098171 0.254474 -0.270720 -0.174044 0.417720 -0.360437 -0.235941 0.528202 -0.190106 -0.390860 0.426444 -0.174788 -0.403578 0.562038 -0.148208 -0.324223 0.643213 -0.068220 -0.360281 0.427428 -0.047967 -0.211305 0.486764 -0.042489 -0.108491 0.397106 0.019592 -0.340913 0.368717 0.025663 -0.219314 0.459092 0.025248 -0.096255 0.403195 0.068911 -0.213936 0.323243 0.068361 -0.205193 0.443304 0.055419 -0.091387 0.434152 
0.000000 0.000000 0.000000 -0.070651 0.023915 -0.007770 -0.211922 -0.314804 0.217435 -0.083130 -0.295353 0.204922 0.006646 -0.258220 0.179790 0.064954 -0.223254 0.155916 -0.192869 -0.090294 0.256551 -0.269345 -0.161758 0.421946 -0.356058 -0.222989 0.535165 -0.197976 -0.366050 0.437888 -0.189547 -0.397021 0.571124 -0.163029 -0.318397 0.653027 -0.076054 -0.360775 0.433274 -0.052081 -0.215903 0.500816 -0.044446 -0.112500 0.411996 0.012220 -0.340540 0.374485 0.022438 -0.225105 0.472265 0.025674 -0.101232 0.418293 0.063971 -0.212216 0.330454 0.063295 -0.204617 0.450591 0.052263 -0.090403 0.444556 
0.000000 0.000000 0.000000 -0.069797 0.026232 -0.008007 -0.221546 -0.300610 0.227686 -0.092232 -0.286209 0.213811 -0.001360 -0.253086 0.187061 0.057995 -0.220950 0.161830 -0.192758 -0.084908 0.257276 -0.269699 -0.154453 0.423272 -0.355759 -0.213353 0.538213 -0.221305 -0.359445 0.446680 -0.221159 -0.395003 0.579035 -0.193385 -0.317457 0.661547 -0.093453 -0.367231 0.437213 -0.065182 -0.230277 0.518262 -0.051745 -0.124297 0.433250 -0.004730 -0.348515 0.375729 0.009056 -0.247357 0.487836 0.020246 -0.120588 0.442313 0.053930 -0.224403 0.336638 0.051131 -0.226780 0.456961 0.042619 -0.112269 0.461185 
0.000000 0.000000 0.000000 -0.069007 0.027456 -0.010397 -0.232258 -0.283981 0.238121 -0.102434 -0.273320 0.225700 -0.010384 -0.243678 0.198896 0.050115 -0.214205 0.173135 -0.196223 -0.072714 0.257238 -0.275825 -0.135395 0.424707 -0.363897 -0.189447 0.540502 -0.248275 -0.343267 0.456407 -0.257956 -0.379099 0.588333 -0.229999 -0.302363 0.671538 -0.116517 -0.361320 0.446000 -0.083374 -0.235862 0.542365 -0.060002 -0.127740 0.462348 -0.026281 -0.341783 0.385541 -0.013277 -0.255675 0.509666 0.006881 -0.127032 0.473438 0.040324 -0.219445 0.347672 0.033585 -0.223051 0.467809 0.026192 -0.109362 0.482752 
0.000000 0.000000 0.000000 -0.068367 0.027574 -0.013767 -0.241025 -0.262096 0.253975 -0.110843 -0.254226 0.243352 -0.017862 -0.227971 0.216233 0.043556 -0.201361 0.189546 -0.199183 -0.058303 0.257081 -0.281039 -0.112040 0.426560 -0.367152 -0.163777 0.544859 -0.276325 -0.322047 0.469798 -0.297660 -0.358280 0.600236 -0.272684 -0.283471 0.686102 -0.137274 -0.348669 0.459815 -0.106366 -0.240474 0.575845 -0.074289 -0.127036 0.506982 -0.043047 -0.323936 0.402968 -0.037516 -0.264577 0.542384 -0.012342 -0.133315 0.522274 0.027381 -0.216853 0.362996 0.016247 -0.227516 0.482384 0.009779 -0.117034 0.513288 
0.000000 0.000000 0.000000 -0.068135 0.027069 -0.015770 -0.243476 -0.242778 0.270312 -0.113217 -0.236554 0.259541 -0.019988 -0.212830 0.230976 0.041680 -0.188501 0.202734 -0.193900 -0.046878 0.260927 -0.272596 -0.093150 0.434066 -0.360366 -0.136515 0.554493 -0.291948 -0.295762 0.485401 -0.321243 -0.327784 0.615395 -0.298495 -0.253575 0.702393 -0.144067 -0.331454 0.475218 -0.122728 -0.238146 0.605460 -0.089906 -0.120498 0.544459 -0.048212 -0.308078 0.417644 -0.050298 -0.264788 0.562946 -0.027100 -0.132116 0.551623 0.027944 -0.205919 0.376211 0.018490 -0.217907 0.495619 0.012586 -0.109236 0.532480 
0.000000 0.000000 0.000000 -0.067753 0.028549 -0.014778 -0.242778 -0.227764 0.283677 -0.112735 -0.225599 0.269320 -0.019685 -0.205401 0.237633 0.041854 -0.183681 0.207076 -0.186821 -0.042932 0.265507 -0.261326 -0.087660 0.440892 -0.348825 -0.126964 0.562899 -0.297601 -0.280514 0.497294 -0.330734 -0.312395 0.626398 -0.308580 -0.238569 0.713873 -0.139463 -0.321911 0.484921 -0.118940 -0.237475 0.621207 -0.087385 -0.116866 0.565554 -0.045297 -0.292067 0.428804 -0.049683 -0.262424 0.577441 -0.028027 -0.129115 0.572186 0.029560 -0.203563 0.380396 0.021098 -0.217248 0.499696 0.015328 -0.109858 0.540159 
0.000000 0.000000 0.000000 -0.067817 0.027430 -0.016501 -0.244627 -0.223087 0.285797 -0.114412 -0.219884 0.273310 -0.021112 -0.199493 0.242493 0.040649 -0.177894 0.212303 -0.186594 -0.038357 0.265297 -0.260917 -0.079523 0.441628 -0.345317 -0.119785 0.565493 -0.305338 -0.269088 0.499381 -0.342030 -0.296890 0.628466 -0.321698 -0.223132 0.716440 -0.141730 -0.316388 0.488751 -0.122125 -0.237477 0.628441 -0.089320 -0.114743 0.578445 -0.046144 -0.286687 0.433502 -0.051109 -0.265099 0.583503 -0.029438 -0.131699 0.585158 0.027280 -0.200578 0.385199 0.018078 -0.216192 0.504207 0.012462 -0.110021 0.547790 
0.000000 0.000000 0.000000 -0.067468 0.028573 -0.015985 -0.245995 -0.218058 0.288492 -0.115857 -0.217167 0.274869 -0.022486 -0.198491 0.243191 0.039378 -0.178052 0.212410 -0.189476 -0.033868 0.265194 -0.265821 -0.072940 0.441137 -0.343183 -0.119890 0.567223 -0.309737 -0.262646 0.501492 -0.348261 -0.289594 0.630223 -0.329272 -0.216247 0.718839 -0.142327 -0.313555 0.490469 -0.123423 -0.240034 0.633164 -0.090548 -0.116870 0.584284 -0.046592 -0.282910 0.435561 -0.052118 -0.268222 0.586374 -0.030255 -0.134889 0.589872 0.025206 -0.199937 0.385345 0.015452 -0.215000 0.504380 0.010962 -0.109664 0.550065 
0.000000 0.000000 0.000000 -0.067821 0.027300 -0.016702 -0.245270 -0.224887 0.283829 -0.115009 -0.221264 0.271942 -0.021630 -0.200488 0.241626 0.040204 -0.178596 0.211798 -0.195278 -0.037236 0.261572 -0.275032 -0.077619 0.435697 -0.341390 -0.134169 0.564093 -0.309138 -0.268101 0.497074 -0.347738 -0.294219 0.625954 -0.333255 -0.225484 0.719007 -0.140788 -0.320244 0.486448 -0.122563 -0.246562 0.629149 -0.091079 -0.122987 0.580391 -0.045553 -0.285473 0.433769 -0.051166 -0.268672 0.584358 -0.030345 -0.135178 0.588085 0.028143 -0.202710 0.384596 0.019842 -0.219309 0.503537 0.017468 -0.114933 0.551529 
0.000000 0.000000 0.000000 -0.068371 0.027585 -0.013723 -0.236462 -0.237796 0.280766 -0.106590 -0.232952 0.265536 -0.014162 -0.210417 0.233603 0.046740 -0.186965 0.203054 -0.200840 -0.039232 0.261656 -0.283731 -0.081041 0.433971 -0.368527 -0.128501 0.554983 -0.291708 -0.296627 0.492678 -0.325098 -0.332183 0.620752 -0.318200 -0.279182 0.724369 -0.131212 -0.328564 0.481699 -0.122738 -0.258756 0.627232 -0.097728 -0.132394 0.581993 -0.037821 -0.279894 0.431913 -0.044145 -0.259711 0.582058 -0.022993 -0.126226 0.583580 0.042683 -0.212252 0.376057 0.039890 -0.229658 0.495139 0.039113 -0.126453 0.545651 
0.000000 0.000000 0.000000 -0.070326 0.024494 -0.008845 -0.210986 -0.274213 0.267549 -0.082324 -0.260343 0.248156 0.007301 -0.229718 0.214994 0.065483 -0.200184 0.184416 -0.214210 -0.051900 0.258190 -0.304243 -0.099702 0.425283 -0.418529 -0.132193 0.525133 -0.245263 -0.359742 0.474745 -0.265980 -0.411434 0.599968 -0.259964 -0.375521 0.710725 -0.085150 -0.358640 0.464499 -0.067826 -0.274831 0.601614 -0.053405 -0.147701 0.553976 0.007435 -0.315847 0.408115 0.018739 -0.268974 0.551871 0.032104 -0.134553 0.547383 0.077141 -0.231629 0.356060 0.085165 -0.253273 0.474206 0.080519 -0.151290 0.526941 
0.000000 0.000000 0.000000 -0.073080 0.015900 -0.005511 -0.168075 -0.329865 0.232874 -0.042731 -0.296926 0.214816 0.041460 -0.250986 0.185293 0.094676 -0.210573 0.158324 -0.203110 -0.102114 0.253354 -0.284474 -0.175961 0.415335 -0.405635 -0.222242 0.500570 -0.161513 -0.431506 0.435473 -0.157547 -0.492935 0.557918 -0.143982 -0.456938 0.667978 -0.018066 -0.396221 0.429308 -0.001668 -0.290286 0.550277 -0.006499 -0.165535 0.495020 0.064901 -0.347829 0.371802 0.076953 -0.274114 0.503755 0.071380 -0.139585 0.491971 0.121252 -0.239185 0.328798 0.139545 -0.258878 0.446139 0.122923 -0.156213 0.494993 
0.000000 0.000000 0.000000 -0.074726 0.004348 -0.004577 -0.110202 -0.384690 0.176521 0.007890 -0.329260 0.166322 0.083196 -0.266155 0.145897 0.128879 -0.213912 0.126503 -0.174957 -0.174396 0.231751 -0.237675 -0.286243 0.379629 -0.345315 -0.371077 0.452455 -0.063337 -0.478084 0.377770 -0.035012 -0.534530 0.499400 -0.022094 -0.484177 0.603759 0.059978 -0.409402 0.383897 0.056151 -0.274046 0.472151 0.026611 -0.159046 0.404761 0.136518 -0.359377 0.328051 0.132132 -0.257772 0.440515 0.098485 -0.128258 0.421484 0.165959 -0.238278 0.295671 0.191482 -0.255049 0.412112 0.155440 -0.155671 0.457147 
0.000000 0.000000 0.000000 -0.074879 -0.002163 -0.003515 -0.071632 -0.408152 0.139897 0.040722 -0.341335 0.134050 0.109601 -0.269900 0.119113 0.149992 -0.212064 0.104415 -0.158747 -0.214014 0.210801 -0.211227 -0.346577 0.344906 -0.305243 -0.453137 0.407299 -0.008833 -0.491972 0.341021 0.029120 -0.542630 0.462575 0.034483 -0.481550 0.561739 0.103844 -0.402383 0.354874 0.078050 -0.254207 0.414060 0.034598 -0.149080 0.338565 0.175098 -0.351282 0.302963 0.153535 -0.238387 0.401861 0.104026 -0.115022 0.377410 0.201069 -0.253129 0.266560 0.210122 -0.234099 0.385081 0.161688 -0.138176 0.425778 
0.000000 0.000000 0.000000 -0.074662 -0.006463 -0.002763 -0.046160 -0.414039 0.133158 0.062045 -0.340691 0.127348 0.126477 -0.265108 0.112994 0.163265 -0.204765 0.098930 -0.138512 -0.229996 0.206527 -0.178464 -0.369869 0.337488 -0.262478 -0.485769 0.397452 0.027774 -0.481327 0.336693 0.072457 -0.521994 0.459703 0.072584 -0.451973 0.552924 0.134945 -0.384964 0.349158 0.099266 -0.234420 0.395934 0.046952 -0.136060 0.317017 0.205419 -0.340526 0.294085 0.175353 -0.223285 0.385416 0.115390 -0.105387 0.357622 0.224721 -0.247100 0.257098 0.223404 -0.209990 0.371607 0.167576 -0.116303 0.407790 
0.000000 0.000000 0.000000 -0.074486 -0.007815 -0.003835 -0.040619 -0.414597 0.133228 0.066319 -0.339316 0.128856 0.129580 -0.262604 0.115301 0.165474 -0.201629 0.101663 -0.131560 -0.230575 0.208219 -0.167274 -0.369964 0.340908 -0.247520 -0.487722 0.402393 0.030080 -0.472782 0.340680 0.072809 -0.507947 0.466058 0.070417 -0.434202 0.556331 0.137957 -0.375760 0.352494 0.099087 -0.224631 0.394609 0.045676 -0.128098 0.314185 0.207614 -0.329163 0.300218 0.172656 -0.208677 0.385375 0.110379 -0.092948 0.353806 0.229083 -0.241875 0.259525 0.224409 -0.199333 0.372040 0.166780 -0.106182 0.406754 
0.000000 0.000000 0.000000 -0.074702 -0.005318 -0.003894 -0.054582 -0.412966 0.133306 0.054820 -0.341308 0.129000 0.120624 -0.266760 0.115477 0.158550 -0.207025 0.101852 -0.136237 -0.226800 0.208251 -0.174743 -0.365389 0.340998 -0.255375 -0.481865 0.404389 0.016427 -0.491850 0.333693 0.053327 -0.510633 0.464337 0.052147 -0.433391 0.551661 0.120450 -0.381773 0.353788 0.085525 -0.229928 0.396774 0.036891 -0.129864 0.317646 0.192242 -0.334484 0.302555 0.160268 -0.212305 0.386463 0.103197 -0.094032 0.354487 0.219705 -0.247963 0.260504 0.217983 -0.208582 0.374246 0.163034 -0.114170 0.409888 
0.000000 0.000000 0.000000 -0.074906 -0.002782 -0.002302 -0.066207 -0.406860 0.146192 0.045511 -0.339263 0.137719 0.113582 -0.267499 0.120788 0.153280 -0.209549 0.104718 -0.144533 -0.216719 0.215021 -0.188101 -0.350587 0.351008 -0.272350 -0.462172 0.418369 0.000817 -0.487239 0.347356 0.036439 -0.504630 0.478545 0.038738 -0.425381 0.564029 0.111235 -0.383186 0.361829 0.083729 -0.232009 0.411964 0.038162 -0.127507 0.336848 0.184122 -0.337246 0.307531 0.157688 -0.214537 0.392588 0.104753 -0.094021 0.361900 0.208964 -0.246474 0.266341 0.213197 -0.214770 0.382394 0.161791 -0.118820 0.419192 
0.000000 0.000000 0.000000 -0.074891 -0.001109 -0.003732 -0.078933 -0.399070 0.160633 0.034540 -0.334509 0.151816 0.104654 -0.265093 0.133490 0.146057 -0.208775 0.115981 -0.147860 -0.201618 0.225000 -0.193519 -0.327083 0.368125 -0.281800 -0.431353 0.441752 -0.016280 -0.463095 0.368948 0.019462 -0.484253 0.499551 0.024498 -0.402680 0.582699 0.095347 -0.372697 0.378352 0.075653 -0.221794 0.432804 0.035348 -0.115146 0.357696 0.173854 -0.329794 0.322537 0.154515 -0.205573 0.407307 0.106120 -0.083748 0.374371 0.200642 -0.243451 0.278475 0.208643 -0.213565 0.394811 0.161167 -0.115845 0.432229 
0.000000 0.000000 0.000000 -0.074938 0.000952 -0.002703 -0.087923 -0.393256 0.170027 0.027195 -0.332156 0.158336 0.098979 -0.265163 0.137616 0.141707 -0.210423 0.118374 -0.153142 -0.190468 0.232007 -0.202077 -0.310245 0.378874 -0.292351 -0.409354 0.457072 -0.028406 -0.458985 0.378732 0.005709 -0.478556 0.510015 0.012743 -0.396498 0.592538 0.085280 -0.371894 0.385319 0.070236 -0.221068 0.441441 0.033803 -0.111961 0.367903 0.162567 -0.328406 0.329111 0.145966 -0.205627 0.416522 0.101362 -0.082114 0.384537 0.191098 -0.238028 0.283858 0.204038 -0.216224 0.401537 0.159712 -0.117921 0.441222 
0.000000 0.000000 0.000000 -0.074895 0.002833 -0.002556 -0.097541 -0.388085 0.176538 0.019076 -0.330158 0.163613 0.092501 -0.265373 0.141659 0.136569 -0.212065 0.121444 -0.157509 -0.182948 0.235155 -0.209203 -0.299198 0.383900 -0.301590 -0.394077 0.464829 -0.038817 -0.457345 0.384323 -0.005486 -0.468966 0.516747 0.003742 -0.386232 0.598375 0.073712 -0.373916 0.390713 0.063184 -0.224388 0.451170 0.030625 -0.113513 0.378466 0.152990 -0.336175 0.331506 0.138482 -0.214179 0.420372 0.097313 -0.089219 0.389417 0.181757 -0.236637 0.288598 0.198896 -0.224101 0.407090 0.157877 -0.125129 0.448625 
0.000000 0.000000 0.000000 -0.074753 0.004729 -0.003671 -0.110088 -0.382362 0.181578 0.008171 -0.327704 0.169353 0.083562 -0.265226 0.147372 0.129284 -0.213431 0.126902 -0.161503 -0.172237 0.239236 -0.215785 -0.282971 0.391231 -0.310033 -0.373050 0.475432 -0.053435 -0.448547 0.390934 -0.020358 -0.463739 0.523059 -0.010132 -0.378428 0.601866 0.058596 -0.373920 0.396941 0.052711 -0.223866 0.456722 0.024715 -0.114053 0.380586 0.138485 -0.333797 0.339713 0.127782 -0.210440 0.427230 0.091867 -0.084570 0.393543 0.170194 -0.237123 0.295280 0.186814 -0.226744 0.414055 0.149021 -0.126545 0.455707 
0.000000 0.000000 0.000000 -0.074679 0.005892 -0.003501 -0.115612 -0.380660 0.181720 0.003455 -0.327844 0.169244 0.079759 -0.266540 0.147110 0.126235 -0.215455 0.126551 -0.162183 -0.166658 0.242295 -0.216937 -0.274628 0.396099 -0.310194 -0.361929 0.484238 -0.062799 -0.449636 0.391179 -0.032329 -0.453482 0.524741 -0.022070 -0.365994 0.601120 0.052781 -0.373537 0.397177 0.048221 -0.222870 0.455515 0.021594 -0.113338 0.378489 0.133765 -0.331443 0.340977 0.124344 -0.207091 0.427226 0.089778 -0.080999 0.392962 0.164403 -0.232312 0.296390 0.186171 -0.233096 0.414782 0.149385 -0.132585 0.456586 
0.000000 0.000000 0.000000 -0.074538 0.007686 -0.002975 -0.123456 -0.378348 0.181388 -0.003246 -0.328355 0.168255 0.074351 -0.268824 0.145781 0.121896 -0.218801 0.125055 -0.163421 -0.167959 0.240120 -0.219039 -0.277866 0.392233 -0.307263 -0.367711 0.482958 -0.070454 -0.461546 0.385567 -0.040090 -0.455318 0.519063 -0.029005 -0.366877 0.594219 0.043871 -0.380288 0.395317 0.041602 -0.229298 0.452948 0.017481 -0.119871 0.374953 0.125474 -0.340635 0.337987 0.116848 -0.215804 0.423624 0.084904 -0.089035 0.389316 0.160424 -0.237453 0.294625 0.181108 -0.235772 0.413203 0.145726 -0.134773 0.455041 
0.000000 0.000000 0.000000 -0.074282 0.008620 -0.005633 -0.134618 -0.376197 0.177888 -0.013390 -0.327771 0.168891 0.065707 -0.269296 0.149025 0.114591 -0.219943 0.129866 -0.163340 -0.165796 0.238280 -0.219066 -0.274935 0.390906 -0.302444 -0.367744 0.483217 -0.088106 -0.444053 0.389199 -0.059824 -0.456597 0.522708 -0.046919 -0.370030 0.599732 0.026954 -0.379098 0.397392 0.026865 -0.227804 0.454266 0.007019 -0.119671 0.373316 0.106763 -0.341396 0.343524 0.098022 -0.216274 0.428724 0.070967 -0.088834 0.392739 0.141050 -0.232591 0.302279 0.159263 -0.241297 0.420954 0.125160 -0.139701 0.462407 
0.000000 0.000000 0.000000 -0.074012 0.009668 -0.007259 -0.143859 -0.373177 0.177013 -0.021772 -0.326571 0.170337 0.058578 -0.269367 0.151843 0.108575 -0.220841 0.133462 -0.165144 -0.163245 0.236958 -0.222168 -0.271443 0.389774 -0.305280 -0.363889 0.482688 -0.105216 -0.432270 0.392500 -0.081095 -0.448794 0.526392 -0.066281 -0.364720 0.605797 0.015166 -0.376461 0.399729 0.017608 -0.225555 0.457574 0.000615 -0.117769 0.375521 0.094062 -0.341075 0.347579 0.087056 -0.217290 0.434866 0.063627 -0.089307 0.398268 0.132071 -0.234597 0.306219 0.148245 -0.244066 0.425130 0.116176 -0.141870 0.466731 
0.000000 0.000000 0.000000 -0.073830 0.012012 -0.005366 -0.151028 -0.367603 0.182617 -0.027728 -0.324977 0.172507 0.053898 -0.270466 0.151623 0.104923 -0.223651 0.131691 -0.169008 -0.157974 0.239362 -0.228563 -0.264341 0.392497 -0.315559 -0.351495 0.486958 -0.115715 -0.449257 0.391197 -0.091890 -0.449758 0.526157 -0.076171 -0.366649 0.606399 0.003893 -0.377150 0.402186 0.005093 -0.226098 0.459687 -0.009930 -0.118538 0.376956 0.085148 -0.339786 0.348934 0.078775 -0.215973 0.436229 0.057843 -0.087658 0.399281 0.125307 -0.238628 0.304742 0.139338 -0.248936 0.423856 0.108640 -0.146572 0.466073 
0.000000 0.000000 0.000000 -0.073663 0.012981 -0.005397 -0.155853 -0.363413 0.186899 -0.031987 -0.322626 0.176144 0.050359 -0.269494 0.154542 0.102000 -0.223619 0.134021 -0.173488 -0.149815 0.242350 -0.235951 -0.251683 0.397375 -0.321187 -0.336441 0.495547 -0.121004 -0.443416 0.396196 -0.097397 -0.446443 0.531161 -0.081466 -0.362848 0.610856 -0.000552 -0.371350 0.406605 0.004437 -0.220829 0.465282 -0.008615 -0.113642 0.381736 0.082524 -0.339317 0.351529 0.079512 -0.217308 0.441504 0.060220 -0.088661 0.404816 0.123227 -0.236499 0.307139 0.137839 -0.245365 0.426299 0.107938 -0.142654 0.468247 
0.000000 0.000000 0.000000 -0.073336 0.013875 -0.007298 -0.165055 -0.358129 0.189184 -0.040425 -0.319191 0.180611 0.043114 -0.267534 0.160040 0.095835 -0.222704 0.139964 -0.178685 -0.138755 0.244598 -0.244606 -0.234261 0.402218 -0.320342 -0.320292 0.506859 -0.131796 -0.426488 0.402822 -0.109975 -0.446454 0.536640 -0.092909 -0.362709 0.615941 -0.014079 -0.370386 0.411174 -0.002033 -0.222414 0.475079 -0.008734 -0.113384 0.393183 0.070099 -0.339737 0.356947 0.070790 -0.220813 0.451007 0.056702 -0.090996 0.416118 0.115574 -0.237934 0.313067 0.129161 -0.248417 0.432217 0.101883 -0.144652 0.473347 
0.000000 0.000000 0.000000 -0.072574 0.017454 -0.007230 -0.181953 -0.344561 0.198649 -0.055549 -0.312304 0.188462 0.030392 -0.265520 0.166198 0.085210 -0.223952 0.144761 -0.188510 -0.120670 0.248361 -0.261056 -0.207099 0.408293 -0.323364 -0.296148 0.519084 -0.162346 -0.431323 0.407234 -0.144177 -0.439083 0.542851 -0.123855 -0.354579 0.620563 -0.036250 -0.372281 0.417601 -0.019066 -0.227603 0.487584 -0.019585 -0.116940 0.407629 0.049755 -0.344116 0.361547 0.054725 -0.231525 0.462983 0.047544 -0.100693 0.429825 0.099780 -0.237710 0.318498 0.109809 -0.247179 0.438085 0.086581 -0.142532 0.479467 
0.000000 0.000000 0.000000 -0.071827 0.020026 -0.007981 -0.195303 -0.328182 0.213175 -0.067725 -0.301484 0.201638 0.019987 -0.259178 0.177408 0.076393 -0.220796 0.154221 -0.193274 -0.103406 0.252521 -0.269267 -0.180640 0.415527 -0.317621 -0.274766 0.529058 -0.190261 -0.413795 0.423092 -0.178221 -0.427534 0.558917 -0.152078 -0.343160 0.635013 -0.054818 -0.365730 0.430069 -0.031479 -0.224040 0.504257 -0.025627 -0.113524 0.424312 0.033139 -0.339142 0.372719 0.042271 -0.234543 0.482110 0.041457 -0.103415 0.449355 0.081971 -0.234094 0.328515 0.085810 -0.243247 0.448485 0.066206 -0.137971 0.490147 
0.000000 0.000000 0.000000 -0.070925 0.022750 -0.008720 -0.208288 -0.308266 0.229953 -0.079730 -0.287822 0.216654 0.009614 -0.250677 0.190039 0.067515 -0.216017 0.164771 -0.199600 -0.088060 0.253978 -0.280116 -0.157398 0.418357 -0.314876 -0.255711 0.533306 -0.212374 -0.388861 0.441868 -0.205691 -0.407135 0.577527 -0.176047 -0.324958 0.654736 -0.072411 -0.365482 0.441131 -0.040309 -0.231625 0.525843 -0.027514 -0.119759 0.448631 0.015785 -0.340426 0.381404 0.029178 -0.249148 0.501736 0.035989 -0.116939 0.474489 0.072199 -0.232910 0.338779 0.075423 -0.244538 0.458553 0.060681 -0.139827 0.503514 
0.000000 0.000000 0.000000 -0.069723 0.025658 -0.010213 -0.223322 -0.284839 0.245529 -0.093905 -0.271412 0.231635 -0.002827 -0.240150 0.203387 0.056723 -0.209766 0.176499 -0.204044 -0.068222 0.256228 -0.288094 -0.126965 0.422949 -0.312092 -0.228284 0.538038 -0.237875 -0.344471 0.463823 -0.246670 -0.380512 0.595754 -0.215926 -0.299996 0.674273 -0.098117 -0.361487 0.451505 -0.055845 -0.241428 0.551121 -0.031043 -0.127163 0.480639 -0.005852 -0.334868 0.392419 0.010382 -0.265254 0.526139 0.027399 -0.132247 0.509178 0.058022 -0.228330 0.350395 0.058915 -0.241108 0.470091 0.049938 -0.138902 0.521827 
0.000000 0.000000 0.000000 -0.069180 0.026145 -0.012426 -0.230887 -0.269141 0.256017 -0.101107 -0.258311 0.243290 -0.009196 -0.229811 0.214822 0.051164 -0.201659 0.187315 -0.208333 -0.054851 0.255758 -0.295405 -0.105533 0.423569 -0.315656 -0.206814 0.539410 -0.252244 -0.322502 0.475372 -0.265151 -0.354752 0.607945 -0.231723 -0.275051 0.686197 -0.115485 -0.345693 0.463817 -0.075343 -0.230727 0.570100 -0.045037 -0.117179 0.500618 -0.017241 -0.322988 0.404472 -0.001818 -0.257827 0.540512 0.018941 -0.125126 0.525433 0.048159 -0.219119 0.361305 0.046091 -0.231137 0.481065 0.039918 -0.129737 0.534761 
0.000000 0.000000 0.000000 -0.068495 0.027852 -0.012512 -0.235773 -0.252872 0.267875 -0.105894 -0.246543 0.253260 -0.013521 -0.221919 0.222745 0.047320 -0.196625 0.193574 -0.212571 -0.044808 0.255460 -0.302724 -0.090275 0.423139 -0.318817 -0.191129 0.539999 -0.259748 -0.306958 0.486782 -0.274237 -0.339646 0.619083 -0.239654 -0.260190 0.697082 -0.120256 -0.337123 0.472493 -0.076782 -0.225938 0.581454 -0.044674 -0.112365 0.512827 -0.026212 -0.316974 0.411206 -0.013110 -0.260051 0.551131 0.010015 -0.127536 0.537978 0.044339 -0.211536 0.367800 0.042287 -0.221800 0.487724 0.038683 -0.120372 0.541600 
0.000000 0.000000 0.000000 -0.067694 0.029575 -0.012912 -0.241354 -0.236690 0.277518 -0.111464 -0.234908 0.261785 -0.018618 -0.214178 0.229842 0.042742 -0.191747 0.199442 -0.213780 -0.033257 0.256452 -0.305191 -0.072573 0.425003 -0.316121 -0.172035 0.543640 -0.267613 -0.291276 0.496038 -0.283484 -0.324266 0.628106 -0.250058 -0.244669 0.706465 -0.131876 -0.326330 0.480188 -0.092287 -0.225850 0.600442 -0.056483 -0.110597 0.536613 -0.035852 -0.300711 0.422010 -0.027554 -0.256993 0.566961 -0.001658 -0.124536 0.559711 0.038278 -0.211355 0.373171 0.035205 -0.224852 0.492753 0.035780 -0.125564 0.550585 
0.000000 0.000000 0.000000 -0.067443 0.029792 -0.013702 -0.244081 -0.230433 0.280385 -0.114115 -0.229755 0.265193 -0.021001 -0.210166 0.233314 0.040634 -0.188646 0.202811 -0.214771 -0.028846 0.255932 -0.306959 -0.065537 0.424651 -0.313568 -0.160899 0.546918 -0.268629 -0.281865 0.499867 -0.283465 -0.312950 0.632515 -0.256004 -0.231556 0.711345 -0.134872 -0.317893 0.484910 -0.096345 -0.223045 0.609987 -0.058626 -0.106591 0.549529 -0.035826 -0.293787 0.426967 -0.026084 -0.255283 0.573300 0.001145 -0.122921 0.570659 0.038080 -0.210124 0.376358 0.036323 -0.224907 0.495814 0.039282 -0.127348 0.556449 
0.000000 0.000000 0.000000 -0.066885 0.031494 -0.012589 -0.245825 -0.226647 0.281943 -0.116092 -0.228955 0.265028 -0.022961 -0.211353 0.232054 0.038766 -0.191081 0.200889 -0.219777 -0.029503 0.253399 -0.315447 -0.067671 0.419837 -0.324834 -0.157295 0.546195 -0.267668 -0.287117 0.499397 -0.280869 -0.323664 0.630820 -0.258916 -0.245735 0.714714 -0.139055 -0.318920 0.483782 -0.103385 -0.229264 0.613450 -0.064884 -0.111450 0.556206 -0.043245 -0.283050 0.429947 -0.039742 -0.248197 0.577473 -0.011833 -0.115952 0.576898 0.036033 -0.211699 0.374537 0.034153 -0.225891 0.494063 0.039110 -0.129641 0.556628 
0.000000 0.000000 0.000000 -0.067107 0.030795 -0.013123 -0.245991 -0.230398 0.278739 -0.116083 -0.231202 0.263073 -0.022841 -0.212446 0.231065 0.038953 -0.191375 0.200572 -0.222597 -0.033084 0.250673 -0.319893 -0.073055 0.415740 -0.338732 -0.157636 0.544496 -0.268048 -0.295658 0.494783 -0.281378 -0.335100 0.625353 -0.262970 -0.263410 0.715435 -0.137321 -0.318343 0.483141 -0.106041 -0.230069 0.614875 -0.069869 -0.109877 0.561164 -0.042661 -0.285968 0.428335 -0.037682 -0.249053 0.575316 -0.009204 -0.116935 0.573978 0.036580 -0.212551 0.374159 0.034946 -0.227126 0.493642 0.040508 -0.130754 0.555969 
0.000000 0.000000 0.000000 -0.067661 0.030395 -0.011047 -0.237961 -0.239261 0.278243 -0.108399 -0.238367 0.259939 -0.016020 -0.217921 0.226495 0.044928 -0.195519 0.195256 -0.215016 -0.041133 0.255443 -0.307221 -0.085890 0.422195 -0.377460 -0.144826 0.547414 -0.255305 -0.322508 0.488456 -0.265787 -0.372820 0.615502 -0.249737 -0.309723 0.712220 -0.121486 -0.322085 0.481963 -0.093339 -0.238560 0.617447 -0.061439 -0.112953 0.574496 -0.031436 -0.291543 0.424121 -0.021796 -0.249015 0.569342 0.006851 -0.116964 0.566195 0.048918 -0.218512 0.368582 0.051665 -0.234338 0.487885 0.058074 -0.137748 0.549792 
0.000000 0.000000 0.000000 -0.069019 0.027808 -0.009327 -0.223186 -0.253925 0.277489 -0.094105 -0.247401 0.257049 -0.003228 -0.222581 0.222471 0.056209 -0.197131 0.190659 -0.215749 -0.040072 0.258458 -0.307563 -0.082548 0.426020 -0.420836 -0.114414 0.527217 -0.233983 -0.354930 0.480225 -0.240508 -0.415974 0.602753 -0.225826 -0.363386 0.705767 -0.098636 -0.332321 0.478955 -0.070493 -0.255437 0.618316 -0.042921 -0.127774 0.578551 -0.010700 -0.300792 0.418790 0.003757 -0.253616 0.562164 0.028937 -0.120891 0.557895 0.064381 -0.220254 0.363821 0.070006 -0.236170 0.483011 0.076350 -0.139174 0.544287 
0.000000 0.000000 0.000000 -0.070542 0.025291 -0.002847 -0.194243 -0.283835 0.270181 -0.067135 -0.269985 0.242360 0.020225 -0.238568 0.204260 0.076391 -0.208150 0.170907 -0.226936 -0.055691 0.255666 -0.324798 -0.106364 0.417427 -0.454365 -0.133199 0.498538 -0.184982 -0.395723 0.467198 -0.179385 -0.463345 0.586269 -0.161375 -0.413934 0.690324 -0.050464 -0.359209 0.461986 -0.017992 -0.253212 0.579607 -0.006495 -0.128695 0.524809 0.034439 -0.323212 0.397514 0.059038 -0.252507 0.529373 0.072591 -0.118936 0.513782 0.098210 -0.230438 0.342992 0.113228 -0.245779 0.461442 0.114233 -0.145379 0.517316 
0.000000 0.000000 0.000000 -0.072373 0.019649 -0.000128 -0.166842 -0.320044 0.247035 -0.041682 -0.293695 0.219416 0.042304 -0.252262 0.183358 0.095350 -0.214738 0.152206 -0.231005 -0.090801 0.245804 -0.330266 -0.159914 0.399693 -0.462892 -0.200779 0.469172 -0.134716 -0.428026 0.443829 -0.115300 -0.493287 0.562766 -0.098437 -0.434355 0.661942 -0.003172 -0.365026 0.442806 0.020856 -0.227392 0.524071 0.011950 -0.118066 0.442782 0.078121 -0.329360 0.376973 0.095403 -0.222071 0.482715 0.086405 -0.093064 0.443421 0.123963 -0.217810 0.324712 0.143658 -0.219923 0.443451 0.130006 -0.111749 0.479716 
0.000000 0.000000 0.000000 -0.073534 0.014660 0.001304 -0.143725 -0.348149 0.222320 -0.020757 -0.311401 0.196814 0.060075 -0.261803 0.164001 0.110324 -0.218555 0.135770 -0.227557 -0.125909 0.234463 -0.323935 -0.213869 0.380360 -0.453486 -0.271486 0.443476 -0.096201 -0.468890 0.408285 -0.067159 -0.513680 0.534509 -0.054441 -0.445193 0.628002 0.030012 -0.362212 0.423343 0.037711 -0.207177 0.468392 0.014809 -0.114502 0.370791 0.107623 -0.324672 0.360216 0.109423 -0.195276 0.439236 0.084332 -0.074934 0.383054 0.139901 -0.201754 0.307320 0.160259 -0.190189 0.425400 0.131804 -0.080658 0.445305 
0.000000 0.000000 0.000000 -0.074104 0.011421 0.001418 -0.129640 -0.362976 0.206717 -0.008250 -0.319947 0.183584 0.070523 -0.265597 0.153398 0.118995 -0.219089 0.127324 -0.214538 -0.145243 0.232894 -0.302413 -0.243272 0.377737 -0.427536 -0.310183 0.440616 -0.064501 -0.488800 0.383764 -0.027617 -0.509842 0.514067 -0.017941 -0.430571 0.599011 0.052558 -0.354769 0.410661 0.050291 -0.195289 0.436844 0.018476 -0.114037 0.331843 0.130365 -0.321223 0.348433 0.124294 -0.182092 0.408405 0.089641 -0.068318 0.344197 0.162828 -0.226579 0.296465 0.169309 -0.169396 0.402198 0.134890 -0.060243 0.412401 
0.000000 0.000000 0.000000 -0.074262 0.010285 0.001814 -0.123459 -0.367595 0.202292 -0.002809 -0.322442 0.179333 0.075034 -0.266518 0.149614 0.122712 -0.218944 0.124001 -0.208233 -0.154244 0.231658 -0.292064 -0.257195 0.375480 -0.414805 -0.329630 0.436919 -0.057658 -0.493652 0.378928 -0.023819 -0.494722 0.511727 -0.018619 -0.407907 0.589375 0.060709 -0.343493 0.407361 0.053839 -0.182513 0.420126 0.019236 -0.108715 0.310600 0.138989 -0.311607 0.346058 0.126927 -0.166817 0.389429 0.088230 -0.058573 0.318338 0.163684 -0.215127 0.293981 0.166864 -0.151814 0.396316 0.129202 -0.043280 0.398574 
0.000000 0.000000 0.000000 -0.074245 0.010437 0.001644 -0.125083 -0.369574 0.197635 -0.004242 -0.324445 0.175655 0.073844 -0.268369 0.146872 0.121729 -0.220619 0.121985 -0.200332 -0.158755 0.232561 -0.279229 -0.264623 0.377054 -0.398210 -0.340860 0.441227 -0.058869 -0.491274 0.377149 -0.024950 -0.485980 0.509827 -0.020578 -0.394294 0.581714 0.057214 -0.337941 0.404817 0.048950 -0.176624 0.410571 0.015103 -0.105731 0.298911 0.133355 -0.306274 0.346210 0.120041 -0.161187 0.388201 0.082249 -0.054935 0.313702 0.166484 -0.222185 0.291043 0.166076 -0.148760 0.386437 0.128299 -0.040249 0.385267 
0.000000 0.000000 0.000000 -0.074173 0.011003 0.001101 -0.129040 -0.366896 0.200066 -0.007734 -0.322862 0.178431 0.070942 -0.267622 0.149640 0.119333 -0.220449 0.124631 -0.190951 -0.145223 0.245647 -0.264023 -0.242979 0.398668 -0.379310 -0.313102 0.475339 -0.060935 -0.485379 0.381018 -0.025341 -0.473553 0.512834 -0.019591 -0.379057 0.580883 0.055275 -0.337625 0.407093 0.051425 -0.176196 0.414183 0.018501 -0.103854 0.303178 0.130287 -0.308929 0.348350 0.119009 -0.163682 0.390386 0.082712 -0.056561 0.316389 0.162826 -0.216463 0.293979 0.165256 -0.146097 0.391621 0.128769 -0.037143 0.390714 
0.000000 0.000000 0.000000 -0.074007 0.012011 0.001592 -0.131795 -0.360691 0.209338 -0.010149 -0.318759 0.185545 0.068947 -0.265213 0.154772 0.117695 -0.219246 0.128258 -0.178173 -0.135135 0.257216 -0.243352 -0.227210 0.417169 -0.354338 -0.291143 0.504814 -0.065874 -0.481709 0.389419 -0.029645 -0.475166 0.521429 -0.022350 -0.381119 0.589950 0.051108 -0.338216 0.414332 0.048997 -0.177379 0.430192 0.017290 -0.100940 0.321606 0.128282 -0.306490 0.353492 0.118962 -0.162156 0.399006 0.083530 -0.053240 0.327244 0.160557 -0.217990 0.297809 0.164827 -0.151503 0.398071 0.130159 -0.041967 0.399822 
0.000000 0.000000 0.000000 -0.073901 0.012591 0.001996 -0.132913 -0.357098 0.214721 -0.011139 -0.316385 0.189510 0.068122 -0.263821 0.157494 0.117012 -0.218552 0.130055 -0.170573 -0.133097 0.261372 -0.231063 -0.224260 0.423673 -0.339195 -0.288168 0.514832 -0.065550 -0.478905 0.393734 -0.027764 -0.472956 0.525335 -0.019160 -0.379201 0.594103 0.053251 -0.336628 0.417366 0.054817 -0.175676 0.432084 0.023378 -0.097428 0.324715 0.129673 -0.307328 0.355060 0.122992 -0.162830 0.400517 0.088117 -0.053506 0.329103 0.162818 -0.218377 0.298839 0.168518 -0.150295 0.397953 0.134730 -0.040482 0.399638 
0.000000 0.000000 0.000000 -0.073728 0.013591 0.001849 -0.137683 -0.353175 0.218177 -0.015374 -0.314331 0.192605 0.064584 -0.263141 0.160100 0.114076 -0.218797 0.132233 -0.162232 -0.128083 0.266314 -0.217613 -0.216732 0.431800 -0.320938 -0.279052 0.529406 -0.070254 -0.470600 0.400070 -0.031408 -0.467042 0.531448 -0.022005 -0.372053 0.598395 0.049407 -0.333903 0.420410 0.055160 -0.173043 0.435092 0.025204 -0.094671 0.327389 0.126785 -0.307605 0.357249 0.123640 -0.163003 0.402757 0.090436 -0.053396 0.330980 0.160243 -0.213620 0.300839 0.169165 -0.148354 0.401597 0.136476 -0.038206 0.402957 
0.000000 0.000000 0.000000 -0.073417 0.015141 0.002141 -0.143134 -0.345943 0.226111 -0.020264 -0.310135 0.198854 0.060463 -0.261247 0.164744 0.110628 -0.218484 0.135637 -0.159006 -0.117850 0.272019 -0.212562 -0.201067 0.440891 -0.305008 -0.262947 0.549110 -0.083748 -0.467215 0.408283 -0.047646 -0.455432 0.539963 -0.036139 -0.359084 0.604600 0.038372 -0.334671 0.427839 0.046840 -0.174586 0.448468 0.020793 -0.093922 0.341443 0.116353 -0.307977 0.363254 0.115706 -0.165437 0.414951 0.086369 -0.054437 0.343632 0.148266 -0.208597 0.306141 0.159486 -0.155726 0.413705 0.130331 -0.044619 0.416600 
0.000000 0.000000 0.000000 -0.073316 0.015634 0.002046 -0.145008 -0.342128 0.230677 -0.021952 -0.307451 0.202804 0.059036 -0.259515 0.167968 0.109430 -0.217445 0.138253 -0.158069 -0.115391 0.273147 -0.211102 -0.197378 0.442784 -0.289216 -0.267873 0.556870 -0.086116 -0.458565 0.416133 -0.049519 -0.447162 0.547711 -0.037051 -0.349880 0.610750 0.036145 -0.337185 0.431310 0.049153 -0.179063 0.462177 0.024865 -0.094518 0.357766 0.115335 -0.308994 0.365695 0.116480 -0.167356 0.419808 0.087892 -0.055236 0.349952 0.148322 -0.206021 0.308380 0.163281 -0.160162 0.418672 0.134769 -0.048948 0.423316 
0.000000 0.000000 0.000000 -0.073248 0.016079 0.000362 -0.151609 -0.337999 0.232511 -0.027818 -0.304422 0.206618 0.054131 -0.257445 0.172737 0.105357 -0.216088 0.143447 -0.156595 -0.113828 0.272435 -0.208749 -0.195116 0.442680 -0.267733 -0.276217 0.561130 -0.096449 -0.451580 0.420865 -0.059503 -0.436908 0.552020 -0.043507 -0.339351 0.613825 0.027892 -0.337889 0.435202 0.044581 -0.179830 0.464590 0.023315 -0.094212 0.360395 0.108401 -0.309757 0.370302 0.114107 -0.168704 0.425639 0.089094 -0.055911 0.355495 0.144328 -0.205703 0.313623 0.159643 -0.159223 0.423607 0.132985 -0.047538 0.427961 
0.000000 0.000000 0.000000 -0.072620 0.018712 0.000192 -0.162838 -0.326908 0.240635 -0.038013 -0.298414 0.213638 0.045451 -0.255208 0.178463 0.098027 -0.216405 0.148090 -0.157678 -0.102371 0.275783 -0.210901 -0.178137 0.448230 -0.256568 -0.264575 0.568770 -0.108634 -0.437992 0.430747 -0.070303 -0.434012 0.562264 -0.051167 -0.337340 0.624565 0.019416 -0.331824 0.441805 0.041945 -0.175280 0.475136 0.022312 -0.087996 0.372008 0.098161 -0.305870 0.376879 0.110021 -0.166292 0.434915 0.089242 -0.052490 0.365020 0.131576 -0.187228 0.317233 0.154438 -0.166172 0.433532 0.132169 -0.053551 0.438390 
0.000000 0.000000 0.000000 -0.072419 0.019445 -0.001101 -0.168594 -0.317880 0.248634 -0.043219 -0.291475 0.222062 0.041033 -0.250192 0.186457 0.094306 -0.212852 0.155472 -0.159489 -0.096138 0.276218 -0.213971 -0.168462 0.449746 -0.254509 -0.256586 0.570898 -0.123331 -0.433048 0.438654 -0.089212 -0.429263 0.571333 -0.069872 -0.333988 0.635689 0.007208 -0.336622 0.449863 0.030174 -0.182954 0.494400 0.013996 -0.090843 0.394936 0.086349 -0.309423 0.384326 0.100038 -0.176441 0.455874 0.083486 -0.058982 0.391086 0.125682 -0.195509 0.326647 0.147279 -0.183570 0.444471 0.128610 -0.070653 0.454684 
0.000000 0.000000 0.000000 -0.071582 0.022315 -0.001391 -0.179222 -0.300679 0.262225 -0.053108 -0.280466 0.233785 0.032444 -0.244084 0.196002 0.086922 -0.210196 0.163198 -0.160807 -0.079004 0.280778 -0.216638 -0.142403 0.457342 -0.255215 -0.228945 0.580261 -0.144834 -0.417981 0.453217 -0.114534 -0.414547 0.586829 -0.093074 -0.319969 0.651541 -0.008223 -0.335647 0.460534 0.025732 -0.187744 0.516179 0.017631 -0.089751 0.421462 0.071177 -0.305180 0.394699 0.092758 -0.182530 0.481198 0.084590 -0.061046 0.422521 0.117026 -0.198578 0.335084 0.137747 -0.190580 0.453397 0.123827 -0.077898 0.471061 
0.000000 0.000000 0.000000 -0.070411 0.025601 -0.003285 -0.195794 -0.278483 0.274594 -0.068606 -0.265727 0.246616 0.018928 -0.235370 0.208060 0.075262 -0.205775 0.174251 -0.164347 -0.064033 0.281299 -0.223127 -0.120119 0.459373 -0.264044 -0.203262 0.583872 -0.180112 -0.394627 0.468720 -0.155491 -0.397799 0.603501 -0.126972 -0.305054 0.668138 -0.032781 -0.329301 0.472778 0.010072 -0.189047 0.540726 0.010951 -0.087386 0.449602 0.045278 -0.305073 0.405951 0.071566 -0.189506 0.500524 0.074064 -0.065538 0.446730 0.098440 -0.198787 0.347457 0.114394 -0.193977 0.466678 0.105918 -0.081717 0.489676 
0.000000 0.000000 0.000000 -0.069188 0.028236 -0.006294 -0.212230 -0.252132 0.287538 -0.084147 -0.246459 0.261370 0.005259 -0.222265 0.222748 0.063382 -0.197237 0.188286 -0.169382 -0.045307 0.280757 -0.232078 -0.091326 0.460376 -0.278657 -0.166869 0.587696 -0.214245 -0.352682 0.490776 -0.203235 -0.369941 0.626286 -0.173233 -0.279709 0.693749 -0.063760 -0.310494 0.489314 -0.015420 -0.184571 0.578371 -0.000435 -0.077365 0.495175 0.020025 -0.290427 0.422372 0.050626 -0.195988 0.536982 0.066373 -0.068292 0.495584 0.082086 -0.195381 0.362162 0.094961 -0.194104 0.481845 0.092773 -0.083904 0.514315 
0.000000 0.000000 0.000000 -0.068626 0.028433 -0.010291 -0.223916 -0.230749 0.296491 -0.095031 -0.228037 0.274054 -0.004202 -0.207282 0.236775 0.055243 -0.185122 0.202606 -0.169930 -0.028482 0.280130 -0.233320 -0.064096 0.461857 -0.286833 -0.127417 0.593058 -0.240505 -0.301520 0.511285 -0.250531 -0.344293 0.641100 -0.225738 -0.257055 0.714366 -0.090772 -0.297843 0.501174 -0.045559 -0.195124 0.617489 -0.017217 -0.079410 0.550809 -0.001688 -0.275806 0.436805 0.022000 -0.214892 0.573623 0.047328 -0.083353 0.555623 0.066177 -0.189453 0.377099 0.073702 -0.192433 0.497206 0.074893 -0.087003 0.542881 
0.000000 0.000000 0.000000 -0.068096 0.028510 -0.013190 -0.233146 -0.216025 0.300444 -0.103733 -0.215303 0.281107 -0.011839 -0.196891 0.245235 0.048619 -0.176690 0.211631 -0.173056 -0.018923 0.277636 -0.238732 -0.048603 0.459617 -0.297525 -0.102476 0.592763 -0.267763 -0.282364 0.514502 -0.288684 -0.322458 0.643873 -0.271413 -0.236611 0.720848 -0.112068 -0.283656 0.508556 -0.083272 -0.206036 0.647374 -0.050826 -0.083190 0.597421 -0.016271 -0.245799 0.450910 -0.007477 -0.218834 0.599860 0.018086 -0.086117 0.600875 0.053905 -0.190859 0.385866 0.057544 -0.200611 0.505794 0.058919 -0.102490 0.565574 
0.000000 0.000000 0.000000 -0.068410 0.025976 -0.016407 -0.238745 -0.224085 0.289960 -0.108688 -0.218636 0.276627 -0.015968 -0.196905 0.244989 0.045202 -0.174538 0.214160 -0.181640 -0.028616 0.270028 -0.252492 -0.062776 0.449261 -0.309183 -0.121036 0.581467 -0.287418 -0.295461 0.499618 -0.316834 -0.338598 0.626330 -0.307364 -0.254123 0.706127 -0.122866 -0.292545 0.502039 -0.107167 -0.231358 0.650815 -0.078223 -0.102527 0.616112 -0.025741 -0.237282 0.452325 -0.030332 -0.248927 0.603434 -0.011781 -0.116200 0.620965 0.043975 -0.194898 0.387856 0.043131 -0.208912 0.507414 0.039043 -0.117212 0.576533 
0.000000 0.000000 0.000000 -0.068490 0.025472 -0.016857 -0.241006 -0.240336 0.274673 -0.110806 -0.232086 0.264566 -0.017816 -0.207432 0.236010 0.043605 -0.182720 0.207565 -0.196933 -0.049234 0.258402 -0.277304 -0.095981 0.430642 -0.324595 -0.167248 0.560146 -0.300056 -0.327264 0.475612 -0.335745 -0.379801 0.597054 -0.332115 -0.297914 0.679967 -0.130291 -0.317603 0.485432 -0.125392 -0.273746 0.640922 -0.101272 -0.141357 0.617882 -0.035182 -0.251564 0.442080 -0.047634 -0.283210 0.589844 -0.036627 -0.151657 0.618838 0.031546 -0.210880 0.379750 0.023245 -0.230262 0.498269 0.012464 -0.143546 0.572883 
0.000000 0.000000 0.000000 -0.068952 0.023290 -0.018084 -0.239204 -0.264478 0.253225 -0.109243 -0.250037 0.248364 -0.016537 -0.219905 0.224532 0.044646 -0.191099 0.199647 -0.203298 -0.073828 0.247181 -0.287364 -0.134598 0.413166 -0.334029 -0.213784 0.538222 -0.302612 -0.367750 0.444887 -0.340934 -0.430164 0.560723 -0.344993 -0.352815 0.647865 -0.131142 -0.354320 0.460778 -0.131835 -0.313358 0.617131 -0.113711 -0.178567 0.605195 -0.039111 -0.274267 0.427630 -0.055298 -0.313247 0.573265 -0.052352 -0.183904 0.612375 0.032002 -0.229166 0.369874 0.023298 -0.255369 0.487045 0.006833 -0.173387 0.565855 
0.000000 0.000000 0.000000 -0.069708 0.020761 -0.018266 -0.229369 -0.305112 0.213511 -0.100571 -0.282103 0.215501 -0.009337 -0.243785 0.198817 0.050587 -0.208645 0.179664 -0.210580 -0.110593 0.228204 -0.298729 -0.192786 0.382429 -0.345198 -0.285763 0.497680 -0.295075 -0.430843 0.390414 -0.334785 -0.506831 0.497329 -0.349592 -0.438833 0.590872 -0.126949 -0.411882 0.412823 -0.138860 -0.379332 0.570694 -0.129966 -0.243134 0.573915 -0.039301 -0.318181 0.394472 -0.060788 -0.371528 0.534769 -0.069231 -0.247392 0.587560 0.029900 -0.260888 0.345281 0.015662 -0.296847 0.459279 -0.010145 -0.222914 0.543368 
0.000000 0.000000 0.000000 -0.070921 0.016824 -0.017638 -0.207336 -0.337468 0.185520 -0.080695 -0.305041 0.191247 0.007495 -0.258754 0.178988 0.064733 -0.217791 0.163547 -0.208061 -0.139338 0.216140 -0.293874 -0.237054 0.362423 -0.328460 -0.341452 0.471931 -0.262063 -0.479954 0.353219 -0.295743 -0.559000 0.459987 -0.313185 -0.497489 0.557482 -0.099916 -0.445545 0.381940 -0.113713 -0.411858 0.539418 -0.112263 -0.275427 0.544305 -0.017075 -0.364134 0.360660 -0.038927 -0.399183 0.506554 -0.052886 -0.276222 0.560903 0.044275 -0.280299 0.325598 0.030193 -0.323324 0.437141 -0.000090 -0.252958 0.522784 
0.000000 0.000000 0.000000 -0.071851 0.011361 -0.018226 -0.180838 -0.358287 0.173835 -0.057410 -0.315655 0.182218 0.026772 -0.261918 0.172420 0.080593 -0.215963 0.158858 -0.193882 -0.160379 0.212988 -0.270241 -0.267843 0.357667 -0.297267 -0.377288 0.464336 -0.218091 -0.507632 0.340353 -0.242115 -0.586636 0.449730 -0.261122 -0.530216 0.549973 -0.062252 -0.458880 0.371790 -0.074879 -0.425793 0.529494 -0.082801 -0.289537 0.532796 0.016123 -0.377340 0.349276 -0.001087 -0.401491 0.497975 -0.022086 -0.279012 0.551134 0.068811 -0.284932 0.319141 0.060702 -0.332405 0.429467 0.028529 -0.264658 0.516520 
0.000000 0.000000 0.000000 -0.072509 0.004524 -0.018598 -0.144446 -0.380006 0.161310 -0.026086 -0.325282 0.172188 0.052225 -0.262963 0.164831 0.101156 -0.211365 0.153178 -0.172438 -0.178796 0.214328 -0.234966 -0.293506 0.360077 -0.259137 -0.405499 0.464769 -0.160252 -0.526558 0.333627 -0.169805 -0.615130 0.437770 -0.188045 -0.565366 0.541616 -0.019712 -0.468682 0.361582 -0.033858 -0.431754 0.518301 -0.050832 -0.296291 0.519372 0.055972 -0.388163 0.335197 0.040585 -0.399746 0.485596 0.011582 -0.278406 0.537593 0.095791 -0.283780 0.312280 0.092098 -0.333624 0.421793 0.056028 -0.268752 0.509506 
0.000000 0.000000 0.000000 -0.072185 -0.002180 -0.020210 -0.111747 -0.392720 0.156761 0.000698 -0.327221 0.170480 0.072971 -0.257809 0.165094 0.117099 -0.201797 0.154715 -0.153860 -0.185327 0.219859 -0.204966 -0.299928 0.370078 -0.222410 -0.411591 0.476445 -0.104523 -0.530953 0.336370 -0.100157 -0.614498 0.444921 -0.116354 -0.563373 0.548445 0.019771 -0.463818 0.364005 0.009187 -0.422524 0.519913 -0.013723 -0.288084 0.513540 0.091865 -0.381418 0.335615 0.077631 -0.370070 0.486145 0.042747 -0.246507 0.528374 0.119044 -0.266532 0.317171 0.120382 -0.311091 0.428992 0.079901 -0.243169 0.512365 
0.000000 0.000000 0.000000 -0.071434 -0.009740 -0.020645 -0.074104 -0.398025 0.165453 0.031240 -0.321485 0.178351 0.096399 -0.245449 0.171780 0.134912 -0.185628 0.160350 -0.131985 -0.187564 0.229472 -0.169874 -0.298834 0.385980 -0.180110 -0.407111 0.496697 -0.049929 -0.528998 0.348980 -0.035318 -0.608154 0.459898 -0.053740 -0.555648 0.562352 0.063812 -0.444620 0.378978 0.051887 -0.387655 0.529767 0.019612 -0.255958 0.513845 0.125851 -0.360798 0.346539 0.109098 -0.333824 0.494805 0.065978 -0.209933 0.527356 0.139139 -0.241641 0.325973 0.142048 -0.280196 0.439975 0.097391 -0.209728 0.518988 
0.000000 0.000000 0.000000 -0.068314 -0.019323 -0.024159 -0.030313 -0.402175 0.169194 0.063254 -0.312272 0.186071 0.118169 -0.228408 0.181417 0.149091 -0.164188 0.170837 -0.104451 -0.182824 0.240053 -0.127062 -0.285132 0.405380 -0.124650 -0.388052 0.521519 0.009255 -0.519963 0.358879 0.033169 -0.591151 0.473520 0.012980 -0.535605 0.574020 0.109780 -0.420816 0.392294 0.100273 -0.353316 0.538847 0.060793 -0.224551 0.516480 0.165546 -0.329081 0.361234 0.148975 -0.284816 0.505306 0.096317 -0.163048 0.531144 0.164991 -0.200036 0.341273 0.175935 -0.224711 0.458587 0.126330 -0.152140 0.532587 
0.000000 0.000000 0.000000 -0.066513 -0.025924 -0.022974 0.001897 -0.394389 0.189060 0.087920 -0.296536 0.201181 0.135925 -0.208870 0.192208 0.161601 -0.142980 0.178362 -0.085928 -0.174709 0.251494 -0.098076 -0.267808 0.423238 -0.085385 -0.362354 0.545659 0.050504 -0.494557 0.386605 0.079880 -0.555096 0.505996 0.056259 -0.493038 0.601829 0.141895 -0.380687 0.416773 0.126397 -0.292114 0.551083 0.079463 -0.168199 0.518191 0.194011 -0.296868 0.375500 0.168520 -0.228270 0.508299 0.108195 -0.108140 0.522362 0.179034 -0.160398 0.351506 0.191032 -0.172388 0.470685 0.135786 -0.094819 0.534982 
0.000000 0.000000 0.000000 -0.063137 -0.032618 -0.023952 0.031625 -0.386358 0.202527 0.108013 -0.280709 0.213713 0.148146 -0.189347 0.203093 0.168176 -0.121857 0.187719 -0.067925 -0.171900 0.256091 -0.070921 -0.259053 0.431323 -0.051962 -0.348307 0.556867 0.087967 -0.471313 0.405082 0.122019 -0.522658 0.527500 0.094245 -0.455733 0.618840 0.175346 -0.353415 0.429710 0.159359 -0.253812 0.555996 0.105762 -0.134861 0.515780 0.220833 -0.261880 0.387942 0.189770 -0.173596 0.507239 0.122783 -0.056284 0.511563 0.196538 -0.131218 0.360040 0.202711 -0.121648 0.479879 0.142199 -0.041902 0.536288 
0.000000 0.000000 0.000000 -0.061402 -0.037020 -0.021983 0.055917 -0.376314 0.215758 0.126212 -0.266136 0.222215 0.160908 -0.173077 0.207844 0.176860 -0.105156 0.189826 -0.052062 -0.163586 0.263919 -0.046218 -0.242783 0.442818 -0.022215 -0.325891 0.571673 0.113677 -0.446163 0.423616 0.148586 -0.488377 0.549240 0.116428 -0.416820 0.635488 0.202097 -0.321966 0.440387 0.180543 -0.211618 0.556506 0.119738 -0.097853 0.511789 0.243044 -0.233068 0.393232 0.203438 -0.132828 0.499882 0.130214 -0.019223 0.499901 0.233003 -0.109953 0.355389 0.214421 -0.058226 0.462489 0.150626 0.021709 0.514870 