106
0.000000 0.000000 0.000000 -0.061388 -0.042020 0.009474 0.100083 -0.217729 0.365880 0.171694 -0.115763 0.305381 0.198324 -0.043864 0.240395 0.212456 0.013575 0.181795 -0.023130 0.002607 0.316705 0.000809 0.030531 0.508951 0.002540 0.044945 0.663470 0.143501 -0.270908 0.581997 0.150545 -0.172063 0.676666 0.154706 -0.081752 0.750285 0.263811 -0.153545 0.521162 0.252383 -0.037840 0.633439 0.193405 0.084316 0.617983 0.310854 -0.053758 0.419149 0.292471 0.056285 0.521831 0.203621 0.152380 0.488076 0.312599 0.016876 0.325136 0.332407 0.065988 0.433242 0.248510 0.143559 0.445371 
0.000000 0.000000 0.000000 -0.064726 -0.034659 0.015270 0.098214 -0.205684 0.373281 0.176294 -0.115539 0.302834 0.206360 -0.050731 0.232138 0.222898 0.001416 0.169368 -0.015385 0.017372 0.319744 0.015490 0.049930 0.510264 0.014109 0.071408 0.663964 0.154945 -0.276754 0.581008 0.172069 -0.166290 0.660295 0.189358 -0.080324 0.737133 0.279283 -0.168605 0.510323 0.284276 -0.053320 0.623499 0.231760 0.070986 0.602777 0.328519 -0.083012 0.401693 0.320165 0.030682 0.501667 0.238995 0.134412 0.471346 0.327260 0.002231 0.309704 0.342315 0.062118 0.413040 0.266435 0.146807 0.429566 
0.000000 0.000000 0.000000 -0.065860 -0.031383 0.017362 0.099224 -0.209143 0.371085 0.179474 -0.123167 0.297920 0.210538 -0.060132 0.226062 0.227715 -0.009052 0.162589 -0.004341 0.027659 0.318320 0.034154 0.064603 0.506640 0.029163 0.090471 0.659587 0.151388 -0.274464 0.581875 0.174619 -0.159776 0.653212 0.197470 -0.072819 0.727438 0.300374 -0.171553 0.496707 0.323178 -0.058058 0.609506 0.264473 0.058809 0.570326 0.345239 -0.100012 0.384109 0.344668 0.019417 0.477528 0.263202 0.121826 0.443708 0.336701 0.000337 0.299044 0.372535 0.053789 0.400780 0.302041 0.142553 0.419610 
0.000000 0.000000 0.000000 -0.065227 -0.034003 0.014600 0.103322 -0.237070 0.352722 0.181858 -0.143779 0.287041 0.211672 -0.074425 0.220686 0.227838 -0.017949 0.161676 0.022198 0.018636 0.310290 0.076902 0.051574 0.495313 0.063644 0.073225 0.648422 0.179747 -0.297482 0.557489 0.212766 -0.181634 0.622843 0.238727 -0.079343 0.672399 0.313588 -0.187795 0.479873 0.337145 -0.055846 0.570201 0.279505 0.058963 0.523986 0.354926 -0.116688 0.370371 0.368079 0.007400 0.456511 0.287445 0.107879 0.415643 0.358209 -0.015651 0.278227 0.391898 0.057374 0.367802 0.323909 0.148749 0.383013 
0.000000 0.000000 0.000000 -0.064320 -0.036255 0.013128 0.109640 -0.249016 0.342433 0.185704 -0.151048 0.280777 0.213677 -0.078211 0.217420 0.228343 -0.018897 0.160853 0.032139 0.015555 0.306143 0.092497 0.047974 0.489493 0.080934 0.066195 0.643184 0.200964 -0.291856 0.545521 0.238440 -0.177669 0.611392 0.261908 -0.069415 0.647769 0.311638 -0.208216 0.474031 0.340476 -0.078630 0.566228 0.288826 0.038349 0.518398 0.355065 -0.127003 0.366893 0.370763 -0.002312 0.451726 0.293858 0.100976 0.410675 0.361003 -0.027115 0.274519 0.386522 0.051482 0.362055 0.319635 0.143725 0.376905 
0.000000 0.000000 0.000000 -0.066103 -0.031484 0.016216 0.102074 -0.238491 0.352127 0.182558 -0.148572 0.284141 0.213471 -0.080782 0.216681 0.230432 -0.025313 0.156944 0.026796 0.005800 0.312571 0.084927 0.029130 0.498010 0.084160 0.050710 0.651700 0.189504 -0.282621 0.556647 0.225699 -0.170812 0.627150 0.246243 -0.061523 0.662178 0.299317 -0.206232 0.482930 0.335927 -0.085009 0.583376 0.292041 0.035118 0.535596 0.351505 -0.120699 0.371817 0.371059 -0.000074 0.461583 0.295878 0.104967 0.421805 0.355077 -0.028646 0.279577 0.380835 0.045226 0.371069 0.314770 0.137923 0.386745 
0.000000 0.000000 0.000000 -0.065961 -0.032624 0.014448 0.096078 -0.234872 0.356222 0.176855 -0.143807 0.290136 0.208481 -0.075781 0.223247 0.226163 -0.020295 0.163736 0.033455 0.014126 0.307325 0.095663 0.043379 0.490589 0.117127 0.069999 0.641974 0.187998 -0.275775 0.559441 0.218307 -0.157753 0.622164 0.235567 -0.047674 0.656484 0.299177 -0.199439 0.486139 0.341133 -0.072597 0.577108 0.305123 0.052888 0.537158 0.343867 -0.118956 0.379836 0.354982 0.005053 0.466374 0.283407 0.115018 0.433925 0.343437 -0.031692 0.292977 0.351231 0.046999 0.383742 0.287278 0.140406 0.403447 
0.000000 0.000000 0.000000 -0.064963 -0.035115 0.013064 0.097114 -0.230471 0.358807 0.175777 -0.136465 0.294308 0.206240 -0.067373 0.227974 0.223092 -0.011336 0.168738 0.037334 0.028448 0.301753 0.101344 0.068222 0.482396 0.133349 0.098476 0.631215 0.187187 -0.252759 0.565713 0.214804 -0.137645 0.634765 0.226687 -0.026326 0.667321 0.290407 -0.182906 0.497231 0.321324 -0.054904 0.590955 0.286061 0.073342 0.560152 0.343349 -0.094006 0.386737 0.359806 0.026331 0.477505 0.286994 0.136571 0.448978 0.340336 -0.011387 0.298507 0.364912 0.056183 0.395055 0.300671 0.148487 0.418640 
0.000000 0.000000 0.000000 -0.064720 -0.036120 0.011428 0.094554 -0.235979 0.355899 0.173022 -0.139856 0.294348 0.203628 -0.069179 0.229774 0.220679 -0.011848 0.171848 0.037232 0.019363 0.301900 0.101027 0.054081 0.483658 0.139081 0.080320 0.631814 0.193915 -0.259731 0.558342 0.217126 -0.141961 0.624476 0.225974 -0.031189 0.659752 0.300465 -0.175564 0.491725 0.337758 -0.052592 0.589765 0.298429 0.075631 0.564240 0.339772 -0.085718 0.390724 0.354233 0.033729 0.482996 0.279587 0.143400 0.457146 0.336103 -0.006514 0.303130 0.357794 0.059876 0.401177 0.292048 0.149480 0.430361 
0.000000 0.000000 0.000000 -0.064909 -0.036668 0.008134 0.087997 -0.256065 0.343479 0.167564 -0.156630 0.289009 0.199343 -0.082390 0.229173 0.217449 -0.021845 0.174956 0.028537 0.001968 0.304143 0.087009 0.026143 0.489366 0.126420 0.042212 0.638616 0.178272 -0.299947 0.546813 0.190874 -0.182410 0.616155 0.194585 -0.074756 0.660763 0.296948 -0.211812 0.480554 0.323836 -0.091447 0.585024 0.277180 0.035806 0.568610 0.317102 -0.110511 0.402539 0.308183 0.005951 0.499223 0.233929 0.117189 0.479718 0.327680 -0.024834 0.310701 0.327856 0.043367 0.409897 0.261571 0.128559 0.449290 
0.000000 0.000000 0.000000 -0.060517 -0.044138 -0.003670 0.082543 -0.286405 0.320076 0.154727 -0.172956 0.286850 0.183300 -0.088795 0.239922 0.199445 -0.020312 0.195398 0.006144 -0.012979 0.300356 0.047856 0.006518 0.490596 0.073025 0.013034 0.643602 0.136969 -0.321753 0.537351 0.140167 -0.226161 0.635504 0.133137 -0.124568 0.692273 0.263158 -0.214966 0.494100 0.278832 -0.116393 0.621230 0.225067 0.008971 0.615534 0.295433 -0.127834 0.414896 0.278883 -0.021395 0.521610 0.202161 0.089525 0.512751 0.298120 -0.014235 0.339664 0.326014 0.024868 0.450045 0.256480 0.101788 0.499560 
0.000000 0.000000 0.000000 -0.057624 -0.045703 -0.014648 0.052130 -0.306062 0.308057 0.123210 -0.188207 0.292464 0.154095 -0.099972 0.255551 0.173013 -0.027946 0.218304 -0.035216 -0.045423 0.297352 -0.021194 -0.045248 0.492581 -0.029345 -0.050561 0.647475 0.064935 -0.366015 0.526373 0.045368 -0.298129 0.643807 0.020384 -0.207169 0.712328 0.195053 -0.246244 0.511426 0.182885 -0.174269 0.655635 0.118872 -0.053805 0.661104 0.221975 -0.140389 0.451696 0.196055 -0.076107 0.586554 0.112423 0.030070 0.586994 0.233306 -0.029038 0.382468 0.249085 -0.012726 0.500689 0.170697 0.048460 0.558262 
0.000000 0.000000 0.000000 -0.054222 -0.045226 -0.025268 0.013245 -0.323349 0.294211 0.083855 -0.204197 0.295650 0.118174 -0.113678 0.268623 0.140959 -0.039417 0.238638 -0.078911 -0.062236 0.286096 -0.094360 -0.072880 0.480927 -0.135521 -0.087782 0.629825 -0.004701 -0.380693 0.512866 -0.036456 -0.351992 0.643057 -0.076328 -0.269791 0.715489 0.117849 -0.273430 0.520429 0.097614 -0.248691 0.678869 0.027220 -0.132084 0.688186 0.162287 -0.160448 0.470069 0.122816 -0.112781 0.608491 0.033857 -0.011029 0.609496 0.165463 -0.042841 0.411768 0.182331 -0.045198 0.530937 0.094329 0.004119 0.585952 
0.000000 0.000000 0.000000 -0.051110 -0.042509 -0.034709 -0.034198 -0.337015 0.276661 0.037941 -0.220016 0.293753 0.077504 -0.129291 0.276266 0.105727 -0.054351 0.253454 -0.122485 -0.068790 0.268707 -0.167148 -0.085234 0.458565 -0.235907 -0.107328 0.595936 -0.094313 -0.389861 0.488825 -0.142629 -0.387007 0.617042 -0.195092 -0.311169 0.688381 0.018478 -0.293695 0.518846 -0.022013 -0.299676 0.675209 -0.093305 -0.183446 0.682096 0.043691 -0.158774 0.482909 0.007505 -0.166077 0.629974 -0.081142 -0.064202 0.624376 0.095427 -0.074831 0.426834 0.088337 -0.088928 0.546175 -0.007748 -0.045661 0.591987 
0.000000 0.000000 0.000000 -0.050635 -0.038311 -0.039903 -0.082709 -0.336958 0.266287 -0.004342 -0.225655 0.291887 0.042934 -0.137806 0.279665 0.078313 -0.064821 0.260838 -0.152307 -0.071039 0.254100 -0.215927 -0.091519 0.438068 -0.303868 -0.114269 0.563908 -0.160223 -0.404340 0.468454 -0.225629 -0.391488 0.588199 -0.286679 -0.318270 0.655319 -0.061653 -0.285853 0.514522 -0.100632 -0.326796 0.665944 -0.170235 -0.209406 0.669733 -0.004980 -0.184971 0.480148 -0.054993 -0.199901 0.622508 -0.140807 -0.095840 0.613832 0.042380 -0.096210 0.429093 0.017646 -0.117817 0.544906 -0.083519 -0.076604 0.580546 
0.000000 0.000000 0.000000 -0.052977 -0.032604 -0.041885 -0.131739 -0.323137 0.263662 -0.042291 -0.221302 0.292188 0.015192 -0.139526 0.281688 0.059441 -0.071212 0.264134 -0.178878 -0.061297 0.243022 -0.257659 -0.079252 0.421298 -0.357405 -0.093917 0.539292 -0.230822 -0.387963 0.457053 -0.303401 -0.385174 0.573271 -0.365977 -0.309877 0.636578 -0.123853 -0.285612 0.505932 -0.179327 -0.329352 0.651307 -0.241613 -0.207862 0.651387 -0.064866 -0.178735 0.473435 -0.122272 -0.206850 0.610930 -0.200443 -0.097399 0.597597 0.007979 -0.104911 0.427848 -0.027443 -0.128107 0.540535 -0.128990 -0.082789 0.569478 
0.000000 0.000000 0.000000 -0.055541 -0.026569 -0.042816 -0.170522 -0.307075 0.260610 -0.070949 -0.215664 0.290848 -0.004707 -0.140655 0.281497 0.047024 -0.077570 0.264845 -0.189429 -0.035087 0.239758 -0.273208 -0.040417 0.416574 -0.378684 -0.041369 0.530418 -0.281250 -0.356471 0.452234 -0.356556 -0.337525 0.565158 -0.412817 -0.256571 0.627403 -0.163477 -0.267067 0.503617 -0.226410 -0.302028 0.648330 -0.276441 -0.175002 0.647484 -0.094806 -0.166026 0.471107 -0.159412 -0.184218 0.607070 -0.226465 -0.067964 0.591044 -0.016658 -0.103272 0.425687 -0.060492 -0.120963 0.536398 -0.158100 -0.065573 0.561052 
0.000000 0.000000 0.000000 -0.060515 -0.017497 -0.040690 -0.202188 -0.284226 0.263867 -0.089293 -0.208667 0.290899 -0.013354 -0.143797 0.279625 0.046214 -0.088503 0.261539 -0.188506 -0.014214 0.244711 -0.268594 -0.012160 0.423296 -0.374007 -0.000441 0.536600 -0.313093 -0.317352 0.458862 -0.383164 -0.284401 0.571939 -0.430289 -0.199262 0.636155 -0.185744 -0.248275 0.504447 -0.251344 -0.275213 0.649690 -0.288318 -0.143797 0.651124 -0.105219 -0.155974 0.469694 -0.171092 -0.164706 0.605986 -0.226287 -0.042223 0.591169 -0.020530 -0.102094 0.422619 -0.066472 -0.111450 0.533493 -0.157642 -0.045612 0.557084 
0.000000 0.000000 0.000000 -0.063561 -0.010972 -0.038255 -0.221599 -0.259594 0.273488 -0.100231 -0.196643 0.295673 -0.018193 -0.140448 0.281051 0.046285 -0.092019 0.260310 -0.180743 0.003981 0.251385 -0.254067 0.013339 0.432623 -0.356223 0.037350 0.546967 -0.332623 -0.274306 0.470661 -0.398927 -0.247952 0.587671 -0.437897 -0.161061 0.654935 -0.193867 -0.225046 0.512237 -0.257552 -0.244364 0.659531 -0.282902 -0.110275 0.663631 -0.107155 -0.144828 0.472833 -0.170946 -0.147970 0.610353 -0.215371 -0.020996 0.597235 -0.018487 -0.098058 0.422650 -0.063071 -0.102214 0.534392 -0.146865 -0.027426 0.558650 
0.000000 0.000000 0.000000 -0.064921 -0.007753 -0.036729 -0.230927 -0.240789 0.282814 -0.105523 -0.184961 0.301316 -0.020573 -0.134128 0.283959 0.046253 -0.090085 0.260991 -0.165446 0.026834 0.257456 -0.228348 0.048477 0.441537 -0.322448 0.086123 0.559073 -0.334165 -0.232837 0.484554 -0.391638 -0.192336 0.602191 -0.421992 -0.105617 0.673966 -0.192842 -0.198794 0.521903 -0.252231 -0.208202 0.671933 -0.265239 -0.072510 0.679545 -0.099524 -0.131446 0.480105 -0.156137 -0.129523 0.620753 -0.190552 0.000752 0.610163 -0.013374 -0.084238 0.425298 -0.054416 -0.080213 0.538393 -0.130084 0.002233 0.564475 
0.000000 0.000000 0.000000 -0.067061 -0.000381 -0.033565 -0.241212 -0.219246 0.291613 -0.109880 -0.177143 0.304441 -0.020974 -0.135254 0.283395 0.048945 -0.098137 0.257574 -0.150791 0.034859 0.265757 -0.203184 0.056911 0.453053 -0.286928 0.102717 0.575428 -0.329608 -0.185023 0.497611 -0.383032 -0.164340 0.622110 -0.405032 -0.078020 0.697331 -0.192989 -0.190521 0.526676 -0.249515 -0.199620 0.677826 -0.250677 -0.063620 0.689742 -0.091592 -0.131626 0.482678 -0.142229 -0.129025 0.625576 -0.167563 0.003568 0.618851 -0.003392 -0.091029 0.424298 -0.039416 -0.086135 0.539057 -0.107255 0.002070 0.567705 
0.000000 0.000000 0.000000 -0.067370 0.001826 -0.032890 -0.246725 -0.205117 0.297227 -0.113686 -0.168143 0.308124 -0.023400 -0.130171 0.285577 0.047674 -0.096273 0.258515 -0.143506 0.042162 0.267813 -0.191147 0.067402 0.455974 -0.270853 0.118060 0.579131 -0.334724 -0.167123 0.502733 -0.387908 -0.144161 0.626936 -0.407867 -0.059098 0.704132 -0.197936 -0.178951 0.530069 -0.255237 -0.186301 0.681023 -0.248275 -0.050629 0.694585 -0.088121 -0.122625 0.486743 -0.134530 -0.117214 0.630992 -0.155522 0.016182 0.625244 -0.002713 -0.088921 0.425827 -0.037396 -0.083861 0.540991 -0.101950 0.006507 0.570482 
0.000000 0.000000 0.000000 -0.067634 0.003683 -0.032185 -0.251134 -0.187231 0.305232 -0.116602 -0.155374 0.313688 -0.025148 -0.121667 0.289155 0.046894 -0.091373 0.260429 -0.135506 0.052982 0.269160 -0.177976 0.083829 0.457723 -0.254013 0.141541 0.580094 -0.333573 -0.139724 0.511065 -0.383397 -0.111012 0.635464 -0.401842 -0.026557 0.713697 -0.202563 -0.158781 0.535213 -0.261028 -0.161098 0.685882 -0.244220 -0.026385 0.700350 -0.087969 -0.110173 0.490737 -0.133016 -0.101930 0.635283 -0.150939 0.031900 0.629255 -0.006761 -0.078008 0.426347 -0.043692 -0.068809 0.540551 -0.104878 0.024468 0.568098 
0.000000 0.000000 0.000000 -0.067820 0.006491 -0.031341 -0.255402 -0.172112 0.310544 -0.119435 -0.146468 0.316891 -0.026855 -0.117317 0.290795 0.046121 -0.090715 0.260797 -0.122224 0.059274 0.272140 -0.156267 0.092303 0.462038 -0.226972 0.155961 0.584656 -0.330502 -0.113007 0.516182 -0.375890 -0.077286 0.640463 -0.391203 0.005473 0.721145 -0.203885 -0.141327 0.538963 -0.261323 -0.137831 0.690004 -0.234534 -0.005106 0.707493 -0.083397 -0.101357 0.493926 -0.123941 -0.089912 0.639583 -0.137207 0.044507 0.634727 -0.001631 -0.069372 0.427681 -0.034499 -0.054682 0.542552 -0.091155 0.041434 0.570027 
0.000000 0.000000 0.000000 -0.067947 0.011574 -0.029549 -0.259227 -0.154716 0.316472 -0.121634 -0.139068 0.319378 -0.027874 -0.116593 0.290990 0.046053 -0.095212 0.259201 -0.112310 0.070204 0.274491 -0.140070 0.106891 0.464740 -0.202037 0.175034 0.589654 -0.329662 -0.090862 0.522340 -0.368006 -0.041927 0.644476 -0.380410 0.037364 0.729047 -0.206708 -0.126891 0.540938 -0.264570 -0.118609 0.691629 -0.226083 0.010021 0.716376 -0.083280 -0.101777 0.494520 -0.123010 -0.091152 0.640464 -0.129336 0.043856 0.639595 0.001388 -0.073603 0.426904 -0.029356 -0.058730 0.542337 -0.080882 0.039388 0.572686 
0.000000 0.000000 0.000000 -0.067797 0.015413 -0.028105 -0.260736 -0.139088 0.322431 -0.122441 -0.131364 0.322318 -0.028185 -0.114354 0.291847 0.046139 -0.097303 0.258407 -0.097805 0.072917 0.277900 -0.116581 0.108900 0.469378 -0.169343 0.179400 0.597178 -0.322231 -0.073698 0.530668 -0.351836 -0.018251 0.652451 -0.359276 0.058726 0.739700 -0.201396 -0.114218 0.545805 -0.255096 -0.102556 0.697808 -0.205659 0.021302 0.727043 -0.076525 -0.095903 0.496876 -0.111188 -0.082673 0.643893 -0.110978 0.052475 0.645663 0.008337 -0.074665 0.427655 -0.017683 -0.059082 0.544151 -0.063472 0.041248 0.576405 
0.000000 0.000000 0.000000 -0.067545 0.017402 -0.027544 -0.261848 -0.128798 0.325787 -0.123385 -0.125492 0.324292 -0.028940 -0.111677 0.292809 0.045556 -0.097203 0.258548 -0.086225 0.078067 0.278751 -0.097914 0.116026 0.470412 -0.145299 0.189391 0.598705 -0.316774 -0.062513 0.535571 -0.335575 0.003388 0.654254 -0.337878 0.079471 0.742567 -0.195630 -0.100136 0.549263 -0.244767 -0.082890 0.702276 -0.187294 0.036938 0.733538 -0.070803 -0.095987 0.499485 -0.100821 -0.084736 0.647685 -0.093596 0.050164 0.651906 0.009795 -0.070413 0.427633 -0.014820 -0.051973 0.544018 -0.054861 0.051258 0.574730 
0.000000 0.000000 0.000000 -0.067669 0.017314 -0.027295 -0.259892 -0.121598 0.330092 -0.121429 -0.119122 0.327417 -0.027169 -0.106406 0.294934 0.047125 -0.092963 0.259824 -0.081873 0.081811 0.278458 -0.090761 0.122170 0.469778 -0.136490 0.199495 0.596333 -0.301180 -0.037147 0.536449 -0.326134 0.013893 0.661167 -0.323869 0.091454 0.748185 -0.192477 -0.089852 0.552295 -0.240800 -0.069944 0.705243 -0.179598 0.049622 0.729690 -0.065560 -0.086481 0.501919 -0.093089 -0.072194 0.650340 -0.082804 0.062573 0.650119 0.010412 -0.064520 0.428434 -0.014858 -0.044943 0.544492 -0.049483 0.061919 0.568676 
0.000000 0.000000 0.000000 -0.067889 0.017262 -0.026776 -0.256647 -0.114736 0.335050 -0.118214 -0.113107 0.330711 -0.024275 -0.101464 0.296921 0.049673 -0.089021 0.260728 -0.079533 0.088441 0.277599 -0.086819 0.132981 0.468057 -0.133818 0.216383 0.590212 -0.295710 -0.022934 0.538683 -0.319318 0.032549 0.661754 -0.314135 0.112344 0.746601 -0.179539 -0.079375 0.557814 -0.221249 -0.056432 0.712276 -0.161204 0.065563 0.724566 -0.060949 -0.074744 0.503451 -0.087247 -0.055583 0.651546 -0.075871 0.078821 0.642929 0.016384 -0.046089 0.426966 -0.006529 -0.016539 0.541391 -0.035836 0.093626 0.555808 
0.000000 0.000000 0.000000 -0.068063 0.018906 -0.025178 -0.251198 -0.107022 0.341667 -0.112917 -0.108952 0.333941 -0.019568 -0.099829 0.297821 0.053764 -0.089403 0.259784 -0.083112 0.094680 0.277936 -0.092529 0.142094 0.467605 -0.149578 0.231245 0.581114 -0.277620 -0.024960 0.551400 -0.293589 0.024635 0.678157 -0.282378 0.105051 0.761828 -0.160059 -0.077859 0.564777 -0.192123 -0.056712 0.721778 -0.134544 0.066922 0.715558 -0.047905 -0.064298 0.504336 -0.068225 -0.038820 0.652419 -0.052564 0.092519 0.624617 0.026220 -0.044574 0.426571 0.007261 -0.013717 0.541374 -0.015933 0.098566 0.548975 
0.000000 0.000000 0.000000 -0.068737 0.017652 -0.024240 -0.244647 -0.112966 0.344495 -0.106465 -0.112172 0.334992 -0.013785 -0.101115 0.297711 0.058834 -0.089142 0.258773 -0.096360 0.095628 0.277426 -0.113645 0.144421 0.466190 -0.186789 0.230809 0.572369 -0.264276 -0.040740 0.558547 -0.276139 0.002911 0.687914 -0.257596 0.085850 0.767729 -0.134527 -0.071932 0.567517 -0.153613 -0.044563 0.725667 -0.102884 0.077893 0.692947 -0.036801 -0.046600 0.500719 -0.053305 -0.007509 0.646287 -0.037907 0.114839 0.590953 0.033646 -0.036526 0.423647 0.016308 -0.000309 0.537133 0.001585 0.113365 0.529099 
0.000000 0.000000 0.000000 -0.069389 0.017163 -0.022681 -0.237467 -0.128132 0.344212 -0.099478 -0.124548 0.332760 -0.007571 -0.110656 0.294523 0.064238 -0.096157 0.254948 -0.107494 0.094608 0.277979 -0.131337 0.143069 0.466112 -0.219473 0.221516 0.566934 -0.241037 -0.061416 0.560906 -0.243195 -0.021095 0.691870 -0.215795 0.065545 0.764917 -0.118760 -0.111158 0.569241 -0.108651 -0.039292 0.713663 -0.063072 0.077421 0.659441 -0.023901 -0.084044 0.503662 -0.030941 0.010968 0.621619 -0.021685 0.121956 0.545043 0.046129 -0.034837 0.417730 0.033664 0.007371 0.529777 0.025902 0.119291 0.504938 
0.000000 0.000000 0.000000 -0.069394 0.020781 -0.019405 -0.231977 -0.144292 0.341550 -0.094309 -0.144111 0.326305 -0.003081 -0.130410 0.286409 0.068049 -0.115401 0.245811 -0.127083 0.087223 0.280768 -0.163181 0.128798 0.468596 -0.251610 0.192736 0.578955 -0.217309 -0.097160 0.562873 -0.199968 -0.050188 0.690446 -0.159703 0.043262 0.747359 -0.103758 -0.123287 0.562846 -0.078793 -0.024967 0.688681 -0.037507 0.079196 0.610675 -0.008781 -0.123119 0.497662 0.000058 0.004014 0.579819 0.011322 0.098078 0.483418 0.061423 -0.048013 0.407060 0.056862 -0.001629 0.518050 0.058020 0.103788 0.472343 
0.000000 0.000000 0.000000 -0.069275 0.023250 -0.016860 -0.229709 -0.163714 0.334248 -0.092287 -0.164806 0.316953 -0.001398 -0.149914 0.276713 0.069413 -0.133329 0.236170 -0.141719 0.082906 0.281535 -0.187049 0.120235 0.468251 -0.269823 0.167903 0.590574 -0.214360 -0.139086 0.559144 -0.174784 -0.062566 0.665730 -0.125601 0.035059 0.706270 -0.091479 -0.149278 0.554087 -0.041182 -0.019652 0.636500 -0.005031 0.064361 0.535138 -0.002308 -0.146832 0.488145 0.015638 -0.002845 0.532151 0.025444 0.069121 0.418165 0.070157 -0.058429 0.394207 0.070669 -0.006875 0.502988 0.072996 0.088311 0.438665 
0.000000 0.000000 0.000000 -0.069158 0.025598 -0.013631 -0.226140 -0.184785 0.325585 -0.089117 -0.186823 0.305438 0.001233 -0.170420 0.264579 0.071538 -0.151975 0.223958 -0.144977 0.071348 0.286377 -0.192420 0.099976 0.474102 -0.274574 0.136874 0.600499 -0.212141 -0.179784 0.551858 -0.155325 -0.087321 0.635552 -0.098896 0.008724 0.669963 -0.077432 -0.169546 0.542165 -0.018602 -0.024504 0.582493 0.007117 0.045559 0.468173 0.016220 -0.165222 0.475439 0.040703 -0.015623 0.478860 0.041559 0.040528 0.355919 0.084899 -0.107417 0.392547 0.092827 -0.000624 0.447534 0.090433 0.081261 0.366959 
0.000000 0.000000 0.000000 -0.069133 0.026374 -0.012204 -0.224813 -0.195850 0.319988 -0.087936 -0.197703 0.298861 0.002217 -0.180163 0.258036 0.072334 -0.160509 0.217660 -0.147723 0.064721 0.288128 -0.196900 0.088717 0.476056 -0.282359 0.123682 0.600800 -0.209276 -0.203542 0.546084 -0.142260 -0.107565 0.617353 -0.080406 -0.014221 0.649821 -0.068584 -0.181325 0.535148 -0.004966 -0.034949 0.560669 0.018054 0.033430 0.444765 0.029997 -0.172550 0.467521 0.059422 -0.024232 0.456274 0.055466 0.030932 0.332947 0.092861 -0.123819 0.387421 0.103487 -0.010030 0.425240 0.098765 0.067652 0.340704 
0.000000 0.000000 0.000000 -0.069191 0.026537 -0.011503 -0.222206 -0.196065 0.321673 -0.085536 -0.198148 0.299263 0.004266 -0.180703 0.257633 0.074043 -0.161104 0.216643 -0.147693 0.063590 0.289015 -0.196814 0.086776 0.477059 -0.294460 0.129145 0.590005 -0.208399 -0.209364 0.547621 -0.138672 -0.114643 0.617964 -0.074426 -0.022109 0.648013 -0.067335 -0.176995 0.535263 -0.002477 -0.032172 0.565989 0.028919 0.048270 0.460240 0.033838 -0.169405 0.466706 0.057031 -0.019570 0.465180 0.052016 0.047955 0.348204 0.094373 -0.115761 0.384324 0.103939 -0.003153 0.425786 0.098812 0.078664 0.345270 
0.000000 0.000000 0.000000 -0.069295 0.025851 -0.012405 -0.219347 -0.177198 0.334332 -0.082878 -0.180602 0.310888 0.006554 -0.165602 0.267543 0.075966 -0.148410 0.224889 -0.140093 0.069879 0.289084 -0.184395 0.097428 0.477736 -0.297220 0.148442 0.571304 -0.215788 -0.177600 0.561064 -0.157449 -0.088628 0.647449 -0.096801 0.005367 0.680311 -0.072756 -0.145443 0.545699 -0.017537 -0.014984 0.623519 0.029359 0.088586 0.547933 0.027219 -0.144052 0.476881 0.052508 -0.001835 0.522985 0.057424 0.086907 0.421158 0.088457 -0.090108 0.389300 0.094683 0.000706 0.468075 0.090145 0.094863 0.402372 
0.000000 0.000000 0.000000 -0.069209 0.023908 -0.016197 -0.226478 -0.153874 0.341058 -0.089386 -0.157272 0.321579 0.001032 -0.144469 0.279596 0.071395 -0.129692 0.237600 -0.134790 0.083962 0.283701 -0.175826 0.121540 0.471358 -0.285461 0.181681 0.563282 -0.236008 -0.146060 0.567483 -0.202042 -0.075619 0.680029 -0.150946 0.017409 0.728281 -0.090809 -0.114096 0.555263 -0.052603 -0.008783 0.671770 0.004030 0.102041 0.615643 0.003749 -0.128009 0.490393 0.021746 -0.004900 0.577059 0.036671 0.098884 0.491771 0.074470 -0.064823 0.399985 0.076587 -0.020173 0.511758 0.068067 0.085471 0.467373 
0.000000 0.000000 0.000000 -0.069616 0.021372 -0.017909 -0.226023 -0.143676 0.345776 -0.088699 -0.144490 0.327708 0.001793 -0.131348 0.285991 0.072189 -0.116743 0.243990 -0.118422 0.085972 0.284235 -0.148962 0.126394 0.473297 -0.240560 0.189335 0.581626 -0.243723 -0.123817 0.570970 -0.221030 -0.062017 0.691169 -0.174064 0.025752 0.751864 -0.096244 -0.099461 0.560924 -0.067896 -0.003776 0.688067 -0.009885 0.111764 0.644198 -0.001976 -0.098899 0.494908 0.008186 0.016924 0.592235 0.023942 0.125992 0.513979 0.067250 -0.051020 0.405984 0.063850 -0.005781 0.517489 0.051489 0.103555 0.484385 
0.000000 0.000000 0.000000 -0.069803 0.019287 -0.019479 -0.227628 -0.137661 0.347167 -0.090083 -0.136062 0.330922 0.000672 -0.122272 0.289992 0.071310 -0.107464 0.248471 -0.105198 0.091574 0.282793 -0.127346 0.136806 0.471935 -0.213422 0.207883 0.579758 -0.227993 -0.086727 0.568133 -0.224967 -0.051462 0.700531 -0.178153 0.032407 0.766617 -0.090586 -0.084877 0.562987 -0.059412 0.003971 0.694360 0.005232 0.119482 0.660928 -0.000639 -0.080296 0.497236 0.010223 0.024223 0.606546 0.028834 0.140490 0.540187 0.068959 -0.042507 0.410832 0.067342 0.002204 0.522589 0.053584 0.113715 0.498523 
0.000000 0.000000 0.000000 -0.069165 0.021769 -0.019135 -0.229774 -0.124496 0.350706 -0.092418 -0.128473 0.333303 -0.001557 -0.118733 0.291455 0.069238 -0.107196 0.249171 -0.095215 0.090331 0.284948 -0.111514 0.133233 0.475224 -0.191227 0.209802 0.584174 -0.233376 -0.068030 0.570294 -0.235554 -0.033904 0.703007 -0.191055 0.048775 0.772123 -0.090734 -0.060316 0.560956 -0.080127 0.000049 0.710516 -0.007337 0.113932 0.691233 0.000199 -0.044211 0.489337 0.001458 0.009227 0.631230 0.026418 0.131905 0.580289 0.064412 -0.046459 0.413104 0.061089 -0.004653 0.525942 0.047086 0.108564 0.512194 
0.000000 0.000000 0.000000 -0.068640 0.022504 -0.020149 -0.235245 -0.116842 0.349711 -0.097783 -0.122979 0.333844 -0.006352 -0.115049 0.292865 0.065046 -0.105044 0.251209 -0.085151 0.094170 0.283887 -0.095483 0.139013 0.474132 -0.166967 0.219531 0.585908 -0.250357 -0.061109 0.568996 -0.259489 -0.027426 0.701525 -0.218885 0.054003 0.774421 -0.106274 -0.055675 0.561600 -0.112050 -0.009899 0.716505 -0.033656 0.101824 0.719935 -0.012382 -0.049783 0.493906 -0.016706 -0.002983 0.638065 0.011834 0.125663 0.608001 0.051095 -0.052182 0.417333 0.041492 -0.015796 0.531680 0.026263 0.098074 0.533848 
0.000000 0.000000 0.000000 -0.068323 0.022890 -0.020783 -0.238402 -0.111778 0.349228 -0.100899 -0.119191 0.334291 -0.009149 -0.112381 0.293825 0.062590 -0.103338 0.252537 -0.078329 0.092489 0.284015 -0.084590 0.136039 0.474739 -0.149189 0.217275 0.590128 -0.262401 -0.053251 0.566987 -0.276905 -0.017879 0.698594 -0.237837 0.064510 0.771251 -0.118732 -0.055926 0.562663 -0.130862 -0.012897 0.717988 -0.053777 0.098025 0.737827 -0.026688 -0.046050 0.493841 -0.039264 0.001513 0.637265 -0.011240 0.132946 0.622844 0.045024 -0.056842 0.420215 0.032934 -0.024839 0.535631 0.014753 0.087392 0.552266 
0.000000 0.000000 0.000000 -0.068000 0.023836 -0.020777 -0.239279 -0.105531 0.350570 -0.101950 -0.115246 0.335353 -0.010205 -0.110185 0.294621 0.061566 -0.102576 0.253099 -0.072510 0.093732 0.284084 -0.075332 0.137469 0.474846 -0.133663 0.219651 0.592873 -0.265472 -0.042706 0.566873 -0.281303 -0.004736 0.697600 -0.243604 0.078879 0.769576 -0.123077 -0.052439 0.563571 -0.137447 -0.009722 0.718792 -0.064922 0.101337 0.751124 -0.026048 -0.049452 0.496547 -0.037407 -0.005903 0.641341 -0.007883 0.125991 0.642029 0.046084 -0.060969 0.422260 0.035427 -0.032329 0.538696 0.015471 0.077388 0.566391 
0.000000 0.000000 0.000000 -0.067989 0.023404 -0.021299 -0.239373 -0.097876 0.352720 -0.102044 -0.107960 0.337741 -0.010291 -0.103806 0.296925 0.061490 -0.097117 0.255262 -0.064988 0.098122 0.282436 -0.063110 0.144876 0.472493 -0.113855 0.229407 0.592352 -0.266994 -0.031408 0.567753 -0.283688 0.008764 0.697713 -0.247357 0.094230 0.768202 -0.126167 -0.048661 0.566599 -0.142574 -0.008329 0.722255 -0.074072 0.103002 0.761655 -0.029474 -0.045555 0.499292 -0.043229 -0.003785 0.644402 -0.014199 0.128068 0.650738 0.049173 -0.058185 0.425317 0.040696 -0.031388 0.542370 0.020009 0.077093 0.574105 
0.000000 0.000000 0.000000 -0.067924 0.024381 -0.020392 -0.235600 -0.092647 0.356650 -0.098684 -0.104947 0.339683 -0.007494 -0.102404 0.297495 0.063754 -0.097014 0.254744 -0.063799 0.105043 0.281805 -0.061219 0.155516 0.470900 -0.111678 0.247024 0.585648 -0.263313 -0.022116 0.570373 -0.280061 0.020511 0.699542 -0.244815 0.107444 0.768777 -0.122092 -0.040952 0.567348 -0.138012 0.002574 0.722192 -0.072253 0.118018 0.753621 -0.024109 -0.035356 0.497351 -0.036022 0.012721 0.640660 -0.003763 0.142473 0.620866 0.050694 -0.041217 0.419979 0.041704 -0.002810 0.533712 0.023999 0.109697 0.548941 
0.000000 0.000000 0.000000 -0.068633 0.022165 -0.020546 -0.232467 -0.096234 0.357755 -0.095260 -0.104632 0.340756 -0.004220 -0.099785 0.298448 0.066804 -0.092689 0.255572 -0.070844 0.107110 0.280495 -0.072227 0.160262 0.468868 -0.132021 0.256052 0.575338 -0.243215 -0.024809 0.572704 -0.249710 0.018359 0.702613 -0.211832 0.107289 0.767804 -0.097079 -0.035866 0.568226 -0.098315 0.010906 0.722937 -0.030972 0.129587 0.718571 -0.009720 -0.027631 0.497137 -0.013665 0.024108 0.639609 0.014439 0.144922 0.585925 0.056385 -0.033133 0.419678 0.049214 0.007860 0.532636 0.038848 0.122177 0.527396 
0.000000 0.000000 0.000000 -0.069024 0.022283 -0.019054 -0.225976 -0.101294 0.360506 -0.089073 -0.109186 0.341001 0.001203 -0.103606 0.297171 0.071450 -0.095812 0.253152 -0.082746 0.106946 0.281761 -0.091332 0.159923 0.469992 -0.168026 0.251994 0.568622 -0.216560 -0.045933 0.580203 -0.210869 -0.012473 0.712981 -0.169076 0.080413 0.769714 -0.083158 -0.053651 0.571989 -0.052568 0.035495 0.703297 0.003502 0.142086 0.639003 -0.000804 -0.076837 0.506917 0.012944 0.038436 0.604455 0.029976 0.140883 0.517952 0.068524 -0.026917 0.413874 0.066510 0.020504 0.524501 0.066058 0.130430 0.491045 
0.000000 0.000000 0.000000 -0.069382 0.021833 -0.018260 -0.222770 -0.110643 0.359753 -0.085897 -0.116578 0.339365 0.004061 -0.109131 0.295161 0.073966 -0.099700 0.250919 -0.097733 0.101687 0.282848 -0.115474 0.151655 0.471262 -0.199637 0.229528 0.575852 -0.207554 -0.076707 0.583442 -0.180199 -0.014303 0.702352 -0.136857 0.085284 0.744744 -0.070985 -0.072438 0.572397 -0.026557 0.043665 0.675696 0.009668 0.133629 0.579604 0.009198 -0.093435 0.505971 0.023589 0.039386 0.577681 0.029625 0.118925 0.468570 0.071950 -0.025378 0.409217 0.070563 0.025779 0.518177 0.071169 0.131634 0.473482 
0.000000 0.000000 0.000000 -0.069275 0.024127 -0.015580 -0.215984 -0.118586 0.361357 -0.079875 -0.126995 0.337090 0.009058 -0.120045 0.290781 0.077998 -0.110637 0.245045 -0.113214 0.097825 0.285226 -0.140708 0.143940 0.473451 -0.214168 0.199360 0.598428 -0.192564 -0.113714 0.586851 -0.151528 -0.042936 0.696800 -0.104302 0.060650 0.721958 -0.057265 -0.091839 0.571028 -0.003705 0.041439 0.645142 0.019167 0.113488 0.531453 0.025801 -0.117833 0.501561 0.047774 0.026727 0.541691 0.046721 0.090140 0.422336 0.087947 -0.033057 0.401469 0.094795 0.020342 0.509140 0.095567 0.116278 0.445902 
0.000000 0.000000 0.000000 -0.069155 0.025483 -0.013862 -0.215433 -0.137646 0.354870 -0.079487 -0.145624 0.329565 0.009311 -0.136658 0.283344 0.078138 -0.125129 0.237925 -0.119025 0.088895 0.288360 -0.150231 0.128574 0.477471 -0.211804 0.156957 0.617078 -0.180348 -0.135109 0.578885 -0.125319 -0.055804 0.676171 -0.071726 0.047519 0.682909 -0.048879 -0.116186 0.563383 0.016887 0.024757 0.607364 0.033719 0.083436 0.485246 0.035103 -0.142796 0.493132 0.062109 0.005384 0.510574 0.054494 0.055598 0.385320 0.099184 -0.058730 0.398345 0.113888 0.019868 0.488331 0.112062 0.105487 0.411721 
0.000000 0.000000 0.000000 -0.068075 0.029191 -0.011731 -0.216263 -0.140717 0.353156 -0.081249 -0.154078 0.325263 0.007158 -0.147535 0.277900 0.075752 -0.137529 0.231773 -0.126093 0.083493 0.290811 -0.162396 0.117473 0.480122 -0.221995 0.138421 0.621882 -0.190639 -0.155322 0.577990 -0.130050 -0.070111 0.666591 -0.073024 0.031494 0.670783 -0.046096 -0.138292 0.559761 0.027701 0.000587 0.597063 0.041678 0.057220 0.473626 0.035320 -0.168007 0.486470 0.062257 -0.019149 0.496789 0.051265 0.028533 0.370798 0.096888 -0.086268 0.397640 0.110617 0.008214 0.470961 0.106332 0.086827 0.387266 
0.000000 0.000000 0.000000 -0.069140 0.026336 -0.012246 -0.213600 -0.152325 0.349947 -0.077863 -0.159703 0.323372 0.010658 -0.149051 0.276977 0.079224 -0.135796 0.231634 -0.121438 0.077850 0.291822 -0.154162 0.110086 0.482088 -0.212593 0.129917 0.624494 -0.183840 -0.159129 0.574642 -0.123242 -0.073658 0.662986 -0.066183 0.027900 0.667825 -0.039084 -0.140944 0.557079 0.030250 0.001196 0.590447 0.040436 0.058361 0.466884 0.045057 -0.167437 0.484805 0.067971 -0.017555 0.485863 0.052446 0.028768 0.359842 0.106118 -0.099063 0.400494 0.120202 0.009429 0.450718 0.111869 0.082356 0.362314 
0.000000 0.000000 0.000000 -0.069065 0.027336 -0.010328 -0.208021 -0.155950 0.351706 -0.072966 -0.164421 0.322148 0.014684 -0.153977 0.274083 0.082439 -0.140720 0.227537 -0.122097 0.077400 0.293855 -0.155281 0.108726 0.484194 -0.212808 0.128096 0.627030 -0.177991 -0.172474 0.575861 -0.114697 -0.086530 0.661823 -0.057048 0.014693 0.666689 -0.033804 -0.142430 0.555508 0.033266 0.001476 0.585793 0.043072 0.059258 0.462486 0.052731 -0.166751 0.481696 0.073732 -0.016708 0.475629 0.056404 0.029719 0.349882 0.110481 -0.095462 0.394125 0.123405 0.013791 0.442993 0.112877 0.084248 0.352837 
0.000000 0.000000 0.000000 -0.068761 0.028226 -0.009955 -0.211073 -0.162587 0.346849 -0.075967 -0.171590 0.317684 0.011997 -0.160789 0.270276 0.080086 -0.147026 0.224367 -0.126521 0.059826 0.295841 -0.162663 0.079599 0.487189 -0.246715 0.102842 0.615570 -0.180639 -0.180834 0.570815 -0.114548 -0.094269 0.654004 -0.055557 0.006296 0.653822 -0.039053 -0.147192 0.551172 0.035640 -0.006777 0.579966 0.055076 0.055872 0.460230 0.050831 -0.166889 0.478046 0.079647 -0.018152 0.471922 0.065732 0.032081 0.347218 0.112562 -0.104202 0.390793 0.128757 0.006721 0.434669 0.118203 0.076544 0.344024 
0.000000 0.000000 0.000000 -0.067219 0.032298 -0.007898 -0.214424 -0.161445 0.345323 -0.080506 -0.177011 0.313565 0.007177 -0.169624 0.264995 0.075207 -0.158225 0.218357 -0.142723 0.042951 0.295470 -0.189969 0.049617 0.485297 -0.311870 0.077990 0.577068 -0.196020 -0.181112 0.570478 -0.129524 -0.086701 0.644281 -0.070522 0.013530 0.636179 -0.045613 -0.145147 0.546463 0.032899 -0.006361 0.572898 0.064297 0.065624 0.461221 0.044599 -0.160621 0.472919 0.080979 -0.013428 0.471712 0.073820 0.041659 0.348496 0.107556 -0.113528 0.384315 0.125086 0.000714 0.417971 0.116913 0.069274 0.326124 
0.000000 0.000000 0.000000 -0.062081 0.041933 -0.003394 -0.223397 -0.148444 0.345468 -0.094314 -0.181109 0.307314 -0.008221 -0.183560 0.255508 0.059084 -0.179357 0.206667 -0.183409 0.045223 0.284902 -0.259328 0.047281 0.465300 -0.401368 0.062842 0.525875 -0.223853 -0.200197 0.566243 -0.158711 -0.113641 0.650187 -0.097512 -0.014414 0.651526 -0.076209 -0.153057 0.542601 -0.001801 -0.017640 0.590037 0.043294 0.067183 0.493027 0.025489 -0.172231 0.463953 0.073693 -0.029536 0.481427 0.078246 0.037544 0.364177 0.086353 -0.136490 0.374014 0.100264 -0.025392 0.418230 0.091635 0.043958 0.327020 
0.000000 0.000000 0.000000 -0.058628 0.046693 -0.002524 -0.242942 -0.148494 0.331992 -0.115738 -0.188957 0.295021 -0.028747 -0.195332 0.245082 0.039939 -0.193792 0.198042 -0.246488 0.046088 0.247585 -0.364038 0.045709 0.404087 -0.514299 0.045801 0.442926 -0.289893 -0.233024 0.537103 -0.241258 -0.171187 0.649320 -0.176940 -0.080413 0.684199 -0.125065 -0.198998 0.532269 -0.059388 -0.086491 0.627942 -0.000387 0.010759 0.552439 -0.016391 -0.206032 0.455906 0.026615 -0.070258 0.507931 0.041782 0.009672 0.399999 0.063142 -0.171333 0.369924 0.079952 -0.070156 0.432946 0.076697 0.008700 0.349434 
0.000000 0.000000 0.000000 -0.056219 0.049268 -0.005999 -0.280987 -0.152959 0.298229 -0.152343 -0.197169 0.272128 -0.061038 -0.205010 0.230849 0.012082 -0.204290 0.191025 -0.286410 0.055705 0.205700 -0.430449 0.059732 0.338168 -0.579626 0.061709 0.380936 -0.367251 -0.247107 0.485618 -0.340443 -0.204695 0.613151 -0.276846 -0.121835 0.664947 -0.192712 -0.220153 0.505187 -0.146546 -0.120201 0.623520 -0.080021 -0.021658 0.556415 -0.076612 -0.234883 0.439605 -0.038961 -0.105491 0.509108 -0.009806 -0.020727 0.407949 0.014563 -0.192139 0.365474 0.025188 -0.106896 0.449806 0.035183 -0.019041 0.376425 
0.000000 0.000000 0.000000 -0.052450 0.052189 -0.012214 -0.324732 -0.142433 0.256032 -0.196124 -0.192862 0.245920 -0.100713 -0.204829 0.216676 -0.023074 -0.207327 0.186693 -0.290873 0.078112 0.188606 -0.457835 0.091363 0.289894 -0.602171 0.098954 0.346432 -0.439887 -0.227875 0.431700 -0.430995 -0.192436 0.563787 -0.368216 -0.114938 0.624168 -0.273313 -0.229893 0.467607 -0.247849 -0.153566 0.607787 -0.165184 -0.058211 0.555699 -0.150553 -0.239409 0.419244 -0.121775 -0.125212 0.514752 -0.070745 -0.037354 0.425617 -0.036554 -0.172639 0.357577 -0.045832 -0.148763 0.475200 -0.019216 -0.051085 0.420851 
0.000000 0.000000 0.000000 -0.046782 0.057027 -0.013538 -0.353716 -0.123068 0.225897 -0.229458 -0.184178 0.222632 -0.133503 -0.203351 0.199679 -0.054349 -0.211509 0.175161 -0.292325 0.105460 0.174103 -0.469507 0.109539 0.257177 -0.606619 0.117413 0.329462 -0.498018 -0.200765 0.382615 -0.492459 -0.161620 0.513835 -0.424367 -0.089377 0.574971 -0.335439 -0.219479 0.432385 -0.314913 -0.138300 0.570635 -0.222207 -0.053107 0.517842 -0.212444 -0.238033 0.392757 -0.194775 -0.126900 0.494384 -0.129489 -0.045708 0.408282 -0.094064 -0.183352 0.343137 -0.121401 -0.163970 0.458759 -0.083766 -0.062854 0.419233 
0.000000 0.000000 0.000000 -0.043653 0.059274 -0.014316 -0.368806 -0.112578 0.206395 -0.247214 -0.178909 0.207398 -0.151179 -0.201701 0.188435 -0.071375 -0.212732 0.167397 -0.302408 0.141901 0.140811 -0.470193 0.117673 0.238651 -0.603892 0.120710 0.317404 -0.525082 -0.184470 0.354142 -0.512892 -0.142577 0.484059 -0.437371 -0.074792 0.541461 -0.367641 -0.219238 0.408260 -0.333540 -0.129821 0.538515 -0.236291 -0.054153 0.479724 -0.239480 -0.242028 0.376292 -0.211710 -0.128639 0.473053 -0.140561 -0.055735 0.384223 -0.116297 -0.184569 0.334056 -0.147218 -0.165183 0.448770 -0.103700 -0.064901 0.413375 
0.000000 0.000000 0.000000 -0.041893 0.060092 -0.016059 -0.379176 -0.105701 0.190639 -0.259002 -0.174310 0.196649 -0.162703 -0.198899 0.181695 -0.082309 -0.211423 0.164002 -0.295629 0.145435 0.145745 -0.461559 0.122597 0.247022 -0.593592 0.121306 0.328584 -0.534472 -0.161967 0.346001 -0.493941 -0.105465 0.464097 -0.402502 -0.040073 0.495015 -0.370873 -0.194214 0.405368 -0.325102 -0.098309 0.527154 -0.228947 -0.037010 0.452080 -0.255215 -0.226980 0.369755 -0.221552 -0.110528 0.460840 -0.146666 -0.049268 0.366461 -0.127814 -0.178891 0.329704 -0.159137 -0.156498 0.443760 -0.109762 -0.058863 0.408652 
0.000000 0.000000 0.000000 -0.039738 0.061610 -0.015779 -0.387582 -0.099773 0.176396 -0.269550 -0.171824 0.184274 -0.173536 -0.198706 0.171603 -0.093004 -0.213020 0.156025 -0.293725 0.126633 0.154835 -0.457334 0.111577 0.261214 -0.587164 0.103557 0.345871 -0.541400 -0.151019 0.334934 -0.490516 -0.095812 0.449585 -0.390782 -0.036481 0.460813 -0.386564 -0.189689 0.390339 -0.315777 -0.081549 0.487392 -0.223671 -0.035671 0.397664 -0.268405 -0.225253 0.358709 -0.219961 -0.103439 0.434902 -0.145382 -0.053572 0.333812 -0.140154 -0.177356 0.320619 -0.172609 -0.152809 0.433912 -0.117889 -0.058502 0.397648 
0.000000 0.000000 0.000000 -0.039333 0.061864 -0.015802 -0.392852 -0.103841 0.161785 -0.274991 -0.175878 0.172000 -0.178566 -0.202371 0.161884 -0.097547 -0.216259 0.148619 -0.301476 0.108272 0.148433 -0.457321 0.101575 0.266665 -0.570774 0.071130 0.368097 -0.547204 -0.148482 0.321794 -0.478986 -0.090010 0.425280 -0.375020 -0.038806 0.412538 -0.383962 -0.184782 0.382998 -0.300989 -0.067432 0.456950 -0.218557 -0.034334 0.353274 -0.274204 -0.230741 0.348330 -0.217948 -0.104339 0.410366 -0.148039 -0.066324 0.301116 -0.146596 -0.173385 0.310922 -0.180357 -0.143874 0.422639 -0.121506 -0.054562 0.380650 
0.000000 0.000000 0.000000 -0.038547 0.062834 -0.013778 -0.396801 -0.107739 0.149101 -0.279706 -0.181137 0.158402 -0.183295 -0.207946 0.149023 -0.102128 -0.221896 0.136759 -0.313767 0.115628 0.125194 -0.466406 0.088449 0.244667 -0.565227 0.032785 0.350604 -0.549707 -0.143844 0.312614 -0.463874 -0.092663 0.406397 -0.357030 -0.052301 0.382977 -0.380974 -0.190947 0.373165 -0.283074 -0.072646 0.423613 -0.211415 -0.049656 0.309702 -0.272599 -0.234597 0.338834 -0.198586 -0.108023 0.377462 -0.135695 -0.079995 0.261155 -0.144908 -0.168562 0.297730 -0.174354 -0.131851 0.408529 -0.112704 -0.049143 0.357915 
0.000000 0.000000 0.000000 -0.037726 0.063980 -0.010357 -0.395733 -0.107587 0.152024 -0.279746 -0.183196 0.155944 -0.183994 -0.211133 0.143580 -0.103317 -0.225856 0.129173 -0.313095 0.112894 0.129734 -0.465793 0.086651 0.249341 -0.548851 0.015237 0.359288 -0.553443 -0.138204 0.312055 -0.465495 -0.093883 0.407359 -0.357271 -0.060799 0.379319 -0.374448 -0.193405 0.373664 -0.278815 -0.067724 0.408062 -0.215712 -0.049396 0.288390 -0.266451 -0.235973 0.336706 -0.199454 -0.101595 0.357799 -0.143865 -0.079023 0.236685 -0.159426 -0.211779 0.294218 -0.153528 -0.131431 0.383665 -0.092380 -0.052122 0.327326 
0.000000 0.000000 0.000000 -0.039185 0.063668 -0.005899 -0.390059 -0.124145 0.154052 -0.272566 -0.197442 0.151201 -0.176591 -0.222652 0.135234 -0.095986 -0.234868 0.118300 -0.312172 0.121004 0.135652 -0.452473 0.073633 0.263647 -0.521758 -0.012913 0.372258 -0.527636 -0.155488 0.331564 -0.420419 -0.110615 0.404179 -0.314297 -0.076477 0.370034 -0.340618 -0.202934 0.378826 -0.238285 -0.078532 0.392117 -0.187377 -0.059721 0.266842 -0.237242 -0.241834 0.336895 -0.159446 -0.111686 0.337221 -0.115931 -0.090382 0.211045 -0.136880 -0.212005 0.286797 -0.123074 -0.127786 0.371696 -0.066958 -0.051180 0.306999 
0.000000 0.000000 0.000000 -0.040487 0.063122 -0.000516 -0.380890 -0.140455 0.162744 -0.262389 -0.211147 0.150687 -0.166770 -0.233506 0.129262 -0.086772 -0.243141 0.108278 -0.314859 0.109080 0.142503 -0.440785 0.035926 0.273279 -0.492780 -0.066772 0.377376 -0.500111 -0.174202 0.352659 -0.384747 -0.126071 0.408841 -0.284797 -0.090636 0.360390 -0.306967 -0.219314 0.383969 -0.214899 -0.087365 0.368554 -0.179577 -0.067453 0.238188 -0.207924 -0.258047 0.335218 -0.142631 -0.122777 0.314491 -0.114015 -0.101680 0.184091 -0.120398 -0.235810 0.279747 -0.091782 -0.135070 0.339108 -0.045274 -0.059849 0.265746 
0.000000 0.000000 0.000000 -0.042727 0.061468 0.004469 -0.367309 -0.162614 0.173005 -0.247039 -0.228034 0.152018 -0.151810 -0.245648 0.125128 -0.072612 -0.251184 0.100027 -0.315148 0.073580 0.157722 -0.436695 -0.010045 0.286346 -0.476826 -0.122093 0.385953 -0.473654 -0.210994 0.367351 -0.354492 -0.158410 0.409981 -0.260962 -0.116579 0.354345 -0.264831 -0.248284 0.388128 -0.179995 -0.113298 0.361554 -0.160656 -0.086951 0.228998 -0.166344 -0.271154 0.334537 -0.105162 -0.139498 0.290785 -0.091657 -0.113986 0.158744 -0.093054 -0.245760 0.273633 -0.063168 -0.138954 0.320436 -0.027561 -0.062934 0.241974 
0.000000 0.000000 0.000000 -0.045766 0.059154 0.005494 -0.354424 -0.181604 0.180814 -0.231397 -0.240653 0.157095 -0.135995 -0.253267 0.128092 -0.057189 -0.254656 0.101246 -0.309359 0.076338 0.173034 -0.402690 -0.026596 0.310893 -0.433318 -0.139360 0.413035 -0.423481 -0.228223 0.391712 -0.304083 -0.168574 0.422828 -0.218995 -0.121487 0.358518 -0.215049 -0.252429 0.393883 -0.136699 -0.118308 0.349192 -0.131896 -0.089001 0.215935 -0.124331 -0.266201 0.338830 -0.075220 -0.136377 0.277799 -0.075137 -0.110404 0.145159 -0.058689 -0.250406 0.276078 -0.024657 -0.136700 0.296177 -0.000390 -0.060739 0.213447 
0.000000 0.000000 0.000000 -0.048282 0.056568 0.009634 -0.320186 -0.196955 0.223562 -0.197354 -0.249469 0.186959 -0.105280 -0.257344 0.147434 -0.030087 -0.254907 0.111752 -0.294489 0.050062 0.202471 -0.369663 -0.049895 0.353032 -0.387189 -0.155634 0.465277 -0.354757 -0.236865 0.444089 -0.235907 -0.168630 0.444869 -0.165591 -0.120961 0.365015 -0.149392 -0.247285 0.419702 -0.088233 -0.111278 0.357363 -0.101149 -0.085605 0.223896 -0.060858 -0.262862 0.354098 -0.030453 -0.133471 0.281130 -0.052449 -0.112502 0.149432 -0.013410 -0.251870 0.285818 0.013422 -0.134563 0.289052 0.022391 -0.059701 0.202344 
0.000000 0.000000 0.000000 -0.051203 0.053460 0.012008 -0.280390 -0.206872 0.264341 -0.158235 -0.252476 0.217611 -0.070256 -0.255934 0.169139 0.000582 -0.250106 0.125769 -0.264148 0.040079 0.240747 -0.314591 -0.053723 0.404966 -0.325946 -0.146462 0.528891 -0.282104 -0.243994 0.488035 -0.167056 -0.170537 0.475792 -0.111273 -0.121400 0.385975 -0.080378 -0.241106 0.441851 -0.033077 -0.106003 0.366788 -0.062608 -0.082333 0.235613 0.006429 -0.250546 0.366126 0.019022 -0.124427 0.282903 -0.023441 -0.107745 0.155676 0.044520 -0.233423 0.294225 0.068192 -0.115403 0.292750 0.062606 -0.040277 0.205986 
0.000000 0.000000 0.000000 -0.051173 0.052870 0.014491 -0.253065 -0.202944 0.293363 -0.134238 -0.247820 0.238123 -0.050512 -0.251282 0.182626 0.016357 -0.245611 0.133337 -0.242064 0.036069 0.261725 -0.288122 -0.053021 0.429811 -0.317215 -0.129466 0.561707 -0.237850 -0.242112 0.516196 -0.124530 -0.167716 0.496051 -0.075677 -0.117255 0.402991 -0.047754 -0.232045 0.458908 -0.002591 -0.093907 0.388176 -0.035142 -0.067186 0.258308 0.037099 -0.239432 0.374713 0.048298 -0.108904 0.298372 0.001840 -0.085839 0.173562 0.069917 -0.232043 0.299269 0.093875 -0.114099 0.296716 0.086539 -0.032168 0.216488 
0.000000 0.000000 0.000000 -0.050654 0.053412 0.014325 -0.253113 -0.198381 0.296427 -0.134967 -0.244702 0.240920 -0.051580 -0.249321 0.185000 0.015061 -0.244618 0.135302 -0.241466 0.045156 0.262052 -0.307451 -0.034108 0.428408 -0.355214 -0.101753 0.559670 -0.256417 -0.235941 0.520030 -0.143143 -0.160319 0.504785 -0.085717 -0.109309 0.417073 -0.062054 -0.230558 0.466659 -0.002254 -0.091092 0.411002 -0.016589 -0.048911 0.281950 0.024983 -0.244018 0.382037 0.048175 -0.108284 0.318561 0.015398 -0.066913 0.194134 0.063360 -0.234366 0.303077 0.094545 -0.120259 0.325398 0.096526 -0.027137 0.258111 
0.000000 0.000000 0.000000 -0.051194 0.054131 0.008540 -0.284985 -0.192593 0.270151 -0.162305 -0.240809 0.227608 -0.073628 -0.246930 0.180696 -0.002134 -0.243474 0.138155 -0.267451 0.060943 0.234444 -0.356862 -0.000615 0.397317 -0.417587 -0.060200 0.527120 -0.305056 -0.234173 0.492161 -0.190303 -0.160298 0.504662 -0.116991 -0.103091 0.434335 -0.126626 -0.241233 0.462557 -0.036837 -0.107144 0.453464 -0.010183 -0.041656 0.336673 -0.023553 -0.259714 0.385739 0.017367 -0.116049 0.359729 0.006633 -0.053353 0.240472 0.030807 -0.243873 0.309914 0.063593 -0.141378 0.363869 0.077801 -0.036679 0.318710 
0.000000 0.000000 0.000000 -0.046898 0.058321 0.004812 -0.323155 -0.168824 0.241577 -0.201814 -0.227250 0.209203 -0.110212 -0.240755 0.170108 -0.035222 -0.243255 0.134006 -0.305955 0.102439 0.174486 -0.410555 0.054765 0.332907 -0.482021 0.006929 0.462101 -0.393800 -0.221371 0.450547 -0.289412 -0.150018 0.503403 -0.199930 -0.087358 0.462661 -0.226683 -0.243396 0.444989 -0.133758 -0.120219 0.493123 -0.067131 -0.040208 0.404814 -0.106255 -0.265632 0.380058 -0.047660 -0.127490 0.401838 -0.023340 -0.050848 0.293199 -0.031977 -0.233341 0.308584 -0.012231 -0.160306 0.402218 0.016589 -0.051604 0.378629 
0.000000 0.000000 0.000000 -0.041592 0.062308 0.003422 -0.353909 -0.144065 0.212801 -0.236393 -0.212726 0.187091 -0.143816 -0.233722 0.154068 -0.066950 -0.242289 0.123228 -0.317440 0.127905 0.135524 -0.435263 0.096023 0.288535 -0.510273 0.055677 0.418275 -0.471364 -0.209419 0.395429 -0.385979 -0.156380 0.488586 -0.285761 -0.096802 0.488651 -0.309818 -0.252489 0.409582 -0.228778 -0.152240 0.507087 -0.138035 -0.067172 0.450799 -0.179232 -0.274762 0.358458 -0.117358 -0.157885 0.432635 -0.062424 -0.070118 0.345759 -0.073423 -0.219821 0.296547 -0.077879 -0.204357 0.415846 -0.038704 -0.096602 0.408265 
0.000000 0.000000 0.000000 -0.038286 0.064413 0.003008 -0.369235 -0.128163 0.196290 -0.254659 -0.202674 0.173807 -0.162117 -0.228118 0.143967 -0.084668 -0.240333 0.115942 -0.321029 0.135016 0.116664 -0.450128 0.112924 0.262117 -0.526849 0.074835 0.391539 -0.513402 -0.197869 0.356843 -0.450509 -0.157219 0.471621 -0.353008 -0.102252 0.504261 -0.359672 -0.252146 0.381170 -0.296772 -0.168263 0.504181 -0.195524 -0.085122 0.465767 -0.221481 -0.272274 0.342058 -0.167163 -0.163275 0.432388 -0.099862 -0.076354 0.353753 -0.107215 -0.224161 0.288616 -0.122735 -0.213029 0.407471 -0.078670 -0.106960 0.404184 
0.000000 0.000000 0.000000 -0.036830 0.065214 -0.003822 -0.383501 -0.106731 0.181178 -0.269603 -0.184897 0.171069 -0.176056 -0.214203 0.148887 -0.097361 -0.229889 0.126660 -0.317403 0.147294 0.107480 -0.443863 0.123982 0.255045 -0.527558 0.090757 0.381449 -0.535977 -0.166852 0.337884 -0.485662 -0.129148 0.459657 -0.390571 -0.077162 0.502651 -0.386017 -0.223417 0.374634 -0.325252 -0.144263 0.501782 -0.216637 -0.068906 0.467672 -0.252692 -0.251944 0.342320 -0.202301 -0.146971 0.439439 -0.125531 -0.067870 0.361226 -0.131144 -0.207494 0.296788 -0.154397 -0.192079 0.413890 -0.104634 -0.088590 0.409787 
0.000000 0.000000 0.000000 -0.033926 0.066527 -0.006862 -0.390526 -0.083480 0.178356 -0.279951 -0.166731 0.173105 -0.187416 -0.200792 0.153636 -0.109131 -0.220626 0.133364 -0.302552 0.143655 0.133629 -0.433404 0.126187 0.278141 -0.524023 0.097701 0.400875 -0.548541 -0.135966 0.332292 -0.500452 -0.098014 0.454885 -0.402794 -0.048105 0.494447 -0.397591 -0.188401 0.378448 -0.331019 -0.108190 0.501975 -0.218901 -0.044969 0.456456 -0.276166 -0.232303 0.342962 -0.226811 -0.130161 0.443569 -0.143870 -0.061610 0.361779 -0.148881 -0.190493 0.300989 -0.176242 -0.169751 0.416368 -0.120642 -0.069482 0.408768 
0.000000 0.000000 0.000000 -0.033657 0.066281 -0.009895 -0.399247 -0.081363 0.158972 -0.288372 -0.164352 0.161145 -0.194863 -0.198479 0.147244 -0.115571 -0.218442 0.131520 -0.298470 0.131529 0.143282 -0.446634 0.123838 0.270951 -0.549346 0.093438 0.383258 -0.563350 -0.127001 0.308663 -0.510452 -0.083867 0.427505 -0.409293 -0.034791 0.458351 -0.410307 -0.174539 0.364866 -0.338984 -0.083101 0.477457 -0.230238 -0.030450 0.413883 -0.289668 -0.219864 0.335043 -0.236864 -0.107886 0.422584 -0.153657 -0.049758 0.333332 -0.156658 -0.176618 0.296289 -0.184938 -0.147830 0.409703 -0.125959 -0.050018 0.397151 
0.000000 0.000000 0.000000 -0.033153 0.066675 -0.008905 -0.404052 -0.084547 0.144512 -0.293534 -0.167985 0.147500 -0.199751 -0.202039 0.135373 -0.120084 -0.221826 0.121425 -0.303250 0.128021 0.136456 -0.458584 0.107604 0.253785 -0.573953 0.074092 0.352038 -0.567986 -0.133210 0.293435 -0.503432 -0.091132 0.406767 -0.397352 -0.044903 0.421019 -0.416619 -0.183095 0.350222 -0.330129 -0.087204 0.447427 -0.228966 -0.044338 0.366385 -0.297376 -0.229678 0.320897 -0.235638 -0.114877 0.398356 -0.157175 -0.067885 0.298841 -0.159831 -0.173780 0.284821 -0.187190 -0.140709 0.397289 -0.124609 -0.046402 0.377464 
0.000000 0.000000 0.000000 -0.034136 0.066326 -0.007717 -0.406995 -0.097076 0.127364 -0.295022 -0.178513 0.131271 -0.200230 -0.210377 0.121225 -0.119760 -0.228182 0.109368 -0.307260 0.147517 0.121348 -0.456908 0.096508 0.236737 -0.574482 0.053826 0.328614 -0.559171 -0.144049 0.288783 -0.470937 -0.103273 0.385396 -0.362115 -0.061432 0.385868 -0.400702 -0.186617 0.343970 -0.293948 -0.089615 0.416901 -0.201177 -0.053738 0.323383 -0.290730 -0.236196 0.310584 -0.215114 -0.116486 0.364830 -0.144031 -0.077452 0.256702 -0.156779 -0.191987 0.276418 -0.170646 -0.149974 0.388373 -0.105094 -0.059988 0.359937 
0.000000 0.000000 0.000000 -0.034545 0.066450 -0.003864 -0.404722 -0.105578 0.127841 -0.292332 -0.186513 0.126063 -0.197544 -0.217323 0.113108 -0.117167 -0.234075 0.099256 -0.309492 0.141287 0.125169 -0.459692 0.092039 0.240607 -0.568862 0.035071 0.335070 -0.541456 -0.149744 0.303265 -0.440568 -0.110421 0.387272 -0.331353 -0.071063 0.376495 -0.380823 -0.193014 0.346520 -0.262462 -0.093031 0.392549 -0.182824 -0.062607 0.285912 -0.271848 -0.244677 0.309180 -0.184211 -0.124273 0.337700 -0.126047 -0.090567 0.220445 -0.163834 -0.217349 0.266972 -0.151039 -0.143288 0.361007 -0.085799 -0.058327 0.319431 
0.000000 0.000000 0.000000 -0.035518 0.066048 0.000278 -0.392695 -0.113849 0.155303 -0.279812 -0.193201 0.143233 -0.185909 -0.222433 0.122505 -0.106609 -0.237788 0.102287 -0.302960 0.107602 0.157103 -0.456566 0.082714 0.275835 -0.545777 0.009289 0.379454 -0.506976 -0.149733 0.347845 -0.388037 -0.107611 0.401336 -0.279944 -0.070683 0.377981 -0.337710 -0.193670 0.373716 -0.212391 -0.093050 0.390899 -0.147997 -0.065681 0.273665 -0.241485 -0.251344 0.324468 -0.150971 -0.129729 0.327300 -0.107309 -0.099281 0.203064 -0.145700 -0.226404 0.272371 -0.118161 -0.138425 0.349783 -0.058680 -0.055446 0.297060 
0.000000 0.000000 0.000000 -0.034309 0.066216 0.007885 -0.371915 -0.118468 0.197320 -0.262487 -0.197966 0.167473 -0.172285 -0.226836 0.133827 -0.096320 -0.241761 0.103175 -0.292599 0.095868 0.181820 -0.431529 0.057306 0.314193 -0.493752 -0.032035 0.424798 -0.463788 -0.151466 0.401992 -0.335602 -0.109073 0.425513 -0.230601 -0.073693 0.389233 -0.286856 -0.198170 0.403864 -0.164520 -0.094392 0.384153 -0.120253 -0.067331 0.257870 -0.195554 -0.246806 0.343048 -0.111626 -0.122277 0.322087 -0.087297 -0.095056 0.191952 -0.116569 -0.235334 0.276769 -0.074654 -0.137853 0.333619 -0.024772 -0.057087 0.268875 
0.000000 0.000000 0.000000 -0.037064 0.064588 0.008864 -0.349582 -0.131636 0.227497 -0.238633 -0.206288 0.191408 -0.149771 -0.231475 0.151770 -0.075599 -0.243379 0.115856 -0.275910 0.119000 0.203385 -0.377837 0.052539 0.356698 -0.417972 -0.043488 0.471828 -0.401314 -0.153433 0.447199 -0.273227 -0.104703 0.448128 -0.175383 -0.066981 0.397169 -0.219274 -0.200936 0.428201 -0.106355 -0.094480 0.383023 -0.084866 -0.067704 0.250885 -0.135979 -0.247838 0.362140 -0.061939 -0.126307 0.309804 -0.060584 -0.100736 0.177093 -0.064977 -0.235777 0.290257 -0.012271 -0.130315 0.314573 0.022937 -0.052376 0.237833 
0.000000 0.000000 0.000000 -0.036545 0.063585 0.015664 -0.315909 -0.145162 0.265367 -0.209408 -0.216589 0.213013 -0.125964 -0.238875 0.161611 -0.056802 -0.248274 0.116209 -0.260081 0.099819 0.231453 -0.344699 0.026855 0.392162 -0.368318 -0.072499 0.509028 -0.326736 -0.173172 0.490130 -0.206009 -0.117895 0.456196 -0.121072 -0.074515 0.389136 -0.151757 -0.206389 0.443332 -0.059758 -0.097919 0.366552 -0.061573 -0.071937 0.232533 -0.072268 -0.251390 0.365753 -0.018743 -0.134903 0.284779 -0.041728 -0.109856 0.153964 -0.024106 -0.244674 0.287978 0.023442 -0.134116 0.285274 0.041147 -0.058169 0.200884 
0.000000 0.000000 0.000000 -0.039670 0.061660 0.015758 -0.300186 -0.158635 0.275706 -0.191204 -0.224748 0.221510 -0.107993 -0.243087 0.168204 -0.039611 -0.249272 0.121101 -0.247471 0.102384 0.245989 -0.311834 0.024877 0.413802 -0.320162 -0.075301 0.532047 -0.274465 -0.184042 0.499565 -0.159398 -0.124794 0.454493 -0.086515 -0.078992 0.375859 -0.106902 -0.205607 0.442871 -0.029544 -0.103740 0.344061 -0.041689 -0.078115 0.210512 -0.031233 -0.247919 0.365176 0.004303 -0.132159 0.273921 -0.031829 -0.107180 0.146099 0.014813 -0.240333 0.287066 0.055277 -0.129282 0.264224 0.060098 -0.055313 0.176426 
0.000000 0.000000 0.000000 -0.042704 0.058738 0.018711 -0.261386 -0.176400 0.303068 -0.152938 -0.234967 0.239870 -0.073655 -0.247829 0.179449 -0.009475 -0.249592 0.126432 -0.233536 0.083648 0.265306 -0.264196 -0.009796 0.434537 -0.256236 -0.108446 0.554085 -0.201390 -0.202227 0.520217 -0.099194 -0.136425 0.456908 -0.044661 -0.086961 0.366506 -0.036327 -0.202915 0.444441 0.013689 -0.111055 0.321215 -0.014059 -0.087955 0.189549 0.034192 -0.245118 0.361316 0.046174 -0.137517 0.255159 -0.008110 -0.113503 0.133731 0.069928 -0.245984 0.282215 0.092954 -0.136754 0.237160 0.080396 -0.062653 0.150243 
0.000000 0.000000 0.000000 -0.045406 0.053619 0.026215 -0.170174 -0.195622 0.352226 -0.069843 -0.242595 0.269086 -0.003253 -0.247803 0.193983 0.048702 -0.243609 0.129050 -0.168933 0.056517 0.313580 -0.172169 -0.031965 0.488142 -0.151422 -0.123551 0.611707 -0.055984 -0.207318 0.547786 0.017244 -0.128782 0.462628 0.037829 -0.075052 0.361225 0.085428 -0.193542 0.442173 0.091138 -0.097639 0.312194 0.029806 -0.080824 0.191384 0.142467 -0.233158 0.346511 0.110996 -0.127449 0.242463 0.026552 -0.111536 0.138137 0.156415 -0.230923 0.266248 0.151174 -0.121032 0.217383 0.110529 -0.050046 0.136685 
0.000000 0.000000 0.000000 -0.048498 0.048025 0.031071 -0.087362 -0.199022 0.379537 0.005739 -0.235738 0.283781 0.060876 -0.235460 0.199747 0.101778 -0.227404 0.127670 -0.097849 0.059091 0.339759 -0.067858 -0.044950 0.502815 -0.041780 -0.131146 0.629215 0.073464 -0.194257 0.539327 0.139383 -0.107216 0.456497 0.128551 -0.054407 0.353119 0.191740 -0.173708 0.418059 0.172663 -0.075053 0.291458 0.084352 -0.067210 0.187636 0.235917 -0.203239 0.313922 0.179516 -0.101043 0.217146 0.072775 -0.096038 0.134385 0.240087 -0.202077 0.231667 0.209174 -0.101016 0.174029 0.146378 -0.036761 0.102397 
0.000000 0.000000 0.000000 -0.049028 0.045124 0.034409 -0.034150 -0.192154 0.391409 0.052011 -0.224736 0.287969 0.098632 -0.223023 0.198944 0.131647 -0.214264 0.123008 -0.041462 0.058849 0.346820 -0.004710 -0.043290 0.509694 0.024875 -0.125894 0.637710 0.148972 -0.182100 0.524770 0.206785 -0.093885 0.437262 0.178102 -0.042971 0.336374 0.250308 -0.150023 0.395535 0.212890 -0.056230 0.269332 0.111703 -0.056903 0.177680 0.285226 -0.189872 0.292738 0.218994 -0.090088 0.199748 0.102281 -0.093213 0.131656 0.280446 -0.184017 0.209787 0.232968 -0.090062 0.151395 0.158584 -0.031580 0.086203 
0.000000 0.000000 0.000000 -0.050470 0.041691 0.036586 0.002437 -0.188257 0.394770 0.085121 -0.215606 0.287064 0.126540 -0.211624 0.195574 0.154575 -0.201478 0.117830 -0.013404 0.054300 0.346930 0.030545 -0.038240 0.513711 0.066417 -0.118004 0.641922 0.196232 -0.164136 0.510016 0.242813 -0.069671 0.422332 0.196450 -0.022752 0.326196 0.286541 -0.127488 0.377285 0.236708 -0.035510 0.254073 0.128434 -0.044313 0.171378 0.317685 -0.167066 0.274262 0.234267 -0.078685 0.183592 0.113076 -0.089934 0.124820 0.309154 -0.163710 0.190392 0.254496 -0.072324 0.134248 0.171901 -0.019582 0.074251 
0.000000 0.000000 0.000000 -0.051151 0.039613 0.037924 0.026859 -0.181880 0.396848 0.106766 -0.206608 0.286446 0.144482 -0.201908 0.193402 0.169038 -0.191526 0.114521 -0.026164 0.068048 0.348430 0.026857 -0.031685 0.508283 0.067549 -0.105840 0.638407 0.226317 -0.146975 0.498919 0.251361 -0.049407 0.405993 0.189309 -0.008921 0.315974 0.308007 -0.110439 0.368471 0.244679 -0.027872 0.244791 0.133787 -0.042783 0.166560 0.335889 -0.147838 0.265191 0.245012 -0.063502 0.177901 0.122395 -0.082195 0.124201 0.324442 -0.147772 0.181761 0.262632 -0.060276 0.126851 0.175013 -0.012872 0.069588 
0.000000 0.000000 0.000000 -0.054400 0.036276 0.036724 0.025858 -0.183760 0.396048 0.110177 -0.202858 0.287832 0.150211 -0.195144 0.195964 0.176380 -0.182641 0.117913 -0.081075 0.080089 0.345293 -0.008961 -0.016231 0.499674 0.040147 -0.081219 0.631779 0.222621 -0.134378 0.497368 0.227224 -0.040246 0.397868 0.162566 -0.004531 0.307663 0.302550 -0.097245 0.379006 0.243879 -0.013375 0.253914 0.138075 -0.030357 0.169318 0.337166 -0.131620 0.271636 0.248423 -0.048017 0.181490 0.128104 -0.073086 0.125251 0.328306 -0.132915 0.188849 0.261546 -0.050803 0.131474 0.173419 -0.007147 0.072053 
0.000000 0.000000 0.000000 -0.056727 0.034435 0.034931 0.010756 -0.192554 0.392553 0.100384 -0.207605 0.288028 0.144517 -0.197024 0.198350 0.174067 -0.182226 0.121924 -0.123807 0.065518 0.338873 -0.053239 -0.017348 0.501552 -0.001428 -0.079537 0.633972 0.196426 -0.135651 0.509638 0.201270 -0.043493 0.408319 0.142981 -0.010412 0.312919 0.282162 -0.092889 0.389376 0.226706 -0.008130 0.263419 0.127564 -0.023712 0.170859 0.322913 -0.124914 0.286036 0.227105 -0.044634 0.200206 0.110893 -0.070345 0.136163 0.315981 -0.123367 0.205483 0.249977 -0.040816 0.147864 0.164696 0.002539 0.084219 
0.000000 0.000000 0.000000 -0.058263 0.033995 0.032767 -0.002963 -0.192999 0.392470 0.090709 -0.207292 0.291443 0.138173 -0.196286 0.203535 0.170527 -0.181182 0.128314 -0.166994 0.066666 0.324240 -0.118332 -0.002809 0.500638 -0.079522 -0.058049 0.640385 0.170175 -0.131041 0.525152 0.176531 -0.044300 0.419238 0.127232 -0.013656 0.318126 0.264405 -0.092383 0.405899 0.220692 -0.002685 0.278745 0.127840 -0.018759 0.179956 0.310544 -0.121766 0.300738 0.221944 -0.036954 0.211588 0.109630 -0.063625 0.141286 0.306506 -0.119578 0.219424 0.242693 -0.036099 0.160683 0.159669 0.006516 0.093645 
0.000000 0.000000 0.000000 -0.062382 0.029817 0.029040 -0.012156 -0.191283 0.393133 0.088081 -0.199138 0.297864 0.139717 -0.185052 0.212793 0.175270 -0.167924 0.139474 -0.176000 0.077710 0.316518 -0.159726 0.001259 0.495966 -0.157382 -0.048014 0.643117 0.147521 -0.119017 0.537012 0.158716 -0.033426 0.430565 0.113847 -0.009219 0.325713 0.246678 -0.081796 0.430349 0.203051 0.005200 0.301303 0.118955 -0.010448 0.194896 0.300517 -0.104213 0.323799 0.212491 -0.023653 0.230246 0.106931 -0.053392 0.151247 0.299831 -0.103008 0.243669 0.232559 -0.023305 0.183559 0.151324 0.016747 0.112850 
0.000000 0.000000 0.000000 -0.066956 0.023880 0.023887 -0.025704 -0.192882 0.391697 0.082065 -0.191206 0.304701 0.138774 -0.172168 0.223933 0.178307 -0.151614 0.153593 -0.202665 0.077046 0.300658 -0.212405 -0.019794 0.470477 -0.238609 -0.070524 0.614791 0.109558 -0.109543 0.553495 0.128340 -0.012953 0.458103 0.090945 0.009703 0.350022 0.217876 -0.070956 0.458225 0.183199 0.028557 0.335672 0.111205 0.018165 0.220137 0.282604 -0.087777 0.353952 0.201526 0.000193 0.260792 0.105455 -0.026837 0.169646 0.289385 -0.081544 0.269084 0.226531 0.003904 0.212169 0.149332 0.045650 0.138002 
0.000000 0.000000 0.000000 -0.070320 0.017292 0.019491 -0.033431 -0.199061 0.388004 0.079222 -0.186383 0.308419 0.139120 -0.161220 0.231732 0.181124 -0.136262 0.164310 -0.224319 0.032204 0.291352 -0.243890 -0.070974 0.456526 -0.279072 -0.129661 0.595827 0.082785 -0.126631 0.568746 0.108512 -0.018795 0.488176 0.080426 0.013102 0.379608 0.196679 -0.075589 0.482784 0.169462 0.040266 0.373416 0.107772 0.043966 0.251678 0.267914 -0.080572 0.378775 0.193240 0.019274 0.292489 0.105034 0.002168 0.191518 0.278913 -0.074001 0.295258 0.222894 0.025084 0.256072 0.149639 0.076587 0.184071 
0.000000 0.000000 0.000000 -0.073573 0.007093 0.012675 -0.043731 -0.216166 0.377690 0.073366 -0.185716 0.310265 0.136474 -0.149988 0.240676 0.181066 -0.117177 0.178482 -0.227556 0.011526 0.284917 -0.264528 -0.102273 0.439817 -0.308710 -0.170442 0.572058 0.042006 -0.154782 0.578442 0.076253 -0.027751 0.540071 0.063590 0.026227 0.437507 0.163292 -0.086172 0.506425 0.146517 0.055911 0.431222 0.097807 0.080563 0.306086 0.246013 -0.084476 0.409268 0.179847 0.035067 0.343522 0.101237 0.036803 0.233589 0.265347 -0.065016 0.322573 0.212945 0.041036 0.300248 0.144129 0.105522 0.234604 
0.000000 0.000000 0.000000 -0.074501 -0.003329 0.007898 -0.037612 -0.241003 0.363033 0.078284 -0.191724 0.305370 0.140209 -0.144169 0.242080 0.183756 -0.102344 0.184745 -0.228809 -0.031064 0.278575 -0.257191 -0.161902 0.421358 -0.297840 -0.243033 0.547264 0.031728 -0.195819 0.574150 0.065470 -0.063166 0.580983 0.061860 0.018137 0.497497 0.147243 -0.116639 0.520036 0.134795 0.042225 0.492986 0.094799 0.098622 0.375262 0.231808 -0.090388 0.424922 0.175846 0.046823 0.392797 0.103740 0.075690 0.282182 0.257112 -0.063076 0.338573 0.211031 0.047014 0.354323 0.141966 0.124377 0.304844 
0.000000 0.000000 0.000000 -0.073810 -0.012394 0.004733 -0.020747 -0.266373 0.346274 0.090357 -0.200485 0.296274 0.148279 -0.142171 0.238426 0.188439 -0.092036 0.185449 -0.221636 -0.095344 0.267626 -0.235290 -0.224970 0.413646 -0.261497 -0.316086 0.536520 0.028884 -0.246520 0.566643 0.051263 -0.122475 0.620442 0.048438 -0.019133 0.566540 0.147387 -0.151177 0.521642 0.136244 0.006258 0.556494 0.097250 0.094710 0.460083 0.231696 -0.108183 0.429737 0.183381 0.034718 0.445093 0.110760 0.095446 0.348624 0.248223 -0.053317 0.345177 0.214490 0.045081 0.405768 0.142693 0.130980 0.379892 