95
0.000000 0.000000 0.000000 -0.047002 -0.057678 -0.009377 0.198503 -0.310274 0.235832 0.232574 -0.177800 0.224575 0.232453 -0.078913 0.196938 0.225173 0.013141 0.165818 0.059827 -0.111952 0.279566 0.126674 -0.145913 0.460367 0.151782 -0.176955 0.610343 0.286674 -0.376524 0.433965 0.339962 -0.416563 0.553712 0.373077 -0.426102 0.665093 0.384278 -0.219447 0.402692 0.487458 -0.247773 0.523837 0.427880 -0.160368 0.610151 0.355379 -0.083533 0.368931 0.443525 -0.086846 0.492260 0.334035 -0.017393 0.530423 0.333196 0.018627 0.303248 0.407551 0.022404 0.397844 0.305758 0.060334 0.435297 
0.000000 0.000000 0.000000 -0.044782 -0.059157 -0.010900 0.198467 -0.302856 0.245315 0.228840 -0.169437 0.234650 0.226757 -0.070729 0.206458 0.217875 0.020911 0.174540 0.064516 -0.093819 0.280130 0.132908 -0.115508 0.462238 0.172208 -0.134577 0.611163 0.278002 -0.332553 0.455582 0.326071 -0.350501 0.582662 0.348130 -0.333786 0.695919 0.374183 -0.197436 0.420570 0.473036 -0.216479 0.547021 0.409619 -0.126450 0.627719 0.343108 -0.064858 0.382928 0.426540 -0.060649 0.509468 0.314446 0.006996 0.543042 0.318425 0.031359 0.317253 0.387635 0.038550 0.415485 0.283377 0.076916 0.444837 
0.000000 0.000000 0.000000 -0.044597 -0.059229 -0.011267 0.198296 -0.303207 0.245020 0.228383 -0.169678 0.234921 0.226163 -0.070880 0.207057 0.217176 0.020845 0.175418 0.068333 -0.088596 0.278958 0.138998 -0.106972 0.460562 0.186200 -0.124426 0.607375 0.272234 -0.315307 0.459045 0.316920 -0.322620 0.588396 0.329915 -0.283713 0.697532 0.373081 -0.195152 0.421705 0.471496 -0.212477 0.548743 0.403094 -0.117232 0.618663 0.337194 -0.060875 0.386739 0.416811 -0.053701 0.515582 0.302538 0.013560 0.541765 0.312594 0.030617 0.321658 0.378273 0.037342 0.422317 0.273863 0.078446 0.447060 
0.000000 0.000000 0.000000 -0.045285 -0.058770 -0.010918 0.199961 -0.306655 0.239309 0.230993 -0.173310 0.229659 0.229123 -0.074292 0.202558 0.220361 0.017737 0.171748 0.070506 -0.090665 0.277910 0.142960 -0.110622 0.458639 0.199959 -0.129869 0.601704 0.281219 -0.324103 0.450289 0.330329 -0.334648 0.577800 0.336773 -0.279600 0.680374 0.377520 -0.199850 0.414861 0.477179 -0.217901 0.540825 0.406034 -0.118468 0.601577 0.347174 -0.073531 0.377992 0.407445 -0.055988 0.516015 0.290918 0.010448 0.532624 0.310668 0.021273 0.321476 0.372829 0.023706 0.424536 0.269518 0.068779 0.446864 
0.000000 0.000000 0.000000 -0.043984 -0.059454 -0.012431 0.204946 -0.307435 0.234033 0.233242 -0.173300 0.227382 0.229460 -0.073792 0.202359 0.218955 0.018668 0.173440 0.068079 -0.091288 0.277870 0.138201 -0.111207 0.459522 0.204870 -0.128309 0.598624 0.287311 -0.322255 0.444785 0.337090 -0.331212 0.572158 0.331745 -0.261209 0.665239 0.379371 -0.196390 0.413360 0.478759 -0.212094 0.539851 0.403780 -0.112932 0.596280 0.353879 -0.074881 0.373334 0.408766 -0.051448 0.512722 0.291854 0.014900 0.526779 0.309553 0.016732 0.323021 0.371914 0.015399 0.425980 0.273510 0.064928 0.458641 
0.000000 0.000000 0.000000 -0.041506 -0.060750 -0.014510 0.208606 -0.303477 0.235956 0.232397 -0.168367 0.231909 0.225884 -0.068704 0.208092 0.213015 0.023738 0.180089 0.055651 -0.086727 0.281687 0.116444 -0.102981 0.467027 0.187910 -0.113354 0.604402 0.283757 -0.312145 0.449725 0.329176 -0.317384 0.578922 0.315566 -0.241384 0.666283 0.371326 -0.181775 0.424245 0.465817 -0.190894 0.555061 0.382251 -0.095399 0.605426 0.333238 -0.055070 0.389759 0.400113 -0.038193 0.524791 0.282971 0.027953 0.537854 0.302239 0.022345 0.330500 0.363654 0.021386 0.434031 0.270160 0.071649 0.478027 
0.000000 0.000000 0.000000 -0.037929 -0.062468 -0.016821 0.216379 -0.296981 0.237219 0.233438 -0.160801 0.236193 0.222635 -0.061166 0.213866 0.205977 0.031019 0.187036 0.047719 -0.088213 0.282925 0.101313 -0.104323 0.470487 0.177004 -0.112936 0.605703 0.285445 -0.310476 0.452783 0.327186 -0.318632 0.583064 0.303326 -0.238526 0.664346 0.367983 -0.165803 0.432017 0.459494 -0.169205 0.565204 0.364157 -0.083631 0.612398 0.311659 -0.037961 0.404260 0.375494 -0.021321 0.540785 0.255449 0.038154 0.558672 0.285300 0.032848 0.342891 0.339900 0.034106 0.450169 0.249204 0.078188 0.505251 
0.000000 0.000000 0.000000 -0.027390 -0.064444 -0.026845 0.240519 -0.292167 0.219271 0.237918 -0.155852 0.235037 0.214452 -0.056587 0.223282 0.186570 0.035121 0.205741 0.036448 -0.112945 0.275510 0.076394 -0.143293 0.464704 0.156562 -0.154777 0.597098 0.302201 -0.317094 0.436052 0.339481 -0.332159 0.567068 0.290339 -0.255127 0.639486 0.360217 -0.161673 0.438712 0.443398 -0.165631 0.577239 0.329964 -0.101117 0.617363 0.286910 -0.035711 0.420836 0.338867 -0.020741 0.562494 0.212848 0.022136 0.585921 0.250878 0.035232 0.368378 0.295143 0.035309 0.480324 0.204076 0.062983 0.544697 
0.000000 0.000000 0.000000 -0.015913 -0.062994 -0.037450 0.263266 -0.286297 0.200038 0.240126 -0.155154 0.233247 0.203655 -0.059175 0.232527 0.164322 0.029633 0.224703 0.025173 -0.149807 0.260244 0.050881 -0.204128 0.446522 0.130318 -0.219967 0.578907 0.326946 -0.332906 0.412623 0.365433 -0.361074 0.541105 0.288571 -0.301868 0.605758 0.346091 -0.171477 0.445331 0.418162 -0.182578 0.589577 0.289700 -0.145462 0.617132 0.255173 -0.061250 0.437601 0.292115 -0.062738 0.584652 0.160053 -0.043018 0.605600 0.215024 0.014331 0.391380 0.249924 0.003798 0.506107 0.156322 0.006948 0.572680 
0.000000 0.000000 0.000000 -0.001659 -0.054708 -0.051265 0.286865 -0.283459 0.169262 0.239317 -0.167571 0.225354 0.187710 -0.079961 0.239619 0.135150 0.001906 0.245157 0.020671 -0.190993 0.229402 0.034643 -0.276270 0.405026 0.110786 -0.303192 0.537557 0.335706 -0.358530 0.377587 0.365223 -0.403901 0.503493 0.276213 -0.365628 0.568343 0.328655 -0.205927 0.442200 0.389417 -0.232015 0.589685 0.254973 -0.218430 0.609171 0.220831 -0.113435 0.445765 0.244581 -0.137439 0.593585 0.110418 -0.138952 0.609894 0.172644 -0.037251 0.411432 0.198453 -0.064204 0.525881 0.108397 -0.088630 0.592936 
0.000000 0.000000 0.000000 0.006755 -0.043788 -0.060505 0.294429 -0.291961 0.139143 0.233505 -0.192327 0.211242 0.174095 -0.112573 0.236779 0.114883 -0.036820 0.252621 0.019046 -0.228701 0.191492 0.026737 -0.344407 0.349175 0.099687 -0.384167 0.480264 0.334652 -0.406404 0.330728 0.358962 -0.475570 0.446517 0.278760 -0.474103 0.531126 0.310118 -0.261209 0.425392 0.362226 -0.308059 0.571043 0.226074 -0.308127 0.581135 0.196798 -0.178991 0.436246 0.213078 -0.226618 0.579275 0.079297 -0.242234 0.590541 0.142547 -0.100276 0.413227 0.161589 -0.143954 0.523775 0.077383 -0.190284 0.586751 
0.000000 0.000000 0.000000 0.011275 -0.032425 -0.066674 0.291635 -0.308837 0.104206 0.224437 -0.224019 0.188630 0.161949 -0.150589 0.223924 0.100322 -0.079395 0.249004 0.020173 -0.263826 0.143613 0.025740 -0.408622 0.275197 0.093148 -0.467401 0.402035 0.330177 -0.459619 0.269129 0.353469 -0.550748 0.368804 0.298681 -0.597312 0.460581 0.295963 -0.330476 0.388693 0.344611 -0.402882 0.524764 0.208206 -0.408581 0.525476 0.178034 -0.252980 0.408236 0.189569 -0.326401 0.540399 0.056553 -0.350254 0.542841 0.121952 -0.172733 0.395313 0.136840 -0.236980 0.496021 0.056068 -0.300779 0.547095 
0.000000 0.000000 0.000000 0.013409 -0.020645 -0.070837 0.280537 -0.330201 0.059636 0.211599 -0.259515 0.154967 0.149207 -0.191633 0.200151 0.088058 -0.124202 0.234927 0.018294 -0.286286 0.094261 0.021351 -0.452507 0.197569 0.084441 -0.534284 0.313409 0.300167 -0.506188 0.201282 0.312031 -0.612549 0.286888 0.250906 -0.670076 0.367805 0.279925 -0.400121 0.333953 0.326397 -0.495753 0.455689 0.189929 -0.499567 0.456817 0.163611 -0.326424 0.362440 0.173939 -0.423077 0.478811 0.041288 -0.448952 0.477339 0.107582 -0.239626 0.364859 0.121022 -0.319074 0.454294 0.044476 -0.394281 0.495377 
0.000000 0.000000 0.000000 0.011691 -0.011475 -0.073182 0.258258 -0.352843 0.009750 0.194594 -0.291688 0.114841 0.137049 -0.226793 0.169791 0.080669 -0.160983 0.214355 0.007315 -0.299025 0.049871 0.004577 -0.478955 0.126870 0.060483 -0.583636 0.226886 0.252108 -0.544174 0.131301 0.248392 -0.659809 0.204763 0.170182 -0.708904 0.275940 0.259762 -0.463671 0.265338 0.304085 -0.580644 0.367697 0.167805 -0.580046 0.375853 0.149328 -0.386693 0.307613 0.158133 -0.501352 0.406439 0.025362 -0.526608 0.407874 0.099683 -0.296656 0.323063 0.112770 -0.390043 0.397890 0.040853 -0.472805 0.432262 
0.000000 0.000000 0.000000 0.010469 -0.005749 -0.074035 0.232646 -0.369566 -0.024233 0.174021 -0.313631 0.086543 0.121506 -0.249973 0.147635 0.070165 -0.184570 0.198449 -0.010324 -0.302624 0.022293 -0.023336 -0.488389 0.082569 0.017322 -0.612309 0.166698 0.213072 -0.571843 0.076370 0.201242 -0.694094 0.137171 0.112799 -0.734816 0.201300 0.227564 -0.505886 0.215561 0.263981 -0.636647 0.303311 0.127836 -0.632391 0.312578 0.123955 -0.425609 0.265361 0.125711 -0.551552 0.349778 -0.006920 -0.577485 0.351909 0.082802 -0.332836 0.290339 0.091500 -0.434890 0.353589 0.023468 -0.522936 0.382272 
0.000000 0.000000 0.000000 0.009032 -0.001855 -0.074424 0.206308 -0.382289 -0.050816 0.153196 -0.329466 0.064188 0.106029 -0.266294 0.129967 0.060012 -0.200829 0.185574 -0.027215 -0.302136 0.005351 -0.049895 -0.490032 0.055268 -0.032389 -0.630260 0.119429 0.169986 -0.588137 0.037090 0.148034 -0.712546 0.090219 0.050603 -0.737245 0.149297 0.189992 -0.535471 0.176804 0.215019 -0.675584 0.253399 0.079121 -0.670457 0.265433 0.093643 -0.451319 0.231584 0.084761 -0.583994 0.304450 -0.048211 -0.608084 0.306919 0.069169 -0.354918 0.267786 0.075472 -0.460981 0.324374 0.012696 -0.553178 0.351979 
0.000000 0.000000 0.000000 0.003231 -0.000829 -0.074918 0.175796 -0.393796 -0.072877 0.135195 -0.340111 0.046733 0.097478 -0.275425 0.116985 0.060289 -0.208305 0.177047 -0.045486 -0.300375 0.000879 -0.075971 -0.487811 0.048308 -0.079980 -0.635028 0.097277 0.130579 -0.598004 0.014727 0.103251 -0.721422 0.067673 0.003634 -0.739928 0.125353 0.158429 -0.553277 0.149177 0.174231 -0.698260 0.218854 0.039442 -0.688692 0.238341 0.074408 -0.462475 0.212868 0.057865 -0.596602 0.281622 -0.075221 -0.618897 0.289305 0.061485 -0.364847 0.255017 0.062308 -0.472598 0.308685 -0.000127 -0.564030 0.339429 
0.000000 0.000000 0.000000 -0.000069 -0.000777 -0.074989 0.156998 -0.400154 -0.080737 0.123766 -0.345216 0.040566 0.091689 -0.279279 0.112440 0.059792 -0.210907 0.174110 -0.061012 -0.295954 0.008696 -0.099146 -0.480656 0.061061 -0.118557 -0.626369 0.110837 0.104321 -0.601642 0.008973 0.072484 -0.723416 0.063191 -0.028901 -0.730747 0.120292 0.139362 -0.559813 0.141458 0.149971 -0.705769 0.210078 0.016254 -0.691302 0.233527 0.059527 -0.466393 0.205540 0.036465 -0.600565 0.272299 -0.095959 -0.623968 0.285869 0.053416 -0.369896 0.246692 0.049028 -0.479331 0.296651 -0.011370 -0.572002 0.327755 
0.000000 0.000000 0.000000 -0.003636 -0.000780 -0.074900 0.141961 -0.404324 -0.087517 0.116021 -0.348484 0.035146 0.089201 -0.281685 0.108364 0.062143 -0.212458 0.171379 -0.070922 -0.293892 0.011148 -0.113025 -0.477302 0.064991 -0.139131 -0.621546 0.115972 0.089339 -0.605946 0.001926 0.057535 -0.727800 0.055982 -0.044364 -0.719489 0.112024 0.125669 -0.564317 0.134128 0.132231 -0.711114 0.201449 -0.001090 -0.696447 0.226939 0.053021 -0.469083 0.199396 0.027078 -0.603458 0.264672 -0.103131 -0.634033 0.284135 0.057297 -0.372409 0.241939 0.053961 -0.482506 0.290506 0.005491 -0.580821 0.324972 
0.000000 0.000000 0.000000 -0.009064 -0.000804 -0.074439 0.129092 -0.406542 -0.096690 0.112957 -0.350181 0.027407 0.092529 -0.282902 0.102231 0.071162 -0.213202 0.166890 -0.075482 -0.293020 0.015253 -0.117042 -0.475870 0.071376 -0.149325 -0.619513 0.120484 0.080249 -0.607008 -0.002626 0.050730 -0.728164 0.054224 -0.048256 -0.707231 0.112162 0.117034 -0.566374 0.125990 0.119807 -0.713416 0.193039 -0.011720 -0.701874 0.227780 0.058687 -0.470638 0.193464 0.034419 -0.605256 0.258884 -0.091537 -0.646344 0.285622 0.077668 -0.370368 0.243327 0.082147 -0.478549 0.295940 0.046038 -0.578575 0.339460 
0.000000 0.000000 0.000000 -0.012583 -0.000958 -0.073923 0.119147 -0.408540 -0.100944 0.109623 -0.351520 0.023535 0.093622 -0.283707 0.098953 0.076232 -0.213498 0.164250 -0.076287 -0.292632 0.019428 -0.116149 -0.475143 0.077841 -0.156836 -0.617661 0.123885 0.073916 -0.609825 -0.006823 0.046579 -0.731476 0.050061 -0.049680 -0.707752 0.111415 0.113831 -0.568483 0.120406 0.116692 -0.716048 0.186291 -0.013518 -0.702699 0.225103 0.063683 -0.472026 0.190349 0.042214 -0.607063 0.255885 -0.082771 -0.649925 0.284336 0.090563 -0.367224 0.246404 0.100426 -0.473037 0.302953 0.071172 -0.571599 0.354263 
0.000000 0.000000 0.000000 -0.014928 -0.001305 -0.073480 0.110993 -0.410635 -0.101732 0.106098 -0.352663 0.022575 0.093305 -0.284151 0.097973 0.078833 -0.213296 0.163284 -0.076614 -0.291069 0.026910 -0.115213 -0.472384 0.089727 -0.159230 -0.613406 0.137290 0.070728 -0.611604 -0.004724 0.046393 -0.733064 0.053905 -0.047038 -0.719158 0.122245 0.113639 -0.569317 0.119933 0.118769 -0.716672 0.186150 -0.010302 -0.698962 0.226972 0.069480 -0.472237 0.191621 0.052396 -0.607106 0.258772 -0.072730 -0.649158 0.287807 0.094482 -0.366503 0.246163 0.105254 -0.471958 0.303210 0.077107 -0.570010 0.356094 
0.000000 0.000000 0.000000 -0.020907 -0.002522 -0.071975 0.097492 -0.413958 -0.102102 0.103465 -0.353542 0.020988 0.097688 -0.283427 0.095774 0.089439 -0.211140 0.160597 -0.078951 -0.292196 0.030815 -0.115271 -0.473456 0.095135 -0.161163 -0.613966 0.142438 0.066566 -0.617800 -0.007700 0.047874 -0.740997 0.049355 -0.040240 -0.744711 0.125612 0.113376 -0.570080 0.118392 0.120118 -0.717356 0.184641 -0.006870 -0.695315 0.229670 0.091151 -0.471664 0.191886 0.086463 -0.606642 0.260805 -0.040018 -0.642046 0.292697 0.108812 -0.364113 0.243122 0.122147 -0.469407 0.299926 0.097352 -0.566828 0.355580 
0.000000 0.000000 0.000000 -0.025110 -0.003298 -0.070587 0.090852 -0.415258 -0.102941 0.104129 -0.353465 0.018888 0.102842 -0.282499 0.093081 0.098504 -0.209470 0.157450 -0.077518 -0.293240 0.034453 -0.110311 -0.474666 0.100181 -0.157255 -0.614913 0.147233 0.066084 -0.620206 -0.009117 0.051116 -0.744071 0.047588 -0.031919 -0.756867 0.128425 0.116056 -0.569063 0.118134 0.124168 -0.715700 0.185636 0.000121 -0.692669 0.237802 0.104233 -0.470614 0.189645 0.105230 -0.605504 0.258888 -0.021987 -0.637357 0.291587 0.124128 -0.359866 0.242953 0.141765 -0.463386 0.301807 0.120421 -0.558731 0.362280 
0.000000 0.000000 0.000000 -0.026296 -0.003681 -0.070135 0.089124 -0.415816 -0.102196 0.104447 -0.353362 0.019055 0.104407 -0.281993 0.092872 0.101150 -0.208615 0.156906 -0.077051 -0.292972 0.037480 -0.108811 -0.473991 0.104818 -0.154951 -0.614014 0.153310 0.065605 -0.619606 -0.005569 0.051391 -0.742772 0.052829 -0.029266 -0.759898 0.135256 0.117770 -0.568783 0.118507 0.126832 -0.715300 0.186149 0.003626 -0.690725 0.239589 0.105792 -0.469000 0.191565 0.106786 -0.603095 0.262334 -0.020452 -0.633437 0.296362 0.126833 -0.357859 0.244387 0.144511 -0.460587 0.304602 0.122684 -0.554455 0.367174 
0.000000 0.000000 0.000000 -0.025724 -0.005276 -0.070245 0.089022 -0.418291 -0.091643 0.103486 -0.353031 0.028228 0.102998 -0.279945 0.100343 0.099379 -0.205072 0.162604 -0.078470 -0.292304 0.042358 -0.111475 -0.471907 0.112816 -0.157131 -0.611260 0.163641 0.061991 -0.618971 0.010420 0.045653 -0.740257 0.072105 -0.033416 -0.764644 0.154242 0.116848 -0.565842 0.133145 0.125936 -0.710583 0.204503 0.002114 -0.683369 0.255167 0.103775 -0.464987 0.202678 0.104332 -0.597674 0.276058 -0.022631 -0.628613 0.310572 0.120769 -0.351868 0.255231 0.135492 -0.452911 0.318988 0.109550 -0.544034 0.384001 
0.000000 0.000000 0.000000 -0.027267 -0.007633 -0.069442 0.082199 -0.422556 -0.077334 0.099956 -0.352954 0.039617 0.101846 -0.277168 0.108865 0.100416 -0.199936 0.168266 -0.081062 -0.291088 0.051413 -0.114724 -0.468455 0.127036 -0.162325 -0.605852 0.181286 0.054228 -0.619030 0.032374 0.037323 -0.737773 0.098678 -0.038023 -0.770663 0.181348 0.111515 -0.562336 0.151420 0.119376 -0.704746 0.227461 -0.004203 -0.674325 0.276881 0.105483 -0.459445 0.215988 0.108091 -0.590149 0.292803 -0.017391 -0.623377 0.330461 0.121956 -0.344657 0.264068 0.136782 -0.444271 0.330011 0.110551 -0.533604 0.397351 
0.000000 0.000000 0.000000 -0.029517 -0.009059 -0.068342 0.073372 -0.425735 -0.068239 0.095794 -0.353312 0.046169 0.100972 -0.275735 0.113231 0.102550 -0.196923 0.170517 -0.083063 -0.290157 0.058003 -0.116568 -0.466050 0.137062 -0.164534 -0.602468 0.193420 0.047468 -0.620496 0.044975 0.031811 -0.738204 0.113399 -0.039734 -0.778063 0.196378 0.108606 -0.561735 0.159614 0.117321 -0.703493 0.236773 -0.005758 -0.670836 0.286010 0.109080 -0.457983 0.220159 0.114894 -0.588666 0.296833 -0.009281 -0.621626 0.338811 0.126515 -0.341267 0.266313 0.143010 -0.440621 0.332251 0.116321 -0.529478 0.400039 
0.000000 0.000000 0.000000 -0.031805 -0.010033 -0.067169 0.058725 -0.429474 -0.058259 0.086688 -0.354650 0.053350 0.096154 -0.275454 0.118008 0.101768 -0.195183 0.172968 -0.088499 -0.288199 0.064192 -0.123974 -0.462257 0.146390 -0.171661 -0.598506 0.203391 0.032156 -0.620660 0.060745 0.016097 -0.736207 0.132668 -0.050720 -0.783376 0.215757 0.099208 -0.562035 0.168715 0.107725 -0.703086 0.247179 -0.014361 -0.664437 0.294514 0.107209 -0.458865 0.222659 0.115137 -0.590382 0.297701 -0.008477 -0.617939 0.344905 0.124673 -0.340127 0.268115 0.140439 -0.439895 0.333606 0.110471 -0.527592 0.401535 
0.000000 0.000000 0.000000 -0.035406 -0.011233 -0.065147 0.036144 -0.433806 -0.042386 0.072807 -0.355915 0.064505 0.088972 -0.274691 0.125200 0.100877 -0.192607 0.176345 -0.099068 -0.285235 0.071661 -0.138903 -0.456688 0.157266 -0.184817 -0.592849 0.215908 0.009230 -0.621969 0.081268 -0.007036 -0.735690 0.156001 -0.068004 -0.789042 0.239844 0.085293 -0.561838 0.182464 0.093786 -0.701894 0.262693 -0.025980 -0.654821 0.308296 0.099554 -0.457754 0.230508 0.107141 -0.589021 0.306021 -0.015412 -0.610770 0.358705 0.119788 -0.336930 0.273296 0.132805 -0.436270 0.340030 0.100131 -0.521148 0.410253 
0.000000 0.000000 0.000000 -0.039581 -0.011877 -0.062579 0.013162 -0.436331 -0.027056 0.059538 -0.356440 0.074451 0.082973 -0.273922 0.130876 0.101653 -0.190687 0.177978 -0.109552 -0.280121 0.082320 -0.153335 -0.447970 0.172988 -0.196835 -0.582230 0.237556 -0.013012 -0.620732 0.102294 -0.028830 -0.732179 0.180470 -0.084731 -0.787980 0.266228 0.070093 -0.560392 0.195969 0.077272 -0.699108 0.278619 -0.037709 -0.643463 0.326811 0.090652 -0.454540 0.240565 0.096158 -0.584055 0.319219 -0.024917 -0.598829 0.377447 0.115453 -0.333283 0.278289 0.124951 -0.431434 0.347336 0.087884 -0.511530 0.420914 
0.000000 0.000000 0.000000 -0.045275 -0.012140 -0.058538 -0.015301 -0.437058 -0.006076 0.044037 -0.355787 0.087257 0.076974 -0.272468 0.137412 0.104451 -0.188554 0.178630 -0.119324 -0.272092 0.098904 -0.165659 -0.434753 0.197421 -0.211748 -0.564962 0.268191 -0.038398 -0.615026 0.132538 -0.052357 -0.722585 0.216313 -0.100437 -0.780075 0.305623 0.052229 -0.556237 0.214643 0.057801 -0.692571 0.301283 -0.051041 -0.628745 0.353428 0.080288 -0.449094 0.253628 0.082664 -0.575745 0.336962 -0.035514 -0.580558 0.402374 0.113220 -0.327620 0.284318 0.119256 -0.423342 0.357065 0.072990 -0.493141 0.435746 
0.000000 0.000000 0.000000 -0.053437 -0.012374 -0.051140 -0.051457 -0.432975 0.034277 0.026084 -0.350596 0.111981 0.072015 -0.267063 0.150125 0.111420 -0.183121 0.180065 -0.128569 -0.257659 0.127847 -0.175581 -0.411143 0.239846 -0.231752 -0.532278 0.318954 -0.069014 -0.601870 0.184564 -0.079625 -0.703946 0.275394 -0.122191 -0.754046 0.371681 0.030310 -0.542044 0.252708 0.033184 -0.672255 0.348422 -0.063395 -0.595705 0.407175 0.071887 -0.435291 0.278239 0.071795 -0.555921 0.370104 -0.039663 -0.545986 0.445909 0.116126 -0.312601 0.297534 0.119365 -0.401726 0.378390 0.061746 -0.450081 0.465252 
0.000000 0.000000 0.000000 -0.058158 -0.013186 -0.045472 -0.074063 -0.423950 0.077920 0.014450 -0.340476 0.141438 0.068287 -0.257190 0.168037 0.114972 -0.173776 0.186961 -0.131343 -0.240770 0.156259 -0.177139 -0.383177 0.282490 -0.244391 -0.490458 0.372239 -0.090268 -0.582294 0.239427 -0.100062 -0.677993 0.337038 -0.141637 -0.716199 0.439043 0.014985 -0.520457 0.296618 0.015349 -0.642870 0.402163 -0.070288 -0.556731 0.464499 0.066460 -0.414171 0.309697 0.065151 -0.526736 0.411275 -0.040021 -0.504497 0.493204 0.117901 -0.293346 0.314557 0.119917 -0.375648 0.402384 0.057411 -0.406043 0.493884 
0.000000 0.000000 0.000000 -0.060371 -0.013496 -0.042393 -0.090532 -0.413348 0.110626 0.004055 -0.330031 0.164926 0.062632 -0.247802 0.183623 0.113788 -0.165636 0.194905 -0.129304 -0.221512 0.180820 -0.172438 -0.351675 0.320492 -0.245337 -0.442492 0.423082 -0.105059 -0.559459 0.283427 -0.113838 -0.647765 0.387864 -0.157778 -0.667522 0.494034 0.002116 -0.499391 0.331623 0.000797 -0.614579 0.445000 -0.072033 -0.520964 0.512611 0.058718 -0.393957 0.336389 0.055912 -0.498758 0.445931 -0.044556 -0.464695 0.529680 0.116250 -0.277626 0.329213 0.117945 -0.354711 0.421659 0.054525 -0.373121 0.515692 
0.000000 0.000000 0.000000 -0.063414 -0.012199 -0.038128 -0.106542 -0.400846 0.138785 -0.004468 -0.320406 0.182913 0.059557 -0.240854 0.193620 0.115745 -0.161328 0.197351 -0.125779 -0.203735 0.201185 -0.164803 -0.323586 0.350932 -0.245468 -0.396685 0.461550 -0.121510 -0.537080 0.319440 -0.130555 -0.619416 0.428624 -0.173741 -0.625961 0.536723 -0.010666 -0.480978 0.357992 -0.014882 -0.590190 0.477070 -0.072907 -0.490814 0.550534 0.051359 -0.377026 0.355186 0.045481 -0.474669 0.471040 -0.048044 -0.426267 0.555765 0.114079 -0.265807 0.337592 0.112933 -0.337723 0.434123 0.045925 -0.339192 0.527455 
0.000000 0.000000 0.000000 -0.065405 -0.011440 -0.034860 -0.118949 -0.386074 0.167595 -0.011602 -0.308087 0.202694 0.056364 -0.231196 0.205956 0.116222 -0.154378 0.202561 -0.123652 -0.186195 0.217953 -0.160100 -0.295545 0.376147 -0.242563 -0.354112 0.493861 -0.135471 -0.512374 0.355200 -0.145456 -0.588706 0.468583 -0.187175 -0.588750 0.577453 -0.021615 -0.459478 0.385601 -0.028425 -0.562445 0.510004 -0.078641 -0.461084 0.586447 0.044729 -0.356577 0.375832 0.036387 -0.446483 0.497644 -0.051637 -0.385394 0.580033 0.113899 -0.250565 0.348605 0.112301 -0.316772 0.449131 0.045807 -0.307664 0.542397 
0.000000 0.000000 0.000000 -0.065940 -0.012356 -0.033513 -0.124335 -0.372582 0.192389 -0.015246 -0.294596 0.221626 0.054141 -0.218944 0.219496 0.115356 -0.143628 0.210797 -0.119030 -0.168370 0.232357 -0.152250 -0.265993 0.398722 -0.233002 -0.312947 0.522663 -0.140246 -0.487725 0.387092 -0.149862 -0.557314 0.504765 -0.190237 -0.547522 0.613701 -0.025487 -0.434912 0.413148 -0.032453 -0.530347 0.543410 -0.078508 -0.426061 0.618528 0.043275 -0.332731 0.397395 0.035483 -0.414324 0.524960 -0.048513 -0.344820 0.604848 0.115179 -0.232348 0.361512 0.115057 -0.293416 0.465251 0.051180 -0.278570 0.559604 
0.000000 0.000000 0.000000 -0.067228 -0.012373 -0.030842 -0.127713 -0.358194 0.216048 -0.015848 -0.281698 0.237766 0.055324 -0.208158 0.229469 0.118119 -0.135089 0.214872 -0.112236 -0.152056 0.245399 -0.140400 -0.239460 0.418253 -0.218336 -0.274491 0.547813 -0.142384 -0.463381 0.416399 -0.151250 -0.526952 0.537486 -0.188216 -0.510062 0.646763 -0.024106 -0.412498 0.436002 -0.029723 -0.501461 0.570830 -0.071325 -0.395865 0.646712 0.044939 -0.309655 0.414683 0.037493 -0.382435 0.547492 -0.042220 -0.304029 0.623428 0.115869 -0.214326 0.370765 0.114321 -0.268866 0.478070 0.050712 -0.243965 0.570465 
0.000000 0.000000 0.000000 -0.068645 -0.011786 -0.027800 -0.129400 -0.344162 0.236850 -0.014740 -0.270064 0.250969 0.058073 -0.199086 0.236724 0.122271 -0.128620 0.216513 -0.101976 -0.136383 0.257175 -0.122833 -0.214348 0.435494 -0.193883 -0.238330 0.571375 -0.141134 -0.439439 0.442289 -0.148225 -0.497021 0.566450 -0.180822 -0.474754 0.676153 -0.022274 -0.391803 0.454923 -0.027399 -0.474603 0.593641 -0.061134 -0.371129 0.676069 0.051120 -0.289503 0.427748 0.046134 -0.354337 0.564725 -0.027252 -0.267861 0.638238 0.122337 -0.196380 0.377742 0.122382 -0.243021 0.488719 0.060671 -0.207778 0.579012 
0.000000 0.000000 0.000000 -0.070161 -0.010552 -0.024288 -0.129359 -0.330471 0.255628 -0.011911 -0.259725 0.261798 0.062379 -0.191787 0.241604 0.127783 -0.124301 0.215852 -0.091478 -0.121954 0.267228 -0.104817 -0.191662 0.449639 -0.166047 -0.207936 0.591318 -0.135927 -0.417675 0.464846 -0.139897 -0.470379 0.591293 -0.166388 -0.442435 0.701340 -0.016371 -0.372935 0.470695 -0.019405 -0.449934 0.612775 -0.045353 -0.347101 0.698749 0.060437 -0.273301 0.436708 0.059044 -0.331752 0.576610 -0.007266 -0.237813 0.647649 0.133975 -0.183349 0.380355 0.138236 -0.223993 0.493585 0.080445 -0.181472 0.583336 
0.000000 0.000000 0.000000 -0.071513 -0.008523 -0.020909 -0.130990 -0.315751 0.272825 -0.010696 -0.249688 0.271439 0.065257 -0.185589 0.245651 0.132079 -0.121773 0.214704 -0.079420 -0.107462 0.275731 -0.084368 -0.169372 0.461348 -0.130924 -0.178563 0.609115 -0.132092 -0.395723 0.485012 -0.132758 -0.444056 0.613252 -0.153284 -0.412083 0.723477 -0.010684 -0.356550 0.483700 -0.010677 -0.429231 0.628068 -0.028297 -0.328218 0.718208 0.071177 -0.259865 0.443544 0.075421 -0.313126 0.585446 0.015819 -0.212853 0.653717 0.144238 -0.174530 0.381002 0.152608 -0.210843 0.495468 0.098829 -0.162571 0.584804 
0.000000 0.000000 0.000000 -0.072598 -0.005951 -0.017831 -0.132731 -0.303697 0.285378 -0.009957 -0.242844 0.277606 0.067473 -0.182621 0.247271 0.135566 -0.122409 0.212153 -0.067370 -0.095575 0.281812 -0.064099 -0.151656 0.469310 -0.093301 -0.153818 0.621722 -0.131459 -0.376681 0.500068 -0.130690 -0.420791 0.629821 -0.146043 -0.385872 0.739994 -0.009428 -0.345745 0.491815 -0.009069 -0.415732 0.637507 -0.016360 -0.317480 0.732020 0.078985 -0.253233 0.446257 0.087240 -0.303867 0.588941 0.034660 -0.202596 0.661381 0.153945 -0.170645 0.379251 0.166596 -0.203847 0.494268 0.118132 -0.152779 0.585079 
0.000000 0.000000 0.000000 -0.073412 -0.003546 -0.014901 -0.131834 -0.296218 0.293539 -0.007415 -0.239810 0.280310 0.070806 -0.182635 0.246327 0.139514 -0.125185 0.207932 -0.056903 -0.088896 0.285580 -0.046572 -0.142302 0.473602 -0.066950 -0.139404 0.627431 -0.125892 -0.364446 0.509709 -0.122301 -0.405682 0.640357 -0.131900 -0.367816 0.750208 -0.004632 -0.339220 0.496144 -0.002739 -0.406833 0.642941 -0.001934 -0.308692 0.737847 0.087801 -0.251973 0.445368 0.099987 -0.301693 0.588092 0.055021 -0.199654 0.664475 0.163400 -0.174236 0.374093 0.179842 -0.207999 0.488466 0.138385 -0.157803 0.583148 
0.000000 0.000000 0.000000 -0.073599 -0.003390 -0.013985 -0.128578 -0.296936 0.294257 -0.004249 -0.240672 0.279635 0.073626 -0.183509 0.244847 0.141932 -0.126043 0.205766 -0.049841 -0.086987 0.286504 -0.034975 -0.139297 0.474530 -0.052855 -0.133038 0.628569 -0.119207 -0.361709 0.511367 -0.113544 -0.400856 0.642582 -0.120113 -0.362687 0.752551 0.003236 -0.337131 0.496693 0.008328 -0.402737 0.644323 0.010628 -0.304114 0.738703 0.093627 -0.250240 0.444498 0.107969 -0.298090 0.587660 0.066656 -0.196056 0.666085 0.167486 -0.174211 0.371938 0.185075 -0.207366 0.486317 0.146971 -0.156803 0.582206 
0.000000 0.000000 0.000000 -0.073648 -0.003680 -0.013649 -0.125677 -0.299161 0.293255 -0.001701 -0.242200 0.278341 0.075720 -0.184462 0.243488 0.143551 -0.126445 0.204391 -0.046205 -0.086125 0.286844 -0.029034 -0.137714 0.474873 -0.047546 -0.125707 0.628496 -0.113376 -0.359625 0.511459 -0.105942 -0.396167 0.643335 -0.110759 -0.358090 0.753427 0.010439 -0.333419 0.497444 0.018696 -0.395460 0.646465 0.018850 -0.294913 0.738820 0.098435 -0.246218 0.444445 0.114722 -0.290501 0.588545 0.073081 -0.188728 0.667133 0.169359 -0.174215 0.370639 0.187124 -0.207096 0.485070 0.151087 -0.156490 0.581732 
0.000000 0.000000 0.000000 -0.073843 -0.003543 -0.012591 -0.121965 -0.299166 0.294812 0.001882 -0.242409 0.278158 0.078894 -0.184778 0.242238 0.146255 -0.126848 0.202213 -0.047599 -0.086588 0.287844 -0.031177 -0.138552 0.475837 -0.057849 -0.120752 0.627687 -0.105272 -0.358413 0.513058 -0.095184 -0.394221 0.644960 -0.097329 -0.354128 0.754418 0.019074 -0.330088 0.498365 0.030766 -0.389722 0.648137 0.028909 -0.284063 0.734579 0.102514 -0.239919 0.445007 0.119451 -0.279458 0.590405 0.076889 -0.172316 0.660953 0.172111 -0.173404 0.368797 0.189907 -0.205450 0.483460 0.155396 -0.153811 0.580133 
0.000000 0.000000 0.000000 -0.073760 -0.005546 -0.012352 -0.112392 -0.304321 0.293338 0.009745 -0.243989 0.276607 0.084968 -0.183986 0.240782 0.150521 -0.123931 0.200888 -0.049617 -0.088177 0.288373 -0.034510 -0.139882 0.476547 -0.074119 -0.119870 0.625266 -0.084241 -0.361449 0.510971 -0.067227 -0.395975 0.642502 -0.065454 -0.354081 0.751290 0.037115 -0.324498 0.498516 0.055731 -0.379256 0.649445 0.054859 -0.266129 0.725871 0.110065 -0.228146 0.446047 0.128062 -0.259811 0.593235 0.083999 -0.144534 0.648349 0.180341 -0.168458 0.367364 0.200866 -0.199107 0.481953 0.167789 -0.144929 0.577733 
0.000000 0.000000 0.000000 -0.073873 -0.006696 -0.011039 -0.101524 -0.309719 0.291646 0.019207 -0.247052 0.273375 0.092686 -0.185312 0.236886 0.156420 -0.123642 0.196511 -0.057282 -0.091771 0.289516 -0.046901 -0.145006 0.477584 -0.101118 -0.128304 0.622043 -0.059862 -0.361733 0.508392 -0.034684 -0.393169 0.639388 -0.028386 -0.345883 0.745771 0.055817 -0.315210 0.498072 0.080716 -0.361566 0.650897 0.081451 -0.238157 0.709284 0.119069 -0.219755 0.443843 0.137986 -0.244452 0.592245 0.092152 -0.122947 0.629710 0.188937 -0.161674 0.364089 0.211318 -0.187852 0.479437 0.177611 -0.129345 0.572409 
0.000000 0.000000 0.000000 -0.074135 -0.007743 -0.008242 -0.083921 -0.320778 0.285217 0.034827 -0.255273 0.264121 0.105636 -0.191010 0.226721 0.166551 -0.126877 0.185834 -0.067500 -0.098894 0.290913 -0.063349 -0.155931 0.478104 -0.130180 -0.153531 0.618157 -0.023551 -0.362900 0.499697 0.012935 -0.388357 0.629322 0.025045 -0.324402 0.726049 0.088349 -0.297943 0.491693 0.124753 -0.326965 0.646474 0.117353 -0.192142 0.666659 0.143862 -0.213799 0.433441 0.171274 -0.230139 0.581672 0.122839 -0.104570 0.594101 0.205663 -0.156475 0.353704 0.232585 -0.176847 0.469253 0.195024 -0.106586 0.552051 
0.000000 0.000000 0.000000 -0.074235 -0.008296 -0.006653 -0.074527 -0.325551 0.282405 0.043127 -0.258680 0.259542 0.112492 -0.193252 0.221462 0.171887 -0.127995 0.180120 -0.071008 -0.103663 0.291241 -0.068988 -0.163338 0.477644 -0.128701 -0.174437 0.620466 -0.006393 -0.366313 0.494811 0.034786 -0.390948 0.623183 0.048895 -0.319997 0.714616 0.104902 -0.286030 0.487380 0.146919 -0.304631 0.642342 0.130182 -0.169348 0.634751 0.167837 -0.237361 0.420723 0.186570 -0.214660 0.569466 0.133740 -0.091063 0.555302 0.211812 -0.152489 0.348620 0.239293 -0.169349 0.464602 0.194889 -0.091277 0.536270 
0.000000 0.000000 0.000000 -0.074290 -0.009714 -0.003233 -0.053652 -0.335473 0.275444 0.061324 -0.265383 0.248894 0.127349 -0.197334 0.209494 0.183259 -0.129575 0.167325 -0.068313 -0.114947 0.291278 -0.064573 -0.180794 0.475564 -0.111003 -0.213377 0.620027 0.028486 -0.373716 0.483316 0.078129 -0.396828 0.608949 0.096855 -0.322992 0.697213 0.137312 -0.332702 0.463763 0.176193 -0.274998 0.609650 0.149028 -0.146116 0.573723 0.207144 -0.269364 0.391588 0.209129 -0.194244 0.523284 0.148540 -0.080402 0.482822 0.228727 -0.141775 0.335759 0.260025 -0.150173 0.451695 0.205242 -0.062590 0.502008 
0.000000 0.000000 0.000000 -0.074219 -0.010672 0.001221 -0.031653 -0.344719 0.267315 0.080502 -0.272186 0.235736 0.143008 -0.201989 0.194410 0.195246 -0.132141 0.150960 -0.054534 -0.124555 0.291891 -0.042217 -0.195816 0.473774 -0.068246 -0.247579 0.617753 0.070337 -0.380042 0.466741 0.131976 -0.401390 0.587268 0.158180 -0.322746 0.669254 0.175850 -0.344692 0.440982 0.215594 -0.247742 0.564050 0.179377 -0.126050 0.513863 0.244482 -0.280953 0.362284 0.242122 -0.179836 0.475247 0.174061 -0.075128 0.423557 0.249794 -0.136820 0.317059 0.287340 -0.140041 0.431388 0.227874 -0.048211 0.466521 
0.000000 0.000000 0.000000 -0.074214 -0.009895 0.004280 -0.023810 -0.351514 0.259156 0.087686 -0.279369 0.224503 0.149121 -0.208755 0.182293 0.200200 -0.138319 0.138415 -0.039014 -0.132309 0.289975 -0.016987 -0.208908 0.468745 -0.040522 -0.262740 0.612394 0.091048 -0.391143 0.450617 0.160464 -0.415094 0.566331 0.193769 -0.338298 0.647487 0.194880 -0.353187 0.423337 0.244616 -0.256792 0.543165 0.208691 -0.133294 0.497372 0.260579 -0.291500 0.341805 0.265945 -0.188504 0.452953 0.196351 -0.082713 0.405701 0.263181 -0.143322 0.301494 0.306532 -0.146765 0.413744 0.249431 -0.053448 0.448881 
0.000000 0.000000 0.000000 -0.074138 -0.009998 0.005246 -0.019764 -0.356466 0.252649 0.091178 -0.283632 0.217662 0.151947 -0.212197 0.175872 0.202335 -0.140911 0.132573 -0.031029 -0.139926 0.286505 -0.004054 -0.221226 0.462498 -0.059505 -0.260066 0.602154 0.094406 -0.401707 0.443276 0.163408 -0.429050 0.558485 0.197216 -0.357966 0.644492 0.198390 -0.350828 0.418821 0.254969 -0.268146 0.545656 0.232419 -0.135226 0.524135 0.264087 -0.286961 0.338809 0.275591 -0.194501 0.458432 0.207574 -0.081415 0.429222 0.270405 -0.144673 0.293628 0.317259 -0.147263 0.404485 0.262398 -0.055435 0.446450 
0.000000 0.000000 0.000000 -0.074203 -0.008094 0.007236 -0.021993 -0.351030 0.259970 0.089753 -0.281585 0.220888 0.151154 -0.212450 0.176249 0.202139 -0.143242 0.130357 -0.037547 -0.140512 0.288249 -0.014610 -0.223369 0.464088 -0.095356 -0.250098 0.593906 0.083241 -0.410690 0.451769 0.146842 -0.446747 0.567686 0.186697 -0.400443 0.666987 0.189256 -0.336835 0.429505 0.252015 -0.304484 0.574898 0.247280 -0.169148 0.592250 0.252531 -0.271723 0.352098 0.281758 -0.217025 0.490463 0.221953 -0.095827 0.492035 0.267818 -0.150036 0.292302 0.313026 -0.154712 0.403772 0.259846 -0.064629 0.451312 
0.000000 0.000000 0.000000 -0.074370 -0.008387 0.004753 -0.029811 -0.334548 0.280142 0.082889 -0.266511 0.241327 0.145516 -0.199638 0.194977 0.197786 -0.132874 0.146957 -0.056507 -0.123401 0.295096 -0.045329 -0.195369 0.476774 -0.140514 -0.207749 0.598730 0.053563 -0.423595 0.471295 0.103952 -0.477412 0.586823 0.144748 -0.477772 0.696041 0.170021 -0.326418 0.454150 0.229283 -0.367163 0.598899 0.235173 -0.248051 0.665360 0.220129 -0.225404 0.391147 0.273631 -0.243879 0.531813 0.224383 -0.124246 0.570935 0.261743 -0.148712 0.308960 0.305765 -0.159614 0.420470 0.255967 -0.073519 0.478010 
0.000000 0.000000 0.000000 -0.074353 -0.009495 -0.002306 -0.054418 -0.315490 0.297985 0.060833 -0.248033 0.266301 0.127074 -0.183218 0.222102 0.183189 -0.118826 0.175196 -0.071357 -0.095676 0.298376 -0.069482 -0.149602 0.486524 -0.163943 -0.139831 0.609278 -0.017689 -0.430391 0.489998 0.004509 -0.499835 0.606045 0.021439 -0.529967 0.717394 0.129868 -0.346005 0.471509 0.176821 -0.412639 0.611079 0.180575 -0.316352 0.707796 0.187250 -0.224637 0.420539 0.230399 -0.254337 0.562830 0.183123 -0.143949 0.624858 0.236373 -0.140948 0.340327 0.272980 -0.156175 0.453990 0.224708 -0.073270 0.517232 
0.000000 0.000000 0.000000 -0.073976 -0.009006 -0.008384 -0.082041 -0.309263 0.298188 0.036053 -0.243259 0.275068 0.106341 -0.179788 0.235402 0.166762 -0.116719 0.192193 -0.079765 -0.085987 0.294744 -0.083387 -0.134157 0.484422 -0.160084 -0.120411 0.618643 -0.082715 -0.428675 0.490959 -0.083122 -0.500844 0.607464 -0.087972 -0.534090 0.719108 0.085093 -0.349740 0.481784 0.118447 -0.422161 0.622380 0.111574 -0.329964 0.722837 0.145857 -0.226553 0.437801 0.174192 -0.260086 0.582934 0.124158 -0.149648 0.642666 0.201844 -0.141532 0.361722 0.225991 -0.158612 0.478411 0.171664 -0.074529 0.534818 
0.000000 0.000000 0.000000 -0.073502 -0.009234 -0.011667 -0.092910 -0.314392 0.289509 0.025688 -0.247447 0.272483 0.097243 -0.183005 0.236853 0.159092 -0.118957 0.197256 -0.073291 -0.093460 0.289584 -0.073159 -0.146164 0.478087 -0.123426 -0.144849 0.624915 -0.103722 -0.415856 0.492014 -0.110257 -0.477178 0.614403 -0.119239 -0.494736 0.729312 0.063570 -0.350039 0.483468 0.089335 -0.419816 0.626967 0.076742 -0.321471 0.720823 0.126084 -0.228106 0.441420 0.146765 -0.260447 0.588107 0.092039 -0.148154 0.639717 0.184748 -0.141713 0.368750 0.202407 -0.157376 0.486793 0.142000 -0.071460 0.533405 
0.000000 0.000000 0.000000 -0.073598 -0.008453 -0.011651 -0.093604 -0.322687 0.280003 0.025312 -0.255918 0.264580 0.097099 -0.190807 0.230674 0.159164 -0.125913 0.192831 -0.051555 -0.102882 0.285744 -0.037762 -0.161969 0.471834 -0.062228 -0.170369 0.624862 -0.092544 -0.393527 0.495411 -0.091904 -0.436340 0.625598 -0.091237 -0.424701 0.741603 0.063833 -0.350772 0.479040 0.090033 -0.415287 0.624903 0.083385 -0.309685 0.711179 0.127153 -0.226044 0.436997 0.148703 -0.251312 0.584942 0.096817 -0.132511 0.623181 0.186645 -0.148739 0.364033 0.205561 -0.164450 0.481875 0.146212 -0.075457 0.523841 
0.000000 0.000000 0.000000 -0.074094 -0.006487 -0.009586 -0.092176 -0.329438 0.272515 0.027682 -0.264783 0.255462 0.099839 -0.200176 0.221377 0.162154 -0.135450 0.183659 -0.041248 -0.110295 0.283657 -0.020695 -0.175252 0.467149 -0.056259 -0.171700 0.618177 -0.081235 -0.397628 0.488503 -0.074623 -0.438840 0.619040 -0.068207 -0.420962 0.734072 0.070742 -0.352875 0.471934 0.100030 -0.412790 0.619165 0.103392 -0.300543 0.696809 0.134751 -0.237327 0.426596 0.159786 -0.263966 0.573750 0.115180 -0.140576 0.606205 0.193879 -0.163669 0.353316 0.215715 -0.183093 0.470094 0.162422 -0.091861 0.515258 
0.000000 0.000000 0.000000 -0.074498 -0.004745 -0.007167 -0.089264 -0.336861 0.264285 0.031208 -0.273939 0.245195 0.103423 -0.209571 0.210784 0.165681 -0.144772 0.173096 -0.041191 -0.118045 0.282488 -0.020349 -0.188941 0.463735 -0.073316 -0.180687 0.609383 -0.062800 -0.407418 0.478158 -0.046805 -0.450061 0.607417 -0.031673 -0.425789 0.720443 0.081842 -0.352083 0.463837 0.116279 -0.405232 0.612544 0.125905 -0.282071 0.670665 0.142156 -0.244275 0.415745 0.169930 -0.269160 0.562715 0.130825 -0.141663 0.584701 0.199592 -0.175907 0.341817 0.222935 -0.197337 0.457951 0.174900 -0.104165 0.505013 
0.000000 0.000000 0.000000 -0.074869 -0.001665 -0.003964 -0.090986 -0.340781 0.258612 0.030944 -0.282006 0.235908 0.104093 -0.219482 0.200096 0.167176 -0.156047 0.161470 -0.052956 -0.124461 0.282894 -0.039244 -0.201299 0.462390 -0.107981 -0.195345 0.601411 -0.045474 -0.412694 0.468796 -0.017968 -0.456156 0.595826 0.010215 -0.413722 0.700698 0.088908 -0.347933 0.456743 0.129736 -0.375989 0.610595 0.136202 -0.240096 0.622022 0.156610 -0.280704 0.395564 0.175835 -0.255759 0.543884 0.137337 -0.126350 0.537622 0.202444 -0.186266 0.330080 0.226720 -0.207066 0.446137 0.182206 -0.110566 0.489834 
0.000000 0.000000 0.000000 -0.074926 -0.000111 -0.003170 -0.094825 -0.346965 0.248825 0.027975 -0.289840 0.226600 0.101938 -0.227625 0.191941 0.165826 -0.164220 0.154612 -0.073656 -0.130329 0.281238 -0.072862 -0.211811 0.459202 -0.145730 -0.227546 0.595325 -0.034766 -0.415151 0.456583 0.001533 -0.456362 0.582147 0.035496 -0.397845 0.677097 0.076396 -0.398520 0.432314 0.119986 -0.337773 0.575612 0.120011 -0.205752 0.540830 0.164988 -0.322749 0.369958 0.162187 -0.232661 0.491889 0.118192 -0.112012 0.449745 0.197384 -0.188048 0.324972 0.219107 -0.204449 0.442234 0.171258 -0.103473 0.469022 
0.000000 0.000000 0.000000 -0.074948 -0.000836 -0.002456 -0.088613 -0.356046 0.238053 0.033338 -0.296858 0.216567 0.106280 -0.232713 0.183291 0.169108 -0.167401 0.147481 -0.091448 -0.140162 0.277119 -0.101772 -0.227342 0.452060 -0.159172 -0.279263 0.586582 -0.013195 -0.420232 0.442044 0.032386 -0.459024 0.565331 0.066773 -0.385479 0.649008 0.085560 -0.409794 0.419033 0.125765 -0.311535 0.540907 0.112943 -0.192932 0.474514 0.180760 -0.339290 0.350048 0.161295 -0.221379 0.443370 0.109800 -0.118726 0.372106 0.198742 -0.181362 0.319275 0.219139 -0.190972 0.437524 0.162116 -0.091308 0.441844 
0.000000 0.000000 0.000000 -0.074876 -0.003310 -0.002543 -0.076587 -0.364033 0.230011 0.043300 -0.300301 0.209956 0.114041 -0.233008 0.178179 0.174636 -0.164835 0.143885 -0.100629 -0.148810 0.273161 -0.116743 -0.239854 0.445679 -0.151155 -0.318979 0.574682 0.007331 -0.427128 0.431001 0.058049 -0.465261 0.552473 0.091090 -0.378246 0.622686 0.111298 -0.406062 0.411613 0.138258 -0.286440 0.516914 0.107909 -0.180668 0.436103 0.202233 -0.332747 0.342460 0.163212 -0.204023 0.412448 0.102123 -0.116845 0.329165 0.217782 -0.190642 0.311392 0.217639 -0.164064 0.428801 0.151963 -0.071287 0.412000 
0.000000 0.000000 0.000000 -0.074819 -0.005082 0.000381 -0.058702 -0.369113 0.227156 0.058749 -0.302214 0.203354 0.126554 -0.232771 0.169847 0.184100 -0.162656 0.134243 -0.103307 -0.161423 0.269810 -0.121132 -0.259251 0.438401 -0.138386 -0.355846 0.558646 0.029112 -0.470534 0.409974 0.089445 -0.465527 0.532925 0.118804 -0.367828 0.589370 0.143818 -0.398060 0.403482 0.163840 -0.261998 0.488397 0.121081 -0.168454 0.398616 0.230990 -0.320970 0.331178 0.181051 -0.185702 0.378078 0.110896 -0.111712 0.289355 0.249692 -0.199151 0.292205 0.228910 -0.137019 0.393195 0.158608 -0.049991 0.366989 
0.000000 0.000000 0.000000 -0.074469 -0.007209 0.005133 -0.033875 -0.382616 0.209160 0.079988 -0.311209 0.181351 0.143605 -0.238131 0.147368 0.196832 -0.164557 0.112025 -0.112436 -0.149008 0.281353 -0.109680 -0.299449 0.406538 -0.112123 -0.409727 0.515715 0.068539 -0.483116 0.384749 0.133879 -0.434351 0.494907 0.152097 -0.322929 0.523999 0.190990 -0.384219 0.378386 0.186720 -0.228706 0.422228 0.125635 -0.154523 0.325250 0.268247 -0.293115 0.309093 0.193270 -0.161345 0.311510 0.109339 -0.105842 0.221272 0.284220 -0.202247 0.258752 0.243795 -0.114076 0.330047 0.168403 -0.033478 0.298059 
0.000000 0.000000 0.000000 -0.074007 -0.008325 0.008802 -0.017877 -0.384244 0.208151 0.093416 -0.311024 0.175141 0.154199 -0.236833 0.138487 0.204530 -0.162290 0.100997 -0.099680 -0.155842 0.283441 -0.102360 -0.318979 0.391562 -0.107820 -0.434399 0.495173 0.091929 -0.471581 0.386295 0.159015 -0.408182 0.487596 0.171842 -0.293001 0.500314 0.216282 -0.368020 0.370410 0.198582 -0.209461 0.396302 0.129660 -0.142454 0.299352 0.285747 -0.275056 0.299571 0.205033 -0.147129 0.289048 0.115753 -0.094471 0.202306 0.301563 -0.197519 0.242170 0.257308 -0.104895 0.305048 0.179179 -0.026099 0.275214 
0.000000 0.000000 0.000000 -0.073379 -0.009565 0.012160 -0.000981 -0.378737 0.218742 0.107253 -0.304223 0.179115 0.164858 -0.229851 0.137972 0.211981 -0.155359 0.096430 -0.041646 -0.191813 0.264400 -0.103615 -0.325904 0.392815 -0.157871 -0.432568 0.491638 0.114185 -0.452649 0.399556 0.180773 -0.383101 0.497082 0.192403 -0.267576 0.507655 0.237688 -0.348620 0.372738 0.215822 -0.192443 0.408164 0.142712 -0.113125 0.324481 0.298424 -0.251756 0.300435 0.218375 -0.122989 0.301920 0.124281 -0.059361 0.228668 0.314615 -0.189042 0.233973 0.283559 -0.103609 0.312891 0.206348 -0.018929 0.304483 
0.000000 0.000000 0.000000 -0.072648 -0.009313 0.016108 0.010682 -0.374064 0.226390 0.116653 -0.300391 0.179707 0.171986 -0.226894 0.134112 0.216829 -0.153287 0.088653 -0.041126 -0.202874 0.259802 -0.089836 -0.329849 0.400571 -0.171327 -0.424332 0.492869 0.132870 -0.423241 0.410975 0.200646 -0.374399 0.519617 0.208902 -0.260226 0.541742 0.251559 -0.356775 0.367045 0.247069 -0.210930 0.436570 0.178380 -0.106962 0.380787 0.306517 -0.256548 0.294535 0.242910 -0.125671 0.337149 0.149021 -0.040140 0.290916 0.319851 -0.188295 0.225574 0.315351 -0.122917 0.326553 0.247166 -0.032922 0.347880 
0.000000 0.000000 0.000000 -0.072455 -0.009712 0.016727 0.014993 -0.372642 0.228480 0.120094 -0.298527 0.180545 0.174568 -0.224926 0.134093 0.218553 -0.151284 0.087858 -0.078127 -0.210236 0.256735 -0.081676 -0.335711 0.406917 -0.170305 -0.426151 0.496651 0.135795 -0.415677 0.415496 0.208806 -0.441686 0.528523 0.234072 -0.352659 0.599438 0.247067 -0.374768 0.366393 0.279806 -0.266759 0.482094 0.233466 -0.139203 0.467220 0.302578 -0.265493 0.297437 0.272795 -0.149245 0.390121 0.188727 -0.043995 0.379027 0.309412 -0.177682 0.234943 0.334772 -0.148209 0.348871 0.276354 -0.060386 0.394451 
0.000000 0.000000 0.000000 -0.073005 -0.010485 0.013576 0.009704 -0.368141 0.235941 0.115846 -0.293354 0.191470 0.171359 -0.219808 0.146173 0.216385 -0.146376 0.100613 -0.081605 -0.195163 0.265897 -0.086986 -0.310723 0.423783 -0.179605 -0.388749 0.520842 0.113127 -0.470072 0.410108 0.175633 -0.531676 0.515369 0.218951 -0.496874 0.617866 0.229206 -0.376191 0.383203 0.290804 -0.351749 0.530624 0.266173 -0.220585 0.559411 0.283039 -0.264384 0.320111 0.284760 -0.182192 0.447517 0.213704 -0.068578 0.465148 0.281380 -0.151983 0.262879 0.326118 -0.155843 0.374571 0.266816 -0.070780 0.424075 
0.000000 0.000000 0.000000 -0.073846 -0.012041 0.005074 -0.010566 -0.355970 0.253898 0.098406 -0.280200 0.218956 0.157284 -0.207249 0.177075 0.205794 -0.134743 0.133657 -0.082278 -0.155576 0.282874 -0.087555 -0.245391 0.456703 -0.180018 -0.296810 0.570252 0.063300 -0.482929 0.426655 0.107943 -0.559660 0.531066 0.144864 -0.559598 0.641655 0.193852 -0.366334 0.418820 0.258768 -0.424917 0.554755 0.242867 -0.306823 0.621391 0.228447 -0.230024 0.374890 0.279476 -0.246355 0.516736 0.216399 -0.133047 0.554825 0.258838 -0.145739 0.299945 0.295349 -0.153308 0.414405 0.233336 -0.069808 0.463244 
0.000000 0.000000 0.000000 -0.074219 -0.010742 0.000047 -0.037554 -0.330844 0.283588 0.075244 -0.259779 0.250980 0.138633 -0.191636 0.207612 0.191806 -0.123969 0.161905 -0.086719 -0.117798 0.293694 -0.094540 -0.184787 0.477440 -0.177815 -0.209310 0.606089 0.005162 -0.459988 0.465020 0.030978 -0.538039 0.574672 0.051799 -0.558623 0.687525 0.155475 -0.368912 0.446241 0.210044 -0.443138 0.579047 0.204066 -0.346319 0.675118 0.204460 -0.243804 0.401671 0.251662 -0.281211 0.540824 0.199675 -0.175032 0.606331 0.241490 -0.145385 0.328215 0.275689 -0.160126 0.442690 0.218231 -0.078258 0.499254 
0.000000 0.000000 0.000000 -0.074282 -0.009576 -0.003788 -0.060199 -0.314471 0.297950 0.055613 -0.247017 0.268379 0.122684 -0.182297 0.225306 0.179685 -0.118019 0.179321 -0.077000 -0.097997 0.296246 -0.078701 -0.153326 0.483988 -0.136223 -0.165134 0.627650 -0.038247 -0.432117 0.490558 -0.024980 -0.503219 0.606965 -0.015659 -0.522065 0.721643 0.121895 -0.351795 0.471117 0.166976 -0.423059 0.609007 0.162337 -0.333151 0.711643 0.175981 -0.231168 0.424014 0.214198 -0.266211 0.566500 0.164462 -0.162153 0.636972 0.225206 -0.143947 0.346180 0.256539 -0.161794 0.461032 0.202557 -0.079645 0.520534 
0.000000 0.000000 0.000000 -0.074004 -0.009833 -0.007114 -0.072870 -0.312687 0.296997 0.043982 -0.245067 0.272296 0.112769 -0.180423 0.231899 0.171631 -0.116271 0.188136 -0.067364 -0.098215 0.292871 -0.063210 -0.153520 0.480582 -0.094577 -0.170428 0.631635 -0.059289 -0.411706 0.500543 -0.051081 -0.471550 0.623560 -0.045522 -0.477079 0.739886 0.099453 -0.333636 0.485727 0.137181 -0.393876 0.630890 0.128215 -0.294263 0.723822 0.154856 -0.217747 0.435735 0.185035 -0.244511 0.581899 0.132376 -0.136375 0.643556 0.209704 -0.138795 0.357338 0.235910 -0.154297 0.473803 0.179922 -0.069675 0.527725 
0.000000 0.000000 0.000000 -0.074066 -0.009329 -0.007148 -0.074721 -0.314034 0.295110 0.042542 -0.246992 0.270781 0.111716 -0.182531 0.230756 0.170963 -0.118481 0.187364 -0.053400 -0.102929 0.290607 -0.040468 -0.161498 0.476923 -0.053778 -0.184231 0.629871 -0.059640 -0.399519 0.504598 -0.050526 -0.451184 0.631206 -0.042624 -0.443186 0.747252 0.096231 -0.332771 0.485802 0.132747 -0.391114 0.632046 0.126780 -0.285940 0.718892 0.151228 -0.215956 0.435781 0.179560 -0.239924 0.582796 0.127082 -0.129025 0.639502 0.206434 -0.138423 0.357453 0.230850 -0.152150 0.474529 0.174393 -0.066212 0.525817 
0.000000 0.000000 0.000000 -0.074414 -0.007866 -0.004962 -0.069314 -0.328730 0.280040 0.048085 -0.262124 0.255179 0.116836 -0.196545 0.216254 0.175540 -0.131049 0.174307 -0.038834 -0.115935 0.286417 -0.016571 -0.183557 0.468743 -0.044423 -0.202226 0.620277 -0.043453 -0.412827 0.489035 -0.027824 -0.463653 0.615346 -0.013772 -0.449913 0.730268 0.105978 -0.338381 0.472682 0.145352 -0.390246 0.620615 0.144435 -0.268666 0.682718 0.163266 -0.231332 0.419595 0.196560 -0.256277 0.565404 0.148070 -0.137850 0.608901 0.218712 -0.157958 0.341634 0.248428 -0.176481 0.456809 0.193773 -0.088117 0.505878 
0.000000 0.000000 0.000000 -0.074639 -0.006638 -0.002964 -0.065474 -0.340254 0.266890 0.052071 -0.274151 0.241385 0.120547 -0.207782 0.203326 0.178888 -0.141224 0.162561 -0.038921 -0.127312 0.283407 -0.016571 -0.202822 0.462599 -0.064588 -0.216899 0.609511 -0.025181 -0.424048 0.473712 -0.000829 -0.474690 0.598710 0.020122 -0.453498 0.711427 0.114318 -0.337752 0.461737 0.156654 -0.381008 0.611607 0.148876 -0.246851 0.635701 0.170203 -0.239304 0.406437 0.205810 -0.261907 0.552081 0.156775 -0.137753 0.573281 0.226046 -0.175211 0.327507 0.258506 -0.198606 0.441043 0.202328 -0.108595 0.485147 
0.000000 0.000000 0.000000 -0.074778 -0.005508 -0.001340 -0.063939 -0.348079 0.256988 0.053904 -0.282779 0.230797 0.122397 -0.216118 0.193282 0.180697 -0.149038 0.153322 -0.046272 -0.134172 0.282349 -0.028435 -0.214681 0.459863 -0.084384 -0.231561 0.603639 -0.014180 -0.430891 0.462138 0.015893 -0.480939 0.586125 0.042831 -0.448413 0.694797 0.115868 -0.372525 0.441939 0.156592 -0.363848 0.598115 0.146080 -0.227809 0.593390 0.187175 -0.276600 0.385270 0.205233 -0.247831 0.533044 0.152549 -0.123364 0.532390 0.227717 -0.181354 0.318643 0.260082 -0.203598 0.432436 0.202129 -0.112653 0.472107 
0.000000 0.000000 0.000000 -0.074735 -0.006176 -0.000684 -0.057890 -0.355770 0.247723 0.059052 -0.288646 0.222112 0.126511 -0.220308 0.185757 0.183746 -0.151580 0.147078 -0.057701 -0.141051 0.281034 -0.047043 -0.225447 0.457315 -0.106792 -0.253997 0.597678 0.007131 -0.434011 0.450383 0.046428 -0.481297 0.572864 0.074697 -0.427356 0.672284 0.123928 -0.387394 0.428302 0.162390 -0.336799 0.576914 0.146319 -0.203505 0.552138 0.204101 -0.294576 0.367904 0.205551 -0.225555 0.502903 0.146372 -0.105897 0.481742 0.231486 -0.180841 0.312762 0.264346 -0.200982 0.426805 0.204417 -0.109438 0.461894 
0.000000 0.000000 0.000000 -0.074671 -0.006892 0.000836 -0.049033 -0.361487 0.241275 0.066678 -0.292693 0.214528 0.132670 -0.222944 0.178160 0.188385 -0.152855 0.139705 -0.062279 -0.147756 0.279853 -0.054525 -0.235899 0.454443 -0.113062 -0.276903 0.592207 0.031156 -0.436475 0.439685 0.079620 -0.481796 0.559599 0.102169 -0.409985 0.648637 0.139448 -0.392985 0.417310 0.175003 -0.321782 0.557989 0.150452 -0.192198 0.522712 0.219349 -0.299588 0.355152 0.210777 -0.211834 0.478508 0.146064 -0.097524 0.446674 0.238782 -0.179494 0.305044 0.273472 -0.197830 0.418849 0.212019 -0.105985 0.450330 
0.000000 0.000000 0.000000 -0.074554 -0.007663 0.002617 -0.039186 -0.368895 0.231670 0.075123 -0.298188 0.203907 0.139465 -0.226741 0.167882 0.193477 -0.154996 0.130054 -0.070027 -0.162235 0.274523 -0.067193 -0.258956 0.444665 -0.113180 -0.324738 0.577498 0.055962 -0.442601 0.423853 0.113468 -0.487146 0.540003 0.137795 -0.408676 0.622730 0.160212 -0.402710 0.399635 0.189562 -0.307700 0.527057 0.151647 -0.188105 0.473218 0.237786 -0.312483 0.334300 0.216080 -0.204990 0.439014 0.146106 -0.099575 0.391482 0.244869 -0.176230 0.295868 0.280242 -0.190846 0.410001 0.214642 -0.098151 0.427537 
0.000000 0.000000 0.000000 -0.074215 -0.007902 0.007315 -0.023791 -0.377634 0.219356 0.088444 -0.305686 0.186738 0.150270 -0.232778 0.149264 0.201667 -0.159523 0.110697 -0.082107 -0.181648 0.267308 -0.087045 -0.290366 0.429996 -0.113218 -0.382157 0.552373 0.077318 -0.493339 0.386118 0.140350 -0.483679 0.507426 0.162134 -0.387172 0.569110 0.193187 -0.402535 0.376800 0.203380 -0.275546 0.476271 0.148278 -0.170793 0.408227 0.264232 -0.306763 0.311290 0.216367 -0.180556 0.380366 0.135682 -0.090765 0.319574 0.278830 -0.202901 0.261530 0.289991 -0.175899 0.378310 0.219946 -0.085288 0.387603 
0.000000 0.000000 0.000000 -0.073854 -0.007514 0.010630 -0.017840 -0.389196 0.198741 0.093576 -0.316714 0.164540 0.154420 -0.242460 0.128116 0.204800 -0.167687 0.091154 -0.100444 -0.182590 0.268481 -0.101473 -0.320865 0.407010 -0.103194 -0.428996 0.518328 0.086976 -0.511153 0.358617 0.150049 -0.473004 0.474154 0.162832 -0.364565 0.515027 0.210212 -0.400666 0.353808 0.199101 -0.258399 0.429709 0.134191 -0.160426 0.360230 0.272849 -0.294657 0.295340 0.205227 -0.164668 0.334339 0.118573 -0.081331 0.272582 0.293097 -0.222234 0.231919 0.281843 -0.167529 0.338559 0.210481 -0.077651 0.344261 
0.000000 0.000000 0.000000 -0.073463 -0.009916 0.011346 -0.004334 -0.395782 0.186087 0.104554 -0.319142 0.152821 0.162816 -0.242074 0.118057 0.210596 -0.164762 0.082910 -0.109410 -0.190050 0.264538 -0.099987 -0.345075 0.383659 -0.098379 -0.461386 0.486401 0.104486 -0.517267 0.343629 0.163393 -0.467065 0.456730 0.164670 -0.354215 0.485994 0.224499 -0.398846 0.341858 0.202971 -0.253225 0.408608 0.134329 -0.158741 0.337894 0.283343 -0.291060 0.284752 0.208308 -0.162869 0.315206 0.119304 -0.082165 0.253293 0.304450 -0.223452 0.218310 0.283858 -0.162684 0.320165 0.209553 -0.075208 0.325627 
0.000000 0.000000 0.000000 -0.072777 -0.013472 0.012080 0.016853 -0.394977 0.187082 0.121531 -0.313189 0.152579 0.175609 -0.233460 0.117065 0.219203 -0.154001 0.081270 -0.060016 -0.204931 0.259116 -0.100700 -0.365710 0.363068 -0.123298 -0.486770 0.457517 0.128420 -0.506512 0.349971 0.179186 -0.435993 0.455952 0.170382 -0.320723 0.471067 0.245820 -0.374339 0.345677 0.205010 -0.226198 0.395812 0.129760 -0.136465 0.325635 0.297650 -0.261478 0.287461 0.209780 -0.139078 0.304428 0.114884 -0.066926 0.240734 0.316269 -0.204022 0.217880 0.284463 -0.137048 0.312717 0.204653 -0.054413 0.314947 
0.000000 0.000000 0.000000 -0.072284 -0.017644 0.009360 0.032410 -0.396433 0.181882 0.133494 -0.308469 0.152195 0.184235 -0.225324 0.119719 0.224539 -0.143021 0.086594 -0.034674 -0.230188 0.235760 -0.093794 -0.381962 0.344299 -0.153726 -0.502123 0.422119 0.142711 -0.499317 0.351201 0.189124 -0.421867 0.454300 0.178721 -0.306359 0.466242 0.256810 -0.359116 0.348925 0.207772 -0.211900 0.394171 0.130659 -0.118581 0.331049 0.302887 -0.241734 0.293978 0.209442 -0.123008 0.306743 0.112032 -0.050407 0.247511 0.323995 -0.187867 0.223282 0.286831 -0.118894 0.314676 0.204835 -0.038588 0.320215 
0.000000 0.000000 0.000000 -0.071395 -0.022650 0.003699 0.047603 -0.404604 0.159121 0.144265 -0.308820 0.141263 0.191260 -0.220769 0.117163 0.227952 -0.134160 0.091707 -0.030245 -0.252815 0.211490 -0.087145 -0.414725 0.305611 -0.156306 -0.540855 0.363875 0.153704 -0.501931 0.334308 0.183847 -0.427018 0.445039 0.162787 -0.314243 0.465813 0.258801 -0.368424 0.340771 0.200417 -0.229822 0.399977 0.121386 -0.132685 0.345593 0.300859 -0.244236 0.296470 0.201292 -0.132411 0.320392 0.101775 -0.057949 0.267290 0.321364 -0.182721 0.231357 0.279942 -0.127680 0.330079 0.193518 -0.053084 0.343106 
0.000000 0.000000 0.000000 -0.069998 -0.026774 -0.002703 0.063139 -0.414851 0.123299 0.154691 -0.312645 0.120254 0.197545 -0.220240 0.107314 0.230289 -0.129703 0.092278 -0.028015 -0.276441 0.181009 -0.077045 -0.451819 0.252772 -0.138236 -0.588894 0.292179 0.164348 -0.509585 0.302749 0.189451 -0.459477 0.427813 0.163158 -0.353926 0.469775 0.264754 -0.390770 0.315849 0.203417 -0.268010 0.401245 0.121312 -0.165889 0.362913 0.301209 -0.260299 0.287211 0.198755 -0.159114 0.334704 0.095620 -0.081040 0.295514 0.317574 -0.185169 0.233314 0.278343 -0.150565 0.341733 0.188369 -0.083772 0.367161 
0.000000 0.000000 0.000000 -0.068180 -0.030049 -0.008509 0.082236 -0.421505 0.082830 0.167781 -0.314793 0.094300 0.205689 -0.219382 0.092789 0.233700 -0.126147 0.088558 -0.019952 -0.293806 0.152591 -0.054431 -0.478353 0.207949 -0.100549 -0.623920 0.235704 0.178432 -0.517301 0.264461 0.211653 -0.512655 0.397340 0.181829 -0.418970 0.460004 0.277545 -0.409386 0.282657 0.213672 -0.305318 0.388556 0.127166 -0.202499 0.364383 0.309303 -0.276529 0.268037 0.204663 -0.189603 0.335007 0.097405 -0.111975 0.307843 0.321332 -0.192087 0.224789 0.280893 -0.173631 0.336661 0.187344 -0.115441 0.369307 
0.000000 0.000000 0.000000 -0.064471 -0.034193 -0.017269 0.114252 -0.420466 0.038014 0.188861 -0.309432 0.068705 0.218018 -0.211821 0.081524 0.237719 -0.116824 0.090627 -0.005812 -0.308878 0.120403 -0.009784 -0.499387 0.165140 -0.027974 -0.652357 0.184015 0.202913 -0.512898 0.225139 0.245563 -0.548524 0.350414 0.206258 -0.468050 0.425061 0.301189 -0.418523 0.247468 0.233512 -0.339655 0.371260 0.139861 -0.240803 0.361408 0.323664 -0.283348 0.250155 0.216121 -0.217143 0.334073 0.103333 -0.144960 0.315729 0.327465 -0.190770 0.221255 0.287368 -0.192007 0.334754 0.188869 -0.147133 0.373322 
0.000000 0.000000 0.000000 -0.059914 -0.038150 -0.024059 0.153313 -0.409601 0.003588 0.215099 -0.295757 0.048965 0.233855 -0.197650 0.072748 0.243641 -0.102641 0.092060 0.019331 -0.316152 0.095444 0.046786 -0.506416 0.132282 0.058899 -0.660609 0.145121 0.238262 -0.499953 0.193430 0.289604 -0.554560 0.308165 0.241485 -0.487866 0.390807 0.334032 -0.411405 0.219126 0.266448 -0.358392 0.356044 0.164632 -0.267515 0.359804 0.346289 -0.276650 0.233470 0.239775 -0.233732 0.332482 0.120651 -0.170518 0.323443 0.338416 -0.178797 0.217775 0.306946 -0.198306 0.332319 0.206323 -0.169255 0.379587 