144
0.000000 0.000000 0.000000 -0.038947 -0.035368 -0.053442 0.111470 -0.414246 0.085234 0.139933 -0.305552 0.152297 0.146577 -0.210161 0.182740 0.144818 -0.139176 0.195009 -0.024150 -0.267462 0.155746 -0.014891 -0.412691 0.286643 -0.040749 -0.555668 0.341194 0.125132 -0.545905 0.269351 0.079627 -0.581286 0.393688 -0.010356 -0.521064 0.436926 0.140499 -0.443146 0.346054 0.036282 -0.415894 0.466557 -0.057516 -0.316733 0.469445 0.177119 -0.337487 0.348779 0.089194 -0.340687 0.472268 -0.021282 -0.275636 0.515066 0.157597 -0.223203 0.347858 0.166393 -0.281039 0.453066 0.061517 -0.237879 0.471541 
0.000000 0.000000 0.000000 -0.037268 -0.035575 -0.054493 0.113831 -0.413360 0.086405 0.139502 -0.304628 0.154526 0.144386 -0.209290 0.185463 0.141571 -0.138376 0.197942 -0.022226 -0.267012 0.155405 -0.012814 -0.411830 0.286745 -0.036461 -0.555751 0.339794 0.123368 -0.538974 0.274954 0.078297 -0.573855 0.399589 -0.012875 -0.511607 0.437087 0.137111 -0.437663 0.351427 0.031988 -0.408762 0.470752 -0.060420 -0.308345 0.466690 0.170559 -0.327971 0.358505 0.080303 -0.329366 0.480335 -0.032690 -0.264761 0.516759 0.156480 -0.219293 0.352268 0.166743 -0.274989 0.458493 0.061414 -0.232381 0.475625 
0.000000 0.000000 0.000000 -0.036013 -0.035865 -0.055142 0.116528 -0.412331 0.087720 0.139992 -0.303448 0.156394 0.143415 -0.208111 0.187531 0.139687 -0.137248 0.200054 -0.023429 -0.266487 0.155812 -0.015554 -0.410794 0.287813 -0.036573 -0.555143 0.340810 0.129197 -0.539355 0.275135 0.077909 -0.568429 0.398854 -0.013739 -0.503409 0.429938 0.135396 -0.436463 0.353270 0.026844 -0.402775 0.468188 -0.062854 -0.300481 0.456807 0.164869 -0.323546 0.363395 0.068223 -0.318699 0.480129 -0.045520 -0.252154 0.510167 0.150727 -0.216593 0.355517 0.158326 -0.271208 0.462525 0.052406 -0.230015 0.479475 
0.000000 0.000000 0.000000 -0.035110 -0.035911 -0.055692 0.118508 -0.411812 0.087506 0.140381 -0.303028 0.156858 0.142748 -0.207790 0.188394 0.138359 -0.137004 0.201141 -0.020183 -0.266523 0.155121 -0.010842 -0.410824 0.287033 -0.028985 -0.555134 0.341184 0.127827 -0.533346 0.278720 0.076753 -0.561295 0.402786 -0.015350 -0.494900 0.429280 0.133925 -0.433511 0.355370 0.023293 -0.395585 0.466935 -0.063968 -0.292195 0.448620 0.171295 -0.323771 0.362885 0.070418 -0.311983 0.475472 -0.043192 -0.243230 0.500646 0.152765 -0.215730 0.356643 0.162681 -0.269918 0.463679 0.056545 -0.229256 0.480559 
0.000000 0.000000 0.000000 -0.035428 -0.036101 -0.055367 0.119885 -0.411395 0.087590 0.142034 -0.302417 0.156549 0.144442 -0.207105 0.187857 0.140008 -0.136299 0.200478 -0.019187 -0.266743 0.155315 -0.009024 -0.411063 0.287146 -0.023684 -0.555324 0.342470 0.132346 -0.531307 0.279647 0.081232 -0.557770 0.404022 -0.011267 -0.490324 0.426118 0.138741 -0.431335 0.356158 0.026537 -0.387599 0.463963 -0.057345 -0.283396 0.436670 0.174005 -0.321092 0.363489 0.070122 -0.306125 0.472920 -0.043697 -0.235343 0.490335 0.151498 -0.215643 0.355909 0.159407 -0.270257 0.462895 0.052935 -0.229990 0.478559 
0.000000 0.000000 0.000000 -0.034318 -0.036119 -0.056050 0.122370 -0.410766 0.087103 0.142559 -0.301967 0.156940 0.143662 -0.206807 0.188781 0.138410 -0.136113 0.201710 -0.017404 -0.266579 0.154777 -0.006821 -0.410786 0.286699 -0.018923 -0.554899 0.343019 0.126843 -0.527348 0.281548 0.075196 -0.554376 0.405581 -0.016627 -0.484644 0.422873 0.141997 -0.429720 0.357323 0.028086 -0.378167 0.459749 -0.051500 -0.273248 0.423728 0.174112 -0.319482 0.365107 0.066230 -0.298573 0.469583 -0.046713 -0.224967 0.479276 0.150370 -0.213677 0.358002 0.158602 -0.267066 0.465581 0.051830 -0.226994 0.479619 
0.000000 0.000000 0.000000 -0.035895 -0.035510 -0.055448 0.114908 -0.413070 0.086371 0.138420 -0.304563 0.155622 0.142006 -0.209376 0.187195 0.138442 -0.138557 0.200017 -0.021709 -0.265609 0.155975 -0.012832 -0.409590 0.288270 -0.026969 -0.553094 0.345659 0.117107 -0.526070 0.282957 0.069928 -0.554322 0.408488 -0.019815 -0.481275 0.422753 0.129924 -0.427710 0.358691 0.014507 -0.372360 0.457382 -0.060139 -0.266718 0.413715 0.166904 -0.320884 0.365128 0.058115 -0.297391 0.468102 -0.052503 -0.219774 0.470796 0.143039 -0.217389 0.356064 0.146203 -0.271651 0.463474 0.040243 -0.229137 0.476441 
0.000000 0.000000 0.000000 -0.036474 -0.034307 -0.055827 0.104617 -0.416211 0.084345 0.130390 -0.308718 0.154367 0.136099 -0.213836 0.186541 0.134166 -0.143031 0.199782 -0.025549 -0.264196 0.156017 -0.018713 -0.408046 0.288575 -0.039457 -0.550778 0.345884 0.104438 -0.527185 0.282094 0.054430 -0.549527 0.407721 -0.031816 -0.471659 0.417285 0.120400 -0.430035 0.358467 0.006287 -0.367570 0.454387 -0.062254 -0.260491 0.404632 0.158739 -0.322812 0.366334 0.046604 -0.287208 0.461984 -0.060204 -0.204497 0.457636 0.148406 -0.223750 0.354274 0.131283 -0.267605 0.465066 0.027416 -0.219919 0.476929 
0.000000 0.000000 0.000000 -0.037926 -0.033334 -0.055446 0.087807 -0.419281 0.088226 0.118030 -0.312254 0.157175 0.127631 -0.217377 0.188424 0.128591 -0.146428 0.200983 -0.038816 -0.259351 0.160799 -0.039373 -0.400777 0.296112 -0.069115 -0.541321 0.354846 0.072557 -0.520875 0.290380 0.024846 -0.544543 0.416656 -0.057185 -0.461832 0.421425 0.102300 -0.427467 0.364426 -0.010471 -0.354735 0.454522 -0.071909 -0.246889 0.397655 0.146994 -0.321868 0.371237 0.033861 -0.273567 0.459885 -0.067872 -0.185430 0.447622 0.136452 -0.224299 0.357382 0.107623 -0.259970 0.468682 0.006477 -0.206207 0.477746 
0.000000 0.000000 0.000000 -0.041152 -0.031609 -0.054142 0.060925 -0.422734 0.094204 0.099636 -0.316863 0.160649 0.116231 -0.222345 0.189998 0.122228 -0.151424 0.201251 -0.053299 -0.255996 0.163456 -0.060899 -0.396403 0.299615 -0.100839 -0.533542 0.360316 0.045931 -0.520751 0.298136 -0.008634 -0.529664 0.423536 -0.085945 -0.442395 0.424054 0.071622 -0.422736 0.371553 -0.039170 -0.343187 0.458279 -0.093092 -0.234545 0.395600 0.119905 -0.320237 0.377394 0.008185 -0.264109 0.463179 -0.086912 -0.169935 0.444309 0.117011 -0.223112 0.360687 0.076768 -0.248785 0.471198 -0.020427 -0.187767 0.476963 
0.000000 0.000000 0.000000 -0.043835 -0.029691 -0.053112 0.033875 -0.424231 0.100852 0.080363 -0.320085 0.164998 0.103568 -0.226410 0.192506 0.114405 -0.155869 0.202454 -0.070431 -0.249910 0.167439 -0.087073 -0.387708 0.305446 -0.136950 -0.520730 0.367930 0.018113 -0.517162 0.307093 -0.038985 -0.513969 0.431638 -0.110841 -0.422239 0.427692 0.049826 -0.418671 0.379061 -0.056486 -0.325406 0.457316 -0.102536 -0.217318 0.387777 0.102660 -0.318466 0.382871 -0.006848 -0.244735 0.457453 -0.093403 -0.144492 0.430476 0.097204 -0.221638 0.363590 0.052247 -0.241480 0.473483 -0.039879 -0.172821 0.474885 
0.000000 0.000000 0.000000 -0.048277 -0.027226 -0.050517 0.004104 -0.423222 0.110255 0.061441 -0.321774 0.169776 0.093202 -0.229692 0.193911 0.110054 -0.160055 0.201598 -0.088123 -0.244642 0.170817 -0.113055 -0.380687 0.309314 -0.172341 -0.508654 0.374094 -0.009298 -0.519144 0.315291 -0.069380 -0.504269 0.437565 -0.135159 -0.408399 0.428882 0.025365 -0.412525 0.386426 -0.076371 -0.307229 0.454889 -0.113221 -0.201009 0.377438 0.082743 -0.318202 0.385666 -0.023968 -0.233430 0.452130 -0.100913 -0.128357 0.415973 0.088059 -0.219168 0.364718 0.033752 -0.223825 0.472051 -0.052420 -0.147913 0.468194 
0.000000 0.000000 0.000000 -0.050212 -0.025505 -0.049519 -0.021086 -0.419672 0.121332 0.042785 -0.320432 0.177848 0.080304 -0.229883 0.199377 0.101449 -0.161238 0.205138 -0.103981 -0.233084 0.178223 -0.137625 -0.362974 0.320728 -0.204646 -0.485844 0.387796 -0.044088 -0.501106 0.331711 -0.104789 -0.476300 0.452053 -0.164987 -0.377598 0.436980 -0.004484 -0.398257 0.397355 -0.102899 -0.284178 0.455878 -0.131020 -0.181103 0.370883 0.059726 -0.308358 0.394651 -0.043221 -0.212909 0.451942 -0.111320 -0.105444 0.406315 0.060274 -0.204006 0.369642 0.007446 -0.208208 0.477729 -0.074158 -0.127872 0.468238 
0.000000 0.000000 0.000000 -0.050940 -0.023724 -0.049660 -0.044985 -0.415549 0.128784 0.023474 -0.318807 0.184250 0.065555 -0.230000 0.204569 0.090290 -0.162487 0.209325 -0.119542 -0.224599 0.180099 -0.162468 -0.350294 0.323867 -0.237967 -0.467226 0.392524 -0.075999 -0.488561 0.341217 -0.137616 -0.457182 0.459542 -0.192302 -0.356312 0.438858 -0.032415 -0.383128 0.406091 -0.126138 -0.261239 0.455926 -0.146674 -0.161721 0.364745 0.034815 -0.295400 0.403294 -0.063137 -0.190591 0.452399 -0.123124 -0.081769 0.399227 0.051535 -0.197860 0.376157 -0.014091 -0.175253 0.474510 -0.091313 -0.091116 0.461826 
0.000000 0.000000 0.000000 -0.053079 -0.022273 -0.048067 -0.067625 -0.407488 0.143773 0.007402 -0.313233 0.194852 0.055046 -0.226490 0.211467 0.083849 -0.160471 0.213518 -0.132484 -0.212378 0.187307 -0.182171 -0.331334 0.334589 -0.263123 -0.442446 0.406614 -0.100334 -0.471659 0.358790 -0.162265 -0.428854 0.473308 -0.212550 -0.327041 0.446876 -0.054112 -0.362294 0.419092 -0.142190 -0.233120 0.460092 -0.155959 -0.138780 0.362369 0.018447 -0.282321 0.412109 -0.074793 -0.169050 0.450409 -0.127525 -0.060448 0.389639 0.033612 -0.177266 0.380192 -0.028860 -0.152480 0.480063 -0.102766 -0.066007 0.463829 
0.000000 0.000000 0.000000 -0.055664 -0.020136 -0.046043 -0.093869 -0.395489 0.161454 -0.010993 -0.305128 0.207156 0.043234 -0.221565 0.219285 0.076823 -0.157826 0.218084 -0.148760 -0.196604 0.194868 -0.207013 -0.307027 0.345614 -0.294219 -0.410226 0.421982 -0.126196 -0.450408 0.379075 -0.186674 -0.396412 0.489570 -0.232743 -0.294090 0.457931 -0.077298 -0.336712 0.433166 -0.159556 -0.201495 0.465947 -0.168645 -0.111793 0.363427 -0.002205 -0.255753 0.422952 -0.090562 -0.138327 0.460304 -0.138025 -0.030770 0.393620 0.019597 -0.156978 0.383343 -0.041631 -0.125038 0.481945 -0.112588 -0.036166 0.465510 
0.000000 0.000000 0.000000 -0.057807 -0.017452 -0.044471 -0.115080 -0.385539 0.171483 -0.025704 -0.299750 0.213604 0.033932 -0.219577 0.222892 0.071436 -0.158131 0.219688 -0.161677 -0.185162 0.198284 -0.226673 -0.290104 0.350185 -0.320222 -0.387200 0.427048 -0.152610 -0.434792 0.389625 -0.212795 -0.375354 0.497453 -0.253805 -0.272290 0.461547 -0.095436 -0.320410 0.439845 -0.172235 -0.181048 0.468209 -0.176613 -0.094475 0.362733 -0.017953 -0.244026 0.426421 -0.102211 -0.122042 0.458221 -0.144402 -0.014427 0.388171 -0.003165 -0.131333 0.375581 -0.054515 -0.112887 0.482886 -0.122490 -0.021537 0.467467 
0.000000 0.000000 0.000000 -0.058971 -0.016267 -0.043379 -0.132131 -0.372765 0.186756 -0.038337 -0.289917 0.224979 0.025192 -0.212455 0.230813 0.065602 -0.153075 0.225023 -0.170845 -0.170349 0.204793 -0.240849 -0.266764 0.360082 -0.338645 -0.358006 0.438808 -0.169672 -0.416524 0.406064 -0.228281 -0.348327 0.509487 -0.264986 -0.245398 0.468849 -0.112488 -0.298823 0.450583 -0.185199 -0.156149 0.472529 -0.184654 -0.074313 0.363250 -0.028663 -0.226869 0.434787 -0.108204 -0.100691 0.462047 -0.145792 0.005821 0.387815 -0.004885 -0.125441 0.382676 -0.062281 -0.091362 0.482853 -0.128090 0.001455 0.466812 
0.000000 0.000000 0.000000 -0.061357 -0.012836 -0.041164 -0.152129 -0.358649 0.198792 -0.051494 -0.282011 0.232283 0.017533 -0.209204 0.234462 0.061848 -0.152997 0.226137 -0.182205 -0.155893 0.209389 -0.257824 -0.245409 0.366168 -0.360264 -0.329173 0.447264 -0.191791 -0.396268 0.418865 -0.248247 -0.323580 0.520409 -0.280821 -0.220570 0.476580 -0.127526 -0.277329 0.457386 -0.196155 -0.132319 0.477053 -0.193495 -0.053196 0.365824 -0.043387 -0.205705 0.436922 -0.120269 -0.078184 0.465528 -0.155367 0.028170 0.389865 -0.016939 -0.106316 0.375134 -0.071169 -0.074186 0.477691 -0.134928 0.020530 0.464772 
0.000000 0.000000 0.000000 -0.061757 -0.011342 -0.041005 -0.166424 -0.347778 0.206504 -0.062896 -0.274421 0.238484 0.008944 -0.204357 0.239175 0.055451 -0.150141 0.229683 -0.186773 -0.144313 0.213034 -0.265001 -0.227517 0.371995 -0.372059 -0.304969 0.453399 -0.207197 -0.378399 0.427456 -0.261123 -0.296734 0.523399 -0.288890 -0.194127 0.475503 -0.140993 -0.260882 0.462519 -0.205371 -0.113384 0.477498 -0.199291 -0.037434 0.364211 -0.053116 -0.192867 0.440992 -0.125232 -0.061484 0.463985 -0.156613 0.044599 0.386334 -0.020769 -0.091025 0.375566 -0.073234 -0.050336 0.475981 -0.135533 0.045550 0.464670 
0.000000 0.000000 0.000000 -0.063377 -0.008623 -0.039152 -0.180002 -0.333771 0.217913 -0.071706 -0.265778 0.245678 0.003935 -0.199884 0.243058 0.053131 -0.148575 0.231244 -0.193206 -0.134565 0.216053 -0.274444 -0.213371 0.375744 -0.384876 -0.285496 0.457534 -0.220012 -0.365310 0.438876 -0.272110 -0.277414 0.530211 -0.296268 -0.175373 0.479249 -0.147564 -0.245962 0.470016 -0.205905 -0.095318 0.475262 -0.197700 -0.023403 0.359503 -0.057286 -0.181950 0.444662 -0.124978 -0.047410 0.462200 -0.152960 0.057332 0.381489 -0.014386 -0.095740 0.383678 -0.072223 -0.035390 0.470304 -0.132444 0.061933 0.460064 
0.000000 0.000000 0.000000 -0.064261 -0.006382 -0.038128 -0.189901 -0.324503 0.223440 -0.078556 -0.260699 0.249002 -0.000383 -0.197924 0.244688 0.050645 -0.148732 0.231700 -0.197567 -0.126134 0.218261 -0.280981 -0.201067 0.378693 -0.393828 -0.268814 0.460927 -0.227617 -0.352397 0.445295 -0.276070 -0.259224 0.533348 -0.297468 -0.157732 0.480107 -0.152596 -0.235083 0.473360 -0.206954 -0.082874 0.474850 -0.197584 -0.013518 0.357627 -0.062801 -0.172687 0.445139 -0.127982 -0.036508 0.459202 -0.154296 0.067732 0.377290 -0.018977 -0.089480 0.380792 -0.075888 -0.028111 0.467315 -0.134160 0.070499 0.458161 
0.000000 0.000000 0.000000 -0.064768 -0.005302 -0.037428 -0.198126 -0.312387 0.233347 -0.084585 -0.251542 0.256338 -0.004497 -0.191434 0.249758 0.047951 -0.144251 0.235082 -0.199186 -0.114693 0.222978 -0.283296 -0.183143 0.385924 -0.398053 -0.246110 0.469307 -0.234106 -0.336038 0.455982 -0.278693 -0.239991 0.542983 -0.297042 -0.139459 0.486860 -0.155263 -0.215667 0.480374 -0.204732 -0.061808 0.478157 -0.194634 0.003758 0.358832 -0.062617 -0.159062 0.450477 -0.123061 -0.020330 0.460007 -0.148120 0.083167 0.376769 -0.012871 -0.083484 0.387379 -0.068867 -0.009068 0.463654 -0.125420 0.090641 0.455714 
0.000000 0.000000 0.000000 -0.065648 -0.002958 -0.036132 -0.206564 -0.301140 0.240700 -0.090133 -0.244917 0.260824 -0.007723 -0.188334 0.252025 0.046375 -0.143582 0.235807 -0.201098 -0.105399 0.226557 -0.285854 -0.169499 0.390931 -0.402623 -0.227942 0.474814 -0.240575 -0.323419 0.463785 -0.281897 -0.222282 0.546525 -0.297673 -0.122513 0.488297 -0.157307 -0.203633 0.485006 -0.203535 -0.048839 0.479885 -0.193736 0.014702 0.359445 -0.064853 -0.149721 0.451923 -0.122835 -0.009743 0.457836 -0.147254 0.093399 0.373970 -0.019007 -0.072375 0.381551 -0.073157 0.000008 0.461047 -0.127671 0.100962 0.454745 
0.000000 0.000000 0.000000 -0.066017 -0.002104 -0.035514 -0.211374 -0.291595 0.248161 -0.093493 -0.237745 0.266221 -0.009870 -0.183286 0.255646 0.045109 -0.140130 0.238118 -0.200938 -0.096384 0.230482 -0.285363 -0.155379 0.396924 -0.403133 -0.209869 0.482059 -0.244700 -0.305374 0.472035 -0.282784 -0.201594 0.553037 -0.296345 -0.103190 0.491997 -0.158378 -0.189835 0.489759 -0.202191 -0.034566 0.479933 -0.192266 0.025425 0.357696 -0.063811 -0.135513 0.454447 -0.119033 0.005597 0.459872 -0.142674 0.107129 0.373847 -0.015367 -0.067414 0.385228 -0.068216 0.011722 0.458955 -0.121012 0.113573 0.452468 
0.000000 0.000000 0.000000 -0.066086 -0.002114 -0.035384 -0.214671 -0.282975 0.255210 -0.096099 -0.230197 0.271867 -0.011816 -0.177057 0.259918 0.043675 -0.135021 0.241315 -0.200001 -0.087236 0.234185 -0.283796 -0.140500 0.402863 -0.402295 -0.191033 0.489416 -0.246926 -0.289332 0.479574 -0.282048 -0.183958 0.559854 -0.293895 -0.086656 0.496728 -0.156596 -0.173680 0.494623 -0.196599 -0.017652 0.481220 -0.187197 0.039342 0.357516 -0.061288 -0.125534 0.458944 -0.112596 0.017133 0.456830 -0.135228 0.117280 0.368930 -0.008928 -0.061224 0.390892 -0.059723 0.027454 0.454511 -0.110108 0.130496 0.447668 
0.000000 0.000000 0.000000 -0.066266 -0.001343 -0.035084 -0.218632 -0.275975 0.259477 -0.099057 -0.225154 0.275010 -0.013882 -0.173693 0.262077 0.042277 -0.132891 0.242742 -0.201614 -0.080473 0.235592 -0.286306 -0.129987 0.404964 -0.406074 -0.176384 0.492083 -0.248942 -0.277835 0.484194 -0.281095 -0.170277 0.562804 -0.291262 -0.074344 0.497331 -0.157973 -0.164226 0.497027 -0.197115 -0.007983 0.483589 -0.187529 0.046046 0.358576 -0.062368 -0.119579 0.460658 -0.112522 0.023483 0.457687 -0.134044 0.121963 0.367651 -0.009257 -0.062643 0.394386 -0.060142 0.029619 0.452607 -0.108666 0.133473 0.444679 
0.000000 0.000000 0.000000 -0.066546 -0.000958 -0.034564 -0.220262 -0.269310 0.265042 -0.099910 -0.219871 0.278948 -0.014163 -0.169740 0.264639 0.042380 -0.129971 0.244300 -0.202151 -0.076352 0.237049 -0.287004 -0.123528 0.407006 -0.407056 -0.167260 0.495108 -0.248403 -0.270301 0.490047 -0.278471 -0.160494 0.566337 -0.287678 -0.065681 0.499114 -0.153480 -0.153066 0.500627 -0.188963 0.003284 0.480127 -0.180439 0.053802 0.353578 -0.059777 -0.111296 0.462673 -0.107568 0.032345 0.454067 -0.128402 0.128765 0.361671 -0.005953 -0.058244 0.396305 -0.055732 0.038921 0.447023 -0.102684 0.143311 0.436960 
0.000000 0.000000 0.000000 -0.066892 0.000013 -0.033901 -0.222806 -0.262423 0.269782 -0.101383 -0.215215 0.282031 -0.014825 -0.166906 0.266400 0.042275 -0.128444 0.245125 -0.201763 -0.067250 0.240201 -0.286156 -0.109338 0.411716 -0.406095 -0.149738 0.501546 -0.249719 -0.253173 0.494749 -0.277100 -0.143145 0.571731 -0.285252 -0.049507 0.502748 -0.151581 -0.141897 0.502437 -0.185472 0.014562 0.480149 -0.178054 0.063022 0.352729 -0.058597 -0.099719 0.462061 -0.105008 0.044315 0.452508 -0.125913 0.139245 0.358598 -0.001838 -0.050276 0.395225 -0.048784 0.049540 0.443433 -0.094104 0.154522 0.432113 
0.000000 0.000000 0.000000 -0.066999 0.000727 -0.033682 -0.226240 -0.255366 0.273668 -0.104002 -0.210059 0.284949 -0.016701 -0.163404 0.268452 0.040962 -0.126166 0.246527 -0.201029 -0.061878 0.241932 -0.284897 -0.101052 0.414393 -0.405285 -0.138236 0.505006 -0.251904 -0.246810 0.498808 -0.277392 -0.134389 0.572929 -0.284198 -0.041682 0.502556 -0.152361 -0.133901 0.504803 -0.184344 0.022443 0.479149 -0.176821 0.068823 0.350963 -0.057681 -0.096039 0.464656 -0.101677 0.048204 0.448869 -0.121825 0.142158 0.353818 -0.002678 -0.048047 0.396790 -0.048726 0.054203 0.440560 -0.092089 0.159830 0.427683 
0.000000 0.000000 0.000000 -0.067240 0.001040 -0.033190 -0.227639 -0.247066 0.280052 -0.104702 -0.203272 0.289578 -0.016893 -0.158156 0.271565 0.041109 -0.122140 0.248521 -0.200255 -0.055134 0.244295 -0.283488 -0.090285 0.417927 -0.404169 -0.124332 0.509379 -0.250874 -0.235612 0.505328 -0.273656 -0.120483 0.576098 -0.279437 -0.028989 0.504066 -0.149169 -0.123575 0.508999 -0.178560 0.032641 0.479719 -0.171580 0.076380 0.350578 -0.052903 -0.087617 0.467629 -0.094079 0.057083 0.448728 -0.113933 0.149818 0.352427 0.000880 -0.041119 0.398199 -0.042929 0.061913 0.442431 -0.085001 0.167905 0.428330 
0.000000 0.000000 0.000000 -0.067427 0.001785 -0.032777 -0.229698 -0.240753 0.283843 -0.106029 -0.198818 0.292176 -0.017638 -0.155269 0.273179 0.040775 -0.120396 0.249426 -0.198147 -0.048116 0.246988 -0.279943 -0.079342 0.422047 -0.400416 -0.110804 0.514693 -0.250385 -0.227570 0.509273 -0.270114 -0.111944 0.580149 -0.274754 -0.020875 0.507499 -0.146373 -0.115901 0.511200 -0.173243 0.040903 0.482651 -0.166915 0.083368 0.353052 -0.052210 -0.079952 0.467719 -0.091945 0.065456 0.451334 -0.111177 0.157661 0.354400 0.002910 -0.036704 0.398249 -0.039161 0.068280 0.439475 -0.079751 0.174806 0.425057 
0.000000 0.000000 0.000000 -0.067654 0.002607 -0.032250 -0.231433 -0.233877 0.288151 -0.107002 -0.193985 0.295056 -0.018040 -0.152153 0.274901 0.040762 -0.118530 0.250320 -0.196678 -0.043963 0.248873 -0.277413 -0.073104 0.424782 -0.397955 -0.102135 0.518128 -0.249685 -0.220658 0.513788 -0.266094 -0.103365 0.582746 -0.269233 -0.012791 0.509400 -0.143273 -0.105870 0.512759 -0.166508 0.051150 0.482269 -0.160455 0.091965 0.352127 -0.048400 -0.073687 0.468898 -0.084733 0.072285 0.449853 -0.103015 0.163973 0.352246 0.006387 -0.037684 0.401544 -0.034251 0.069995 0.436830 -0.073152 0.177145 0.422385 
0.000000 0.000000 0.000000 -0.067670 0.002034 -0.032257 -0.231452 -0.228048 0.292770 -0.106985 -0.188130 0.298828 -0.018001 -0.146769 0.277815 0.040813 -0.113678 0.252552 -0.194169 -0.038337 0.250965 -0.273324 -0.063598 0.428186 -0.393909 -0.089639 0.522357 -0.249596 -0.208286 0.517938 -0.264449 -0.091176 0.587555 -0.266410 -0.001785 0.512731 -0.140642 -0.100897 0.517305 -0.162975 0.056156 0.486322 -0.157346 0.094723 0.355478 -0.045807 -0.069364 0.472619 -0.080349 0.076960 0.452949 -0.097591 0.167137 0.353757 0.008479 -0.032758 0.404186 -0.030066 0.075124 0.441159 -0.067046 0.182722 0.425090 
0.000000 0.000000 0.000000 -0.067822 0.003008 -0.031860 -0.233762 -0.221286 0.296105 -0.108549 -0.183615 0.301065 -0.018954 -0.144077 0.279157 0.040299 -0.112286 0.253257 -0.192497 -0.031589 0.252930 -0.270510 -0.053238 0.431134 -0.391107 -0.076084 0.526114 -0.249672 -0.198186 0.521124 -0.261596 -0.080368 0.590108 -0.262353 0.008103 0.514178 -0.138383 -0.090020 0.517454 -0.157862 0.066915 0.484039 -0.152778 0.102925 0.352446 -0.044995 -0.061489 0.472069 -0.077480 0.084996 0.450211 -0.093823 0.173558 0.349426 0.009627 -0.023389 0.400712 -0.026207 0.084566 0.440119 -0.061428 0.192425 0.421983 
0.000000 0.000000 0.000000 -0.068058 0.003767 -0.031270 -0.234699 -0.213458 0.301069 -0.108820 -0.177883 0.304390 -0.018775 -0.140170 0.281152 0.040764 -0.109733 0.254299 -0.192373 -0.024085 0.254416 -0.270161 -0.041514 0.433179 -0.390445 -0.060691 0.529361 -0.248175 -0.182436 0.525292 -0.257215 -0.063323 0.592467 -0.256993 0.023577 0.514740 -0.134956 -0.080299 0.519492 -0.152755 0.075979 0.482280 -0.148691 0.109172 0.349913 -0.041727 -0.054327 0.473031 -0.072123 0.091858 0.446632 -0.088079 0.178829 0.344409 0.016197 -0.020204 0.402513 -0.017313 0.091342 0.432941 -0.050729 0.199496 0.413212 
0.000000 0.000000 0.000000 -0.068259 0.004387 -0.030746 -0.235592 -0.204214 0.306730 -0.109106 -0.170736 0.308355 -0.018647 -0.134967 0.283694 0.041158 -0.106016 0.255808 -0.187172 -0.016496 0.257819 -0.261579 -0.029564 0.438385 -0.381243 -0.045058 0.535993 -0.245607 -0.172101 0.530981 -0.251159 -0.051495 0.595829 -0.249936 0.034084 0.516659 -0.131162 -0.069472 0.522209 -0.146995 0.086427 0.482593 -0.143945 0.116993 0.349568 -0.035355 -0.047088 0.475298 -0.062726 0.099091 0.445746 -0.078735 0.185139 0.342753 0.022987 -0.017844 0.405748 -0.008304 0.095585 0.431166 -0.040329 0.203886 0.409991 
0.000000 0.000000 0.000000 -0.068616 0.004810 -0.029876 -0.234086 -0.195415 0.313540 -0.107135 -0.163708 0.312824 -0.016542 -0.129665 0.286286 0.043262 -0.102059 0.257067 -0.186218 -0.008987 0.259650 -0.259806 -0.017621 0.440817 -0.378686 -0.029709 0.539853 -0.241384 -0.155426 0.536626 -0.244630 -0.034670 0.601353 -0.243001 0.049299 0.520485 -0.122628 -0.059673 0.525923 -0.136260 0.095009 0.481067 -0.135486 0.123202 0.347485 -0.031749 -0.038478 0.476463 -0.058806 0.107479 0.445557 -0.075185 0.192072 0.341423 0.024084 -0.011534 0.405470 -0.006190 0.102344 0.430103 -0.036759 0.210720 0.407231 
0.000000 0.000000 0.000000 -0.068878 0.006710 -0.028891 -0.235341 -0.184882 0.318941 -0.107475 -0.157243 0.316008 -0.016265 -0.126355 0.287778 0.043931 -0.100946 0.257393 -0.183086 -0.003438 0.262141 -0.254549 -0.009788 0.444251 -0.372869 -0.018244 0.544329 -0.237587 -0.151399 0.543204 -0.236574 -0.028386 0.603611 -0.234402 0.054240 0.521383 -0.117948 -0.050342 0.527992 -0.129939 0.104172 0.482098 -0.130773 0.129499 0.347945 -0.024024 -0.034279 0.477977 -0.048453 0.110882 0.441615 -0.065496 0.193952 0.336368 0.030148 -0.006860 0.404172 0.002209 0.108294 0.425391 -0.027182 0.216677 0.401053 
0.000000 0.000000 0.000000 -0.068846 0.004938 -0.029322 -0.233942 -0.180088 0.322692 -0.106487 -0.150634 0.319542 -0.015623 -0.119130 0.290878 0.044320 -0.093620 0.260081 -0.179760 0.003556 0.263155 -0.249163 0.002690 0.446167 -0.366967 -0.002383 0.547080 -0.233774 -0.135760 0.545077 -0.230403 -0.013903 0.607700 -0.227493 0.067250 0.524042 -0.112440 -0.039363 0.529441 -0.122284 0.114735 0.481676 -0.124362 0.137835 0.347135 -0.017124 -0.023253 0.479343 -0.038902 0.121053 0.438208 -0.056190 0.202435 0.331689 0.036645 -0.001674 0.408652 0.010369 0.114785 0.424084 -0.017912 0.223194 0.398577 
0.000000 0.000000 0.000000 -0.069158 0.006306 -0.028308 -0.233504 -0.166967 0.329982 -0.105345 -0.141205 0.324193 -0.014122 -0.112862 0.293443 0.045992 -0.089675 0.261178 -0.176905 0.010823 0.265319 -0.244326 0.013649 0.449051 -0.361601 0.011897 0.550689 -0.228730 -0.125497 0.552866 -0.221378 -0.000844 0.609343 -0.218078 0.078578 0.524053 -0.108209 -0.026514 0.532308 -0.116935 0.126569 0.481181 -0.119992 0.146679 0.346179 -0.014085 -0.015768 0.481290 -0.035231 0.127840 0.437468 -0.052454 0.207354 0.329538 0.037729 0.005704 0.407537 0.012809 0.122439 0.423129 -0.014102 0.230730 0.395704 
0.000000 0.000000 0.000000 -0.069077 0.005477 -0.028675 -0.234293 -0.158978 0.333351 -0.106156 -0.133160 0.327317 -0.014880 -0.105451 0.296150 0.045300 -0.082986 0.263500 -0.172909 0.018346 0.266112 -0.237880 0.026399 0.450571 -0.354634 0.028086 0.552808 -0.226453 -0.106519 0.553820 -0.216138 0.017547 0.611120 -0.211870 0.095073 0.524145 -0.102796 -0.014875 0.533404 -0.107153 0.137716 0.480286 -0.111180 0.155627 0.345000 -0.008988 -0.002198 0.480589 -0.027061 0.141654 0.436195 -0.044267 0.219565 0.327099 0.047545 0.016073 0.407613 0.025824 0.133851 0.419768 -0.000256 0.241944 0.390804 
0.000000 0.000000 0.000000 -0.069307 0.005717 -0.028068 -0.232389 -0.152270 0.337786 -0.104091 -0.127709 0.330141 -0.012884 -0.101264 0.297701 0.047169 -0.079797 0.264156 -0.170901 0.024487 0.267182 -0.234472 0.036232 0.451931 -0.350288 0.041165 0.555125 -0.224609 -0.099222 0.558117 -0.213813 0.026266 0.612137 -0.209258 0.102132 0.523725 -0.098630 -0.004915 0.533527 -0.104072 0.146036 0.476005 -0.109745 0.161024 0.340423 -0.006583 0.003285 0.481395 -0.025225 0.146019 0.433750 -0.042917 0.222169 0.323495 0.048550 0.016780 0.409954 0.026463 0.135002 0.415163 0.001425 0.242783 0.384189 
0.000000 0.000000 0.000000 -0.069551 0.006291 -0.027332 -0.230236 -0.147386 0.341407 -0.101769 -0.124298 0.332160 -0.010648 -0.099083 0.298522 0.049256 -0.078511 0.264161 -0.167655 0.028012 0.268894 -0.229043 0.041603 0.454254 -0.343484 0.048629 0.558851 -0.219998 -0.089850 0.560508 -0.207674 0.035247 0.615105 -0.203203 0.109825 0.525600 -0.091242 0.000228 0.534291 -0.095791 0.150677 0.475393 -0.103625 0.163810 0.339726 -0.001739 0.008045 0.480615 -0.020357 0.149370 0.428931 -0.038912 0.223938 0.317740 0.050559 0.019251 0.409169 0.029347 0.137661 0.413678 0.005195 0.245143 0.381007 
0.000000 0.000000 0.000000 -0.069682 0.006643 -0.026911 -0.229273 -0.139234 0.345453 -0.100629 -0.117763 0.334877 -0.009488 -0.094135 0.300158 0.050380 -0.074803 0.265023 -0.167050 0.033467 0.269139 -0.227977 0.050251 0.454389 -0.341779 0.060267 0.559439 -0.218758 -0.082087 0.564642 -0.205500 0.044445 0.615594 -0.200590 0.117740 0.525058 -0.088421 0.008139 0.536059 -0.093127 0.157039 0.473359 -0.101828 0.168399 0.337585 0.001262 0.015082 0.480905 -0.016875 0.155530 0.426718 -0.035672 0.228609 0.314584 0.054403 0.025939 0.407925 0.034245 0.144613 0.409155 0.010777 0.251759 0.374918 
0.000000 0.000000 0.000000 -0.069629 0.006875 -0.026990 -0.230404 -0.131872 0.347584 -0.101572 -0.111748 0.336649 -0.010232 -0.089488 0.301552 0.049798 -0.071241 0.266113 -0.164763 0.039343 0.269222 -0.224291 0.059660 0.454572 -0.337722 0.072167 0.559757 -0.217008 -0.070584 0.565493 -0.201139 0.056470 0.614354 -0.195689 0.128322 0.522698 -0.086646 0.017052 0.535803 -0.088843 0.166331 0.473870 -0.097769 0.176000 0.337979 0.003640 0.021415 0.481056 -0.012566 0.162031 0.426692 -0.031055 0.234173 0.313901 0.056216 0.029879 0.408660 0.037003 0.148710 0.407546 0.014282 0.255720 0.372392 
0.000000 0.000000 0.000000 -0.069588 0.005774 -0.027351 -0.230455 -0.128494 0.348812 -0.101781 -0.107314 0.338026 -0.010524 -0.084743 0.302909 0.049463 -0.066492 0.267401 -0.162025 0.044735 0.268932 -0.219866 0.069113 0.454327 -0.333337 0.083554 0.559220 -0.215723 -0.060155 0.564527 -0.198459 0.065664 0.616041 -0.192197 0.136531 0.523674 -0.085560 0.024358 0.535190 -0.085784 0.173679 0.473320 -0.094439 0.182045 0.337326 0.006389 0.027798 0.481128 -0.007560 0.168815 0.427179 -0.025537 0.239925 0.313653 0.060515 0.033038 0.410781 0.042455 0.152003 0.407247 0.020407 0.258984 0.371581 
0.000000 0.000000 0.000000 -0.069744 0.006143 -0.026868 -0.228789 -0.125263 0.351077 -0.100051 -0.105045 0.339253 -0.008897 -0.083283 0.303366 0.050955 -0.065621 0.267336 -0.161302 0.045565 0.269628 -0.218593 0.070232 0.455155 -0.331459 0.085675 0.560557 -0.213184 -0.053742 0.565696 -0.195323 0.072400 0.616206 -0.188954 0.142553 0.523302 -0.080546 0.027440 0.535573 -0.079946 0.176454 0.472970 -0.089888 0.184650 0.337053 0.010173 0.029170 0.481423 -0.003815 0.169277 0.425162 -0.022425 0.240636 0.311894 0.063062 0.036031 0.409134 0.045275 0.154980 0.404015 0.023482 0.262047 0.368452 
0.000000 0.000000 0.000000 -0.069898 0.006508 -0.026378 -0.227037 -0.121964 0.353368 -0.098252 -0.102714 0.340490 -0.007218 -0.081769 0.303822 0.052486 -0.064702 0.267264 -0.160877 0.046250 0.270253 -0.217806 0.071118 0.455865 -0.329717 0.087292 0.562172 -0.208041 -0.053633 0.568752 -0.188142 0.072677 0.618067 -0.182378 0.142601 0.524951 -0.077804 0.028823 0.537352 -0.078970 0.176351 0.471333 -0.090148 0.184303 0.335498 0.013118 0.029078 0.482745 -0.001783 0.168221 0.424367 -0.021319 0.239315 0.311088 0.063437 0.034671 0.410761 0.045255 0.153374 0.402381 0.023907 0.260358 0.366302 
0.000000 0.000000 0.000000 -0.069942 0.006823 -0.026181 -0.226622 -0.119434 0.354497 -0.097768 -0.100976 0.341149 -0.006731 -0.080685 0.304123 0.052955 -0.064089 0.267319 -0.158774 0.048292 0.270864 -0.214359 0.074240 0.456735 -0.325881 0.091200 0.563329 -0.206017 -0.048863 0.569009 -0.185021 0.077374 0.618055 -0.179211 0.146643 0.524454 -0.074081 0.031681 0.536892 -0.072992 0.180093 0.472883 -0.084852 0.187360 0.337067 0.016690 0.032461 0.481220 0.002977 0.171651 0.422664 -0.016875 0.242229 0.309118 0.065904 0.037349 0.409195 0.048763 0.156301 0.402263 0.027679 0.263107 0.365507 
0.000000 0.000000 0.000000 -0.069955 0.006811 -0.026149 -0.226471 -0.118035 0.355062 -0.097608 -0.099756 0.341553 -0.006579 -0.079682 0.304391 0.053096 -0.063271 0.267486 -0.159062 0.048981 0.270715 -0.214820 0.075369 0.456473 -0.326409 0.092913 0.562900 -0.207352 -0.047198 0.569624 -0.186944 0.079530 0.617640 -0.180777 0.148431 0.523791 -0.073923 0.034638 0.536108 -0.072589 0.182933 0.471833 -0.084348 0.189678 0.335981 0.015592 0.035065 0.480616 0.001649 0.173824 0.421099 -0.017919 0.244035 0.307276 0.066804 0.038453 0.409086 0.049731 0.157346 0.401072 0.028727 0.264108 0.364139 
0.000000 0.000000 0.000000 -0.070016 0.005512 -0.026293 -0.225149 -0.117741 0.355999 -0.096553 -0.097702 0.342446 -0.005783 -0.076667 0.305180 0.053690 -0.059753 0.268176 -0.156529 0.050848 0.270870 -0.210663 0.079217 0.456816 -0.322099 0.097158 0.563338 -0.205825 -0.043158 0.569269 -0.185460 0.082818 0.619242 -0.179171 0.151405 0.525170 -0.072352 0.036438 0.537113 -0.070663 0.184263 0.471771 -0.082460 0.190746 0.335910 0.017347 0.037355 0.481752 0.003937 0.176184 0.422274 -0.015551 0.246077 0.308242 0.067676 0.038635 0.412086 0.050372 0.157421 0.403046 0.029437 0.264216 0.366171 
0.000000 0.000000 0.000000 -0.070062 0.005644 -0.026141 -0.224637 -0.116006 0.356891 -0.096015 -0.096395 0.342967 -0.005273 -0.075744 0.305420 0.054160 -0.059119 0.268221 -0.155968 0.052464 0.270969 -0.209723 0.081761 0.456881 -0.321093 0.100051 0.563414 -0.204794 -0.042107 0.570351 -0.183745 0.084676 0.617945 -0.177277 0.153076 0.523750 -0.071544 0.037927 0.537475 -0.069882 0.184951 0.470349 -0.081726 0.191528 0.334497 0.018475 0.037901 0.482153 0.005197 0.176341 0.421747 -0.014284 0.246416 0.307826 0.068757 0.042392 0.409885 0.052038 0.161367 0.402348 0.031213 0.268307 0.365833 
0.000000 0.000000 0.000000 -0.070112 0.005760 -0.025980 -0.224055 -0.114303 0.357805 -0.095414 -0.095092 0.343498 -0.004710 -0.074808 0.305660 0.054674 -0.058461 0.268261 -0.155681 0.053647 0.271057 -0.209223 0.083611 0.456924 -0.320537 0.102519 0.563407 -0.202223 -0.037968 0.570212 -0.180052 0.088185 0.618953 -0.173658 0.156175 0.524457 -0.069241 0.039669 0.537480 -0.066451 0.187423 0.472017 -0.078733 0.193558 0.336183 0.018769 0.039555 0.481965 0.005896 0.178709 0.423134 -0.013387 0.248532 0.309024 0.069022 0.045679 0.408030 0.053023 0.164841 0.402043 0.032533 0.271755 0.365263 
0.000000 0.000000 0.000000 -0.070143 0.005965 -0.025851 -0.223750 -0.112786 0.358477 -0.095070 -0.094072 0.343874 -0.004369 -0.074192 0.305815 0.055000 -0.058134 0.268266 -0.154071 0.054496 0.271549 -0.206588 0.084863 0.457643 -0.317618 0.104169 0.564351 -0.202151 -0.040285 0.572246 -0.179599 0.086892 0.618065 -0.173087 0.154880 0.523574 -0.069388 0.041357 0.537456 -0.067100 0.188606 0.470845 -0.079330 0.194480 0.334995 0.020077 0.041735 0.480964 0.007368 0.180098 0.420261 -0.012009 0.249876 0.306140 0.070724 0.043847 0.409471 0.054337 0.162718 0.399861 0.034024 0.269749 0.363325 
0.000000 0.000000 0.000000 -0.070147 0.006113 -0.025805 -0.223763 -0.111755 0.358791 -0.095046 -0.093391 0.344066 -0.004324 -0.073792 0.305912 0.055057 -0.057936 0.268297 -0.153609 0.055392 0.271604 -0.205833 0.086227 0.457703 -0.316643 0.106136 0.564529 -0.200376 -0.036158 0.571296 -0.176738 0.090211 0.618774 -0.170124 0.157832 0.524028 -0.068287 0.041432 0.537925 -0.065451 0.188672 0.471315 -0.077971 0.194443 0.335487 0.022971 0.041164 0.481280 0.011412 0.179872 0.421135 -0.008123 0.249722 0.307085 0.072065 0.041470 0.411180 0.056053 0.160360 0.401176 0.036111 0.267487 0.364717 
0.000000 0.000000 0.000000 -0.070179 0.006227 -0.025690 -0.223375 -0.110461 0.359433 -0.094641 -0.092437 0.344435 -0.003942 -0.073137 0.306075 0.055408 -0.057503 0.268318 -0.153676 0.056564 0.271532 -0.205922 0.088061 0.457514 -0.316814 0.108181 0.564215 -0.199694 -0.031940 0.570843 -0.175755 0.093798 0.619820 -0.168802 0.161062 0.524844 -0.067211 0.043300 0.537561 -0.063571 0.191154 0.472365 -0.076164 0.196303 0.336519 0.021796 0.042935 0.480941 0.010394 0.182831 0.423581 -0.008859 0.252211 0.309197 0.072985 0.043111 0.410284 0.057754 0.162274 0.402563 0.037988 0.269392 0.365981 
0.000000 0.000000 0.000000 -0.070191 0.005112 -0.025904 -0.222805 -0.110562 0.359756 -0.094280 -0.090980 0.344922 -0.003745 -0.070799 0.306626 0.055489 -0.054686 0.268889 -0.151298 0.057492 0.271626 -0.202050 0.090267 0.457802 -0.312935 0.111351 0.564323 -0.197741 -0.027332 0.569195 -0.172857 0.096881 0.621482 -0.165423 0.163615 0.526169 -0.065546 0.045217 0.537533 -0.060696 0.193338 0.473024 -0.073433 0.198054 0.337176 0.023482 0.044094 0.482046 0.012916 0.183950 0.424433 -0.006184 0.253077 0.309869 0.074925 0.043553 0.412268 0.059772 0.162575 0.402501 0.040235 0.269668 0.365725 
0.000000 0.000000 0.000000 -0.070257 0.005092 -0.025727 -0.221924 -0.108811 0.360833 -0.093418 -0.089447 0.345557 -0.002967 -0.069534 0.306924 0.056180 -0.053650 0.268955 -0.150614 0.060191 0.271515 -0.200895 0.094669 0.457510 -0.311753 0.116708 0.563867 -0.196944 -0.023657 0.569507 -0.171913 0.100547 0.621746 -0.164156 0.166754 0.526093 -0.064723 0.047868 0.537379 -0.060036 0.195825 0.472483 -0.072848 0.200014 0.336624 0.023611 0.045330 0.482462 0.012776 0.184535 0.423338 -0.006127 0.253347 0.308553 0.077664 0.046088 0.411001 0.063047 0.165217 0.401737 0.043466 0.272233 0.364759 
0.000000 0.000000 0.000000 -0.070357 0.006276 -0.025188 -0.220967 -0.103694 0.362920 -0.092260 -0.086692 0.346569 -0.001776 -0.068528 0.307160 0.057343 -0.053826 0.268674 -0.150328 0.061498 0.272136 -0.200370 0.096053 0.458181 -0.311173 0.118773 0.564451 -0.197239 -0.024107 0.573925 -0.171803 0.102356 0.620206 -0.163703 0.167966 0.524170 -0.062657 0.050836 0.538100 -0.057796 0.197623 0.470614 -0.070878 0.201137 0.334761 0.025075 0.046291 0.482685 0.014103 0.184685 0.421715 -0.004810 0.253193 0.306749 0.077196 0.048217 0.409313 0.062401 0.167306 0.399818 0.042868 0.274300 0.362751 
0.000000 0.000000 0.000000 -0.070398 0.006390 -0.025043 -0.220391 -0.103068 0.363449 -0.091687 -0.086312 0.346816 -0.001253 -0.068338 0.307204 0.057812 -0.053768 0.268585 -0.149174 0.060890 0.272733 -0.198467 0.094992 0.459061 -0.309055 0.117760 0.565544 -0.196789 -0.024504 0.574851 -0.171314 0.102063 0.620828 -0.163214 0.167673 0.524792 -0.061106 0.051396 0.538064 -0.055953 0.198732 0.471806 -0.069484 0.202326 0.336000 0.026514 0.047068 0.482202 0.015620 0.185296 0.420843 -0.003544 0.253873 0.305961 0.079108 0.049625 0.408022 0.064907 0.168894 0.399995 0.045354 0.275959 0.363145 
0.000000 0.000000 0.000000 -0.070479 0.006546 -0.024773 -0.219228 -0.102147 0.364411 -0.090548 -0.085738 0.347257 -0.000224 -0.068035 0.307274 0.058726 -0.053655 0.268409 -0.148906 0.060683 0.273161 -0.197981 0.094558 0.459588 -0.308179 0.117413 0.566457 -0.194564 -0.022485 0.575280 -0.168874 0.103654 0.622301 -0.161148 0.169158 0.526162 -0.059061 0.051337 0.538813 -0.054566 0.197609 0.470191 -0.068743 0.201228 0.334451 0.030462 0.047045 0.481999 0.020020 0.185422 0.420896 0.000096 0.253961 0.306120 0.078954 0.047963 0.409303 0.064205 0.167066 0.399912 0.044721 0.274211 0.363259 
0.000000 0.000000 0.000000 -0.070585 0.005414 -0.024746 -0.217515 -0.100423 0.365914 -0.089062 -0.082690 0.348379 0.000992 -0.064389 0.308057 0.059715 -0.049770 0.268939 -0.147336 0.063158 0.272947 -0.195362 0.099291 0.459224 -0.305190 0.123065 0.566272 -0.191650 -0.018354 0.575713 -0.165449 0.108134 0.621499 -0.157896 0.173120 0.524996 -0.056337 0.056874 0.537919 -0.051529 0.203210 0.469456 -0.066295 0.205807 0.333756 0.032695 0.052057 0.481692 0.021945 0.188891 0.417258 0.001748 0.256807 0.302160 0.080649 0.050235 0.410880 0.065130 0.168786 0.396883 0.045752 0.275881 0.360028 
0.000000 0.000000 0.000000 -0.070645 0.005638 -0.024523 -0.216680 -0.099061 0.366779 -0.088220 -0.081830 0.348795 0.001767 -0.063925 0.308150 0.060415 -0.049583 0.268817 -0.144213 0.066889 0.273273 -0.190246 0.105216 0.459615 -0.299322 0.130062 0.567188 -0.188268 -0.016466 0.576042 -0.160519 0.110250 0.620260 -0.153219 0.174770 0.523425 -0.052907 0.058401 0.537376 -0.047127 0.204625 0.468750 -0.062772 0.206997 0.333144 0.035361 0.054470 0.480103 0.025291 0.192058 0.417182 0.004572 0.259499 0.301898 0.085028 0.053846 0.407680 0.070757 0.172709 0.395066 0.051483 0.279640 0.357683 
0.000000 0.000000 0.000000 -0.070816 0.005925 -0.023956 -0.214140 -0.097263 0.368747 -0.085751 -0.080685 0.349677 0.003985 -0.063295 0.308260 0.062377 -0.049315 0.268418 -0.143797 0.068417 0.273727 -0.189463 0.107520 0.459997 -0.297688 0.133221 0.568227 -0.183315 -0.010729 0.576067 -0.154985 0.114965 0.622762 -0.148377 0.178978 0.525542 -0.047825 0.060061 0.537364 -0.042203 0.206436 0.469047 -0.059417 0.208146 0.333621 0.039287 0.055448 0.479629 0.029277 0.193824 0.418451 0.007626 0.260887 0.303118 0.087337 0.054426 0.406985 0.073489 0.173368 0.394637 0.054447 0.280225 0.356926 
0.000000 0.000000 0.000000 -0.070957 0.006253 -0.023450 -0.211948 -0.094037 0.370844 -0.083605 -0.078371 0.350721 0.005922 -0.061760 0.308540 0.064097 -0.048353 0.268188 -0.141135 0.069880 0.274665 -0.185049 0.109693 0.461207 -0.292194 0.136474 0.570245 -0.178785 -0.007371 0.577749 -0.149139 0.117974 0.624566 -0.142925 0.181469 0.526981 -0.042981 0.061737 0.538322 -0.037088 0.207233 0.468174 -0.055462 0.208697 0.332899 0.043556 0.057336 0.479167 0.033330 0.194223 0.414760 0.011122 0.261132 0.299443 0.089801 0.053779 0.407811 0.076295 0.172706 0.394957 0.057667 0.279621 0.357203 
0.000000 0.000000 0.000000 -0.071048 0.007752 -0.022715 -0.210020 -0.089114 0.373149 -0.081589 -0.076225 0.351668 0.007827 -0.061579 0.308534 0.065851 -0.049462 0.267560 -0.138766 0.070378 0.276181 -0.181140 0.109565 0.463210 -0.287081 0.137495 0.573134 -0.177023 -0.003642 0.580576 -0.147115 0.122642 0.624619 -0.140856 0.185435 0.526583 -0.040766 0.063711 0.539353 -0.036662 0.207943 0.466517 -0.055833 0.208986 0.331348 0.046037 0.057693 0.478910 0.035270 0.193758 0.412871 0.012663 0.260419 0.297488 0.091731 0.054453 0.405828 0.078263 0.173105 0.390603 0.060044 0.279919 0.352368 
0.000000 0.000000 0.000000 -0.071107 0.006826 -0.022828 -0.209375 -0.088242 0.373719 -0.081068 -0.074191 0.352223 0.008225 -0.058968 0.309033 0.066151 -0.046583 0.268002 -0.136489 0.073228 0.275773 -0.177401 0.114779 0.462617 -0.282672 0.143888 0.572878 -0.173365 -0.001723 0.580208 -0.141640 0.124102 0.624295 -0.135597 0.186470 0.525976 -0.036386 0.069106 0.536461 -0.029452 0.214576 0.466355 -0.049642 0.214469 0.331330 0.049113 0.061585 0.477878 0.040002 0.198723 0.413838 0.017164 0.264633 0.298070 0.097931 0.056707 0.405507 0.084929 0.174947 0.387025 0.066966 0.281569 0.348137 
0.000000 0.000000 0.000000 -0.071201 0.005779 -0.022822 -0.208005 -0.086521 0.374884 -0.079885 -0.071266 0.353096 0.009189 -0.055512 0.309645 0.066933 -0.042924 0.268419 -0.134679 0.076233 0.275260 -0.174399 0.120318 0.461781 -0.279001 0.150637 0.572352 -0.169354 0.003262 0.579495 -0.136338 0.128207 0.625110 -0.130514 0.190098 0.526476 -0.033615 0.072149 0.536850 -0.025747 0.217454 0.466501 -0.046350 0.216847 0.331540 0.052832 0.062399 0.479662 0.043756 0.197946 0.412316 0.020615 0.263715 0.296528 0.100654 0.058018 0.407198 0.087681 0.175871 0.386372 0.070094 0.282405 0.347074 
0.000000 0.000000 0.000000 -0.071278 0.007053 -0.022216 -0.206307 -0.082211 0.376788 -0.078123 -0.069333 0.353874 0.010846 -0.055270 0.309635 0.068452 -0.043796 0.267894 -0.133914 0.078222 0.275874 -0.173108 0.122755 0.462400 -0.276987 0.154058 0.573378 -0.168138 0.005323 0.582460 -0.135158 0.131509 0.624548 -0.129471 0.192869 0.525575 -0.031502 0.074572 0.537156 -0.024956 0.218420 0.463744 -0.046144 0.217326 0.328877 0.053744 0.066094 0.477397 0.044225 0.201717 0.410265 0.020743 0.266911 0.294220 0.099535 0.060904 0.404489 0.086991 0.179115 0.385510 0.069480 0.285513 0.345813 
0.000000 0.000000 0.000000 -0.071379 0.007077 -0.021883 -0.204499 -0.079611 0.378328 -0.076410 -0.067138 0.354671 0.012355 -0.053518 0.309886 0.069765 -0.042405 0.267779 -0.131943 0.079100 0.276430 -0.169840 0.124167 0.463096 -0.273258 0.155773 0.574419 -0.165216 0.008078 0.583725 -0.131706 0.135036 0.622978 -0.126318 0.195952 0.523714 -0.028529 0.077280 0.537223 -0.022484 0.219860 0.461335 -0.044369 0.218343 0.326583 0.056913 0.068399 0.476813 0.047187 0.202892 0.407475 0.023309 0.267897 0.291405 0.101869 0.061229 0.404949 0.089063 0.179180 0.384580 0.071559 0.285594 0.344920 
0.000000 0.000000 0.000000 -0.071515 0.005943 -0.021777 -0.202614 -0.080569 0.379139 -0.074762 -0.066388 0.355163 0.013713 -0.051733 0.310132 0.070877 -0.040019 0.267854 -0.130624 0.079705 0.276403 -0.167611 0.125860 0.462985 -0.270541 0.157788 0.574668 -0.160054 0.013519 0.581021 -0.125442 0.139050 0.623751 -0.120453 0.199749 0.524333 -0.025435 0.079282 0.536329 -0.018352 0.223267 0.463235 -0.040805 0.221764 0.328576 0.061524 0.070633 0.475826 0.052655 0.205864 0.407819 0.027980 0.271044 0.292015 0.108144 0.060430 0.406085 0.094773 0.177595 0.381901 0.077311 0.284153 0.342613 
0.000000 0.000000 0.000000 -0.071585 0.005899 -0.021556 -0.201371 -0.079347 0.380058 -0.073595 -0.065280 0.355612 0.014734 -0.050790 0.310241 0.071760 -0.039223 0.267737 -0.130034 0.079999 0.276671 -0.166608 0.126365 0.463282 -0.269110 0.158701 0.575240 -0.160749 0.015227 0.582112 -0.127359 0.140494 0.626557 -0.122369 0.200759 0.526875 -0.023372 0.081345 0.535759 -0.016267 0.225532 0.463065 -0.039288 0.223684 0.328507 0.062022 0.070789 0.476662 0.052117 0.205063 0.406924 0.027235 0.270230 0.291157 0.107844 0.063376 0.404696 0.094495 0.180627 0.380921 0.076911 0.287034 0.341278 
0.000000 0.000000 0.000000 -0.071737 0.004679 -0.021351 -0.198891 -0.077743 0.381692 -0.071408 -0.062220 0.356604 0.016549 -0.047048 0.310739 0.073258 -0.035192 0.267891 -0.125267 0.082367 0.276886 -0.158764 0.130979 0.463504 -0.260522 0.163973 0.575946 -0.155251 0.019844 0.581673 -0.120515 0.144460 0.626909 -0.116005 0.204246 0.526917 -0.018769 0.083690 0.536643 -0.010269 0.228565 0.465484 -0.034163 0.226087 0.331089 0.065355 0.074447 0.476783 0.055577 0.208472 0.406551 0.030267 0.273198 0.290629 0.112597 0.066652 0.404517 0.099816 0.184061 0.381210 0.082156 0.290304 0.341164 
0.000000 0.000000 0.000000 -0.071831 0.004868 -0.020986 -0.197148 -0.076256 0.382894 -0.069748 -0.061207 0.357108 0.018018 -0.046425 0.310751 0.074541 -0.034848 0.267582 -0.125296 0.082861 0.277183 -0.158751 0.131663 0.463758 -0.260168 0.165276 0.576326 -0.154360 0.019707 0.583843 -0.120049 0.145616 0.625696 -0.115680 0.204985 0.525449 -0.015455 0.084440 0.536867 -0.007831 0.227463 0.461961 -0.032608 0.224878 0.327727 0.067127 0.075798 0.476170 0.056967 0.209579 0.405529 0.031258 0.274012 0.289531 0.114951 0.069155 0.402255 0.102775 0.186746 0.379549 0.085201 0.292866 0.339142 
0.000000 0.000000 0.000000 -0.071889 0.005062 -0.020743 -0.196036 -0.073815 0.383942 -0.068673 -0.059383 0.357624 0.018979 -0.045150 0.310882 0.075388 -0.033984 0.267456 -0.123263 0.083648 0.277637 -0.155410 0.132822 0.464345 -0.256281 0.167001 0.577233 -0.150901 0.022375 0.584268 -0.115240 0.148400 0.624615 -0.111212 0.207231 0.524037 -0.014674 0.087857 0.536171 -0.007579 0.230704 0.460878 -0.032536 0.227271 0.326697 0.069924 0.077490 0.475435 0.060387 0.211279 0.404722 0.034360 0.275090 0.288451 0.114989 0.068746 0.403340 0.101679 0.185365 0.376617 0.084275 0.291376 0.335850 
0.000000 0.000000 0.000000 -0.071875 0.006441 -0.020405 -0.195539 -0.068230 0.385226 -0.068045 -0.056504 0.358210 0.019640 -0.044251 0.310970 0.076042 -0.034415 0.267216 -0.123228 0.086698 0.277535 -0.155360 0.136917 0.463966 -0.256104 0.172068 0.576669 -0.150759 0.023954 0.587506 -0.114576 0.151189 0.623341 -0.110327 0.209559 0.522504 -0.012928 0.090910 0.536271 -0.005650 0.232088 0.457911 -0.030769 0.228214 0.323771 0.071397 0.079157 0.474694 0.062046 0.212192 0.402547 0.036101 0.275739 0.286115 0.114574 0.067597 0.403946 0.101483 0.184186 0.376985 0.084516 0.290275 0.336238 
0.000000 0.000000 0.000000 -0.071949 0.005265 -0.020481 -0.194751 -0.068545 0.385569 -0.067425 -0.055149 0.358538 0.020100 -0.041935 0.311261 0.076379 -0.031568 0.267471 -0.121930 0.087860 0.277053 -0.153205 0.139542 0.463230 -0.253880 0.175308 0.575801 -0.149453 0.029351 0.585030 -0.113252 0.155752 0.623686 -0.108781 0.213606 0.522562 -0.011572 0.092911 0.535832 -0.003491 0.234605 0.458488 -0.028781 0.230408 0.324391 0.071810 0.081753 0.474788 0.062776 0.214943 0.402888 0.036987 0.278315 0.286325 0.116733 0.071063 0.403209 0.104499 0.188050 0.377604 0.087671 0.294069 0.336618 
0.000000 0.000000 0.000000 -0.071965 0.005410 -0.020387 -0.194330 -0.065520 0.386307 -0.067002 -0.052759 0.358977 0.020488 -0.040152 0.311471 0.076729 -0.030255 0.267523 -0.120636 0.089311 0.276998 -0.151091 0.141811 0.463083 -0.251556 0.178311 0.575605 -0.147415 0.037224 0.582936 -0.110475 0.162638 0.624030 -0.106004 0.219554 0.522375 -0.011042 0.095785 0.535832 -0.002767 0.237681 0.458880 -0.028147 0.232952 0.324817 0.074176 0.084616 0.473534 0.065523 0.217089 0.400276 0.039465 0.279944 0.283494 0.120016 0.073633 0.401387 0.108345 0.190704 0.375902 0.091530 0.296599 0.334592 
0.000000 0.000000 0.000000 -0.071976 0.005525 -0.020316 -0.194003 -0.063427 0.386821 -0.066676 -0.051124 0.359274 0.020786 -0.038949 0.311604 0.076996 -0.029384 0.267543 -0.118596 0.090929 0.276970 -0.147768 0.144369 0.462992 -0.247826 0.181814 0.575567 -0.146099 0.037639 0.584080 -0.108205 0.162942 0.624640 -0.103734 0.219591 0.522836 -0.009692 0.097609 0.535642 -0.000813 0.239488 0.458724 -0.026535 0.234162 0.324749 0.073835 0.086351 0.473467 0.065418 0.219117 0.400713 0.039530 0.281485 0.283631 0.120115 0.076124 0.400190 0.109420 0.193682 0.376587 0.092765 0.299426 0.334828 
0.000000 0.000000 0.000000 -0.072051 0.005766 -0.019981 -0.192389 -0.061976 0.387860 -0.065150 -0.050216 0.359682 0.022130 -0.038464 0.311572 0.078164 -0.029197 0.267225 -0.116435 0.091899 0.277437 -0.144207 0.145796 0.463542 -0.243438 0.183604 0.576725 -0.143632 0.039920 0.584482 -0.105581 0.165771 0.623157 -0.101513 0.222072 0.521143 -0.004843 0.099880 0.533776 0.005201 0.241869 0.457207 -0.021832 0.236280 0.323501 0.078734 0.088038 0.471280 0.071352 0.221761 0.400185 0.044400 0.283867 0.283205 0.121698 0.078670 0.397823 0.111595 0.196382 0.374735 0.095123 0.302058 0.332731 
0.000000 0.000000 0.000000 -0.072088 0.005958 -0.019792 -0.191533 -0.061436 0.388370 -0.064337 -0.050019 0.359856 0.022847 -0.038505 0.311515 0.078789 -0.029391 0.267020 -0.116803 0.094145 0.276974 -0.144782 0.149326 0.462671 -0.243602 0.187844 0.575975 -0.140930 0.041367 0.584051 -0.101993 0.166848 0.623042 -0.098229 0.222994 0.520931 -0.003365 0.099781 0.533973 0.006124 0.241163 0.456219 -0.021383 0.235584 0.322609 0.081066 0.087138 0.471321 0.073537 0.220062 0.398758 0.046289 0.282230 0.281879 0.123278 0.078317 0.397427 0.112802 0.195628 0.372531 0.096432 0.301297 0.330469 
0.000000 0.000000 0.000000 -0.072186 0.004771 -0.019758 -0.190243 -0.060980 0.389075 -0.063252 -0.047989 0.360324 0.023710 -0.035632 0.311792 0.079471 -0.026087 0.267161 -0.114464 0.094844 0.276799 -0.140919 0.151206 0.462364 -0.239435 0.190069 0.575815 -0.137839 0.046757 0.581601 -0.098251 0.171031 0.623684 -0.094588 0.226642 0.521277 -0.001108 0.103894 0.532207 0.009363 0.245571 0.455119 -0.018520 0.239127 0.321627 0.082679 0.091216 0.470368 0.075650 0.223870 0.397263 0.048480 0.285585 0.280126 0.126760 0.079060 0.398668 0.115859 0.195723 0.371061 0.099680 0.301339 0.328791 
0.000000 0.000000 0.000000 -0.072226 0.006168 -0.019217 -0.188423 -0.056262 0.390668 -0.061423 -0.045880 0.360915 0.025392 -0.035377 0.311689 0.080988 -0.027053 0.266609 -0.114744 0.094932 0.277700 -0.141349 0.150475 0.463491 -0.239304 0.190133 0.577151 -0.136270 0.046425 0.586002 -0.096385 0.172285 0.622751 -0.093026 0.227346 0.520037 0.001485 0.104272 0.534037 0.010497 0.244919 0.454904 -0.018270 0.238308 0.321607 0.085493 0.090715 0.470441 0.077938 0.222981 0.396687 0.050071 0.284374 0.279545 0.126198 0.078389 0.398611 0.114747 0.194491 0.368938 0.098836 0.299974 0.326238 
0.000000 0.000000 0.000000 -0.072336 0.005137 -0.019106 -0.186937 -0.056686 0.391320 -0.060138 -0.044817 0.361265 0.026440 -0.033446 0.311815 0.081837 -0.024636 0.266584 -0.113296 0.097726 0.276860 -0.138927 0.155663 0.462056 -0.236135 0.196568 0.575916 -0.131342 0.053168 0.581744 -0.090435 0.176928 0.624078 -0.087825 0.231281 0.520966 0.003789 0.107262 0.532319 0.012796 0.248735 0.454673 -0.016953 0.240990 0.321653 0.085833 0.093076 0.470491 0.077591 0.225542 0.397172 0.049126 0.286032 0.279704 0.129971 0.078498 0.399372 0.118754 0.194458 0.369063 0.102729 0.299564 0.325484 
0.000000 0.000000 0.000000 -0.072472 0.005294 -0.018538 -0.183880 -0.053061 0.393272 -0.057290 -0.041934 0.362073 0.028916 -0.031281 0.311820 0.083968 -0.023029 0.266064 -0.108178 0.100237 0.277362 -0.130521 0.159646 0.462518 -0.226442 0.201701 0.577049 -0.127008 0.054788 0.584463 -0.085250 0.179599 0.622680 -0.083047 0.233289 0.519212 0.009704 0.109798 0.532260 0.019329 0.249886 0.452215 -0.011527 0.241519 0.319485 0.092545 0.095957 0.468266 0.084927 0.227601 0.393417 0.055553 0.287496 0.275868 0.133529 0.082012 0.396817 0.122567 0.197847 0.365939 0.106580 0.302729 0.321810 
0.000000 0.000000 0.000000 -0.072540 0.005592 -0.018181 -0.182096 -0.050761 0.394404 -0.055616 -0.040377 0.362510 0.030380 -0.030331 0.311775 0.085234 -0.022514 0.265706 -0.106488 0.102000 0.277453 -0.127730 0.162327 0.462441 -0.222955 0.205562 0.577113 -0.124145 0.058241 0.584615 -0.081741 0.183134 0.621840 -0.079581 0.236264 0.518082 0.011707 0.111704 0.532256 0.020890 0.251848 0.452257 -0.010438 0.243128 0.319661 0.094749 0.096713 0.468076 0.087156 0.228287 0.393099 0.057526 0.288036 0.275540 0.133125 0.082964 0.396728 0.122595 0.198989 0.366419 0.106906 0.303789 0.321991 
0.000000 0.000000 0.000000 -0.072554 0.005744 -0.018078 -0.181621 -0.050025 0.394717 -0.055165 -0.039957 0.362626 0.030777 -0.030149 0.311753 0.085580 -0.022496 0.265596 -0.105838 0.102116 0.277643 -0.126666 0.162420 0.462686 -0.221560 0.206048 0.577484 -0.122601 0.062157 0.582738 -0.079783 0.185816 0.623448 -0.077726 0.238548 0.519486 0.013430 0.112449 0.531569 0.023060 0.252301 0.451112 -0.008712 0.243372 0.318635 0.096388 0.096694 0.467701 0.088844 0.227659 0.391661 0.059049 0.287248 0.274062 0.137766 0.081944 0.395807 0.127514 0.197748 0.364573 0.111945 0.302541 0.320084 
0.000000 0.000000 0.000000 -0.072600 0.006118 -0.017766 -0.180089 -0.047203 0.395765 -0.053725 -0.038060 0.363046 0.032039 -0.029005 0.311735 0.086673 -0.021891 0.265292 -0.104444 0.105542 0.277102 -0.124369 0.167755 0.461611 -0.218730 0.212075 0.576583 -0.119841 0.063553 0.584242 -0.076092 0.188021 0.621334 -0.073994 0.240680 0.517335 0.016041 0.115615 0.530352 0.026359 0.255422 0.449903 -0.005727 0.246465 0.317504 0.098522 0.099289 0.466118 0.091513 0.230074 0.389718 0.061885 0.289865 0.272180 0.141202 0.083400 0.393847 0.131620 0.199257 0.362596 0.116472 0.304166 0.318235 
0.000000 0.000000 0.000000 -0.072598 0.006248 -0.017730 -0.179900 -0.045357 0.396067 -0.053538 -0.036661 0.363218 0.032210 -0.028011 0.311808 0.086825 -0.021202 0.265298 -0.103551 0.106362 0.276999 -0.122919 0.169008 0.461421 -0.216896 0.214311 0.576325 -0.119540 0.065610 0.584384 -0.075363 0.189655 0.622373 -0.072942 0.242020 0.518233 0.016544 0.116699 0.530680 0.027293 0.256389 0.450083 -0.004741 0.247340 0.317677 0.098106 0.100130 0.466570 0.091126 0.230764 0.389910 0.061842 0.290623 0.272320 0.140362 0.084461 0.393966 0.131291 0.200505 0.363261 0.116478 0.305396 0.318746 
0.000000 0.000000 0.000000 -0.072687 0.004908 -0.017789 -0.179285 -0.046727 0.396186 -0.053076 -0.035983 0.363353 0.032534 -0.026071 0.311942 0.087046 -0.018520 0.265426 -0.103292 0.106574 0.276445 -0.122443 0.170190 0.460558 -0.216334 0.215605 0.575487 -0.117409 0.067735 0.581901 -0.072684 0.190989 0.621780 -0.070304 0.243209 0.517566 0.018418 0.117946 0.529693 0.030695 0.258174 0.450258 -0.001594 0.248935 0.317927 0.100337 0.100990 0.466771 0.093574 0.230825 0.388745 0.064199 0.290720 0.271196 0.142274 0.085399 0.394798 0.133169 0.201208 0.363229 0.118511 0.306110 0.318688 
0.000000 0.000000 0.000000 -0.072771 0.004891 -0.017446 -0.177348 -0.045229 0.397231 -0.051297 -0.034678 0.363735 0.034064 -0.025000 0.311867 0.088349 -0.017645 0.265055 -0.102255 0.106151 0.277042 -0.120705 0.169513 0.461314 -0.214252 0.215171 0.576428 -0.115924 0.070610 0.582240 -0.071676 0.193741 0.623020 -0.069440 0.245634 0.518640 0.020663 0.118851 0.530244 0.032647 0.258921 0.450485 0.000015 0.249744 0.318234 0.101691 0.101735 0.467039 0.095264 0.232545 0.390630 0.065780 0.292620 0.273201 0.144444 0.086430 0.393927 0.136191 0.202789 0.364199 0.121590 0.307781 0.319851 
0.000000 0.000000 0.000000 -0.072834 0.003663 -0.017484 -0.176762 -0.047761 0.397195 -0.050888 -0.035152 0.363747 0.034324 -0.024110 0.311908 0.088503 -0.015902 0.265114 -0.101433 0.105536 0.276880 -0.119330 0.169281 0.461074 -0.212841 0.214722 0.576302 -0.113368 0.072076 0.578965 -0.068465 0.194147 0.622145 -0.066371 0.246079 0.517781 0.021262 0.119061 0.529540 0.034072 0.259936 0.451344 0.001521 0.250983 0.319058 0.103197 0.102077 0.466980 0.097120 0.232675 0.390182 0.067644 0.293024 0.272891 0.145681 0.086517 0.394833 0.136250 0.202069 0.362425 0.121675 0.307219 0.318447 
0.000000 0.000000 0.000000 -0.072789 0.004941 -0.017355 -0.176867 -0.044729 0.397502 -0.050850 -0.034319 0.363832 0.034450 -0.024762 0.311843 0.088681 -0.017496 0.264954 -0.100512 0.105130 0.277670 -0.117859 0.167822 0.462278 -0.211244 0.213301 0.577594 -0.113232 0.070541 0.582119 -0.067511 0.193537 0.621663 -0.065275 0.245430 0.517282 0.021168 0.117908 0.531506 0.033243 0.257164 0.450348 0.000947 0.248402 0.317986 0.101969 0.101527 0.467426 0.095853 0.232340 0.390996 0.066794 0.292868 0.273694 0.145263 0.084797 0.395034 0.135491 0.200144 0.362005 0.121053 0.305459 0.318376 
0.000000 0.000000 0.000000 -0.072748 0.004887 -0.017544 -0.177850 -0.044377 0.397102 -0.051754 -0.033945 0.363740 0.033673 -0.024405 0.311956 0.088019 -0.017165 0.265196 -0.102382 0.105077 0.277295 -0.120924 0.167769 0.461787 -0.214578 0.213266 0.576877 -0.115869 0.070743 0.582375 -0.070660 0.193990 0.621726 -0.067714 0.245875 0.517359 0.019721 0.118578 0.531378 0.033788 0.258945 0.452487 0.002475 0.250489 0.319869 0.100795 0.101569 0.467965 0.094991 0.231816 0.390550 0.066745 0.292783 0.273276 0.142631 0.085891 0.395516 0.134475 0.202442 0.366519 0.120345 0.307946 0.323248 
0.000000 0.000000 0.000000 -0.072661 0.003377 -0.018246 -0.180740 -0.049910 0.395136 -0.054579 -0.036596 0.363069 0.031125 -0.024981 0.312175 0.085758 -0.016363 0.265987 -0.105459 0.105668 0.275535 -0.125982 0.169675 0.459364 -0.221001 0.214516 0.573589 -0.119740 0.073788 0.575130 -0.075911 0.194325 0.623419 -0.072295 0.246528 0.519232 0.013775 0.117530 0.530543 0.028023 0.259164 0.453984 -0.001766 0.250938 0.321001 0.096332 0.101608 0.468499 0.092101 0.234073 0.394839 0.064661 0.295142 0.277426 0.139302 0.083360 0.399308 0.129473 0.199097 0.367693 0.115227 0.304891 0.325174 
0.000000 0.000000 0.000000 -0.072397 0.005114 -0.018879 -0.185556 -0.052259 0.392591 -0.058847 -0.040999 0.361930 0.027566 -0.030338 0.312035 0.082809 -0.022120 0.266504 -0.110604 0.100627 0.276525 -0.134511 0.160393 0.461370 -0.231458 0.202594 0.574980 -0.130351 0.055781 0.584163 -0.087945 0.179724 0.624436 -0.083576 0.233652 0.521161 0.006235 0.110173 0.533353 0.020429 0.252538 0.458151 -0.007499 0.245875 0.324678 0.089471 0.093779 0.471649 0.084181 0.225947 0.397525 0.057867 0.288702 0.280745 0.130731 0.083002 0.397802 0.120998 0.199847 0.370533 0.106138 0.306032 0.329216 
0.000000 0.000000 0.000000 -0.072208 0.003735 -0.019897 -0.190112 -0.066451 0.388242 -0.063281 -0.051244 0.359870 0.023579 -0.037190 0.311620 0.079280 -0.026473 0.267180 -0.117649 0.093094 0.276407 -0.146083 0.149010 0.461815 -0.245682 0.186588 0.574752 -0.143089 0.041677 0.581936 -0.105997 0.165385 0.627790 -0.100820 0.221593 0.525775 -0.008498 0.099431 0.535285 0.001173 0.244164 0.463986 -0.023528 0.239889 0.329781 0.075766 0.086237 0.475192 0.068942 0.222631 0.409306 0.043590 0.287437 0.293438 0.121363 0.077139 0.401641 0.111108 0.195607 0.382894 0.094358 0.302357 0.343814 
0.000000 0.000000 0.000000 -0.071830 0.003157 -0.021316 -0.196995 -0.082776 0.381617 -0.069890 -0.064434 0.356512 0.017697 -0.047264 0.310643 0.074117 -0.034095 0.267797 -0.126954 0.081239 0.276528 -0.161446 0.130098 0.462899 -0.264376 0.161002 0.574869 -0.159022 0.014888 0.582714 -0.127243 0.140675 0.626869 -0.121890 0.200059 0.526679 -0.023158 0.084351 0.535827 -0.016500 0.230296 0.466688 -0.038205 0.229053 0.331904 0.062257 0.072792 0.478913 0.051293 0.208295 0.411758 0.026601 0.276211 0.297540 0.108865 0.067692 0.405704 0.094023 0.185578 0.386366 0.074776 0.292903 0.350117 
0.000000 0.000000 0.000000 -0.071239 0.002189 -0.023325 -0.205420 -0.108877 0.370457 -0.078264 -0.085497 0.350289 0.010055 -0.063329 0.308114 0.067270 -0.046231 0.267785 -0.139823 0.063103 0.275727 -0.182738 0.101219 0.462854 -0.289592 0.122991 0.573285 -0.177346 -0.017094 0.575903 -0.152941 0.108209 0.625756 -0.147962 0.171851 0.528196 -0.044672 0.058001 0.536714 -0.043942 0.206648 0.473247 -0.061709 0.209906 0.337921 0.043200 0.055145 0.480100 0.028019 0.192928 0.418648 0.003622 0.264042 0.306329 0.094728 0.051333 0.410310 0.074880 0.168564 0.391487 0.052281 0.276288 0.358502 
0.000000 0.000000 0.000000 -0.070654 0.000345 -0.025136 -0.209601 -0.137673 0.358335 -0.083157 -0.107713 0.342958 0.005112 -0.079461 0.304477 0.062499 -0.057722 0.266708 -0.151813 0.040745 0.274242 -0.202598 0.066026 0.461574 -0.313286 0.076946 0.569813 -0.187749 -0.059176 0.569950 -0.169269 0.065849 0.622953 -0.166268 0.134136 0.528502 -0.060335 0.028262 0.536515 -0.064784 0.178570 0.477249 -0.079394 0.186722 0.341752 0.027230 0.032617 0.482418 0.006424 0.172197 0.426964 -0.018684 0.247169 0.317342 0.079398 0.041209 0.409933 0.055560 0.158995 0.402897 0.028010 0.266487 0.373068 
0.000000 0.000000 0.000000 -0.070007 -0.001526 -0.026845 -0.210500 -0.168885 0.344178 -0.085375 -0.132030 0.333791 0.002229 -0.097317 0.299284 0.059303 -0.070619 0.264324 -0.163877 0.016760 0.270981 -0.222615 0.028202 0.457341 -0.336977 0.026752 0.562251 -0.202493 -0.099550 0.559929 -0.195681 0.024938 0.616836 -0.194518 0.098113 0.526077 -0.078684 -0.005867 0.535068 -0.092437 0.147237 0.485121 -0.103512 0.162860 0.349945 0.013085 0.010801 0.480685 -0.014134 0.152661 0.434578 -0.041083 0.232395 0.328823 0.064716 0.025182 0.410540 0.034498 0.141707 0.410691 0.001482 0.248867 0.385592 
0.000000 0.000000 0.000000 -0.068864 -0.004789 -0.029305 -0.209132 -0.200248 0.327803 -0.086556 -0.154642 0.323622 -0.000492 -0.112414 0.293954 0.055689 -0.080185 0.262374 -0.170522 -0.008094 0.266501 -0.234134 -0.010162 0.451597 -0.351427 -0.024770 0.552173 -0.211222 -0.139505 0.546266 -0.213685 -0.019914 0.613154 -0.214690 0.057723 0.526179 -0.095331 -0.037877 0.530415 -0.116352 0.117346 0.490558 -0.123130 0.139073 0.355942 -0.001532 -0.018166 0.483242 -0.035465 0.124396 0.444313 -0.063369 0.208623 0.342356 0.051238 0.004822 0.415149 0.013672 0.119056 0.420688 -0.025237 0.225325 0.400784 
0.000000 0.000000 0.000000 -0.067904 -0.006650 -0.031124 -0.204569 -0.230149 0.310602 -0.084569 -0.177991 0.311937 -0.000328 -0.129602 0.286792 0.054657 -0.092637 0.258461 -0.175772 -0.033209 0.261290 -0.243269 -0.049828 0.444263 -0.361521 -0.077393 0.540924 -0.211086 -0.187154 0.533153 -0.220869 -0.069626 0.602964 -0.225761 0.012677 0.520530 -0.104831 -0.074614 0.524956 -0.133174 0.080248 0.488363 -0.137824 0.109557 0.355101 -0.014052 -0.044974 0.480088 -0.056229 0.097389 0.449355 -0.086637 0.185812 0.351760 0.039677 -0.009802 0.411758 -0.003571 0.101112 0.429619 -0.048408 0.205706 0.413716 
0.000000 0.000000 0.000000 -0.066925 -0.008024 -0.032871 -0.198516 -0.258005 0.292088 -0.081275 -0.200309 0.299012 0.000917 -0.146497 0.278539 0.054514 -0.105292 0.253600 -0.182525 -0.060578 0.252997 -0.254860 -0.093464 0.431876 -0.374213 -0.133188 0.522781 -0.214926 -0.232279 0.516786 -0.235110 -0.119038 0.591291 -0.242855 -0.032568 0.513470 -0.114821 -0.114989 0.518259 -0.152397 0.039678 0.490141 -0.154860 0.077724 0.359047 -0.024294 -0.075784 0.476220 -0.074623 0.065597 0.454560 -0.107572 0.158201 0.361787 0.025435 -0.034729 0.410958 -0.025446 0.071012 0.437814 -0.076095 0.173601 0.427173 
0.000000 0.000000 0.000000 -0.065186 -0.011481 -0.035255 -0.184862 -0.287987 0.272360 -0.072826 -0.221729 0.285779 0.005313 -0.160624 0.270588 0.056082 -0.114072 0.249426 -0.179797 -0.084177 0.246571 -0.251513 -0.129665 0.422919 -0.369559 -0.181994 0.509023 -0.208070 -0.273067 0.497435 -0.237315 -0.167040 0.579198 -0.249414 -0.076990 0.506138 -0.118071 -0.147615 0.506991 -0.165402 0.005940 0.489522 -0.167054 0.050527 0.360492 -0.025660 -0.102150 0.471424 -0.083036 0.037238 0.454996 -0.119774 0.132710 0.366659 0.022573 -0.053841 0.410161 -0.034980 0.048332 0.437355 -0.091361 0.148255 0.431042 
0.000000 0.000000 0.000000 -0.063945 -0.013477 -0.036786 -0.169844 -0.313274 0.253580 -0.062271 -0.241146 0.272228 0.012118 -0.174646 0.261530 0.060157 -0.123992 0.243677 -0.176800 -0.110479 0.238351 -0.247417 -0.171176 0.410515 -0.362800 -0.235038 0.492339 -0.195462 -0.311942 0.478884 -0.231551 -0.212378 0.565870 -0.248584 -0.119178 0.497923 -0.111380 -0.185287 0.497933 -0.165820 -0.033399 0.488401 -0.169450 0.020010 0.362808 -0.023603 -0.128348 0.464740 -0.089227 0.008128 0.457094 -0.131563 0.106617 0.374780 0.024067 -0.076194 0.407991 -0.039770 0.020732 0.439952 -0.102253 0.117156 0.438790 
0.000000 0.000000 0.000000 -0.061489 -0.016882 -0.039471 -0.151829 -0.336432 0.234631 -0.051034 -0.256901 0.259874 0.018059 -0.184326 0.254448 0.062394 -0.129304 0.240330 -0.172964 -0.130131 0.229963 -0.242717 -0.200995 0.398557 -0.355480 -0.274965 0.475367 -0.180623 -0.346684 0.459321 -0.223741 -0.252685 0.549249 -0.245546 -0.157035 0.486250 -0.107228 -0.213520 0.486666 -0.169752 -0.064475 0.485744 -0.174709 -0.004018 0.363435 -0.021335 -0.150187 0.459378 -0.093271 -0.016754 0.455942 -0.140223 0.084311 0.379461 0.028202 -0.095573 0.408495 -0.041374 -0.002989 0.441339 -0.109320 0.089571 0.445691 
0.000000 0.000000 0.000000 -0.060463 -0.017650 -0.040701 -0.133597 -0.358218 0.212420 -0.037258 -0.275122 0.243016 0.027820 -0.198736 0.242439 0.069130 -0.140627 0.231983 -0.164905 -0.152757 0.221376 -0.230258 -0.237298 0.385366 -0.338993 -0.320971 0.457910 -0.162276 -0.380862 0.436217 -0.210734 -0.295768 0.532096 -0.238423 -0.198124 0.474718 -0.095343 -0.247297 0.471765 -0.165758 -0.102041 0.479944 -0.174461 -0.034609 0.361552 -0.013376 -0.181472 0.449123 -0.093282 -0.052738 0.454904 -0.145926 0.049956 0.384544 0.032526 -0.117388 0.401412 -0.041999 -0.030044 0.437583 -0.114640 0.058632 0.445530 
0.000000 0.000000 0.000000 -0.061050 -0.017049 -0.040077 -0.115378 -0.375662 0.191980 -0.020930 -0.291448 0.225293 0.041570 -0.212981 0.227941 0.080626 -0.152923 0.220194 -0.157591 -0.176578 0.211074 -0.218000 -0.276400 0.368228 -0.322286 -0.368700 0.436726 -0.138153 -0.418506 0.413488 -0.192032 -0.338134 0.510543 -0.225772 -0.239619 0.458107 -0.079595 -0.282172 0.455395 -0.157188 -0.140789 0.466091 -0.169375 -0.067486 0.351559 -0.001397 -0.205362 0.434846 -0.087619 -0.081100 0.445599 -0.145722 0.022129 0.380515 0.037438 -0.133739 0.388577 -0.041788 -0.052755 0.429273 -0.119273 0.031404 0.440066 
0.000000 0.000000 0.000000 -0.058293 -0.020019 -0.042720 -0.088000 -0.393374 0.169714 -0.001983 -0.303372 0.209997 0.053513 -0.220187 0.218404 0.087503 -0.156750 0.214811 -0.144586 -0.197058 0.200297 -0.198582 -0.307837 0.352361 -0.297003 -0.408385 0.417860 -0.112132 -0.439339 0.390452 -0.169844 -0.372691 0.495378 -0.210960 -0.274315 0.448212 -0.058646 -0.306139 0.440770 -0.143581 -0.170059 0.460590 -0.160732 -0.092970 0.349224 0.011189 -0.226740 0.425478 -0.081936 -0.107628 0.436920 -0.146392 -0.004880 0.377287 0.050734 -0.155841 0.385789 -0.033937 -0.078359 0.422102 -0.115825 0.000980 0.436340 
0.000000 0.000000 0.000000 -0.057017 -0.021561 -0.043681 -0.060047 -0.407282 0.147669 0.019840 -0.313977 0.192774 0.069574 -0.227784 0.205719 0.099136 -0.162068 0.205614 -0.129920 -0.213500 0.192308 -0.175538 -0.333603 0.339974 -0.266691 -0.441937 0.403548 -0.079529 -0.462142 0.366829 -0.140571 -0.405324 0.475583 -0.189931 -0.308174 0.434127 -0.037117 -0.329051 0.422998 -0.130894 -0.200642 0.452010 -0.154337 -0.118685 0.345367 0.033115 -0.245102 0.413287 -0.066425 -0.131677 0.428027 -0.139125 -0.030463 0.375696 0.064762 -0.168579 0.376968 -0.024032 -0.097932 0.417167 -0.110557 -0.024414 0.434820 
0.000000 0.000000 0.000000 -0.055435 -0.023816 -0.044538 -0.031237 -0.415797 0.132012 0.042003 -0.318921 0.180727 0.085614 -0.230019 0.196997 0.110514 -0.162442 0.199425 -0.114768 -0.228142 0.184758 -0.151894 -0.355996 0.328237 -0.236366 -0.470933 0.389399 -0.043157 -0.481502 0.348717 -0.105922 -0.433494 0.460689 -0.161960 -0.338189 0.423677 -0.007862 -0.350365 0.410942 -0.106937 -0.226785 0.443140 -0.136450 -0.141097 0.341034 0.055709 -0.257753 0.404483 -0.049065 -0.149695 0.422832 -0.128406 -0.050479 0.376688 0.089376 -0.177900 0.372343 -0.004341 -0.111640 0.408650 -0.095209 -0.045098 0.431413 
0.000000 0.000000 0.000000 -0.054806 -0.025006 -0.044664 -0.003625 -0.422699 0.112262 0.064666 -0.323966 0.164322 0.103204 -0.233448 0.184112 0.124062 -0.164675 0.189372 -0.097096 -0.243974 0.174678 -0.123559 -0.380990 0.311928 -0.199298 -0.503389 0.369970 -0.004445 -0.498675 0.325914 -0.069548 -0.455954 0.438691 -0.132935 -0.363362 0.407039 0.020081 -0.369384 0.393285 -0.085767 -0.253697 0.432494 -0.122964 -0.164288 0.336256 0.077760 -0.273923 0.390092 -0.033525 -0.174110 0.415468 -0.120010 -0.077916 0.376289 0.105294 -0.186894 0.361826 0.007268 -0.129793 0.402094 -0.088075 -0.071946 0.429784 
0.000000 0.000000 0.000000 -0.052979 -0.026964 -0.045718 0.023705 -0.425656 0.097700 0.085324 -0.324543 0.153390 0.117849 -0.232446 0.176427 0.134174 -0.162685 0.184125 -0.081536 -0.253594 0.167986 -0.099405 -0.395405 0.301708 -0.167058 -0.523590 0.357192 0.031753 -0.507811 0.308901 -0.033112 -0.473376 0.424611 -0.102619 -0.384027 0.396709 0.049198 -0.383422 0.380772 -0.061414 -0.275166 0.427357 -0.105243 -0.183547 0.336119 0.099688 -0.285179 0.380395 -0.016464 -0.192951 0.411914 -0.108399 -0.099982 0.377669 0.127532 -0.193680 0.356117 0.025171 -0.145158 0.396851 -0.073843 -0.096864 0.429517 
0.000000 0.000000 0.000000 -0.051653 -0.029203 -0.045859 0.051363 -0.425422 0.087570 0.107093 -0.321917 0.145043 0.134014 -0.228501 0.169922 0.146011 -0.158043 0.179093 -0.061646 -0.263369 0.161295 -0.067898 -0.409895 0.290919 -0.126504 -0.543093 0.344868 0.064723 -0.518809 0.293774 -0.003205 -0.495246 0.410447 -0.078358 -0.409607 0.385724 0.074231 -0.389297 0.370552 -0.042499 -0.289452 0.420848 -0.092503 -0.197394 0.333302 0.118143 -0.289324 0.371819 -0.001991 -0.206651 0.413337 -0.097829 -0.116894 0.381292 0.140844 -0.193301 0.350314 0.035285 -0.154180 0.392953 -0.066408 -0.115610 0.430020 
0.000000 0.000000 0.000000 -0.048339 -0.030863 -0.048319 0.079115 -0.423986 0.072571 0.125996 -0.319244 0.135446 0.145650 -0.225254 0.164600 0.152420 -0.154556 0.176782 -0.045537 -0.267325 0.156435 -0.043783 -0.415288 0.284556 -0.094080 -0.552307 0.337310 0.093009 -0.511888 0.281138 0.029814 -0.497263 0.401863 -0.050701 -0.415624 0.380753 0.095963 -0.390267 0.360230 -0.023698 -0.298947 0.419107 -0.079471 -0.206653 0.335379 0.139968 -0.293585 0.364630 0.017860 -0.216651 0.411122 -0.081410 -0.129726 0.381836 0.151807 -0.190866 0.347859 0.045972 -0.160357 0.396433 -0.056712 -0.129517 0.437762 
0.000000 0.000000 0.000000 -0.047394 -0.032655 -0.048077 0.100794 -0.420372 0.066467 0.143293 -0.314170 0.130006 0.158685 -0.219664 0.160040 0.162133 -0.148862 0.172986 -0.030508 -0.274718 0.149322 -0.019942 -0.426186 0.272842 -0.064073 -0.565759 0.324404 0.122522 -0.515757 0.271040 0.058208 -0.506883 0.391734 -0.026370 -0.428675 0.373755 0.123752 -0.399425 0.350968 0.000062 -0.316937 0.414380 -0.059698 -0.224940 0.333111 0.157011 -0.297528 0.356631 0.033147 -0.227353 0.408823 -0.067101 -0.141660 0.379242 0.166459 -0.190440 0.342806 0.058040 -0.165460 0.388770 -0.045021 -0.142044 0.433861 
0.000000 0.000000 0.000000 -0.044851 -0.033747 -0.049734 0.121705 -0.416214 0.056955 0.157558 -0.309729 0.124020 0.167486 -0.215411 0.156821 0.167002 -0.144909 0.171706 -0.016307 -0.274666 0.147723 0.001553 -0.425419 0.271278 -0.037085 -0.566480 0.323199 0.142153 -0.510931 0.261969 0.081881 -0.510993 0.385052 -0.006392 -0.436252 0.370395 0.146694 -0.400775 0.343261 0.021354 -0.322987 0.409318 -0.042248 -0.231848 0.330024 0.174725 -0.297726 0.351463 0.050938 -0.232917 0.410347 -0.050779 -0.148871 0.381057 0.180331 -0.185702 0.341248 0.072153 -0.167634 0.390870 -0.030903 -0.150553 0.438733 
0.000000 0.000000 0.000000 -0.044532 -0.034565 -0.049457 0.135153 -0.412883 0.050514 0.168733 -0.306079 0.118245 0.176268 -0.211861 0.151957 0.173857 -0.141571 0.167638 -0.006959 -0.276808 0.144844 0.016552 -0.428389 0.266425 -0.018062 -0.570531 0.318236 0.168280 -0.510108 0.252677 0.109727 -0.512137 0.376570 0.018002 -0.441075 0.365174 0.166033 -0.396300 0.338080 0.040828 -0.320992 0.407194 -0.027181 -0.231633 0.329545 0.191280 -0.298590 0.344223 0.065636 -0.237040 0.402670 -0.038828 -0.155689 0.375519 0.193735 -0.184408 0.336031 0.085704 -0.171234 0.387480 -0.017126 -0.158872 0.437242 
0.000000 0.000000 0.000000 -0.044131 -0.035507 -0.049149 0.147366 -0.409192 0.046213 0.178729 -0.301900 0.114235 0.184004 -0.207716 0.148468 0.179797 -0.137621 0.164635 0.003590 -0.277779 0.142876 0.033449 -0.429376 0.263033 0.002340 -0.572554 0.314210 0.186086 -0.509078 0.246072 0.128883 -0.514955 0.370472 0.035015 -0.446466 0.360923 0.177776 -0.395400 0.332710 0.049823 -0.326075 0.403044 -0.020484 -0.238046 0.325926 0.202022 -0.299929 0.337904 0.075676 -0.244476 0.400774 -0.030074 -0.164522 0.374464 0.201232 -0.179942 0.332967 0.091483 -0.168763 0.381150 -0.011281 -0.159527 0.431720 
0.000000 0.000000 0.000000 -0.042258 -0.035960 -0.050448 0.161151 -0.404682 0.039406 0.187891 -0.297854 0.110080 0.189428 -0.204305 0.146366 0.182556 -0.134766 0.163959 0.011280 -0.280111 0.137621 0.044780 -0.432886 0.255303 0.016778 -0.577200 0.305065 0.200308 -0.502993 0.239960 0.143929 -0.511246 0.364600 0.047965 -0.445519 0.356602 0.191152 -0.393953 0.327402 0.061454 -0.328377 0.398130 -0.010947 -0.241688 0.321433 0.213200 -0.293419 0.336648 0.086561 -0.237829 0.398800 -0.020714 -0.159952 0.372430 0.210497 -0.182229 0.329949 0.101192 -0.173747 0.379666 -0.001642 -0.166786 0.430459 
0.000000 0.000000 0.000000 -0.039791 -0.036496 -0.052045 0.176541 -0.398704 0.034042 0.197580 -0.292478 0.107497 0.194643 -0.199766 0.145787 0.184635 -0.130961 0.164712 0.021998 -0.278347 0.136465 0.060662 -0.429682 0.254423 0.037352 -0.575304 0.302774 0.209389 -0.493356 0.237468 0.158678 -0.508519 0.363882 0.060648 -0.445792 0.356909 0.207718 -0.388661 0.324570 0.078339 -0.326319 0.398724 0.003611 -0.241436 0.322239 0.221072 -0.290669 0.334869 0.094132 -0.240719 0.401065 -0.014572 -0.164913 0.374512 0.215104 -0.174950 0.331214 0.105651 -0.169081 0.380982 0.001844 -0.163936 0.429979 
0.000000 0.000000 0.000000 -0.040161 -0.037427 -0.051090 0.184130 -0.395404 0.032286 0.204745 -0.288485 0.104849 0.200939 -0.195658 0.142786 0.190101 -0.126951 0.161605 0.031123 -0.278184 0.135459 0.075727 -0.428835 0.252190 0.056874 -0.575366 0.299728 0.229768 -0.490095 0.233211 0.177397 -0.502545 0.359244 0.077396 -0.442826 0.354064 0.222155 -0.388047 0.319927 0.090643 -0.325733 0.390255 0.014400 -0.241989 0.314011 0.233241 -0.285102 0.331651 0.105217 -0.234269 0.395029 -0.004517 -0.160203 0.367814 0.223872 -0.170406 0.327609 0.117096 -0.166975 0.383092 0.012440 -0.161949 0.430264 
0.000000 0.000000 0.000000 -0.038245 -0.037453 -0.052521 0.195730 -0.390249 0.026191 0.211992 -0.284441 0.101441 0.204780 -0.192667 0.141389 0.191561 -0.124770 0.161580 0.035133 -0.278282 0.133121 0.081049 -0.428977 0.249284 0.065459 -0.576367 0.295328 0.234656 -0.487082 0.227507 0.188625 -0.509115 0.354699 0.087230 -0.451661 0.351350 0.232824 -0.388474 0.314085 0.100961 -0.333382 0.389593 0.023503 -0.250122 0.314046 0.237933 -0.285899 0.328265 0.110080 -0.239662 0.395395 0.000096 -0.166030 0.368008 0.220478 -0.182359 0.324164 0.119638 -0.183261 0.389904 0.013348 -0.175836 0.432920 
0.000000 0.000000 0.000000 -0.038685 -0.038342 -0.051548 0.199004 -0.388466 0.027969 0.215508 -0.281672 0.101758 0.208159 -0.189495 0.140741 0.194709 -0.121466 0.160329 0.041319 -0.279860 0.130426 0.091380 -0.430987 0.244294 0.077989 -0.579031 0.288909 0.248236 -0.488414 0.225470 0.200593 -0.509537 0.352221 0.098397 -0.453443 0.350576 0.239270 -0.384246 0.314803 0.109168 -0.329105 0.393274 0.030733 -0.246154 0.318397 0.250783 -0.284866 0.324592 0.124540 -0.239272 0.395122 0.014305 -0.165616 0.368834 0.221592 -0.182670 0.321939 0.125172 -0.187248 0.393867 0.018941 -0.179884 0.437039 
0.000000 0.000000 0.000000 -0.037372 -0.038257 -0.052571 0.205550 -0.385261 0.024775 0.219256 -0.279290 0.100304 0.209796 -0.187841 0.140526 0.194901 -0.120357 0.160932 0.044787 -0.280003 0.128137 0.096196 -0.431272 0.241211 0.085940 -0.580186 0.283710 0.255306 -0.486311 0.221583 0.208605 -0.509759 0.348276 0.105476 -0.455375 0.348566 0.244608 -0.387194 0.310514 0.114495 -0.338160 0.392920 0.034209 -0.254483 0.320867 0.254306 -0.286804 0.322017 0.129165 -0.245382 0.396950 0.018171 -0.172063 0.373020 0.229216 -0.179474 0.321910 0.134664 -0.185525 0.396171 0.028920 -0.179741 0.440755 
0.000000 0.000000 0.000000 -0.037474 -0.037950 -0.052720 0.207905 -0.384289 0.019690 0.221468 -0.278995 0.096184 0.211730 -0.188005 0.137371 0.196574 -0.120813 0.158537 0.047005 -0.281974 0.123807 0.099867 -0.434669 0.234266 0.092120 -0.584506 0.273959 0.260855 -0.487111 0.214739 0.214436 -0.512304 0.341201 0.110465 -0.459575 0.342927 0.249191 -0.390568 0.304168 0.119134 -0.343800 0.387968 0.037435 -0.259424 0.318360 0.259896 -0.291474 0.315382 0.134818 -0.253554 0.392247 0.023216 -0.180717 0.369711 0.232199 -0.184834 0.317340 0.140995 -0.195056 0.395242 0.035010 -0.190257 0.439370 
0.000000 0.000000 0.000000 -0.038107 -0.038180 -0.052096 0.207635 -0.384449 0.019410 0.222182 -0.278769 0.095187 0.213017 -0.187549 0.135997 0.198182 -0.120227 0.156973 0.051124 -0.282265 0.121992 0.106959 -0.434997 0.230926 0.100973 -0.585289 0.269178 0.267635 -0.490473 0.210666 0.218333 -0.515354 0.336095 0.113784 -0.463834 0.338971 0.251371 -0.389800 0.303260 0.121954 -0.341640 0.387263 0.039249 -0.257088 0.319072 0.261055 -0.292474 0.313188 0.135390 -0.255675 0.389642 0.023184 -0.183396 0.368346 0.236347 -0.185502 0.314672 0.142503 -0.195443 0.389410 0.036426 -0.191767 0.433422 
0.000000 0.000000 0.000000 -0.037872 -0.038231 -0.052230 0.207915 -0.384250 0.020327 0.222074 -0.278533 0.096125 0.212669 -0.187309 0.136871 0.197691 -0.119994 0.157769 0.050107 -0.282564 0.122149 0.105158 -0.435451 0.231263 0.100143 -0.585887 0.269089 0.271940 -0.492282 0.209139 0.220587 -0.516779 0.333818 0.115707 -0.466037 0.338105 0.253128 -0.392033 0.302590 0.123578 -0.345459 0.387279 0.040112 -0.260632 0.320368 0.261659 -0.292628 0.313567 0.135970 -0.255225 0.389685 0.023584 -0.182935 0.369399 0.234382 -0.186885 0.315139 0.143707 -0.199855 0.393249 0.037769 -0.197129 0.437667 
0.000000 0.000000 0.000000 -0.036741 -0.037942 -0.053239 0.208707 -0.383764 0.021376 0.221072 -0.278592 0.098240 0.210596 -0.187714 0.139494 0.195006 -0.120609 0.160616 0.048732 -0.282457 0.122127 0.102214 -0.435458 0.231860 0.097513 -0.585881 0.269778 0.265148 -0.491647 0.212676 0.215458 -0.517986 0.337653 0.110793 -0.466926 0.343242 0.249579 -0.391698 0.305288 0.120431 -0.345349 0.390711 0.036472 -0.260029 0.325054 0.261688 -0.294780 0.314538 0.137559 -0.258792 0.393831 0.025650 -0.185695 0.373801 0.236200 -0.182331 0.318982 0.143783 -0.193118 0.395361 0.038231 -0.190958 0.440719 
0.000000 0.000000 0.000000 -0.036370 -0.036940 -0.054190 0.205889 -0.385439 0.018366 0.218057 -0.281442 0.096844 0.207707 -0.191083 0.139253 0.192318 -0.124176 0.161138 0.043858 -0.282307 0.122458 0.094059 -0.435843 0.232993 0.088670 -0.586582 0.269538 0.253100 -0.492363 0.212681 0.207754 -0.521776 0.338620 0.103581 -0.469830 0.345167 0.245230 -0.398908 0.301631 0.117824 -0.356185 0.391449 0.034279 -0.268909 0.327869 0.251774 -0.299646 0.315281 0.129571 -0.266079 0.398531 0.018717 -0.191215 0.379172 0.225743 -0.193572 0.318151 0.136513 -0.208236 0.397613 0.031158 -0.206305 0.443437 
0.000000 0.000000 0.000000 -0.037861 -0.037843 -0.052520 0.199390 -0.388369 0.026524 0.214611 -0.282369 0.101721 0.206511 -0.190645 0.141612 0.192641 -0.122864 0.161757 0.043446 -0.284132 0.122342 0.094324 -0.438244 0.231759 0.088182 -0.588951 0.268319 0.255484 -0.499486 0.216067 0.205429 -0.525406 0.340986 0.101942 -0.472185 0.348130 0.243353 -0.402312 0.304852 0.114756 -0.357524 0.391922 0.032265 -0.269583 0.327883 0.252279 -0.302614 0.315053 0.130356 -0.269223 0.398783 0.020074 -0.193297 0.380313 0.229096 -0.190115 0.319029 0.139246 -0.203399 0.398034 0.035040 -0.202221 0.446437 
0.000000 0.000000 0.000000 -0.037144 -0.036797 -0.053761 0.195211 -0.390560 0.025408 0.209894 -0.285693 0.102280 0.201842 -0.194420 0.143203 0.188196 -0.126776 0.163954 0.037580 -0.283069 0.124039 0.084338 -0.437170 0.235294 0.077375 -0.588018 0.271119 0.250567 -0.503198 0.214269 0.200027 -0.528904 0.339037 0.097057 -0.474818 0.347105 0.235342 -0.404693 0.306402 0.108768 -0.358889 0.395876 0.027963 -0.269610 0.331539 0.245687 -0.306853 0.316841 0.126176 -0.274077 0.404211 0.016948 -0.196475 0.386458 0.221256 -0.197316 0.320535 0.134057 -0.212905 0.402049 0.030264 -0.211995 0.451337 
0.000000 0.000000 0.000000 -0.037047 -0.036702 -0.053892 0.190671 -0.392514 0.029460 0.205793 -0.287366 0.105863 0.198365 -0.195773 0.146186 0.185272 -0.127865 0.166421 0.035427 -0.281781 0.126470 0.080777 -0.435135 0.239328 0.073535 -0.585655 0.276453 0.239658 -0.505405 0.219923 0.187925 -0.530932 0.344237 0.085549 -0.475786 0.352666 0.227855 -0.409014 0.308815 0.101068 -0.365120 0.398942 0.021466 -0.274616 0.334817 0.248143 -0.309679 0.317245 0.128878 -0.273751 0.403708 0.020216 -0.195220 0.386571 0.215687 -0.196270 0.324477 0.127882 -0.209959 0.405682 0.024975 -0.208690 0.456787 
0.000000 0.000000 0.000000 -0.037114 -0.036724 -0.053831 0.187299 -0.393881 0.032670 0.202955 -0.288399 0.108502 0.196107 -0.196504 0.148237 0.183486 -0.128369 0.168004 0.029107 -0.283674 0.126382 0.070543 -0.438199 0.239147 0.063398 -0.588663 0.276516 0.235047 -0.509108 0.222045 0.184124 -0.536279 0.346346 0.082121 -0.480651 0.356045 0.218302 -0.409862 0.312182 0.092319 -0.366391 0.403631 0.012938 -0.274275 0.341562 0.240200 -0.312225 0.319638 0.121801 -0.280899 0.409032 0.013166 -0.202159 0.392706 0.204050 -0.207563 0.322573 0.130835 -0.232733 0.414755 0.028567 -0.231373 0.467124 
0.000000 0.000000 0.000000 -0.035041 -0.036130 -0.055593 0.188800 -0.393138 0.032982 0.201188 -0.288732 0.110880 0.192386 -0.197502 0.151746 0.178644 -0.129760 0.172104 0.029489 -0.281059 0.127959 0.069868 -0.434321 0.242814 0.062920 -0.584758 0.280327 0.231494 -0.506854 0.224465 0.184069 -0.536393 0.349606 0.082208 -0.480627 0.359979 0.220416 -0.413394 0.312285 0.097671 -0.368991 0.407609 0.017008 -0.274726 0.350627 0.238338 -0.311922 0.323531 0.122771 -0.281710 0.416924 0.013678 -0.203145 0.402987 0.203455 -0.207659 0.326708 0.131145 -0.232104 0.419794 0.028987 -0.230122 0.472357 
0.000000 0.000000 0.000000 -0.035418 -0.036706 -0.054974 0.188275 -0.393080 0.036482 0.201290 -0.287802 0.113093 0.192881 -0.196088 0.152946 0.179376 -0.128088 0.172594 0.029284 -0.281927 0.128130 0.069771 -0.435370 0.242704 0.064780 -0.585963 0.279900 0.235429 -0.509702 0.225151 0.183696 -0.536978 0.349093 0.081879 -0.481145 0.359537 0.222409 -0.414846 0.312813 0.100314 -0.370216 0.408862 0.018348 -0.275110 0.355234 0.238642 -0.312568 0.323393 0.123770 -0.285296 0.418531 0.013955 -0.207332 0.407115 0.202714 -0.207630 0.326590 0.134085 -0.235123 0.421593 0.031662 -0.233341 0.473647 
0.000000 0.000000 0.000000 -0.034217 -0.036234 -0.056037 0.188317 -0.393061 0.036473 0.199552 -0.288512 0.114354 0.190145 -0.197209 0.154919 0.176101 -0.129430 0.174950 0.028148 -0.281133 0.128303 0.067173 -0.434374 0.243651 0.064035 -0.584957 0.281094 0.233995 -0.511820 0.224169 0.178425 -0.537477 0.346789 0.076988 -0.481011 0.357527 0.219732 -0.415290 0.314341 0.098333 -0.368670 0.410327 0.015305 -0.272771 0.359838 0.240843 -0.315950 0.322382 0.125198 -0.286946 0.416061 0.014787 -0.209453 0.407553 0.201483 -0.209022 0.328596 0.129482 -0.235177 0.421457 0.026594 -0.233686 0.472594 
0.000000 0.000000 0.000000 -0.033612 -0.035848 -0.056649 0.186722 -0.393789 0.036819 0.197273 -0.289672 0.115372 0.187616 -0.198550 0.156284 0.173514 -0.130833 0.176484 0.023540 -0.282463 0.127092 0.059302 -0.436779 0.242065 0.055779 -0.587284 0.279786 0.228751 -0.515522 0.223460 0.174678 -0.544258 0.346067 0.073740 -0.487210 0.358322 0.212552 -0.418984 0.314167 0.091325 -0.376730 0.412367 0.006286 -0.280023 0.367029 0.234440 -0.318945 0.323694 0.121265 -0.296264 0.422019 0.010358 -0.219270 0.415713 0.191329 -0.212333 0.330194 0.127991 -0.244339 0.427432 0.025007 -0.242813 0.478373 
0.000000 0.000000 0.000000 -0.033111 -0.034932 -0.057509 0.183731 -0.395417 0.034339 0.193936 -0.292340 0.114296 0.184334 -0.201664 0.156202 0.170405 -0.134109 0.177054 0.021445 -0.280773 0.128051 0.055583 -0.434604 0.244162 0.052473 -0.584942 0.282576 0.216765 -0.513451 0.225119 0.168069 -0.545046 0.349266 0.067642 -0.487541 0.363432 0.206863 -0.422008 0.313026 0.087866 -0.382395 0.414981 0.001918 -0.284861 0.373275 0.230761 -0.321338 0.324239 0.118732 -0.297666 0.423637 0.007835 -0.220501 0.419698 0.192542 -0.212332 0.331900 0.126560 -0.241292 0.428331 0.023698 -0.239866 0.479523 
0.000000 0.000000 0.000000 -0.033508 -0.034371 -0.057617 0.177852 -0.398109 0.034182 0.189413 -0.295293 0.114290 0.181060 -0.204539 0.156293 0.168082 -0.136814 0.177205 0.016698 -0.281558 0.127382 0.048115 -0.436231 0.243142 0.045823 -0.586383 0.282333 0.209214 -0.516920 0.224761 0.161554 -0.549139 0.349150 0.061945 -0.490301 0.363612 0.201863 -0.424004 0.313671 0.083833 -0.381544 0.415605 -0.000956 -0.283039 0.373808 0.229121 -0.325331 0.323066 0.119342 -0.302673 0.425174 0.009231 -0.224374 0.421590 0.183334 -0.218828 0.330917 0.124925 -0.253588 0.430272 0.022134 -0.252133 0.481604 
0.000000 0.000000 0.000000 -0.035870 -0.034024 -0.056388 0.168821 -0.402105 0.033182 0.185046 -0.298919 0.111995 0.180057 -0.207624 0.153356 0.169316 -0.139418 0.173971 0.011715 -0.283204 0.126619 0.041489 -0.439124 0.241133 0.040189 -0.589092 0.281068 0.202748 -0.521444 0.222991 0.152628 -0.549338 0.347458 0.054358 -0.488326 0.362081 0.193772 -0.427456 0.311686 0.076102 -0.383308 0.413320 -0.007204 -0.283443 0.371771 0.228147 -0.330044 0.318929 0.118552 -0.306970 0.421141 0.009034 -0.227818 0.418170 0.182327 -0.218808 0.329258 0.125167 -0.251757 0.429948 0.022457 -0.247791 0.481311 
0.000000 0.000000 0.000000 -0.037804 -0.033410 -0.055484 0.160115 -0.405782 0.031533 0.180349 -0.302681 0.109526 0.178330 -0.211127 0.150565 0.169599 -0.142607 0.171087 0.003314 -0.284038 0.127112 0.029043 -0.440864 0.241369 0.027950 -0.590002 0.284306 0.191242 -0.526879 0.220707 0.140533 -0.553398 0.345235 0.044188 -0.489748 0.361347 0.188594 -0.429350 0.310427 0.071107 -0.382024 0.410834 -0.013609 -0.282121 0.372340 0.231411 -0.335751 0.312938 0.124425 -0.313272 0.418008 0.015045 -0.233877 0.418788 0.183103 -0.223295 0.325661 0.121161 -0.251805 0.424866 0.018102 -0.242467 0.474814 