81
0.000000 0.000000 0.000000 -0.037444 -0.035071 -0.054698 -0.093453 -0.392856 0.167991 -0.027423 -0.274146 0.245417 0.016643 -0.168939 0.265007 0.048643 -0.080046 0.263814 -0.206201 -0.078500 0.205073 -0.335891 -0.159265 0.327420 -0.442252 -0.267898 0.358615 -0.161919 -0.485967 0.363088 -0.253880 -0.405522 0.425166 -0.313534 -0.305544 0.418928 -0.134218 -0.319864 0.452731 -0.242152 -0.202972 0.424255 -0.266070 -0.112976 0.324415 -0.118335 -0.177275 0.427566 -0.222904 -0.071193 0.399230 -0.239440 0.016417 0.297647 -0.024760 -0.074902 0.422470 -0.139274 -0.040521 0.436464 -0.242214 -0.004150 0.400636 
0.000000 0.000000 0.000000 -0.043278 -0.030559 -0.053076 -0.122218 -0.384576 0.168685 -0.041396 -0.273812 0.243826 0.013445 -0.173564 0.262185 0.053706 -0.088109 0.260237 -0.213651 -0.065774 0.206884 -0.346900 -0.143977 0.327052 -0.457342 -0.245940 0.365689 -0.183405 -0.478368 0.365863 -0.269442 -0.391351 0.427571 -0.324251 -0.288699 0.420384 -0.149120 -0.309526 0.452618 -0.248051 -0.184609 0.425546 -0.269210 -0.091637 0.327833 -0.122090 -0.171640 0.424481 -0.221437 -0.059776 0.399830 -0.236688 0.030767 0.300647 -0.024411 -0.062913 0.414669 -0.136216 -0.023018 0.434654 -0.240681 0.015163 0.405804 
0.000000 0.000000 0.000000 -0.048111 -0.026757 -0.050924 -0.144892 -0.373946 0.174531 -0.051823 -0.270379 0.245657 0.011809 -0.174986 0.261317 0.058750 -0.093081 0.257402 -0.209691 -0.056549 0.215253 -0.348276 -0.131318 0.331508 -0.467577 -0.223811 0.367550 -0.210303 -0.470400 0.369052 -0.290203 -0.377895 0.431027 -0.337040 -0.271379 0.423696 -0.159337 -0.306137 0.454550 -0.251478 -0.176109 0.427579 -0.266701 -0.081929 0.329918 -0.122973 -0.164699 0.423926 -0.219536 -0.049322 0.405094 -0.228823 0.040554 0.304574 -0.033729 -0.064978 0.403155 -0.141052 -0.020857 0.435191 -0.241879 0.025608 0.405557 
0.000000 0.000000 0.000000 -0.048836 -0.026304 -0.050468 -0.152032 -0.368908 0.179119 -0.056578 -0.266531 0.248792 0.009081 -0.172320 0.263191 0.057703 -0.091459 0.258219 -0.201081 -0.041391 0.222369 -0.342382 -0.108693 0.339910 -0.466690 -0.194825 0.374773 -0.221484 -0.451881 0.378398 -0.295164 -0.354680 0.440889 -0.336458 -0.245985 0.432320 -0.163006 -0.293806 0.459514 -0.249658 -0.159799 0.433861 -0.260175 -0.067070 0.334211 -0.118687 -0.154001 0.430683 -0.208541 -0.033123 0.413200 -0.211428 0.053266 0.309293 -0.036189 -0.047868 0.399181 -0.133863 0.019857 0.418271 -0.210680 0.085380 0.363417 
0.000000 0.000000 0.000000 -0.052081 -0.024302 -0.048176 -0.159348 -0.361883 0.186921 -0.056690 -0.263509 0.251965 0.013444 -0.172127 0.263131 0.065155 -0.093396 0.255740 -0.205414 -0.040195 0.224006 -0.342023 -0.100928 0.350341 -0.465643 -0.185066 0.391881 -0.221282 -0.446047 0.388169 -0.290772 -0.346405 0.451609 -0.329733 -0.236912 0.442315 -0.155449 -0.286754 0.466863 -0.236782 -0.149921 0.438820 -0.247265 -0.058385 0.338071 -0.108648 -0.149767 0.434325 -0.196870 -0.027740 0.416520 -0.199178 0.055026 0.309691 -0.031869 -0.042160 0.391929 -0.126179 0.026242 0.422232 -0.199285 0.093966 0.365030 
0.000000 0.000000 0.000000 -0.053973 -0.023066 -0.046678 -0.166412 -0.354688 0.194406 -0.059112 -0.259072 0.255978 0.014176 -0.169910 0.264529 0.068206 -0.092974 0.255098 -0.197294 -0.025659 0.231349 -0.335693 -0.089115 0.354354 -0.458541 -0.171493 0.401353 -0.220867 -0.435276 0.399249 -0.286528 -0.332377 0.461559 -0.322998 -0.222531 0.447527 -0.154261 -0.273588 0.473258 -0.231956 -0.135284 0.442270 -0.240616 -0.047362 0.338183 -0.103956 -0.136773 0.436752 -0.188357 -0.013004 0.413334 -0.187707 0.062689 0.301360 -0.023757 -0.036229 0.392608 -0.114718 0.039541 0.414432 -0.180281 0.108026 0.349513 
0.000000 0.000000 0.000000 -0.055300 -0.021787 -0.045729 -0.173180 -0.348961 0.198809 -0.062340 -0.256061 0.258232 0.013513 -0.168929 0.265192 0.069504 -0.093572 0.254528 -0.190941 -0.011942 0.235965 -0.332987 -0.074475 0.355228 -0.457814 -0.152470 0.404442 -0.228106 -0.420045 0.407017 -0.290714 -0.314242 0.467580 -0.324146 -0.204079 0.449149 -0.154642 -0.255145 0.477216 -0.227147 -0.115327 0.440908 -0.234353 -0.031862 0.333106 -0.103885 -0.120809 0.434353 -0.185829 0.003915 0.407526 -0.182394 0.072583 0.291160 -0.021652 -0.033686 0.391241 -0.108876 0.048565 0.402108 -0.165100 0.118060 0.329910 
0.000000 0.000000 0.000000 -0.057036 -0.019453 -0.044636 -0.183906 -0.341256 0.202517 -0.068129 -0.253090 0.259694 0.011453 -0.169235 0.265094 0.070357 -0.096313 0.253268 -0.189027 -0.005165 0.238597 -0.330052 -0.060276 0.362637 -0.456906 -0.133727 0.413625 -0.237824 -0.403032 0.413933 -0.294882 -0.296524 0.478606 -0.323755 -0.185394 0.458369 -0.152959 -0.242248 0.481416 -0.221389 -0.100592 0.444327 -0.228467 -0.020424 0.334044 -0.098476 -0.106536 0.434499 -0.175405 0.020626 0.404459 -0.171678 0.082580 0.284393 -0.021684 -0.018530 0.380014 -0.101923 0.068865 0.400385 -0.147604 0.138372 0.321106 
0.000000 0.000000 0.000000 -0.057208 -0.018606 -0.044777 -0.195537 -0.331912 0.207099 -0.077702 -0.246118 0.263677 0.004259 -0.164536 0.268246 0.065378 -0.093599 0.255609 -0.186673 0.011021 0.238432 -0.326140 -0.032682 0.368625 -0.454280 -0.100730 0.423729 -0.247600 -0.373853 0.423780 -0.294301 -0.263118 0.489649 -0.316164 -0.150664 0.467984 -0.151867 -0.216952 0.487560 -0.211073 -0.071727 0.448460 -0.217215 0.004412 0.335304 -0.093953 -0.084933 0.437749 -0.161974 0.046366 0.404214 -0.157190 0.100725 0.280560 -0.023208 0.000788 0.373210 -0.094858 0.095802 0.391379 -0.127191 0.162059 0.303245 
0.000000 0.000000 0.000000 -0.058280 -0.016558 -0.044195 -0.214002 -0.313849 0.216778 -0.091282 -0.233412 0.270784 -0.004726 -0.156617 0.272938 0.060371 -0.089737 0.258213 -0.183864 0.030669 0.238373 -0.323407 0.000720 0.372321 -0.454544 -0.058367 0.430618 -0.267777 -0.332793 0.436253 -0.303416 -0.217744 0.501642 -0.315380 -0.104472 0.476753 -0.157036 -0.186612 0.494303 -0.205599 -0.038604 0.451180 -0.209435 0.034143 0.335714 -0.092138 -0.058054 0.438341 -0.149384 0.076849 0.399417 -0.143382 0.124943 0.273247 -0.018903 0.015943 0.372815 -0.081164 0.118744 0.379646 -0.105830 0.182155 0.287052 
0.000000 0.000000 0.000000 -0.060064 -0.013434 -0.042845 -0.233772 -0.289586 0.229741 -0.104451 -0.217111 0.279446 -0.012284 -0.147132 0.277934 0.057466 -0.085923 0.260165 -0.182474 0.049511 0.238046 -0.320826 0.037500 0.375980 -0.456685 -0.010211 0.433883 -0.287186 -0.298159 0.449954 -0.310565 -0.177651 0.510890 -0.311285 -0.064795 0.481630 -0.162063 -0.155963 0.501743 -0.199932 -0.005865 0.455255 -0.200234 0.062542 0.337104 -0.092102 -0.034639 0.438209 -0.140729 0.102157 0.394469 -0.132141 0.143690 0.266136 -0.012921 0.029645 0.370962 -0.066781 0.137301 0.371654 -0.085798 0.197339 0.275544 
0.000000 0.000000 0.000000 -0.062262 -0.008823 -0.040859 -0.254731 -0.256974 0.245696 -0.117562 -0.196102 0.289587 -0.019020 -0.135736 0.283302 0.055907 -0.082409 0.261638 -0.173191 0.075427 0.239218 -0.315719 0.074773 0.373369 -0.455147 0.038731 0.431228 -0.304382 -0.251966 0.466897 -0.313098 -0.125601 0.519224 -0.302651 -0.014725 0.484720 -0.163629 -0.118243 0.509338 -0.189054 0.031583 0.454290 -0.186642 0.094075 0.332930 -0.085218 -0.007255 0.437653 -0.121951 0.130768 0.386750 -0.112304 0.164798 0.256301 -0.006764 0.050624 0.356299 -0.053117 0.161118 0.367866 -0.067539 0.216830 0.268411 
0.000000 0.000000 0.000000 -0.063137 -0.007041 -0.039851 -0.263585 -0.236728 0.256462 -0.123096 -0.181256 0.296868 -0.021858 -0.125951 0.287584 0.055259 -0.076999 0.263417 -0.166496 0.087638 0.239790 -0.303806 0.101616 0.378576 -0.445306 0.075182 0.436593 -0.312312 -0.219583 0.477260 -0.311410 -0.091957 0.527188 -0.292620 0.017247 0.490932 -0.159264 -0.087986 0.512430 -0.177310 0.061935 0.454787 -0.174087 0.119149 0.330870 -0.078384 0.014545 0.435162 -0.108394 0.152633 0.380189 -0.098811 0.179796 0.248135 0.002643 0.065142 0.350674 -0.036275 0.178833 0.357811 -0.048491 0.230077 0.255694 
0.000000 0.000000 0.000000 -0.064150 -0.005683 -0.038423 -0.268612 -0.215285 0.269797 -0.125072 -0.164664 0.305582 -0.021715 -0.114281 0.292429 0.056979 -0.069713 0.265075 -0.144227 0.106826 0.242247 -0.281277 0.128484 0.380303 -0.422678 0.110345 0.441650 -0.309564 -0.185244 0.490796 -0.298554 -0.055734 0.534247 -0.273910 0.051124 0.494658 -0.151114 -0.060903 0.517784 -0.162560 0.086304 0.452030 -0.159663 0.139887 0.326491 -0.065270 0.034661 0.436070 -0.087181 0.171277 0.374046 -0.079453 0.194228 0.241074 0.016135 0.076194 0.352420 -0.015335 0.192248 0.346728 -0.027228 0.241142 0.243427 
0.000000 0.000000 0.000000 -0.065181 -0.003880 -0.036882 -0.271758 -0.195403 0.281524 -0.125360 -0.150274 0.312794 -0.020200 -0.104955 0.296011 0.059754 -0.064738 0.265725 -0.143620 0.116222 0.241091 -0.270877 0.151485 0.385568 -0.412137 0.140062 0.448829 -0.310676 -0.158905 0.501918 -0.293527 -0.028969 0.541976 -0.264173 0.075759 0.499983 -0.141965 -0.041957 0.523664 -0.148058 0.105429 0.457595 -0.145429 0.157806 0.331543 -0.055966 0.051368 0.433842 -0.073785 0.189731 0.374437 -0.067052 0.211009 0.241133 0.026215 0.085107 0.349438 -0.000588 0.202399 0.345517 -0.012616 0.251524 0.242341 
0.000000 0.000000 0.000000 -0.065930 -0.003792 -0.035536 -0.270805 -0.177880 0.293792 -0.122865 -0.134996 0.320652 -0.017038 -0.092834 0.300229 0.063226 -0.055706 0.266965 -0.148600 0.122820 0.238291 -0.262995 0.172214 0.389238 -0.404063 0.165939 0.453638 -0.304792 -0.130036 0.512826 -0.281540 -0.000389 0.550682 -0.247720 0.101805 0.505897 -0.131283 -0.020071 0.528488 -0.132373 0.125516 0.458290 -0.129761 0.174554 0.330901 -0.047415 0.065025 0.437602 -0.061227 0.201956 0.373962 -0.054497 0.220362 0.240231 0.034514 0.094880 0.351142 0.010961 0.212727 0.344162 -0.000070 0.260394 0.240194 
0.000000 0.000000 0.000000 -0.066381 -0.003861 -0.034678 -0.269307 -0.167905 0.300952 -0.120591 -0.126106 0.325104 -0.014547 -0.085643 0.302489 0.065731 -0.050218 0.267449 -0.140865 0.132310 0.236902 -0.249280 0.189290 0.389581 -0.389191 0.187211 0.456717 -0.296858 -0.105103 0.517093 -0.270963 0.024055 0.554905 -0.235123 0.123450 0.505619 -0.123755 -0.005262 0.529704 -0.121742 0.138161 0.455201 -0.119195 0.184250 0.326715 -0.039497 0.075294 0.437362 -0.049359 0.209078 0.366684 -0.042981 0.224356 0.232542 0.042336 0.102993 0.348477 0.022159 0.221057 0.336438 0.011487 0.266575 0.231474 
0.000000 0.000000 0.000000 -0.066940 -0.002836 -0.033688 -0.268549 -0.158196 0.306832 -0.118627 -0.119371 0.328353 -0.012064 -0.081528 0.303733 0.068455 -0.048311 0.267116 -0.138814 0.139050 0.235661 -0.233484 0.206682 0.393060 -0.372028 0.208730 0.462976 -0.290468 -0.093633 0.523099 -0.260111 0.035247 0.558463 -0.222497 0.133046 0.507340 -0.114595 0.006720 0.529746 -0.109922 0.149771 0.454651 -0.108431 0.194343 0.325615 -0.027050 0.082910 0.435829 -0.032498 0.217501 0.366214 -0.028149 0.230921 0.231792 0.050122 0.102619 0.353547 0.032279 0.219361 0.330220 0.021520 0.264139 0.224947 
0.000000 0.000000 0.000000 -0.067589 -0.002620 -0.032385 -0.264798 -0.148387 0.314887 -0.114010 -0.111141 0.332847 -0.007443 -0.075228 0.305502 0.072801 -0.043832 0.266739 -0.122373 0.144504 0.238169 -0.215906 0.212290 0.396181 -0.352412 0.216539 0.469902 -0.278353 -0.083407 0.531714 -0.242425 0.045160 0.562722 -0.203502 0.141482 0.509804 -0.099734 0.019236 0.531020 -0.091946 0.161543 0.454781 -0.092441 0.204434 0.325168 -0.018130 0.090112 0.436889 -0.022841 0.222181 0.362549 -0.020584 0.235067 0.228025 0.063241 0.110623 0.348216 0.049981 0.228899 0.330154 0.037689 0.273922 0.225154 
0.000000 0.000000 0.000000 -0.068464 -0.001120 -0.030583 -0.261315 -0.131084 0.325303 -0.108937 -0.098602 0.338449 -0.001971 -0.067088 0.307476 0.078243 -0.039475 0.265877 -0.118664 0.155188 0.235676 -0.209782 0.227986 0.392867 -0.344698 0.234662 0.469287 -0.265969 -0.065260 0.542249 -0.226142 0.063538 0.566885 -0.187794 0.158033 0.510376 -0.084249 0.036617 0.532307 -0.074033 0.174499 0.448589 -0.076702 0.214599 0.318112 -0.003866 0.102953 0.433159 -0.005996 0.233768 0.356519 -0.006688 0.245901 0.221908 0.072010 0.119878 0.337669 0.060832 0.238847 0.323087 0.047057 0.284936 0.218736 
0.000000 0.000000 0.000000 -0.068577 -0.002690 -0.030230 -0.258440 -0.125277 0.329855 -0.106381 -0.090772 0.341439 0.000092 -0.058910 0.309153 0.079814 -0.031525 0.266471 -0.120361 0.152713 0.236255 -0.188169 0.236446 0.399663 -0.321555 0.244622 0.478581 -0.247881 -0.044228 0.541373 -0.206203 0.082256 0.573727 -0.168632 0.174729 0.513475 -0.070920 0.045250 0.533051 -0.057328 0.184736 0.452532 -0.062445 0.223613 0.321758 0.009782 0.113499 0.431199 0.011857 0.247236 0.359780 0.007842 0.259153 0.225207 0.086958 0.121164 0.351450 0.078816 0.236496 0.317929 0.063057 0.284308 0.214639 
0.000000 0.000000 0.000000 -0.069412 0.000838 -0.028375 -0.255330 -0.114431 0.336158 -0.101507 -0.087461 0.343779 0.005494 -0.060648 0.308768 0.085289 -0.036941 0.264069 -0.098861 0.157846 0.240563 -0.180024 0.232283 0.402374 -0.311938 0.240918 0.483682 -0.238330 -0.044309 0.551133 -0.192215 0.082386 0.575706 -0.155568 0.173741 0.513222 -0.056667 0.047356 0.534274 -0.044315 0.184797 0.450120 -0.053603 0.223726 0.319592 0.019447 0.111712 0.430468 0.018939 0.243340 0.355204 0.010378 0.254024 0.220740 0.092206 0.123418 0.333519 0.085729 0.242156 0.314796 0.067298 0.288554 0.211304 
0.000000 0.000000 0.000000 -0.069820 0.000553 -0.027364 -0.250398 -0.110765 0.341061 -0.096478 -0.083753 0.346143 0.010003 -0.057343 0.309286 0.089138 -0.034135 0.263173 -0.101791 0.157769 0.241163 -0.171486 0.237823 0.405617 -0.301721 0.247942 0.489422 -0.228751 -0.034108 0.553370 -0.181816 0.092453 0.577064 -0.145657 0.182416 0.512314 -0.045135 0.051704 0.534530 -0.035429 0.184866 0.443435 -0.047935 0.223556 0.313105 0.034319 0.115946 0.428001 0.035712 0.246114 0.350251 0.022751 0.254708 0.215989 0.100446 0.123501 0.338069 0.091722 0.238245 0.302727 0.071316 0.282818 0.198805 
0.000000 0.000000 0.000000 -0.069865 -0.002269 -0.027158 -0.246275 -0.108467 0.344781 -0.093207 -0.076808 0.348640 0.012368 -0.048324 0.310738 0.090683 -0.024102 0.263755 -0.125570 0.153721 0.238191 -0.160427 0.251329 0.404230 -0.289131 0.265692 0.489762 -0.210597 -0.014549 0.548071 -0.160493 0.108662 0.581095 -0.123558 0.196335 0.513698 -0.031865 0.065337 0.528935 -0.016932 0.201952 0.443858 -0.031201 0.239030 0.313240 0.039879 0.128148 0.423939 0.041068 0.254900 0.340733 0.026357 0.260227 0.206482 0.112895 0.134018 0.335106 0.108311 0.247348 0.294776 0.086464 0.289105 0.189980 
0.000000 0.000000 0.000000 -0.070242 0.000262 -0.026265 -0.246588 -0.086787 0.350646 -0.092166 -0.062306 0.351796 0.014128 -0.039943 0.311851 0.092876 -0.020807 0.263272 -0.106389 0.169014 0.234623 -0.144703 0.270003 0.397854 -0.272225 0.291642 0.483626 -0.210915 0.003247 0.555686 -0.155656 0.126834 0.577011 -0.115987 0.210964 0.506714 -0.028142 0.081233 0.530043 -0.011462 0.213013 0.437954 -0.025023 0.246571 0.306314 0.048031 0.137201 0.422233 0.052163 0.260257 0.333740 0.036488 0.261181 0.199496 0.116018 0.141118 0.325168 0.114419 0.255108 0.286502 0.093548 0.293177 0.180114 
0.000000 0.000000 0.000000 -0.070277 0.003336 -0.025959 -0.248850 -0.064669 0.353810 -0.093342 -0.048417 0.353667 0.013760 -0.032756 0.312704 0.093135 -0.019068 0.263312 -0.112260 0.175117 0.232062 -0.138531 0.282607 0.393515 -0.264845 0.312314 0.478655 -0.212672 0.026329 0.558336 -0.152298 0.148331 0.574230 -0.108920 0.228244 0.501254 -0.022349 0.096098 0.528452 -0.000621 0.223715 0.431673 -0.013536 0.253377 0.299035 0.056469 0.146181 0.416969 0.065062 0.263828 0.321700 0.048497 0.260205 0.187608 0.121265 0.143873 0.320278 0.123009 0.256437 0.277646 0.103120 0.291015 0.169887 
0.000000 0.000000 0.000000 -0.070387 0.004156 -0.025541 -0.247444 -0.047527 0.357496 -0.091606 -0.034941 0.355703 0.015499 -0.023109 0.313484 0.094772 -0.012865 0.263104 -0.099793 0.187466 0.226212 -0.118194 0.302169 0.383742 -0.241353 0.340356 0.470115 -0.197874 0.054322 0.553939 -0.131408 0.172549 0.573601 -0.085143 0.248111 0.497816 -0.014306 0.114947 0.523133 0.013739 0.242632 0.428083 0.001377 0.268836 0.294667 0.066896 0.159072 0.407730 0.081593 0.277498 0.314188 0.063804 0.270137 0.180406 0.133362 0.148487 0.318445 0.139628 0.257757 0.268325 0.120231 0.290104 0.159787 
0.000000 0.000000 0.000000 -0.070591 0.006004 -0.024591 -0.243410 -0.032297 0.361938 -0.087287 -0.024952 0.357625 0.019496 -0.017519 0.313623 0.098289 -0.010904 0.261900 -0.072702 0.200565 0.220334 -0.102125 0.317202 0.374740 -0.222027 0.361572 0.462728 -0.195915 0.069429 0.558956 -0.126102 0.187018 0.567951 -0.077565 0.259228 0.490342 -0.003838 0.124493 0.522479 0.024440 0.245574 0.419211 0.011401 0.270002 0.285523 0.075454 0.166676 0.401114 0.090757 0.281290 0.303031 0.071410 0.271938 0.169591 0.141513 0.151014 0.311906 0.149124 0.257824 0.256905 0.129270 0.288834 0.148060 
0.000000 0.000000 0.000000 -0.070702 0.008063 -0.023665 -0.239154 -0.020884 0.365595 -0.082952 -0.018667 0.359037 0.023379 -0.015137 0.313481 0.101601 -0.011588 0.260603 -0.084069 0.201457 0.221827 -0.092434 0.322469 0.375441 -0.209382 0.370860 0.465264 -0.183928 0.082553 0.559685 -0.110381 0.197768 0.569603 -0.060657 0.267914 0.490861 0.008903 0.128623 0.521341 0.040880 0.249734 0.419193 0.026356 0.273949 0.285619 0.091192 0.163456 0.404143 0.110740 0.275828 0.304237 0.088463 0.267038 0.171216 0.151181 0.149257 0.308111 0.162700 0.257003 0.255675 0.141979 0.288210 0.147048 
0.000000 0.000000 0.000000 -0.070967 0.008006 -0.022879 -0.234643 -0.015823 0.368758 -0.078529 -0.014173 0.360236 0.027237 -0.011513 0.313324 0.104804 -0.008832 0.259440 -0.077275 0.204453 0.220462 -0.081222 0.327377 0.372729 -0.195402 0.378383 0.464642 -0.173864 0.084481 0.562834 -0.097246 0.197862 0.570342 -0.047213 0.267271 0.491144 0.016977 0.132415 0.521062 0.049451 0.253359 0.418873 0.033606 0.277431 0.285424 0.096745 0.166663 0.403520 0.114850 0.277432 0.301573 0.090984 0.268467 0.168840 0.160199 0.147456 0.315044 0.169078 0.249321 0.251516 0.147701 0.281122 0.143188 
0.000000 0.000000 0.000000 -0.071219 0.007613 -0.022220 -0.230621 -0.010764 0.371468 -0.074610 -0.009096 0.361231 0.030638 -0.007012 0.313143 0.107615 -0.005031 0.258389 -0.069193 0.205485 0.220038 -0.067925 0.329300 0.371627 -0.180295 0.381711 0.464970 -0.159806 0.098782 0.556954 -0.082039 0.210486 0.572968 -0.031606 0.278792 0.493069 0.023875 0.136634 0.521037 0.057391 0.256782 0.418247 0.041085 0.280671 0.284820 0.106088 0.170564 0.399676 0.127427 0.281090 0.298091 0.102522 0.272218 0.165543 0.169068 0.151027 0.307941 0.182501 0.254171 0.247343 0.160650 0.286191 0.139175 
0.000000 0.000000 0.000000 -0.071295 0.009318 -0.021310 -0.225534 -0.000548 0.374732 -0.069697 -0.003244 0.362311 0.034877 -0.004538 0.312745 0.111094 -0.005235 0.256908 -0.067506 0.207037 0.221051 -0.065135 0.330757 0.372705 -0.176326 0.384375 0.466772 -0.161717 0.102272 0.566502 -0.083029 0.214468 0.568059 -0.032202 0.281883 0.487654 0.032932 0.142583 0.519398 0.064196 0.257434 0.410053 0.046638 0.280237 0.276595 0.110393 0.172121 0.401079 0.127830 0.276612 0.292596 0.102222 0.267335 0.160210 0.169945 0.151696 0.306860 0.180699 0.253679 0.243811 0.158633 0.285646 0.135671 
0.000000 0.000000 0.000000 -0.071365 0.010024 -0.020748 -0.222396 0.003073 0.376591 -0.066705 -0.001352 0.362885 0.037431 -0.003936 0.312457 0.113169 -0.005635 0.255993 -0.062520 0.209442 0.220084 -0.056985 0.334225 0.370782 -0.167276 0.388623 0.465458 -0.151073 0.106552 0.565338 -0.070481 0.217348 0.568672 -0.020077 0.284212 0.487544 0.039758 0.143604 0.518217 0.072469 0.259362 0.410260 0.053551 0.281962 0.276953 0.115432 0.174067 0.395792 0.135064 0.282197 0.291325 0.107871 0.272114 0.159314 0.176439 0.150822 0.301869 0.191481 0.255408 0.244191 0.168200 0.287290 0.136281 
0.000000 0.000000 0.000000 -0.071428 0.010731 -0.020169 -0.219255 0.005520 0.378401 -0.063735 -0.000481 0.363421 0.039953 -0.004142 0.312142 0.115203 -0.006636 0.255059 -0.056790 0.208455 0.221776 -0.047630 0.332178 0.373169 -0.156553 0.387773 0.468730 -0.147722 0.106661 0.568331 -0.065834 0.216554 0.568440 -0.015012 0.282544 0.486858 0.047335 0.141148 0.518596 0.081454 0.256755 0.410914 0.060907 0.279015 0.277791 0.122425 0.171560 0.396053 0.141779 0.277518 0.289333 0.112415 0.266996 0.157822 0.179769 0.147320 0.307167 0.190165 0.247168 0.240733 0.166128 0.278610 0.132859 
0.000000 0.000000 0.000000 -0.071647 0.010258 -0.019631 -0.216257 0.005501 0.380122 -0.060830 0.000339 0.363919 0.042465 -0.002897 0.311825 0.117271 -0.005147 0.254150 -0.051413 0.208940 0.221123 -0.038751 0.333262 0.371771 -0.146014 0.390360 0.468318 -0.139864 0.107523 0.567674 -0.055815 0.215765 0.568985 -0.004390 0.280371 0.486677 0.053424 0.143838 0.515010 0.087849 0.259283 0.407251 0.066007 0.280908 0.274230 0.129201 0.172662 0.391634 0.150409 0.279665 0.286319 0.118947 0.268341 0.155361 0.186749 0.148914 0.299141 0.201280 0.250233 0.235780 0.175874 0.280683 0.127936 
0.000000 0.000000 0.000000 -0.071642 0.011155 -0.019153 -0.213662 0.007955 0.381544 -0.058420 0.000879 0.364313 0.044481 -0.003605 0.311536 0.118871 -0.006746 0.253368 -0.051395 0.209260 0.222075 -0.038726 0.333221 0.373019 -0.144776 0.391870 0.469976 -0.137536 0.109574 0.569423 -0.052686 0.217187 0.570846 -0.000618 0.280956 0.488289 0.058001 0.144592 0.513534 0.094410 0.262042 0.408632 0.071912 0.284030 0.275779 0.136347 0.169474 0.391023 0.158847 0.275841 0.285332 0.125716 0.265540 0.154702 0.190320 0.145935 0.299950 0.201925 0.243831 0.230863 0.176077 0.275055 0.123345 
0.000000 0.000000 0.000000 -0.071633 0.011615 -0.018913 -0.211907 0.012195 0.382410 -0.056805 0.003738 0.364550 0.045822 -0.001931 0.311356 0.119927 -0.006061 0.252887 -0.047314 0.209061 0.222478 -0.032096 0.332611 0.373525 -0.136899 0.392479 0.471089 -0.133482 0.113828 0.569333 -0.047525 0.220567 0.569741 0.004569 0.283354 0.486451 0.063924 0.145397 0.512305 0.100221 0.259587 0.403825 0.077065 0.281324 0.271045 0.137979 0.171046 0.390728 0.158679 0.275739 0.283017 0.124867 0.265418 0.152563 0.195320 0.146108 0.294680 0.209595 0.244436 0.226714 0.182952 0.275498 0.119344 
0.000000 0.000000 0.000000 -0.071948 0.010641 -0.018280 -0.208143 0.013209 0.384438 -0.053145 0.006338 0.365065 0.048996 0.001350 0.310876 0.122546 -0.002467 0.251689 -0.043259 0.210641 0.220514 -0.025307 0.335789 0.369937 -0.129278 0.396555 0.467837 -0.127649 0.115784 0.569962 -0.041327 0.222213 0.568067 0.010443 0.284570 0.484254 0.068792 0.149222 0.510632 0.104519 0.263080 0.401615 0.080528 0.284366 0.268910 0.143168 0.175415 0.385351 0.164670 0.280293 0.277978 0.129744 0.269408 0.147864 0.199774 0.148638 0.293994 0.214893 0.247261 0.226644 0.187649 0.278235 0.119398 
0.000000 0.000000 0.000000 -0.071822 0.011910 -0.017991 -0.206215 0.017615 0.385299 -0.051451 0.007909 0.365277 0.050348 0.000983 0.310661 0.123562 -0.004261 0.251168 -0.040804 0.211841 0.220571 -0.021395 0.336944 0.369848 -0.124558 0.398282 0.468244 -0.123547 0.118664 0.570705 -0.036311 0.224257 0.565990 0.015200 0.286186 0.481702 0.071231 0.149444 0.511536 0.106397 0.262678 0.401690 0.081989 0.284079 0.269080 0.145707 0.173829 0.386455 0.166467 0.277740 0.278001 0.130978 0.267411 0.147994 0.200297 0.147416 0.292303 0.215166 0.246565 0.225671 0.187523 0.278101 0.118692 
0.000000 0.000000 0.000000 -0.072080 0.010751 -0.017687 -0.204514 0.016618 0.386249 -0.049726 0.009094 0.365489 0.051889 0.003384 0.310391 0.124873 -0.001095 0.250553 -0.039406 0.212700 0.218946 -0.018960 0.339068 0.367015 -0.121763 0.400886 0.465487 -0.122049 0.118022 0.571551 -0.034978 0.223737 0.566546 0.016361 0.285518 0.482045 0.073701 0.151177 0.510584 0.108758 0.264278 0.400567 0.084011 0.285563 0.268001 0.145800 0.177082 0.386044 0.164681 0.280661 0.276931 0.128983 0.270524 0.146966 0.204365 0.149550 0.290219 0.218942 0.247215 0.221369 0.190695 0.278948 0.114606 
0.000000 0.000000 0.000000 -0.072087 0.010938 -0.017541 -0.203345 0.019536 0.386729 -0.048648 0.011288 0.365572 0.052786 0.004875 0.310219 0.125581 -0.000219 0.250201 -0.037030 0.212331 0.219225 -0.015093 0.338350 0.367377 -0.117826 0.400533 0.465693 -0.119604 0.121165 0.571334 -0.031956 0.226484 0.568559 0.019378 0.287719 0.483658 0.076752 0.153818 0.508522 0.113891 0.267693 0.399997 0.088662 0.288334 0.267419 0.148813 0.178910 0.382362 0.170734 0.284549 0.275822 0.134410 0.273609 0.146096 0.205304 0.150287 0.289932 0.221459 0.249231 0.223296 0.193064 0.280566 0.116455 
0.000000 0.000000 0.000000 -0.072134 0.010918 -0.017361 -0.202013 0.022020 0.387293 -0.047398 0.013472 0.365663 0.053842 0.006620 0.310006 0.126427 0.001093 0.249772 -0.036736 0.214276 0.217668 -0.014586 0.341524 0.364735 -0.117019 0.404564 0.462818 -0.116108 0.129306 0.567654 -0.028827 0.234911 0.564254 0.022185 0.295108 0.478421 0.078955 0.157217 0.506541 0.115667 0.270292 0.397039 0.089680 0.289845 0.264443 0.151042 0.180673 0.380515 0.171129 0.283187 0.270614 0.133856 0.271145 0.141255 0.205016 0.152272 0.289204 0.217652 0.248518 0.218011 0.188848 0.278968 0.111024 
0.000000 0.000000 0.000000 -0.072162 0.011134 -0.017104 -0.200437 0.023483 0.388026 -0.045936 0.014356 0.365816 0.055062 0.007044 0.309782 0.127395 0.001147 0.249280 -0.034359 0.218985 0.213580 -0.010704 0.349045 0.357927 -0.112105 0.413461 0.456187 -0.109299 0.136838 0.561993 -0.021941 0.242358 0.566029 0.028725 0.301847 0.479501 0.081819 0.158117 0.505407 0.118347 0.270518 0.395152 0.091907 0.289968 0.262631 0.153094 0.181253 0.378735 0.172535 0.283088 0.268088 0.134687 0.271360 0.138867 0.205519 0.154268 0.281482 0.223459 0.255155 0.218306 0.193849 0.285279 0.111447 
0.000000 0.000000 0.000000 -0.072163 0.011288 -0.017000 -0.199870 0.023614 0.388310 -0.045418 0.014197 0.365886 0.055491 0.006724 0.309712 0.127731 0.000726 0.249109 -0.035991 0.218640 0.214394 -0.013356 0.348386 0.359186 -0.114507 0.412879 0.457655 -0.106793 0.133938 0.563197 -0.018380 0.238581 0.567087 0.032047 0.298182 0.480496 0.083490 0.156503 0.505908 0.120169 0.268861 0.395659 0.093220 0.288488 0.263267 0.154165 0.180248 0.379473 0.173298 0.282171 0.268854 0.134778 0.270412 0.139835 0.207387 0.152612 0.283339 0.224239 0.252271 0.217952 0.194244 0.282358 0.111190 
0.000000 0.000000 0.000000 -0.072213 0.011290 -0.016783 -0.198778 0.023105 0.388901 -0.044389 0.013754 0.366030 0.056364 0.006373 0.309562 0.128433 0.000464 0.248748 -0.036485 0.218261 0.215021 -0.014130 0.347770 0.360068 -0.115164 0.411982 0.458840 -0.105919 0.131494 0.565108 -0.017311 0.236044 0.565358 0.032900 0.295870 0.478797 0.084336 0.156333 0.505943 0.120534 0.269031 0.395882 0.093285 0.288755 0.263565 0.155403 0.179618 0.379498 0.174110 0.281216 0.268508 0.135269 0.269562 0.139576 0.208537 0.151836 0.284190 0.224002 0.250515 0.217000 0.193752 0.280830 0.110374 
0.000000 0.000000 0.000000 -0.072499 0.009497 -0.016660 -0.198641 0.018088 0.389236 -0.044104 0.012579 0.366106 0.056706 0.007713 0.309469 0.128798 0.003607 0.248534 -0.035604 0.216624 0.214821 -0.012518 0.346230 0.359666 -0.114129 0.409957 0.458160 -0.110561 0.132239 0.564256 -0.024574 0.238875 0.568394 0.025880 0.298890 0.482106 0.080940 0.157999 0.506432 0.115849 0.272672 0.398008 0.088891 0.292559 0.265655 0.153288 0.182225 0.379689 0.172773 0.287749 0.272564 0.133978 0.276054 0.143621 0.210585 0.152949 0.288462 0.222862 0.248637 0.216460 0.192508 0.279327 0.109971 
0.000000 0.000000 0.000000 -0.072345 0.010698 -0.016601 -0.198101 0.020661 0.389384 -0.043687 0.012685 0.366153 0.056999 0.006279 0.309448 0.128981 0.001106 0.248463 -0.037193 0.217481 0.215458 -0.015198 0.346872 0.360666 -0.117013 0.410310 0.459135 -0.108817 0.131192 0.566108 -0.021905 0.237156 0.566351 0.028223 0.297450 0.480067 0.080668 0.158869 0.506298 0.113586 0.271963 0.395614 0.086635 0.291637 0.263229 0.153786 0.180136 0.380998 0.171051 0.282845 0.270799 0.132099 0.271249 0.141895 0.206920 0.153324 0.285090 0.218877 0.250358 0.214857 0.188528 0.280760 0.108284 
0.000000 0.000000 0.000000 -0.072395 0.010474 -0.016529 -0.197950 0.018778 0.389555 -0.043522 0.011452 0.366213 0.057155 0.005591 0.309432 0.129120 0.000867 0.248392 -0.039396 0.216062 0.216904 -0.018747 0.344707 0.362970 -0.120400 0.407589 0.461962 -0.116001 0.125852 0.571872 -0.030278 0.232462 0.563633 0.020236 0.293087 0.477806 0.081416 0.157280 0.506209 0.112838 0.269239 0.393949 0.085530 0.289266 0.261689 0.152802 0.179627 0.382073 0.167539 0.280544 0.269870 0.128488 0.269079 0.140984 0.204103 0.154230 0.286388 0.213395 0.250698 0.214982 0.182893 0.281027 0.108432 
0.000000 0.000000 0.000000 -0.072404 0.010377 -0.016551 -0.198290 0.017110 0.389459 -0.043828 0.010178 0.366214 0.056904 0.004709 0.309493 0.128926 0.000331 0.248494 -0.039958 0.215528 0.217344 -0.019656 0.343898 0.363700 -0.121251 0.406471 0.462946 -0.113687 0.125127 0.570000 -0.027714 0.231831 0.567792 0.022627 0.292921 0.482194 0.081567 0.155931 0.505881 0.114356 0.269534 0.395682 0.086878 0.289854 0.263503 0.152222 0.179534 0.380656 0.167879 0.282460 0.270419 0.128665 0.271141 0.141570 0.205869 0.152991 0.285385 0.217208 0.250547 0.215774 0.186395 0.281056 0.109365 
0.000000 0.000000 0.000000 -0.072602 0.008941 -0.016520 -0.198446 0.012995 0.389539 -0.043886 0.009150 0.366234 0.056914 0.005711 0.309474 0.128986 0.002794 0.248447 -0.038579 0.213925 0.217297 -0.017289 0.342190 0.363604 -0.118902 0.404434 0.463039 -0.109417 0.124489 0.565786 -0.023293 0.231061 0.568467 0.026903 0.292511 0.483042 0.082413 0.155620 0.504327 0.116960 0.270347 0.395844 0.089569 0.290767 0.263662 0.152389 0.180274 0.381070 0.169304 0.284354 0.272112 0.130287 0.272941 0.143211 0.206654 0.154779 0.286587 0.217590 0.251367 0.215577 0.187087 0.281793 0.109055 
0.000000 0.000000 0.000000 -0.072341 0.009816 -0.017156 -0.202127 0.011946 0.387675 -0.047392 0.006700 0.365850 0.053921 0.002676 0.310051 0.126557 -0.000497 0.249708 -0.040134 0.213474 0.218073 -0.019981 0.340910 0.365263 -0.122363 0.402495 0.464320 -0.113634 0.124178 0.563724 -0.028080 0.230932 0.571853 0.022324 0.292856 0.486894 0.075469 0.153699 0.506460 0.111318 0.271335 0.401574 0.084876 0.291989 0.269235 0.149339 0.177810 0.380316 0.170247 0.286515 0.276698 0.131640 0.275103 0.147674 0.203378 0.152353 0.286062 0.218126 0.252491 0.220898 0.187948 0.283024 0.114314 
0.000000 0.000000 0.000000 -0.072311 0.009128 -0.017656 -0.204985 0.009383 0.386243 -0.050054 0.005695 0.365513 0.051688 0.002752 0.310430 0.124778 0.000384 0.250602 -0.045609 0.210613 0.220119 -0.028901 0.336689 0.368903 -0.132990 0.396777 0.467095 -0.120717 0.117624 0.566806 -0.035466 0.224912 0.568758 0.015222 0.287656 0.484573 0.071517 0.152965 0.506956 0.106370 0.268859 0.399818 0.080981 0.289490 0.267270 0.142488 0.179267 0.383311 0.159154 0.283906 0.274850 0.122665 0.272473 0.145212 0.199721 0.153388 0.290097 0.210720 0.250675 0.220057 0.181526 0.281300 0.113226 
0.000000 0.000000 0.000000 -0.071918 0.010699 -0.018363 -0.209025 0.010109 0.384053 -0.053976 0.003552 0.364981 0.048292 -0.000920 0.310988 0.121980 -0.004213 0.251941 -0.051417 0.212499 0.219760 -0.038589 0.338771 0.368763 -0.144345 0.397407 0.466047 -0.129370 0.117372 0.567274 -0.045572 0.225768 0.570477 0.005191 0.289430 0.487031 0.063973 0.149107 0.511188 0.096640 0.263194 0.401454 0.072702 0.284271 0.268706 0.135804 0.175764 0.387396 0.153214 0.283069 0.281692 0.118165 0.271650 0.151657 0.190566 0.151189 0.293563 0.201222 0.251236 0.227470 0.173206 0.282007 0.120365 
0.000000 0.000000 0.000000 -0.071884 0.008036 -0.019797 -0.217444 -0.003700 0.379466 -0.061884 -0.003717 0.363722 0.041614 -0.003298 0.311935 0.116624 -0.002786 0.254484 -0.057517 0.207927 0.220376 -0.048526 0.333006 0.370661 -0.157238 0.387848 0.466896 -0.143700 0.105472 0.564029 -0.063019 0.216137 0.569118 -0.012119 0.282175 0.487623 0.048108 0.146030 0.511885 0.082625 0.265759 0.408937 0.061243 0.287409 0.275845 0.124562 0.174763 0.390214 0.142841 0.283280 0.285903 0.111045 0.272540 0.154977 0.182151 0.153675 0.297054 0.195439 0.257328 0.237297 0.168907 0.288708 0.129992 
0.000000 0.000000 0.000000 -0.071550 0.006756 -0.021422 -0.226205 -0.012099 0.374133 -0.070350 -0.008744 0.362093 0.034309 -0.005656 0.312789 0.110625 -0.003005 0.257146 -0.069991 0.204757 0.220733 -0.069016 0.328654 0.372258 -0.181494 0.379580 0.466291 -0.159552 0.091957 0.564264 -0.081278 0.204121 0.572887 -0.030599 0.272770 0.493439 0.032196 0.139522 0.516935 0.064137 0.256910 0.410519 0.045631 0.278754 0.277029 0.110943 0.172853 0.396308 0.129554 0.282495 0.293240 0.101376 0.271129 0.161540 0.170672 0.153789 0.306097 0.179553 0.255001 0.241532 0.154954 0.286150 0.133700 
0.000000 0.000000 0.000000 -0.070801 0.007318 -0.023613 -0.238311 -0.018470 0.366274 -0.082141 -0.015259 0.359385 0.024077 -0.011507 0.313583 0.102172 -0.008009 0.260515 -0.082593 0.200894 0.221816 -0.089972 0.322022 0.375389 -0.207057 0.367914 0.466338 -0.185206 0.083208 0.561880 -0.111446 0.198683 0.564570 -0.061166 0.269806 0.487069 0.008213 0.138008 0.516927 0.039581 0.258083 0.413377 0.024774 0.278738 0.279237 0.089951 0.170952 0.397744 0.108645 0.283535 0.297912 0.085708 0.270764 0.165326 0.153969 0.152072 0.308237 0.163768 0.257340 0.250671 0.141621 0.288069 0.142189 
0.000000 0.000000 0.000000 -0.070020 0.005844 -0.026208 -0.251561 -0.031946 0.356352 -0.095392 -0.024366 0.355590 0.012357 -0.016855 0.314021 0.092300 -0.010222 0.264097 -0.101785 0.192692 0.222639 -0.121661 0.309610 0.378352 -0.243747 0.349228 0.465600 -0.208083 0.070703 0.553819 -0.139703 0.188826 0.566193 -0.089679 0.263073 0.491507 -0.016180 0.127543 0.520283 0.014256 0.247614 0.416450 0.004149 0.270055 0.282161 0.064129 0.167124 0.404492 0.080682 0.282504 0.307516 0.064300 0.271484 0.173807 0.132169 0.153825 0.309760 0.140985 0.264120 0.262341 0.121937 0.297160 0.153949 
0.000000 0.000000 0.000000 -0.069252 0.002860 -0.028633 -0.262119 -0.051163 0.346361 -0.106600 -0.035830 0.351411 0.002041 -0.022193 0.313926 0.083271 -0.010653 0.267065 -0.081815 0.191294 0.220728 -0.139418 0.295914 0.375802 -0.266693 0.327562 0.458785 -0.226736 0.047474 0.547455 -0.162758 0.167843 0.561604 -0.113864 0.246244 0.490499 -0.037683 0.119519 0.517518 -0.006120 0.244593 0.420128 -0.012047 0.268538 0.285849 0.043813 0.162230 0.408567 0.060740 0.279297 0.313701 0.050678 0.270357 0.179213 0.117009 0.153634 0.316639 0.125387 0.266504 0.275633 0.109191 0.301701 0.167457 
0.000000 0.000000 0.000000 -0.068529 0.003364 -0.030270 -0.270410 -0.062486 0.338030 -0.115152 -0.046567 0.347432 -0.005684 -0.031326 0.313102 0.076626 -0.018039 0.268653 -0.092632 0.185934 0.222581 -0.173352 0.278240 0.375142 -0.305324 0.301244 0.453506 -0.252878 0.024856 0.546558 -0.195380 0.148609 0.559257 -0.148396 0.230698 0.491088 -0.065292 0.105278 0.523305 -0.038449 0.229064 0.422901 -0.039281 0.254788 0.288823 0.021882 0.151838 0.415105 0.036291 0.270413 0.321708 0.032487 0.263949 0.186757 0.095102 0.146995 0.323506 0.097379 0.262459 0.289533 0.083919 0.300321 0.181883 
0.000000 0.000000 0.000000 -0.067528 -0.000201 -0.032617 -0.277421 -0.086395 0.326900 -0.123870 -0.061156 0.342131 -0.014452 -0.038456 0.312023 0.068346 -0.019156 0.270801 -0.111454 0.174699 0.222974 -0.204907 0.257734 0.373583 -0.340987 0.271349 0.446955 -0.272248 0.001179 0.536003 -0.223784 0.127969 0.554913 -0.179602 0.214206 0.490072 -0.091964 0.090939 0.521919 -0.067220 0.220579 0.428615 -0.062946 0.248870 0.295121 -0.004860 0.145503 0.415855 0.005828 0.269824 0.329710 0.009255 0.266743 0.194630 0.074756 0.145406 0.329663 0.071836 0.262238 0.300804 0.060618 0.303864 0.194293 
0.000000 0.000000 0.000000 -0.066462 -0.002659 -0.034636 -0.282346 -0.106874 0.316463 -0.130695 -0.074737 0.336854 -0.021664 -0.046195 0.310553 0.061276 -0.022057 0.272268 -0.123095 0.165685 0.222850 -0.228351 0.238097 0.371136 -0.367154 0.241695 0.440474 -0.289160 -0.027562 0.528791 -0.248289 0.102222 0.545154 -0.208333 0.192431 0.483032 -0.118033 0.076039 0.520104 -0.098563 0.206546 0.426759 -0.090237 0.237260 0.293994 -0.029584 0.134133 0.420702 -0.024278 0.261762 0.339011 -0.015063 0.262388 0.204168 0.052836 0.141974 0.332344 0.042906 0.260412 0.313239 0.033161 0.304535 0.207592 
0.000000 0.000000 0.000000 -0.065280 -0.004917 -0.036582 -0.284843 -0.131275 0.304831 -0.135661 -0.092137 0.330521 -0.027587 -0.057249 0.308233 0.054991 -0.027697 0.273093 -0.138862 0.154228 0.222463 -0.252372 0.216651 0.369194 -0.392789 0.210085 0.434973 -0.305848 -0.057299 0.518153 -0.276113 0.074738 0.539700 -0.240982 0.169139 0.480985 -0.138955 0.051194 0.520046 -0.123780 0.185063 0.430753 -0.112362 0.220900 0.299510 -0.049813 0.119116 0.422755 -0.049443 0.248822 0.344225 -0.036009 0.254972 0.209876 0.035335 0.134964 0.334259 0.019168 0.253987 0.326295 0.009238 0.302015 0.222382 
0.000000 0.000000 0.000000 -0.064198 -0.006604 -0.038196 -0.284996 -0.153982 0.293866 -0.138325 -0.109097 0.324193 -0.031497 -0.068689 0.305509 0.050382 -0.034319 0.273231 -0.152110 0.139858 0.223847 -0.280837 0.183174 0.364788 -0.422043 0.165317 0.426665 -0.319583 -0.094210 0.509855 -0.300064 0.039815 0.530790 -0.270872 0.137919 0.474963 -0.161940 0.028112 0.516782 -0.153261 0.163594 0.429067 -0.138719 0.203037 0.299175 -0.073953 0.103420 0.420791 -0.083179 0.237395 0.350391 -0.064818 0.247606 0.216874 0.014514 0.124729 0.336504 -0.011259 0.242288 0.333871 -0.020859 0.292985 0.231202 
0.000000 0.000000 0.000000 -0.062290 -0.010132 -0.040511 -0.281983 -0.183122 0.279718 -0.140071 -0.128567 0.316209 -0.035989 -0.079921 0.302264 0.044103 -0.038709 0.273729 -0.158762 0.127622 0.223237 -0.299822 0.152067 0.356713 -0.440996 0.123261 0.414392 -0.324831 -0.131294 0.496277 -0.315129 0.002858 0.522564 -0.291443 0.104165 0.469942 -0.180458 0.003765 0.509422 -0.177192 0.141693 0.425221 -0.160063 0.185637 0.297101 -0.091219 0.084148 0.423693 -0.104727 0.218468 0.354655 -0.082963 0.234505 0.222227 -0.003954 0.112665 0.346959 -0.037191 0.228176 0.340338 -0.047319 0.282070 0.239362 
0.000000 0.000000 0.000000 -0.060692 -0.012265 -0.042308 -0.276355 -0.209992 0.266124 -0.138789 -0.148540 0.307913 -0.037547 -0.093313 0.298210 0.040511 -0.046373 0.273092 -0.179371 0.109346 0.220317 -0.324286 0.122151 0.351263 -0.464467 0.081898 0.404327 -0.328671 -0.167115 0.482560 -0.330951 -0.033447 0.512722 -0.314460 0.070716 0.463009 -0.194798 -0.024367 0.502640 -0.198714 0.115886 0.422401 -0.180550 0.164257 0.296030 -0.110368 0.064079 0.419198 -0.132947 0.199396 0.354618 -0.107710 0.220420 0.223511 -0.021413 0.102837 0.340084 -0.063923 0.215121 0.348826 -0.074828 0.270928 0.248977 
0.000000 0.000000 0.000000 -0.058051 -0.016443 -0.044538 -0.264933 -0.239760 0.252223 -0.134639 -0.167634 0.299847 -0.038380 -0.103588 0.294691 0.035996 -0.049430 0.273189 -0.189255 0.092693 0.217609 -0.338965 0.091241 0.343688 -0.477266 0.041138 0.393180 -0.325879 -0.200150 0.467017 -0.339220 -0.067810 0.500037 -0.329300 0.038120 0.452357 -0.204318 -0.051737 0.495263 -0.215589 0.090878 0.420041 -0.196933 0.143597 0.295493 -0.124042 0.046697 0.416306 -0.154370 0.182547 0.356175 -0.127328 0.208379 0.226292 -0.036151 0.091458 0.347564 -0.085079 0.201445 0.348137 -0.097733 0.258569 0.249244 
0.000000 0.000000 0.000000 -0.056860 -0.017419 -0.045688 -0.254836 -0.262146 0.240060 -0.128539 -0.185801 0.291707 -0.035461 -0.117044 0.289982 0.036359 -0.058552 0.271332 -0.194377 0.077065 0.218903 -0.349350 0.053216 0.336060 -0.484355 -0.007127 0.383167 -0.316550 -0.235543 0.456633 -0.337883 -0.103742 0.487545 -0.336057 0.003709 0.442335 -0.212530 -0.080652 0.487573 -0.230031 0.061466 0.412602 -0.212123 0.121588 0.291342 -0.134299 0.022534 0.414331 -0.174278 0.158638 0.360777 -0.147811 0.193748 0.232969 -0.047919 0.085133 0.324605 -0.105930 0.184034 0.361274 -0.123699 0.245599 0.265894 
0.000000 0.000000 0.000000 -0.054362 -0.020623 -0.047364 -0.238469 -0.287156 0.227957 -0.119633 -0.202560 0.284244 -0.032205 -0.126754 0.286256 0.035189 -0.062403 0.270627 -0.213626 0.050765 0.212222 -0.365711 0.020674 0.331704 -0.496629 -0.049405 0.376829 -0.307137 -0.265836 0.443016 -0.341670 -0.138454 0.479939 -0.348718 -0.030192 0.437244 -0.217534 -0.110762 0.480365 -0.245491 0.034157 0.414475 -0.229785 0.102733 0.297471 -0.142079 0.003449 0.411510 -0.192340 0.139488 0.367263 -0.168642 0.185184 0.242290 -0.058186 0.073660 0.328542 -0.122459 0.167315 0.368406 -0.149320 0.235787 0.280127 
0.000000 0.000000 0.000000 -0.052801 -0.022871 -0.048093 -0.223452 -0.303741 0.221587 -0.109938 -0.213532 0.280099 -0.026926 -0.132982 0.283966 0.036845 -0.064706 0.269864 -0.211932 0.045419 0.212407 -0.365616 -0.006851 0.321770 -0.491122 -0.086099 0.367100 -0.288874 -0.293192 0.438448 -0.333704 -0.167450 0.469452 -0.351610 -0.060810 0.425858 -0.215857 -0.133748 0.477304 -0.250264 0.009915 0.411717 -0.237661 0.083137 0.297179 -0.144910 -0.014877 0.413753 -0.199898 0.118953 0.368399 -0.179538 0.172896 0.246155 -0.061863 0.053693 0.352476 -0.132446 0.150254 0.366090 -0.168538 0.222778 0.284599 
0.000000 0.000000 0.000000 -0.050357 -0.026318 -0.048944 -0.205897 -0.318502 0.217838 -0.099697 -0.220908 0.278204 -0.022400 -0.134932 0.283439 0.036821 -0.062476 0.270392 -0.218502 0.032332 0.208221 -0.369884 -0.034564 0.312718 -0.489785 -0.121072 0.359908 -0.275184 -0.316516 0.433744 -0.332442 -0.195968 0.464920 -0.359399 -0.091561 0.420585 -0.214316 -0.153109 0.475029 -0.259051 -0.011537 0.411149 -0.250457 0.064054 0.297785 -0.151755 -0.029554 0.413348 -0.219054 0.100789 0.374978 -0.204375 0.163150 0.255967 -0.070843 0.042773 0.359372 -0.149070 0.133854 0.368088 -0.195517 0.208586 0.294189 
0.000000 0.000000 0.000000 -0.049927 -0.028235 -0.048311 -0.195244 -0.321960 0.222513 -0.091444 -0.220780 0.281125 -0.016588 -0.132599 0.284936 0.040458 -0.058631 0.270734 -0.225077 0.027426 0.204811 -0.372733 -0.053066 0.304959 -0.487229 -0.143683 0.357553 -0.255125 -0.326192 0.441183 -0.319737 -0.207478 0.463862 -0.355928 -0.106823 0.417474 -0.210109 -0.164867 0.479284 -0.264369 -0.027770 0.413066 -0.263449 0.050337 0.301093 -0.150439 -0.044408 0.422848 -0.228153 0.081288 0.388910 -0.227515 0.154620 0.275375 -0.072933 0.040005 0.360174 -0.157853 0.122287 0.382751 -0.220785 0.197725 0.323154 
0.000000 0.000000 0.000000 -0.050854 -0.029461 -0.046582 -0.188842 -0.317911 0.233584 -0.084229 -0.215087 0.287716 -0.009702 -0.126545 0.287991 0.046685 -0.052669 0.270957 -0.237870 0.020791 0.199072 -0.381208 -0.062846 0.302851 -0.491207 -0.153584 0.364120 -0.251526 -0.323124 0.451446 -0.326406 -0.210269 0.472392 -0.371032 -0.113382 0.425334 -0.205524 -0.163086 0.485346 -0.275602 -0.031043 0.423876 -0.289481 0.050925 0.315581 -0.142934 -0.053582 0.435093 -0.235950 0.063815 0.411491 -0.259870 0.145895 0.306808 -0.067321 0.037265 0.368428 -0.156646 0.107707 0.407801 -0.244320 0.176803 0.380558 
0.000000 0.000000 0.000000 -0.050942 -0.031704 -0.044985 -0.182225 -0.312008 0.246445 -0.078416 -0.206043 0.295862 -0.005059 -0.116600 0.292276 0.050174 -0.042645 0.272094 -0.245949 0.018548 0.194374 -0.384267 -0.070399 0.300525 -0.490177 -0.159045 0.371318 -0.237403 -0.317307 0.466326 -0.318469 -0.208121 0.483320 -0.371055 -0.115189 0.436507 -0.196230 -0.158794 0.496765 -0.277983 -0.031844 0.439104 -0.306842 0.052609 0.335788 -0.130879 -0.054079 0.450307 -0.231242 0.057666 0.429542 -0.280988 0.146273 0.340423 -0.059404 0.039471 0.380888 -0.154333 0.102617 0.419518 -0.252527 0.162288 0.420182 
0.000000 0.000000 0.000000 -0.050771 -0.034322 -0.043222 -0.173669 -0.305973 0.259827 -0.071433 -0.196289 0.304147 0.000143 -0.105671 0.296445 0.053731 -0.031490 0.272933 -0.250919 0.013747 0.192312 -0.383788 -0.079095 0.302027 -0.485053 -0.168204 0.378785 -0.225423 -0.313488 0.480474 -0.314478 -0.210226 0.494193 -0.373738 -0.122886 0.444664 -0.189777 -0.156407 0.506331 -0.283150 -0.037058 0.450099 -0.319841 0.043256 0.345971 -0.123038 -0.056856 0.461240 -0.232452 0.047028 0.446160 -0.294876 0.133999 0.363654 -0.051877 0.040805 0.392125 -0.150833 0.096752 0.431736 -0.252361 0.149354 0.443055 
0.000000 0.000000 0.000000 -0.048123 -0.040378 -0.040960 -0.155414 -0.298483 0.279365 -0.060821 -0.179650 0.316487 0.004794 -0.085288 0.302901 0.053640 -0.009524 0.274596 -0.255316 -0.003847 0.190519 -0.382639 -0.092224 0.310058 -0.477863 -0.180679 0.394881 -0.202820 -0.306494 0.500970 -0.301442 -0.212136 0.513316 -0.368983 -0.132567 0.461354 -0.176425 -0.150538 0.522066 -0.284828 -0.043457 0.468150 -0.333952 0.030670 0.364557 -0.113074 -0.054581 0.475754 -0.233894 0.035999 0.462023 -0.314046 0.116083 0.388333 -0.044953 0.041994 0.409547 -0.149724 0.087634 0.447378 -0.254156 0.131534 0.466614 
0.000000 0.000000 0.000000 -0.044092 -0.046595 -0.038842 -0.136859 -0.291110 0.296336 -0.052459 -0.163063 0.326796 0.005876 -0.064912 0.307893 0.049207 0.012470 0.275308 -0.258599 -0.011569 0.186117 -0.376073 -0.103758 0.312657 -0.462528 -0.192212 0.406402 -0.179973 -0.295359 0.518919 -0.287650 -0.211160 0.528833 -0.364255 -0.140870 0.476067 -0.162322 -0.141155 0.536378 -0.284112 -0.048869 0.483698 -0.349279 0.017612 0.383834 -0.105216 -0.047759 0.486996 -0.236717 0.027051 0.476911 -0.334086 0.096155 0.413569 -0.048013 0.050117 0.415726 -0.153946 0.084937 0.461081 -0.260750 0.118871 0.486469 
0.000000 0.000000 0.000000 -0.037567 -0.053661 -0.036513 -0.119240 -0.280618 0.313569 -0.049396 -0.142651 0.336672 -0.000429 -0.040714 0.312071 0.036264 0.038054 0.274969 -0.269444 -0.032648 0.172383 -0.371166 -0.129218 0.308905 -0.442199 -0.218977 0.413711 -0.162434 -0.277569 0.536157 -0.279478 -0.207549 0.549574 -0.366258 -0.149194 0.498028 -0.150509 -0.128308 0.551252 -0.286856 -0.056349 0.502713 -0.371264 -0.002067 0.410148 -0.098075 -0.035794 0.499567 -0.239380 0.019127 0.496843 -0.352880 0.071778 0.445719 -0.046048 0.057839 0.428004 -0.156659 0.077619 0.471192 -0.265384 0.096623 0.503144 
0.000000 0.000000 0.000000 -0.027871 -0.060699 -0.034099 -0.099923 -0.271598 0.327933 -0.050435 -0.124130 0.343781 -0.013956 -0.018450 0.313865 0.014196 0.061789 0.272675 -0.277747 -0.054541 0.153972 -0.368605 -0.149763 0.298847 -0.429151 -0.235691 0.413028 -0.148277 -0.263680 0.549336 -0.271478 -0.204839 0.561231 -0.365161 -0.156009 0.511914 -0.148504 -0.110609 0.559823 -0.295196 -0.058111 0.516812 -0.391191 -0.018428 0.428214 -0.099477 -0.016373 0.507244 -0.246767 0.019632 0.507057 -0.369098 0.054002 0.460991 -0.048487 0.075974 0.435328 -0.161368 0.081142 0.476832 -0.268530 0.086192 0.517989 
0.000000 0.000000 0.000000 -0.020993 -0.064302 -0.032379 -0.093838 -0.264188 0.335692 -0.057548 -0.112498 0.346655 -0.028421 -0.005547 0.313381 -0.004909 0.074870 0.269706 -0.290185 -0.102069 0.122396 -0.364924 -0.196840 0.276486 -0.417130 -0.275051 0.399954 -0.150738 -0.266281 0.555188 -0.279833 -0.221725 0.566641 -0.378310 -0.181975 0.518522 -0.147663 -0.112205 0.566550 -0.301586 -0.084725 0.525598 -0.409421 -0.062110 0.444978 -0.106400 -0.012237 0.509820 -0.256921 0.003146 0.519698 -0.386090 0.019766 0.483541 -0.054391 0.077433 0.437430 -0.166899 0.069468 0.479497 -0.271085 0.062458 0.527449 
0.000000 0.000000 0.000000 -0.013203 -0.066778 -0.031469 -0.095455 -0.261299 0.337493 -0.072764 -0.106811 0.345593 -0.050300 0.001216 0.310668 -0.030468 0.082034 0.265920 -0.283845 -0.167903 0.088418 -0.359991 -0.256001 0.245745 -0.413218 -0.326178 0.373529 -0.158454 -0.270181 0.555145 -0.289960 -0.236001 0.573033 -0.392744 -0.202337 0.529498 -0.135921 -0.113132 0.574603 -0.296312 -0.108760 0.555105 -0.416933 -0.103805 0.491345 -0.109888 -0.013694 0.513006 -0.259449 -0.016055 0.537841 -0.393195 -0.015142 0.518371 -0.067543 0.072350 0.436560 -0.175418 0.052768 0.486266 -0.275161 0.034506 0.540313 
0.000000 0.000000 0.000000 -0.007731 -0.068091 -0.030458 -0.096545 -0.259333 0.338697 -0.083313 -0.103635 0.344174 -0.065489 0.004774 0.307790 -0.048222 0.085666 0.262120 -0.270258 -0.210576 0.062407 -0.351504 -0.294786 0.219311 -0.410126 -0.360166 0.347279 -0.165800 -0.276945 0.553903 -0.298555 -0.252205 0.577277 -0.406298 -0.224082 0.542729 -0.124515 -0.108157 0.578175 -0.285923 -0.116644 0.578679 -0.408647 -0.122493 0.519150 -0.107129 -0.008377 0.514688 -0.251580 -0.021276 0.558942 -0.386334 -0.031135 0.555461 -0.077995 0.079735 0.434355 -0.178650 0.049701 0.493159 -0.269939 0.022672 0.557492 