59
0.000000 0.000000 0.000000 -0.040885 -0.008475 -0.062293 -0.270156 -0.331275 0.092535 -0.171830 -0.263187 0.193246 -0.091073 -0.190600 0.233289 -0.025149 -0.124837 0.249308 -0.280397 -0.006335 0.138893 -0.433033 -0.108538 0.206481 -0.545434 -0.209830 0.241016 -0.348070 -0.432878 0.279688 -0.431205 -0.336076 0.329688 -0.469156 -0.228372 0.306182 -0.288642 -0.308683 0.395136 -0.373176 -0.173226 0.370037 -0.373242 -0.077450 0.272742 -0.249675 -0.150116 0.367154 -0.326149 -0.021576 0.342249 -0.303487 0.068734 0.244277 -0.158250 -0.042389 0.327237 -0.250613 0.023754 0.367056 -0.287407 0.105238 0.294879 
0.000000 0.000000 0.000000 -0.042675 -0.005800 -0.061393 -0.280164 -0.322586 0.093471 -0.176922 -0.260072 0.192870 -0.092532 -0.191296 0.232142 -0.023801 -0.128346 0.247653 -0.281003 0.003077 0.141010 -0.437397 -0.093039 0.208935 -0.553818 -0.189661 0.243536 -0.361097 -0.425259 0.278750 -0.438769 -0.323303 0.327268 -0.470974 -0.213700 0.303965 -0.300625 -0.294024 0.392918 -0.375396 -0.154221 0.361467 -0.365649 -0.062355 0.260943 -0.250356 -0.140228 0.363280 -0.318767 -0.008634 0.331759 -0.282492 0.070432 0.228315 -0.156299 -0.035839 0.314533 -0.247501 0.027835 0.360567 -0.267054 0.109482 0.282116 
0.000000 0.000000 0.000000 -0.043250 -0.004619 -0.061090 -0.286445 -0.316763 0.094343 -0.181119 -0.256920 0.193197 -0.094953 -0.190164 0.232095 -0.024747 -0.128793 0.247328 -0.274670 0.002226 0.149253 -0.436421 -0.085234 0.216324 -0.558852 -0.175925 0.245863 -0.372489 -0.416108 0.279132 -0.444970 -0.310640 0.328172 -0.470653 -0.199518 0.303976 -0.306375 -0.283725 0.393364 -0.372366 -0.140450 0.358123 -0.354324 -0.053160 0.254710 -0.247139 -0.130439 0.366207 -0.304765 0.003467 0.324503 -0.258963 0.068451 0.215199 -0.152899 -0.041800 0.328541 -0.236430 0.042853 0.347189 -0.239694 0.117746 0.260105 
0.000000 0.000000 0.000000 -0.044148 -0.002616 -0.060564 -0.291506 -0.312680 0.092446 -0.183677 -0.256804 0.190923 -0.095666 -0.192519 0.229850 -0.024035 -0.132857 0.245240 -0.269212 0.003219 0.156596 -0.435275 -0.074553 0.225050 -0.563307 -0.158258 0.251278 -0.381380 -0.406324 0.278385 -0.448157 -0.298074 0.329422 -0.468936 -0.185620 0.306715 -0.307727 -0.276871 0.392624 -0.366896 -0.130579 0.357666 -0.345370 -0.044947 0.253535 -0.243843 -0.126121 0.365306 -0.291489 0.009500 0.317059 -0.241042 0.067726 0.206006 -0.148864 -0.037861 0.322569 -0.226357 0.053388 0.335208 -0.215510 0.122313 0.243913 
0.000000 0.000000 0.000000 -0.045349 -0.001020 -0.059719 -0.295746 -0.308080 0.094398 -0.184967 -0.255511 0.191411 -0.094980 -0.193423 0.229374 -0.021910 -0.135352 0.244072 -0.265785 0.007564 0.162048 -0.433096 -0.060892 0.237093 -0.564123 -0.139205 0.265128 -0.385820 -0.395205 0.283385 -0.447770 -0.285740 0.337806 -0.465208 -0.172477 0.316345 -0.305540 -0.267319 0.395855 -0.358361 -0.118715 0.360484 -0.335200 -0.035069 0.255098 -0.237573 -0.116041 0.364995 -0.278320 0.020651 0.313559 -0.225030 0.071381 0.200180 -0.140992 -0.029405 0.316052 -0.212254 0.067193 0.325099 -0.190891 0.128238 0.230124 
0.000000 0.000000 0.000000 -0.046835 0.000256 -0.058569 -0.300710 -0.301086 0.101049 -0.186300 -0.251506 0.195383 -0.093909 -0.191731 0.231229 -0.019104 -0.135494 0.244228 -0.258873 0.015499 0.170896 -0.425823 -0.044324 0.253722 -0.559189 -0.116603 0.286525 -0.388047 -0.380301 0.294744 -0.443979 -0.268465 0.350836 -0.458184 -0.154744 0.329416 -0.300302 -0.254580 0.403874 -0.348155 -0.104299 0.368513 -0.325369 -0.022869 0.261325 -0.229419 -0.103921 0.367757 -0.263608 0.033319 0.313102 -0.208938 0.076398 0.197243 -0.131674 -0.019509 0.311025 -0.196069 0.082123 0.314957 -0.166168 0.134004 0.216888 
0.000000 0.000000 0.000000 -0.048792 0.001871 -0.056918 -0.308580 -0.288644 0.112931 -0.189114 -0.243235 0.203002 -0.093266 -0.187001 0.235326 -0.015911 -0.133698 0.245444 -0.253681 0.022572 0.178535 -0.419155 -0.024942 0.271658 -0.555084 -0.089730 0.309244 -0.391149 -0.360983 0.311349 -0.439316 -0.246548 0.369373 -0.449412 -0.132327 0.348281 -0.294482 -0.236879 0.415914 -0.336017 -0.084616 0.381051 -0.314101 -0.004847 0.272442 -0.219131 -0.088985 0.374123 -0.247337 0.048288 0.316233 -0.194313 0.085095 0.197483 -0.119379 -0.007929 0.309186 -0.177494 0.097474 0.311228 -0.146727 0.143998 0.210768 
0.000000 0.000000 0.000000 -0.050804 0.003286 -0.055064 -0.315745 -0.274221 0.128055 -0.191160 -0.232867 0.212998 -0.091905 -0.180341 0.240991 -0.012081 -0.130214 0.247527 -0.245378 0.033997 0.187925 -0.408401 -0.002766 0.289824 -0.545974 -0.059772 0.333537 -0.395809 -0.337291 0.330619 -0.436301 -0.220679 0.390151 -0.442174 -0.105906 0.370506 -0.288254 -0.215640 0.429216 -0.323584 -0.061907 0.393968 -0.302209 0.015555 0.283595 -0.206063 -0.071326 0.381695 -0.230955 0.066549 0.323715 -0.181353 0.097370 0.201822 -0.106059 0.002888 0.311073 -0.159261 0.110811 0.314732 -0.130101 0.153185 0.211983 
0.000000 0.000000 0.000000 -0.052135 0.003189 -0.053811 -0.321136 -0.258840 0.145478 -0.192993 -0.218970 0.225706 -0.091322 -0.168970 0.249310 -0.009724 -0.121416 0.252061 -0.240036 0.043692 0.192966 -0.397032 0.020278 0.307488 -0.534315 -0.030556 0.359024 -0.395992 -0.312703 0.352638 -0.429595 -0.195311 0.414865 -0.432030 -0.080249 0.396214 -0.280548 -0.190559 0.444798 -0.309737 -0.035861 0.408177 -0.289047 0.038233 0.295388 -0.193575 -0.051878 0.392654 -0.214224 0.085943 0.332906 -0.168412 0.111235 0.208288 -0.094795 0.015906 0.319084 -0.140440 0.127270 0.316673 -0.113521 0.165922 0.211865 
0.000000 0.000000 0.000000 -0.053825 0.003667 -0.052090 -0.325395 -0.241948 0.163920 -0.193115 -0.204796 0.238543 -0.088869 -0.158117 0.257192 -0.005488 -0.113698 0.255761 -0.232075 0.058043 0.199140 -0.383664 0.045772 0.322353 -0.520045 0.001377 0.381649 -0.394998 -0.282088 0.375967 -0.420267 -0.162106 0.437188 -0.418359 -0.047116 0.418036 -0.269418 -0.164461 0.459960 -0.293074 -0.009105 0.422153 -0.274345 0.062232 0.307263 -0.178827 -0.030274 0.399591 -0.196521 0.107266 0.338268 -0.155447 0.127159 0.211047 -0.080423 0.031441 0.318257 -0.121607 0.144547 0.316781 -0.097760 0.179320 0.209892 
0.000000 0.000000 0.000000 -0.055763 0.004614 -0.049931 -0.325891 -0.228894 0.180811 -0.189574 -0.194895 0.249430 -0.083236 -0.151313 0.263102 0.001373 -0.109621 0.257590 -0.214670 0.074724 0.210222 -0.362075 0.066259 0.338719 -0.495993 0.026608 0.406399 -0.387769 -0.264975 0.395961 -0.403795 -0.143987 0.458308 -0.396635 -0.029225 0.439031 -0.251488 -0.144555 0.473275 -0.268794 0.011654 0.435539 -0.252853 0.081611 0.319387 -0.159148 -0.014525 0.405369 -0.174109 0.123233 0.343808 -0.139066 0.139096 0.214238 -0.061845 0.042646 0.315937 -0.098761 0.157121 0.320837 -0.078987 0.188736 0.212151 
0.000000 0.000000 0.000000 -0.057237 0.003919 -0.048296 -0.322083 -0.221436 0.196264 -0.183428 -0.187046 0.259817 -0.076353 -0.144130 0.269152 0.008397 -0.103366 0.260031 -0.210839 0.077514 0.214072 -0.345511 0.083937 0.355964 -0.476552 0.048884 0.431372 -0.374680 -0.245436 0.415530 -0.381178 -0.124611 0.479883 -0.368369 -0.010616 0.459048 -0.231690 -0.131022 0.485663 -0.244534 0.025672 0.448158 -0.231978 0.095328 0.331411 -0.138987 -0.001528 0.412175 -0.151879 0.134856 0.347183 -0.123545 0.146247 0.215519 -0.045059 0.051452 0.321351 -0.074929 0.168002 0.317472 -0.059235 0.195379 0.206985 
0.000000 0.000000 0.000000 -0.059101 0.004028 -0.045987 -0.317916 -0.210514 0.214251 -0.176108 -0.177572 0.271277 -0.067925 -0.136648 0.275245 0.017149 -0.097823 0.261740 -0.208392 0.079305 0.218384 -0.327844 0.101351 0.371864 -0.455599 0.071490 0.454774 -0.367025 -0.224797 0.435168 -0.366225 -0.105071 0.501854 -0.347054 0.007553 0.478583 -0.211557 -0.115689 0.497967 -0.220392 0.040803 0.458510 -0.211138 0.110080 0.341231 -0.117720 0.011974 0.417181 -0.129750 0.147437 0.350130 -0.108312 0.154343 0.216861 -0.028637 0.059196 0.323666 -0.054407 0.176369 0.313783 -0.043065 0.199657 0.201835 
0.000000 0.000000 0.000000 -0.060770 0.002712 -0.043858 -0.311827 -0.196458 0.235497 -0.167575 -0.162818 0.285563 -0.058865 -0.123166 0.283569 0.026061 -0.086101 0.265101 -0.211899 0.078940 0.219193 -0.306465 0.126639 0.383793 -0.430480 0.103799 0.474267 -0.358148 -0.196427 0.457475 -0.346928 -0.078238 0.525940 -0.318039 0.032058 0.501582 -0.189388 -0.094439 0.512109 -0.192789 0.061619 0.470171 -0.186000 0.129830 0.352101 -0.095149 0.030361 0.424376 -0.105682 0.163803 0.353151 -0.091400 0.165974 0.218766 -0.009858 0.071758 0.331256 -0.029812 0.188095 0.307619 -0.023250 0.207172 0.194499 
0.000000 0.000000 0.000000 -0.062556 0.001591 -0.041329 -0.304475 -0.178544 0.258278 -0.157674 -0.145042 0.300398 -0.048530 -0.107529 0.291768 0.036102 -0.073003 0.267840 -0.199003 0.099188 0.222685 -0.284383 0.160259 0.387887 -0.405600 0.149162 0.484169 -0.347707 -0.162752 0.480318 -0.326352 -0.043437 0.544270 -0.289172 0.064072 0.518721 -0.166730 -0.067486 0.524848 -0.165884 0.087433 0.478764 -0.161734 0.154599 0.359975 -0.070425 0.052615 0.428106 -0.078449 0.186001 0.356450 -0.070957 0.185427 0.221499 0.010853 0.087094 0.333549 -0.004634 0.202968 0.304831 -0.002948 0.220254 0.191246 
0.000000 0.000000 0.000000 -0.064545 0.004066 -0.037965 -0.298604 -0.158215 0.277657 -0.148244 -0.131533 0.311223 -0.037985 -0.099805 0.296044 0.046851 -0.070073 0.266957 -0.185313 0.110399 0.230278 -0.260883 0.176935 0.398127 -0.378596 0.174963 0.499254 -0.333837 -0.134988 0.500456 -0.303628 -0.016745 0.562811 -0.260438 0.087274 0.532680 -0.144415 -0.048975 0.534033 -0.139575 0.104650 0.484029 -0.138032 0.169154 0.363712 -0.048871 0.064051 0.429260 -0.056902 0.197746 0.358182 -0.055984 0.193303 0.223099 0.028538 0.093848 0.325101 0.014724 0.211428 0.303296 0.011900 0.225331 0.189270 
0.000000 0.000000 0.000000 -0.066033 0.004702 -0.035233 -0.289777 -0.143832 0.294333 -0.137505 -0.120026 0.320661 -0.027303 -0.091410 0.299908 0.056852 -0.064511 0.266416 -0.167159 0.118683 0.237949 -0.230436 0.190004 0.408889 -0.343635 0.195077 0.514941 -0.315018 -0.113856 0.517681 -0.276971 0.002674 0.578960 -0.229338 0.103181 0.543996 -0.119259 -0.030836 0.540176 -0.110586 0.122470 0.489713 -0.112446 0.184475 0.368093 -0.021688 0.073895 0.431652 -0.026976 0.203028 0.352359 -0.034072 0.195798 0.217580 0.049623 0.098539 0.329255 0.039034 0.213194 0.294133 0.030324 0.224343 0.180103 
0.000000 0.000000 0.000000 -0.067464 0.004058 -0.032497 -0.277544 -0.133278 0.310639 -0.124168 -0.109628 0.329699 -0.014824 -0.082311 0.303400 0.067942 -0.056929 0.265545 -0.150335 0.128852 0.242103 -0.202191 0.206941 0.413929 -0.310031 0.219084 0.524879 -0.286339 -0.092924 0.533606 -0.241098 0.019657 0.597330 -0.190273 0.116559 0.557082 -0.091516 -0.019107 0.546987 -0.079888 0.133850 0.496060 -0.085811 0.195044 0.374160 0.004769 0.084248 0.432194 -0.000979 0.213077 0.352440 -0.016846 0.203470 0.218559 0.074658 0.105294 0.330543 0.066739 0.216156 0.284301 0.050960 0.224952 0.170825 
0.000000 0.000000 0.000000 -0.069097 0.004776 -0.028753 -0.262147 -0.120848 0.328580 -0.107505 -0.100007 0.338494 0.000698 -0.075542 0.305514 0.081679 -0.052701 0.262531 -0.129025 0.137447 0.248111 -0.166524 0.220463 0.421354 -0.267094 0.238280 0.538209 -0.255879 -0.073402 0.550233 -0.203506 0.038011 0.610451 -0.151450 0.132043 0.565272 -0.056071 -0.008404 0.551656 -0.041599 0.143098 0.497228 -0.053167 0.203671 0.375424 0.036315 0.091795 0.429786 0.030844 0.218026 0.345961 0.005901 0.207334 0.213555 0.099018 0.110249 0.323628 0.092247 0.220510 0.275795 0.069150 0.227837 0.163474 
0.000000 0.000000 0.000000 -0.070205 0.005488 -0.025787 -0.249358 -0.112385 0.341292 -0.094132 -0.093858 0.344191 0.012887 -0.071535 0.306207 0.092252 -0.050538 0.259435 -0.114628 0.140582 0.252821 -0.142424 0.225116 0.427156 -0.236203 0.247036 0.548860 -0.230336 -0.056000 0.560105 -0.174558 0.052109 0.623218 -0.121766 0.143649 0.573957 -0.030818 -0.004771 0.555210 -0.014628 0.146474 0.500553 -0.030138 0.207048 0.379187 0.060084 0.095145 0.427467 0.053361 0.220957 0.343105 0.020697 0.209826 0.212426 0.117269 0.111444 0.320445 0.109203 0.218802 0.266590 0.080537 0.225357 0.155511 
0.000000 0.000000 0.000000 -0.071060 0.007360 -0.022806 -0.237601 -0.102107 0.352718 -0.081918 -0.088178 0.348786 0.023972 -0.069360 0.306040 0.101829 -0.051117 0.255713 -0.099371 0.146002 0.256161 -0.117085 0.232756 0.430721 -0.204216 0.257669 0.556715 -0.211452 -0.049771 0.571801 -0.149669 0.059042 0.627699 -0.096793 0.148957 0.575616 -0.006572 0.000712 0.555899 0.010801 0.150765 0.498393 -0.008745 0.210651 0.377270 0.079236 0.097621 0.423416 0.070939 0.221664 0.336610 0.032830 0.210523 0.207414 0.132581 0.112035 0.310685 0.125396 0.219564 0.257047 0.092388 0.226054 0.147177 
0.000000 0.000000 0.000000 -0.071436 0.007497 -0.021555 -0.231472 -0.096346 0.358369 -0.075814 -0.083385 0.351335 0.029355 -0.065721 0.306374 0.106349 -0.048560 0.254368 -0.090794 0.149876 0.256294 -0.102906 0.238968 0.430153 -0.186328 0.265947 0.558214 -0.197044 -0.040536 0.575441 -0.132313 0.066406 0.631614 -0.078984 0.155081 0.577892 0.003675 0.003951 0.557559 0.024525 0.154041 0.501320 0.005026 0.213929 0.380190 0.092600 0.097235 0.425366 0.087097 0.220811 0.337676 0.046970 0.212350 0.208888 0.144131 0.111004 0.315180 0.138053 0.217088 0.258607 0.103958 0.226427 0.149275 
0.000000 0.000000 0.000000 -0.071371 0.009334 -0.021047 -0.231162 -0.087137 0.360918 -0.075264 -0.078596 0.352555 0.029990 -0.064221 0.306631 0.107009 -0.049614 0.253887 -0.090274 0.151701 0.256839 -0.102102 0.240784 0.430722 -0.185085 0.269554 0.558679 -0.197278 -0.036189 0.579267 -0.130431 0.070277 0.633843 -0.076446 0.157824 0.578941 0.003759 0.008718 0.558968 0.027650 0.158012 0.501827 0.010035 0.216681 0.379815 0.093148 0.098801 0.425578 0.089436 0.223577 0.339508 0.050043 0.215039 0.210499 0.146179 0.109552 0.314864 0.142284 0.216732 0.260196 0.108901 0.226672 0.150698 
0.000000 0.000000 0.000000 -0.071328 0.010036 -0.020868 -0.230897 -0.081630 0.362372 -0.074939 -0.075033 0.353400 0.030315 -0.062276 0.307000 0.107315 -0.048995 0.253878 -0.086477 0.153909 0.256472 -0.095956 0.243936 0.430013 -0.178542 0.274704 0.557762 -0.200404 -0.031963 0.581514 -0.132478 0.074995 0.633745 -0.077248 0.161130 0.577857 0.003945 0.013006 0.559557 0.029120 0.160810 0.499182 0.012739 0.218346 0.376461 0.096071 0.099401 0.426376 0.093210 0.221705 0.336797 0.053787 0.212759 0.207825 0.148511 0.109608 0.314988 0.145307 0.215751 0.258291 0.112079 0.225348 0.148714 
0.000000 0.000000 0.000000 -0.071374 0.010412 -0.020523 -0.229428 -0.078400 0.364015 -0.073482 -0.072882 0.354155 0.031596 -0.061040 0.307119 0.108388 -0.048520 0.253513 -0.082974 0.156043 0.256069 -0.090232 0.247171 0.429143 -0.172037 0.279684 0.556962 -0.196443 -0.025197 0.581963 -0.127435 0.081136 0.634053 -0.071485 0.166126 0.577138 0.006924 0.012817 0.560710 0.033509 0.160337 0.500247 0.017246 0.217921 0.377532 0.099678 0.100053 0.425978 0.097694 0.222437 0.336485 0.057487 0.213800 0.207734 0.150655 0.109634 0.315055 0.147283 0.215398 0.257662 0.113607 0.225525 0.148271 
0.000000 0.000000 0.000000 -0.071469 0.010349 -0.020224 -0.227694 -0.076658 0.365472 -0.071794 -0.071248 0.354833 0.033059 -0.059663 0.307235 0.109595 -0.047417 0.253203 -0.083828 0.157726 0.255409 -0.091562 0.249946 0.427882 -0.173202 0.283341 0.555579 -0.193496 -0.022865 0.583088 -0.124289 0.083040 0.635781 -0.068597 0.167495 0.577824 0.008382 0.016882 0.560452 0.033710 0.164009 0.498510 0.016794 0.220421 0.375340 0.101314 0.102748 0.424186 0.098675 0.225361 0.335024 0.057517 0.215513 0.206661 0.153998 0.108789 0.318122 0.148870 0.211918 0.256240 0.114358 0.221368 0.147049 
0.000000 0.000000 0.000000 -0.071529 0.010336 -0.020017 -0.226581 -0.076130 0.366273 -0.070715 -0.070765 0.355146 0.033994 -0.059264 0.307211 0.110365 -0.047104 0.252926 -0.082376 0.158887 0.255049 -0.089164 0.251841 0.427167 -0.170437 0.285552 0.555015 -0.190518 -0.020527 0.583132 -0.121046 0.085323 0.635586 -0.065568 0.169503 0.577028 0.009261 0.019688 0.559833 0.034448 0.166979 0.498224 0.017384 0.222820 0.374815 0.102364 0.102653 0.424778 0.099383 0.225159 0.335480 0.057985 0.214973 0.207221 0.152183 0.111495 0.313622 0.147803 0.217182 0.256156 0.113053 0.225942 0.146983 
0.000000 0.000000 0.000000 -0.071517 0.010360 -0.020048 -0.226661 -0.074625 0.366533 -0.070788 -0.069494 0.355383 0.033933 -0.058285 0.307405 0.110318 -0.046402 0.253077 -0.082905 0.159284 0.254794 -0.090031 0.252471 0.426772 -0.171376 0.286766 0.554419 -0.190564 -0.018392 0.583224 -0.121384 0.086849 0.637265 -0.065742 0.170782 0.578508 0.009444 0.020258 0.560277 0.034614 0.166747 0.496778 0.017737 0.222357 0.373239 0.103513 0.103862 0.423940 0.100901 0.224875 0.332617 0.059516 0.214595 0.204361 0.154870 0.110948 0.315062 0.150760 0.215101 0.254842 0.115891 0.223948 0.145713 
0.000000 0.000000 0.000000 -0.071531 0.010454 -0.019947 -0.226188 -0.073677 0.367017 -0.070325 -0.068835 0.355603 0.034337 -0.057881 0.307436 0.110652 -0.046213 0.252965 -0.082551 0.160226 0.254449 -0.089447 0.253944 0.426148 -0.170472 0.288652 0.553886 -0.192688 -0.016803 0.583957 -0.123842 0.089709 0.635894 -0.068025 0.173403 0.576963 0.009204 0.022467 0.560087 0.034712 0.169630 0.498307 0.017950 0.224963 0.374628 0.102789 0.104628 0.424137 0.099124 0.225639 0.332846 0.057671 0.214970 0.204644 0.153977 0.111380 0.315205 0.149572 0.216226 0.256222 0.114676 0.224749 0.147076 
0.000000 0.000000 0.000000 -0.071622 0.009224 -0.020227 -0.226264 -0.076529 0.366385 -0.070462 -0.069141 0.355516 0.034177 -0.056574 0.307697 0.110486 -0.043778 0.253471 -0.081105 0.159756 0.253810 -0.087039 0.253949 0.425284 -0.167809 0.288753 0.553158 -0.190105 -0.015288 0.581704 -0.121777 0.090546 0.635672 -0.065963 0.174106 0.576549 0.010651 0.022023 0.559439 0.037580 0.169248 0.498413 0.020817 0.224516 0.374705 0.104081 0.105961 0.423496 0.101905 0.227839 0.333319 0.060136 0.217083 0.205227 0.156383 0.112472 0.317234 0.151182 0.214506 0.253569 0.116085 0.223005 0.144486 
0.000000 0.000000 0.000000 -0.071543 0.010422 -0.019921 -0.226091 -0.074692 0.366871 -0.070234 -0.069664 0.355459 0.034414 -0.058498 0.307311 0.110714 -0.046636 0.252861 -0.080614 0.159924 0.254694 -0.086291 0.253472 0.426530 -0.166781 0.288083 0.554633 -0.188896 -0.011599 0.581477 -0.121456 0.093325 0.638263 -0.065796 0.176898 0.579013 0.010679 0.020845 0.559752 0.037533 0.168570 0.499912 0.020560 0.224025 0.376316 0.102739 0.104487 0.423419 0.099907 0.227988 0.335497 0.058041 0.217338 0.207428 0.154890 0.111284 0.313656 0.151445 0.216892 0.255982 0.116148 0.225367 0.146962 
0.000000 0.000000 0.000000 -0.071589 0.009990 -0.019978 -0.225989 -0.076883 0.366481 -0.070156 -0.070808 0.355249 0.034468 -0.058862 0.307235 0.110747 -0.046394 0.252891 -0.082678 0.159662 0.254470 -0.089617 0.253317 0.426201 -0.170242 0.287208 0.554412 -0.190412 -0.017053 0.582293 -0.122693 0.088930 0.636733 -0.067485 0.173041 0.577822 0.009811 0.020368 0.559618 0.035978 0.168602 0.500739 0.018840 0.224136 0.377201 0.102138 0.103922 0.424007 0.098581 0.227364 0.336029 0.056760 0.216981 0.207923 0.153916 0.111307 0.314964 0.149268 0.216280 0.256224 0.114120 0.224953 0.147172 
0.000000 0.000000 0.000000 -0.071611 0.009722 -0.020032 -0.225994 -0.078079 0.366225 -0.070178 -0.071376 0.355131 0.034438 -0.058975 0.307217 0.110714 -0.046159 0.252948 -0.083653 0.158218 0.255013 -0.091189 0.251138 0.427119 -0.172145 0.284196 0.555338 -0.190327 -0.019390 0.582335 -0.122582 0.086701 0.636532 -0.067694 0.171108 0.577746 0.009563 0.019852 0.559565 0.035230 0.168110 0.500528 0.017951 0.223747 0.377056 0.101958 0.103883 0.423974 0.098096 0.226602 0.335003 0.056432 0.216121 0.206853 0.153310 0.111568 0.315351 0.148244 0.216350 0.256306 0.113227 0.224999 0.147210 
0.000000 0.000000 0.000000 -0.071585 0.009451 -0.020254 -0.226811 -0.078556 0.365617 -0.070986 -0.071312 0.354983 0.033728 -0.058584 0.307370 0.110120 -0.045547 0.253318 -0.085302 0.157275 0.255075 -0.093886 0.249774 0.427358 -0.174966 0.282446 0.555598 -0.191581 -0.020949 0.582089 -0.124584 0.085114 0.637263 -0.070312 0.170020 0.578622 0.008080 0.019533 0.559849 0.033289 0.167662 0.500294 0.016056 0.223150 0.376748 0.100314 0.105369 0.423125 0.096535 0.228403 0.334585 0.055187 0.217557 0.206363 0.151803 0.112580 0.315325 0.146257 0.217171 0.255984 0.111367 0.225614 0.146831 
0.000000 0.000000 0.000000 -0.071479 0.009155 -0.020755 -0.229053 -0.079753 0.363957 -0.073190 -0.071831 0.354430 0.031804 -0.058624 0.307568 0.108519 -0.045225 0.254066 -0.087943 0.156381 0.254744 -0.098246 0.248505 0.427134 -0.180657 0.279955 0.554829 -0.193363 -0.027869 0.581797 -0.127450 0.080195 0.634331 -0.076560 0.167107 0.575597 0.003279 0.018547 0.560486 0.028311 0.165680 0.498439 0.012418 0.220569 0.374447 0.096877 0.104195 0.425758 0.091876 0.225699 0.335190 0.051435 0.215109 0.206658 0.148679 0.113178 0.316370 0.142985 0.218053 0.257547 0.108765 0.226434 0.148177 
0.000000 0.000000 0.000000 -0.071112 0.008339 -0.022304 -0.236200 -0.088808 0.357230 -0.080304 -0.078290 0.351510 0.025531 -0.062728 0.307343 0.103254 -0.047320 0.255872 -0.095615 0.151912 0.254522 -0.110948 0.241751 0.427742 -0.196195 0.269435 0.554444 -0.201964 -0.035020 0.574842 -0.141836 0.075796 0.628568 -0.095378 0.166316 0.571638 -0.010275 0.013667 0.559149 0.014606 0.162176 0.500408 0.000891 0.217186 0.376210 0.083870 0.101688 0.426831 0.078605 0.226208 0.340472 0.040927 0.216373 0.211043 0.138948 0.112659 0.316854 0.133325 0.219044 0.260801 0.100914 0.228168 0.150940 
0.000000 0.000000 0.000000 -0.070161 0.007767 -0.025319 -0.250591 -0.104136 0.343002 -0.094827 -0.090674 0.344853 0.012605 -0.071857 0.306144 0.092296 -0.053465 0.258832 -0.117411 0.139598 0.254385 -0.146977 0.222089 0.429406 -0.239205 0.241791 0.552664 -0.225442 -0.062302 0.564446 -0.172977 0.050322 0.622286 -0.131376 0.145787 0.569856 -0.038790 -0.001191 0.557754 -0.017875 0.149200 0.502349 -0.028453 0.205104 0.378244 0.057309 0.092414 0.431564 0.050241 0.217759 0.346538 0.019445 0.208815 0.215238 0.116113 0.108081 0.321456 0.108900 0.217221 0.271180 0.081431 0.227235 0.160057 
0.000000 0.000000 0.000000 -0.068784 0.004800 -0.029490 -0.264880 -0.131961 0.322049 -0.110602 -0.109786 0.334442 -0.002268 -0.083363 0.303466 0.078990 -0.058587 0.262105 -0.144275 0.121762 0.250629 -0.191513 0.194950 0.425910 -0.290373 0.201406 0.545375 -0.256688 -0.101742 0.546637 -0.216634 0.015238 0.605742 -0.181180 0.115842 0.558678 -0.073468 -0.022568 0.552361 -0.058512 0.129326 0.499169 -0.064405 0.188596 0.376321 0.023629 0.079486 0.435842 0.014937 0.207793 0.355514 -0.006182 0.205072 0.222043 0.086210 0.103406 0.327620 0.075401 0.215773 0.285809 0.054661 0.231291 0.173861 
0.000000 0.000000 0.000000 -0.066860 0.001666 -0.033925 -0.275333 -0.166908 0.296013 -0.124200 -0.134934 0.320164 -0.016240 -0.099536 0.298119 0.065572 -0.067071 0.263767 -0.170235 0.098748 0.244885 -0.234920 0.159497 0.419346 -0.341512 0.150829 0.531817 -0.281063 -0.151270 0.522161 -0.254283 -0.030820 0.581797 -0.226754 0.075678 0.543152 -0.112322 -0.054043 0.543301 -0.105373 0.101441 0.499699 -0.105808 0.167567 0.380257 -0.013876 0.058612 0.438466 -0.025231 0.193386 0.369926 -0.035341 0.205212 0.235665 0.055237 0.091897 0.335937 0.039363 0.208041 0.308554 0.024681 0.236764 0.198270 
0.000000 0.000000 0.000000 -0.065188 -0.000887 -0.037062 -0.277232 -0.198218 0.274121 -0.129783 -0.158013 0.307124 -0.023460 -0.114851 0.292070 0.057558 -0.075656 0.263314 -0.189958 0.074841 0.239604 -0.268031 0.122226 0.412724 -0.379723 0.098315 0.517795 -0.291941 -0.196069 0.500394 -0.277568 -0.075878 0.564657 -0.258312 0.034629 0.532868 -0.138156 -0.087272 0.533840 -0.140980 0.070111 0.497139 -0.139361 0.141820 0.380973 -0.043085 0.031940 0.443004 -0.059922 0.170695 0.384228 -0.061769 0.194539 0.251202 0.028804 0.076200 0.345163 0.004663 0.193234 0.330618 -0.006202 0.233259 0.223458 
0.000000 0.000000 0.000000 -0.061930 -0.006295 -0.041820 -0.271830 -0.239367 0.245157 -0.132466 -0.184900 0.290520 -0.030841 -0.129797 0.285040 0.047103 -0.080766 0.263874 -0.214228 0.041423 0.227205 -0.309526 0.071281 0.395544 -0.424139 0.027351 0.490522 -0.296711 -0.253046 0.470133 -0.303572 -0.135191 0.539742 -0.299789 -0.021903 0.512453 -0.164665 -0.128521 0.519123 -0.182050 0.028675 0.485779 -0.179905 0.104429 0.372218 -0.082079 -0.000137 0.444026 -0.111032 0.141384 0.397937 -0.103795 0.177145 0.267795 -0.004864 0.057923 0.356884 -0.041956 0.172319 0.351500 -0.051375 0.223111 0.248862 
0.000000 0.000000 0.000000 -0.058394 -0.009401 -0.046105 -0.261508 -0.278744 0.212617 -0.131088 -0.214463 0.270109 -0.035161 -0.149864 0.274501 0.038774 -0.092522 0.261357 -0.229875 0.010631 0.214739 -0.337177 0.023166 0.377957 -0.452090 -0.037199 0.463034 -0.297988 -0.307340 0.434589 -0.321673 -0.194659 0.508912 -0.328975 -0.079962 0.489304 -0.181892 -0.173652 0.498644 -0.212599 -0.016705 0.475212 -0.211609 0.067098 0.367437 -0.107728 -0.037377 0.438190 -0.147551 0.105880 0.408483 -0.138059 0.160600 0.285261 -0.029016 0.032555 0.363075 -0.077589 0.142204 0.373522 -0.093666 0.209120 0.281506 
0.000000 0.000000 0.000000 -0.054730 -0.011859 -0.049879 -0.245206 -0.313455 0.181413 -0.124603 -0.241217 0.249851 -0.035508 -0.168599 0.263363 0.033333 -0.104130 0.257715 -0.237279 -0.002789 0.203971 -0.365399 -0.029531 0.349509 -0.477599 -0.105836 0.424846 -0.289860 -0.360380 0.398725 -0.332447 -0.252112 0.471157 -0.353402 -0.138736 0.453842 -0.198724 -0.214999 0.474112 -0.245995 -0.061815 0.453507 -0.246279 0.026107 0.349060 -0.132985 -0.074044 0.425447 -0.187694 0.065802 0.404449 -0.176936 0.132314 0.287280 -0.054878 0.010063 0.356534 -0.117703 0.109629 0.381651 -0.142186 0.185661 0.299050 
0.000000 0.000000 0.000000 -0.050055 -0.015851 -0.053546 -0.214861 -0.348850 0.153064 -0.107888 -0.266183 0.231612 -0.029165 -0.184220 0.253493 0.031529 -0.111818 0.254703 -0.246218 -0.026156 0.189888 -0.381307 -0.088512 0.317065 -0.486748 -0.179842 0.385093 -0.265953 -0.410095 0.365335 -0.327388 -0.309527 0.435291 -0.362148 -0.199530 0.418397 -0.200459 -0.258114 0.450335 -0.264729 -0.111490 0.428079 -0.268249 -0.021405 0.325553 -0.149642 -0.113758 0.412345 -0.219479 0.019294 0.392081 -0.208546 0.093404 0.279581 -0.075212 -0.019778 0.358247 -0.150725 0.072202 0.376379 -0.180147 0.150086 0.297185 
0.000000 0.000000 0.000000 -0.045836 -0.018979 -0.056239 -0.181005 -0.376117 0.130628 -0.087003 -0.285619 0.216771 -0.018727 -0.196560 0.245071 0.033520 -0.118105 0.251592 -0.252581 -0.048183 0.176677 -0.385656 -0.138815 0.287979 -0.482796 -0.243690 0.348409 -0.235030 -0.450391 0.337956 -0.312857 -0.357664 0.402194 -0.360213 -0.252648 0.384244 -0.193184 -0.293995 0.429208 -0.271202 -0.155292 0.400940 -0.278138 -0.064798 0.298949 -0.154156 -0.150012 0.400654 -0.233237 -0.023321 0.374455 -0.223071 0.055934 0.265445 -0.089287 -0.048252 0.354672 -0.175385 0.035001 0.366812 -0.208438 0.113557 0.289744 
0.000000 0.000000 0.000000 -0.040219 -0.023128 -0.058919 -0.145188 -0.395595 0.117113 -0.066789 -0.296498 0.209202 -0.010514 -0.200856 0.242059 0.032254 -0.117214 0.252174 -0.256097 -0.076931 0.160963 -0.384519 -0.181855 0.264934 -0.472578 -0.297029 0.320319 -0.199769 -0.477568 0.321371 -0.291272 -0.395085 0.381419 -0.348848 -0.296233 0.358912 -0.184022 -0.319002 0.414688 -0.274900 -0.189377 0.382083 -0.284638 -0.099654 0.279641 -0.158177 -0.176469 0.391440 -0.247660 -0.057990 0.360679 -0.238955 0.024370 0.253865 -0.097638 -0.072412 0.360373 -0.188186 0.006786 0.355901 -0.224801 0.083903 0.278989 
0.000000 0.000000 0.000000 -0.034493 -0.027086 -0.060832 -0.109764 -0.408513 0.111172 -0.046878 -0.301966 0.206775 -0.002512 -0.201078 0.242090 0.030860 -0.113495 0.254043 -0.260492 -0.102198 0.141971 -0.382655 -0.217167 0.242815 -0.458745 -0.339945 0.299584 -0.166005 -0.493606 0.313696 -0.269000 -0.422394 0.369399 -0.335627 -0.330698 0.342088 -0.170773 -0.335677 0.406745 -0.272790 -0.216340 0.368328 -0.288986 -0.127588 0.265858 -0.155380 -0.197658 0.388150 -0.254233 -0.088370 0.352443 -0.254410 -0.002416 0.248136 -0.102972 -0.090945 0.364345 -0.198655 -0.019487 0.349184 -0.243664 0.054421 0.273586 
0.000000 0.000000 0.000000 -0.028675 -0.031590 -0.061675 -0.077809 -0.414139 0.117153 -0.029931 -0.300005 0.212693 0.003182 -0.194644 0.247285 0.027787 -0.104097 0.258385 -0.258253 -0.128580 0.127357 -0.377491 -0.243737 0.231436 -0.443524 -0.369141 0.294685 -0.133846 -0.498867 0.319887 -0.244779 -0.436320 0.370521 -0.319749 -0.352102 0.340855 -0.156160 -0.341741 0.409667 -0.268101 -0.233381 0.366634 -0.294754 -0.146430 0.264808 -0.149527 -0.211426 0.392585 -0.260011 -0.115580 0.352614 -0.276863 -0.029170 0.250060 -0.106565 -0.100568 0.370294 -0.206558 -0.038590 0.344771 -0.262851 0.028860 0.270712 
0.000000 0.000000 0.000000 -0.020183 -0.037233 -0.061889 -0.044310 -0.414293 0.132998 -0.016284 -0.291487 0.225627 0.002957 -0.181739 0.256921 0.017187 -0.088680 0.264975 -0.245773 -0.162959 0.114601 -0.373746 -0.264338 0.222566 -0.433099 -0.389264 0.292976 -0.106985 -0.491947 0.336620 -0.225989 -0.440325 0.380838 -0.308236 -0.365948 0.344830 -0.147318 -0.337414 0.418488 -0.267580 -0.242754 0.366515 -0.302021 -0.162046 0.261924 -0.148694 -0.212914 0.400948 -0.268652 -0.133403 0.353210 -0.301330 -0.053239 0.249413 -0.112886 -0.102750 0.381032 -0.215241 -0.052274 0.342731 -0.278325 0.004430 0.265218 
0.000000 0.000000 0.000000 -0.015294 -0.040989 -0.060909 -0.026838 -0.410014 0.149862 -0.009890 -0.281890 0.237861 0.001749 -0.169957 0.264873 0.010360 -0.075968 0.269245 -0.246172 -0.163127 0.111207 -0.369194 -0.271595 0.218032 -0.429018 -0.393043 0.293914 -0.089255 -0.483909 0.354956 -0.212963 -0.438377 0.392442 -0.301432 -0.372351 0.354931 -0.143274 -0.332300 0.427971 -0.271254 -0.251337 0.371485 -0.317726 -0.176553 0.267145 -0.147256 -0.210432 0.409347 -0.275767 -0.146056 0.361061 -0.327603 -0.073108 0.259771 -0.113404 -0.098281 0.390780 -0.221287 -0.062819 0.350842 -0.291665 -0.019450 0.271035 
0.000000 0.000000 0.000000 -0.010417 -0.044695 -0.059311 -0.019387 -0.402398 0.170265 -0.012079 -0.269279 0.251953 -0.006157 -0.155711 0.273427 -0.001354 -0.061348 0.273140 -0.245115 -0.164877 0.108972 -0.368854 -0.274709 0.213552 -0.429314 -0.396743 0.287978 -0.085216 -0.472021 0.375788 -0.212644 -0.435470 0.410546 -0.308007 -0.378864 0.374564 -0.142756 -0.323000 0.443034 -0.278598 -0.255939 0.386692 -0.338702 -0.188834 0.284106 -0.146868 -0.206126 0.423001 -0.284920 -0.159097 0.381520 -0.361254 -0.097262 0.288689 -0.111652 -0.093885 0.404905 -0.225096 -0.074483 0.369616 -0.306007 -0.044903 0.293580 
0.000000 0.000000 0.000000 -0.003966 -0.047754 -0.057686 -0.017299 -0.394667 0.187694 -0.021601 -0.257769 0.263108 -0.021769 -0.143190 0.279408 -0.020592 -0.048821 0.274888 -0.242105 -0.166580 0.106682 -0.371274 -0.271635 0.209590 -0.430405 -0.395335 0.282312 -0.089678 -0.455090 0.393923 -0.218683 -0.424787 0.428874 -0.319436 -0.376171 0.396036 -0.151120 -0.309662 0.455479 -0.295049 -0.255024 0.406247 -0.369999 -0.195854 0.308673 -0.151419 -0.196466 0.437732 -0.296350 -0.163739 0.407490 -0.389833 -0.113930 0.323537 -0.117326 -0.085914 0.415789 -0.235641 -0.078516 0.394861 -0.327748 -0.059205 0.328933 
0.000000 0.000000 0.000000 -0.001345 -0.050787 -0.055161 -0.027919 -0.383962 0.207568 -0.035349 -0.243195 0.275216 -0.035865 -0.127904 0.285308 -0.034105 -0.033917 0.275785 -0.257026 -0.151159 0.094502 -0.367438 -0.276528 0.196497 -0.423128 -0.398477 0.274688 -0.095411 -0.448876 0.414089 -0.227351 -0.423906 0.441481 -0.331338 -0.382396 0.408973 -0.160165 -0.300765 0.469075 -0.308279 -0.260031 0.418801 -0.395344 -0.211324 0.325599 -0.152544 -0.189752 0.450458 -0.301456 -0.174070 0.426582 -0.404507 -0.137793 0.347006 -0.114331 -0.085316 0.422442 -0.233894 -0.089919 0.409225 -0.335192 -0.080694 0.355775 
0.000000 0.000000 0.000000 0.005876 -0.052946 -0.052784 -0.019690 -0.376303 0.222033 -0.040741 -0.233700 0.282598 -0.049072 -0.118369 0.287449 -0.052372 -0.024924 0.273874 -0.259842 -0.160491 0.072415 -0.356207 -0.294315 0.177847 -0.405362 -0.413692 0.263986 -0.093967 -0.447511 0.424104 -0.227476 -0.430947 0.450236 -0.333286 -0.394782 0.417228 -0.163134 -0.301874 0.474554 -0.315271 -0.276478 0.426242 -0.410255 -0.237635 0.336194 -0.148202 -0.192957 0.458690 -0.297984 -0.192820 0.435111 -0.401518 -0.166185 0.352410 -0.111613 -0.088558 0.425622 -0.230748 -0.104257 0.418435 -0.336258 -0.104092 0.372929 
0.000000 0.000000 0.000000 0.011238 -0.054612 -0.050151 -0.016957 -0.368039 0.235691 -0.047582 -0.224303 0.289070 -0.061051 -0.109358 0.288721 -0.067482 -0.016740 0.271177 -0.260138 -0.179027 0.043240 -0.338715 -0.320225 0.153694 -0.383350 -0.437107 0.245526 -0.094087 -0.441195 0.435989 -0.229310 -0.434292 0.457184 -0.335393 -0.405996 0.417956 -0.164715 -0.302950 0.480300 -0.318081 -0.293765 0.430108 -0.422585 -0.268835 0.345866 -0.141669 -0.196126 0.463895 -0.291236 -0.213442 0.445991 -0.401746 -0.199689 0.369398 -0.105832 -0.091379 0.424620 -0.222536 -0.120890 0.423902 -0.330200 -0.132105 0.385356 
0.000000 0.000000 0.000000 0.017225 -0.056144 -0.046638 -0.024074 -0.358550 0.249304 -0.063897 -0.214012 0.293689 -0.081176 -0.099759 0.287236 -0.089256 -0.008234 0.265211 -0.251348 -0.206761 0.008400 -0.323447 -0.345260 0.126429 -0.370573 -0.455799 0.224648 -0.104386 -0.433961 0.447504 -0.239991 -0.434560 0.467329 -0.346864 -0.412271 0.426408 -0.162712 -0.295534 0.493849 -0.319149 -0.311990 0.456682 -0.436062 -0.310704 0.386192 -0.130299 -0.190947 0.471588 -0.277419 -0.227574 0.469392 -0.395051 -0.229221 0.402848 -0.102786 -0.081661 0.423361 -0.212436 -0.128313 0.440445 -0.321249 -0.157399 0.417709 
0.000000 0.000000 0.000000 0.021348 -0.057287 -0.043432 -0.037981 -0.351032 0.258117 -0.082812 -0.205810 0.294825 -0.101007 -0.092080 0.283487 -0.108586 -0.001407 0.258028 -0.239931 -0.226578 -0.013088 -0.316949 -0.361398 0.106087 -0.369984 -0.467839 0.205809 -0.122794 -0.430631 0.452772 -0.257981 -0.437936 0.474056 -0.367332 -0.421442 0.437129 -0.160642 -0.291436 0.502394 -0.316946 -0.320559 0.473315 -0.438715 -0.331014 0.412469 -0.125168 -0.181302 0.473670 -0.267637 -0.231853 0.485420 -0.389947 -0.247168 0.429977 -0.108550 -0.074130 0.417080 -0.209608 -0.131756 0.448030 -0.315541 -0.176200 0.445568 
0.000000 0.000000 0.000000 0.022422 -0.057834 -0.042147 -0.051865 -0.348657 0.258918 -0.096542 -0.202701 0.292795 -0.113055 -0.088876 0.279939 -0.118653 0.001677 0.253554 -0.231244 -0.240566 -0.031718 -0.308208 -0.372199 0.091002 -0.366687 -0.476107 0.190352 -0.133805 -0.434140 0.452305 -0.268273 -0.448049 0.474821 -0.379652 -0.437512 0.442007 -0.155484 -0.294529 0.503906 -0.311153 -0.333285 0.484162 -0.433789 -0.348856 0.426219 -0.121570 -0.179757 0.470679 -0.257434 -0.242259 0.495684 -0.381821 -0.267628 0.449292 -0.109344 -0.070758 0.412466 -0.204779 -0.134243 0.449251 -0.304886 -0.188903 0.463178 
0.000000 0.000000 0.000000 0.022485 -0.058247 -0.041540 -0.062995 -0.347341 0.258217 -0.106200 -0.200660 0.290851 -0.120685 -0.086622 0.277449 -0.124308 0.003955 0.250805 -0.221423 -0.254062 -0.044933 -0.301113 -0.382408 0.079518 -0.364670 -0.484292 0.177839 -0.139567 -0.437568 0.451649 -0.272440 -0.458143 0.478172 -0.385018 -0.452578 0.448367 -0.145147 -0.294125 0.505844 -0.299479 -0.341370 0.497241 -0.422105 -0.360061 0.440208 -0.113675 -0.174946 0.469448 -0.242753 -0.245374 0.506455 -0.368069 -0.278491 0.468150 -0.109702 -0.069250 0.408963 -0.198803 -0.137272 0.452842 -0.292678 -0.198400 0.478415 