83
0.000000 0.000000 0.000000 -0.026185 -0.048121 -0.051212 -0.054295 -0.353827 0.251294 -0.020909 -0.233779 0.284689 0.001458 -0.140217 0.281750 0.021150 -0.054998 0.273677 -0.176909 -0.122964 0.212468 -0.271223 -0.169797 0.377461 -0.166205 -0.112867 0.476542 -0.118515 -0.397830 0.464272 -0.161365 -0.267896 0.472227 -0.154989 -0.188047 0.387512 -0.064755 -0.278918 0.513849 -0.158613 -0.149676 0.489114 -0.150569 -0.103602 0.360850 -0.013505 -0.177487 0.489358 -0.120865 -0.076574 0.525152 -0.117475 -0.046664 0.393387 0.008393 -0.012051 0.442730 -0.067544 0.033676 0.524180 -0.130839 0.034616 0.428284 
0.000000 0.000000 0.000000 -0.024657 -0.047662 -0.052385 -0.069987 -0.353404 0.247987 -0.036354 -0.233897 0.283033 -0.012556 -0.140660 0.281253 0.008670 -0.055718 0.274211 -0.194870 -0.112920 0.201810 -0.301378 -0.153754 0.360869 -0.200461 -0.095379 0.463313 -0.144726 -0.393555 0.458278 -0.185632 -0.262770 0.456259 -0.175258 -0.183988 0.370942 -0.094400 -0.270773 0.510509 -0.188382 -0.144110 0.475176 -0.174689 -0.100748 0.346445 -0.039604 -0.170346 0.488861 -0.149033 -0.069072 0.516424 -0.137828 -0.044141 0.384058 -0.022793 -0.002475 0.437800 -0.101094 0.049547 0.512992 -0.156675 0.049147 0.412425 
0.000000 0.000000 0.000000 -0.023194 -0.047036 -0.053606 -0.087831 -0.352641 0.243352 -0.053511 -0.233902 0.280292 -0.027866 -0.141140 0.279909 -0.004714 -0.056607 0.274125 -0.202778 -0.107345 0.195309 -0.315150 -0.145082 0.351064 -0.216646 -0.087690 0.456373 -0.172196 -0.380859 0.451934 -0.210812 -0.249398 0.448970 -0.195864 -0.172262 0.362832 -0.122248 -0.258750 0.506416 -0.210138 -0.126943 0.474373 -0.191118 -0.086269 0.345441 -0.067039 -0.160444 0.486807 -0.170662 -0.051825 0.508137 -0.152918 -0.031332 0.375723 -0.042332 0.005076 0.433393 -0.114467 0.064166 0.509527 -0.162951 0.063777 0.405353 
0.000000 0.000000 0.000000 -0.024817 -0.045473 -0.054224 -0.113969 -0.347147 0.240396 -0.073400 -0.230738 0.278405 -0.042245 -0.139679 0.278840 -0.013955 -0.056675 0.273796 -0.219641 -0.105999 0.182898 -0.341548 -0.143872 0.331274 -0.245637 -0.088945 0.440228 -0.209957 -0.382503 0.442773 -0.248045 -0.251119 0.434429 -0.226977 -0.175220 0.348471 -0.149780 -0.255510 0.502072 -0.233921 -0.125409 0.456045 -0.208580 -0.087819 0.327265 -0.088932 -0.155894 0.484439 -0.194312 -0.047454 0.495684 -0.168981 -0.032145 0.363805 -0.047657 -0.005514 0.437604 -0.138392 0.053568 0.490215 -0.179063 0.053512 0.382749 
0.000000 0.000000 0.000000 -0.025877 -0.043587 -0.055267 -0.142517 -0.340624 0.234424 -0.096056 -0.227130 0.274449 -0.059383 -0.138171 0.276457 -0.025895 -0.057049 0.272848 -0.230123 -0.097965 0.175326 -0.357926 -0.131991 0.319616 -0.264881 -0.078631 0.431786 -0.241622 -0.372440 0.435884 -0.270940 -0.238965 0.425542 -0.244293 -0.165068 0.339389 -0.178726 -0.248212 0.496250 -0.254275 -0.114395 0.446153 -0.223036 -0.079522 0.317906 -0.118940 -0.144575 0.479252 -0.221119 -0.032582 0.482067 -0.188163 -0.022455 0.351379 -0.079248 0.008819 0.425822 -0.163442 0.074834 0.481000 -0.195313 0.073089 0.370617 
0.000000 0.000000 0.000000 -0.024440 -0.042763 -0.056550 -0.163558 -0.336506 0.226501 -0.115789 -0.224456 0.268979 -0.076674 -0.136610 0.272956 -0.040696 -0.056501 0.271151 -0.245185 -0.093280 0.159242 -0.383313 -0.124890 0.294270 -0.293821 -0.073149 0.410032 -0.272636 -0.369726 0.422508 -0.299773 -0.235850 0.411420 -0.266953 -0.163421 0.326156 -0.209903 -0.242807 0.486419 -0.282616 -0.108861 0.432604 -0.243845 -0.076429 0.305781 -0.142310 -0.143235 0.473858 -0.240981 -0.028231 0.468491 -0.201404 -0.021028 0.339457 -0.095646 0.006224 0.424879 -0.184297 0.073950 0.470107 -0.208398 0.071794 0.357779 
0.000000 0.000000 0.000000 -0.026471 -0.040508 -0.057291 -0.188362 -0.327104 0.220937 -0.133856 -0.218872 0.265169 -0.089081 -0.133849 0.270546 -0.047871 -0.056281 0.270022 -0.256117 -0.085219 0.150339 -0.399814 -0.113195 0.280260 -0.314531 -0.060689 0.398821 -0.305893 -0.358456 0.412310 -0.331857 -0.224327 0.401482 -0.293503 -0.154302 0.316520 -0.234899 -0.234575 0.479688 -0.301693 -0.101075 0.417711 -0.257080 -0.072221 0.291948 -0.169921 -0.126655 0.465807 -0.269753 -0.012824 0.457625 -0.222655 -0.011575 0.330943 -0.123375 0.015650 0.410419 -0.211562 0.082996 0.457098 -0.225228 0.076223 0.343210 
0.000000 0.000000 0.000000 -0.023717 -0.041155 -0.058031 -0.202906 -0.322155 0.215257 -0.149884 -0.213715 0.260764 -0.104698 -0.128991 0.267294 -0.062821 -0.051781 0.267849 -0.265044 -0.078223 0.137503 -0.416051 -0.101418 0.259855 -0.334723 -0.047594 0.380584 -0.328400 -0.346217 0.402587 -0.351951 -0.211923 0.388708 -0.308878 -0.144843 0.303631 -0.262491 -0.218778 0.469973 -0.328222 -0.086746 0.403856 -0.277799 -0.062371 0.279347 -0.192510 -0.117085 0.459286 -0.294026 -0.005739 0.442335 -0.241117 -0.009384 0.318016 -0.139534 0.023759 0.405672 -0.229739 0.095908 0.439566 -0.235579 0.085423 0.325290 
0.000000 0.000000 0.000000 -0.023026 -0.040730 -0.058607 -0.220904 -0.313858 0.209725 -0.165933 -0.206931 0.256482 -0.118213 -0.123703 0.264139 -0.073839 -0.047916 0.265750 -0.273351 -0.076236 0.125575 -0.429988 -0.098454 0.240824 -0.352960 -0.043998 0.364064 -0.353152 -0.337811 0.392364 -0.371911 -0.203415 0.373180 -0.323997 -0.138872 0.288731 -0.285499 -0.210881 0.461818 -0.347035 -0.080345 0.389029 -0.290725 -0.059268 0.266456 -0.213210 -0.108232 0.452421 -0.315810 0.000221 0.425928 -0.257082 -0.007307 0.304427 -0.156677 0.030432 0.398361 -0.248466 0.103643 0.424937 -0.247577 0.090069 0.310840 
0.000000 0.000000 0.000000 -0.021606 -0.040839 -0.059070 -0.233428 -0.308415 0.204162 -0.178375 -0.202015 0.252011 -0.129574 -0.119520 0.260714 -0.084027 -0.044460 0.263313 -0.280193 -0.068617 0.114733 -0.442001 -0.085999 0.223487 -0.369036 -0.030330 0.348642 -0.375091 -0.325795 0.380371 -0.397293 -0.191690 0.362911 -0.345186 -0.129004 0.279553 -0.307949 -0.197610 0.451173 -0.367332 -0.066963 0.376813 -0.305979 -0.048642 0.256233 -0.235356 -0.094567 0.442101 -0.336108 0.015491 0.415137 -0.272454 0.004618 0.296402 -0.180296 0.041985 0.380982 -0.268788 0.114556 0.418317 -0.262265 0.098427 0.304737 
0.000000 0.000000 0.000000 -0.022267 -0.039670 -0.059619 -0.248205 -0.300216 0.198883 -0.189824 -0.196269 0.248158 -0.138018 -0.115766 0.258061 -0.089656 -0.042536 0.261770 -0.286741 -0.067667 0.105049 -0.452232 -0.085186 0.208088 -0.382951 -0.028641 0.334933 -0.394453 -0.321316 0.370891 -0.413027 -0.187439 0.348223 -0.357532 -0.126558 0.265718 -0.324867 -0.192347 0.443664 -0.381908 -0.065113 0.361918 -0.316243 -0.049027 0.243307 -0.248219 -0.089407 0.436595 -0.349240 0.017461 0.399652 -0.281896 0.004384 0.283197 -0.190341 0.043905 0.375686 -0.282746 0.116354 0.402213 -0.272491 0.098597 0.289153 
0.000000 0.000000 0.000000 -0.019560 -0.038801 -0.061121 -0.270111 -0.292583 0.180903 -0.211813 -0.190668 0.234346 -0.158237 -0.111885 0.247969 -0.107922 -0.040247 0.255155 -0.296584 -0.060909 0.082459 -0.469928 -0.074743 0.172302 -0.409407 -0.016671 0.302884 -0.427195 -0.311991 0.343285 -0.441769 -0.178112 0.317868 -0.379852 -0.119199 0.238567 -0.361479 -0.180214 0.418643 -0.412140 -0.052802 0.333063 -0.337583 -0.039746 0.219440 -0.283588 -0.078223 0.414906 -0.382251 0.028090 0.370703 -0.306453 0.012202 0.259931 -0.223645 0.054212 0.346106 -0.313337 0.125822 0.382416 -0.294707 0.106071 0.270765 
0.000000 0.000000 0.000000 -0.019560 -0.038801 -0.061121 -0.270111 -0.292583 0.180903 -0.211813 -0.190668 0.234346 -0.158237 -0.111885 0.247969 -0.107922 -0.040247 0.255155 -0.296584 -0.060909 0.082459 -0.469928 -0.074743 0.172302 -0.409407 -0.016671 0.302884 -0.427195 -0.311991 0.343285 -0.441769 -0.178112 0.317868 -0.379852 -0.119199 0.238567 -0.361479 -0.180214 0.418643 -0.412140 -0.052802 0.333063 -0.337583 -0.039746 0.219440 -0.283588 -0.078223 0.414906 -0.382251 0.028090 0.370703 -0.306453 0.012202 0.259931 -0.223645 0.054212 0.346106 -0.313337 0.125822 0.382416 -0.294707 0.106071 0.270765 
0.000000 0.000000 0.000000 -0.016715 -0.040028 -0.061174 -0.274159 -0.292389 0.175031 -0.219069 -0.188972 0.228988 -0.166875 -0.109401 0.243373 -0.117609 -0.037117 0.251320 -0.298052 -0.061899 0.073797 -0.474095 -0.075584 0.158252 -0.417510 -0.016586 0.290177 -0.436440 -0.308690 0.332572 -0.451683 -0.174855 0.307312 -0.387191 -0.116802 0.229442 -0.373259 -0.178747 0.409530 -0.420851 -0.050950 0.322768 -0.342580 -0.039017 0.211545 -0.297406 -0.074095 0.405943 -0.393641 0.033776 0.360191 -0.314152 0.016710 0.252218 -0.235434 0.057654 0.339195 -0.326030 0.129409 0.372884 -0.303868 0.108486 0.262095 
0.000000 0.000000 0.000000 -0.014202 -0.040259 -0.061656 -0.282147 -0.290920 0.164466 -0.229126 -0.187402 0.220270 -0.177379 -0.107898 0.236519 -0.128302 -0.035702 0.246242 -0.302199 -0.060973 0.058655 -0.482409 -0.073934 0.133938 -0.431175 -0.013439 0.267363 -0.451381 -0.305879 0.314652 -0.466851 -0.172477 0.287331 -0.398969 -0.115513 0.211565 -0.392188 -0.173390 0.392575 -0.436414 -0.048560 0.299915 -0.353306 -0.038324 0.192084 -0.314077 -0.071507 0.393690 -0.408122 0.033695 0.338199 -0.324288 0.015308 0.233787 -0.253269 0.062285 0.319510 -0.343918 0.133184 0.354827 -0.316790 0.110978 0.245401 
0.000000 0.000000 0.000000 -0.014359 -0.038539 -0.062709 -0.291417 -0.287311 0.154332 -0.236618 -0.186388 0.213093 -0.183151 -0.108572 0.231763 -0.132446 -0.037850 0.243714 -0.305079 -0.062056 0.050316 -0.486993 -0.076771 0.121040 -0.439804 -0.015930 0.255794 -0.464613 -0.305772 0.299531 -0.477807 -0.172629 0.269854 -0.407336 -0.116307 0.195996 -0.403318 -0.174722 0.382059 -0.444876 -0.049866 0.288204 -0.358371 -0.040225 0.183023 -0.326488 -0.070253 0.382428 -0.423058 0.030659 0.323423 -0.335551 0.011592 0.222196 -0.263459 0.062254 0.302032 -0.353638 0.131158 0.342173 -0.322906 0.108157 0.233870 
0.000000 0.000000 0.000000 -0.012174 -0.039303 -0.062698 -0.295564 -0.286427 0.147959 -0.243012 -0.184664 0.207320 -0.190404 -0.106471 0.226840 -0.140316 -0.035458 0.239635 -0.306420 -0.059891 0.041425 -0.490540 -0.072775 0.106578 -0.446211 -0.011252 0.241990 -0.473071 -0.301408 0.288268 -0.488708 -0.168380 0.259265 -0.416187 -0.112923 0.186751 -0.414696 -0.169312 0.370916 -0.455589 -0.045980 0.274783 -0.366615 -0.037609 0.171570 -0.337195 -0.065312 0.373374 -0.431822 0.036660 0.313055 -0.342148 0.016149 0.214030 -0.271338 0.065817 0.295875 -0.361522 0.135528 0.334585 -0.328310 0.111855 0.227162 
0.000000 0.000000 0.000000 -0.012034 -0.037839 -0.063618 -0.303534 -0.283017 0.138054 -0.249811 -0.183514 0.200137 -0.195916 -0.106813 0.221933 -0.144585 -0.037110 0.236832 -0.308282 -0.056452 0.035056 -0.493655 -0.068099 0.096799 -0.451349 -0.007156 0.233118 -0.483575 -0.297460 0.275156 -0.496413 -0.164212 0.245791 -0.421760 -0.109642 0.174782 -0.423339 -0.167481 0.361708 -0.459493 -0.042425 0.265904 -0.368523 -0.035007 0.164372 -0.346029 -0.062531 0.364126 -0.438374 0.040150 0.301518 -0.346881 0.018393 0.204442 -0.275859 0.066452 0.288098 -0.366217 0.137737 0.323385 -0.330744 0.113954 0.216712 
0.000000 0.000000 0.000000 -0.011066 -0.037162 -0.064191 -0.310107 -0.280244 0.128793 -0.256556 -0.181943 0.192907 -0.202209 -0.106116 0.216558 -0.150357 -0.037197 0.233196 -0.310182 -0.054861 0.025601 -0.497350 -0.065936 0.081786 -0.457374 -0.005929 0.219219 -0.492892 -0.296573 0.261995 -0.504321 -0.163018 0.233458 -0.427424 -0.108949 0.164490 -0.434202 -0.165297 0.349876 -0.469148 -0.040993 0.252655 -0.375429 -0.034421 0.153595 -0.354026 -0.062761 0.357219 -0.444514 0.040360 0.292652 -0.351069 0.018103 0.197570 -0.282924 0.065806 0.282214 -0.374172 0.136705 0.315954 -0.336634 0.113384 0.209887 
0.000000 0.000000 0.000000 -0.010969 -0.035881 -0.064932 -0.317714 -0.275572 0.120034 -0.262977 -0.179482 0.186458 -0.207365 -0.105226 0.212070 -0.154297 -0.037709 0.230524 -0.312226 -0.051305 0.017849 -0.500733 -0.060957 0.069647 -0.463242 -0.000937 0.207773 -0.503330 -0.289670 0.249527 -0.512295 -0.155940 0.220924 -0.433162 -0.103080 0.153567 -0.444075 -0.159762 0.339066 -0.474751 -0.035415 0.240468 -0.378734 -0.030304 0.143546 -0.362643 -0.058645 0.347837 -0.451603 0.044728 0.281572 -0.356189 0.021076 0.188810 -0.286603 0.067722 0.274862 -0.377672 0.140292 0.305380 -0.337897 0.116340 0.200274 
0.000000 0.000000 0.000000 -0.008552 -0.036404 -0.065004 -0.327495 -0.269048 0.107938 -0.274289 -0.173142 0.175854 -0.218687 -0.099524 0.203267 -0.165408 -0.032681 0.223480 -0.313606 -0.048224 0.003179 -0.504489 -0.055620 0.045842 -0.472338 0.006730 0.184282 -0.519107 -0.280066 0.228700 -0.525671 -0.146774 0.197523 -0.442326 -0.096846 0.133071 -0.461271 -0.149517 0.320609 -0.485020 -0.027646 0.217129 -0.384408 -0.026325 0.124853 -0.379049 -0.047481 0.330896 -0.462375 0.054617 0.255906 -0.363148 0.026943 0.168406 -0.298355 0.075690 0.257641 -0.389865 0.150284 0.281155 -0.344965 0.123203 0.178912 
0.000000 0.000000 0.000000 -0.008552 -0.036404 -0.065004 -0.327495 -0.269048 0.107938 -0.274289 -0.173142 0.175854 -0.218687 -0.099524 0.203267 -0.165408 -0.032681 0.223480 -0.313606 -0.048224 0.003179 -0.504489 -0.055620 0.045842 -0.472338 0.006730 0.184282 -0.519107 -0.280066 0.228700 -0.525671 -0.146774 0.197523 -0.442326 -0.096846 0.133071 -0.461271 -0.149517 0.320609 -0.485020 -0.027646 0.217129 -0.384408 -0.026325 0.124853 -0.379049 -0.047481 0.330896 -0.462375 0.054617 0.255906 -0.363148 0.026943 0.168406 -0.298355 0.075690 0.257641 -0.389865 0.150284 0.281155 -0.344965 0.123203 0.178912 
0.000000 0.000000 0.000000 -0.007409 -0.036655 -0.065003 -0.331427 -0.266460 0.102205 -0.279055 -0.170573 0.170794 -0.223573 -0.097180 0.199041 -0.170306 -0.030580 0.220073 -0.314352 -0.046703 -0.005579 -0.506417 -0.052990 0.031605 -0.476813 0.010284 0.170194 -0.526188 -0.276416 0.217916 -0.531417 -0.143787 0.183796 -0.446185 -0.095233 0.120778 -0.469998 -0.143274 0.309610 -0.492444 -0.024144 0.202704 -0.389737 -0.024456 0.112757 -0.387157 -0.040665 0.320533 -0.469635 0.058585 0.240923 -0.368840 0.028855 0.155926 -0.304247 0.078419 0.247734 -0.396442 0.153445 0.266775 -0.348948 0.124931 0.166105 
0.000000 0.000000 0.000000 -0.007326 -0.035594 -0.065599 -0.336553 -0.262653 0.095056 -0.283384 -0.168600 0.165544 -0.227050 -0.096504 0.195401 -0.172964 -0.031061 0.217921 -0.315200 -0.044138 -0.010945 -0.507847 -0.049484 0.023254 -0.479954 0.013405 0.162372 -0.532509 -0.272513 0.208742 -0.535409 -0.139571 0.175572 -0.448764 -0.091763 0.113927 -0.475958 -0.140014 0.301825 -0.494215 -0.020280 0.194797 -0.390094 -0.021478 0.106497 -0.392143 -0.038106 0.313924 -0.472405 0.062015 0.233150 -0.370520 0.031244 0.149840 -0.305866 0.079954 0.242393 -0.397346 0.156368 0.259237 -0.348342 0.127357 0.159437 
0.000000 0.000000 0.000000 -0.006721 -0.035248 -0.065851 -0.339742 -0.260522 0.089407 -0.286810 -0.167185 0.161016 -0.230340 -0.095648 0.191941 -0.176069 -0.030716 0.215470 -0.315291 -0.042271 -0.015041 -0.508374 -0.046665 0.016752 -0.481662 0.015668 0.156351 -0.537077 -0.270525 0.200669 -0.539335 -0.137403 0.168181 -0.451596 -0.089958 0.107816 -0.480695 -0.138258 0.295353 -0.497299 -0.018032 0.188607 -0.392114 -0.019643 0.101586 -0.396259 -0.037130 0.309244 -0.474879 0.063452 0.227434 -0.372218 0.032363 0.145201 -0.308236 0.081178 0.239918 -0.399210 0.158197 0.256747 -0.349252 0.129354 0.157372 
0.000000 0.000000 0.000000 -0.006163 -0.035135 -0.065966 -0.340851 -0.260257 0.085889 -0.288464 -0.167098 0.158127 -0.232193 -0.095679 0.189679 -0.178061 -0.030849 0.213807 -0.315122 -0.042324 -0.017603 -0.508448 -0.046822 0.012660 -0.482966 0.015734 0.152389 -0.539106 -0.270493 0.195481 -0.542041 -0.137249 0.163549 -0.453629 -0.090073 0.103959 -0.482599 -0.139506 0.292383 -0.498885 -0.017424 0.187716 -0.392910 -0.019299 0.101664 -0.398910 -0.037034 0.305782 -0.476919 0.063470 0.223293 -0.373532 0.032002 0.142120 -0.310873 0.080677 0.236379 -0.402290 0.157441 0.251916 -0.351184 0.128512 0.153151 
0.000000 0.000000 0.000000 -0.005535 -0.035142 -0.066017 -0.341580 -0.260332 0.082709 -0.289895 -0.167154 0.155427 -0.233940 -0.095719 0.187500 -0.180053 -0.030873 0.212129 -0.314887 -0.042662 -0.020291 -0.508460 -0.047368 0.008321 -0.484328 0.015581 0.148113 -0.540907 -0.270762 0.190320 -0.543610 -0.137763 0.157365 -0.454763 -0.090605 0.098412 -0.485881 -0.138610 0.286763 -0.501975 -0.018091 0.180270 -0.395164 -0.020111 0.095260 -0.402299 -0.036277 0.300794 -0.480544 0.063299 0.217409 -0.376296 0.031711 0.137393 -0.313221 0.080589 0.232836 -0.404883 0.157310 0.247090 -0.352747 0.128275 0.148896 
0.000000 0.000000 0.000000 -0.005721 -0.033837 -0.066680 -0.343866 -0.258992 0.077265 -0.291524 -0.167643 0.151811 -0.235028 -0.097298 0.185314 -0.180643 -0.033383 0.211246 -0.315430 -0.042660 -0.023681 -0.509226 -0.048180 0.003224 -0.486158 0.014090 0.143500 -0.543650 -0.271458 0.183806 -0.545366 -0.138224 0.151745 -0.455915 -0.091021 0.093749 -0.488121 -0.140686 0.282568 -0.502302 -0.020021 0.175969 -0.394852 -0.021715 0.091761 -0.404134 -0.037921 0.297524 -0.481079 0.061628 0.212907 -0.376352 0.030175 0.133465 -0.314013 0.078177 0.230029 -0.405815 0.154967 0.242958 -0.352932 0.126464 0.145008 
0.000000 0.000000 0.000000 -0.005431 -0.033400 -0.066924 -0.345057 -0.258465 0.073633 -0.292886 -0.167742 0.149057 -0.236382 -0.097774 0.183331 -0.181964 -0.034184 0.209980 -0.315392 -0.041257 -0.025586 -0.509345 -0.046172 0.000281 -0.486864 0.015329 0.140990 -0.545660 -0.270988 0.178617 -0.547866 -0.137402 0.148087 -0.457695 -0.090360 0.091084 -0.490215 -0.141150 0.278782 -0.504140 -0.019533 0.173236 -0.396019 -0.021301 0.089893 -0.405949 -0.038492 0.294893 -0.482632 0.061989 0.211142 -0.377447 0.030492 0.132325 -0.315133 0.077612 0.228800 -0.406795 0.154563 0.241754 -0.353445 0.126476 0.143937 
0.000000 0.000000 0.000000 -0.005304 -0.033383 -0.066943 -0.345756 -0.257816 0.072624 -0.293627 -0.167199 0.148206 -0.237088 -0.097343 0.182647 -0.182626 -0.033859 0.209458 -0.315366 -0.040965 -0.026322 -0.509383 -0.045710 -0.000904 -0.486921 0.015916 0.139753 -0.546333 -0.269958 0.177702 -0.547349 -0.136472 0.146677 -0.457077 -0.089689 0.089621 -0.490979 -0.139996 0.277768 -0.504058 -0.018579 0.171885 -0.395877 -0.020704 0.088628 -0.406531 -0.037898 0.294311 -0.482429 0.062807 0.210115 -0.377170 0.030963 0.131537 -0.315366 0.078588 0.227399 -0.406734 0.155987 0.239748 -0.353143 0.127614 0.142147 
0.000000 0.000000 0.000000 -0.005263 -0.033216 -0.067029 -0.346273 -0.257429 0.071526 -0.294105 -0.167076 0.147396 -0.237502 -0.097392 0.182082 -0.182975 -0.034060 0.209120 -0.315304 -0.040291 -0.026151 -0.509307 -0.044718 -0.000571 -0.486626 0.016471 0.140242 -0.546842 -0.268904 0.176696 -0.547591 -0.135344 0.145984 -0.457223 -0.088719 0.088949 -0.491281 -0.139215 0.277087 -0.503467 -0.017509 0.171428 -0.395414 -0.019744 0.088009 -0.406492 -0.037537 0.294213 -0.481662 0.063952 0.210307 -0.376620 0.031810 0.131560 -0.315210 0.078947 0.227282 -0.406229 0.156731 0.239784 -0.352542 0.128375 0.142230 
0.000000 0.000000 0.000000 -0.005300 -0.033035 -0.067116 -0.347060 -0.256625 0.070593 -0.294702 -0.166608 0.146730 -0.237932 -0.097171 0.181638 -0.183250 -0.034060 0.208879 -0.315522 -0.038550 -0.027392 -0.509639 -0.042002 -0.002536 -0.486468 0.018721 0.138399 -0.548132 -0.266563 0.174955 -0.548842 -0.132963 0.144417 -0.458160 -0.086604 0.087665 -0.492364 -0.137637 0.275434 -0.504613 -0.015363 0.170440 -0.396311 -0.017829 0.087351 -0.407310 -0.036549 0.292767 -0.482086 0.065551 0.209251 -0.376870 0.033242 0.130806 -0.315361 0.079051 0.227285 -0.406297 0.156907 0.239954 -0.352583 0.128914 0.142311 
0.000000 0.000000 0.000000 -0.005346 -0.033000 -0.067129 -0.347654 -0.255881 0.070370 -0.295128 -0.166004 0.146558 -0.238219 -0.096705 0.181510 -0.183409 -0.033724 0.208795 -0.315497 -0.038174 -0.026806 -0.509569 -0.041411 -0.001574 -0.486071 0.019185 0.139361 -0.548559 -0.266109 0.175025 -0.549547 -0.132450 0.144757 -0.458840 -0.086232 0.087929 -0.492379 -0.137508 0.275997 -0.505204 -0.015025 0.171316 -0.396954 -0.017741 0.088166 -0.407227 -0.036293 0.293316 -0.482152 0.065864 0.210005 -0.376992 0.033291 0.131594 -0.315311 0.079577 0.227532 -0.406102 0.157564 0.240430 -0.352572 0.129658 0.142660 
0.000000 0.000000 0.000000 -0.005390 -0.033011 -0.067120 -0.348017 -0.255373 0.070425 -0.295367 -0.165550 0.146591 -0.238361 -0.096322 0.181528 -0.183463 -0.033410 0.208797 -0.315530 -0.037624 -0.026651 -0.509596 -0.040511 -0.001327 -0.486053 0.020038 0.139621 -0.548826 -0.265485 0.175274 -0.549407 -0.131859 0.144847 -0.458674 -0.085800 0.087932 -0.492468 -0.136173 0.276062 -0.504286 -0.013769 0.171170 -0.396182 -0.016686 0.087837 -0.407151 -0.035672 0.293534 -0.481799 0.066487 0.209976 -0.376738 0.033676 0.131532 -0.314868 0.080500 0.227332 -0.405317 0.158906 0.240091 -0.351796 0.130736 0.142391 
0.000000 0.000000 0.000000 -0.005427 -0.033125 -0.067061 -0.348633 -0.254452 0.070709 -0.295822 -0.164606 0.146736 -0.238680 -0.095441 0.181574 -0.183655 -0.032602 0.208756 -0.315572 -0.036089 -0.026470 -0.509641 -0.037945 -0.001071 -0.485787 0.022452 0.139890 -0.549334 -0.263230 0.175885 -0.549205 -0.129572 0.145593 -0.458316 -0.083980 0.088552 -0.492508 -0.134673 0.276709 -0.504280 -0.012502 0.171542 -0.396363 -0.015875 0.087985 -0.407117 -0.034220 0.293800 -0.482328 0.066740 0.209294 -0.377526 0.033438 0.130709 -0.314261 0.082219 0.227314 -0.404159 0.161253 0.240088 -0.350672 0.132558 0.142524 
0.000000 0.000000 0.000000 -0.006470 -0.032048 -0.067490 -0.350632 -0.251749 0.070495 -0.296077 -0.163632 0.147310 -0.237836 -0.095616 0.182587 -0.181858 -0.033788 0.210136 -0.316472 -0.034782 -0.025808 -0.510451 -0.036494 0.000274 -0.485712 0.023415 0.141291 -0.550693 -0.261700 0.176781 -0.550084 -0.128033 0.146536 -0.459241 -0.082778 0.089153 -0.492051 -0.132763 0.278137 -0.503961 -0.010435 0.173168 -0.396483 -0.014186 0.089063 -0.405437 -0.032493 0.295010 -0.480481 0.069526 0.211636 -0.376449 0.035620 0.132290 -0.312117 0.081506 0.228198 -0.401777 0.160864 0.240630 -0.348937 0.132229 0.142696 
0.000000 0.000000 0.000000 -0.006769 -0.032089 -0.067442 -0.350699 -0.251226 0.072011 -0.295735 -0.163125 0.148553 -0.237269 -0.095162 0.183559 -0.181104 -0.033388 0.210850 -0.316550 -0.034611 -0.024132 -0.510390 -0.036190 0.002969 -0.485016 0.023718 0.143873 -0.550121 -0.260546 0.179549 -0.549565 -0.126808 0.149617 -0.458966 -0.081731 0.091711 -0.490971 -0.131861 0.280386 -0.503206 -0.009529 0.175458 -0.396196 -0.013440 0.090765 -0.404031 -0.031206 0.296757 -0.479035 0.072628 0.215616 -0.375559 0.038471 0.135652 -0.311043 0.082151 0.229634 -0.400483 0.161679 0.242563 -0.348198 0.133016 0.144339 
0.000000 0.000000 0.000000 -0.006419 -0.033370 -0.066851 -0.348845 -0.252591 0.076126 -0.294682 -0.162678 0.151115 -0.236798 -0.093631 0.184949 -0.181156 -0.030932 0.211180 -0.315939 -0.034524 -0.021659 -0.509616 -0.035246 0.006619 -0.483284 0.025244 0.147098 -0.547908 -0.260447 0.184441 -0.548701 -0.126867 0.153817 -0.458542 -0.081911 0.095137 -0.489070 -0.131721 0.284267 -0.503173 -0.009346 0.179624 -0.396601 -0.013463 0.094391 -0.402459 -0.030973 0.300465 -0.478046 0.071309 0.217907 -0.374990 0.037003 0.137468 -0.311216 0.084191 0.231609 -0.400739 0.163432 0.245672 -0.349056 0.134548 0.147195 
0.000000 0.000000 0.000000 -0.006824 -0.033768 -0.066611 -0.347759 -0.252872 0.080061 -0.293253 -0.162417 0.154144 -0.235277 -0.093056 0.187167 -0.179582 -0.030092 0.212641 -0.315994 -0.035433 -0.019100 -0.509453 -0.036475 0.010630 -0.482245 0.024795 0.150603 -0.546099 -0.259962 0.189747 -0.547585 -0.126511 0.158591 -0.457892 -0.081768 0.099040 -0.486631 -0.130772 0.288599 -0.500809 -0.009083 0.183169 -0.394917 -0.013536 0.097109 -0.400271 -0.029559 0.303178 -0.476443 0.072828 0.221291 -0.373946 0.038212 0.140271 -0.309381 0.085268 0.233383 -0.398725 0.164673 0.247661 -0.347767 0.135515 0.148887 
0.000000 0.000000 0.000000 -0.007949 -0.033371 -0.066686 -0.346997 -0.252605 0.084110 -0.291131 -0.162688 0.157837 -0.232489 -0.093639 0.190333 -0.176262 -0.030938 0.215280 -0.316672 -0.037174 -0.016472 -0.509852 -0.039555 0.014949 -0.481531 0.022871 0.154189 -0.543848 -0.261570 0.196313 -0.545430 -0.128377 0.164076 -0.456547 -0.083662 0.103302 -0.483364 -0.131468 0.294021 -0.498702 -0.010857 0.187520 -0.393516 -0.015462 0.100606 -0.396935 -0.029781 0.306924 -0.474071 0.071156 0.224145 -0.372151 0.036455 0.142437 -0.306581 0.083885 0.235753 -0.396281 0.162920 0.249844 -0.346180 0.133555 0.150694 
0.000000 0.000000 0.000000 -0.008503 -0.033462 -0.066573 -0.344671 -0.254421 0.088102 -0.288485 -0.164151 0.161147 -0.229864 -0.094761 0.192949 -0.173706 -0.031738 0.217233 -0.316609 -0.038328 -0.012784 -0.509402 -0.041373 0.020873 -0.479559 0.021095 0.159775 -0.540233 -0.263922 0.202493 -0.542034 -0.130896 0.169588 -0.454214 -0.085555 0.107741 -0.479533 -0.133863 0.299197 -0.496718 -0.013335 0.192885 -0.392480 -0.017199 0.104801 -0.393079 -0.032476 0.312092 -0.471235 0.068868 0.230779 -0.370126 0.035081 0.147691 -0.303973 0.082778 0.239659 -0.393639 0.161601 0.255096 -0.344982 0.133116 0.154975 
0.000000 0.000000 0.000000 -0.009268 -0.033556 -0.066423 -0.342734 -0.255355 0.092829 -0.285873 -0.164842 0.165048 -0.227052 -0.095245 0.196015 -0.170772 -0.032030 0.219504 -0.316310 -0.038064 -0.006834 -0.508437 -0.040886 0.030454 -0.476585 0.021711 0.168851 -0.536920 -0.264751 0.209550 -0.539993 -0.131734 0.176700 -0.453231 -0.085934 0.113709 -0.475130 -0.134675 0.305569 -0.493505 -0.013539 0.200151 -0.390515 -0.016960 0.110592 -0.388875 -0.034337 0.317741 -0.467882 0.066904 0.237126 -0.367722 0.033902 0.152587 -0.301156 0.081936 0.243959 -0.390902 0.160381 0.260792 -0.343908 0.132704 0.159655 
0.000000 0.000000 0.000000 -0.010081 -0.033970 -0.066093 -0.339932 -0.256644 0.099349 -0.282481 -0.165436 0.170213 -0.223576 -0.095360 0.199916 -0.167290 -0.031720 0.222214 -0.316170 -0.039975 -0.001908 -0.507701 -0.043732 0.038254 -0.474169 0.019827 0.175814 -0.532305 -0.265847 0.219049 -0.535706 -0.133016 0.185488 -0.450080 -0.087157 0.121005 -0.469512 -0.135551 0.313743 -0.488128 -0.013683 0.209215 -0.386359 -0.017091 0.118271 -0.384160 -0.034770 0.323429 -0.464857 0.066076 0.244000 -0.365615 0.033290 0.158303 -0.298084 0.081388 0.248403 -0.388111 0.159242 0.266430 -0.342617 0.131596 0.164601 
0.000000 0.000000 0.000000 -0.010880 -0.034893 -0.065483 -0.335976 -0.258252 0.108242 -0.278156 -0.165662 0.176982 -0.219381 -0.094713 0.204811 -0.163292 -0.030316 0.225362 -0.315722 -0.042117 0.004269 -0.506473 -0.046637 0.047915 -0.471172 0.018887 0.184104 -0.526649 -0.267325 0.230641 -0.532691 -0.134899 0.195872 -0.448419 -0.089078 0.129600 -0.463382 -0.135768 0.322832 -0.485473 -0.014610 0.218155 -0.385011 -0.018032 0.125769 -0.378909 -0.033436 0.329349 -0.462210 0.066677 0.251700 -0.364100 0.033970 0.164679 -0.293512 0.082955 0.253623 -0.383145 0.160922 0.273075 -0.339645 0.132887 0.170484 
0.000000 0.000000 0.000000 -0.011761 -0.035752 -0.064864 -0.331914 -0.259572 0.117243 -0.273628 -0.165722 0.183850 -0.214940 -0.093991 0.209792 -0.159014 -0.028917 0.228582 -0.315224 -0.044613 0.010487 -0.505112 -0.050158 0.057636 -0.468197 0.017497 0.192347 -0.520103 -0.268752 0.243420 -0.527116 -0.136591 0.207835 -0.444338 -0.090849 0.139654 -0.456160 -0.137126 0.333312 -0.480746 -0.016910 0.228107 -0.381806 -0.020344 0.134094 -0.372586 -0.033297 0.336983 -0.458016 0.065653 0.260162 -0.361257 0.033177 0.171556 -0.289886 0.083144 0.258596 -0.379968 0.160278 0.279256 -0.338542 0.132093 0.175851 
0.000000 0.000000 0.000000 -0.012014 -0.037542 -0.063798 -0.324931 -0.263040 0.128531 -0.267531 -0.166482 0.191960 -0.209895 -0.093013 0.215265 -0.154995 -0.026427 0.231623 -0.313427 -0.047251 0.019284 -0.502031 -0.053326 0.071270 -0.462850 0.016559 0.204191 -0.510284 -0.270366 0.258957 -0.519284 -0.138257 0.223625 -0.438392 -0.092406 0.153288 -0.447540 -0.137590 0.344394 -0.474175 -0.017850 0.239145 -0.377077 -0.021058 0.143223 -0.364664 -0.034334 0.346859 -0.451963 0.063776 0.271069 -0.356949 0.032070 0.180322 -0.285724 0.084834 0.265048 -0.375707 0.161418 0.288054 -0.336771 0.133075 0.183729 
0.000000 0.000000 0.000000 -0.013045 -0.038589 -0.062965 -0.317664 -0.265941 0.140198 -0.260139 -0.167692 0.200858 -0.203039 -0.093079 0.221716 -0.148744 -0.025482 0.235790 -0.312445 -0.051362 0.026716 -0.499791 -0.059353 0.082833 -0.458158 0.012587 0.213898 -0.500675 -0.274646 0.273807 -0.513615 -0.143558 0.235986 -0.435092 -0.097172 0.163353 -0.437562 -0.140313 0.356570 -0.470533 -0.022284 0.251181 -0.375519 -0.024653 0.153171 -0.356582 -0.035248 0.355110 -0.448797 0.059780 0.281239 -0.355559 0.029361 0.188237 -0.281031 0.083036 0.271986 -0.372087 0.157731 0.296900 -0.336408 0.130141 0.191216 
0.000000 0.000000 0.000000 -0.014396 -0.039147 -0.062323 -0.311098 -0.267968 0.150669 -0.252883 -0.168759 0.209064 -0.195956 -0.093464 0.227842 -0.141953 -0.025258 0.239964 -0.310759 -0.053686 0.036693 -0.496204 -0.062783 0.098651 -0.451392 0.010122 0.228125 -0.489571 -0.276720 0.290279 -0.502772 -0.145783 0.252028 -0.427329 -0.098333 0.176862 -0.426432 -0.142283 0.369233 -0.460849 -0.023337 0.265350 -0.368630 -0.024364 0.164682 -0.345804 -0.039634 0.366989 -0.439346 0.056612 0.296439 -0.348477 0.028616 0.200382 -0.274029 0.081655 0.281338 -0.364939 0.155245 0.309817 -0.333741 0.129654 0.202230 
0.000000 0.000000 0.000000 -0.014981 -0.040040 -0.061614 -0.305027 -0.270056 0.159118 -0.247064 -0.169463 0.215358 -0.190775 -0.093254 0.232282 -0.137434 -0.024248 0.242683 -0.308658 -0.052803 0.045332 -0.492422 -0.060789 0.112251 -0.444430 0.011675 0.240831 -0.480727 -0.278349 0.302230 -0.494995 -0.147168 0.265216 -0.421719 -0.098343 0.188797 -0.417250 -0.145369 0.379463 -0.453145 -0.024444 0.278402 -0.362980 -0.023912 0.175888 -0.337020 -0.044310 0.376956 -0.430901 0.054677 0.310784 -0.341941 0.029390 0.212220 -0.268250 0.080903 0.291847 -0.358292 0.153280 0.325687 -0.332091 0.130778 0.216095 
0.000000 0.000000 0.000000 -0.016382 -0.040448 -0.060987 -0.299434 -0.270649 0.168459 -0.240526 -0.169472 0.222629 -0.184194 -0.092901 0.237672 -0.130944 -0.023582 0.246310 -0.306907 -0.053236 0.054242 -0.488699 -0.061238 0.126345 -0.437528 0.011912 0.253299 -0.471896 -0.279568 0.315420 -0.487413 -0.148559 0.278299 -0.416258 -0.099217 0.200225 -0.406835 -0.146556 0.390827 -0.446371 -0.024862 0.292075 -0.358521 -0.023851 0.187573 -0.327668 -0.045838 0.385707 -0.424533 0.053548 0.324631 -0.337504 0.029530 0.224047 -0.261070 0.079503 0.301328 -0.350638 0.150459 0.339198 -0.328830 0.129667 0.228314 
0.000000 0.000000 0.000000 -0.018847 -0.040920 -0.059952 -0.285647 -0.275066 0.184485 -0.225719 -0.172738 0.235266 -0.169984 -0.095183 0.247168 -0.117536 -0.024954 0.252851 -0.302250 -0.056173 0.071562 -0.479586 -0.065717 0.153856 -0.422954 0.008431 0.277880 -0.449035 -0.283568 0.341495 -0.465140 -0.152508 0.304806 -0.399243 -0.102092 0.222897 -0.383055 -0.150600 0.411985 -0.427105 -0.028149 0.316121 -0.345258 -0.025814 0.206874 -0.305005 -0.050803 0.403735 -0.403283 0.049792 0.347053 -0.322025 0.027683 0.241335 -0.244430 0.077647 0.315757 -0.331774 0.148270 0.359056 -0.317813 0.129450 0.246566 
0.000000 0.000000 0.000000 -0.018847 -0.040920 -0.059952 -0.285647 -0.275066 0.184485 -0.225719 -0.172738 0.235266 -0.169984 -0.095183 0.247168 -0.117536 -0.024954 0.252851 -0.302250 -0.056173 0.071562 -0.479586 -0.065717 0.153856 -0.422954 0.008431 0.277880 -0.449035 -0.283568 0.341495 -0.465140 -0.152508 0.304806 -0.399243 -0.102092 0.222897 -0.383055 -0.150600 0.411985 -0.427105 -0.028149 0.316121 -0.345258 -0.025814 0.206874 -0.305005 -0.050803 0.403735 -0.403283 0.049792 0.347053 -0.322025 0.027683 0.241335 -0.244430 0.077647 0.315757 -0.331774 0.148270 0.359056 -0.317813 0.129450 0.246566 
0.000000 0.000000 0.000000 -0.019657 -0.040998 -0.059638 -0.279206 -0.278127 0.189682 -0.219255 -0.175310 0.239439 -0.164040 -0.097241 0.250362 -0.112167 -0.026518 0.255121 -0.299831 -0.056701 0.078572 -0.475147 -0.066527 0.165054 -0.414523 0.004764 0.288865 -0.439892 -0.288261 0.349362 -0.458060 -0.156554 0.316118 -0.393843 -0.104631 0.233817 -0.372302 -0.157493 0.420363 -0.419924 -0.034750 0.326602 -0.340653 -0.030419 0.215532 -0.294315 -0.057214 0.412041 -0.394165 0.044692 0.360698 -0.315640 0.024941 0.252476 -0.235570 0.073546 0.328230 -0.320511 0.142423 0.378552 -0.311495 0.127082 0.265034 
0.000000 0.000000 0.000000 -0.021503 -0.040507 -0.059335 -0.270715 -0.281794 0.196458 -0.209654 -0.179120 0.245150 -0.154549 -0.100824 0.254942 -0.102957 -0.029830 0.258614 -0.294673 -0.058201 0.092031 -0.465604 -0.069272 0.186746 -0.401010 0.000533 0.309391 -0.425472 -0.291935 0.361889 -0.444474 -0.159633 0.331605 -0.383503 -0.106316 0.247742 -0.354814 -0.162731 0.432592 -0.402316 -0.035031 0.345639 -0.327547 -0.029013 0.231566 -0.277748 -0.063790 0.422764 -0.377155 0.042488 0.380172 -0.302802 0.024491 0.268745 -0.222465 0.070345 0.337791 -0.304724 0.139298 0.392290 -0.300698 0.125678 0.278267 
0.000000 0.000000 0.000000 -0.022590 -0.041967 -0.057900 -0.253619 -0.287273 0.210813 -0.193901 -0.182102 0.255692 -0.140931 -0.102015 0.262255 -0.091487 -0.029420 0.262937 -0.286726 -0.060856 0.108597 -0.452006 -0.072675 0.212781 -0.381544 -0.004446 0.333058 -0.399518 -0.298155 0.384062 -0.421828 -0.165769 0.356524 -0.366534 -0.110287 0.270167 -0.328203 -0.170072 0.451377 -0.381800 -0.041470 0.369441 -0.313856 -0.032779 0.251342 -0.253597 -0.071471 0.438570 -0.356866 0.033870 0.403506 -0.288674 0.018929 0.287772 -0.205483 0.066494 0.354543 -0.283948 0.132514 0.417598 -0.288975 0.122520 0.303238 
0.000000 0.000000 0.000000 -0.022590 -0.041967 -0.057900 -0.253619 -0.287273 0.210813 -0.193901 -0.182102 0.255692 -0.140931 -0.102015 0.262255 -0.091487 -0.029420 0.262937 -0.286726 -0.060856 0.108597 -0.452006 -0.072675 0.212781 -0.381544 -0.004446 0.333058 -0.399518 -0.298155 0.384062 -0.421828 -0.165769 0.356524 -0.366534 -0.110287 0.270167 -0.328203 -0.170072 0.451377 -0.381800 -0.041470 0.369441 -0.313856 -0.032779 0.251342 -0.253597 -0.071471 0.438570 -0.356866 0.033870 0.403506 -0.288674 0.018929 0.287772 -0.205483 0.066494 0.354543 -0.283948 0.132514 0.417598 -0.288975 0.122520 0.303238 
0.000000 0.000000 0.000000 -0.025801 -0.041802 -0.056664 -0.235388 -0.292416 0.224445 -0.174231 -0.186803 0.266243 -0.122001 -0.106053 0.270027 -0.073577 -0.032796 0.268108 -0.278341 -0.068310 0.126002 -0.436365 -0.084897 0.240303 -0.360734 -0.017058 0.357626 -0.368628 -0.308799 0.407199 -0.392183 -0.176176 0.381937 -0.343314 -0.118704 0.293045 -0.296025 -0.179202 0.470162 -0.355060 -0.049985 0.393075 -0.294693 -0.038857 0.271127 -0.223920 -0.079294 0.453358 -0.330516 0.024035 0.422513 -0.269678 0.011658 0.302456 -0.182206 0.061602 0.367482 -0.256977 0.126578 0.435883 -0.270425 0.118672 0.322042 
0.000000 0.000000 0.000000 -0.025801 -0.041802 -0.056664 -0.235388 -0.292416 0.224445 -0.174231 -0.186803 0.266243 -0.122001 -0.106053 0.270027 -0.073577 -0.032796 0.268108 -0.278341 -0.068310 0.126002 -0.436365 -0.084897 0.240303 -0.360734 -0.017058 0.357626 -0.368628 -0.308799 0.407199 -0.392183 -0.176176 0.381937 -0.343314 -0.118704 0.293045 -0.296025 -0.179202 0.470162 -0.355060 -0.049985 0.393075 -0.294693 -0.038857 0.271127 -0.223920 -0.079294 0.453358 -0.330516 0.024035 0.422513 -0.269678 0.011658 0.302456 -0.182206 0.061602 0.367482 -0.256977 0.126578 0.435883 -0.270425 0.118672 0.322042 
0.000000 0.000000 0.000000 -0.024967 -0.043044 -0.056105 -0.222617 -0.298875 0.228923 -0.164691 -0.190937 0.269364 -0.115249 -0.108409 0.272051 -0.069413 -0.033536 0.269125 -0.273252 -0.069254 0.132346 -0.428612 -0.085655 0.250267 -0.351554 -0.018309 0.366943 -0.354618 -0.314922 0.412604 -0.383059 -0.182552 0.391359 -0.336338 -0.123410 0.302407 -0.284238 -0.186201 0.474695 -0.348377 -0.057380 0.401101 -0.290356 -0.043753 0.278271 -0.214670 -0.084682 0.457162 -0.323561 0.018297 0.434166 -0.264854 0.008391 0.312826 -0.174406 0.058006 0.374874 -0.246674 0.121016 0.447663 -0.263565 0.114406 0.334199 
0.000000 0.000000 0.000000 -0.024866 -0.043658 -0.055674 -0.208058 -0.306233 0.232860 -0.152623 -0.196647 0.272348 -0.105718 -0.112628 0.274199 -0.062307 -0.036359 0.270494 -0.266480 -0.073013 0.140813 -0.417666 -0.091382 0.263762 -0.338640 -0.023504 0.378802 -0.334335 -0.321069 0.420620 -0.363298 -0.188653 0.400394 -0.320412 -0.127842 0.310638 -0.266226 -0.194424 0.481067 -0.332060 -0.063925 0.412070 -0.277819 -0.048222 0.287770 -0.199191 -0.092762 0.462830 -0.307125 0.011789 0.442581 -0.251768 0.003911 0.319530 -0.164063 0.052044 0.381925 -0.234104 0.112895 0.458624 -0.254324 0.107446 0.345644 
0.000000 0.000000 0.000000 -0.026616 -0.042434 -0.055811 -0.200323 -0.311617 0.232499 -0.143707 -0.202873 0.272632 -0.096811 -0.118858 0.274858 -0.053580 -0.042471 0.271471 -0.263066 -0.082016 0.145114 -0.411021 -0.106783 0.270840 -0.330520 -0.039836 0.385402 -0.319761 -0.337339 0.423531 -0.347557 -0.204959 0.401506 -0.308080 -0.141549 0.311985 -0.252224 -0.208784 0.483970 -0.322579 -0.080757 0.414805 -0.271407 -0.061681 0.289677 -0.187667 -0.101691 0.465026 -0.296825 0.002353 0.449211 -0.243877 -0.003070 0.324973 -0.156476 0.041712 0.385102 -0.227301 0.099656 0.463317 -0.250142 0.096050 0.350763 
0.000000 0.000000 0.000000 -0.025494 -0.043478 -0.055530 -0.185520 -0.319131 0.234581 -0.132819 -0.208221 0.274117 -0.089245 -0.122425 0.275851 -0.049091 -0.044399 0.272011 -0.254277 -0.088599 0.152962 -0.397435 -0.116832 0.283423 -0.314683 -0.051431 0.397272 -0.302138 -0.348141 0.426880 -0.335709 -0.216189 0.411268 -0.299117 -0.150387 0.322250 -0.236941 -0.217740 0.487524 -0.309854 -0.087165 0.426216 -0.261671 -0.065131 0.300389 -0.170787 -0.115496 0.470829 -0.279039 -0.009808 0.460707 -0.229169 -0.011764 0.335099 -0.146739 0.035236 0.393293 -0.213952 0.090051 0.476775 -0.240750 0.088188 0.365054 
0.000000 0.000000 0.000000 -0.025647 -0.043721 -0.055268 -0.170661 -0.326123 0.236239 -0.120103 -0.214105 0.275448 -0.078906 -0.127136 0.276869 -0.041049 -0.047985 0.272733 -0.248570 -0.092587 0.158657 -0.388060 -0.123163 0.292518 -0.303756 -0.057862 0.405280 -0.281743 -0.357031 0.431497 -0.319544 -0.225629 0.422185 -0.286747 -0.157809 0.333203 -0.219095 -0.228390 0.491019 -0.299414 -0.099087 0.436668 -0.255137 -0.074086 0.309964 -0.157667 -0.122213 0.473048 -0.269921 -0.020303 0.470984 -0.223462 -0.019434 0.344063 -0.134813 0.027329 0.399708 -0.199353 0.079168 0.487107 -0.229767 0.078727 0.376302 
0.000000 0.000000 0.000000 -0.026871 -0.043067 -0.055201 -0.160002 -0.331849 0.235724 -0.109427 -0.219962 0.275282 -0.069105 -0.132588 0.276932 -0.032209 -0.052974 0.272997 -0.240775 -0.099392 0.165975 -0.374623 -0.134637 0.304372 -0.287859 -0.070267 0.415797 -0.264666 -0.368763 0.433469 -0.301943 -0.237319 0.422748 -0.272827 -0.167289 0.334197 -0.199775 -0.241424 0.494030 -0.279135 -0.111115 0.440681 -0.239218 -0.082900 0.313206 -0.137148 -0.137006 0.477092 -0.247133 -0.032745 0.472212 -0.204983 -0.028530 0.343862 -0.121705 0.021556 0.403466 -0.183306 0.072856 0.493271 -0.217573 0.073642 0.383597 
0.000000 0.000000 0.000000 -0.025608 -0.043597 -0.055385 -0.144842 -0.340012 0.233886 -0.098391 -0.226575 0.274081 -0.061531 -0.137696 0.276225 -0.027836 -0.056654 0.272739 -0.233786 -0.103040 0.170391 -0.364050 -0.140236 0.311667 -0.275354 -0.078632 0.423134 -0.245185 -0.379013 0.433462 -0.285714 -0.248096 0.433659 -0.259005 -0.175498 0.346428 -0.182252 -0.254416 0.494686 -0.261776 -0.122564 0.445537 -0.225691 -0.090504 0.317829 -0.123282 -0.148605 0.478169 -0.230896 -0.042165 0.487146 -0.192466 -0.034041 0.357820 -0.092090 0.005374 0.423106 -0.163273 0.059593 0.503633 -0.202224 0.063637 0.395607 
0.000000 0.000000 0.000000 -0.026387 -0.043014 -0.055475 -0.131142 -0.347365 0.231149 -0.085742 -0.233821 0.272237 -0.050580 -0.144277 0.275086 -0.018595 -0.062520 0.272244 -0.221774 -0.107997 0.179998 -0.344034 -0.148660 0.327342 -0.252234 -0.089676 0.437707 -0.224695 -0.388982 0.433475 -0.263958 -0.257723 0.436901 -0.240586 -0.182576 0.350879 -0.161864 -0.266566 0.494965 -0.240977 -0.131060 0.456186 -0.209363 -0.095257 0.328287 -0.103102 -0.162820 0.479074 -0.204975 -0.051777 0.495872 -0.171705 -0.039561 0.365442 -0.090942 0.002805 0.417449 -0.140740 0.047770 0.517397 -0.184172 0.054918 0.411257 
0.000000 0.000000 0.000000 -0.026374 -0.043300 -0.055258 -0.115284 -0.353172 0.230802 -0.072356 -0.238679 0.271909 -0.039829 -0.148145 0.274796 -0.010377 -0.065440 0.271994 -0.212742 -0.119012 0.184285 -0.329359 -0.166387 0.334176 -0.235610 -0.108689 0.443578 -0.203157 -0.409680 0.432061 -0.247585 -0.280226 0.439125 -0.227925 -0.202092 0.354853 -0.138065 -0.285339 0.495470 -0.225309 -0.152952 0.464057 -0.198025 -0.112958 0.336404 -0.080323 -0.179425 0.479968 -0.188932 -0.075225 0.498335 -0.159947 -0.058462 0.367389 -0.060046 -0.024276 0.434551 -0.133297 0.019001 0.519713 -0.181035 0.029217 0.415694 
0.000000 0.000000 0.000000 -0.026338 -0.043090 -0.055439 -0.097346 -0.361303 0.226439 -0.057221 -0.246236 0.268758 -0.027681 -0.154721 0.272656 -0.001098 -0.071025 0.270787 -0.203393 -0.126060 0.188720 -0.314183 -0.177977 0.341499 -0.218700 -0.121559 0.450067 -0.180711 -0.413622 0.430726 -0.227656 -0.285460 0.443090 -0.212666 -0.204988 0.360068 -0.120202 -0.293607 0.492954 -0.210072 -0.163451 0.459679 -0.187854 -0.119691 0.332278 -0.067051 -0.187059 0.477883 -0.178639 -0.088002 0.504840 -0.154052 -0.066765 0.373644 -0.059669 -0.025247 0.429090 -0.110131 0.010205 0.532473 -0.162976 0.022004 0.431125 
0.000000 0.000000 0.000000 -0.026199 -0.043026 -0.055554 -0.080886 -0.367736 0.222526 -0.043463 -0.252134 0.265851 -0.016732 -0.159800 0.270611 0.007161 -0.075282 0.269541 -0.192286 -0.135360 0.192912 -0.296213 -0.193136 0.348387 -0.199915 -0.137719 0.456749 -0.153815 -0.424774 0.429524 -0.199218 -0.296741 0.447641 -0.188357 -0.213816 0.366410 -0.094389 -0.309103 0.490874 -0.184180 -0.175788 0.473874 -0.166849 -0.128064 0.347140 -0.043689 -0.203335 0.475773 -0.149474 -0.101424 0.513384 -0.130249 -0.075716 0.382092 -0.043628 -0.033944 0.431707 -0.088336 -0.001769 0.538746 -0.146125 0.011885 0.440374 
0.000000 0.000000 0.000000 -0.027542 -0.042899 -0.055001 -0.064580 -0.371884 0.220958 -0.027757 -0.256058 0.264199 -0.002700 -0.163260 0.269045 0.019446 -0.078267 0.268081 -0.180773 -0.143747 0.198369 -0.276655 -0.206852 0.356911 -0.179155 -0.151286 0.464116 -0.130849 -0.439914 0.426871 -0.181308 -0.314547 0.449652 -0.174674 -0.229674 0.369993 -0.069881 -0.320161 0.489123 -0.163921 -0.190010 0.470638 -0.151619 -0.139505 0.344395 -0.024381 -0.209710 0.474193 -0.137437 -0.118146 0.516915 -0.123536 -0.088493 0.385783 -0.004932 -0.049947 0.438931 -0.066746 -0.014834 0.536078 -0.130978 0.000358 0.442022 
0.000000 0.000000 0.000000 -0.022591 -0.044438 -0.056025 -0.037213 -0.378628 0.215746 -0.011368 -0.260602 0.260950 0.005547 -0.166069 0.267276 0.020354 -0.079490 0.267653 -0.162024 -0.146824 0.204593 -0.249272 -0.210891 0.367671 -0.150687 -0.154773 0.473590 -0.096041 -0.443210 0.425003 -0.146677 -0.318852 0.452446 -0.144778 -0.232468 0.374169 -0.044430 -0.329837 0.485867 -0.138254 -0.198277 0.482164 -0.130951 -0.144382 0.356938 -0.009260 -0.216376 0.472127 -0.109738 -0.119751 0.531779 -0.101961 -0.085758 0.401196 -0.000452 -0.051266 0.438991 -0.037619 -0.023923 0.550177 -0.108931 -0.007204 0.461643 
0.000000 0.000000 0.000000 -0.027744 -0.043617 -0.054330 -0.027992 -0.379238 0.216068 0.003633 -0.262041 0.259728 0.022879 -0.167900 0.265202 0.039403 -0.081633 0.264867 -0.152854 -0.155006 0.209841 -0.231139 -0.224706 0.375142 -0.132946 -0.167072 0.480609 -0.072983 -0.458564 0.423681 -0.123555 -0.334341 0.451844 -0.126256 -0.246487 0.375245 -0.020379 -0.337232 0.483880 -0.119038 -0.209264 0.479965 -0.116748 -0.153362 0.355430 0.019518 -0.227139 0.468163 -0.086566 -0.136709 0.527824 -0.084401 -0.098860 0.398090 0.021969 -0.058557 0.437349 -0.017197 -0.034779 0.548667 -0.094951 -0.018465 0.465653 
0.000000 0.000000 0.000000 -0.025411 -0.044767 -0.054535 -0.006234 -0.381509 0.213782 0.018921 -0.262996 0.258093 0.032903 -0.167964 0.264105 0.044590 -0.080909 0.264266 -0.144622 -0.163171 0.209313 -0.219215 -0.237261 0.374412 -0.122326 -0.178058 0.480216 -0.048603 -0.462816 0.421180 -0.105744 -0.342869 0.454791 -0.112694 -0.254169 0.379444 0.000714 -0.342455 0.481318 -0.104695 -0.220110 0.488054 -0.106107 -0.162387 0.364339 0.040630 -0.236297 0.464067 -0.071950 -0.161192 0.532447 -0.073646 -0.120007 0.403727 0.015577 -0.066453 0.436125 -0.004394 -0.056502 0.554419 -0.085787 -0.041007 0.474807 
0.000000 0.000000 0.000000 -0.021593 -0.046060 -0.055101 0.020157 -0.382706 0.210761 0.036141 -0.263038 0.256208 0.043027 -0.167287 0.263078 0.048261 -0.079612 0.264015 -0.132001 -0.170754 0.209677 -0.201088 -0.248780 0.375358 -0.104826 -0.187638 0.480630 -0.018975 -0.464607 0.418561 -0.081726 -0.348599 0.455796 -0.093326 -0.259408 0.381610 0.024507 -0.343965 0.479344 -0.082636 -0.223385 0.489607 -0.088698 -0.164267 0.366694 0.056765 -0.236269 0.462493 -0.050607 -0.157841 0.535371 -0.057428 -0.115368 0.407240 0.031588 -0.062102 0.437225 0.020112 -0.050050 0.556449 -0.065666 -0.037741 0.480992 
0.000000 0.000000 0.000000 -0.018684 -0.046917 -0.055440 0.041100 -0.382073 0.208857 0.050016 -0.261936 0.255000 0.051384 -0.165988 0.262400 0.051591 -0.078163 0.263818 -0.116827 -0.172100 0.213899 -0.178239 -0.250431 0.382434 -0.083461 -0.186652 0.487487 0.005506 -0.458408 0.419395 -0.059773 -0.345188 0.460647 -0.075663 -0.256196 0.387020 0.044618 -0.339587 0.479535 -0.059584 -0.217221 0.496655 -0.070269 -0.157994 0.374109 0.067384 -0.232872 0.462361 -0.033511 -0.154471 0.543995 -0.044443 -0.111094 0.416453 0.039978 -0.059216 0.437290 0.031983 -0.046174 0.556694 -0.056913 -0.036500 0.484534 
0.000000 0.000000 0.000000 -0.024265 -0.047366 -0.052835 0.046733 -0.379190 0.212888 0.062566 -0.258534 0.255700 0.067171 -0.162547 0.260984 0.069923 -0.074754 0.260564 -0.113507 -0.181973 0.215051 -0.169349 -0.266201 0.382677 -0.076266 -0.200481 0.488050 0.028895 -0.474547 0.417848 -0.037993 -0.360822 0.454922 -0.058627 -0.271754 0.382573 0.070930 -0.348577 0.475466 -0.044767 -0.237852 0.497344 -0.059132 -0.177941 0.375509 0.090756 -0.231321 0.459548 -0.021638 -0.163588 0.535511 -0.036346 -0.119879 0.408463 0.056843 -0.062863 0.434558 0.047841 -0.054677 0.554321 -0.043710 -0.047800 0.485224 
0.000000 0.000000 0.000000 -0.022933 -0.047747 -0.053087 0.055641 -0.378752 0.211522 0.068339 -0.257910 0.254852 0.070527 -0.161859 0.260526 0.071083 -0.074025 0.260459 -0.104078 -0.186926 0.215038 -0.154853 -0.274016 0.382813 -0.062652 -0.208637 0.489168 0.038765 -0.466514 0.419928 -0.028042 -0.353495 0.459241 -0.051097 -0.264512 0.387523 0.076385 -0.345496 0.475620 -0.040045 -0.234406 0.490706 -0.056783 -0.173966 0.369437 0.099494 -0.233169 0.457477 -0.007434 -0.160826 0.536999 -0.025417 -0.115646 0.410890 0.063352 -0.061942 0.434759 0.058030 -0.053625 0.554733 -0.036059 -0.048074 0.489010 
0.000000 0.000000 0.000000 -0.019730 -0.048385 -0.053792 0.067705 -0.377214 0.210751 0.074229 -0.256191 0.254938 0.072113 -0.160172 0.261134 0.068845 -0.072396 0.261515 -0.098721 -0.180744 0.218399 -0.148148 -0.263566 0.388718 -0.055640 -0.197785 0.494557 0.052315 -0.466765 0.418510 -0.017003 -0.356016 0.459882 -0.042092 -0.266721 0.389241 0.084782 -0.343783 0.475598 -0.032208 -0.234563 0.498155 -0.051123 -0.173517 0.377511 0.102580 -0.234650 0.456680 0.000349 -0.169767 0.547949 -0.020706 -0.120985 0.423671 0.067889 -0.062802 0.436139 0.067232 -0.056198 0.556335 -0.029900 -0.050436 0.495218 
0.000000 0.000000 0.000000 -0.021396 -0.048734 -0.052831 0.066312 -0.375613 0.214029 0.075342 -0.254180 0.256619 0.074683 -0.158073 0.261690 0.072649 -0.070262 0.261068 -0.096823 -0.178062 0.221817 -0.144021 -0.258988 0.393673 -0.051553 -0.193872 0.499957 0.050152 -0.465952 0.421388 -0.019297 -0.354952 0.461860 -0.044220 -0.265338 0.391566 0.087807 -0.341395 0.477328 -0.026033 -0.229169 0.501214 -0.045764 -0.167929 0.380800 0.102754 -0.230619 0.458318 0.012765 -0.158081 0.556456 -0.013145 -0.104347 0.435174 0.073309 -0.059215 0.435607 0.073763 -0.051612 0.555745 -0.027091 -0.046019 0.500970 
0.000000 0.000000 0.000000 -0.019463 -0.049826 -0.052559 0.072341 -0.371476 0.219232 0.077830 -0.249392 0.260545 0.074777 -0.153279 0.264500 0.070630 -0.065556 0.262840 -0.096238 -0.175207 0.223543 -0.144278 -0.253661 0.396309 -0.052358 -0.189640 0.503727 0.058386 -0.457315 0.428653 -0.009457 -0.346123 0.471263 -0.035472 -0.256660 0.401172 0.092900 -0.336527 0.481123 -0.018163 -0.222545 0.509364 -0.039176 -0.160946 0.389349 0.110710 -0.231484 0.457649 0.020269 -0.171177 0.563357 -0.014711 -0.111619 0.447179 0.071495 -0.059686 0.437629 0.072090 -0.055646 0.557939 -0.032800 -0.050214 0.511338 
0.000000 0.000000 0.000000 -0.020423 -0.050610 -0.051433 0.069470 -0.367949 0.226004 0.076701 -0.245153 0.264867 0.074817 -0.148951 0.266950 0.071700 -0.061234 0.263592 -0.084481 -0.165300 0.232449 -0.124564 -0.237065 0.410085 -0.032181 -0.176760 0.519243 0.057408 -0.449598 0.437210 -0.008110 -0.340468 0.488006 -0.035198 -0.250180 0.419396 0.090053 -0.328290 0.487093 -0.017298 -0.213105 0.523597 -0.039965 -0.150308 0.404508 0.115245 -0.221974 0.461236 0.035978 -0.165975 0.577733 -0.010371 -0.102067 0.468026 0.080596 -0.043688 0.437371 0.086719 -0.031610 0.556987 -0.021812 -0.025695 0.519715 
0.000000 0.000000 0.000000 -0.017581 -0.051808 -0.051290 0.076536 -0.362997 0.231659 0.078825 -0.239621 0.269269 0.073712 -0.143519 0.270213 0.067769 -0.055995 0.265788 -0.085139 -0.159177 0.234636 -0.127413 -0.226360 0.413551 -0.035902 -0.174871 0.527838 0.060223 -0.436488 0.445559 -0.007759 -0.330067 0.498804 -0.037647 -0.239041 0.432365 0.093848 -0.321594 0.491820 -0.017457 -0.213998 0.538284 -0.045263 -0.149231 0.421359 0.113349 -0.208977 0.467337 0.043220 -0.166505 0.594887 -0.014978 -0.099286 0.493090 0.080593 -0.036024 0.439059 0.089419 -0.022278 0.558325 -0.022235 -0.018451 0.531457 
0.000000 0.000000 0.000000 -0.020283 -0.051530 -0.050569 0.069212 -0.363828 0.232657 0.076285 -0.240356 0.269345 0.074338 -0.144133 0.269714 0.071175 -0.056492 0.264790 -0.091604 -0.172849 0.228790 -0.136232 -0.248762 0.403595 -0.050116 -0.208666 0.526328 0.056902 -0.449308 0.442327 -0.012159 -0.341202 0.490553 -0.043440 -0.248118 0.427704 0.099336 -0.334432 0.486354 -0.018199 -0.234499 0.534557 -0.049199 -0.166405 0.420358 0.115582 -0.224803 0.460777 0.035023 -0.202303 0.587248 -0.032176 -0.130050 0.494880 0.075965 -0.053087 0.439581 0.079261 -0.050743 0.559893 -0.033907 -0.050152 0.540001 