96
0.000000 0.000000 0.000000 -0.015360 -0.063597 -0.036653 0.073487 -0.298085 0.311505 0.074499 -0.160767 0.323637 0.068391 -0.054981 0.302235 0.060436 0.031540 0.271521 -0.165192 -0.143612 0.226015 -0.258946 -0.193680 0.390376 -0.350002 -0.264265 0.494364 -0.067105 -0.278510 0.488340 -0.152075 -0.266680 0.595215 -0.228311 -0.190248 0.551177 -0.047750 -0.169119 0.527254 -0.180471 -0.140185 0.614848 -0.280631 -0.079536 0.544642 -0.036599 -0.083738 0.483519 -0.111883 -0.104359 0.613511 -0.236138 -0.054373 0.595338 0.004027 -0.000005 0.434031 -0.034800 -0.021718 0.545889 -0.113357 -0.042586 0.627107 
0.000000 0.000000 0.000000 -0.007505 -0.063276 -0.039543 0.084774 -0.301903 0.304890 0.072432 -0.165626 0.321650 0.057647 -0.060090 0.303500 0.043288 0.026465 0.275312 -0.161662 -0.154647 0.216842 -0.258123 -0.211821 0.377271 -0.344565 -0.290321 0.479508 -0.066806 -0.288098 0.472977 -0.158418 -0.279755 0.574563 -0.228822 -0.200869 0.525436 -0.060997 -0.165427 0.518300 -0.199030 -0.131568 0.595273 -0.284145 -0.074118 0.505305 -0.057591 -0.089755 0.478296 -0.140224 -0.111027 0.603637 -0.260113 -0.060542 0.566951 -0.009418 -0.014454 0.436972 -0.045696 -0.042619 0.548246 -0.124133 -0.073400 0.626370 
0.000000 0.000000 0.000000 -0.007044 -0.062744 -0.040466 0.080626 -0.305966 0.301951 0.068172 -0.169910 0.320344 0.053701 -0.064130 0.303397 0.039770 0.022801 0.276170 -0.161116 -0.157061 0.214902 -0.257523 -0.216078 0.374694 -0.341028 -0.298645 0.476167 -0.071295 -0.296334 0.470021 -0.163112 -0.290512 0.571597 -0.229120 -0.210115 0.518943 -0.053108 -0.190550 0.523665 -0.202847 -0.152491 0.571144 -0.273487 -0.095675 0.469059 -0.049157 -0.111025 0.482100 -0.157655 -0.125254 0.587060 -0.271119 -0.072353 0.536114 -0.001102 -0.037061 0.435331 -0.029235 -0.078265 0.544885 -0.111084 -0.118595 0.614722 
0.000000 0.000000 0.000000 -0.000405 -0.061402 -0.043052 0.090064 -0.311098 0.293934 0.066446 -0.177206 0.316734 0.044721 -0.072198 0.303041 0.025435 0.014485 0.278414 -0.159605 -0.166483 0.204858 -0.259223 -0.232236 0.359984 -0.340524 -0.317756 0.460798 -0.069240 -0.306368 0.455241 -0.165519 -0.303510 0.552730 -0.225980 -0.219915 0.498420 -0.064906 -0.199695 0.513496 -0.215733 -0.159606 0.555549 -0.273035 -0.099753 0.447044 -0.025476 -0.142884 0.489561 -0.156140 -0.143770 0.566482 -0.262513 -0.085413 0.506924 -0.010533 -0.057181 0.433838 -0.035289 -0.106510 0.540820 -0.125741 -0.151494 0.595575 
0.000000 0.000000 0.000000 -0.003424 -0.060193 -0.044598 0.078834 -0.322203 0.285062 0.061246 -0.188051 0.311485 0.043998 -0.081882 0.300675 0.028301 0.006162 0.278446 -0.163491 -0.164009 0.203287 -0.263651 -0.228969 0.358397 -0.344564 -0.314079 0.459868 -0.076008 -0.314739 0.450556 -0.169591 -0.310229 0.550576 -0.224845 -0.223155 0.496186 -0.059598 -0.211990 0.514705 -0.208679 -0.156263 0.542876 -0.255598 -0.092673 0.431546 -0.038085 -0.150529 0.483059 -0.165598 -0.152886 0.565069 -0.263576 -0.087646 0.498646 0.004724 -0.066754 0.435652 -0.011504 -0.116944 0.543859 -0.107367 -0.162418 0.587968 
0.000000 0.000000 0.000000 0.001572 -0.059023 -0.046235 0.084642 -0.325440 0.279669 0.058863 -0.193183 0.308792 0.036393 -0.087806 0.300020 0.016893 -0.000122 0.279438 -0.165668 -0.170706 0.193357 -0.270316 -0.240589 0.343277 -0.350052 -0.325790 0.445599 -0.072172 -0.323054 0.443449 -0.166946 -0.321612 0.542433 -0.218619 -0.232455 0.487897 -0.065472 -0.227259 0.508428 -0.216100 -0.174982 0.534943 -0.256209 -0.109059 0.422316 -0.040927 -0.163235 0.481805 -0.169388 -0.165688 0.562319 -0.261473 -0.096308 0.491786 -0.015097 -0.072403 0.435446 -0.037117 -0.122155 0.542829 -0.136942 -0.166497 0.578493 
0.000000 0.000000 0.000000 -0.002180 -0.058138 -0.047319 0.073018 -0.334509 0.272144 0.054399 -0.201711 0.304122 0.037089 -0.095200 0.297670 0.021656 -0.006278 0.279039 -0.169660 -0.176377 0.188935 -0.274459 -0.250363 0.336768 -0.353307 -0.337722 0.437952 -0.083995 -0.326436 0.435551 -0.178890 -0.321556 0.534310 -0.228815 -0.232015 0.478785 -0.067420 -0.234227 0.505561 -0.216487 -0.175940 0.528057 -0.251744 -0.109849 0.413915 -0.030905 -0.171212 0.482908 -0.167268 -0.159974 0.548249 -0.254687 -0.089936 0.472615 -0.012154 -0.079060 0.434428 -0.035427 -0.129158 0.541386 -0.137807 -0.173605 0.568695 
0.000000 0.000000 0.000000 -0.002402 -0.056716 -0.049004 0.069273 -0.342844 0.262582 0.051507 -0.210897 0.298340 0.035025 -0.104112 0.294924 0.020345 -0.014570 0.278828 -0.173648 -0.183318 0.180109 -0.280803 -0.262538 0.323473 -0.358453 -0.353199 0.422659 -0.091777 -0.344969 0.422202 -0.189111 -0.346253 0.518672 -0.238889 -0.256188 0.463867 -0.069499 -0.255603 0.497923 -0.220547 -0.199393 0.510147 -0.253334 -0.131984 0.396040 -0.044176 -0.183448 0.474219 -0.180046 -0.180401 0.541456 -0.263650 -0.109040 0.462805 -0.015587 -0.090591 0.432177 -0.040320 -0.142917 0.537731 -0.144157 -0.187359 0.558846 
0.000000 0.000000 0.000000 -0.001243 -0.055119 -0.050836 0.064504 -0.350981 0.252867 0.045693 -0.220277 0.292451 0.029048 -0.113464 0.292110 0.014508 -0.023474 0.278585 -0.173562 -0.195220 0.169446 -0.281388 -0.282886 0.307285 -0.358806 -0.377246 0.403146 -0.097003 -0.354154 0.412007 -0.194614 -0.356072 0.508186 -0.244231 -0.265661 0.453805 -0.070145 -0.272757 0.493204 -0.220576 -0.213751 0.496836 -0.250253 -0.145222 0.382545 -0.051125 -0.197873 0.468636 -0.189129 -0.195944 0.531420 -0.269086 -0.123111 0.450362 -0.026869 -0.102876 0.428817 -0.055350 -0.157530 0.532224 -0.160713 -0.200995 0.546805 
0.000000 0.000000 0.000000 0.001394 -0.052795 -0.053241 0.058926 -0.361273 0.239374 0.037012 -0.232677 0.283952 0.019097 -0.126135 0.287700 0.004001 -0.035786 0.277623 -0.184742 -0.192008 0.156090 -0.301214 -0.279118 0.287076 -0.380589 -0.376627 0.378062 -0.109138 -0.369228 0.391398 -0.210711 -0.374036 0.483278 -0.258769 -0.281883 0.430444 -0.092518 -0.285323 0.476111 -0.243455 -0.227571 0.478760 -0.266743 -0.156845 0.364327 -0.064898 -0.213052 0.461205 -0.207427 -0.204849 0.512283 -0.281560 -0.129623 0.427942 -0.043029 -0.118588 0.424314 -0.075400 -0.175581 0.525285 -0.182587 -0.216657 0.530466 
0.000000 0.000000 0.000000 -0.000834 -0.050800 -0.055159 0.042975 -0.372093 0.225810 0.026599 -0.244405 0.275129 0.013308 -0.137400 0.282826 0.002146 -0.046171 0.276106 -0.188904 -0.203661 0.142602 -0.306586 -0.299312 0.266348 -0.387926 -0.399840 0.352165 -0.126073 -0.383683 0.376504 -0.228241 -0.390687 0.467579 -0.274924 -0.297112 0.416027 -0.113236 -0.306631 0.456921 -0.265703 -0.253258 0.451469 -0.282626 -0.179906 0.337573 -0.080293 -0.231654 0.447352 -0.225296 -0.225421 0.491239 -0.290681 -0.145441 0.404083 -0.053800 -0.134380 0.416376 -0.092310 -0.195096 0.512925 -0.201104 -0.231840 0.508814 
0.000000 0.000000 0.000000 0.002981 -0.048329 -0.057266 0.038462 -0.380891 0.211501 0.017117 -0.255796 0.265354 0.001391 -0.149474 0.276951 -0.011164 -0.058241 0.273595 -0.192391 -0.208740 0.126974 -0.314642 -0.309115 0.242259 -0.397604 -0.413223 0.322045 -0.136891 -0.395743 0.354508 -0.242869 -0.404719 0.440937 -0.287952 -0.310163 0.389753 -0.128549 -0.315504 0.443373 -0.280023 -0.259450 0.437206 -0.291461 -0.185125 0.323257 -0.114166 -0.235558 0.431709 -0.259178 -0.230207 0.475681 -0.313402 -0.146771 0.384215 -0.074162 -0.146255 0.410967 -0.117525 -0.206838 0.505522 -0.226706 -0.239727 0.491344 
0.000000 0.000000 0.000000 -0.000560 -0.046321 -0.058974 0.018446 -0.389878 0.197345 0.005163 -0.265774 0.255880 -0.004124 -0.159203 0.271447 -0.011314 -0.067329 0.271496 -0.201598 -0.210131 0.115943 -0.327395 -0.312633 0.225395 -0.412544 -0.419300 0.299276 -0.159431 -0.409480 0.336613 -0.266936 -0.421326 0.420782 -0.310006 -0.325762 0.369738 -0.148737 -0.330494 0.424997 -0.300598 -0.276619 0.412340 -0.305047 -0.200858 0.298851 -0.121458 -0.249889 0.422187 -0.269265 -0.237221 0.453547 -0.311228 -0.150563 0.358692 -0.084035 -0.162552 0.398895 -0.134090 -0.228096 0.486586 -0.242778 -0.255891 0.461738 
0.000000 0.000000 0.000000 -0.001069 -0.044048 -0.060684 0.003923 -0.397356 0.182711 -0.006522 -0.275179 0.245705 -0.012861 -0.169031 0.265159 -0.017313 -0.077048 0.268580 -0.207683 -0.217506 0.097647 -0.336969 -0.326046 0.196721 -0.423981 -0.435034 0.264818 -0.178804 -0.423761 0.314370 -0.289238 -0.439720 0.393941 -0.330576 -0.343355 0.342969 -0.164554 -0.344033 0.409288 -0.313964 -0.287208 0.385365 -0.312631 -0.210478 0.272449 -0.140092 -0.263671 0.405050 -0.290015 -0.245594 0.418725 -0.317554 -0.156356 0.321020 -0.100219 -0.169741 0.391546 -0.157285 -0.233544 0.476187 -0.264275 -0.255693 0.440611 
0.000000 0.000000 0.000000 0.004328 -0.041850 -0.062078 -0.000819 -0.403519 0.168707 -0.018493 -0.283908 0.234929 -0.028542 -0.178668 0.257506 -0.035229 -0.086969 0.263754 -0.212666 -0.213921 0.083357 -0.348447 -0.321591 0.174361 -0.438534 -0.431658 0.236463 -0.189082 -0.427210 0.292868 -0.302863 -0.441528 0.367907 -0.341437 -0.344069 0.316850 -0.187877 -0.352626 0.386789 -0.337922 -0.297838 0.362107 -0.330335 -0.218941 0.250944 -0.166731 -0.268097 0.390246 -0.316329 -0.246143 0.401626 -0.330452 -0.154686 0.303116 -0.123675 -0.181579 0.381281 -0.184554 -0.246701 0.462177 -0.289314 -0.262661 0.417751 
0.000000 0.000000 0.000000 0.004133 -0.039496 -0.063615 -0.015805 -0.409613 0.152506 -0.031015 -0.292206 0.223139 -0.038289 -0.187675 0.249717 -0.042329 -0.096130 0.259496 -0.219956 -0.218156 0.061729 -0.360176 -0.329950 0.140161 -0.453161 -0.440615 0.196676 -0.209985 -0.434842 0.266863 -0.327343 -0.450089 0.335978 -0.362512 -0.351037 0.285531 -0.209592 -0.360265 0.364393 -0.358495 -0.304653 0.335071 -0.345115 -0.224078 0.225673 -0.186132 -0.279074 0.370142 -0.335331 -0.252353 0.366064 -0.337336 -0.159263 0.268093 -0.141272 -0.189424 0.369463 -0.209377 -0.253641 0.445155 -0.311297 -0.263882 0.393093 
0.000000 0.000000 0.000000 0.003551 -0.037094 -0.065079 -0.029916 -0.414559 0.136148 -0.042211 -0.299581 0.211203 -0.046531 -0.195990 0.241804 -0.047850 -0.104815 0.255138 -0.226902 -0.216269 0.047323 -0.371104 -0.328385 0.117657 -0.466917 -0.439386 0.168504 -0.227169 -0.439736 0.245132 -0.346383 -0.454952 0.310999 -0.378825 -0.354630 0.261238 -0.226382 -0.365297 0.346246 -0.372950 -0.305926 0.312818 -0.354488 -0.224472 0.204819 -0.201198 -0.285900 0.354533 -0.348943 -0.254117 0.342209 -0.339927 -0.160316 0.245317 -0.156656 -0.195462 0.357757 -0.231548 -0.257857 0.428392 -0.329905 -0.261002 0.369069 
0.000000 0.000000 0.000000 0.004963 -0.033935 -0.066691 -0.047179 -0.419635 0.113889 -0.058991 -0.308168 0.194139 -0.061463 -0.206126 0.229741 -0.060637 -0.115721 0.247594 -0.235356 -0.211693 0.025477 -0.385732 -0.322923 0.083150 -0.486080 -0.433210 0.126208 -0.249277 -0.443431 0.213941 -0.371420 -0.457812 0.274409 -0.399057 -0.355304 0.226227 -0.253112 -0.370083 0.316442 -0.397053 -0.307183 0.278374 -0.370621 -0.224064 0.173341 -0.229016 -0.287431 0.329886 -0.374441 -0.249128 0.310516 -0.351053 -0.155335 0.216049 -0.180053 -0.204623 0.339368 -0.262250 -0.265817 0.402537 -0.354356 -0.258321 0.334247 
0.000000 0.000000 0.000000 0.004009 -0.030917 -0.068205 -0.068479 -0.421804 0.093180 -0.075737 -0.313849 0.178606 -0.073662 -0.213622 0.219057 -0.068671 -0.124318 0.241247 -0.243965 -0.205191 0.009149 -0.399131 -0.314241 0.057553 -0.504193 -0.422809 0.093074 -0.273926 -0.443150 0.186752 -0.398093 -0.456052 0.243305 -0.420640 -0.350975 0.198098 -0.275594 -0.372965 0.292785 -0.416007 -0.303820 0.252439 -0.382981 -0.218413 0.151176 -0.249052 -0.291145 0.308176 -0.392195 -0.247689 0.283432 -0.359095 -0.152669 0.193190 -0.196615 -0.210312 0.323841 -0.284682 -0.269503 0.380691 -0.372300 -0.254076 0.307971 
0.000000 0.000000 0.000000 0.001768 -0.027055 -0.069920 -0.094223 -0.421484 0.069020 -0.094353 -0.318479 0.160642 -0.085853 -0.221116 0.206841 -0.075205 -0.133748 0.234151 -0.254202 -0.194235 -0.003760 -0.414371 -0.298845 0.037638 -0.524581 -0.404508 0.065489 -0.300915 -0.437875 0.160833 -0.425835 -0.447781 0.216321 -0.442670 -0.340203 0.174647 -0.299743 -0.373897 0.266558 -0.435678 -0.297264 0.224442 -0.395771 -0.209587 0.127697 -0.268136 -0.290267 0.288724 -0.409001 -0.239491 0.264856 -0.367272 -0.143636 0.179190 -0.212462 -0.214688 0.306231 -0.306939 -0.270402 0.355844 -0.389684 -0.247551 0.279463 
0.000000 0.000000 0.000000 0.003206 -0.023892 -0.071012 -0.110787 -0.420571 0.046220 -0.110507 -0.321902 0.142494 -0.100264 -0.227105 0.193434 -0.087578 -0.141504 0.225117 -0.261553 -0.183757 -0.024191 -0.427221 -0.283790 0.005106 -0.542283 -0.386121 0.024505 -0.321818 -0.433009 0.128265 -0.449359 -0.440526 0.177851 -0.460389 -0.330584 0.140645 -0.320954 -0.372939 0.240382 -0.453114 -0.289823 0.198550 -0.406929 -0.200078 0.106614 -0.289313 -0.291086 0.263296 -0.426953 -0.234475 0.234295 -0.377116 -0.137772 0.154089 -0.231126 -0.218212 0.289119 -0.329933 -0.271012 0.333172 -0.407325 -0.240925 0.253747 
0.000000 0.000000 0.000000 0.001422 -0.019248 -0.072466 -0.134542 -0.415711 0.019311 -0.128037 -0.323857 0.121902 -0.112066 -0.233407 0.178909 -0.094294 -0.150972 0.216072 -0.269632 -0.171496 -0.037877 -0.439240 -0.266763 -0.016233 -0.558820 -0.365189 -0.006248 -0.346967 -0.424544 0.098163 -0.475351 -0.429882 0.145820 -0.480762 -0.317917 0.113761 -0.343204 -0.371425 0.210869 -0.470185 -0.280778 0.168638 -0.416885 -0.188995 0.082764 -0.306453 -0.289726 0.240190 -0.441342 -0.226505 0.211926 -0.383904 -0.129080 0.137920 -0.245358 -0.221253 0.269237 -0.349338 -0.269629 0.305833 -0.421055 -0.231958 0.224342 
0.000000 0.000000 0.000000 0.003290 -0.016159 -0.073157 -0.150500 -0.410641 -0.003697 -0.144249 -0.323598 0.103023 -0.126970 -0.236365 0.164488 -0.107485 -0.156351 0.205846 -0.274825 -0.158402 -0.056872 -0.448851 -0.247409 -0.046681 -0.572745 -0.340880 -0.047368 -0.366807 -0.415242 0.064201 -0.497537 -0.418022 0.105237 -0.497256 -0.304422 0.079009 -0.363806 -0.367184 0.182831 -0.485988 -0.269934 0.141134 -0.426277 -0.176431 0.061565 -0.326097 -0.288020 0.213416 -0.457539 -0.219721 0.181027 -0.393204 -0.121675 0.113826 -0.262809 -0.223041 0.250712 -0.369722 -0.268946 0.281595 -0.436611 -0.225514 0.198873 
0.000000 0.000000 0.000000 0.004051 -0.012544 -0.073825 -0.166591 -0.403467 -0.027427 -0.158941 -0.322281 0.083725 -0.139396 -0.239056 0.149890 -0.117547 -0.162104 0.195643 -0.279174 -0.145219 -0.068638 -0.456398 -0.228239 -0.065392 -0.583661 -0.316500 -0.075452 -0.384192 -0.404164 0.036367 -0.515703 -0.404585 0.074923 -0.510523 -0.289891 0.054634 -0.382200 -0.362340 0.154613 -0.499447 -0.258828 0.113832 -0.433718 -0.163944 0.040921 -0.341122 -0.285917 0.192603 -0.468893 -0.210506 0.161320 -0.398793 -0.112029 0.100852 -0.276940 -0.223894 0.232549 -0.386654 -0.266426 0.257952 -0.448816 -0.217463 0.174636 
0.000000 0.000000 0.000000 0.005558 -0.009297 -0.074206 -0.177158 -0.396749 -0.049957 -0.170029 -0.320946 0.064967 -0.149822 -0.241416 0.135343 -0.126974 -0.167291 0.185101 -0.281872 -0.132357 -0.083483 -0.461728 -0.209361 -0.089287 -0.591738 -0.292183 -0.107308 -0.396884 -0.393782 0.006003 -0.529681 -0.391989 0.039824 -0.520492 -0.276587 0.026003 -0.395780 -0.357862 0.129372 -0.509261 -0.249196 0.091447 -0.439114 -0.153003 0.024620 -0.354424 -0.283437 0.168298 -0.479616 -0.204220 0.136012 -0.404909 -0.105275 0.082190 -0.288948 -0.225906 0.215347 -0.400439 -0.266251 0.236166 -0.458750 -0.212236 0.153189 
0.000000 0.000000 0.000000 0.005490 -0.004651 -0.074647 -0.187801 -0.387705 -0.075538 -0.178896 -0.319679 0.044034 -0.156703 -0.245426 0.119401 -0.131965 -0.175311 0.173846 -0.284903 -0.119463 -0.092988 -0.466612 -0.191305 -0.104466 -0.598669 -0.268914 -0.129455 -0.407781 -0.382797 -0.020722 -0.540731 -0.379830 0.012407 -0.528395 -0.264066 0.006115 -0.406689 -0.354337 0.102202 -0.516868 -0.240788 0.069157 -0.443085 -0.142623 0.009500 -0.362670 -0.283882 0.147904 -0.485459 -0.199472 0.119822 -0.407443 -0.099458 0.073143 -0.296237 -0.230275 0.197922 -0.409310 -0.268108 0.214494 -0.464747 -0.208634 0.133299 
0.000000 0.000000 0.000000 0.007727 -0.001674 -0.074575 -0.191503 -0.380996 -0.097255 -0.185231 -0.318102 0.025258 -0.164208 -0.247400 0.104285 -0.140059 -0.180015 0.162325 -0.285037 -0.107660 -0.104619 -0.468229 -0.173979 -0.123418 -0.601799 -0.246740 -0.154272 -0.412807 -0.373408 -0.048396 -0.546557 -0.368823 -0.018867 -0.531683 -0.253190 -0.017914 -0.414406 -0.351531 0.078510 -0.521391 -0.233796 0.049923 -0.444836 -0.134095 -0.003353 -0.371407 -0.283823 0.125626 -0.491787 -0.195704 0.098525 -0.411080 -0.094800 0.058869 -0.305265 -0.234054 0.181639 -0.418979 -0.271250 0.194934 -0.472044 -0.207001 0.115818 
0.000000 0.000000 0.000000 0.007513 0.002300 -0.074580 -0.196312 -0.372837 -0.117236 -0.188966 -0.316791 0.008499 -0.166892 -0.250754 0.091191 -0.141785 -0.186923 0.152735 -0.286111 -0.099069 -0.111398 -0.469841 -0.162501 -0.134437 -0.604062 -0.231723 -0.170213 -0.417729 -0.364623 -0.069000 -0.551548 -0.359658 -0.039846 -0.535076 -0.244436 -0.033086 -0.419175 -0.349579 0.057522 -0.523588 -0.228644 0.033078 -0.444920 -0.127720 -0.014512 -0.374815 -0.284602 0.109524 -0.493133 -0.192723 0.086077 -0.410487 -0.091354 0.051989 -0.308440 -0.237852 0.167526 -0.423151 -0.272907 0.177708 -0.473808 -0.204861 0.100204 
0.000000 0.000000 0.000000 0.009459 0.004915 -0.074231 -0.194133 -0.367769 -0.135458 -0.189926 -0.316238 -0.007663 -0.169847 -0.253249 0.077866 -0.146191 -0.191726 0.142269 -0.284455 -0.091706 -0.120326 -0.468368 -0.152165 -0.149170 -0.602642 -0.218563 -0.189773 -0.416511 -0.359957 -0.091786 -0.550910 -0.355235 -0.065392 -0.533684 -0.240633 -0.052635 -0.420844 -0.350140 0.037081 -0.524790 -0.227959 0.017294 -0.444962 -0.125416 -0.024559 -0.378157 -0.287250 0.090689 -0.495763 -0.194094 0.068741 -0.412031 -0.091806 0.040563 -0.312967 -0.243225 0.153227 -0.427761 -0.278673 0.160770 -0.476892 -0.207202 0.085395 
0.000000 0.000000 0.000000 0.009593 0.009257 -0.073798 -0.191484 -0.360527 -0.156984 -0.187889 -0.316445 -0.026415 -0.168402 -0.258380 0.062663 -0.145282 -0.200536 0.130574 -0.283734 -0.086087 -0.125902 -0.467279 -0.145747 -0.158505 -0.601212 -0.209983 -0.203478 -0.413966 -0.356038 -0.113372 -0.548427 -0.353325 -0.087014 -0.531542 -0.239675 -0.067225 -0.419008 -0.354317 0.013884 -0.523281 -0.231431 0.001607 -0.443433 -0.126041 -0.032401 -0.376559 -0.294276 0.072454 -0.494635 -0.200552 0.056187 -0.411377 -0.096199 0.035057 -0.311761 -0.253687 0.137349 -0.426352 -0.290271 0.142012 -0.475790 -0.214863 0.070789 
0.000000 0.000000 0.000000 0.010183 0.013140 -0.073127 -0.186456 -0.353733 -0.177193 -0.184505 -0.316410 -0.044499 -0.166416 -0.262836 0.047635 -0.144497 -0.208357 0.118656 -0.282593 -0.080286 -0.131439 -0.465793 -0.138745 -0.167927 -0.599440 -0.200971 -0.216437 -0.409354 -0.353081 -0.135521 -0.544067 -0.352688 -0.110335 -0.528399 -0.240678 -0.082025 -0.415624 -0.358613 -0.008763 -0.521651 -0.236649 -0.011517 -0.442420 -0.128306 -0.036486 -0.373803 -0.303782 0.052873 -0.493736 -0.211540 0.042948 -0.412172 -0.104461 0.030721 -0.309476 -0.266335 0.121234 -0.423034 -0.306242 0.123007 -0.474948 -0.227492 0.057384 
0.000000 0.000000 0.000000 0.010676 0.016874 -0.072285 -0.179350 -0.347289 -0.196250 -0.179228 -0.316523 -0.061870 -0.162834 -0.267291 0.032965 -0.142424 -0.216058 0.106796 -0.280978 -0.077524 -0.134520 -0.463476 -0.136593 -0.173463 -0.596561 -0.197656 -0.224908 -0.402145 -0.351935 -0.154287 -0.536797 -0.354743 -0.128926 -0.522655 -0.244715 -0.093052 -0.409587 -0.365611 -0.030254 -0.517563 -0.245507 -0.023861 -0.439767 -0.134497 -0.040099 -0.368910 -0.314617 0.035560 -0.490196 -0.223657 0.032986 -0.410894 -0.114285 0.028839 -0.305414 -0.279455 0.105595 -0.417603 -0.323092 0.104768 -0.472437 -0.242239 0.044277 
0.000000 0.000000 0.000000 0.010693 0.020824 -0.071245 -0.171283 -0.340120 -0.215106 -0.172459 -0.316394 -0.079311 -0.157543 -0.271847 0.018050 -0.138546 -0.224129 0.094565 -0.279511 -0.074603 -0.138486 -0.461102 -0.134315 -0.180562 -0.593184 -0.194593 -0.235405 -0.394178 -0.351343 -0.174954 -0.528890 -0.358125 -0.150688 -0.516768 -0.250783 -0.106824 -0.401691 -0.372660 -0.051718 -0.512775 -0.256267 -0.036306 -0.437025 -0.142950 -0.044078 -0.362401 -0.324218 0.016103 -0.487051 -0.237946 0.019312 -0.410582 -0.126575 0.023453 -0.299328 -0.292754 0.089474 -0.409997 -0.339991 0.085969 -0.467963 -0.257492 0.030861 
0.000000 0.000000 0.000000 0.010523 0.024441 -0.070113 -0.163838 -0.332618 -0.231975 -0.165938 -0.315497 -0.095202 -0.152230 -0.275416 0.004255 -0.134433 -0.231084 0.083061 -0.278363 -0.072742 -0.140443 -0.459130 -0.133553 -0.184450 -0.590506 -0.193260 -0.241567 -0.386300 -0.350580 -0.191874 -0.520750 -0.361434 -0.167638 -0.510681 -0.257144 -0.116499 -0.393988 -0.377896 -0.071237 -0.507951 -0.265848 -0.047109 -0.434514 -0.150756 -0.046765 -0.355082 -0.334855 -0.001386 -0.481935 -0.252377 0.008432 -0.408597 -0.139506 0.020666 -0.292400 -0.305521 0.073473 -0.401131 -0.356758 0.066874 -0.463071 -0.272797 0.018737 
0.000000 0.000000 0.000000 0.009118 0.028261 -0.068863 -0.158506 -0.324181 -0.247128 -0.159425 -0.314166 -0.109639 -0.145525 -0.278923 -0.008392 -0.127881 -0.238274 0.072408 -0.278138 -0.071773 -0.141825 -0.457884 -0.134369 -0.187481 -0.588561 -0.193668 -0.246590 -0.380366 -0.349086 -0.207406 -0.514453 -0.364138 -0.183399 -0.506139 -0.263226 -0.125599 -0.385750 -0.383789 -0.089532 -0.501783 -0.275831 -0.057815 -0.430894 -0.159413 -0.050014 -0.346760 -0.343205 -0.017663 -0.476385 -0.266001 -0.002572 -0.406283 -0.152097 0.016907 -0.283328 -0.317127 0.058095 -0.390325 -0.371402 0.048244 -0.455959 -0.286735 0.006689 
0.000000 0.000000 0.000000 0.009016 0.030996 -0.067689 -0.151394 -0.317299 -0.260176 -0.153274 -0.312504 -0.122416 -0.140572 -0.280878 -0.019826 -0.124105 -0.243013 0.062560 -0.276967 -0.070906 -0.143028 -0.455916 -0.134670 -0.190171 -0.585929 -0.193410 -0.251270 -0.372750 -0.347740 -0.221512 -0.506531 -0.366139 -0.198144 -0.499676 -0.268705 -0.134482 -0.378195 -0.387402 -0.105814 -0.496858 -0.284707 -0.067118 -0.428191 -0.167634 -0.052354 -0.339852 -0.350405 -0.032760 -0.471179 -0.277341 -0.012616 -0.404063 -0.163005 0.013666 -0.276865 -0.326287 0.044782 -0.382013 -0.383605 0.032545 -0.450895 -0.299067 -0.003673 
0.000000 0.000000 0.000000 0.009217 0.033057 -0.066680 -0.144280 -0.311796 -0.270660 -0.147553 -0.310995 -0.132845 -0.136296 -0.282158 -0.029270 -0.121170 -0.246449 0.054328 -0.275221 -0.070892 -0.145014 -0.453203 -0.135936 -0.194031 -0.582447 -0.194269 -0.257118 -0.365322 -0.346723 -0.234050 -0.498915 -0.367832 -0.211923 -0.493611 -0.273629 -0.143434 -0.371100 -0.390700 -0.120678 -0.491957 -0.292607 -0.077137 -0.425409 -0.175244 -0.056244 -0.333563 -0.356326 -0.046547 -0.466982 -0.288159 -0.023238 -0.402867 -0.173657 0.009111 -0.270909 -0.333922 0.031678 -0.373978 -0.394131 0.016088 -0.446170 -0.310418 -0.015277 
0.000000 0.000000 0.000000 0.009299 0.035235 -0.065543 -0.138842 -0.304740 -0.281331 -0.143076 -0.308302 -0.143585 -0.132864 -0.282606 -0.039079 -0.118724 -0.249373 0.045704 -0.274083 -0.069955 -0.146019 -0.451404 -0.135776 -0.196376 -0.580113 -0.193210 -0.261353 -0.359410 -0.343993 -0.246270 -0.492715 -0.367717 -0.225081 -0.488525 -0.277044 -0.151910 -0.365491 -0.391610 -0.135482 -0.488408 -0.298469 -0.087099 -0.423690 -0.181317 -0.060148 -0.328279 -0.360498 -0.060521 -0.463373 -0.296873 -0.034210 -0.402005 -0.182656 0.003953 -0.265508 -0.340404 0.018243 -0.366542 -0.403062 -0.000659 -0.442154 -0.320349 -0.026047 
0.000000 0.000000 0.000000 0.008121 0.037549 -0.064405 -0.136923 -0.297278 -0.290118 -0.139757 -0.305513 -0.152536 -0.128918 -0.283173 -0.047325 -0.114459 -0.252579 0.038393 -0.274267 -0.069339 -0.146127 -0.450967 -0.136222 -0.197263 -0.579409 -0.192995 -0.263341 -0.356728 -0.341028 -0.255601 -0.489573 -0.367470 -0.234741 -0.486223 -0.280383 -0.157295 -0.360735 -0.392793 -0.147499 -0.484939 -0.304328 -0.093908 -0.421749 -0.187720 -0.061521 -0.322817 -0.363829 -0.072051 -0.459458 -0.305150 -0.042440 -0.400928 -0.191480 0.001393 -0.258756 -0.346219 0.006829 -0.358078 -0.410674 -0.014897 -0.437342 -0.329998 -0.035190 
0.000000 0.000000 0.000000 0.007161 0.039079 -0.063604 -0.135442 -0.292411 -0.295705 -0.137121 -0.303757 -0.158326 -0.125756 -0.283641 -0.052721 -0.111021 -0.254793 0.033552 -0.274561 -0.069410 -0.145512 -0.450845 -0.137295 -0.196764 -0.579184 -0.194024 -0.263080 -0.354543 -0.339618 -0.261261 -0.486962 -0.368148 -0.240443 -0.484113 -0.283314 -0.160518 -0.357249 -0.393198 -0.154040 -0.482976 -0.308774 -0.097562 -0.421089 -0.192287 -0.062348 -0.319434 -0.364671 -0.077949 -0.457786 -0.310900 -0.046993 -0.400908 -0.197533 -0.000294 -0.253921 -0.349925 0.000147 -0.352281 -0.415406 -0.022847 -0.433568 -0.335949 -0.039645 
0.000000 0.000000 0.000000 0.006147 0.040388 -0.062888 -0.133270 -0.288657 -0.300345 -0.133816 -0.302648 -0.163201 -0.122000 -0.284390 -0.057309 -0.107078 -0.256984 0.029402 -0.274533 -0.070767 -0.144804 -0.450163 -0.140321 -0.196061 -0.578204 -0.197737 -0.262361 -0.351314 -0.339819 -0.264861 -0.483095 -0.370739 -0.243416 -0.480742 -0.287520 -0.161794 -0.352650 -0.395195 -0.158588 -0.479268 -0.314000 -0.099426 -0.418651 -0.197360 -0.062548 -0.314852 -0.367531 -0.081997 -0.453955 -0.317027 -0.048976 -0.398512 -0.203612 -0.000693 -0.248738 -0.353662 -0.004835 -0.346245 -0.420208 -0.028401 -0.429298 -0.341896 -0.041541 
0.000000 0.000000 0.000000 0.005194 0.041115 -0.062502 -0.131232 -0.287341 -0.302496 -0.130714 -0.302753 -0.165505 -0.118474 -0.285429 -0.059504 -0.103376 -0.258717 0.027392 -0.274519 -0.072984 -0.143671 -0.449545 -0.144379 -0.194461 -0.577129 -0.203187 -0.260422 -0.348239 -0.341962 -0.265826 -0.479392 -0.374973 -0.243664 -0.477706 -0.292388 -0.161384 -0.348259 -0.398225 -0.159697 -0.475716 -0.319682 -0.098784 -0.416438 -0.202520 -0.061387 -0.309999 -0.371700 -0.083769 -0.449213 -0.322796 -0.048860 -0.395074 -0.209034 0.000079 -0.243929 -0.357076 -0.006613 -0.340675 -0.424779 -0.030020 -0.424988 -0.347472 -0.040878 
0.000000 0.000000 0.000000 0.004706 0.041139 -0.062525 -0.129540 -0.288510 -0.302112 -0.128575 -0.303878 -0.165118 -0.116232 -0.286422 -0.059151 -0.101154 -0.259560 0.027703 -0.274296 -0.075340 -0.142755 -0.448877 -0.148225 -0.192957 -0.576124 -0.208502 -0.258239 -0.345807 -0.345322 -0.264413 -0.476512 -0.379658 -0.241629 -0.475361 -0.296816 -0.159598 -0.345183 -0.401382 -0.158182 -0.472977 -0.323415 -0.097235 -0.414577 -0.205550 -0.060677 -0.306974 -0.374628 -0.082619 -0.446311 -0.326478 -0.047158 -0.392934 -0.212148 0.001295 -0.240937 -0.359217 -0.005694 -0.337153 -0.427813 -0.028682 -0.421884 -0.350957 -0.039498 
0.000000 0.000000 0.000000 0.004852 0.040272 -0.063075 -0.127659 -0.293024 -0.298548 -0.127193 -0.306473 -0.161349 -0.115308 -0.287507 -0.055589 -0.100635 -0.259397 0.030938 -0.273465 -0.078507 -0.142306 -0.447618 -0.152831 -0.191882 -0.574162 -0.215416 -0.256353 -0.343563 -0.350263 -0.259442 -0.474049 -0.384857 -0.235808 -0.473670 -0.299838 -0.156028 -0.342576 -0.406381 -0.151191 -0.468976 -0.325157 -0.091606 -0.411071 -0.205919 -0.058917 -0.305122 -0.378189 -0.077059 -0.443379 -0.326925 -0.041732 -0.390079 -0.211244 0.003491 -0.240560 -0.359968 0.001061 -0.336872 -0.429194 -0.019503 -0.420702 -0.351813 -0.033206 
0.000000 0.000000 0.000000 0.005691 0.037630 -0.064618 -0.124477 -0.304945 -0.287758 -0.125716 -0.312722 -0.150126 -0.115096 -0.289422 -0.045100 -0.101438 -0.257783 0.040368 -0.271656 -0.084476 -0.142174 -0.445202 -0.160882 -0.190704 -0.570758 -0.226552 -0.254028 -0.340671 -0.360837 -0.248307 -0.471333 -0.394618 -0.224464 -0.471870 -0.305373 -0.149442 -0.341276 -0.411844 -0.136591 -0.468673 -0.327753 -0.083456 -0.410705 -0.206942 -0.057308 -0.304889 -0.380779 -0.063707 -0.443065 -0.326503 -0.032848 -0.389051 -0.208895 0.006126 -0.242075 -0.358472 0.014504 -0.338879 -0.427779 -0.003299 -0.420626 -0.349229 -0.022018 
0.000000 0.000000 0.000000 0.005662 0.034561 -0.066313 -0.124918 -0.317988 -0.273074 -0.126046 -0.319317 -0.135228 -0.115323 -0.291136 -0.031415 -0.101572 -0.255541 0.052468 -0.271121 -0.090215 -0.141601 -0.444314 -0.168292 -0.188712 -0.569100 -0.236919 -0.250400 -0.341701 -0.371153 -0.233088 -0.472718 -0.403285 -0.208922 -0.473846 -0.309140 -0.140157 -0.342340 -0.416130 -0.117378 -0.469415 -0.327128 -0.072044 -0.410784 -0.205158 -0.054016 -0.306490 -0.380347 -0.045907 -0.444163 -0.321950 -0.020871 -0.388895 -0.202629 0.010370 -0.244664 -0.354100 0.032536 -0.343156 -0.421940 0.018817 -0.422043 -0.342472 -0.006967 
0.000000 0.000000 0.000000 0.008616 0.028756 -0.068722 -0.120488 -0.338130 -0.249883 -0.126563 -0.327799 -0.112547 -0.119076 -0.291106 -0.011139 -0.107726 -0.248753 0.069915 -0.267950 -0.098476 -0.140623 -0.441006 -0.178090 -0.185614 -0.564811 -0.250403 -0.245028 -0.338804 -0.385540 -0.211019 -0.470748 -0.414195 -0.187531 -0.472497 -0.314279 -0.127473 -0.343764 -0.421346 -0.089155 -0.470263 -0.326701 -0.055025 -0.410562 -0.204114 -0.048133 -0.310348 -0.380616 -0.021951 -0.446944 -0.316833 -0.005701 -0.389861 -0.196110 0.015172 -0.251991 -0.346857 0.057684 -0.351291 -0.414384 0.049264 -0.426085 -0.335059 0.012982 
0.000000 0.000000 0.000000 0.009341 0.022810 -0.070826 -0.119857 -0.357587 -0.221487 -0.127073 -0.335658 -0.085577 -0.120298 -0.290551 0.012432 -0.109457 -0.241540 0.089715 -0.266049 -0.109761 -0.137393 -0.438371 -0.192716 -0.179046 -0.560986 -0.269551 -0.235159 -0.338949 -0.400653 -0.181937 -0.471362 -0.426681 -0.158035 -0.473600 -0.320954 -0.108943 -0.345402 -0.425226 -0.057570 -0.471318 -0.326040 -0.036786 -0.410435 -0.203937 -0.041613 -0.313144 -0.377158 0.007590 -0.448866 -0.309852 0.013932 -0.389908 -0.188541 0.022621 -0.256438 -0.336220 0.085408 -0.357608 -0.401390 0.082442 -0.428392 -0.324751 0.034284 
0.000000 0.000000 0.000000 0.012633 0.014681 -0.072448 -0.114802 -0.379157 -0.185339 -0.127521 -0.342125 -0.053159 -0.124357 -0.286404 0.039422 -0.116201 -0.229150 0.111170 -0.262169 -0.121513 -0.133940 -0.434123 -0.206734 -0.172418 -0.555502 -0.288367 -0.224281 -0.335733 -0.416123 -0.150078 -0.469258 -0.438463 -0.128768 -0.471840 -0.328051 -0.091409 -0.347515 -0.425957 -0.020767 -0.473176 -0.324449 -0.015275 -0.410917 -0.204223 -0.032846 -0.317427 -0.372630 0.037738 -0.451772 -0.302678 0.030749 -0.391050 -0.181983 0.027089 -0.263917 -0.322725 0.114352 -0.365592 -0.387134 0.116542 -0.432737 -0.315480 0.056873 
0.000000 0.000000 0.000000 0.012899 0.007403 -0.073503 -0.113888 -0.395840 -0.147073 -0.127127 -0.345838 -0.019288 -0.124345 -0.281169 0.067294 -0.116493 -0.217045 0.133011 -0.260233 -0.136200 -0.124720 -0.431141 -0.226057 -0.156770 -0.551286 -0.312962 -0.202592 -0.335099 -0.429472 -0.110268 -0.468793 -0.449799 -0.088025 -0.471883 -0.335843 -0.063579 -0.347371 -0.426907 0.018059 -0.472908 -0.325483 0.009223 -0.409973 -0.208076 -0.020679 -0.318554 -0.364653 0.072476 -0.452896 -0.296391 0.055639 -0.391161 -0.177313 0.038993 -0.265358 -0.308245 0.143406 -0.367825 -0.371019 0.150561 -0.432642 -0.306260 0.081221 
0.000000 0.000000 0.000000 0.014793 -0.001214 -0.073509 -0.107845 -0.411376 -0.102124 -0.124718 -0.346758 0.018476 -0.124568 -0.272303 0.096851 -0.118796 -0.200808 0.154709 -0.256796 -0.151208 -0.113351 -0.426739 -0.245065 -0.138283 -0.545758 -0.337290 -0.175910 -0.329656 -0.442977 -0.067176 -0.463713 -0.462076 -0.046056 -0.467678 -0.346174 -0.034048 -0.344509 -0.425235 0.063286 -0.471347 -0.327362 0.041893 -0.408934 -0.213756 -0.000973 -0.317878 -0.357337 0.107521 -0.452910 -0.294135 0.079901 -0.391592 -0.177254 0.050795 -0.266397 -0.292365 0.175139 -0.367994 -0.355386 0.189202 -0.432125 -0.299795 0.111742 
0.000000 0.000000 0.000000 0.014783 -0.008359 -0.073044 -0.098508 -0.421968 -0.059412 -0.116789 -0.345801 0.054029 -0.118296 -0.263767 0.124416 -0.114124 -0.186639 0.174678 -0.253345 -0.168067 -0.094194 -0.421122 -0.268001 -0.107428 -0.538007 -0.366417 -0.134610 -0.319125 -0.453653 -0.017649 -0.452460 -0.472804 0.007592 -0.458887 -0.356392 0.007102 -0.334630 -0.423751 0.108284 -0.463786 -0.331604 0.077428 -0.404116 -0.221873 0.022311 -0.309276 -0.351571 0.147452 -0.444870 -0.291949 0.115041 -0.385982 -0.177751 0.073101 -0.259892 -0.278317 0.205230 -0.360226 -0.341420 0.226260 -0.424880 -0.295718 0.142987 
0.000000 0.000000 0.000000 0.018148 -0.015852 -0.071016 -0.075155 -0.430655 -0.013350 -0.101776 -0.343107 0.089758 -0.110184 -0.253763 0.150033 -0.111862 -0.171283 0.191102 -0.244242 -0.186049 -0.076562 -0.408429 -0.292546 -0.080032 -0.521563 -0.397577 -0.096032 -0.294880 -0.466734 0.029541 -0.427675 -0.488539 0.055463 -0.438486 -0.373025 0.043936 -0.315481 -0.424219 0.154763 -0.448814 -0.341355 0.116287 -0.394198 -0.235638 0.049351 -0.295836 -0.349495 0.182934 -0.433517 -0.299427 0.143849 -0.379186 -0.187813 0.090384 -0.251151 -0.267502 0.234999 -0.347026 -0.333731 0.265215 -0.413900 -0.299190 0.178394 
0.000000 0.000000 0.000000 0.017676 -0.021064 -0.069769 -0.051501 -0.433548 0.025960 -0.080999 -0.338791 0.121644 -0.093207 -0.245054 0.174089 -0.098676 -0.159480 0.207847 -0.234735 -0.204838 -0.050746 -0.392679 -0.319831 -0.038841 -0.499754 -0.432115 -0.042590 -0.267521 -0.476048 0.080268 -0.398077 -0.501734 0.113091 -0.415663 -0.388572 0.091217 -0.288155 -0.425906 0.198921 -0.426660 -0.354277 0.156375 -0.379066 -0.252258 0.079134 -0.271659 -0.347401 0.223014 -0.412398 -0.306128 0.184545 -0.365198 -0.197214 0.119909 -0.231335 -0.258991 0.263393 -0.322647 -0.327487 0.301626 -0.392748 -0.304196 0.213612 
0.000000 0.000000 0.000000 0.021675 -0.025329 -0.067175 -0.011405 -0.432514 0.063966 -0.052535 -0.332975 0.150017 -0.075055 -0.236593 0.193485 -0.089538 -0.149302 0.219233 -0.218394 -0.222265 -0.029370 -0.368614 -0.345495 -0.005713 -0.467688 -0.464659 0.002720 -0.223551 -0.485514 0.124009 -0.351767 -0.517546 0.160297 -0.377805 -0.407699 0.131164 -0.250288 -0.427991 0.241342 -0.395163 -0.369651 0.199724 -0.357637 -0.270554 0.113637 -0.241859 -0.350196 0.256608 -0.385560 -0.320870 0.218124 -0.348164 -0.213893 0.144465 -0.208211 -0.255568 0.291416 -0.289896 -0.328714 0.341101 -0.364706 -0.317405 0.254621 
0.000000 0.000000 0.000000 0.021407 -0.027674 -0.066331 0.027735 -0.427011 0.090456 -0.018713 -0.325944 0.171895 -0.047844 -0.229187 0.210310 -0.068811 -0.141935 0.231281 -0.199304 -0.239592 -0.001339 -0.337410 -0.372196 0.039329 -0.425475 -0.498217 0.060548 -0.175786 -0.491050 0.167257 -0.298788 -0.529753 0.213674 -0.335202 -0.424347 0.179664 -0.203279 -0.430888 0.278650 -0.354211 -0.386311 0.241813 -0.328998 -0.289597 0.148807 -0.198083 -0.352767 0.293196 -0.345177 -0.333252 0.261997 -0.320743 -0.228178 0.180569 -0.173439 -0.253135 0.316567 -0.245456 -0.329676 0.375272 -0.325505 -0.329541 0.292838 
0.000000 0.000000 0.000000 0.024340 -0.028564 -0.064927 0.076148 -0.415687 0.112679 0.018609 -0.316341 0.188995 -0.021280 -0.221602 0.222455 -0.051998 -0.136296 0.238937 -0.176805 -0.252145 0.021088 -0.302668 -0.392047 0.074912 -0.379029 -0.523072 0.107903 -0.118484 -0.492014 0.200499 -0.236115 -0.538145 0.253575 -0.282776 -0.437591 0.217454 -0.149693 -0.429929 0.312471 -0.305857 -0.398968 0.284563 -0.294788 -0.305039 0.186103 -0.153092 -0.354620 0.320665 -0.302743 -0.347550 0.297309 -0.292252 -0.244434 0.210562 -0.135526 -0.251354 0.340774 -0.193020 -0.330551 0.410871 -0.278597 -0.341757 0.335014 
0.000000 0.000000 0.000000 0.023657 -0.028397 -0.065252 0.123582 -0.401616 0.121337 0.060388 -0.305705 0.197573 0.012943 -0.214213 0.230199 -0.025331 -0.131822 0.245667 -0.150050 -0.263434 0.046237 -0.258744 -0.410505 0.116000 -0.320483 -0.545913 0.160043 -0.056162 -0.488803 0.228625 -0.164794 -0.541497 0.293466 -0.222496 -0.446564 0.258091 -0.087750 -0.428395 0.337133 -0.247777 -0.412041 0.321377 -0.252442 -0.321056 0.219695 -0.093798 -0.354704 0.346743 -0.245054 -0.357946 0.336643 -0.251075 -0.257584 0.246315 -0.088400 -0.248749 0.359406 -0.131812 -0.329233 0.437695 -0.221780 -0.351546 0.369791 
0.000000 0.000000 0.000000 0.023784 -0.027179 -0.065723 0.170446 -0.383619 0.122779 0.100682 -0.293236 0.200033 0.045208 -0.206548 0.233110 -0.000906 -0.128320 0.248805 -0.122272 -0.271096 0.064731 -0.213665 -0.423724 0.146361 -0.260263 -0.562169 0.198786 0.006380 -0.481650 0.244813 -0.092777 -0.540898 0.318567 -0.160687 -0.451776 0.286336 -0.026340 -0.422731 0.353561 -0.187931 -0.419246 0.352600 -0.208377 -0.331208 0.250275 -0.035941 -0.352283 0.363071 -0.187045 -0.364438 0.366316 -0.209142 -0.266942 0.275354 -0.040231 -0.245005 0.373001 -0.067299 -0.325321 0.458487 -0.160321 -0.358868 0.399967 
0.000000 0.000000 0.000000 0.023702 -0.025453 -0.066440 0.217444 -0.360306 0.119112 0.141569 -0.276950 0.198479 0.078316 -0.196411 0.233100 0.024522 -0.123526 0.250022 -0.092209 -0.276192 0.080329 -0.164738 -0.433088 0.172167 -0.195054 -0.573379 0.231212 0.070629 -0.468119 0.254174 -0.018102 -0.533278 0.335803 -0.095704 -0.450953 0.307631 0.037631 -0.412575 0.363638 -0.123226 -0.422450 0.375975 -0.159749 -0.338864 0.274394 0.023139 -0.344298 0.373807 -0.126081 -0.365720 0.390095 -0.164441 -0.272890 0.299657 0.008455 -0.237604 0.381606 -0.002604 -0.316127 0.472178 -0.096515 -0.360340 0.422893 
0.000000 0.000000 0.000000 0.022919 -0.023081 -0.067571 0.261897 -0.333287 0.107796 0.181444 -0.258355 0.190965 0.111524 -0.185101 0.228793 0.050927 -0.118515 0.248459 -0.061745 -0.278911 0.091265 -0.114722 -0.438994 0.190655 -0.128198 -0.579891 0.254318 0.134140 -0.450445 0.253988 0.056926 -0.521251 0.342343 -0.029299 -0.446273 0.319177 0.099250 -0.397563 0.365149 -0.057940 -0.422295 0.393506 -0.109452 -0.344226 0.294051 0.080837 -0.332227 0.377540 -0.065052 -0.362361 0.405808 -0.118046 -0.275486 0.316857 0.054960 -0.227531 0.385154 0.057736 -0.302569 0.479244 -0.035596 -0.355469 0.438089 
0.000000 0.000000 0.000000 0.022033 -0.020333 -0.068739 0.301566 -0.302826 0.092977 0.217499 -0.237265 0.180379 0.141898 -0.172150 0.221981 0.075410 -0.112618 0.244952 -0.031146 -0.279362 0.098361 -0.064422 -0.441446 0.202921 -0.060949 -0.581691 0.269298 0.193128 -0.427214 0.248504 0.127590 -0.502392 0.342500 0.033718 -0.435433 0.325245 0.159310 -0.379749 0.361450 0.007143 -0.416224 0.401942 -0.058598 -0.344220 0.306376 0.135339 -0.318603 0.374369 -0.004928 -0.359515 0.414892 -0.071504 -0.278529 0.329586 0.100592 -0.213284 0.385730 0.117925 -0.282575 0.482630 0.026737 -0.344558 0.450286 
0.000000 0.000000 0.000000 0.019935 -0.018145 -0.069980 0.333669 -0.272857 0.074190 0.248851 -0.215577 0.166545 0.169897 -0.157933 0.212693 0.099476 -0.104980 0.239697 -0.004044 -0.276778 0.104319 -0.019050 -0.438614 0.213384 0.000078 -0.577251 0.280472 0.243642 -0.401373 0.237894 0.189232 -0.479045 0.336832 0.089435 -0.419724 0.326129 0.209695 -0.358921 0.352001 0.064951 -0.405971 0.406405 -0.013508 -0.339957 0.316262 0.186045 -0.301561 0.367043 0.052183 -0.350391 0.418882 -0.027466 -0.276165 0.338790 0.140910 -0.196319 0.382969 0.169429 -0.259189 0.481586 0.082706 -0.330748 0.457890 
0.000000 0.000000 0.000000 0.019156 -0.014944 -0.070948 0.364009 -0.235537 0.057534 0.276972 -0.189104 0.153830 0.193986 -0.141069 0.203752 0.119269 -0.096515 0.234160 0.022570 -0.271815 0.107523 0.024705 -0.432548 0.219199 0.059391 -0.567779 0.286995 0.289783 -0.367715 0.226174 0.244922 -0.447599 0.328096 0.139858 -0.397374 0.322443 0.256188 -0.333402 0.341502 0.120231 -0.393029 0.405415 0.030970 -0.335231 0.319794 0.227776 -0.278748 0.360649 0.100393 -0.334379 0.421224 0.010271 -0.268680 0.344872 0.173139 -0.175837 0.380421 0.210219 -0.230436 0.481095 0.128920 -0.309924 0.464501 
0.000000 0.000000 0.000000 0.017866 -0.012880 -0.071685 0.385383 -0.202298 0.042964 0.298047 -0.164227 0.142601 0.212945 -0.124007 0.195763 0.135686 -0.086434 0.229106 0.045502 -0.266303 0.109586 0.062794 -0.424879 0.223014 0.110788 -0.555754 0.291241 0.325992 -0.335759 0.216403 0.290098 -0.416420 0.321224 0.181234 -0.374709 0.319828 0.292781 -0.305183 0.333855 0.163672 -0.371869 0.404626 0.066288 -0.322736 0.322518 0.264171 -0.254629 0.353963 0.141446 -0.314574 0.419811 0.043081 -0.257296 0.346931 0.202097 -0.151174 0.377378 0.247808 -0.195736 0.479437 0.172216 -0.281661 0.469151 
0.000000 0.000000 0.000000 0.014513 -0.014307 -0.072171 0.398534 -0.178190 0.026633 0.314872 -0.141774 0.129973 0.230677 -0.104698 0.186742 0.153335 -0.070497 0.223360 0.060200 -0.259470 0.116652 0.088788 -0.412877 0.234805 0.147940 -0.538874 0.303453 0.352242 -0.306445 0.207818 0.324265 -0.383958 0.317321 0.212801 -0.349903 0.320354 0.326789 -0.275615 0.325981 0.200331 -0.342738 0.400996 0.095906 -0.301716 0.323201 0.296665 -0.227801 0.345502 0.176763 -0.289115 0.415179 0.071176 -0.239801 0.346713 0.228666 -0.119868 0.373274 0.280518 -0.153850 0.476462 0.210923 -0.245213 0.472911 
0.000000 0.000000 0.000000 0.013356 -0.012247 -0.072770 0.411462 -0.147779 0.012288 0.328463 -0.119129 0.118566 0.243472 -0.089268 0.178323 0.164916 -0.061499 0.217697 0.075269 -0.250432 0.120313 0.114010 -0.399473 0.241132 0.183583 -0.519989 0.309850 0.372240 -0.271020 0.198550 0.348536 -0.345503 0.311122 0.235188 -0.318960 0.317524 0.350270 -0.248397 0.316779 0.229175 -0.319741 0.396595 0.119256 -0.286660 0.322685 0.321898 -0.202922 0.338466 0.202246 -0.262996 0.409637 0.090971 -0.221928 0.344834 0.262750 -0.069631 0.362433 0.296925 -0.125872 0.463231 0.233446 -0.221644 0.464390 
0.000000 0.000000 0.000000 0.012095 -0.011287 -0.073145 0.419788 -0.122750 0.000708 0.338121 -0.099346 0.109278 0.253135 -0.074768 0.171402 0.174145 -0.051853 0.212969 0.090710 -0.240101 0.125122 0.139902 -0.383278 0.249185 0.218817 -0.497810 0.318046 0.390250 -0.242641 0.190902 0.372397 -0.315099 0.305851 0.257934 -0.295486 0.316177 0.371698 -0.223973 0.308815 0.253736 -0.297725 0.391095 0.139019 -0.271882 0.321730 0.345061 -0.177478 0.331757 0.225738 -0.235931 0.404806 0.109617 -0.202891 0.344040 0.285387 -0.018397 0.343707 0.315880 -0.080870 0.441985 0.259982 -0.181022 0.448924 
0.000000 0.000000 0.000000 0.010010 -0.013790 -0.073031 0.422538 -0.112598 -0.008605 0.343851 -0.087003 0.101658 0.260322 -0.062094 0.165599 0.182163 -0.039491 0.208874 0.100692 -0.234349 0.129397 0.157434 -0.372360 0.256063 0.242256 -0.483122 0.324064 0.400404 -0.226610 0.186155 0.387027 -0.295516 0.303862 0.272228 -0.280525 0.317635 0.387559 -0.207081 0.302021 0.269510 -0.280555 0.384425 0.151648 -0.259561 0.318795 0.361712 -0.159792 0.323361 0.242107 -0.219418 0.394987 0.122745 -0.191720 0.337947 0.297788 0.003109 0.332980 0.331140 -0.062091 0.428520 0.280831 -0.164819 0.439432 
0.000000 0.000000 0.000000 0.009973 -0.008177 -0.073875 0.427786 -0.089003 -0.019178 0.348995 -0.075299 0.093111 0.264929 -0.059348 0.159175 0.186134 -0.043986 0.204427 0.104091 -0.226881 0.128996 0.162983 -0.363733 0.255938 0.252839 -0.470858 0.323294 0.407500 -0.203395 0.175561 0.395240 -0.272530 0.293256 0.280416 -0.261004 0.309867 0.394704 -0.193618 0.294073 0.282620 -0.270151 0.381848 0.162410 -0.253308 0.319355 0.366671 -0.154840 0.318057 0.249621 -0.216399 0.392223 0.128082 -0.192781 0.338015 0.305054 0.011261 0.320152 0.342379 -0.052919 0.414910 0.296133 -0.157130 0.429209 
0.000000 0.000000 0.000000 0.008800 -0.010520 -0.073728 0.428827 -0.082600 -0.023983 0.351817 -0.066374 0.089201 0.268675 -0.049561 0.156216 0.190445 -0.033958 0.202357 0.091914 -0.215937 0.147049 0.179468 -0.349318 0.260428 0.273129 -0.453763 0.326804 0.410447 -0.190520 0.174601 0.399339 -0.255743 0.294620 0.284460 -0.247371 0.312671 0.406021 -0.178928 0.291359 0.291265 -0.253227 0.377588 0.169440 -0.239883 0.317422 0.374117 -0.138786 0.316324 0.257680 -0.198448 0.392964 0.134263 -0.178841 0.341466 0.307344 0.032018 0.314465 0.347670 -0.028763 0.410229 0.306689 -0.134708 0.427525 
0.000000 0.000000 0.000000 0.008422 -0.011491 -0.073627 0.430304 -0.073720 -0.026348 0.353890 -0.057371 0.087222 0.270956 -0.041297 0.154673 0.192787 -0.026656 0.201231 0.063041 -0.203582 0.167130 0.186648 -0.331546 0.248724 0.284015 -0.433136 0.314193 0.416139 -0.179500 0.173727 0.407579 -0.243430 0.294647 0.292824 -0.238705 0.314700 0.415799 -0.165394 0.289639 0.294910 -0.237686 0.368913 0.171992 -0.228083 0.310276 0.384549 -0.125575 0.311859 0.265345 -0.185658 0.383771 0.140525 -0.170304 0.334251 0.310060 0.049610 0.306193 0.349144 -0.016661 0.398777 0.312120 -0.123761 0.417799 
0.000000 0.000000 0.000000 0.008562 -0.008069 -0.074064 0.432050 -0.061033 -0.029962 0.355479 -0.051648 0.084289 0.272295 -0.040716 0.152458 0.193868 -0.030186 0.199688 0.060749 -0.195861 0.170593 0.195710 -0.319080 0.240691 0.295931 -0.418545 0.305108 0.421011 -0.167944 0.169709 0.414339 -0.232557 0.290384 0.299760 -0.229962 0.311789 0.419220 -0.159197 0.286389 0.300246 -0.233339 0.366843 0.176436 -0.225939 0.309785 0.392271 -0.122681 0.306086 0.274494 -0.185768 0.377777 0.148784 -0.172815 0.329847 0.312880 0.051122 0.298739 0.355894 -0.013858 0.390493 0.321059 -0.121389 0.411150 
0.000000 0.000000 0.000000 0.007692 -0.009714 -0.073962 0.431822 -0.060644 -0.033804 0.356605 -0.048875 0.081125 0.274219 -0.036614 0.150032 0.196337 -0.025214 0.197958 0.053597 -0.191449 0.176460 0.197813 -0.310713 0.233810 0.298942 -0.409293 0.298166 0.423841 -0.167670 0.165951 0.419017 -0.232353 0.286677 0.304758 -0.229848 0.309736 0.423000 -0.156767 0.282186 0.303162 -0.230935 0.361324 0.178486 -0.224401 0.306074 0.397113 -0.117078 0.302139 0.275625 -0.178100 0.369280 0.149039 -0.166747 0.323288 0.316586 0.064034 0.288297 0.359121 -0.005219 0.377100 0.326764 -0.113058 0.400055 
0.000000 0.000000 0.000000 0.007826 -0.008970 -0.074042 0.432687 -0.053790 -0.034332 0.357320 -0.044137 0.080695 0.274768 -0.033712 0.149707 0.196730 -0.023902 0.197730 0.046377 -0.187419 0.179958 0.193938 -0.303853 0.234548 0.296244 -0.401075 0.299111 0.423547 -0.159409 0.166120 0.418023 -0.223243 0.287268 0.303888 -0.222068 0.311038 0.427261 -0.151380 0.280899 0.307488 -0.226128 0.359587 0.182038 -0.221025 0.305963 0.401803 -0.111660 0.299707 0.283059 -0.174913 0.369634 0.155692 -0.165519 0.325392 0.319129 0.058247 0.291837 0.366806 -0.007499 0.380695 0.336903 -0.115790 0.404821 
0.000000 0.000000 0.000000 0.008324 -0.006691 -0.074228 0.433819 -0.044194 -0.033737 0.357778 -0.039332 0.081148 0.274738 -0.032525 0.150025 0.196312 -0.025642 0.197927 0.044719 -0.184166 0.180770 0.192916 -0.299149 0.236697 0.296447 -0.395159 0.301119 0.422062 -0.146897 0.168090 0.414956 -0.208967 0.290069 0.300920 -0.209710 0.314323 0.429857 -0.145544 0.281143 0.308832 -0.220664 0.357528 0.182914 -0.217566 0.304857 0.398926 -0.107739 0.303758 0.278327 -0.169064 0.372211 0.150701 -0.162140 0.328262 0.315164 0.064131 0.289586 0.360015 -0.003103 0.378801 0.332290 -0.111563 0.404702 
0.000000 0.000000 0.000000 0.007913 -0.009428 -0.073976 0.433852 -0.043057 -0.034766 0.358480 -0.034299 0.080329 0.275820 -0.025365 0.149420 0.197647 -0.017117 0.197519 0.037942 -0.177064 0.188404 0.192717 -0.287663 0.234486 0.297434 -0.381992 0.299472 0.423124 -0.146107 0.166941 0.416640 -0.208388 0.288847 0.302723 -0.210289 0.313595 0.431027 -0.137764 0.281592 0.311182 -0.212882 0.359815 0.184876 -0.211621 0.308001 0.396357 -0.100562 0.306040 0.277633 -0.163681 0.376122 0.149658 -0.159086 0.332887 0.316930 0.074165 0.287103 0.363690 0.006637 0.375108 0.339078 -0.102162 0.402679 
0.000000 0.000000 0.000000 0.008334 -0.006976 -0.074201 0.434584 -0.035408 -0.034259 0.358654 -0.031412 0.080733 0.275608 -0.025901 0.149719 0.197139 -0.020348 0.197721 0.027400 -0.172074 0.190800 0.187988 -0.277464 0.228425 0.293506 -0.370570 0.293879 0.424253 -0.140448 0.166439 0.418010 -0.203932 0.287736 0.304286 -0.206716 0.313273 0.433534 -0.136522 0.280281 0.311495 -0.212700 0.353954 0.184792 -0.212785 0.303103 0.401327 -0.102420 0.301551 0.281387 -0.168408 0.366749 0.153010 -0.164979 0.324612 0.322046 0.069176 0.281207 0.371799 -0.001415 0.365068 0.348925 -0.110286 0.393827 
0.000000 0.000000 0.000000 0.008281 -0.006025 -0.074290 0.434672 -0.033408 -0.035134 0.358850 -0.031113 0.079976 0.275857 -0.026758 0.149109 0.197418 -0.022084 0.197255 0.025564 -0.168887 0.192212 0.188592 -0.272209 0.224737 0.294390 -0.364926 0.290289 0.422710 -0.137187 0.166130 0.415481 -0.199908 0.287768 0.301937 -0.202910 0.314072 0.434485 -0.135366 0.279689 0.312618 -0.210988 0.354215 0.185580 -0.211331 0.304210 0.406084 -0.099320 0.299073 0.285909 -0.163810 0.365329 0.157192 -0.160882 0.324202 0.319984 0.073375 0.277576 0.370284 0.004880 0.362839 0.348371 -0.103813 0.392984 
0.000000 0.000000 0.000000 0.007799 -0.008919 -0.074051 0.434258 -0.037263 -0.036352 0.359146 -0.030113 0.079024 0.276597 -0.022626 0.148420 0.198478 -0.015652 0.196806 0.026679 -0.168044 0.194592 0.189227 -0.272236 0.226736 0.295389 -0.364805 0.291908 0.424942 -0.138326 0.166428 0.419311 -0.199405 0.288982 0.306013 -0.202489 0.316315 0.430972 -0.132519 0.281085 0.309676 -0.206853 0.357807 0.182410 -0.207988 0.308397 0.403145 -0.092292 0.302841 0.282894 -0.154105 0.371466 0.154000 -0.152479 0.330822 0.326375 0.069873 0.279957 0.378287 -0.000356 0.362809 0.358115 -0.109025 0.394229 
0.000000 0.000000 0.000000 0.007945 -0.006570 -0.074281 0.434730 -0.030360 -0.037124 0.359486 -0.027702 0.078356 0.276819 -0.023416 0.147883 0.198596 -0.018950 0.196397 0.018800 -0.163126 0.196309 0.182252 -0.265552 0.229529 0.288949 -0.357040 0.295350 0.420680 -0.131493 0.165347 0.412189 -0.192615 0.287716 0.298958 -0.196263 0.315256 0.428955 -0.127875 0.282351 0.307505 -0.201019 0.359969 0.179892 -0.203547 0.311516 0.402045 -0.094781 0.302606 0.282464 -0.157982 0.371139 0.153215 -0.157302 0.331612 0.324416 0.066515 0.282717 0.376462 -0.001817 0.367058 0.358855 -0.110391 0.400296 
0.000000 0.000000 0.000000 0.008129 -0.007056 -0.074216 0.434930 -0.028800 -0.036006 0.359432 -0.025651 0.079297 0.276601 -0.021225 0.148619 0.198258 -0.016747 0.196938 0.022451 -0.161119 0.197640 0.188394 -0.261343 0.224646 0.295581 -0.352213 0.290528 0.424256 -0.128568 0.167348 0.417806 -0.188865 0.290249 0.304905 -0.192786 0.319079 0.430664 -0.125282 0.282949 0.311254 -0.199159 0.362999 0.182956 -0.202772 0.316460 0.405970 -0.089743 0.301205 0.287860 -0.154020 0.371271 0.157964 -0.155420 0.333945 0.326393 0.068214 0.280300 0.382903 0.002021 0.363465 0.370842 -0.106103 0.400435 
0.000000 0.000000 0.000000 0.008265 -0.007434 -0.074164 0.435019 -0.028592 -0.035095 0.359315 -0.024913 0.080057 0.276359 -0.020203 0.149210 0.197927 -0.015546 0.197369 0.023973 -0.158659 0.199204 0.190640 -0.258298 0.223811 0.298135 -0.348761 0.289750 0.425929 -0.130575 0.167234 0.420434 -0.192211 0.289515 0.307921 -0.196129 0.319820 0.434359 -0.125781 0.281721 0.316329 -0.200597 0.362937 0.187032 -0.204853 0.319309 0.407940 -0.087649 0.300376 0.290230 -0.152367 0.370709 0.159690 -0.155460 0.335813 0.330610 0.062698 0.280191 0.392489 -0.000702 0.361694 0.386122 -0.108048 0.402185 
0.000000 0.000000 0.000000 0.008461 -0.006612 -0.074220 0.435195 -0.026695 -0.034392 0.359218 -0.024511 0.080618 0.276088 -0.020831 0.149625 0.197531 -0.016962 0.197648 0.023029 -0.160628 0.197650 0.190462 -0.259110 0.221701 0.297991 -0.349559 0.287605 0.426297 -0.130659 0.166935 0.420919 -0.193492 0.288611 0.308776 -0.197566 0.320241 0.429350 -0.128681 0.282371 0.312614 -0.204823 0.364222 0.182945 -0.209725 0.321780 0.409456 -0.089577 0.298624 0.293034 -0.156576 0.368965 0.162029 -0.160909 0.335995 0.330792 0.062107 0.278741 0.391239 -0.004022 0.359142 0.388142 -0.110574 0.402039 
0.000000 0.000000 0.000000 0.008609 -0.005827 -0.074269 0.435307 -0.025523 -0.033859 0.359115 -0.024673 0.081025 0.275852 -0.021863 0.149913 0.197199 -0.018639 0.197829 0.026092 -0.163803 0.195146 0.191403 -0.264594 0.223863 0.299105 -0.355699 0.288568 0.423948 -0.130477 0.166829 0.417083 -0.193909 0.288119 0.305331 -0.198081 0.321091 0.431045 -0.131395 0.280802 0.317456 -0.209593 0.365106 0.187132 -0.214711 0.324749 0.409146 -0.091805 0.298421 0.298156 -0.162095 0.374128 0.166724 -0.167513 0.343074 0.332590 0.051684 0.283329 0.397001 -0.009778 0.364353 0.398536 -0.115039 0.410405 
0.000000 0.000000 0.000000 0.008712 -0.007398 -0.074117 0.435233 -0.028383 -0.032507 0.358842 -0.024787 0.082191 0.275472 -0.020145 0.150850 0.196752 -0.015543 0.198541 0.032746 -0.161974 0.196761 0.196624 -0.265193 0.225063 0.304709 -0.356701 0.288550 0.426523 -0.135395 0.167224 0.421259 -0.200071 0.287936 0.309803 -0.204285 0.321891 0.429020 -0.132751 0.281924 0.317905 -0.211646 0.368836 0.187089 -0.217146 0.330153 0.401509 -0.092577 0.304414 0.290748 -0.163051 0.380285 0.159126 -0.170472 0.350474 0.329578 0.051927 0.290145 0.392472 -0.009306 0.372522 0.399704 -0.112621 0.422291 
0.000000 0.000000 0.000000 0.009069 -0.006786 -0.074132 0.435411 -0.027688 -0.030681 0.358475 -0.025100 0.083682 0.274778 -0.021098 0.151981 0.195829 -0.016962 0.199335 0.031426 -0.158998 0.198224 0.196367 -0.261048 0.224524 0.304875 -0.352000 0.288089 0.429070 -0.132682 0.170207 0.425238 -0.196139 0.291618 0.314278 -0.200060 0.327194 0.436412 -0.126557 0.283949 0.319293 -0.200192 0.367530 0.187656 -0.206785 0.331930 0.410642 -0.083706 0.301429 0.298673 -0.151128 0.378292 0.166352 -0.161593 0.352804 0.331632 0.056877 0.281136 0.402241 0.003093 0.362457 0.417963 -0.096558 0.417462 
0.000000 0.000000 0.000000 0.009825 -0.008419 -0.073868 0.435557 -0.030614 -0.025365 0.357416 -0.025176 0.088077 0.273014 -0.019275 0.155364 0.193586 -0.013713 0.201761 0.031304 -0.170196 0.192990 0.198691 -0.267284 0.222434 0.307865 -0.356515 0.287284 0.430166 -0.138073 0.174244 0.426908 -0.203018 0.294882 0.316421 -0.206107 0.331980 0.435230 -0.132308 0.285414 0.321386 -0.209399 0.370391 0.189244 -0.216100 0.336731 0.411588 -0.087916 0.299584 0.307308 -0.163752 0.379368 0.174491 -0.177260 0.358271 0.339021 0.034744 0.285945 0.416332 -0.013704 0.364475 0.439660 -0.108703 0.424759 
0.000000 0.000000 0.000000 0.010270 -0.008346 -0.073816 0.435653 -0.031338 -0.022693 0.356817 -0.025904 0.090267 0.272008 -0.019939 0.157036 0.192302 -0.014296 0.202945 0.022140 -0.180540 0.187057 0.190531 -0.270897 0.229378 0.301041 -0.356055 0.297368 0.429361 -0.143341 0.174376 0.425559 -0.211032 0.293479 0.315948 -0.212373 0.333188 0.420149 -0.135410 0.291444 0.314381 -0.213289 0.385638 0.181783 -0.220068 0.353842 0.403813 -0.082059 0.310275 0.303777 -0.156635 0.396426 0.171129 -0.179632 0.384439 0.336841 0.009947 0.298375 0.416853 -0.031650 0.378120 0.450529 -0.118380 0.445550 
0.000000 0.000000 0.000000 0.010200 -0.011533 -0.073395 0.435083 -0.039573 -0.020663 0.356239 -0.028191 0.091848 0.271478 -0.018070 0.158175 0.191834 -0.009210 0.203681 0.022014 -0.187478 0.184966 0.191060 -0.274882 0.230737 0.302461 -0.358203 0.299544 0.426611 -0.149857 0.177291 0.421491 -0.216509 0.296930 0.313005 -0.216721 0.339637 0.422157 -0.136275 0.292962 0.320001 -0.213872 0.391285 0.186828 -0.220928 0.362053 0.408325 -0.070144 0.310736 0.311703 -0.144548 0.400841 0.180268 -0.176022 0.399317 0.333377 0.008729 0.304825 0.415333 -0.025144 0.386232 0.457448 -0.103150 0.459338 
0.000000 0.000000 0.000000 0.009690 -0.016375 -0.072539 0.433623 -0.054119 -0.018238 0.355398 -0.033359 0.093362 0.271125 -0.016542 0.158946 0.191885 -0.002433 0.203827 0.022725 -0.187180 0.189191 0.192736 -0.272930 0.234516 0.304537 -0.354806 0.304398 0.428074 -0.158312 0.183090 0.424720 -0.221283 0.304768 0.318141 -0.219685 0.352006 0.422961 -0.133910 0.297810 0.321370 -0.206640 0.400350 0.187567 -0.214478 0.374377 0.411611 -0.066040 0.309037 0.325963 -0.145391 0.405777 0.197759 -0.186614 0.417292 0.326774 -0.022015 0.313407 0.419621 -0.035494 0.388833 0.468179 -0.106580 0.464938 
0.000000 0.000000 0.000000 0.008942 -0.019182 -0.071944 0.432030 -0.065727 -0.017890 0.354866 -0.039037 0.093186 0.271345 -0.017766 0.158438 0.192692 -0.000065 0.203079 0.021751 -0.188891 0.190508 0.190930 -0.274569 0.238970 0.302779 -0.355629 0.309722 0.430351 -0.169361 0.183797 0.429337 -0.231994 0.305691 0.325166 -0.228845 0.357955 0.425076 -0.139784 0.296644 0.328066 -0.212392 0.403610 0.193333 -0.221091 0.383345 0.411739 -0.061786 0.310311 0.328098 -0.139221 0.410304 0.203613 -0.186300 0.433866 0.330230 -0.014140 0.310184 0.424900 -0.023827 0.383906 0.476434 -0.088135 0.463980 
0.000000 0.000000 0.000000 0.008865 -0.019951 -0.071744 0.431460 -0.069678 -0.016669 0.354391 -0.041244 0.094040 0.270976 -0.018616 0.158971 0.192424 0.000203 0.203332 0.019111 -0.200523 0.183471 0.183944 -0.283425 0.248805 0.296187 -0.360689 0.323093 0.428274 -0.170090 0.186622 0.426349 -0.230777 0.309485 0.324782 -0.225847 0.366521 0.412644 -0.137223 0.303489 0.327478 -0.207210 0.421697 0.192174 -0.218096 0.407077 0.418593 -0.051441 0.306772 0.343627 -0.126496 0.415113 0.223591 -0.177588 0.450454 0.326775 -0.018851 0.313664 0.419251 -0.031966 0.389608 0.471587 -0.092805 0.471844 
0.000000 0.000000 0.000000 0.007314 -0.027489 -0.069388 0.428221 -0.088118 -0.012345 0.353505 -0.045517 0.095392 0.271733 -0.013095 0.158227 0.194452 0.013252 0.200957 0.013899 -0.213849 0.181755 0.186213 -0.281898 0.244906 0.299870 -0.353463 0.322672 0.426918 -0.178036 0.195821 0.426131 -0.232380 0.321631 0.327669 -0.225631 0.383702 0.430723 -0.128841 0.304123 0.339003 -0.191008 0.421798 0.203230 -0.205078 0.419121 0.429542 -0.040060 0.296368 0.358341 -0.112289 0.409081 0.244354 -0.165008 0.459038 0.334097 0.011804 0.306236 0.409752 -0.024853 0.392398 0.460960 -0.082643 0.477493 
0.000000 0.000000 0.000000 0.007286 -0.027969 -0.069199 0.427751 -0.090545 -0.011013 0.353080 -0.046852 0.096317 0.271376 -0.013584 0.158797 0.194166 0.013458 0.201221 0.024234 -0.213855 0.181810 0.190657 -0.284913 0.256411 0.305251 -0.353907 0.335118 0.431084 -0.176393 0.198842 0.433098 -0.228277 0.325673 0.332145 -0.228971 0.383992 0.460799 -0.110716 0.298288 0.392380 -0.175488 0.429620 0.262232 -0.207756 0.455300 0.433870 -0.039225 0.291659 0.379182 -0.106030 0.416307 0.273735 -0.157626 0.483290 0.324656 -0.013371 0.314528 0.414476 -0.031838 0.392520 0.463201 -0.089702 0.479012 
0.000000 0.000000 0.000000 0.007580 -0.030484 -0.068097 0.426983 -0.094644 -0.004247 0.351863 -0.046492 0.100837 0.269972 -0.010297 0.161417 0.192676 0.018921 0.202210 0.023093 -0.219086 0.180972 0.191297 -0.285887 0.255512 0.306100 -0.353265 0.335307 0.444335 -0.178245 0.205824 0.454822 -0.228771 0.332785 0.354485 -0.236155 0.391701 0.500322 -0.086729 0.281988 0.434973 -0.148957 0.416084 0.314367 -0.189720 0.465398 0.448352 -0.023731 0.274172 0.418455 -0.085427 0.409414 0.328434 -0.137955 0.495467 0.322778 -0.002640 0.317079 0.412330 -0.017481 0.396146 0.459591 -0.074128 0.484240 