99
0.000000 0.000000 0.000000 -0.006185 -0.034047 -0.066532 0.140529 -0.400537 0.105414 0.118242 -0.297672 0.183159 0.094048 -0.206689 0.217901 0.074351 -0.138724 0.231514 -0.081247 -0.247846 0.149112 -0.128216 -0.381627 0.284048 -0.167756 -0.492408 0.385295 0.016016 -0.474457 0.279921 -0.059236 -0.519133 0.385388 -0.156340 -0.517492 0.449895 0.078872 -0.413912 0.386660 -0.022025 -0.458545 0.504781 -0.149512 -0.451594 0.553133 0.102977 -0.316398 0.398450 0.060334 -0.389670 0.524163 -0.053852 -0.421607 0.589043 0.103290 -0.208495 0.389251 0.123209 -0.256519 0.497824 0.046970 -0.304707 0.569018 
0.000000 0.000000 0.000000 -0.006269 -0.031527 -0.067754 0.143167 -0.403452 0.089554 0.120631 -0.303746 0.171242 0.096079 -0.214287 0.209514 0.076063 -0.147003 0.225778 -0.081556 -0.257010 0.135557 -0.128665 -0.398103 0.262776 -0.162149 -0.511082 0.363779 0.018969 -0.483678 0.261480 -0.056094 -0.532164 0.365388 -0.153317 -0.529670 0.429689 0.087649 -0.434120 0.367174 -0.007664 -0.488469 0.485859 -0.134055 -0.484217 0.537303 0.094619 -0.333003 0.384494 0.071541 -0.415842 0.509378 -0.041568 -0.450532 0.574731 0.105306 -0.225956 0.379067 0.125435 -0.280302 0.484578 0.050198 -0.331418 0.554790 
0.000000 0.000000 0.000000 -0.010154 -0.029820 -0.068056 0.137150 -0.408654 0.074041 0.120859 -0.310329 0.158829 0.100305 -0.221209 0.200129 0.082723 -0.153859 0.218759 -0.085509 -0.259778 0.130155 -0.132661 -0.403671 0.254182 -0.162580 -0.518232 0.354517 0.015415 -0.492389 0.246057 -0.058157 -0.542996 0.350019 -0.154856 -0.539214 0.415043 0.086466 -0.446281 0.350684 -0.002102 -0.507836 0.471063 -0.127689 -0.504587 0.524513 0.119195 -0.344658 0.370766 0.081129 -0.427123 0.492180 -0.030984 -0.462793 0.558712 0.117015 -0.239904 0.367105 0.140619 -0.299131 0.469214 0.066894 -0.352394 0.539434 
0.000000 0.000000 0.000000 -0.009375 -0.027421 -0.069167 0.137979 -0.410547 0.060855 0.120487 -0.315350 0.148910 0.099191 -0.227825 0.193140 0.081171 -0.161240 0.213973 -0.086624 -0.264478 0.119731 -0.134960 -0.412814 0.237931 -0.163788 -0.530029 0.335483 0.014632 -0.503937 0.226638 -0.059915 -0.560379 0.326832 -0.157015 -0.557789 0.391316 0.087293 -0.458365 0.335778 -0.006999 -0.519755 0.451816 -0.132596 -0.517477 0.505290 0.119675 -0.360018 0.356905 0.079168 -0.447586 0.473875 -0.032443 -0.485894 0.539779 0.115174 -0.252833 0.359026 0.138580 -0.315879 0.458870 0.066396 -0.372250 0.528259 
0.000000 0.000000 0.000000 -0.012459 -0.026029 -0.069218 0.130915 -0.414412 0.049134 0.118715 -0.320374 0.139301 0.100971 -0.233175 0.185690 0.085195 -0.166579 0.208241 -0.089032 -0.270596 0.110141 -0.136947 -0.423631 0.222372 -0.165315 -0.543891 0.316285 0.011803 -0.509272 0.217165 -0.060185 -0.566602 0.318718 -0.157178 -0.564401 0.383376 0.076836 -0.469357 0.319646 -0.006337 -0.543572 0.436689 -0.131546 -0.543347 0.491115 0.095040 -0.371462 0.345550 0.090787 -0.470622 0.460180 -0.019631 -0.512124 0.526161 0.122220 -0.265832 0.347397 0.147705 -0.334150 0.443180 0.077850 -0.393858 0.512160 
0.000000 0.000000 0.000000 -0.012121 -0.023777 -0.070083 0.129586 -0.416118 0.036650 0.117096 -0.324968 0.129697 0.099301 -0.239244 0.178739 0.083561 -0.173359 0.203311 -0.094953 -0.269038 0.105508 -0.146784 -0.422506 0.215381 -0.175244 -0.544004 0.307658 0.006464 -0.516626 0.198389 -0.067948 -0.577369 0.296140 -0.164811 -0.575161 0.360992 0.071655 -0.479416 0.304498 -0.004367 -0.562166 0.420678 -0.128821 -0.564005 0.476776 0.091586 -0.382185 0.334373 0.086054 -0.484683 0.445973 -0.023303 -0.528613 0.512150 0.125301 -0.277017 0.337843 0.154032 -0.348367 0.430445 0.087252 -0.411204 0.499690 
0.000000 0.000000 0.000000 -0.014417 -0.022780 -0.069979 0.120119 -0.419508 0.029579 0.112169 -0.329002 0.123747 0.097704 -0.243356 0.174005 0.084203 -0.177351 0.199568 -0.098109 -0.274674 0.095524 -0.150478 -0.432293 0.199084 -0.180100 -0.555544 0.288631 -0.000943 -0.524224 0.190198 -0.074109 -0.587512 0.287272 -0.171288 -0.585718 0.351664 0.080888 -0.493196 0.292673 -0.004951 -0.572412 0.404392 -0.129255 -0.575855 0.460748 0.090888 -0.393679 0.322566 0.086001 -0.501470 0.429093 -0.021738 -0.549424 0.495130 0.129626 -0.283956 0.330558 0.160892 -0.357335 0.420721 0.098947 -0.423995 0.490880 
0.000000 0.000000 0.000000 -0.013425 -0.021230 -0.070661 0.118612 -0.420384 0.022334 0.109480 -0.331899 0.118298 0.094479 -0.247312 0.170167 0.080763 -0.181833 0.196940 -0.102394 -0.274408 0.090063 -0.158064 -0.432830 0.190633 -0.188822 -0.556474 0.279250 -0.009085 -0.524027 0.178448 -0.086261 -0.586667 0.272799 -0.184267 -0.583686 0.335880 0.062453 -0.497532 0.282093 -0.010039 -0.590208 0.392911 -0.134090 -0.596181 0.449611 0.091933 -0.399869 0.316569 0.090107 -0.509261 0.421549 -0.015431 -0.561615 0.487798 0.129206 -0.290852 0.324824 0.162550 -0.365891 0.412850 0.106715 -0.436517 0.484247 
0.000000 0.000000 0.000000 -0.014249 -0.020307 -0.070771 0.111990 -0.422431 0.017352 0.104939 -0.334773 0.114247 0.091656 -0.250478 0.167051 0.079177 -0.185059 0.194564 -0.106456 -0.274828 0.085957 -0.164153 -0.434091 0.184026 -0.197592 -0.558233 0.270959 -0.015362 -0.529330 0.171541 -0.092330 -0.593937 0.264728 -0.191002 -0.590046 0.326711 0.064223 -0.505356 0.274615 -0.013026 -0.597027 0.383029 -0.137217 -0.604539 0.439237 0.089108 -0.406356 0.309912 0.087280 -0.518130 0.412353 -0.018112 -0.572623 0.477090 0.130090 -0.291048 0.324027 0.165134 -0.364003 0.413138 0.111546 -0.436326 0.484558 
0.000000 0.000000 0.000000 -0.014082 -0.019794 -0.070949 0.105786 -0.424072 0.016206 0.099371 -0.336741 0.113439 0.086961 -0.252492 0.166529 0.075247 -0.187019 0.194250 -0.111265 -0.275003 0.081596 -0.172075 -0.434697 0.177049 -0.208519 -0.558663 0.263021 -0.025883 -0.533306 0.165039 -0.105461 -0.599324 0.254990 -0.205776 -0.594431 0.314202 0.046102 -0.508741 0.268528 -0.027803 -0.606973 0.373472 -0.153158 -0.614982 0.426961 0.082967 -0.412617 0.304579 0.080103 -0.527436 0.403570 -0.025729 -0.583721 0.466016 0.123357 -0.295596 0.322635 0.156472 -0.370332 0.411005 0.105039 -0.444467 0.482151 
0.000000 0.000000 0.000000 -0.014273 -0.019181 -0.071079 0.101049 -0.425319 0.013525 0.095569 -0.338546 0.111313 0.084077 -0.254506 0.164937 0.073083 -0.189084 0.193073 -0.116412 -0.275452 0.076364 -0.180323 -0.435809 0.168624 -0.218642 -0.560075 0.253339 -0.034486 -0.533696 0.159488 -0.116399 -0.599196 0.247703 -0.217903 -0.593824 0.304810 0.038898 -0.511747 0.263838 -0.036838 -0.610931 0.366558 -0.162930 -0.619816 0.418143 0.076334 -0.415286 0.302062 0.070783 -0.530575 0.400390 -0.034577 -0.589439 0.461238 0.120465 -0.300094 0.319635 0.153078 -0.376504 0.406751 0.104471 -0.452624 0.477787 
0.000000 0.000000 0.000000 -0.013694 -0.018765 -0.071304 0.096409 -0.426411 0.012997 0.090772 -0.339949 0.111052 0.079578 -0.255992 0.164869 0.068965 -0.190563 0.193133 -0.121255 -0.274695 0.072838 -0.188559 -0.434839 0.163033 -0.229162 -0.559029 0.246789 -0.042208 -0.535148 0.155762 -0.125984 -0.600865 0.242045 -0.228127 -0.594524 0.297900 0.010752 -0.505922 0.261133 -0.043672 -0.618807 0.363209 -0.170363 -0.627615 0.413319 0.071437 -0.419137 0.299148 0.065600 -0.536123 0.395435 -0.039772 -0.596339 0.454922 0.115577 -0.302122 0.319500 0.147660 -0.378910 0.406480 0.099947 -0.455688 0.477414 
0.000000 0.000000 0.000000 -0.013764 -0.018363 -0.071395 0.087166 -0.428403 0.012779 0.082933 -0.341982 0.110940 0.073296 -0.257882 0.164836 0.063961 -0.192282 0.193152 -0.127900 -0.274071 0.068004 -0.199320 -0.434077 0.155231 -0.243488 -0.558001 0.237565 -0.054659 -0.536459 0.152884 -0.140374 -0.601766 0.237560 -0.243612 -0.594064 0.291186 0.025053 -0.519507 0.257941 -0.056291 -0.618580 0.356391 -0.183686 -0.626638 0.404815 0.061688 -0.422726 0.296766 0.053364 -0.540929 0.391368 -0.052997 -0.601177 0.449036 0.106772 -0.302922 0.321652 0.136240 -0.379078 0.410101 0.087956 -0.455955 0.480541 
0.000000 0.000000 0.000000 -0.011609 -0.018117 -0.071839 0.086599 -0.428481 0.013962 0.079434 -0.342388 0.112241 0.068203 -0.258465 0.166104 0.058039 -0.192956 0.194347 -0.129391 -0.272723 0.066543 -0.203091 -0.432039 0.153134 -0.249118 -0.555870 0.234584 -0.059776 -0.534690 0.150763 -0.148240 -0.598880 0.233441 -0.252502 -0.590523 0.284946 -0.008346 -0.507590 0.258793 -0.068048 -0.619951 0.358468 -0.196325 -0.627693 0.404560 0.051372 -0.419965 0.301559 0.039304 -0.535770 0.398690 -0.067572 -0.596196 0.455208 0.102299 -0.302163 0.323580 0.132763 -0.377332 0.412533 0.085196 -0.454194 0.483475 
0.000000 0.000000 0.000000 -0.012870 -0.017949 -0.071666 0.079586 -0.429867 0.013073 0.075178 -0.343626 0.111385 0.066077 -0.259505 0.165340 0.057390 -0.193823 0.193675 -0.135619 -0.271803 0.063748 -0.212428 -0.430648 0.148481 -0.259940 -0.554005 0.229800 -0.068316 -0.535332 0.148802 -0.157704 -0.599072 0.230833 -0.261914 -0.589363 0.282205 -0.003333 -0.513933 0.257351 -0.073879 -0.620915 0.355853 -0.202193 -0.627897 0.401963 0.047348 -0.423563 0.297430 0.033918 -0.541203 0.392147 -0.072852 -0.602131 0.448325 0.098074 -0.306392 0.321188 0.126077 -0.383875 0.408957 0.078623 -0.460883 0.479816 
0.000000 0.000000 0.000000 -0.012647 -0.017433 -0.071834 0.072119 -0.431218 0.011841 0.068464 -0.345317 0.110480 0.060405 -0.261274 0.164722 0.052635 -0.195570 0.193270 -0.139904 -0.270165 0.061501 -0.219533 -0.428309 0.144933 -0.269137 -0.551211 0.225688 -0.078651 -0.534663 0.145959 -0.169772 -0.597182 0.227016 -0.274169 -0.585733 0.277647 -0.001973 -0.519916 0.255492 -0.085756 -0.618949 0.351915 -0.214350 -0.624568 0.397428 0.040156 -0.427203 0.294226 0.025636 -0.546185 0.387088 -0.081792 -0.606725 0.442424 0.092156 -0.308811 0.320552 0.119359 -0.386758 0.408162 0.071408 -0.463851 0.478594 
0.000000 0.000000 0.000000 -0.013437 -0.017075 -0.071776 0.066214 -0.432205 0.010248 0.064507 -0.346510 0.109120 0.058031 -0.262499 0.163623 0.051393 -0.196766 0.192388 -0.142840 -0.270000 0.059107 -0.223811 -0.428264 0.141005 -0.274841 -0.551168 0.220863 -0.085621 -0.534667 0.143919 -0.177385 -0.596592 0.224707 -0.282153 -0.584381 0.274384 -0.016582 -0.518548 0.251604 -0.093993 -0.623389 0.347210 -0.223058 -0.628858 0.391388 0.035287 -0.428081 0.293157 0.018978 -0.546814 0.386041 -0.088889 -0.607523 0.440329 0.089723 -0.307935 0.321843 0.116106 -0.384455 0.410949 0.068002 -0.461367 0.481473 
0.000000 0.000000 0.000000 -0.014399 -0.016579 -0.071706 0.060056 -0.433154 0.007837 0.060575 -0.347857 0.107066 0.055859 -0.263991 0.161971 0.050459 -0.198289 0.191066 -0.145656 -0.270488 0.055369 -0.227789 -0.429368 0.134883 -0.280459 -0.552275 0.213665 -0.091605 -0.538672 0.139310 -0.183264 -0.602445 0.218769 -0.288078 -0.589577 0.268181 -0.034209 -0.515445 0.246368 -0.098675 -0.629429 0.341112 -0.228054 -0.634006 0.384465 0.030191 -0.432619 0.286949 0.011785 -0.553536 0.376566 -0.096610 -0.614322 0.429704 0.086444 -0.313404 0.317716 0.111214 -0.392639 0.404890 0.062437 -0.469846 0.474626 
0.000000 0.000000 0.000000 -0.014150 -0.016173 -0.071848 0.055729 -0.433753 0.006571 0.056523 -0.348829 0.106117 0.052321 -0.265121 0.161305 0.047404 -0.199476 0.190613 -0.151147 -0.269257 0.050737 -0.236870 -0.427620 0.127442 -0.291875 -0.550261 0.205035 -0.099331 -0.538215 0.134884 -0.193045 -0.601349 0.212433 -0.298133 -0.587531 0.260999 -0.043251 -0.516095 0.242286 -0.111110 -0.629859 0.334899 -0.240832 -0.633547 0.377303 0.024271 -0.432602 0.287310 0.004158 -0.552696 0.377663 -0.104851 -0.612850 0.430261 0.079916 -0.316825 0.316146 0.102294 -0.397598 0.402553 0.052909 -0.474958 0.471688 
0.000000 0.000000 0.000000 -0.013852 -0.015564 -0.072040 0.052005 -0.434247 0.003936 0.052916 -0.350011 0.104064 0.049091 -0.266648 0.159798 0.044554 -0.201164 0.189524 -0.152937 -0.268497 0.048485 -0.239967 -0.426766 0.123902 -0.296255 -0.549564 0.200317 -0.106052 -0.537180 0.129804 -0.201577 -0.599390 0.205876 -0.307047 -0.584979 0.253432 -0.047989 -0.516163 0.240762 -0.116619 -0.629169 0.333736 -0.246571 -0.632384 0.375468 0.018205 -0.434488 0.284655 -0.003941 -0.554841 0.374185 -0.113814 -0.614563 0.425462 0.073763 -0.318691 0.315699 0.093869 -0.399588 0.402548 0.043620 -0.476978 0.471024 
0.000000 0.000000 0.000000 -0.013641 -0.014740 -0.072253 0.047464 -0.434784 0.000092 0.048735 -0.351508 0.101016 0.045489 -0.268637 0.157515 0.041480 -0.203392 0.187836 -0.156313 -0.266100 0.047367 -0.245587 -0.423386 0.122217 -0.303704 -0.546006 0.197540 -0.112048 -0.535900 0.125598 -0.208453 -0.597011 0.201450 -0.313901 -0.581826 0.248812 -0.043635 -0.523620 0.236366 -0.126125 -0.628901 0.327118 -0.256288 -0.630962 0.368258 0.015045 -0.436600 0.282316 -0.006785 -0.557041 0.371805 -0.117272 -0.616067 0.422565 0.067826 -0.322393 0.313258 0.085960 -0.404305 0.399589 0.034415 -0.481817 0.466954 
0.000000 0.000000 0.000000 -0.014605 -0.014232 -0.072167 0.039969 -0.435533 -0.001938 0.043669 -0.352671 0.099266 0.042408 -0.269969 0.156092 0.039823 -0.204778 0.186685 -0.160609 -0.266047 0.042368 -0.251969 -0.423617 0.114037 -0.312191 -0.546281 0.187613 -0.121290 -0.538330 0.119917 -0.218751 -0.600458 0.193562 -0.324392 -0.584491 0.240233 -0.062855 -0.521298 0.228464 -0.135305 -0.635988 0.316337 -0.265799 -0.637207 0.356453 0.003555 -0.440374 0.275114 -0.024304 -0.562565 0.360460 -0.136186 -0.620676 0.409180 0.064288 -0.325822 0.310523 0.081128 -0.409140 0.395763 0.028439 -0.486554 0.462352 
0.000000 0.000000 0.000000 -0.014277 -0.013505 -0.072372 0.035327 -0.435908 -0.005139 0.039240 -0.353890 0.096743 0.038487 -0.271630 0.154215 0.036395 -0.206658 0.185307 -0.164757 -0.263883 0.039489 -0.258918 -0.420554 0.109485 -0.320986 -0.543061 0.181779 -0.127843 -0.537434 0.115228 -0.226459 -0.598793 0.187974 -0.332196 -0.581917 0.234106 -0.063362 -0.524725 0.226215 -0.144405 -0.633905 0.313600 -0.275113 -0.634287 0.353027 0.000808 -0.442756 0.272578 -0.026210 -0.565464 0.357452 -0.138752 -0.622944 0.405394 0.059354 -0.326552 0.310546 0.075157 -0.409078 0.396749 0.021179 -0.486058 0.462807 
0.000000 0.000000 0.000000 -0.013946 -0.013206 -0.072491 0.031879 -0.436162 -0.006061 0.035829 -0.354439 0.096056 0.035384 -0.272322 0.153736 0.033622 -0.207416 0.184984 -0.166836 -0.263372 0.036540 -0.262504 -0.419910 0.104764 -0.325879 -0.542300 0.176116 -0.135334 -0.536116 0.109996 -0.236392 -0.596526 0.180138 -0.342301 -0.578869 0.225577 -0.075764 -0.521679 0.222753 -0.151664 -0.635425 0.308925 -0.282552 -0.634545 0.347743 -0.009574 -0.442553 0.270842 -0.041812 -0.564620 0.354814 -0.155504 -0.620810 0.401556 0.054364 -0.328702 0.309266 0.068641 -0.412185 0.394811 0.013688 -0.488969 0.460290 
0.000000 0.000000 0.000000 -0.014813 -0.012764 -0.072399 0.025031 -0.436584 -0.007634 0.031188 -0.355246 0.094682 0.032548 -0.273311 0.152605 0.032082 -0.208481 0.184058 -0.169568 -0.262344 0.035337 -0.266404 -0.418515 0.102750 -0.331907 -0.540442 0.172964 -0.141185 -0.537555 0.108973 -0.241641 -0.598580 0.179447 -0.347581 -0.580165 0.224513 -0.082116 -0.522858 0.219353 -0.159179 -0.636858 0.304147 -0.290342 -0.634872 0.341981 -0.012410 -0.443722 0.269448 -0.044647 -0.565917 0.353233 -0.159125 -0.621104 0.399247 0.051221 -0.331043 0.307341 0.064395 -0.415404 0.392199 0.008253 -0.491830 0.457086 
0.000000 0.000000 0.000000 -0.013439 -0.012124 -0.072776 0.024260 -0.436560 -0.010825 0.028610 -0.356096 0.092272 0.029023 -0.274652 0.150898 0.028086 -0.210087 0.182881 -0.172872 -0.260178 0.031610 -0.272636 -0.415394 0.096928 -0.339572 -0.537281 0.165848 -0.144604 -0.535383 0.103801 -0.246661 -0.595110 0.173077 -0.352627 -0.576188 0.217869 -0.087771 -0.522279 0.216018 -0.166927 -0.635307 0.300183 -0.298197 -0.632647 0.337605 -0.016546 -0.445617 0.266691 -0.049221 -0.568210 0.349722 -0.164157 -0.622987 0.395079 0.045496 -0.332717 0.306352 0.057479 -0.417126 0.391340 0.000548 -0.493535 0.455555 
0.000000 0.000000 0.000000 -0.013180 -0.011547 -0.072917 0.020726 -0.436667 -0.013514 0.025229 -0.356903 0.090118 0.026023 -0.275841 0.149268 0.025459 -0.211476 0.181661 -0.174035 -0.259763 0.028871 -0.274688 -0.415080 0.092563 -0.342851 -0.537017 0.160180 -0.148806 -0.536179 0.099518 -0.251267 -0.596323 0.167832 -0.357309 -0.576960 0.212253 -0.091846 -0.524393 0.211423 -0.171474 -0.638310 0.293927 -0.302869 -0.634996 0.330855 -0.024120 -0.446827 0.263124 -0.060076 -0.569434 0.344766 -0.175806 -0.623395 0.389069 0.041367 -0.335422 0.304016 0.052317 -0.420735 0.388236 -0.005577 -0.497135 0.451596 
0.000000 0.000000 0.000000 -0.014444 -0.011187 -0.072733 0.014349 -0.436882 -0.014772 0.021547 -0.357436 0.088952 0.024381 -0.276535 0.148258 0.025217 -0.212246 0.180795 -0.176690 -0.259018 0.027778 -0.278213 -0.414094 0.090671 -0.347466 -0.535674 0.157823 -0.156152 -0.535554 0.097538 -0.259198 -0.595188 0.165415 -0.365121 -0.574921 0.209717 -0.097635 -0.524581 0.208671 -0.178695 -0.638263 0.290097 -0.310108 -0.633939 0.326855 -0.025170 -0.449215 0.259792 -0.060701 -0.573038 0.339769 -0.176789 -0.626349 0.383923 0.037555 -0.337745 0.301972 0.046048 -0.424129 0.385381 -0.012852 -0.500169 0.448245 
0.000000 0.000000 0.000000 -0.014330 -0.010666 -0.072834 0.010468 -0.436908 -0.017088 0.018075 -0.358088 0.087084 0.021462 -0.277535 0.146833 0.022779 -0.213432 0.179719 -0.179819 -0.256722 0.026747 -0.283371 -0.410688 0.089058 -0.353925 -0.531894 0.155527 -0.161783 -0.532739 0.095011 -0.265887 -0.590656 0.162760 -0.371772 -0.569535 0.206754 -0.104185 -0.523926 0.205509 -0.187339 -0.636719 0.286056 -0.318874 -0.631216 0.322216 -0.031359 -0.447994 0.260268 -0.069234 -0.570223 0.341608 -0.186099 -0.622461 0.384989 0.035117 -0.337926 0.301930 0.043609 -0.423617 0.386050 -0.016007 -0.499407 0.448540 
0.000000 0.000000 0.000000 -0.014098 -0.010538 -0.072898 0.008246 -0.436945 -0.017369 0.015854 -0.358240 0.086890 0.019427 -0.277749 0.146712 0.020950 -0.213677 0.179650 -0.181790 -0.255377 0.025994 -0.286722 -0.408581 0.087873 -0.358442 -0.529315 0.153953 -0.164452 -0.532610 0.094182 -0.268826 -0.590428 0.161600 -0.374675 -0.568653 0.205361 -0.107559 -0.523463 0.204979 -0.191497 -0.635838 0.285296 -0.323074 -0.629372 0.321143 -0.036219 -0.448468 0.258391 -0.076120 -0.570885 0.338471 -0.193672 -0.622218 0.381069 0.031220 -0.339741 0.300435 0.038288 -0.426512 0.383573 -0.022220 -0.501870 0.445727 
0.000000 0.000000 0.000000 -0.015127 -0.010370 -0.072715 0.003351 -0.437004 -0.017515 0.013113 -0.358410 0.086648 0.018300 -0.277975 0.146428 0.020923 -0.213931 0.179351 -0.183909 -0.255411 0.023792 -0.289522 -0.408742 0.084181 -0.362202 -0.529258 0.149605 -0.170554 -0.533383 0.091518 -0.275658 -0.591632 0.157415 -0.381509 -0.569333 0.200906 -0.112338 -0.523343 0.202981 -0.197662 -0.635521 0.282104 -0.329393 -0.628452 0.317266 -0.038935 -0.448195 0.258066 -0.079976 -0.570254 0.338117 -0.198052 -0.620725 0.380292 0.029731 -0.340955 0.299241 0.035794 -0.428387 0.381765 -0.025276 -0.503569 0.443582 
0.000000 0.000000 0.000000 -0.013731 -0.010253 -0.073008 0.001963 -0.437000 -0.017821 0.009980 -0.358527 0.086581 0.014306 -0.278160 0.146522 0.016534 -0.214153 0.179545 -0.184127 -0.254110 0.023663 -0.290749 -0.406699 0.084154 -0.364403 -0.526754 0.149337 -0.172756 -0.531057 0.091936 -0.278352 -0.587903 0.158270 -0.384068 -0.564798 0.201670 -0.115367 -0.522717 0.204071 -0.200621 -0.634390 0.283981 -0.332318 -0.626378 0.319068 -0.042366 -0.449097 0.257347 -0.083004 -0.571670 0.336817 -0.201417 -0.621483 0.378828 0.024099 -0.340102 0.300647 0.029306 -0.426795 0.384005 -0.032811 -0.501334 0.445557 
0.000000 0.000000 0.000000 -0.014971 -0.009749 -0.072834 -0.004146 -0.436905 -0.019678 0.006500 -0.359004 0.084918 0.012806 -0.278966 0.145122 0.016389 -0.215140 0.178375 -0.188042 -0.252590 0.021617 -0.296338 -0.404544 0.080719 -0.371147 -0.524168 0.145376 -0.180328 -0.530181 0.088396 -0.286807 -0.586554 0.153713 -0.392475 -0.562689 0.196815 -0.121149 -0.521654 0.202073 -0.207968 -0.632278 0.281755 -0.339654 -0.623303 0.316651 -0.045878 -0.449617 0.255340 -0.087958 -0.571985 0.334373 -0.206868 -0.620893 0.376043 0.021187 -0.342490 0.298146 0.024490 -0.430147 0.380587 -0.038505 -0.504416 0.441570 
0.000000 0.000000 0.000000 -0.014794 -0.009620 -0.072887 -0.006720 -0.436862 -0.019926 0.004059 -0.359081 0.084745 0.010653 -0.279113 0.145012 0.014514 -0.215327 0.178311 -0.190796 -0.250385 0.021464 -0.300927 -0.401039 0.080503 -0.377025 -0.519855 0.145146 -0.183771 -0.527706 0.088794 -0.290776 -0.582610 0.154502 -0.396462 -0.557922 0.197096 -0.120825 -0.524237 0.201373 -0.213030 -0.631050 0.280200 -0.344771 -0.621358 0.314694 -0.049043 -0.449819 0.254601 -0.091849 -0.572225 0.333183 -0.211136 -0.620720 0.374253 0.017420 -0.342014 0.298844 0.019421 -0.429215 0.381810 -0.044402 -0.502903 0.442636 
0.000000 0.000000 0.000000 -0.014727 -0.009521 -0.072913 -0.010760 -0.436790 -0.019719 0.000520 -0.359058 0.084936 0.007732 -0.279124 0.145176 0.012117 -0.215359 0.178451 -0.192592 -0.248911 0.021439 -0.303888 -0.398706 0.080479 -0.381184 -0.516758 0.145101 -0.188794 -0.526800 0.088087 -0.296394 -0.581200 0.153241 -0.401849 -0.555432 0.195765 -0.129959 -0.521039 0.199879 -0.218703 -0.631209 0.278056 -0.350424 -0.620432 0.312304 -0.054895 -0.448685 0.254906 -0.099802 -0.570271 0.333590 -0.219553 -0.617739 0.374510 0.013170 -0.342959 0.298048 0.013895 -0.430789 0.380369 -0.050758 -0.503999 0.440895 
0.000000 0.000000 0.000000 -0.014602 -0.009253 -0.072973 -0.014579 -0.436640 -0.020576 -0.002910 -0.359207 0.084257 0.004838 -0.279452 0.144669 0.009693 -0.215791 0.178077 -0.195912 -0.246573 0.020042 -0.309365 -0.395072 0.078245 -0.387974 -0.512473 0.142467 -0.192481 -0.526311 0.087728 -0.300001 -0.580506 0.153184 -0.405363 -0.554016 0.195497 -0.136089 -0.518980 0.199193 -0.226669 -0.627649 0.277366 -0.358397 -0.615574 0.311149 -0.059437 -0.448904 0.253612 -0.105526 -0.570412 0.331730 -0.225796 -0.616850 0.372309 0.009607 -0.343463 0.297601 0.009548 -0.431343 0.379872 -0.055858 -0.504092 0.440144 
0.000000 0.000000 0.000000 -0.015758 -0.008771 -0.072792 -0.020119 -0.436344 -0.022123 -0.006017 -0.359497 0.082843 0.003557 -0.280096 0.143457 0.009656 -0.216638 0.177048 -0.198169 -0.245576 0.019381 -0.312310 -0.393754 0.077057 -0.391941 -0.510748 0.140759 -0.199566 -0.524351 0.084993 -0.308019 -0.577539 0.149731 -0.413298 -0.550333 0.191792 -0.139326 -0.519262 0.197639 -0.229996 -0.627924 0.275716 -0.361642 -0.615141 0.309558 -0.062124 -0.448391 0.253351 -0.109222 -0.569068 0.332151 -0.229883 -0.614742 0.372436 0.007081 -0.343352 0.297560 0.005309 -0.430572 0.380510 -0.060757 -0.502897 0.440573 
0.000000 0.000000 0.000000 -0.014455 -0.008672 -0.073074 -0.019773 -0.436311 -0.023058 -0.007541 -0.359606 0.082245 0.000956 -0.280286 0.143126 0.006461 -0.216874 0.176905 -0.198299 -0.244950 0.017594 -0.313337 -0.392797 0.074327 -0.393448 -0.509764 0.137476 -0.199664 -0.524325 0.083304 -0.308385 -0.577519 0.147587 -0.413560 -0.549954 0.189674 -0.143227 -0.518785 0.195052 -0.235513 -0.627050 0.271776 -0.367268 -0.613888 0.305046 -0.066426 -0.449013 0.251313 -0.114744 -0.570001 0.328890 -0.235751 -0.615319 0.368532 0.005483 -0.344677 0.296284 0.004809 -0.432647 0.378455 -0.061548 -0.505033 0.438123 
0.000000 0.000000 0.000000 -0.015432 -0.008444 -0.072900 -0.023547 -0.436104 -0.023438 -0.009391 -0.359660 0.081815 0.000498 -0.280504 0.142700 0.006930 -0.217190 0.176498 -0.199997 -0.244955 0.015670 -0.315485 -0.392949 0.071091 -0.396326 -0.509588 0.133915 -0.204222 -0.524094 0.081606 -0.313418 -0.577273 0.145092 -0.418669 -0.549187 0.186644 -0.146400 -0.518855 0.192990 -0.239585 -0.627131 0.268605 -0.371484 -0.613543 0.301122 -0.067375 -0.449735 0.249789 -0.116044 -0.571083 0.326580 -0.237333 -0.616010 0.365804 0.002353 -0.345570 0.295174 -0.000798 -0.433936 0.376860 -0.067867 -0.505958 0.436171 
0.000000 0.000000 0.000000 -0.015064 -0.008106 -0.073015 -0.025023 -0.435920 -0.025258 -0.011162 -0.359936 0.080366 -0.001315 -0.281053 0.141610 0.005165 -0.217894 0.175689 -0.201821 -0.243563 0.013749 -0.318681 -0.390897 0.068041 -0.400162 -0.507498 0.130105 -0.207392 -0.522106 0.078344 -0.317611 -0.574195 0.140959 -0.423022 -0.545802 0.181894 -0.148292 -0.519254 0.191216 -0.241559 -0.627613 0.266609 -0.373456 -0.613513 0.298918 -0.072005 -0.449814 0.247612 -0.122694 -0.570827 0.323622 -0.244541 -0.615207 0.361726 -0.000942 -0.345601 0.295021 -0.005145 -0.433504 0.377159 -0.072740 -0.505363 0.436068 
0.000000 0.000000 0.000000 -0.015115 -0.008182 -0.072997 -0.025036 -0.435946 -0.024791 -0.011104 -0.359853 0.080746 -0.001215 -0.280907 0.141902 0.005288 -0.217712 0.175910 -0.200940 -0.244533 0.013334 -0.317218 -0.392427 0.067354 -0.398715 -0.509051 0.129353 -0.206649 -0.524128 0.078461 -0.316411 -0.577422 0.140864 -0.421712 -0.548957 0.182029 -0.149680 -0.518665 0.190516 -0.243932 -0.626680 0.265176 -0.375841 -0.612127 0.297231 -0.071652 -0.449175 0.248851 -0.122159 -0.569834 0.325540 -0.244066 -0.613923 0.363789 -0.000975 -0.346701 0.293847 -0.005285 -0.435486 0.375025 -0.073049 -0.507373 0.433706 
0.000000 0.000000 0.000000 -0.016045 -0.008047 -0.072813 -0.027408 -0.435801 -0.024829 -0.011824 -0.359865 0.080589 -0.000813 -0.281019 0.141683 0.006406 -0.217885 0.175659 -0.202195 -0.243872 0.014258 -0.318675 -0.391436 0.068741 -0.400502 -0.507807 0.130780 -0.209083 -0.523900 0.078384 -0.318883 -0.577144 0.140762 -0.424304 -0.548567 0.181540 -0.150323 -0.518169 0.191189 -0.244522 -0.625837 0.266412 -0.376529 -0.611180 0.298016 -0.071555 -0.449402 0.248249 -0.122281 -0.570143 0.324664 -0.244328 -0.614195 0.362506 -0.001661 -0.346047 0.294385 -0.007214 -0.434263 0.376106 -0.075266 -0.506006 0.434629 
0.000000 0.000000 0.000000 -0.014493 -0.008424 -0.073095 -0.025484 -0.435995 -0.023429 -0.012351 -0.359540 0.081948 -0.002874 -0.280387 0.142902 0.003430 -0.217079 0.176737 -0.201198 -0.244008 0.013434 -0.318026 -0.391422 0.067578 -0.400010 -0.507565 0.129839 -0.208118 -0.523357 0.078712 -0.318497 -0.576157 0.140443 -0.424029 -0.547276 0.180717 -0.151160 -0.518141 0.191731 -0.245570 -0.626012 0.266399 -0.377692 -0.611177 0.297430 -0.074865 -0.447600 0.250469 -0.126487 -0.567503 0.327602 -0.248858 -0.611080 0.364943 -0.004476 -0.344625 0.296135 -0.009917 -0.432417 0.378319 -0.078326 -0.503847 0.436809 
0.000000 0.000000 0.000000 -0.015531 -0.008284 -0.072898 -0.028511 -0.435813 -0.023342 -0.013481 -0.359512 0.081893 -0.002689 -0.280461 0.142760 0.004465 -0.217217 0.176545 -0.202773 -0.243128 0.014481 -0.319936 -0.390079 0.069156 -0.402249 -0.505995 0.131405 -0.211593 -0.521635 0.079301 -0.322243 -0.573504 0.141336 -0.427886 -0.544344 0.181117 -0.152734 -0.517698 0.191713 -0.247445 -0.625286 0.266406 -0.379635 -0.610153 0.297004 -0.075868 -0.447162 0.250322 -0.128342 -0.566696 0.327451 -0.250989 -0.609838 0.364389 -0.004810 -0.344080 0.296569 -0.011194 -0.431403 0.379184 -0.079891 -0.502649 0.437561 
0.000000 0.000000 0.000000 -0.014226 -0.008597 -0.073127 -0.027559 -0.435940 -0.022080 -0.014490 -0.359197 0.083095 -0.004875 -0.279888 0.143824 0.001602 -0.216499 0.177474 -0.202839 -0.242212 0.014596 -0.320861 -0.388393 0.069488 -0.403675 -0.503847 0.131930 -0.210718 -0.521484 0.080658 -0.321415 -0.573184 0.142750 -0.426993 -0.543600 0.182388 -0.154650 -0.516029 0.193700 -0.249979 -0.622696 0.268927 -0.382208 -0.606941 0.299038 -0.078141 -0.445869 0.252433 -0.130677 -0.564889 0.330312 -0.253569 -0.607349 0.367227 -0.007256 -0.343652 0.297223 -0.013353 -0.431174 0.379648 -0.082399 -0.502014 0.438108 
0.000000 0.000000 0.000000 -0.015406 -0.008881 -0.072854 -0.030875 -0.435848 -0.019327 -0.015669 -0.358648 0.085224 -0.004581 -0.279091 0.145374 0.002845 -0.215573 0.178582 -0.203306 -0.242954 0.015179 -0.320881 -0.389422 0.070265 -0.403859 -0.504330 0.133491 -0.214274 -0.522104 0.082382 -0.325116 -0.574235 0.143852 -0.430591 -0.543989 0.183264 -0.155568 -0.515501 0.196129 -0.250720 -0.622182 0.271559 -0.382832 -0.605855 0.301878 -0.077575 -0.445729 0.253157 -0.129917 -0.565220 0.330443 -0.252880 -0.607325 0.367530 -0.006485 -0.343209 0.297780 -0.012907 -0.431063 0.379827 -0.082198 -0.501501 0.438482 
0.000000 0.000000 0.000000 -0.014064 -0.009369 -0.073064 -0.029366 -0.436041 -0.017201 -0.016255 -0.358164 0.087132 -0.006466 -0.278210 0.146981 0.000191 -0.214471 0.179926 -0.203890 -0.240828 0.017704 -0.322671 -0.385660 0.074500 -0.405604 -0.500037 0.138741 -0.213174 -0.519151 0.086372 -0.324263 -0.569381 0.148969 -0.429698 -0.538728 0.188175 -0.157322 -0.512697 0.199800 -0.253267 -0.617800 0.276430 -0.385430 -0.601070 0.306304 -0.079268 -0.443918 0.256317 -0.131472 -0.562741 0.334718 -0.254487 -0.604575 0.371937 -0.009707 -0.340114 0.301178 -0.016519 -0.426596 0.384639 -0.086093 -0.496592 0.443489 
0.000000 0.000000 0.000000 -0.015270 -0.009719 -0.072775 -0.031578 -0.435994 -0.014225 -0.016457 -0.357586 0.089436 -0.005358 -0.277339 0.148662 0.002108 -0.213445 0.181130 -0.204169 -0.242057 0.017682 -0.322369 -0.387439 0.074285 -0.405196 -0.501471 0.139271 -0.215308 -0.520590 0.088279 -0.326349 -0.571718 0.150229 -0.431760 -0.540655 0.189174 -0.157615 -0.512283 0.201764 -0.253622 -0.617500 0.278162 -0.385833 -0.600658 0.307758 -0.079577 -0.441722 0.259041 -0.132797 -0.559594 0.338191 -0.255937 -0.600969 0.375512 -0.008469 -0.338670 0.302756 -0.015749 -0.424865 0.386474 -0.085313 -0.494374 0.445909 
0.000000 0.000000 0.000000 -0.013981 -0.010574 -0.072915 -0.029883 -0.436232 -0.009930 -0.016811 -0.356633 0.093100 -0.007001 -0.275700 0.151614 -0.000309 -0.211425 0.183495 -0.203888 -0.240985 0.020317 -0.322721 -0.385161 0.078655 -0.405738 -0.498432 0.144720 -0.214107 -0.518116 0.093882 -0.325446 -0.567604 0.156624 -0.430827 -0.535929 0.195156 -0.158844 -0.507967 0.208855 -0.255446 -0.610895 0.287585 -0.387671 -0.593597 0.316855 -0.081167 -0.438065 0.264975 -0.134348 -0.554491 0.346262 -0.257530 -0.595445 0.383905 -0.010769 -0.336099 0.305697 -0.017968 -0.421914 0.389812 -0.087690 -0.490837 0.449743 
0.000000 0.000000 0.000000 -0.013790 -0.011259 -0.072849 -0.029786 -0.436312 -0.005922 -0.016993 -0.355749 0.096392 -0.007348 -0.274269 0.154171 -0.000748 -0.209698 0.185465 -0.204334 -0.239887 0.023426 -0.323564 -0.382947 0.083668 -0.406622 -0.495357 0.151138 -0.214079 -0.517524 0.098294 -0.325460 -0.566606 0.161279 -0.430883 -0.534407 0.199259 -0.158948 -0.506945 0.212421 -0.255497 -0.609780 0.291338 -0.387780 -0.592246 0.320203 -0.080683 -0.435885 0.269131 -0.133269 -0.551774 0.351565 -0.256468 -0.592397 0.389509 -0.012705 -0.332249 0.309661 -0.020935 -0.416603 0.395147 -0.090947 -0.484825 0.455540 
0.000000 0.000000 0.000000 -0.014887 -0.011743 -0.072556 -0.033443 -0.436083 -0.001871 -0.018578 -0.354790 0.099582 -0.007467 -0.272920 0.156541 0.000094 -0.208150 0.187202 -0.205783 -0.240051 0.023779 -0.325234 -0.382911 0.084059 -0.408709 -0.494455 0.152445 -0.218175 -0.516777 0.101969 -0.329822 -0.565546 0.164726 -0.435160 -0.532534 0.202241 -0.160464 -0.506265 0.215331 -0.256966 -0.609291 0.294056 -0.389305 -0.591419 0.322453 -0.083290 -0.434032 0.270592 -0.137660 -0.549559 0.352373 -0.261123 -0.589608 0.390069 -0.012303 -0.329977 0.312065 -0.020835 -0.413833 0.398011 -0.091089 -0.481236 0.459039 
0.000000 0.000000 0.000000 -0.014673 -0.012279 -0.072511 -0.034681 -0.435988 0.001486 -0.019930 -0.353931 0.102338 -0.008780 -0.271642 0.158682 -0.001139 -0.206651 0.188852 -0.206771 -0.238960 0.025266 -0.326973 -0.380803 0.086449 -0.410757 -0.491488 0.155845 -0.219846 -0.514349 0.106336 -0.331754 -0.561709 0.169705 -0.436987 -0.527779 0.206692 -0.163718 -0.502319 0.219728 -0.261515 -0.603244 0.299569 -0.393903 -0.584705 0.327298 -0.085038 -0.431243 0.274552 -0.139719 -0.545687 0.357638 -0.263370 -0.585123 0.395364 -0.013024 -0.326864 0.315319 -0.021206 -0.409608 0.402369 -0.091687 -0.476445 0.463756 
0.000000 0.000000 0.000000 -0.013174 -0.012825 -0.072704 -0.033034 -0.436102 0.003766 -0.020615 -0.353309 0.104331 -0.010908 -0.270599 0.160323 -0.004120 -0.205377 0.190196 -0.207104 -0.237410 0.026287 -0.328452 -0.377941 0.088229 -0.412415 -0.487921 0.158525 -0.218598 -0.513254 0.108807 -0.330747 -0.559883 0.172292 -0.435975 -0.525093 0.208486 -0.164189 -0.501196 0.222612 -0.261840 -0.601780 0.303059 -0.394307 -0.582967 0.330224 -0.086405 -0.430291 0.276566 -0.140542 -0.544799 0.359920 -0.264352 -0.583946 0.397425 -0.017651 -0.323994 0.317997 -0.026964 -0.405640 0.405966 -0.098039 -0.471888 0.467306 
0.000000 0.000000 0.000000 -0.014256 -0.012941 -0.072479 -0.036417 -0.435813 0.005578 -0.021989 -0.352817 0.105706 -0.010874 -0.270017 0.161303 -0.003169 -0.204761 0.190877 -0.206970 -0.239204 0.025054 -0.327557 -0.380785 0.086084 -0.411406 -0.490485 0.156952 -0.222485 -0.512254 0.110248 -0.334939 -0.558453 0.173508 -0.440077 -0.522542 0.208857 -0.165223 -0.501719 0.223123 -0.262643 -0.602993 0.302983 -0.395088 -0.583783 0.329972 -0.087467 -0.429507 0.277106 -0.142388 -0.543871 0.360144 -0.266403 -0.582579 0.397427 -0.016949 -0.323817 0.318243 -0.026434 -0.405765 0.405912 -0.097713 -0.471562 0.467501 
0.000000 0.000000 0.000000 -0.014173 -0.013206 -0.072447 -0.036815 -0.435756 0.007200 -0.022444 -0.352390 0.107028 -0.011328 -0.269387 0.162322 -0.003603 -0.204025 0.191656 -0.207054 -0.239000 0.025838 -0.327746 -0.380288 0.087338 -0.411512 -0.489665 0.158800 -0.222681 -0.512426 0.112061 -0.335013 -0.558764 0.175435 -0.440073 -0.522123 0.210262 -0.166325 -0.500463 0.224701 -0.264184 -0.601174 0.304735 -0.396657 -0.581749 0.331434 -0.088587 -0.427798 0.279159 -0.143987 -0.541387 0.362939 -0.268082 -0.579879 0.400181 -0.017968 -0.323656 0.318416 -0.027855 -0.406001 0.405668 -0.099357 -0.471597 0.467212 
0.000000 0.000000 0.000000 -0.014082 -0.013480 -0.072415 -0.037017 -0.435709 0.008837 -0.022741 -0.351963 0.108361 -0.011662 -0.268752 0.163348 -0.003948 -0.203280 0.192439 -0.207350 -0.238475 0.026938 -0.328284 -0.379263 0.089107 -0.411964 -0.488427 0.160993 -0.223072 -0.511139 0.114260 -0.335518 -0.556727 0.177975 -0.440550 -0.519591 0.212361 -0.166976 -0.498733 0.227229 -0.265076 -0.598557 0.308075 -0.397573 -0.578885 0.334470 -0.089784 -0.425974 0.281213 -0.145802 -0.538711 0.365729 -0.269998 -0.576982 0.402860 -0.020354 -0.321383 0.320379 -0.031646 -0.402677 0.408443 -0.103472 -0.467851 0.470059 
0.000000 0.000000 0.000000 -0.013917 -0.014232 -0.072303 -0.038515 -0.435458 0.013539 -0.024245 -0.350666 0.112173 -0.013046 -0.266890 0.166270 -0.005195 -0.201126 0.194660 -0.208206 -0.237402 0.029151 -0.329780 -0.377048 0.092634 -0.413661 -0.485015 0.166078 -0.224636 -0.511352 0.118511 -0.337122 -0.557221 0.181953 -0.442088 -0.519119 0.215472 -0.169061 -0.495220 0.233032 -0.267557 -0.593537 0.315233 -0.400039 -0.573188 0.341187 -0.091764 -0.422077 0.286413 -0.148210 -0.533355 0.372562 -0.272545 -0.570871 0.409999 -0.021415 -0.318376 0.323406 -0.032579 -0.399082 0.412024 -0.104703 -0.463438 0.474150 
0.000000 0.000000 0.000000 -0.012969 -0.015117 -0.072299 -0.038537 -0.435281 0.018329 -0.025582 -0.349289 0.116103 -0.015117 -0.264856 0.169319 -0.007659 -0.198749 0.197006 -0.208831 -0.235421 0.032346 -0.331389 -0.373273 0.097825 -0.415126 -0.479954 0.173285 -0.225177 -0.506931 0.125343 -0.337977 -0.550234 0.190019 -0.442663 -0.510511 0.222518 -0.170969 -0.491962 0.238502 -0.269852 -0.588999 0.321751 -0.402179 -0.568011 0.347989 -0.093324 -0.417374 0.293156 -0.149403 -0.526739 0.381954 -0.273749 -0.563049 0.420525 -0.022739 -0.312630 0.328877 -0.033119 -0.391017 0.419646 -0.105564 -0.453925 0.482872 
0.000000 0.000000 0.000000 -0.014763 -0.015675 -0.071835 -0.042936 -0.434617 0.023553 -0.026828 -0.347826 0.120145 -0.014230 -0.263001 0.172263 -0.005417 -0.196714 0.199111 -0.210188 -0.234608 0.036441 -0.332472 -0.371602 0.104193 -0.416183 -0.476902 0.181596 -0.228105 -0.505272 0.133736 -0.340016 -0.547974 0.200328 -0.444169 -0.506732 0.232646 -0.172554 -0.487734 0.245300 -0.271669 -0.582892 0.330423 -0.403673 -0.560626 0.357225 -0.092197 -0.416402 0.295156 -0.148104 -0.526400 0.383279 -0.272422 -0.561650 0.422910 -0.021415 -0.311316 0.330248 -0.032427 -0.390198 0.420512 -0.105150 -0.451964 0.484539 
0.000000 0.000000 0.000000 -0.015570 -0.015992 -0.071594 -0.045985 -0.434130 0.026593 -0.028296 -0.346887 0.122499 -0.014558 -0.261849 0.173980 -0.004988 -0.195473 0.200341 -0.213099 -0.231317 0.040047 -0.336699 -0.366054 0.109905 -0.420854 -0.470070 0.188552 -0.231248 -0.501570 0.138617 -0.343217 -0.542328 0.206321 -0.446741 -0.499816 0.239010 -0.173371 -0.485756 0.249555 -0.272042 -0.580206 0.335971 -0.403618 -0.556891 0.363962 -0.094424 -0.412363 0.299203 -0.151694 -0.520290 0.388996 -0.276068 -0.554043 0.429737 -0.022477 -0.307855 0.333197 -0.034516 -0.385210 0.424644 -0.107488 -0.445784 0.489520 
0.000000 0.000000 0.000000 -0.017872 -0.016112 -0.071027 -0.052731 -0.433105 0.030494 -0.030816 -0.345657 0.125335 -0.014149 -0.260590 0.175894 -0.002686 -0.194246 0.201574 -0.213711 -0.230812 0.044718 -0.336255 -0.365158 0.117144 -0.420429 -0.467589 0.197825 -0.236028 -0.499767 0.146160 -0.346807 -0.540055 0.216065 -0.449396 -0.496086 0.249762 -0.174446 -0.483673 0.254936 -0.272136 -0.577543 0.343082 -0.403048 -0.552821 0.372918 -0.093098 -0.410449 0.302477 -0.149708 -0.517907 0.393245 -0.273834 -0.550061 0.435988 -0.019385 -0.305618 0.335380 -0.030879 -0.382277 0.427480 -0.103714 -0.441312 0.493912 
0.000000 0.000000 0.000000 -0.018673 -0.016496 -0.070733 -0.054539 -0.432625 0.033935 -0.031230 -0.344657 0.127959 -0.013632 -0.259339 0.177774 -0.001583 -0.192883 0.202891 -0.214397 -0.229405 0.048467 -0.336868 -0.362629 0.123054 -0.421428 -0.463715 0.205018 -0.237211 -0.498704 0.150915 -0.347614 -0.538641 0.221615 -0.449633 -0.493786 0.255868 -0.175090 -0.480989 0.259079 -0.272935 -0.573714 0.348258 -0.403502 -0.548101 0.378847 -0.093887 -0.407103 0.305988 -0.151434 -0.513059 0.397925 -0.275416 -0.544265 0.441776 -0.020060 -0.304609 0.336165 -0.032778 -0.381512 0.427901 -0.105649 -0.439903 0.494860 
0.000000 0.000000 0.000000 -0.017348 -0.017355 -0.070864 -0.052853 -0.432526 0.037661 -0.031652 -0.343429 0.131119 -0.015376 -0.257487 0.180306 -0.004116 -0.190701 0.204908 -0.214504 -0.227604 0.050671 -0.337872 -0.359165 0.126720 -0.423340 -0.459406 0.208779 -0.235467 -0.494534 0.156938 -0.345834 -0.532010 0.229026 -0.447693 -0.486657 0.263099 -0.176063 -0.478298 0.263141 -0.274283 -0.570028 0.352936 -0.404836 -0.543965 0.383201 -0.094797 -0.404364 0.310049 -0.151746 -0.509684 0.403083 -0.275765 -0.540304 0.447239 -0.020925 -0.300435 0.340046 -0.032496 -0.375967 0.433063 -0.105526 -0.433404 0.500670 
0.000000 0.000000 0.000000 -0.017528 -0.017790 -0.070712 -0.053503 -0.432179 0.040610 -0.031953 -0.342507 0.133437 -0.015428 -0.256272 0.182025 -0.004002 -0.189345 0.206164 -0.213547 -0.227544 0.053489 -0.336203 -0.358794 0.131207 -0.421628 -0.458454 0.214016 -0.235984 -0.493957 0.160211 -0.346270 -0.531294 0.232495 -0.447921 -0.485643 0.266791 -0.175338 -0.475434 0.268513 -0.272860 -0.565843 0.360384 -0.403228 -0.539428 0.391136 -0.093874 -0.402016 0.313624 -0.150124 -0.506524 0.407990 -0.273946 -0.536779 0.452944 -0.020245 -0.295925 0.343871 -0.031425 -0.369286 0.438657 -0.104375 -0.425823 0.507104 
0.000000 0.000000 0.000000 -0.020746 -0.017455 -0.069920 -0.058360 -0.431348 0.042696 -0.031569 -0.342102 0.134563 -0.011704 -0.256174 0.182439 0.001746 -0.189452 0.206097 -0.215711 -0.227728 0.055060 -0.337708 -0.359303 0.133265 -0.422601 -0.458349 0.217348 -0.239513 -0.494394 0.163647 -0.348997 -0.532496 0.236747 -0.450317 -0.486603 0.271691 -0.174518 -0.476078 0.269063 -0.271743 -0.567201 0.360543 -0.401801 -0.540555 0.392388 -0.090745 -0.401312 0.314353 -0.147423 -0.505384 0.408944 -0.270880 -0.535210 0.455168 -0.014533 -0.297193 0.342893 -0.025739 -0.371353 0.437052 -0.097964 -0.427885 0.506268 
0.000000 0.000000 0.000000 -0.019684 -0.017985 -0.070093 -0.055603 -0.431556 0.044247 -0.030718 -0.341620 0.135977 -0.012150 -0.255289 0.183647 0.000472 -0.188340 0.207121 -0.214535 -0.226885 0.057344 -0.336460 -0.357601 0.137085 -0.421101 -0.456278 0.221853 -0.237325 -0.492326 0.165508 -0.347153 -0.529054 0.238795 -0.448508 -0.483075 0.273526 -0.172287 -0.474545 0.272957 -0.268573 -0.564952 0.366124 -0.398562 -0.538474 0.398392 -0.090209 -0.400868 0.315659 -0.146182 -0.505258 0.410319 -0.269498 -0.535204 0.456843 -0.014535 -0.297800 0.342691 -0.024865 -0.373144 0.436008 -0.096927 -0.429727 0.505351 
0.000000 0.000000 0.000000 -0.018311 -0.018589 -0.070307 -0.052235 -0.431802 0.045923 -0.029780 -0.341087 0.137513 -0.012853 -0.254300 0.184967 -0.001273 -0.187095 0.208243 -0.213162 -0.227355 0.057350 -0.335087 -0.357987 0.137229 -0.419784 -0.456776 0.221809 -0.233162 -0.493326 0.167990 -0.342510 -0.530510 0.241764 -0.443965 -0.484733 0.276469 -0.171940 -0.473165 0.274701 -0.268629 -0.562996 0.368008 -0.398669 -0.536391 0.399960 -0.088253 -0.400324 0.318028 -0.142320 -0.505033 0.413442 -0.265512 -0.535082 0.460226 -0.015453 -0.294533 0.345510 -0.025214 -0.368484 0.439994 -0.097445 -0.424586 0.509552 
0.000000 0.000000 0.000000 -0.019957 -0.018506 -0.069879 -0.054086 -0.431420 0.047348 -0.029046 -0.340806 0.138366 -0.010517 -0.254106 0.185379 0.002012 -0.186967 0.208352 -0.213724 -0.227041 0.059789 -0.334970 -0.357529 0.140928 -0.419362 -0.455869 0.226333 -0.234178 -0.493558 0.170336 -0.343020 -0.531113 0.244667 -0.444255 -0.485262 0.279912 -0.170604 -0.472516 0.276526 -0.266884 -0.562097 0.370493 -0.396731 -0.535402 0.403149 -0.085944 -0.400556 0.317957 -0.140030 -0.505570 0.413024 -0.263015 -0.535530 0.460409 -0.014462 -0.294829 0.345029 -0.025801 -0.369072 0.439107 -0.097858 -0.424958 0.509019 
0.000000 0.000000 0.000000 -0.020636 -0.018379 -0.069716 -0.054027 -0.431445 0.047188 -0.028041 -0.340996 0.138105 -0.008988 -0.254387 0.185075 0.003819 -0.187294 0.208032 -0.212445 -0.228117 0.060921 -0.332466 -0.359357 0.142664 -0.415931 -0.457874 0.228774 -0.232527 -0.492824 0.172848 -0.340408 -0.529919 0.248793 -0.441351 -0.483800 0.284525 -0.167885 -0.472834 0.277878 -0.262999 -0.562503 0.372944 -0.392516 -0.535835 0.406909 -0.084135 -0.399121 0.319681 -0.138020 -0.502905 0.416201 -0.260623 -0.532589 0.464733 -0.009924 -0.294952 0.345171 -0.019384 -0.369055 0.439567 -0.090652 -0.424979 0.510253 
0.000000 0.000000 0.000000 -0.020867 -0.018388 -0.069644 -0.052932 -0.431581 0.047183 -0.026785 -0.341122 0.138043 -0.007733 -0.254496 0.184982 0.005021 -0.187388 0.207922 -0.210177 -0.229379 0.062608 -0.328635 -0.361404 0.145363 -0.410243 -0.460207 0.232912 -0.219823 -0.509492 0.179461 -0.332668 -0.531154 0.254152 -0.433579 -0.484830 0.289707 -0.166025 -0.473945 0.277487 -0.260728 -0.564284 0.372328 -0.390165 -0.537860 0.406783 -0.081284 -0.399753 0.319905 -0.134025 -0.503912 0.416653 -0.256312 -0.533992 0.465735 -0.007634 -0.294377 0.345688 -0.016345 -0.368020 0.440515 -0.087214 -0.424019 0.511542 
0.000000 0.000000 0.000000 -0.020264 -0.018679 -0.069745 -0.044606 -0.432615 0.046310 -0.020551 -0.341811 0.137404 -0.003363 -0.254906 0.184547 0.007993 -0.187599 0.207638 -0.207345 -0.231759 0.062331 -0.324408 -0.365091 0.144975 -0.403695 -0.464762 0.233665 -0.220968 -0.496091 0.173932 -0.327557 -0.534454 0.251063 -0.428541 -0.488317 0.286653 -0.156207 -0.476422 0.278655 -0.248472 -0.567976 0.374726 -0.377783 -0.543336 0.410933 -0.073272 -0.401687 0.319758 -0.123400 -0.506938 0.416712 -0.244660 -0.538716 0.467252 -0.000780 -0.297203 0.343640 -0.006817 -0.372646 0.437252 -0.076337 -0.429897 0.508613 
0.000000 0.000000 0.000000 -0.020936 -0.018682 -0.069545 -0.038782 -0.433280 0.045325 -0.014649 -0.342505 0.136429 0.002095 -0.255561 0.183658 0.012935 -0.188201 0.206843 -0.204141 -0.234027 0.064279 -0.318779 -0.368776 0.148017 -0.395215 -0.469140 0.238413 -0.210971 -0.500953 0.176441 -0.315038 -0.541853 0.255684 -0.415825 -0.496159 0.292389 -0.146525 -0.478988 0.279453 -0.236218 -0.571815 0.376729 -0.365290 -0.548783 0.414798 -0.064002 -0.404601 0.318313 -0.111398 -0.511472 0.414869 -0.231536 -0.544879 0.467012 0.006643 -0.297746 0.343029 0.002311 -0.373148 0.436768 -0.065690 -0.431431 0.508755 
0.000000 0.000000 0.000000 -0.021088 -0.018896 -0.069441 -0.032425 -0.433833 0.045029 -0.009024 -0.342832 0.136096 0.006781 -0.255715 0.183331 0.016813 -0.188236 0.206533 -0.199203 -0.238782 0.063868 -0.310656 -0.376373 0.147284 -0.383785 -0.477591 0.239447 -0.202363 -0.503494 0.178029 -0.305068 -0.545594 0.258410 -0.406067 -0.500354 0.295093 -0.135986 -0.483820 0.279195 -0.222338 -0.579712 0.376523 -0.351296 -0.558573 0.416047 -0.057239 -0.404984 0.318733 -0.103146 -0.512019 0.415825 -0.222537 -0.547170 0.468535 0.011904 -0.299040 0.341753 0.008525 -0.375309 0.434827 -0.058270 -0.434599 0.507120 
0.000000 0.000000 0.000000 -0.020093 -0.019610 -0.069539 -0.023471 -0.434256 0.046491 -0.002798 -0.342425 0.137385 0.010734 -0.254808 0.184402 0.019118 -0.187040 0.207416 -0.195876 -0.240637 0.064974 -0.305870 -0.378941 0.149143 -0.376312 -0.480368 0.243150 -0.192327 -0.505155 0.180211 -0.294379 -0.548004 0.261028 -0.395562 -0.503122 0.297642 -0.128449 -0.482240 0.282775 -0.213909 -0.577333 0.381661 -0.342877 -0.557893 0.422017 -0.049299 -0.404137 0.321553 -0.092346 -0.511216 0.419899 -0.210649 -0.548086 0.473873 0.017114 -0.295032 0.344967 0.015735 -0.369364 0.439646 -0.049820 -0.429201 0.512619 
0.000000 0.000000 0.000000 -0.021049 -0.020137 -0.069104 -0.017477 -0.434307 0.048604 0.003658 -0.341860 0.138765 0.016947 -0.253894 0.185195 0.024915 -0.185936 0.207793 -0.192649 -0.241412 0.070311 -0.300026 -0.379873 0.157548 -0.366989 -0.481255 0.254110 -0.183233 -0.506713 0.185361 -0.283412 -0.550472 0.268013 -0.384120 -0.505574 0.305895 -0.117419 -0.482713 0.287005 -0.199769 -0.578513 0.387830 -0.328172 -0.560649 0.430643 -0.037515 -0.403060 0.324826 -0.076567 -0.510021 0.424951 -0.193186 -0.548096 0.481682 0.028269 -0.294113 0.345171 0.030578 -0.368573 0.439732 -0.032725 -0.428947 0.514236 
0.000000 0.000000 0.000000 -0.023157 -0.020547 -0.068304 -0.015879 -0.434012 0.051692 0.007994 -0.341030 0.140612 0.022684 -0.252790 0.186089 0.031327 -0.184699 0.208029 -0.188777 -0.241453 0.078724 -0.292411 -0.379681 0.170724 -0.355119 -0.480354 0.270821 -0.175352 -0.505476 0.196196 -0.271732 -0.548668 0.283531 -0.370946 -0.502853 0.324160 -0.106228 -0.481874 0.294204 -0.183916 -0.577668 0.398669 -0.310815 -0.560021 0.445834 -0.026448 -0.401789 0.327860 -0.061679 -0.508630 0.429518 -0.176239 -0.546668 0.490324 0.039630 -0.293100 0.345020 0.045345 -0.367715 0.439313 -0.015336 -0.427905 0.516112 
0.000000 0.000000 0.000000 -0.024425 -0.021411 -0.067594 -0.013953 -0.433388 0.057188 0.011430 -0.339299 0.144510 0.026804 -0.250489 0.188634 0.035723 -0.182124 0.209585 -0.188026 -0.237512 0.088552 -0.290397 -0.372733 0.186258 -0.350296 -0.471310 0.290092 -0.169795 -0.499940 0.207867 -0.263981 -0.540161 0.298934 -0.361434 -0.492888 0.342077 -0.098796 -0.476555 0.304151 -0.173764 -0.569909 0.412730 -0.298946 -0.551441 0.463991 -0.015423 -0.398082 0.334054 -0.045703 -0.503915 0.438329 -0.157948 -0.541110 0.503795 0.049122 -0.289292 0.347141 0.058344 -0.363058 0.441824 0.000046 -0.421942 0.521430 
0.000000 0.000000 0.000000 -0.026665 -0.022214 -0.066478 -0.017529 -0.432173 0.064881 0.011558 -0.336982 0.149822 0.029305 -0.247658 0.191971 0.039668 -0.179074 0.211495 -0.187432 -0.234227 0.097993 -0.288029 -0.366891 0.200909 -0.345932 -0.463168 0.307983 -0.168789 -0.497191 0.220807 -0.260207 -0.536486 0.315045 -0.356161 -0.488417 0.360602 -0.093207 -0.471702 0.315198 -0.164462 -0.563330 0.427677 -0.287618 -0.543686 0.483229 -0.010079 -0.392139 0.341262 -0.038319 -0.495742 0.448313 -0.148454 -0.531516 0.518016 0.055406 -0.282287 0.351800 0.066239 -0.353332 0.448375 0.010087 -0.410277 0.530881 
0.000000 0.000000 0.000000 -0.030888 -0.023126 -0.064304 -0.026728 -0.429555 0.077836 0.009738 -0.333100 0.158389 0.032383 -0.243286 0.197002 0.045814 -0.174563 0.214009 -0.187975 -0.228187 0.112106 -0.286270 -0.356500 0.222491 -0.343449 -0.448343 0.333766 -0.170244 -0.494905 0.240786 -0.256981 -0.534400 0.339269 -0.350478 -0.485567 0.388935 -0.088864 -0.464953 0.329756 -0.155927 -0.554632 0.446310 -0.275961 -0.532565 0.507500 -0.003000 -0.385679 0.349271 -0.028372 -0.487783 0.458458 -0.135354 -0.520725 0.534205 0.065760 -0.275515 0.355420 0.079489 -0.345003 0.452756 0.026288 -0.398584 0.539369 
0.000000 0.000000 0.000000 -0.035117 -0.023521 -0.061947 -0.039234 -0.425975 0.091085 0.005155 -0.329013 0.166916 0.033278 -0.239214 0.201781 0.050247 -0.170671 0.216143 -0.192175 -0.217055 0.127060 -0.290452 -0.338155 0.245328 -0.348302 -0.424434 0.360638 -0.174682 -0.486802 0.262474 -0.256543 -0.523564 0.366057 -0.346652 -0.474410 0.421350 -0.085141 -0.455063 0.347007 -0.146555 -0.540794 0.469494 -0.262058 -0.515625 0.537794 0.001636 -0.375852 0.360029 -0.021054 -0.473830 0.473502 -0.123833 -0.502925 0.556316 0.069174 -0.268826 0.359648 0.082202 -0.336389 0.458424 0.031679 -0.385638 0.549117 
0.000000 0.000000 0.000000 -0.038803 -0.023700 -0.059637 -0.049638 -0.422031 0.103521 0.001624 -0.324963 0.174740 0.034464 -0.235432 0.205986 0.054461 -0.167222 0.217812 -0.192458 -0.205153 0.143614 -0.288606 -0.318695 0.270795 -0.344785 -0.399445 0.390838 -0.176896 -0.479286 0.282259 -0.253807 -0.513891 0.390283 -0.340223 -0.463632 0.450280 -0.083074 -0.445496 0.361213 -0.140681 -0.527476 0.488041 -0.251960 -0.499150 0.561893 0.008059 -0.369138 0.367662 -0.010875 -0.465013 0.483594 -0.109545 -0.490218 0.572460 0.077623 -0.264195 0.361499 0.093566 -0.330943 0.460402 0.045497 -0.376331 0.554383 
0.000000 0.000000 0.000000 -0.040724 -0.023973 -0.058230 -0.055953 -0.418864 0.112748 -0.000957 -0.321604 0.180851 0.034500 -0.232230 0.209583 0.056203 -0.164255 0.219619 -0.192757 -0.197925 0.152656 -0.287890 -0.306773 0.284614 -0.344071 -0.383906 0.407012 -0.176758 -0.471499 0.297291 -0.249769 -0.503310 0.408823 -0.333845 -0.452137 0.471320 -0.079837 -0.438972 0.371841 -0.133487 -0.518798 0.501741 -0.241760 -0.488012 0.578998 0.009314 -0.363537 0.373406 -0.008746 -0.457693 0.490876 -0.105119 -0.480341 0.582894 0.081049 -0.260525 0.363498 0.098151 -0.326790 0.462532 0.051523 -0.369551 0.558451 
0.000000 0.000000 0.000000 -0.040406 -0.025069 -0.057990 -0.058358 -0.416132 0.121322 -0.003468 -0.317633 0.187709 0.032130 -0.227793 0.214765 0.054024 -0.159698 0.223493 -0.193297 -0.191394 0.158359 -0.288966 -0.295470 0.293735 -0.346592 -0.369609 0.417305 -0.180396 -0.463355 0.306517 -0.254152 -0.491895 0.418443 -0.337580 -0.439970 0.481186 -0.081957 -0.430048 0.381814 -0.135342 -0.506506 0.513832 -0.242489 -0.474332 0.592086 0.008514 -0.354874 0.382116 -0.008420 -0.445999 0.502118 -0.103571 -0.466360 0.595924 0.080445 -0.252520 0.369343 0.098632 -0.316410 0.469735 0.052224 -0.356240 0.567014 
0.000000 0.000000 0.000000 -0.041619 -0.025679 -0.056853 -0.060991 -0.413116 0.130021 -0.003938 -0.314034 0.193660 0.033090 -0.224120 0.218453 0.055878 -0.156129 0.225549 -0.193646 -0.187937 0.163161 -0.288775 -0.289467 0.300832 -0.347342 -0.361333 0.425299 -0.180804 -0.458676 0.317076 -0.253215 -0.486211 0.430126 -0.336383 -0.433820 0.492828 -0.080809 -0.424110 0.389743 -0.133092 -0.498977 0.523107 -0.239762 -0.466200 0.601763 0.009062 -0.347337 0.388611 -0.008167 -0.435691 0.510625 -0.102811 -0.454659 0.605233 0.076888 -0.245896 0.374166 0.091350 -0.307683 0.476461 0.044218 -0.345378 0.574241 
0.000000 0.000000 0.000000 -0.042737 -0.026683 -0.055547 -0.061693 -0.409535 0.140590 -0.002902 -0.309427 0.200957 0.035158 -0.219237 0.223037 0.058532 -0.151269 0.228173 -0.191638 -0.188179 0.167150 -0.284810 -0.289233 0.306499 -0.345679 -0.359341 0.430863 -0.179075 -0.456677 0.328790 -0.250017 -0.485169 0.442532 -0.333208 -0.433328 0.505659 -0.078244 -0.418589 0.398141 -0.129488 -0.492835 0.532254 -0.235590 -0.459705 0.611526 0.010160 -0.342682 0.392890 -0.007765 -0.431199 0.514685 -0.101948 -0.449007 0.609976 0.080169 -0.240131 0.377242 0.095062 -0.301297 0.479849 0.048158 -0.336925 0.578509 
0.000000 0.000000 0.000000 -0.041686 -0.028311 -0.055540 -0.061010 -0.406509 0.149394 -0.003857 -0.304563 0.208239 0.033229 -0.213596 0.228733 0.056049 -0.145356 0.232597 -0.191976 -0.184355 0.170091 -0.286018 -0.281998 0.311276 -0.350782 -0.350192 0.434735 -0.177993 -0.453627 0.337848 -0.248695 -0.482104 0.451745 -0.332104 -0.431835 0.515847 -0.075786 -0.411970 0.407649 -0.124708 -0.485022 0.543276 -0.230001 -0.451690 0.623537 0.012555 -0.333575 0.401624 -0.002269 -0.419607 0.525598 -0.095141 -0.436182 0.622387 0.080033 -0.230956 0.383208 0.096542 -0.289877 0.486876 0.049822 -0.322997 0.586493 
0.000000 0.000000 0.000000 -0.042162 -0.028933 -0.054856 -0.061706 -0.404057 0.155630 -0.003754 -0.301515 0.212630 0.033837 -0.210419 0.231571 0.056960 -0.142227 0.234304 -0.192691 -0.180441 0.173688 -0.286883 -0.275245 0.316696 -0.353099 -0.341872 0.440239 -0.174040 -0.449992 0.347179 -0.241932 -0.477754 0.462947 -0.324799 -0.430675 0.530102 -0.074223 -0.405331 0.414449 -0.122152 -0.475940 0.551715 -0.226186 -0.442645 0.633616 0.014994 -0.326473 0.407327 0.001483 -0.409691 0.533355 -0.089666 -0.425796 0.631846 0.079425 -0.221065 0.388790 0.094888 -0.275331 0.495126 0.048481 -0.306115 0.595634 
0.000000 0.000000 0.000000 -0.043726 -0.029280 -0.053428 -0.062995 -0.400748 0.163472 -0.002559 -0.298033 0.217502 0.036530 -0.207115 0.234126 0.060520 -0.139177 0.235241 -0.191056 -0.174642 0.181114 -0.283246 -0.265600 0.327875 -0.351297 -0.330481 0.451352 -0.166907 -0.454950 0.357597 -0.229708 -0.487708 0.474921 -0.310622 -0.449967 0.549899 -0.069871 -0.397562 0.422533 -0.115652 -0.465255 0.561982 -0.216698 -0.431856 0.647502 0.020011 -0.320551 0.411815 0.008164 -0.401891 0.539228 -0.079645 -0.417055 0.640853 0.086246 -0.218537 0.388950 0.103953 -0.273163 0.494750 0.059822 -0.301951 0.596862 
0.000000 0.000000 0.000000 -0.045329 -0.029178 -0.052132 -0.066466 -0.397506 0.169887 -0.003155 -0.295195 0.221331 0.037833 -0.204774 0.235971 0.063007 -0.137257 0.235715 -0.191802 -0.169221 0.186153 -0.283456 -0.256851 0.335256 -0.354273 -0.319570 0.458294 -0.164354 -0.457694 0.365375 -0.223515 -0.494070 0.483523 -0.301812 -0.462573 0.563963 -0.066377 -0.393124 0.428423 -0.109376 -0.459730 0.569275 -0.207422 -0.425298 0.657824 0.021786 -0.315913 0.415148 0.010279 -0.395607 0.543629 -0.074691 -0.409338 0.647838 0.091522 -0.213856 0.390330 0.111149 -0.266580 0.496755 0.069464 -0.293575 0.600373 
0.000000 0.000000 0.000000 -0.045698 -0.029989 -0.051344 -0.068929 -0.393116 0.178883 -0.004708 -0.290164 0.227860 0.036996 -0.199750 0.240369 0.062672 -0.132447 0.238540 -0.193018 -0.163580 0.190102 -0.285202 -0.247173 0.341184 -0.359246 -0.307064 0.463730 -0.162798 -0.455771 0.375563 -0.219530 -0.493637 0.494431 -0.295214 -0.466658 0.578913 -0.065828 -0.385381 0.436839 -0.107399 -0.450142 0.578975 -0.202771 -0.413937 0.669709 0.024069 -0.310093 0.420289 0.014799 -0.389216 0.549302 -0.067420 -0.401343 0.655890 0.092381 -0.208867 0.393018 0.112831 -0.261469 0.499349 0.073395 -0.286218 0.604398 
0.000000 0.000000 0.000000 -0.047465 -0.029950 -0.049738 -0.073469 -0.387987 0.188040 -0.005957 -0.285561 0.233574 0.037967 -0.195869 0.243393 0.065051 -0.129198 0.239682 -0.193779 -0.158082 0.195253 -0.285332 -0.238259 0.348553 -0.361098 -0.295419 0.471350 -0.160505 -0.451842 0.387458 -0.213107 -0.490435 0.507980 -0.287016 -0.465657 0.594678 -0.062516 -0.375827 0.446006 -0.100984 -0.437220 0.590490 -0.194591 -0.399263 0.682340 0.027278 -0.304203 0.424675 0.019613 -0.381885 0.554665 -0.060586 -0.392939 0.662897 0.091381 -0.205451 0.394854 0.109505 -0.257937 0.501663 0.070916 -0.280963 0.607416 
0.000000 0.000000 0.000000 -0.048791 -0.030043 -0.048381 -0.074669 -0.384304 0.195001 -0.005010 -0.282115 0.237747 0.040217 -0.192863 0.245424 0.068058 -0.126603 0.240231 -0.192430 -0.156218 0.199196 -0.282310 -0.235170 0.354113 -0.356900 -0.290949 0.478257 -0.159055 -0.450249 0.394877 -0.210056 -0.490104 0.515677 -0.283006 -0.466605 0.603536 -0.057788 -0.370701 0.451853 -0.093686 -0.430951 0.597475 -0.186134 -0.392101 0.690121 0.030723 -0.296190 0.429671 0.023915 -0.370282 0.561788 -0.055142 -0.379252 0.671047 0.098239 -0.199826 0.396160 0.119013 -0.250226 0.503489 0.081344 -0.271115 0.610015 
0.000000 0.000000 0.000000 -0.046913 -0.031492 -0.049308 -0.071399 -0.384130 0.196562 -0.005015 -0.280113 0.240102 0.038106 -0.189852 0.248094 0.064660 -0.123059 0.242995 -0.193389 -0.152927 0.198975 -0.285044 -0.228913 0.354335 -0.359509 -0.283480 0.479091 -0.157127 -0.447194 0.396796 -0.208939 -0.485308 0.517812 -0.280980 -0.466078 0.607442 -0.059254 -0.366870 0.454591 -0.096145 -0.425877 0.600474 -0.188092 -0.387135 0.693662 0.026265 -0.293823 0.431842 0.017774 -0.368377 0.563601 -0.061509 -0.376948 0.672728 0.094171 -0.194094 0.400060 0.114484 -0.242989 0.508171 0.076646 -0.262730 0.614856 
0.000000 0.000000 0.000000 -0.046124 -0.032809 -0.049194 -0.069565 -0.381337 0.202567 -0.004621 -0.275926 0.244910 0.037540 -0.185117 0.251731 0.063492 -0.118164 0.245718 -0.191282 -0.148957 0.202370 -0.282114 -0.221635 0.359783 -0.356685 -0.274961 0.485012 -0.153510 -0.445270 0.403280 -0.204244 -0.483909 0.524586 -0.274816 -0.468643 0.616127 -0.057421 -0.357717 0.461697 -0.093332 -0.413347 0.609143 -0.184208 -0.374372 0.703280 0.028107 -0.284725 0.438018 0.021343 -0.356151 0.571598 -0.056888 -0.362984 0.681604 0.094696 -0.189032 0.402530 0.116175 -0.237812 0.510468 0.078898 -0.255946 0.617635 
0.000000 0.000000 0.000000 -0.048398 -0.032262 -0.047336 -0.075371 -0.375417 0.211356 -0.006191 -0.271289 0.250003 0.038825 -0.181691 0.254022 0.066587 -0.115671 0.246084 -0.190866 -0.148179 0.205867 -0.280014 -0.220713 0.364306 -0.354497 -0.272433 0.490258 -0.157086 -0.438665 0.413204 -0.206472 -0.476891 0.535195 -0.276053 -0.462272 0.627596 -0.060754 -0.351032 0.467116 -0.097865 -0.405270 0.614784 -0.187968 -0.365260 0.709229 0.029499 -0.278062 0.442010 0.022812 -0.347166 0.576809 -0.054305 -0.352556 0.687678 0.095618 -0.181942 0.405306 0.115600 -0.227557 0.514902 0.078663 -0.243153 0.622585 
0.000000 0.000000 0.000000 -0.045874 -0.034306 -0.048400 -0.072506 -0.373969 0.214896 -0.007491 -0.267402 0.254121 0.034955 -0.176559 0.258169 0.061200 -0.109940 0.250078 -0.191109 -0.143598 0.206174 -0.281988 -0.211986 0.365470 -0.357088 -0.262625 0.491496 -0.156640 -0.434489 0.416586 -0.207488 -0.471066 0.538482 -0.277810 -0.455883 0.630229 -0.060899 -0.345758 0.472026 -0.097224 -0.399051 0.620231 -0.187657 -0.358653 0.714194 0.023994 -0.271452 0.446819 0.016133 -0.339496 0.582093 -0.061830 -0.343665 0.692422 0.093156 -0.175321 0.409107 0.115152 -0.220323 0.518571 0.077712 -0.234755 0.626242 
0.000000 0.000000 0.000000 -0.047309 -0.034262 -0.047030 -0.074680 -0.369427 0.221894 -0.007218 -0.263379 0.258295 0.036779 -0.173207 0.260178 0.063960 -0.107164 0.250591 -0.193516 -0.144252 0.206686 -0.285002 -0.213076 0.365446 -0.360457 -0.263263 0.491441 -0.158934 -0.428148 0.424065 -0.209854 -0.463637 0.546252 -0.280578 -0.447742 0.637569 -0.063714 -0.341041 0.475669 -0.102139 -0.393862 0.623514 -0.193260 -0.353429 0.716795 0.025047 -0.264017 0.450782 0.016634 -0.329133 0.587456 -0.061667 -0.331760 0.697593 0.089858 -0.168944 0.412143 0.107684 -0.211469 0.523342 0.069373 -0.224162 0.630925 
0.000000 0.000000 0.000000 -0.048261 -0.034422 -0.045933 -0.078041 -0.364037 0.229515 -0.008664 -0.258353 0.263279 0.036686 -0.168834 0.263050 0.064754 -0.103399 0.251966 -0.193303 -0.142169 0.209409 -0.284060 -0.209590 0.369186 -0.360197 -0.259079 0.495046 -0.160495 -0.419450 0.433355 -0.210328 -0.452940 0.556551 -0.280446 -0.437054 0.648334 -0.065784 -0.328108 0.483156 -0.104633 -0.375551 0.632704 -0.194817 -0.334112 0.726453 0.024787 -0.259242 0.453834 0.016255 -0.324070 0.590638 -0.061522 -0.325999 0.701160 0.095184 -0.160641 0.414396 0.116129 -0.200041 0.526200 0.078489 -0.210664 0.634244 
0.000000 0.000000 0.000000 -0.046516 -0.036656 -0.046005 -0.075683 -0.359259 0.237687 -0.009244 -0.251269 0.270029 0.034264 -0.160856 0.268323 0.061232 -0.095170 0.256056 -0.195560 -0.137056 0.210026 -0.288823 -0.199881 0.370233 -0.366818 -0.249070 0.495069 -0.158701 -0.411891 0.442035 -0.208875 -0.443701 0.565537 -0.278018 -0.428134 0.658112 -0.064252 -0.316821 0.491731 -0.101665 -0.361405 0.642519 -0.190486 -0.319573 0.737388 0.021238 -0.245181 0.461801 0.011898 -0.305647 0.600536 -0.064612 -0.305756 0.711955 0.089416 -0.151329 0.419267 0.108816 -0.189984 0.531609 0.071400 -0.198309 0.639932 