44
0.000000 0.000000 0.000000 -0.066811 0.027219 -0.020478 -0.263177 -0.349324 -0.000669 -0.114618 -0.347407 0.048047 -0.009361 -0.306069 0.072667 0.070017 -0.256793 0.086752 -0.209973 -0.132115 0.207476 -0.299554 -0.231817 0.350116 -0.421036 -0.285814 0.430199 -0.359608 -0.475151 0.161469 -0.378761 -0.416606 0.283894 -0.410186 -0.403311 0.395379 -0.201378 -0.553373 0.128825 -0.267787 -0.523607 0.273145 -0.324536 -0.500976 0.395238 -0.065685 -0.496304 0.145824 -0.144806 -0.540721 0.267305 -0.216347 -0.570641 0.378007 0.067203 -0.412180 0.166961 0.012173 -0.488054 0.242499 -0.047478 -0.553362 0.315846 
0.000000 0.000000 0.000000 -0.066323 0.027833 -0.021226 -0.263729 -0.348622 -0.014150 -0.116209 -0.348158 0.037663 -0.011412 -0.307634 0.065401 0.067744 -0.258874 0.082256 -0.214021 -0.135935 0.200611 -0.306440 -0.238411 0.339422 -0.429143 -0.294674 0.416007 -0.363124 -0.477963 0.143366 -0.384512 -0.422222 0.266726 -0.417894 -0.411237 0.377892 -0.203000 -0.556461 0.112173 -0.271994 -0.529112 0.255757 -0.331142 -0.509405 0.377216 -0.067723 -0.500318 0.131853 -0.149176 -0.545610 0.251455 -0.222647 -0.577954 0.360193 0.063796 -0.416234 0.158470 0.006279 -0.492821 0.231391 -0.054756 -0.559773 0.302069 
0.000000 0.000000 0.000000 -0.065970 0.028387 -0.021588 -0.264112 -0.347733 -0.024834 -0.117333 -0.348608 0.029035 -0.012864 -0.308860 0.059043 0.066133 -0.260609 0.077979 -0.217311 -0.140004 0.194252 -0.312011 -0.245371 0.329311 -0.435665 -0.303536 0.402885 -0.364310 -0.479373 0.130251 -0.388033 -0.426779 0.254561 -0.422700 -0.417551 0.365494 -0.206043 -0.558034 0.097923 -0.277215 -0.534182 0.241067 -0.338073 -0.516884 0.362049 -0.070271 -0.502813 0.120691 -0.153257 -0.551027 0.238078 -0.228198 -0.585285 0.345214 0.060829 -0.419677 0.150473 0.002504 -0.498045 0.220815 -0.059501 -0.566526 0.289143 
0.000000 0.000000 0.000000 -0.065522 0.028698 -0.022520 -0.264230 -0.347003 -0.032585 -0.118443 -0.348622 0.023899 -0.014461 -0.309334 0.056121 0.064267 -0.261398 0.076889 -0.221521 -0.141303 0.188692 -0.319134 -0.247678 0.320855 -0.443842 -0.307006 0.391671 -0.367662 -0.481203 0.118120 -0.392687 -0.428886 0.242292 -0.429003 -0.420378 0.352754 -0.208420 -0.558469 0.089801 -0.281896 -0.534980 0.231836 -0.344700 -0.517959 0.351858 -0.074266 -0.503216 0.115677 -0.159410 -0.551413 0.231514 -0.236281 -0.585222 0.337420 0.060661 -0.420963 0.148388 0.000412 -0.498872 0.217610 -0.062835 -0.567559 0.284580 
0.000000 0.000000 0.000000 -0.064936 0.029128 -0.023638 -0.266190 -0.345138 -0.036234 -0.121357 -0.347704 0.022620 -0.017629 -0.309109 0.056457 0.061098 -0.261705 0.078415 -0.225881 -0.139105 0.185266 -0.326589 -0.244373 0.315985 -0.452786 -0.302707 0.384966 -0.373358 -0.478034 0.113010 -0.399910 -0.425258 0.236670 -0.438007 -0.416369 0.346500 -0.215337 -0.555820 0.088422 -0.291191 -0.532005 0.229147 -0.355815 -0.513904 0.348040 -0.080313 -0.501825 0.116829 -0.167658 -0.548870 0.231496 -0.246483 -0.581484 0.336333 0.055145 -0.421317 0.149651 -0.007568 -0.497851 0.218214 -0.072426 -0.565821 0.284370 
0.000000 0.000000 0.000000 -0.064383 0.029630 -0.024510 -0.269591 -0.342522 -0.035917 -0.125367 -0.346161 0.024357 -0.021552 -0.308408 0.058875 0.057475 -0.261677 0.081196 -0.228583 -0.135347 0.184457 -0.331328 -0.238579 0.315215 -0.458283 -0.295785 0.383747 -0.379056 -0.474360 0.112596 -0.405821 -0.420310 0.235658 -0.444544 -0.410279 0.345171 -0.220535 -0.553354 0.091353 -0.296728 -0.526184 0.231285 -0.361989 -0.506438 0.349566 -0.084521 -0.500551 0.120760 -0.173104 -0.543846 0.235952 -0.252856 -0.574421 0.340703 0.047383 -0.419925 0.154966 -0.016882 -0.494933 0.223778 -0.083136 -0.561419 0.290059 
0.000000 0.000000 0.000000 -0.063786 0.030051 -0.025538 -0.273426 -0.339711 -0.033545 -0.129821 -0.344227 0.028133 -0.025875 -0.307242 0.063081 0.053509 -0.261155 0.085475 -0.232336 -0.129879 0.183888 -0.337804 -0.229953 0.314934 -0.465596 -0.285654 0.383150 -0.387514 -0.468435 0.114219 -0.413832 -0.412627 0.236591 -0.453154 -0.400653 0.345694 -0.228340 -0.548847 0.098127 -0.305254 -0.518122 0.236925 -0.371240 -0.495601 0.354305 -0.092197 -0.497008 0.128684 -0.182272 -0.537972 0.243573 -0.263369 -0.565597 0.348111 0.039792 -0.417794 0.162041 -0.026372 -0.490549 0.231470 -0.094101 -0.555091 0.298179 
0.000000 0.000000 0.000000 -0.063560 0.030870 -0.025122 -0.280083 -0.334991 -0.024992 -0.135764 -0.341309 0.034834 -0.030690 -0.305776 0.067861 0.049828 -0.260865 0.088530 -0.235953 -0.121748 0.186620 -0.343825 -0.217246 0.319115 -0.472834 -0.269072 0.388090 -0.397598 -0.459187 0.123958 -0.422123 -0.398620 0.244424 -0.461615 -0.383639 0.353094 -0.238301 -0.542698 0.108339 -0.314846 -0.507547 0.246288 -0.380687 -0.481581 0.363036 -0.101318 -0.492679 0.137092 -0.192402 -0.528856 0.252789 -0.274134 -0.553127 0.357663 0.033235 -0.415186 0.169129 -0.034289 -0.485374 0.239877 -0.103032 -0.547669 0.307678 
0.000000 0.000000 0.000000 -0.063314 0.031472 -0.024995 -0.286052 -0.330506 -0.015178 -0.141166 -0.338159 0.043103 -0.035117 -0.303817 0.074218 0.046396 -0.259915 0.093074 -0.236276 -0.112477 0.192281 -0.344505 -0.202551 0.328238 -0.473600 -0.250567 0.399764 -0.405634 -0.444340 0.140263 -0.428413 -0.383199 0.260782 -0.466415 -0.365291 0.369540 -0.245872 -0.536749 0.121035 -0.320174 -0.498008 0.259248 -0.384182 -0.468998 0.376298 -0.108692 -0.487122 0.149714 -0.198755 -0.520209 0.267122 -0.279470 -0.541317 0.373459 0.029365 -0.412700 0.176457 -0.038523 -0.480453 0.249204 -0.107212 -0.540743 0.318847 
0.000000 0.000000 0.000000 -0.062972 0.031901 -0.025314 -0.291266 -0.326217 -0.006070 -0.146152 -0.334850 0.051501 -0.039385 -0.301497 0.081206 0.042921 -0.258475 0.098588 -0.236302 -0.105797 0.195689 -0.344760 -0.191959 0.333978 -0.474024 -0.236270 0.407559 -0.411176 -0.436283 0.151814 -0.431163 -0.370256 0.270233 -0.468396 -0.349869 0.378820 -0.253479 -0.529644 0.135230 -0.326065 -0.485811 0.272833 -0.388907 -0.453112 0.389542 -0.114426 -0.483054 0.159434 -0.204202 -0.513244 0.277839 -0.284562 -0.530898 0.385070 0.023864 -0.409973 0.183860 -0.044102 -0.475845 0.258243 -0.113148 -0.533824 0.329477 
0.000000 0.000000 0.000000 -0.062945 0.032397 -0.024743 -0.296366 -0.321593 0.005971 -0.150319 -0.331404 0.060933 -0.042492 -0.299180 0.087932 0.040794 -0.257141 0.102885 -0.238131 -0.093517 0.201757 -0.347751 -0.172306 0.343485 -0.477070 -0.212410 0.419347 -0.416757 -0.424306 0.168378 -0.434185 -0.353690 0.284531 -0.470787 -0.330585 0.392789 -0.260290 -0.522129 0.150402 -0.331529 -0.473322 0.287032 -0.393342 -0.436501 0.403060 -0.120219 -0.475831 0.174342 -0.209800 -0.498722 0.294518 -0.289795 -0.511925 0.402658 0.018104 -0.404092 0.194954 -0.050040 -0.467303 0.271454 -0.119560 -0.522370 0.344514 
0.000000 0.000000 0.000000 -0.062882 0.032544 -0.024710 -0.299843 -0.317958 0.016945 -0.153241 -0.328188 0.070333 -0.044733 -0.296595 0.095271 0.039196 -0.255183 0.108241 -0.236749 -0.086964 0.206233 -0.345543 -0.161744 0.350742 -0.474259 -0.198712 0.429180 -0.419760 -0.417233 0.181822 -0.433989 -0.342613 0.295889 -0.469180 -0.317079 0.404069 -0.264257 -0.515756 0.165035 -0.333505 -0.463297 0.301333 -0.393680 -0.423371 0.417196 -0.122776 -0.471097 0.185671 -0.211123 -0.491674 0.307170 -0.289962 -0.501756 0.416490 0.017639 -0.400015 0.203873 -0.050707 -0.460079 0.282691 -0.119724 -0.512882 0.357869 
0.000000 0.000000 0.000000 -0.062507 0.031655 -0.026734 -0.299114 -0.318486 0.019692 -0.153514 -0.326778 0.076073 -0.045594 -0.294147 0.102201 0.037946 -0.252105 0.115648 -0.236843 -0.083118 0.206247 -0.345931 -0.154935 0.352032 -0.474933 -0.190612 0.430597 -0.417105 -0.412260 0.189117 -0.433795 -0.336683 0.302217 -0.469455 -0.308934 0.409695 -0.265378 -0.511828 0.174649 -0.334469 -0.454693 0.309135 -0.394943 -0.411823 0.423784 -0.122263 -0.467182 0.196511 -0.210909 -0.483204 0.318478 -0.290024 -0.490314 0.427832 0.017963 -0.396885 0.211698 -0.052298 -0.453369 0.291475 -0.121737 -0.504315 0.367540 
0.000000 0.000000 0.000000 -0.062392 0.030888 -0.027876 -0.297978 -0.319333 0.022922 -0.152861 -0.325961 0.080750 -0.045316 -0.292393 0.107233 0.037927 -0.249755 0.120644 -0.239240 -0.080189 0.205003 -0.349900 -0.149693 0.350725 -0.479271 -0.184718 0.428975 -0.418971 -0.411392 0.191167 -0.435277 -0.332795 0.302246 -0.471895 -0.303260 0.408923 -0.263707 -0.509739 0.182794 -0.334024 -0.450138 0.315564 -0.395316 -0.404696 0.428779 -0.122958 -0.464106 0.203151 -0.212613 -0.478414 0.324593 -0.292616 -0.483105 0.433429 0.016390 -0.392196 0.219805 -0.053912 -0.447753 0.300194 -0.124119 -0.496921 0.376723 
0.000000 0.000000 0.000000 -0.062920 0.031526 -0.025906 -0.300423 -0.316177 0.032680 -0.153617 -0.324293 0.085867 -0.044938 -0.291841 0.108885 0.039131 -0.250070 0.119603 -0.241063 -0.077080 0.207152 -0.352533 -0.145039 0.352985 -0.481640 -0.178972 0.432149 -0.424577 -0.409798 0.197729 -0.436542 -0.326164 0.305637 -0.472794 -0.294954 0.411962 -0.267502 -0.506548 0.187295 -0.337189 -0.444177 0.319121 -0.398126 -0.396543 0.431625 -0.125451 -0.460470 0.207857 -0.215007 -0.471035 0.329754 -0.294797 -0.473545 0.438819 0.015431 -0.390464 0.221162 -0.057057 -0.442023 0.302269 -0.127321 -0.489860 0.379585 
0.000000 0.000000 0.000000 -0.062531 0.031131 -0.027287 -0.301533 -0.314826 0.035397 -0.155394 -0.322180 0.090498 -0.046923 -0.289501 0.114165 0.037109 -0.247700 0.125054 -0.240173 -0.072822 0.208262 -0.351328 -0.137869 0.355654 -0.480205 -0.170329 0.435804 -0.425575 -0.404428 0.202744 -0.437790 -0.321257 0.310982 -0.473297 -0.288539 0.417104 -0.268723 -0.501956 0.196855 -0.337685 -0.437632 0.328123 -0.397717 -0.387648 0.440092 -0.128306 -0.456887 0.214527 -0.217634 -0.466621 0.336660 -0.297149 -0.466840 0.445956 0.011332 -0.386969 0.227651 -0.058952 -0.440072 0.309697 -0.129429 -0.486364 0.387756 
0.000000 0.000000 0.000000 -0.062629 0.031837 -0.026229 -0.304734 -0.310928 0.041850 -0.157710 -0.319961 0.094285 -0.048425 -0.288577 0.115865 0.036308 -0.247802 0.125089 -0.240322 -0.068512 0.210839 -0.351511 -0.131304 0.359182 -0.480289 -0.161876 0.440227 -0.429667 -0.397511 0.210121 -0.439215 -0.312062 0.316841 -0.473852 -0.277899 0.422795 -0.272743 -0.497173 0.203087 -0.339820 -0.428755 0.333257 -0.398763 -0.376292 0.444668 -0.132525 -0.452000 0.220430 -0.221378 -0.457084 0.343191 -0.300354 -0.454305 0.452841 0.009836 -0.384832 0.230484 -0.062087 -0.434166 0.313457 -0.132702 -0.478657 0.392434 
0.000000 0.000000 0.000000 -0.062662 0.032022 -0.025923 -0.305930 -0.309239 0.045480 -0.158576 -0.318751 0.096895 -0.048986 -0.287804 0.117540 0.036009 -0.247402 0.125963 -0.239721 -0.066213 0.212501 -0.350514 -0.127683 0.361690 -0.478836 -0.157337 0.443794 -0.431976 -0.394050 0.213824 -0.439863 -0.308227 0.320380 -0.473772 -0.273438 0.426367 -0.276718 -0.492789 0.207474 -0.342657 -0.423138 0.337571 -0.400416 -0.368899 0.448753 -0.133275 -0.450037 0.223792 -0.221161 -0.452485 0.347327 -0.299224 -0.447927 0.457570 0.008531 -0.383664 0.232095 -0.063024 -0.432471 0.315696 -0.133443 -0.476210 0.395265 
0.000000 0.000000 0.000000 -0.062493 0.031085 -0.027426 -0.304167 -0.310936 0.045735 -0.157576 -0.318411 0.099607 -0.048573 -0.286241 0.121462 0.035956 -0.245018 0.130555 -0.238510 -0.064306 0.212916 -0.348651 -0.123996 0.363307 -0.476772 -0.153606 0.445739 -0.428474 -0.392616 0.216896 -0.437881 -0.306510 0.323100 -0.471915 -0.270726 0.428715 -0.273382 -0.492269 0.212906 -0.338287 -0.419196 0.341640 -0.395677 -0.363234 0.452157 -0.132180 -0.447512 0.229699 -0.220012 -0.448001 0.353295 -0.298022 -0.441484 0.463477 0.014548 -0.383996 0.234540 -0.060446 -0.427121 0.318251 -0.130858 -0.469944 0.398323 
0.000000 0.000000 0.000000 -0.062667 0.030447 -0.027744 -0.302751 -0.311605 0.050342 -0.156051 -0.317728 0.104086 -0.047157 -0.284801 0.125344 0.037206 -0.243096 0.133758 -0.238803 -0.061917 0.213693 -0.349016 -0.119713 0.364768 -0.476627 -0.149370 0.447972 -0.427427 -0.391573 0.222042 -0.436785 -0.304328 0.327317 -0.470857 -0.267366 0.432513 -0.271031 -0.489740 0.220989 -0.336216 -0.415120 0.348689 -0.393577 -0.357303 0.458262 -0.131004 -0.444428 0.235808 -0.218667 -0.443521 0.359522 -0.296483 -0.435081 0.469711 0.010024 -0.378010 0.241673 -0.061615 -0.424379 0.326579 -0.132105 -0.465719 0.407358 
0.000000 0.000000 0.000000 -0.062968 0.030628 -0.026849 -0.303030 -0.310505 0.055226 -0.155570 -0.317065 0.106795 -0.046261 -0.284484 0.126392 0.038360 -0.243058 0.133500 -0.234473 -0.061164 0.218114 -0.341790 -0.118601 0.371395 -0.468030 -0.147628 0.456881 -0.423037 -0.389469 0.230677 -0.430994 -0.301816 0.335729 -0.463160 -0.264628 0.441443 -0.267969 -0.488635 0.226813 -0.330862 -0.413055 0.355097 -0.386190 -0.354276 0.465202 -0.126346 -0.442488 0.241869 -0.211609 -0.439911 0.367225 -0.287382 -0.430277 0.478732 0.016310 -0.378617 0.241777 -0.055382 -0.422548 0.327926 -0.124628 -0.463350 0.410043 
0.000000 0.000000 0.000000 -0.063187 0.030025 -0.027014 -0.300693 -0.312532 0.056549 -0.153208 -0.317737 0.108203 -0.044157 -0.284239 0.127690 0.040145 -0.242141 0.134638 -0.235037 -0.062680 0.217363 -0.342568 -0.120689 0.370278 -0.468586 -0.150395 0.455858 -0.423194 -0.391906 0.230081 -0.430436 -0.303777 0.334785 -0.462976 -0.266434 0.440330 -0.265411 -0.487418 0.231058 -0.328285 -0.409750 0.358098 -0.383830 -0.349745 0.467430 -0.126213 -0.440455 0.244210 -0.212023 -0.439235 0.369214 -0.288183 -0.428414 0.480347 0.015884 -0.377056 0.243245 -0.055757 -0.420853 0.329504 -0.125195 -0.461168 0.411700 
0.000000 0.000000 0.000000 -0.062966 0.028584 -0.029020 -0.296725 -0.316928 0.052927 -0.150559 -0.318929 0.108413 -0.042631 -0.283309 0.130249 0.040738 -0.239678 0.138802 -0.235304 -0.063052 0.215415 -0.343141 -0.120393 0.368367 -0.469766 -0.151008 0.452723 -0.416493 -0.394044 0.229361 -0.426913 -0.304845 0.332884 -0.460973 -0.267191 0.437837 -0.260816 -0.488733 0.232850 -0.325935 -0.410150 0.358185 -0.383288 -0.349350 0.466136 -0.120145 -0.441272 0.247521 -0.206987 -0.434715 0.371644 -0.284277 -0.422706 0.481871 0.022473 -0.374140 0.249131 -0.051607 -0.414241 0.335128 -0.121371 -0.453814 0.417409 
0.000000 0.000000 0.000000 -0.063348 0.028528 -0.028233 -0.294366 -0.319390 0.051273 -0.147798 -0.321125 0.105695 -0.039940 -0.285087 0.127186 0.043216 -0.241036 0.135665 -0.238523 -0.067202 0.212590 -0.348136 -0.127104 0.363282 -0.475032 -0.159806 0.446436 -0.417532 -0.401063 0.223260 -0.428553 -0.312021 0.326856 -0.464044 -0.275231 0.431642 -0.258857 -0.492376 0.227407 -0.325797 -0.414655 0.352320 -0.384505 -0.354131 0.459695 -0.119971 -0.443245 0.242490 -0.207985 -0.438037 0.365848 -0.286253 -0.426276 0.475409 0.018666 -0.373787 0.246844 -0.052438 -0.419235 0.332692 -0.122813 -0.459281 0.414221 
0.000000 0.000000 0.000000 -0.062885 0.027909 -0.029840 -0.291975 -0.322887 0.042249 -0.146919 -0.323157 0.100606 -0.040098 -0.285977 0.125122 0.042290 -0.241017 0.135990 -0.239193 -0.070938 0.208888 -0.349515 -0.132790 0.358268 -0.476662 -0.168113 0.439955 -0.414462 -0.406348 0.213863 -0.429060 -0.319672 0.319012 -0.465835 -0.284026 0.423750 -0.256598 -0.496448 0.220669 -0.325237 -0.420874 0.345976 -0.384855 -0.361033 0.453233 -0.120472 -0.446882 0.236313 -0.209928 -0.446146 0.358738 -0.289436 -0.435038 0.467472 0.018777 -0.376078 0.244581 -0.053402 -0.422249 0.329137 -0.124837 -0.462916 0.409426 
0.000000 0.000000 0.000000 -0.063156 0.028539 -0.028649 -0.293624 -0.320986 0.045201 -0.147640 -0.322651 0.101172 -0.040161 -0.286394 0.124145 0.042724 -0.242100 0.133916 -0.239473 -0.069522 0.210397 -0.349800 -0.130883 0.359976 -0.476681 -0.166446 0.441971 -0.415276 -0.406052 0.216621 -0.429456 -0.318666 0.321237 -0.465865 -0.282682 0.425988 -0.259553 -0.495826 0.219326 -0.328921 -0.422509 0.345569 -0.388647 -0.363300 0.453116 -0.121401 -0.446784 0.235449 -0.210451 -0.445364 0.358164 -0.289553 -0.434381 0.467207 0.016941 -0.375834 0.243627 -0.054839 -0.422639 0.328174 -0.126317 -0.463384 0.408386 
0.000000 0.000000 0.000000 -0.063577 0.028243 -0.028003 -0.293681 -0.319235 0.055949 -0.146724 -0.320402 0.109324 -0.038748 -0.284096 0.129748 0.044425 -0.239903 0.137274 -0.235827 -0.066735 0.215216 -0.343610 -0.126166 0.367406 -0.468623 -0.161174 0.452453 -0.411602 -0.402940 0.230615 -0.424940 -0.314663 0.334593 -0.459368 -0.276734 0.439327 -0.254928 -0.493979 0.230308 -0.322298 -0.421357 0.358026 -0.380130 -0.362328 0.466702 -0.116454 -0.445468 0.242151 -0.202999 -0.443934 0.366643 -0.279918 -0.433114 0.477253 0.021249 -0.374965 0.245936 -0.049850 -0.420251 0.331875 -0.119938 -0.460416 0.413591 
0.000000 0.000000 0.000000 -0.064631 0.027083 -0.026707 -0.292121 -0.314049 0.085609 -0.142989 -0.313233 0.132577 -0.034098 -0.276526 0.146345 0.049480 -0.232487 0.147894 -0.226425 -0.054252 0.228349 -0.327666 -0.105146 0.387947 -0.448548 -0.136471 0.480105 -0.401482 -0.389520 0.269360 -0.410660 -0.295924 0.369047 -0.440392 -0.252372 0.473030 -0.245088 -0.485766 0.260180 -0.308979 -0.413440 0.389839 -0.363746 -0.354501 0.500140 -0.103866 -0.437916 0.263817 -0.184937 -0.436137 0.391938 -0.257175 -0.425990 0.505722 0.034377 -0.364050 0.262127 -0.032912 -0.405618 0.352878 -0.098305 -0.443744 0.439326 
0.000000 0.000000 0.000000 -0.065439 0.025618 -0.026179 -0.288407 -0.310530 0.108086 -0.138068 -0.307089 0.150901 -0.028998 -0.269466 0.159979 0.054410 -0.225164 0.157200 -0.215031 -0.042822 0.239874 -0.308636 -0.085648 0.406353 -0.424595 -0.113967 0.505542 -0.386998 -0.376422 0.301369 -0.392709 -0.279573 0.398166 -0.417515 -0.231750 0.501562 -0.230819 -0.476271 0.289641 -0.289006 -0.399091 0.419187 -0.340085 -0.339649 0.530977 -0.088294 -0.428104 0.286595 -0.163738 -0.419355 0.417830 -0.231071 -0.408417 0.534511 0.049085 -0.353137 0.276283 -0.016345 -0.388550 0.370920 -0.077115 -0.424525 0.461562 
0.000000 0.000000 0.000000 -0.066130 0.023365 -0.026549 -0.280749 -0.313708 0.118565 -0.130323 -0.305633 0.160442 -0.022095 -0.265309 0.167836 0.060270 -0.219234 0.163326 -0.208040 -0.040079 0.244896 -0.296839 -0.079777 0.414749 -0.409319 -0.108941 0.517631 -0.370541 -0.373060 0.318152 -0.377289 -0.275049 0.413705 -0.400393 -0.224980 0.516430 -0.218701 -0.469936 0.307644 -0.275619 -0.390597 0.436447 -0.325190 -0.328321 0.547369 -0.079527 -0.420303 0.299716 -0.152859 -0.407634 0.431824 -0.218317 -0.392781 0.549138 0.059639 -0.344836 0.285022 -0.004893 -0.375525 0.381898 -0.065234 -0.406474 0.474657 
0.000000 0.000000 0.000000 -0.067398 0.020490 -0.025720 -0.268568 -0.316932 0.136803 -0.117484 -0.303069 0.174596 -0.010332 -0.259457 0.177825 0.070523 -0.211268 0.169598 -0.196576 -0.034660 0.253776 -0.277408 -0.069168 0.428666 -0.384345 -0.098110 0.537357 -0.346594 -0.369833 0.343040 -0.353268 -0.271153 0.437908 -0.373169 -0.218499 0.540009 -0.194847 -0.462299 0.333137 -0.248050 -0.379658 0.461451 -0.294034 -0.313727 0.571805 -0.058120 -0.406250 0.322330 -0.126364 -0.387264 0.456394 -0.187422 -0.366678 0.575205 0.069380 -0.330260 0.297762 0.007038 -0.351148 0.398600 -0.052649 -0.370821 0.494796 
0.000000 0.000000 0.000000 -0.068723 0.017694 -0.024247 -0.254601 -0.320470 0.154168 -0.102960 -0.300994 0.186920 0.002858 -0.254145 0.185602 0.081924 -0.203852 0.173505 -0.183945 -0.032333 0.262227 -0.256044 -0.063635 0.441484 -0.355937 -0.093560 0.556431 -0.320165 -0.366962 0.366205 -0.323576 -0.264763 0.457451 -0.339374 -0.209971 0.559143 -0.167752 -0.455049 0.355868 -0.215355 -0.361660 0.478901 -0.257584 -0.291454 0.588113 -0.030906 -0.391556 0.342739 -0.093265 -0.361200 0.477574 -0.149147 -0.331382 0.596974 0.078353 -0.310884 0.311772 0.017229 -0.311290 0.415478 -0.044901 -0.304418 0.511893 
0.000000 0.000000 0.000000 -0.069478 0.013761 -0.024643 -0.238174 -0.330793 0.158554 -0.087825 -0.303038 0.191291 0.015444 -0.250825 0.189459 0.091848 -0.196713 0.176745 -0.176882 -0.035095 0.265053 -0.244088 -0.065667 0.446325 -0.338985 -0.099834 0.564284 -0.297561 -0.372720 0.373346 -0.304218 -0.271272 0.465248 -0.320441 -0.215953 0.566588 -0.141020 -0.452298 0.368396 -0.189066 -0.353246 0.486738 -0.231360 -0.278997 0.593216 -0.016423 -0.373582 0.358659 -0.078628 -0.326853 0.488804 -0.134407 -0.282038 0.603471 0.078254 -0.279423 0.330240 0.015090 -0.257527 0.430351 -0.051821 -0.221047 0.516346 
0.000000 0.000000 0.000000 -0.070202 0.010010 -0.024400 -0.221479 -0.338156 0.166996 -0.072376 -0.302783 0.198044 0.028336 -0.245881 0.194385 0.102053 -0.188555 0.180009 -0.167591 -0.035086 0.269417 -0.228530 -0.063304 0.453268 -0.316976 -0.100448 0.575270 -0.270010 -0.374376 0.385521 -0.278578 -0.272392 0.476669 -0.293672 -0.215869 0.577517 -0.117885 -0.444694 0.383151 -0.165890 -0.341952 0.498321 -0.207556 -0.262800 0.601463 -0.001667 -0.345153 0.378664 -0.061424 -0.280681 0.502209 -0.115687 -0.212801 0.605726 0.080818 -0.233981 0.347556 0.019813 -0.191790 0.442369 -0.047845 -0.128298 0.510151 
0.000000 0.000000 0.000000 -0.070762 0.006695 -0.023914 -0.206648 -0.342202 0.177439 -0.058745 -0.300358 0.206086 0.039648 -0.239729 0.200010 0.110953 -0.179980 0.183488 -0.159234 -0.033468 0.273417 -0.214596 -0.058600 0.459467 -0.297726 -0.096375 0.584963 -0.251019 -0.374229 0.397497 -0.259059 -0.271844 0.488243 -0.272793 -0.213694 0.588358 -0.093542 -0.433277 0.399983 -0.140392 -0.322490 0.507946 -0.180862 -0.237603 0.606919 0.013890 -0.318231 0.394658 -0.043476 -0.240470 0.511504 -0.096057 -0.158592 0.605309 0.088908 -0.203004 0.355448 0.027571 -0.141336 0.438671 -0.038260 -0.063689 0.491966 
0.000000 0.000000 0.000000 -0.071121 0.003231 -0.023563 -0.190617 -0.347785 0.184395 -0.044501 -0.299118 0.211389 0.051139 -0.234407 0.203677 0.119694 -0.171919 0.185710 -0.151008 -0.033405 0.276641 -0.200995 -0.056330 0.464489 -0.279479 -0.095359 0.592566 -0.230214 -0.370403 0.406522 -0.239570 -0.269068 0.498314 -0.252923 -0.209846 0.597851 -0.069328 -0.422041 0.413250 -0.117265 -0.310394 0.519841 -0.157979 -0.221972 0.615566 0.024202 -0.307907 0.400110 -0.033259 -0.224687 0.513086 -0.085819 -0.136348 0.600845 0.092843 -0.177875 0.358423 0.032205 -0.110944 0.438014 -0.033407 -0.027722 0.482423 
0.000000 0.000000 0.000000 -0.071751 0.000464 -0.021804 -0.175361 -0.347926 0.198712 -0.030156 -0.294223 0.220591 0.063262 -0.226959 0.208647 0.129427 -0.163005 0.187214 -0.141317 -0.030785 0.281561 -0.184846 -0.050338 0.471388 -0.258352 -0.086519 0.603200 -0.206733 -0.362958 0.422788 -0.213806 -0.261258 0.514380 -0.224022 -0.200144 0.613142 -0.044703 -0.407695 0.428887 -0.091201 -0.291400 0.531053 -0.130337 -0.199720 0.624340 0.044875 -0.294510 0.408178 -0.010874 -0.205495 0.517536 -0.062492 -0.112474 0.600907 0.100020 -0.162753 0.359614 0.038797 -0.089901 0.433340 -0.025718 -0.003497 0.473030 
0.000000 0.000000 0.000000 -0.072082 -0.002138 -0.020580 -0.162976 -0.345085 0.213648 -0.018890 -0.286953 0.231167 0.072533 -0.217785 0.215302 0.136649 -0.152955 0.190533 -0.132107 -0.016342 0.286081 -0.169668 -0.025230 0.477970 -0.239043 -0.056465 0.613242 -0.189903 -0.343257 0.438796 -0.195035 -0.237621 0.525956 -0.203432 -0.173420 0.622914 -0.023049 -0.384599 0.447783 -0.068762 -0.262311 0.543076 -0.106567 -0.167235 0.633468 0.066327 -0.267005 0.420856 0.013389 -0.172010 0.526518 -0.036814 -0.075780 0.607063 0.120515 -0.140221 0.364210 0.058901 -0.057790 0.426662 -0.005352 0.029719 0.464304 
0.000000 0.000000 0.000000 -0.072448 -0.005404 -0.018600 -0.145481 -0.341670 0.231057 -0.003129 -0.278022 0.242551 0.085397 -0.206471 0.221638 0.146575 -0.140533 0.192711 -0.123328 -0.014008 0.289919 -0.155164 -0.019393 0.482969 -0.219587 -0.047928 0.621253 -0.166110 -0.337577 0.456840 -0.172815 -0.229773 0.541193 -0.180872 -0.162583 0.636133 0.002527 -0.364963 0.463648 -0.044617 -0.241060 0.556114 -0.083296 -0.142673 0.642503 0.089199 -0.250285 0.428470 0.034622 -0.149175 0.527409 -0.016812 -0.051199 0.605019 0.135365 -0.118965 0.365902 0.071467 -0.033954 0.422306 0.005346 0.053079 0.457753 
0.000000 0.000000 0.000000 -0.072365 -0.009274 -0.017354 -0.127546 -0.338067 0.246441 0.012014 -0.267915 0.253406 0.097063 -0.193503 0.228433 0.154938 -0.126199 0.196059 -0.113838 -0.005636 0.292667 -0.139789 -0.003359 0.486658 -0.199630 -0.028773 0.627584 -0.138301 -0.318984 0.472141 -0.148563 -0.212657 0.557997 -0.156891 -0.141610 0.650063 0.027641 -0.340272 0.479226 -0.021339 -0.211544 0.563811 -0.060786 -0.109555 0.645552 0.111905 -0.220762 0.437599 0.057769 -0.117032 0.534036 0.005535 -0.017042 0.608478 0.148000 -0.094803 0.367967 0.082094 -0.008126 0.419297 0.014190 0.078513 0.452250 
0.000000 0.000000 0.000000 -0.072154 -0.013746 -0.015124 -0.104912 -0.330705 0.266305 0.031019 -0.253441 0.266351 0.111623 -0.176297 0.235597 0.165298 -0.107978 0.198466 -0.104866 0.003470 0.295488 -0.125335 0.014243 0.489849 -0.181051 -0.006934 0.633146 -0.111963 -0.308077 0.491823 -0.124441 -0.200827 0.576225 -0.133858 -0.125115 0.664385 0.053456 -0.312339 0.495484 0.003415 -0.181339 0.575854 -0.036715 -0.076294 0.653279 0.128978 -0.192707 0.445700 0.072910 -0.084368 0.535755 0.019540 0.017682 0.606505 0.169587 -0.068527 0.368793 0.101819 0.019252 0.415630 0.032152 0.105109 0.446904 
0.000000 0.000000 0.000000 -0.071968 -0.017915 -0.011113 -0.081317 -0.309659 0.297975 0.051068 -0.227315 0.286107 0.127158 -0.150045 0.245690 0.176523 -0.083202 0.200719 -0.092216 0.025264 0.298034 -0.104885 0.052283 0.491478 -0.166557 0.043451 0.633624 -0.067315 -0.275097 0.521648 -0.080111 -0.175802 0.615236 -0.087806 -0.101493 0.704746 0.087396 -0.274705 0.516126 0.041031 -0.143548 0.598424 0.004212 -0.037161 0.675660 0.166763 -0.147140 0.453384 0.116117 -0.035847 0.543049 0.065464 0.068762 0.612036 0.193218 -0.033836 0.367664 0.123951 0.055027 0.410051 0.053662 0.140441 0.441151 
0.000000 0.000000 0.000000 -0.072935 -0.017367 -0.001646 -0.059788 -0.248291 0.355060 0.072323 -0.173600 0.317443 0.145787 -0.107277 0.257457 0.192071 -0.051192 0.197128 -0.097772 0.071748 0.297165 -0.113313 0.127511 0.484141 -0.195566 0.145756 0.614481 -0.021608 -0.259312 0.578311 -0.027767 -0.159954 0.672503 -0.023128 -0.104746 0.775088 0.132493 -0.216461 0.543312 0.102084 -0.082540 0.628545 0.080756 0.024160 0.711006 0.207679 -0.095060 0.459283 0.170065 0.023380 0.546162 0.133455 0.131413 0.618664 0.233928 0.007854 0.356338 0.171582 0.100086 0.402135 0.108117 0.188203 0.439694 
0.000000 0.000000 0.000000 -0.072449 -0.017724 0.007808 -0.025754 -0.174833 0.400076 0.101294 -0.108213 0.337886 0.168275 -0.054446 0.260318 0.208358 -0.010926 0.186652 -0.090259 0.125919 0.285109 -0.101404 0.215801 0.458626 -0.197405 0.257888 0.573079 0.075277 -0.189229 0.602574 0.077052 -0.101406 0.707770 0.107033 -0.065274 0.814488 0.193043 -0.135088 0.555450 0.181676 0.004291 0.636498 0.180932 0.112154 0.720190 0.260726 -0.032609 0.449235 0.244403 0.091515 0.534777 0.229941 0.202097 0.611135 0.283842 0.051433 0.331564 0.231302 0.147722 0.381154 0.183478 0.239617 0.430868 