50
0.000000 0.000000 0.000000 0.074768 0.000618 -0.005761 0.139538 0.046147 0.411934 -0.009070 0.025391 0.367981 -0.100062 0.009600 0.298231 -0.162208 -0.002799 0.228149 0.131633 -0.283945 0.111015 0.151036 -0.434474 0.234609 0.140054 -0.486849 0.380291 0.075312 0.109673 0.619924 0.032070 -0.012558 0.664329 0.003944 -0.125294 0.673949 -0.086955 -0.058195 0.576360 -0.143782 -0.207912 0.554450 -0.191430 -0.334280 0.534452 -0.211043 -0.101367 0.439946 -0.223934 -0.246868 0.399274 -0.272640 -0.369210 0.429740 -0.254126 -0.151534 0.232045 -0.256800 -0.240582 0.313006 -0.286560 -0.339713 0.362910 
0.000000 0.000000 0.000000 0.074120 -0.007597 -0.008511 0.156591 0.005646 0.408335 0.005293 0.004629 0.368901 -0.089024 0.003465 0.301842 -0.154321 0.002385 0.233560 0.074129 -0.294072 0.117100 0.074134 -0.473330 0.195699 0.053066 -0.538709 0.334869 0.119683 0.057373 0.626010 0.062529 -0.062973 0.658139 0.018310 -0.170825 0.660566 -0.079094 -0.065771 0.579607 -0.151181 -0.209472 0.562930 -0.213105 -0.330789 0.553606 -0.225232 -0.080206 0.440264 -0.247995 -0.228890 0.421140 -0.311895 -0.340213 0.463470 -0.274580 -0.124494 0.228496 -0.271329 -0.194917 0.326074 -0.311867 -0.284284 0.385850 
0.000000 0.000000 0.000000 0.072460 -0.014113 -0.013200 0.173765 -0.053069 0.397844 0.021654 -0.034649 0.366699 -0.075058 -0.019236 0.305029 -0.142984 -0.006543 0.240591 0.033362 -0.306908 0.089702 0.008897 -0.490120 0.154092 -0.024809 -0.566353 0.285009 0.167489 -0.023852 0.622626 0.096676 -0.135888 0.657490 0.037317 -0.236048 0.651348 -0.046188 -0.098608 0.585287 -0.134780 -0.232942 0.570109 -0.211082 -0.346143 0.571813 -0.228299 -0.060469 0.444782 -0.259046 -0.208857 0.449933 -0.332981 -0.308023 0.504410 -0.284959 -0.108440 0.247397 -0.298398 -0.172057 0.348707 -0.350288 -0.246026 0.419694 
0.000000 0.000000 0.000000 0.069868 -0.019627 -0.018898 0.186386 -0.113553 0.379020 0.035692 -0.076931 0.359089 -0.061765 -0.045357 0.305244 -0.131044 -0.019000 0.246653 -0.017147 -0.309292 0.060907 -0.071596 -0.490545 0.110844 -0.117181 -0.571778 0.234981 0.205597 -0.114072 0.604965 0.123116 -0.219153 0.635574 0.049480 -0.308758 0.623666 -0.009811 -0.159159 0.577361 -0.116802 -0.280258 0.573854 -0.206648 -0.382964 0.578153 -0.201665 -0.079824 0.460015 -0.257855 -0.219806 0.475451 -0.337856 -0.308795 0.538292 -0.280950 -0.102605 0.280193 -0.321913 -0.167216 0.373137 -0.377290 -0.230828 0.451177 
0.000000 0.000000 0.000000 0.066569 -0.022716 -0.026010 0.198777 -0.173156 0.348991 0.050943 -0.122460 0.344305 -0.046506 -0.076909 0.301610 -0.116692 -0.038195 0.251585 -0.058098 -0.304479 0.027973 -0.136105 -0.480788 0.061751 -0.186064 -0.569413 0.178954 0.238742 -0.224046 0.566323 0.146071 -0.322839 0.587162 0.060082 -0.399950 0.571259 0.027557 -0.233472 0.553120 -0.096326 -0.337273 0.551391 -0.199396 -0.426639 0.556824 -0.172750 -0.110867 0.467811 -0.242806 -0.244441 0.483332 -0.324532 -0.330384 0.548161 -0.274897 -0.089150 0.306003 -0.295839 -0.159959 0.401076 -0.348700 -0.222499 0.481684 
0.000000 0.000000 0.000000 0.062751 -0.024534 -0.032928 0.207460 -0.221632 0.314849 0.063994 -0.160481 0.326018 -0.032259 -0.104060 0.295258 -0.102402 -0.055582 0.254550 -0.085117 -0.297517 0.005298 -0.177643 -0.468332 0.029217 -0.227703 -0.566455 0.138546 0.262273 -0.304931 0.518508 0.160588 -0.394898 0.537160 0.064750 -0.459561 0.522096 0.059020 -0.297198 0.520333 -0.076508 -0.385268 0.519799 -0.188045 -0.463587 0.527860 -0.136166 -0.146272 0.474521 -0.221742 -0.271433 0.476063 -0.305877 -0.356631 0.538758 -0.259385 -0.096681 0.319768 -0.280932 -0.176059 0.407667 -0.333356 -0.242240 0.485608 
0.000000 0.000000 0.000000 0.056016 -0.028193 -0.041125 0.212404 -0.265779 0.274839 0.078430 -0.191276 0.305613 -0.013612 -0.123026 0.289354 -0.081718 -0.064556 0.259857 -0.107451 -0.293382 -0.012843 -0.209737 -0.459320 0.004854 -0.256415 -0.561141 0.112281 0.279380 -0.373552 0.462773 0.169753 -0.453410 0.482439 0.068252 -0.510693 0.479378 0.079160 -0.343106 0.488429 -0.065234 -0.415670 0.491509 -0.182262 -0.484470 0.506006 -0.122614 -0.165630 0.465471 -0.210212 -0.289391 0.466258 -0.296747 -0.372935 0.527904 -0.236765 -0.103051 0.331025 -0.262683 -0.185436 0.414884 -0.314318 -0.253933 0.491338 
0.000000 0.000000 0.000000 0.052905 -0.024505 -0.047164 0.228922 -0.288916 0.235399 0.097832 -0.217341 0.281654 0.005335 -0.147893 0.277751 -0.064247 -0.087036 0.258202 -0.126014 -0.279721 -0.020724 -0.237969 -0.439419 -0.004179 -0.279299 -0.547594 0.099149 0.297363 -0.429563 0.399577 0.186953 -0.506038 0.426840 0.085106 -0.561738 0.437696 0.100106 -0.385387 0.449672 -0.048188 -0.448290 0.462954 -0.167099 -0.511258 0.486076 -0.086854 -0.196637 0.461704 -0.182122 -0.314596 0.462494 -0.267495 -0.397829 0.526147 -0.215129 -0.108756 0.343929 -0.246590 -0.194710 0.422117 -0.295605 -0.266113 0.497630 
0.000000 0.000000 0.000000 0.042772 -0.023500 -0.056941 0.234579 -0.327926 0.169493 0.118966 -0.251724 0.242114 0.033611 -0.175437 0.259111 -0.032315 -0.107811 0.256327 -0.148520 -0.269482 -0.029613 -0.268217 -0.423401 -0.012514 -0.304795 -0.544545 0.077337 0.312872 -0.494371 0.302106 0.201983 -0.566232 0.338459 0.101412 -0.619858 0.363011 0.135635 -0.438936 0.387539 -0.015772 -0.488656 0.414527 -0.134588 -0.545929 0.449766 -0.036912 -0.239319 0.447947 -0.143180 -0.347452 0.445647 -0.227263 -0.430207 0.511598 -0.175255 -0.130486 0.354512 -0.187788 -0.230297 0.420633 -0.234261 -0.306484 0.493013 
0.000000 0.000000 0.000000 0.032189 -0.018150 -0.065256 0.234291 -0.357892 0.091166 0.136121 -0.285949 0.189319 0.059588 -0.208343 0.228229 -0.001288 -0.137760 0.243704 -0.174213 -0.250636 -0.030689 -0.303366 -0.396111 -0.009060 -0.337673 -0.529419 0.062626 0.311099 -0.546749 0.190431 0.202882 -0.615718 0.238540 0.104189 -0.665792 0.275220 0.150807 -0.489363 0.311308 0.000656 -0.529216 0.355929 -0.115829 -0.581913 0.403819 0.001624 -0.288240 0.415233 -0.113638 -0.386721 0.417868 -0.196918 -0.468678 0.485806 -0.132679 -0.159226 0.357115 -0.148530 -0.264657 0.413011 -0.193559 -0.344924 0.481805 
0.000000 0.000000 0.000000 0.021482 -0.010717 -0.071046 0.219082 -0.378423 0.009481 0.140740 -0.315602 0.129326 0.075953 -0.240219 0.188607 0.022893 -0.169392 0.221706 -0.196854 -0.230849 -0.029601 -0.333475 -0.368593 -0.003667 -0.365381 -0.508027 0.056558 0.283975 -0.583245 0.081983 0.177217 -0.648904 0.137425 0.080021 -0.695286 0.182087 0.155231 -0.530997 0.228671 0.012524 -0.570886 0.293231 -0.099272 -0.621428 0.353119 0.044947 -0.354325 0.363913 -0.079676 -0.438149 0.384726 -0.158800 -0.522479 0.454696 -0.091518 -0.200129 0.350359 -0.110163 -0.307921 0.400602 -0.150345 -0.392754 0.466875 
0.000000 0.000000 0.000000 0.008824 -0.007648 -0.074078 0.186412 -0.392920 -0.046419 0.133729 -0.332479 0.087814 0.085645 -0.256620 0.160802 0.044512 -0.184454 0.205831 -0.215096 -0.219218 -0.019817 -0.355211 -0.351604 0.014136 -0.386226 -0.493411 0.069052 0.253754 -0.601910 0.010224 0.152485 -0.668419 0.074282 0.056796 -0.709865 0.126424 0.149706 -0.556049 0.166781 0.013790 -0.592963 0.246083 -0.093518 -0.640510 0.315822 0.072172 -0.385119 0.328194 -0.056256 -0.459254 0.359832 -0.132068 -0.543478 0.433500 -0.059145 -0.217966 0.342646 -0.074099 -0.328664 0.387520 -0.110380 -0.415632 0.453272 
0.000000 0.000000 0.000000 0.001539 -0.007696 -0.074581 0.150110 -0.405868 -0.063472 0.114544 -0.342619 0.075026 0.079279 -0.263849 0.152134 0.048125 -0.189071 0.200766 -0.235870 -0.200119 -0.007822 -0.384426 -0.320524 0.033950 -0.418664 -0.461352 0.089467 0.210268 -0.620206 -0.020340 0.105320 -0.674070 0.049422 0.009859 -0.707291 0.107531 0.124025 -0.569565 0.144884 -0.010108 -0.594551 0.231536 -0.116885 -0.633884 0.306973 0.075692 -0.399258 0.314508 -0.057934 -0.460527 0.351668 -0.134675 -0.541378 0.428100 -0.055001 -0.220436 0.338489 -0.063654 -0.333028 0.380197 -0.097485 -0.420528 0.446547 
0.000000 0.000000 0.000000 -0.009394 -0.016532 -0.072542 0.093918 -0.426342 -0.026502 0.084627 -0.343249 0.105619 0.069092 -0.252116 0.175243 0.053323 -0.168783 0.216887 -0.258316 -0.177856 0.026750 -0.414075 -0.278802 0.088880 -0.455695 -0.408169 0.163839 0.144277 -0.641021 0.026384 0.038612 -0.671834 0.108038 -0.055272 -0.686652 0.175562 0.079063 -0.565731 0.188957 -0.050198 -0.565614 0.285995 -0.155175 -0.583904 0.371344 0.063049 -0.377657 0.345291 -0.076713 -0.411618 0.393294 -0.156323 -0.475961 0.481557 -0.053359 -0.183045 0.354734 -0.066405 -0.287443 0.413234 -0.102752 -0.365099 0.489729 
0.000000 0.000000 0.000000 -0.017281 -0.029149 -0.066900 0.054019 -0.430790 0.052843 0.063868 -0.323292 0.165954 0.062588 -0.219349 0.216830 0.057883 -0.128386 0.241946 -0.273485 -0.142046 0.072600 -0.433801 -0.212689 0.159890 -0.482091 -0.314396 0.266710 0.080092 -0.633340 0.151401 -0.019614 -0.642901 0.244938 -0.109444 -0.634050 0.318732 0.036173 -0.524643 0.289100 -0.086452 -0.483761 0.386137 -0.186798 -0.477222 0.478481 0.041595 -0.282707 0.417475 -0.091810 -0.314092 0.482352 -0.168904 -0.352661 0.586452 -0.048157 -0.103009 0.378687 -0.067723 -0.182141 0.467267 -0.102642 -0.238432 0.561156 
0.000000 0.000000 0.000000 -0.019627 -0.034318 -0.063726 0.045628 -0.425908 0.088380 0.060766 -0.309424 0.191576 0.063119 -0.201519 0.233350 0.061102 -0.108657 0.250662 -0.276642 -0.124604 0.090020 -0.437465 -0.181100 0.186224 -0.486908 -0.264663 0.307300 0.056755 -0.620768 0.203817 -0.040319 -0.611746 0.300136 -0.125987 -0.590073 0.376191 0.027876 -0.498337 0.331950 -0.091853 -0.447055 0.427655 -0.191131 -0.425701 0.518909 0.046917 -0.245177 0.439615 -0.091950 -0.258880 0.498936 -0.168804 -0.282462 0.607589 -0.046326 -0.070472 0.383279 -0.072237 -0.127945 0.485830 -0.105288 -0.172662 0.586384 
0.000000 0.000000 0.000000 -0.020001 -0.033874 -0.063846 0.047642 -0.426446 0.084644 0.063195 -0.310736 0.188645 0.065524 -0.203158 0.231257 0.063347 -0.110442 0.249321 -0.277314 -0.123304 0.089902 -0.438324 -0.179263 0.186109 -0.488966 -0.261389 0.307672 0.065283 -0.614940 0.209459 -0.030936 -0.600646 0.305998 -0.115619 -0.577197 0.382628 0.033863 -0.494016 0.337044 -0.086176 -0.435316 0.427981 -0.185415 -0.410767 0.518471 0.048394 -0.245442 0.437733 -0.093982 -0.254415 0.489109 -0.173094 -0.275645 0.596619 -0.046435 -0.062772 0.376843 -0.069143 -0.123999 0.477972 -0.102252 -0.168673 0.578526 
0.000000 0.000000 0.000000 -0.013782 -0.029888 -0.067384 0.073710 -0.427643 0.054573 0.074787 -0.319928 0.167900 0.066811 -0.216239 0.218685 0.056838 -0.125652 0.243623 -0.271529 -0.148352 0.064445 -0.432811 -0.222478 0.146936 -0.485439 -0.319239 0.256271 0.090358 -0.619914 0.173632 -0.011251 -0.616131 0.265520 -0.100861 -0.601510 0.338660 0.036212 -0.512205 0.302123 -0.090758 -0.468606 0.392137 -0.196190 -0.452602 0.477385 0.035673 -0.257961 0.423632 -0.105999 -0.282054 0.472000 -0.192340 -0.309988 0.572164 -0.059980 -0.090783 0.369018 -0.094465 -0.155213 0.464678 -0.135364 -0.206956 0.558768 
0.000000 0.000000 0.000000 -0.009618 -0.025049 -0.070028 0.097632 -0.425691 0.023356 0.088271 -0.327679 0.144818 0.072272 -0.229104 0.203308 0.055965 -0.141577 0.234936 -0.264919 -0.173341 0.033300 -0.424670 -0.266133 0.097956 -0.474783 -0.377552 0.193672 0.128084 -0.626881 0.123433 0.024597 -0.641967 0.212005 -0.068707 -0.639272 0.281864 0.070989 -0.532366 0.264312 -0.061861 -0.503273 0.351658 -0.171122 -0.498391 0.433373 0.043819 -0.318778 0.392683 -0.100833 -0.332068 0.436159 -0.191784 -0.371498 0.528035 -0.064384 -0.116449 0.359319 -0.094027 -0.201055 0.439658 -0.139780 -0.262095 0.525588 
0.000000 0.000000 0.000000 -0.005700 -0.017743 -0.072640 0.123203 -0.419243 -0.018611 0.103703 -0.335848 0.112201 0.079640 -0.245383 0.180253 0.056855 -0.162953 0.220420 -0.253718 -0.189964 0.009052 -0.408912 -0.297728 0.060170 -0.453566 -0.423474 0.139420 0.161135 -0.625553 0.067513 0.057720 -0.658658 0.151128 -0.037397 -0.669673 0.217645 0.091375 -0.553305 0.207253 -0.043981 -0.547831 0.295420 -0.155322 -0.557942 0.373780 0.051995 -0.345400 0.364497 -0.092721 -0.377248 0.396647 -0.184468 -0.430771 0.480228 -0.069773 -0.156244 0.340863 -0.098731 -0.251756 0.408169 -0.145414 -0.324857 0.483536 
0.000000 0.000000 0.000000 -0.002260 -0.012087 -0.073978 0.141026 -0.411396 -0.046427 0.113251 -0.339527 0.089626 0.082961 -0.255775 0.163532 0.055312 -0.177750 0.209085 -0.246347 -0.196383 -0.008383 -0.399081 -0.311704 0.032662 -0.438476 -0.446177 0.099385 0.191326 -0.623321 0.016644 0.086780 -0.666506 0.094023 -0.008791 -0.688308 0.157141 0.115499 -0.565793 0.162244 -0.020456 -0.574129 0.249257 -0.131649 -0.596081 0.325373 0.064914 -0.378883 0.334508 -0.077163 -0.421730 0.365636 -0.166649 -0.488541 0.441771 -0.063846 -0.188665 0.336632 -0.084476 -0.294996 0.389162 -0.126051 -0.378081 0.456776 
0.000000 0.000000 0.000000 -0.000890 -0.010055 -0.074310 0.144923 -0.408944 -0.055250 0.114259 -0.341060 0.082221 0.082062 -0.259599 0.157862 0.053040 -0.183061 0.205053 -0.244651 -0.195810 -0.011686 -0.397181 -0.312043 0.027501 -0.434780 -0.448974 0.090135 0.197576 -0.622367 0.000414 0.090500 -0.665533 0.074261 -0.005768 -0.690351 0.135168 0.115440 -0.570494 0.144133 -0.021221 -0.582868 0.229545 -0.132845 -0.609002 0.303683 0.065852 -0.393741 0.320518 -0.075229 -0.439320 0.352291 -0.164205 -0.510642 0.424847 -0.066141 -0.207116 0.330765 -0.082245 -0.316523 0.378326 -0.121068 -0.403821 0.442162 
0.000000 0.000000 0.000000 -0.002624 -0.013064 -0.073799 0.127880 -0.416294 -0.040453 0.102369 -0.341643 0.094541 0.074738 -0.255923 0.167224 0.049574 -0.176416 0.211639 -0.251566 -0.187787 -0.000686 -0.407338 -0.297118 0.045064 -0.448493 -0.430328 0.113242 0.171546 -0.628987 0.024932 0.064092 -0.666593 0.101231 -0.032640 -0.685379 0.163546 0.098020 -0.570452 0.158587 -0.037951 -0.574582 0.245878 -0.149729 -0.593797 0.321875 0.052341 -0.389120 0.329921 -0.089273 -0.427046 0.368624 -0.180664 -0.492321 0.443823 -0.067661 -0.193301 0.340314 -0.086800 -0.301095 0.390368 -0.127630 -0.385429 0.456880 
0.000000 0.000000 0.000000 -0.010966 -0.022652 -0.070644 0.091111 -0.427688 0.008500 0.084967 -0.333462 0.133121 0.071342 -0.236563 0.194921 0.056869 -0.149845 0.229529 -0.267019 -0.175509 0.023792 -0.427240 -0.271157 0.082883 -0.471597 -0.392067 0.169485 0.131146 -0.636291 0.087884 0.023637 -0.654947 0.170805 -0.071538 -0.659325 0.238004 0.065439 -0.552919 0.222180 -0.066921 -0.536422 0.313465 -0.176957 -0.537166 0.394280 0.050878 -0.348022 0.373448 -0.096084 -0.360964 0.408456 -0.189065 -0.409129 0.493912 -0.063281 -0.143149 0.356437 -0.082292 -0.244874 0.417934 -0.127172 -0.316924 0.495378 
0.000000 0.000000 0.000000 -0.018932 -0.036152 -0.062916 0.056896 -0.422625 0.097168 0.069341 -0.303632 0.197830 0.069035 -0.194842 0.237312 0.064674 -0.101717 0.252670 -0.277599 -0.143765 0.076215 -0.439456 -0.211101 0.163274 -0.486150 -0.299475 0.282003 0.091101 -0.606401 0.225528 -0.011808 -0.593020 0.315042 -0.101885 -0.573386 0.386412 0.039923 -0.496574 0.333411 -0.082610 -0.435419 0.419262 -0.185461 -0.408805 0.505010 0.053801 -0.222401 0.446410 -0.087273 -0.238173 0.499702 -0.175344 -0.256612 0.600556 -0.059674 -0.057610 0.367468 -0.082054 -0.128936 0.461824 -0.124003 -0.175822 0.557976 
0.000000 0.000000 0.000000 -0.020065 -0.040006 -0.060173 0.054742 -0.415885 0.123827 0.069499 -0.290700 0.216334 0.070607 -0.179570 0.248628 0.067209 -0.085605 0.257926 -0.276199 -0.110575 0.104937 -0.436472 -0.154732 0.208251 -0.479827 -0.224005 0.340193 0.078836 -0.580612 0.277790 -0.018561 -0.548993 0.368873 -0.102356 -0.519120 0.444233 0.030383 -0.458620 0.379881 -0.083698 -0.387392 0.469528 -0.179110 -0.349702 0.559614 0.062125 -0.185655 0.459826 -0.076669 -0.192060 0.520538 -0.155669 -0.197763 0.630057 -0.043674 -0.023156 0.377889 -0.065382 -0.074223 0.484717 -0.098472 -0.107943 0.589460 
0.000000 0.000000 0.000000 -0.022359 -0.037441 -0.061009 0.051679 -0.420961 0.106823 0.070965 -0.299536 0.203420 0.074709 -0.189713 0.239737 0.073040 -0.096120 0.252581 -0.273672 -0.123200 0.104318 -0.430929 -0.176862 0.207768 -0.472968 -0.252323 0.336707 0.081068 -0.598439 0.244875 -0.014147 -0.574243 0.340429 -0.096911 -0.547828 0.418182 0.042869 -0.475384 0.360780 -0.069715 -0.410854 0.457139 -0.163236 -0.376291 0.550406 0.069967 -0.219561 0.449022 -0.064399 -0.218926 0.519281 -0.140636 -0.228865 0.630444 -0.029475 -0.035836 0.380810 -0.046334 -0.093361 0.485204 -0.075177 -0.131712 0.589609 
0.000000 0.000000 0.000000 -0.014236 -0.032925 -0.065857 0.079844 -0.423967 0.071884 0.080954 -0.311472 0.180469 0.072285 -0.205800 0.226864 0.061467 -0.114354 0.248024 -0.269767 -0.151623 0.070014 -0.429662 -0.225896 0.155033 -0.474954 -0.319398 0.270327 0.102172 -0.608915 0.201174 0.001550 -0.608804 0.294218 -0.088669 -0.595372 0.366835 0.045547 -0.499240 0.321763 -0.078264 -0.463632 0.419372 -0.181632 -0.443199 0.506188 0.051684 -0.256619 0.431086 -0.090593 -0.267850 0.482291 -0.175748 -0.292417 0.584336 -0.057154 -0.070354 0.368770 -0.081751 -0.140228 0.463659 -0.119948 -0.190601 0.559611 
0.000000 0.000000 0.000000 -0.011564 -0.027264 -0.068897 0.096961 -0.425083 0.034540 0.091145 -0.323159 0.152965 0.077009 -0.222684 0.208633 0.061815 -0.134117 0.237829 -0.261010 -0.179682 0.042420 -0.417097 -0.275056 0.112076 -0.461338 -0.385205 0.212060 0.140661 -0.620707 0.140568 0.034669 -0.632735 0.226609 -0.059266 -0.633196 0.295668 0.076481 -0.531176 0.266931 -0.053446 -0.512135 0.361171 -0.161375 -0.506804 0.444611 0.055887 -0.289659 0.408087 -0.087449 -0.319402 0.447595 -0.175711 -0.360199 0.541475 -0.067520 -0.115855 0.354128 -0.086790 -0.201244 0.436763 -0.126510 -0.264880 0.523803 
0.000000 0.000000 0.000000 -0.006244 -0.018612 -0.072378 0.118184 -0.420874 -0.013723 0.100270 -0.335571 0.116082 0.077586 -0.243957 0.183062 0.055956 -0.160752 0.222259 -0.252827 -0.188400 0.018256 -0.407123 -0.294643 0.074970 -0.449517 -0.418804 0.157877 0.163894 -0.626522 0.070179 0.059054 -0.655752 0.153463 -0.034934 -0.669229 0.221122 0.091932 -0.555515 0.205692 -0.039451 -0.555132 0.299835 -0.148310 -0.564855 0.381655 0.058133 -0.341664 0.369579 -0.084602 -0.380139 0.403302 -0.171761 -0.437002 0.489546 -0.067311 -0.161416 0.346320 -0.085042 -0.259546 0.413755 -0.122557 -0.336540 0.490356 
0.000000 0.000000 0.000000 -0.004405 -0.012876 -0.073747 0.129179 -0.415440 -0.044860 0.106650 -0.341309 0.090948 0.080371 -0.255949 0.164550 0.055882 -0.176710 0.209814 -0.248476 -0.195092 -0.002522 -0.401200 -0.309110 0.042047 -0.442223 -0.441751 0.111403 0.180462 -0.626364 0.020724 0.075165 -0.666952 0.098488 -0.019726 -0.689613 0.162327 0.104743 -0.569394 0.157640 -0.028217 -0.580746 0.248839 -0.138080 -0.601007 0.327318 0.063172 -0.372556 0.340108 -0.077511 -0.420496 0.370123 -0.163176 -0.488868 0.449210 -0.067784 -0.188045 0.332959 -0.082544 -0.294258 0.387659 -0.120247 -0.378550 0.456043 
0.000000 0.000000 0.000000 -0.000931 -0.009988 -0.074319 0.141259 -0.410193 -0.055479 0.111118 -0.342143 0.082025 0.079607 -0.260454 0.157710 0.051247 -0.183694 0.204942 -0.245626 -0.195760 -0.015502 -0.398740 -0.312005 0.021302 -0.436838 -0.449226 0.082994 0.197161 -0.621343 0.005436 0.087976 -0.663638 0.076652 -0.008662 -0.691440 0.135654 0.109355 -0.572437 0.140643 -0.026564 -0.587334 0.226832 -0.138324 -0.612788 0.301002 0.061742 -0.394032 0.320657 -0.079033 -0.443059 0.348395 -0.165144 -0.517618 0.421155 -0.067490 -0.203091 0.331873 -0.087734 -0.312668 0.377418 -0.128163 -0.400858 0.438990 
0.000000 0.000000 0.000000 -0.003657 -0.011428 -0.074027 0.130489 -0.414226 -0.051768 0.106478 -0.342830 0.085247 0.079301 -0.258990 0.160255 0.054203 -0.180707 0.206829 -0.247305 -0.196687 -0.009521 -0.399764 -0.312611 0.030843 -0.436726 -0.449912 0.093045 0.194462 -0.625133 0.001579 0.085739 -0.667989 0.073168 -0.011128 -0.694684 0.132305 0.114787 -0.575042 0.135078 -0.018486 -0.595757 0.224151 -0.129411 -0.620019 0.299954 0.070872 -0.407485 0.310561 -0.072519 -0.443695 0.344009 -0.157774 -0.518317 0.417705 -0.057756 -0.215984 0.336470 -0.070911 -0.331104 0.369117 -0.112866 -0.419415 0.429482 
0.000000 0.000000 0.000000 -0.013369 -0.017482 -0.071691 0.090129 -0.427223 -0.025452 0.088392 -0.342248 0.105786 0.077100 -0.250064 0.174842 0.064030 -0.166068 0.216085 -0.264602 -0.179937 0.019613 -0.421808 -0.281590 0.076745 -0.462114 -0.411131 0.152122 0.145512 -0.639811 0.030755 0.037867 -0.665132 0.111708 -0.056112 -0.679761 0.179140 0.080068 -0.571246 0.168753 -0.048115 -0.569034 0.267185 -0.154814 -0.578280 0.351856 0.061748 -0.384885 0.337018 -0.080519 -0.410303 0.382896 -0.165921 -0.472956 0.466856 -0.049829 -0.179718 0.348131 -0.070985 -0.286081 0.400387 -0.113587 -0.366947 0.470020 
0.000000 0.000000 0.000000 -0.018509 -0.029554 -0.066392 0.056096 -0.430367 0.054109 0.067884 -0.322230 0.166423 0.067339 -0.218015 0.216751 0.062900 -0.126927 0.241462 -0.274832 -0.145190 0.070622 -0.435223 -0.217548 0.156357 -0.484728 -0.320542 0.261372 0.090102 -0.628286 0.159426 -0.012798 -0.624112 0.249848 -0.101888 -0.615264 0.324534 0.039093 -0.531231 0.275804 -0.079093 -0.491356 0.378597 -0.178014 -0.475295 0.471312 0.057453 -0.285235 0.416995 -0.086189 -0.303702 0.461904 -0.168268 -0.339533 0.563133 -0.039921 -0.091577 0.378446 -0.060328 -0.183339 0.453642 -0.100973 -0.242529 0.543351 
0.000000 0.000000 0.000000 -0.018270 -0.040289 -0.060555 0.060010 -0.414979 0.124423 0.070868 -0.289658 0.217286 0.069402 -0.178564 0.249689 0.064150 -0.084687 0.259006 -0.271286 -0.133419 0.098053 -0.429606 -0.191694 0.197299 -0.479064 -0.269975 0.321849 0.091379 -0.583765 0.272570 -0.010450 -0.563441 0.362011 -0.098708 -0.541640 0.435007 0.038515 -0.469482 0.369243 -0.079223 -0.408180 0.461462 -0.177221 -0.377871 0.551557 0.052644 -0.199016 0.459485 -0.085822 -0.216799 0.518659 -0.163804 -0.233657 0.627758 -0.052480 -0.036666 0.380157 -0.077139 -0.091901 0.484236 -0.112811 -0.131247 0.586131 
0.000000 0.000000 0.000000 -0.018662 -0.042834 -0.058658 0.065198 -0.409146 0.140140 0.076100 -0.280117 0.227773 0.074056 -0.167829 0.255725 0.068093 -0.073701 0.261348 -0.271312 -0.123159 0.107361 -0.429404 -0.173422 0.211245 -0.476862 -0.244977 0.340529 0.104266 -0.568464 0.296702 -0.000779 -0.533087 0.377300 -0.087893 -0.509110 0.450985 0.054539 -0.452423 0.390008 -0.062519 -0.390189 0.482469 -0.159007 -0.357433 0.573334 0.055975 -0.147297 0.465404 -0.077236 -0.186829 0.526091 -0.152447 -0.199203 0.637708 -0.051442 -0.014291 0.374344 -0.064055 -0.069635 0.480501 -0.094034 -0.104956 0.585652 
0.000000 0.000000 0.000000 -0.013132 -0.044463 -0.058944 0.085075 -0.402799 0.147668 0.083554 -0.272586 0.234207 0.072955 -0.160435 0.260738 0.060652 -0.066851 0.264997 -0.262064 -0.142633 0.103049 -0.417830 -0.204062 0.204414 -0.463849 -0.279626 0.331925 0.128978 -0.557271 0.307764 0.021229 -0.532420 0.388725 -0.069568 -0.513239 0.459302 0.065328 -0.438106 0.403751 -0.058910 -0.380244 0.489435 -0.160633 -0.350505 0.575500 0.068661 -0.159178 0.472147 -0.069160 -0.189852 0.527421 -0.146805 -0.206307 0.636822 -0.049477 -0.009526 0.388171 -0.063804 -0.067467 0.492712 -0.094076 -0.104010 0.597361 
0.000000 0.000000 0.000000 -0.004855 -0.044645 -0.060059 0.109726 -0.395693 0.150591 0.090414 -0.267307 0.237718 0.068004 -0.156897 0.264206 0.047152 -0.064831 0.268225 -0.255438 -0.158140 0.088848 -0.412236 -0.229158 0.182025 -0.459760 -0.309538 0.305990 0.148017 -0.546275 0.315754 0.034582 -0.525585 0.389825 -0.060009 -0.512149 0.456647 0.068521 -0.434122 0.405550 -0.062838 -0.386994 0.487087 -0.170622 -0.363721 0.567587 0.049610 -0.146062 0.474582 -0.085330 -0.190473 0.527590 -0.167101 -0.211277 0.633177 -0.077641 -0.016739 0.380920 -0.099573 -0.072102 0.485540 -0.134862 -0.111328 0.587614 
0.000000 0.000000 0.000000 -0.004215 -0.044619 -0.060127 0.112312 -0.394933 0.150680 0.091545 -0.266804 0.237850 0.068104 -0.156611 0.264350 0.046474 -0.064724 0.268369 -0.252955 -0.168159 0.083791 -0.408600 -0.245462 0.173846 -0.457329 -0.329609 0.294807 0.162969 -0.544302 0.313599 0.046869 -0.531276 0.385246 -0.050379 -0.523165 0.449044 0.086194 -0.432076 0.408528 -0.051025 -0.385910 0.480391 -0.162083 -0.367549 0.557647 0.050787 -0.147171 0.474884 -0.084856 -0.196733 0.521094 -0.169062 -0.221797 0.623804 -0.077495 -0.015158 0.381335 -0.097887 -0.077771 0.482107 -0.135904 -0.119067 0.582369 
0.000000 0.000000 0.000000 0.002077 -0.044128 -0.060599 0.125444 -0.389486 0.154450 0.091989 -0.263713 0.241103 0.060637 -0.155338 0.266908 0.033531 -0.064887 0.270253 -0.246279 -0.179358 0.073111 -0.401684 -0.263975 0.156779 -0.452206 -0.350517 0.275290 0.173499 -0.538121 0.318823 0.058436 -0.536908 0.393260 -0.041083 -0.533003 0.453874 0.081893 -0.432567 0.408019 -0.058334 -0.400796 0.481854 -0.173160 -0.387729 0.554542 0.021282 -0.150689 0.474617 -0.113472 -0.206360 0.516244 -0.201257 -0.234973 0.614950 -0.094281 -0.023895 0.382369 -0.116604 -0.089139 0.481041 -0.157865 -0.132544 0.579106 
0.000000 0.000000 0.000000 0.011494 -0.044575 -0.059202 0.148184 -0.373277 0.173195 0.095544 -0.250119 0.253868 0.051899 -0.144934 0.274494 0.016111 -0.057496 0.273507 -0.234688 -0.196705 0.059528 -0.388733 -0.291898 0.133822 -0.441140 -0.380575 0.249912 0.186295 -0.510501 0.349652 0.070363 -0.522863 0.421687 -0.033628 -0.525506 0.474338 0.080553 -0.405212 0.433301 -0.068205 -0.380381 0.491429 -0.189577 -0.373473 0.553562 0.006717 -0.144808 0.481066 -0.130689 -0.199614 0.514336 -0.224789 -0.230736 0.606231 -0.114954 -0.014952 0.381202 -0.151211 -0.075953 0.478442 -0.200843 -0.118024 0.573152 
0.000000 0.000000 0.000000 0.023351 -0.045554 -0.054804 0.175744 -0.340722 0.210507 0.099436 -0.221852 0.277545 0.040682 -0.122590 0.286989 -0.005748 -0.040924 0.276881 -0.209451 -0.227107 0.048580 -0.355123 -0.340711 0.113272 -0.407785 -0.435346 0.224437 0.206315 -0.449828 0.406928 0.081351 -0.467998 0.460182 -0.026786 -0.481247 0.501702 0.087777 -0.362397 0.468819 -0.068855 -0.353249 0.507644 -0.197312 -0.356456 0.553771 -0.034004 -0.111973 0.484531 -0.169884 -0.176200 0.504592 -0.274197 -0.209826 0.583687 -0.154937 -0.007527 0.361813 -0.187679 -0.079120 0.452884 -0.249271 -0.121957 0.539916 
0.000000 0.000000 0.000000 0.034033 -0.044826 -0.049561 0.194398 -0.304891 0.246051 0.097905 -0.193583 0.298459 0.026826 -0.102271 0.296424 -0.028003 -0.027774 0.277156 -0.180781 -0.256879 0.032506 -0.315197 -0.389568 0.083858 -0.364192 -0.488221 0.193193 0.207539 -0.379161 0.459900 0.081514 -0.412440 0.502233 -0.028298 -0.438665 0.531332 0.066281 -0.314031 0.500861 -0.094540 -0.320375 0.515734 -0.228090 -0.333330 0.540949 -0.075248 -0.104318 0.481600 -0.213472 -0.166618 0.479713 -0.329153 -0.204550 0.538426 -0.186630 0.006739 0.342215 -0.236321 -0.068965 0.421530 -0.310941 -0.115950 0.495201 
0.000000 0.000000 0.000000 0.038848 -0.046517 -0.044169 0.193143 -0.276745 0.278206 0.088858 -0.166849 0.316864 0.014000 -0.079502 0.304187 -0.042893 -0.009337 0.276485 -0.147515 -0.287886 0.025515 -0.264129 -0.438919 0.069119 -0.308537 -0.538221 0.179817 0.198229 -0.329007 0.498802 0.074673 -0.375805 0.535213 -0.033854 -0.413807 0.554474 0.051839 -0.275383 0.525009 -0.108452 -0.294634 0.517213 -0.243307 -0.315686 0.520449 -0.108139 -0.078922 0.476801 -0.241732 -0.143800 0.446231 -0.365487 -0.184791 0.481902 -0.214045 0.013441 0.304316 -0.263053 -0.071739 0.373842 -0.348588 -0.123714 0.430282 
0.000000 0.000000 0.000000 0.044991 -0.045229 -0.039421 0.196157 -0.247463 0.302613 0.081515 -0.144603 0.329519 0.001090 -0.064184 0.308100 -0.059197 -0.000124 0.273618 -0.104845 -0.312988 0.021414 -0.198602 -0.480534 0.059480 -0.235752 -0.582396 0.170524 0.193979 -0.283744 0.526442 0.075289 -0.341456 0.563374 -0.030331 -0.389453 0.574949 0.017960 -0.248343 0.533659 -0.138424 -0.281727 0.510118 -0.270551 -0.310198 0.490857 -0.136038 -0.095757 0.465938 -0.264729 -0.150546 0.407392 -0.391532 -0.196345 0.416953 -0.233654 0.012130 0.274650 -0.285455 -0.081268 0.330192 -0.377519 -0.139118 0.367349 
0.000000 0.000000 0.000000 0.051834 -0.041684 -0.034635 0.197885 -0.217172 0.323988 0.072137 -0.125534 0.339374 -0.014082 -0.054270 0.309682 -0.077801 0.002343 0.268910 -0.070706 -0.326286 0.008164 -0.143925 -0.502524 0.051644 -0.173482 -0.606175 0.163312 0.167581 -0.256101 0.545316 0.050665 -0.322866 0.570909 -0.051382 -0.379181 0.573801 -0.013069 -0.224234 0.538051 -0.161597 -0.268093 0.491788 -0.286374 -0.303790 0.449410 -0.172181 -0.096851 0.443492 -0.284943 -0.154951 0.360426 -0.409055 -0.206773 0.347052 -0.252015 0.006831 0.254227 -0.302251 -0.098439 0.283990 -0.395621 -0.163973 0.297795 
0.000000 0.000000 0.000000 0.057819 -0.038651 -0.028054 0.184102 -0.187602 0.349574 0.050759 -0.105955 0.349763 -0.037694 -0.043140 0.309458 -0.101672 0.006478 0.260753 -0.032671 -0.333823 0.022257 -0.089293 -0.518523 0.053739 -0.115183 -0.620343 0.167972 0.122919 -0.213804 0.566346 0.010964 -0.288417 0.592444 -0.085073 -0.354364 0.587860 -0.053182 -0.204093 0.539604 -0.189592 -0.257912 0.471631 -0.302537 -0.300736 0.407999 -0.210929 -0.108297 0.411722 -0.307171 -0.171081 0.312796 -0.422797 -0.232080 0.278476 -0.271572 0.002424 0.219476 -0.316665 -0.108073 0.235232 -0.405115 -0.181304 0.231104 
0.000000 0.000000 0.000000 0.064768 -0.032495 -0.019315 0.162024 -0.150306 0.377421 0.021099 -0.085319 0.358347 -0.068622 -0.035209 0.305119 -0.131697 0.004422 0.246997 0.000565 -0.333210 0.038085 -0.039609 -0.521378 0.074001 -0.065816 -0.619293 0.191529 0.075334 -0.180153 0.584820 -0.031648 -0.262772 0.607431 -0.120609 -0.337323 0.596421 -0.103251 -0.187956 0.532924 -0.228024 -0.258339 0.458074 -0.325250 -0.310285 0.377526 -0.249637 -0.108913 0.385834 -0.318649 -0.181127 0.271759 -0.422598 -0.252424 0.222979 -0.291579 -0.021075 0.180860 -0.331594 -0.134451 0.186863 -0.411737 -0.214582 0.167909 
0.000000 0.000000 0.000000 0.067969 -0.028739 -0.013351 0.143185 -0.125707 0.393683 0.000154 -0.071031 0.362066 -0.088450 -0.028958 0.300640 -0.149503 0.004280 0.236647 0.040370 -0.334613 0.046023 0.021113 -0.522858 0.096065 -0.004587 -0.617328 0.216488 0.044268 -0.148203 0.596487 -0.055871 -0.240027 0.614453 -0.135545 -0.323836 0.599578 -0.128442 -0.177218 0.531363 -0.236467 -0.261152 0.445279 -0.319945 -0.325548 0.358540 -0.258718 -0.133836 0.369366 -0.308599 -0.205364 0.245323 -0.400854 -0.288030 0.191255 -0.294806 -0.047836 0.154445 -0.325978 -0.163662 0.164637 -0.396955 -0.250850 0.140897 