71
0.000000 0.000000 0.000000 -0.056525 0.014303 -0.047162 -0.174202 -0.398302 -0.047950 -0.072864 -0.359783 0.037206 0.001037 -0.301467 0.090347 0.059690 -0.241469 0.128457 -0.230547 -0.076266 0.196476 -0.339439 -0.132939 0.348929 -0.314181 -0.245046 0.453239 -0.350924 -0.517932 0.028720 -0.457729 -0.590234 0.075057 -0.528728 -0.592123 0.167517 -0.214530 -0.527293 0.128561 -0.310883 -0.641222 0.190695 -0.389524 -0.611751 0.298335 -0.103423 -0.473575 0.155005 -0.178328 -0.596987 0.201368 -0.274749 -0.613688 0.294600 0.080498 -0.397783 0.204081 0.094821 -0.505378 0.256135 0.119740 -0.608437 0.300416 
0.000000 0.000000 0.000000 -0.060884 0.022922 -0.037304 -0.211168 -0.378335 -0.059674 -0.096657 -0.355818 0.013707 -0.011846 -0.308487 0.061171 0.056057 -0.256893 0.096096 -0.224739 -0.076463 0.209922 -0.327268 -0.138651 0.364620 -0.301640 -0.261814 0.455510 -0.391384 -0.490909 0.019506 -0.500301 -0.558945 0.067361 -0.564643 -0.562775 0.164513 -0.242342 -0.520966 0.103020 -0.341428 -0.633290 0.163765 -0.410176 -0.606938 0.278737 -0.123113 -0.477830 0.121637 -0.202899 -0.599260 0.164994 -0.293647 -0.617359 0.263509 0.068896 -0.418503 0.161699 0.077734 -0.529742 0.206855 0.099094 -0.637917 0.239182 
0.000000 0.000000 0.000000 -0.061362 0.028986 -0.031913 -0.237280 -0.360304 -0.071901 -0.117616 -0.349693 -0.004281 -0.027477 -0.310822 0.040996 0.045368 -0.265844 0.075100 -0.217692 -0.070161 0.220232 -0.315512 -0.132201 0.378009 -0.291668 -0.262562 0.458781 -0.421102 -0.462135 0.013305 -0.532198 -0.523679 0.064801 -0.591442 -0.529502 0.165048 -0.270793 -0.506793 0.086993 -0.374975 -0.613643 0.149072 -0.434857 -0.589545 0.269375 -0.147908 -0.474745 0.098784 -0.234264 -0.592288 0.140221 -0.320480 -0.610647 0.242679 0.055432 -0.431072 0.131532 0.062359 -0.544802 0.170375 0.079915 -0.655900 0.193874 
0.000000 0.000000 0.000000 -0.061406 0.034558 -0.025671 -0.261673 -0.340637 -0.082366 -0.137709 -0.341595 -0.022061 -0.042887 -0.311140 0.019978 0.034377 -0.272831 0.052464 -0.211339 -0.072582 0.227088 -0.305158 -0.139623 0.385249 -0.284953 -0.276615 0.455334 -0.446937 -0.437593 0.005364 -0.558906 -0.496191 0.058386 -0.613637 -0.505194 0.160937 -0.295081 -0.496140 0.066394 -0.402116 -0.601252 0.126556 -0.455000 -0.581725 0.250899 -0.167694 -0.473231 0.073486 -0.257189 -0.589461 0.111855 -0.339193 -0.609731 0.217365 0.039899 -0.441810 0.097205 0.043700 -0.558122 0.128002 0.056253 -0.671405 0.142580 
0.000000 0.000000 0.000000 -0.060379 0.039533 -0.020382 -0.284474 -0.319406 -0.091349 -0.158200 -0.331236 -0.037316 -0.059979 -0.308942 0.001948 0.020759 -0.277215 0.033047 -0.206241 -0.075689 0.231202 -0.297513 -0.147787 0.388627 -0.281260 -0.290609 0.447146 -0.472122 -0.406855 0.001175 -0.585533 -0.459706 0.057095 -0.636129 -0.471494 0.161470 -0.320727 -0.481050 0.049949 -0.431269 -0.582944 0.109302 -0.476780 -0.567946 0.237142 -0.192010 -0.465955 0.053216 -0.286684 -0.578543 0.089979 -0.365352 -0.599965 0.197778 0.021077 -0.448928 0.066227 0.021296 -0.567121 0.089065 0.027187 -0.681731 0.094809 
0.000000 0.000000 0.000000 -0.059609 0.043738 -0.012556 -0.306278 -0.297787 -0.093846 -0.177172 -0.319645 -0.050736 -0.075344 -0.305063 -0.017502 0.008956 -0.279637 0.009691 -0.198828 -0.081825 0.237841 -0.285942 -0.160393 0.394523 -0.273169 -0.308107 0.440395 -0.494775 -0.379031 0.002530 -0.608697 -0.428134 0.060777 -0.655379 -0.443186 0.166547 -0.342743 -0.466569 0.035717 -0.455354 -0.566498 0.094517 -0.493627 -0.556211 0.225164 -0.213378 -0.457882 0.030525 -0.312357 -0.567463 0.064963 -0.387625 -0.590645 0.174806 0.001963 -0.452970 0.031901 -0.002850 -0.572278 0.047189 -0.005779 -0.687114 0.044522 
0.000000 0.000000 0.000000 -0.058344 0.046334 -0.008548 -0.318867 -0.281791 -0.101034 -0.189533 -0.310285 -0.062751 -0.086429 -0.300958 -0.031628 -0.000612 -0.279894 -0.005471 -0.194006 -0.086527 0.240028 -0.278895 -0.169662 0.395571 -0.267868 -0.320381 0.430913 -0.507053 -0.358839 -0.000687 -0.620789 -0.405404 0.059960 -0.665501 -0.423569 0.166092 -0.358171 -0.454899 0.021644 -0.472868 -0.553256 0.079045 -0.506252 -0.547279 0.211292 -0.227768 -0.452408 0.010800 -0.329116 -0.561007 0.041223 -0.402094 -0.586590 0.152073 -0.009796 -0.454387 0.001898 -0.016117 -0.574493 0.006970 -0.028106 -0.688378 -0.002503 
0.000000 0.000000 0.000000 -0.057617 0.047643 -0.005856 -0.325114 -0.271892 -0.108010 -0.195820 -0.304150 -0.072697 -0.092170 -0.297881 -0.042639 -0.005659 -0.279385 -0.016830 -0.188543 -0.092081 0.241494 -0.270467 -0.179512 0.396269 -0.258879 -0.331917 0.423199 -0.512064 -0.348929 -0.005369 -0.625051 -0.395487 0.056665 -0.668451 -0.416331 0.162849 -0.365389 -0.448682 0.009953 -0.480719 -0.546985 0.066167 -0.510626 -0.543899 0.199341 -0.234567 -0.449331 -0.003914 -0.336674 -0.557930 0.023855 -0.408053 -0.584703 0.135462 -0.019010 -0.453706 -0.021295 -0.028200 -0.573696 -0.024369 -0.049743 -0.685857 -0.036970 
0.000000 0.000000 0.000000 -0.057257 0.048274 -0.003896 -0.328314 -0.265764 -0.113445 -0.199005 -0.300154 -0.080259 -0.095056 -0.295664 -0.050924 -0.008176 -0.278682 -0.025314 -0.187847 -0.101595 0.237624 -0.269562 -0.195372 0.388752 -0.256376 -0.348837 0.407767 -0.515048 -0.342674 -0.010317 -0.627904 -0.389156 0.052011 -0.670669 -0.412334 0.157969 -0.369353 -0.445269 -0.000272 -0.485214 -0.543966 0.054130 -0.512574 -0.543720 0.187886 -0.239205 -0.446523 -0.016630 -0.342569 -0.554699 0.007962 -0.412873 -0.582597 0.119976 -0.025420 -0.452081 -0.040205 -0.037290 -0.571434 -0.050455 -0.066347 -0.681559 -0.065665 
0.000000 0.000000 0.000000 -0.056877 0.048808 -0.002580 -0.330587 -0.260209 -0.119555 -0.201507 -0.296449 -0.087466 -0.097482 -0.293523 -0.058205 -0.010431 -0.277881 -0.032321 -0.183289 -0.106333 0.237831 -0.262390 -0.203411 0.388264 -0.248524 -0.357392 0.401847 -0.515810 -0.338484 -0.014741 -0.627753 -0.385791 0.048606 -0.669803 -0.410965 0.154395 -0.371577 -0.442589 -0.008766 -0.487249 -0.541984 0.044761 -0.512733 -0.544380 0.178866 -0.241079 -0.445492 -0.026594 -0.344047 -0.554463 -0.003928 -0.413846 -0.584377 0.107881 -0.027731 -0.450494 -0.054490 -0.039639 -0.569308 -0.069749 -0.073100 -0.677854 -0.087106 
0.000000 0.000000 0.000000 -0.057134 0.048576 0.000003 -0.331399 -0.257799 -0.122494 -0.201626 -0.294420 -0.093816 -0.097130 -0.291932 -0.066240 -0.009721 -0.276710 -0.041331 -0.182748 -0.113255 0.236388 -0.261349 -0.214519 0.384302 -0.246389 -0.368751 0.392994 -0.516563 -0.339658 -0.020349 -0.628471 -0.389131 0.041384 -0.669738 -0.416811 0.146855 -0.370868 -0.443120 -0.018185 -0.485976 -0.544257 0.033254 -0.510583 -0.549921 0.167424 -0.240426 -0.444773 -0.037610 -0.343178 -0.554369 -0.017081 -0.413023 -0.586685 0.094029 -0.028004 -0.448799 -0.066575 -0.040589 -0.567252 -0.083951 -0.075579 -0.674969 -0.103336 
0.000000 0.000000 0.000000 -0.057199 0.048499 -0.000232 -0.329223 -0.256720 -0.130375 -0.199823 -0.293518 -0.100275 -0.095738 -0.291231 -0.071167 -0.008720 -0.276200 -0.044817 -0.181678 -0.118148 0.233391 -0.259569 -0.222426 0.379577 -0.242628 -0.376629 0.384159 -0.513081 -0.339074 -0.026288 -0.624200 -0.388847 0.036619 -0.664881 -0.418420 0.141803 -0.368581 -0.443827 -0.026772 -0.483359 -0.546058 0.023220 -0.507447 -0.554385 0.157346 -0.237641 -0.445579 -0.043707 -0.339393 -0.556257 -0.024017 -0.409439 -0.590361 0.086430 -0.025836 -0.447379 -0.076301 -0.037619 -0.565204 -0.097971 -0.073534 -0.672251 -0.119283 
0.000000 0.000000 0.000000 -0.058213 0.047255 0.001457 -0.324869 -0.260412 -0.133924 -0.194453 -0.295165 -0.105843 -0.090183 -0.291369 -0.077570 -0.003269 -0.275134 -0.051592 -0.178648 -0.127317 0.231384 -0.254008 -0.236552 0.375258 -0.231488 -0.390109 0.375528 -0.507359 -0.348636 -0.032266 -0.617650 -0.401955 0.029173 -0.657439 -0.433766 0.134045 -0.360790 -0.449735 -0.035738 -0.473922 -0.554864 0.011944 -0.497805 -0.565397 0.145951 -0.229394 -0.449027 -0.055700 -0.329216 -0.562077 -0.040018 -0.399427 -0.599196 0.069347 -0.018744 -0.445572 -0.087615 -0.029396 -0.562888 -0.112410 -0.065230 -0.669613 -0.135405 
0.000000 0.000000 0.000000 -0.058974 0.046293 0.001683 -0.320263 -0.264531 -0.136912 -0.189374 -0.297398 -0.108761 -0.085253 -0.292148 -0.080175 0.001320 -0.274721 -0.053831 -0.174351 -0.134894 0.229072 -0.246545 -0.248270 0.371357 -0.217173 -0.400604 0.367074 -0.500474 -0.356773 -0.034756 -0.609388 -0.412521 0.026984 -0.648085 -0.445668 0.131851 -0.352973 -0.455057 -0.039092 -0.464243 -0.562287 0.008294 -0.487030 -0.573779 0.142413 -0.221797 -0.452416 -0.060599 -0.319708 -0.567339 -0.046561 -0.388963 -0.606058 0.062858 -0.011882 -0.444333 -0.094373 -0.020970 -0.561081 -0.122279 -0.056784 -0.667619 -0.146155 
0.000000 0.000000 0.000000 -0.059003 0.046087 0.004308 -0.324782 -0.265041 -0.124741 -0.192740 -0.297582 -0.102144 -0.087547 -0.292099 -0.077847 -0.000019 -0.274489 -0.055016 -0.169623 -0.134090 0.234842 -0.238841 -0.246833 0.379095 -0.205614 -0.398308 0.372907 -0.503253 -0.354641 -0.017317 -0.611117 -0.408793 0.047607 -0.647043 -0.440255 0.153967 -0.355994 -0.453455 -0.027806 -0.467030 -0.559471 0.022754 -0.485964 -0.568453 0.157662 -0.223928 -0.452147 -0.055528 -0.321722 -0.566912 -0.039523 -0.387764 -0.603630 0.072541 -0.015447 -0.444129 -0.094648 -0.026067 -0.560895 -0.121927 -0.064559 -0.666963 -0.143630 
0.000000 0.000000 0.000000 -0.056050 0.049270 0.007400 -0.345884 -0.248367 -0.099840 -0.214589 -0.287783 -0.085262 -0.107903 -0.287755 -0.067824 -0.018266 -0.274676 -0.050896 -0.166039 -0.120040 0.246321 -0.234863 -0.225982 0.395822 -0.209756 -0.379070 0.391279 -0.524151 -0.325515 0.017162 -0.631890 -0.372141 0.087874 -0.664945 -0.397707 0.196718 -0.382824 -0.432743 -0.000656 -0.497247 -0.531336 0.056888 -0.510627 -0.535055 0.192706 -0.251339 -0.439492 -0.034424 -0.354192 -0.548297 -0.010475 -0.416533 -0.577239 0.105904 -0.044772 -0.444478 -0.083315 -0.063016 -0.561356 -0.105630 -0.109525 -0.665090 -0.122346 
0.000000 0.000000 0.000000 -0.047884 0.056869 0.009846 -0.384193 -0.200590 -0.058739 -0.258752 -0.257527 -0.053523 -0.151932 -0.271884 -0.045188 -0.060191 -0.270951 -0.036519 -0.164963 -0.080501 0.265322 -0.238224 -0.166459 0.425183 -0.238376 -0.321586 0.429921 -0.565401 -0.242372 0.071022 -0.674918 -0.267624 0.149446 -0.704366 -0.279771 0.261600 -0.440674 -0.368696 0.051453 -0.564408 -0.444307 0.122851 -0.569670 -0.436446 0.259049 -0.313927 -0.395992 0.010204 -0.430088 -0.484986 0.049924 -0.487880 -0.496425 0.171568 -0.112744 -0.437238 -0.049682 -0.148917 -0.551696 -0.058742 -0.211583 -0.647853 -0.064220 
0.000000 0.000000 0.000000 -0.042316 0.061338 0.008423 -0.402249 -0.168321 -0.033979 -0.282133 -0.235861 -0.030130 -0.176719 -0.259229 -0.024833 -0.084971 -0.266028 -0.019498 -0.158488 -0.047729 0.277597 -0.231181 -0.115977 0.446029 -0.247694 -0.269580 0.460867 -0.580731 -0.182222 0.105201 -0.688600 -0.190623 0.189317 -0.715020 -0.191664 0.302869 -0.468316 -0.321017 0.090530 -0.594947 -0.378935 0.172596 -0.594489 -0.361658 0.308023 -0.347196 -0.362836 0.045290 -0.469438 -0.437128 0.095573 -0.523148 -0.435710 0.219594 -0.153127 -0.427089 -0.020050 -0.200040 -0.537951 -0.020430 -0.272221 -0.627268 -0.016502 
0.000000 0.000000 0.000000 -0.039565 0.063117 0.008645 -0.409459 -0.152870 -0.016263 -0.292002 -0.225032 -0.015267 -0.187455 -0.252452 -0.013216 -0.095908 -0.262777 -0.010986 -0.156488 -0.029563 0.283573 -0.229651 -0.087556 0.455606 -0.253450 -0.239453 0.476772 -0.586677 -0.156088 0.125171 -0.693782 -0.158033 0.210650 -0.718328 -0.153855 0.324550 -0.479403 -0.298950 0.110793 -0.606863 -0.349225 0.196531 -0.603062 -0.326665 0.331127 -0.360213 -0.345423 0.065684 -0.484091 -0.412088 0.122259 -0.534099 -0.403583 0.247539 -0.171672 -0.420227 -0.003522 -0.223822 -0.528603 0.001617 -0.300714 -0.613490 0.010833 
0.000000 0.000000 0.000000 -0.039380 0.063210 0.008812 -0.409783 -0.152590 -0.009208 -0.292384 -0.224854 -0.009470 -0.187842 -0.252358 -0.008782 -0.096280 -0.262754 -0.007837 -0.151411 -0.028433 0.286115 -0.221513 -0.085777 0.459633 -0.245560 -0.237514 0.481643 -0.584700 -0.153333 0.135096 -0.690416 -0.153782 0.222309 -0.713902 -0.148495 0.336386 -0.477794 -0.297492 0.120227 -0.603899 -0.346897 0.208439 -0.597869 -0.323750 0.342854 -0.359827 -0.345912 0.071108 -0.483151 -0.412996 0.128395 -0.531354 -0.404168 0.254357 -0.174307 -0.419098 -0.000435 -0.228014 -0.526712 0.004661 -0.305579 -0.610838 0.015132 
0.000000 0.000000 0.000000 -0.041206 0.062144 0.008003 -0.405305 -0.163761 -0.014152 -0.285988 -0.232791 -0.012501 -0.180754 -0.257427 -0.010267 -0.088965 -0.265315 -0.008027 -0.149158 -0.038008 0.283977 -0.216707 -0.100677 0.456665 -0.235547 -0.253461 0.476384 -0.579016 -0.172158 0.131361 -0.684002 -0.177232 0.219306 -0.708075 -0.174100 0.333340 -0.467812 -0.316187 0.115794 -0.591477 -0.372908 0.203053 -0.586449 -0.351938 0.337865 -0.349124 -0.358993 0.067512 -0.469855 -0.431823 0.123285 -0.518638 -0.426628 0.249227 -0.161476 -0.424398 -0.003455 -0.211387 -0.533898 -0.000308 -0.286747 -0.620168 0.008722 
0.000000 0.000000 0.000000 -0.044924 0.059391 0.008860 -0.394662 -0.186489 -0.027466 -0.271564 -0.248507 -0.025193 -0.165133 -0.267058 -0.021391 -0.073102 -0.269675 -0.017400 -0.154982 -0.054778 0.278487 -0.223849 -0.126218 0.447203 -0.233513 -0.280395 0.462136 -0.570155 -0.211798 0.113891 -0.676219 -0.227093 0.199323 -0.703267 -0.229727 0.312701 -0.451128 -0.345841 0.096287 -0.573257 -0.412042 0.178910 -0.572614 -0.395404 0.314416 -0.328775 -0.380918 0.049112 -0.446117 -0.462564 0.099667 -0.498375 -0.464505 0.224300 -0.135849 -0.432912 -0.019079 -0.179038 -0.545271 -0.020235 -0.249210 -0.636157 -0.015898 
0.000000 0.000000 0.000000 -0.048453 0.056677 0.007997 -0.382225 -0.206547 -0.050324 -0.256174 -0.261949 -0.043529 -0.149183 -0.274885 -0.035056 -0.057432 -0.272686 -0.026736 -0.158945 -0.072701 0.270483 -0.228084 -0.153658 0.434729 -0.228543 -0.308668 0.442393 -0.557614 -0.243900 0.088470 -0.663614 -0.266475 0.172354 -0.692770 -0.276519 0.284791 -0.433816 -0.373456 0.068204 -0.554637 -0.449296 0.144198 -0.557997 -0.440115 0.280373 -0.309398 -0.398816 0.025656 -0.424283 -0.487682 0.069190 -0.479630 -0.499046 0.191973 -0.112152 -0.438021 -0.042748 -0.149816 -0.551825 -0.053769 -0.214790 -0.646563 -0.056257 
0.000000 0.000000 0.000000 -0.051770 0.053100 0.011141 -0.368941 -0.224422 -0.069337 -0.239927 -0.272767 -0.064580 -0.132449 -0.280033 -0.055544 -0.041068 -0.273098 -0.045847 -0.160488 -0.101393 0.260458 -0.228517 -0.198065 0.416463 -0.219028 -0.352962 0.414494 -0.546834 -0.283921 0.058076 -0.654347 -0.319881 0.135082 -0.685923 -0.339127 0.245652 -0.412744 -0.402373 0.034470 -0.530284 -0.490524 0.101837 -0.537434 -0.490838 0.238175 -0.285916 -0.417549 -0.008101 -0.395961 -0.516156 0.025919 -0.454216 -0.538506 0.145814 -0.086567 -0.440078 -0.071022 -0.117885 -0.555014 -0.088351 -0.177527 -0.652687 -0.098643 
0.000000 0.000000 0.000000 -0.054940 0.049991 0.010318 -0.352966 -0.239941 -0.095568 -0.222002 -0.281897 -0.085945 -0.114861 -0.284091 -0.071734 -0.024546 -0.272943 -0.057193 -0.159504 -0.121706 0.249970 -0.224933 -0.229143 0.399928 -0.205361 -0.382749 0.389489 -0.527418 -0.314287 0.028768 -0.632851 -0.359219 0.103914 -0.664965 -0.386852 0.212534 -0.388863 -0.426551 0.001845 -0.502352 -0.524937 0.061554 -0.512171 -0.534342 0.197401 -0.262951 -0.430398 -0.034625 -0.369140 -0.535310 -0.008016 -0.428999 -0.567885 0.108706 -0.058561 -0.439807 -0.097012 -0.081974 -0.554662 -0.124421 -0.135386 -0.654755 -0.142638 
0.000000 0.000000 0.000000 -0.057680 0.046619 0.011117 -0.337613 -0.252367 -0.116698 -0.204959 -0.288138 -0.105383 -0.098247 -0.285657 -0.088281 -0.009028 -0.270726 -0.070691 -0.158299 -0.143759 0.238005 -0.221260 -0.262886 0.379976 -0.192094 -0.414240 0.361857 -0.510877 -0.345817 -0.004151 -0.615593 -0.402295 0.063870 -0.648632 -0.437848 0.169877 -0.367714 -0.443100 -0.028105 -0.478410 -0.548496 0.024455 -0.490747 -0.565306 0.159379 -0.236841 -0.443849 -0.066353 -0.336221 -0.557282 -0.050628 -0.397439 -0.599758 0.062138 -0.033425 -0.436532 -0.120684 -0.050218 -0.550660 -0.155095 -0.098041 -0.652082 -0.180189 
0.000000 0.000000 0.000000 -0.059649 0.044187 0.010648 -0.324670 -0.261158 -0.132951 -0.191156 -0.292404 -0.118729 -0.085129 -0.286532 -0.098482 0.002951 -0.268866 -0.077932 -0.157458 -0.156287 0.229943 -0.218661 -0.281729 0.367163 -0.181509 -0.430767 0.344927 -0.495433 -0.363380 -0.024271 -0.598637 -0.425159 0.041411 -0.632129 -0.464990 0.145742 -0.348927 -0.457171 -0.052134 -0.456233 -0.569235 -0.006841 -0.471044 -0.590965 0.127128 -0.218310 -0.450169 -0.084361 -0.313809 -0.567507 -0.074235 -0.376603 -0.615293 0.035499 -0.015263 -0.434051 -0.132417 -0.027799 -0.547750 -0.169920 -0.071726 -0.649792 -0.199265 
0.000000 0.000000 0.000000 -0.059980 0.043867 0.010096 -0.322125 -0.263218 -0.135064 -0.188554 -0.293684 -0.119727 -0.082727 -0.287178 -0.098648 0.005086 -0.268979 -0.077430 -0.157458 -0.158597 0.227702 -0.218452 -0.285286 0.363866 -0.178133 -0.433399 0.340980 -0.492226 -0.369654 -0.029437 -0.595030 -0.433982 0.034402 -0.628779 -0.474238 0.138486 -0.344218 -0.461458 -0.055735 -0.450092 -0.575568 -0.012213 -0.465467 -0.597529 0.121655 -0.213488 -0.452973 -0.087365 -0.307252 -0.571858 -0.079274 -0.370459 -0.619907 0.030106 -0.010805 -0.433509 -0.134560 -0.021743 -0.546758 -0.173883 -0.064726 -0.648946 -0.204100 
0.000000 0.000000 0.000000 -0.057721 0.046203 0.012549 -0.338539 -0.254596 -0.108916 -0.205407 -0.289450 -0.100817 -0.098336 -0.286242 -0.086265 -0.008829 -0.270706 -0.070792 -0.158514 -0.149061 0.235168 -0.221584 -0.271244 0.374469 -0.186275 -0.421231 0.355925 -0.513223 -0.348634 0.000912 -0.618798 -0.405468 0.067289 -0.651741 -0.438610 0.174105 -0.369795 -0.443301 -0.024785 -0.481603 -0.547941 0.026926 -0.495056 -0.561577 0.162102 -0.235809 -0.445630 -0.066011 -0.334386 -0.559921 -0.051487 -0.397445 -0.599464 0.061332 -0.035567 -0.437353 -0.116617 -0.053971 -0.552060 -0.148160 -0.102813 -0.653019 -0.173156 
0.000000 0.000000 0.000000 -0.053877 0.051288 0.009525 -0.358451 -0.235770 -0.084946 -0.228188 -0.279914 -0.075599 -0.120949 -0.283742 -0.062514 -0.030282 -0.273907 -0.049283 -0.159182 -0.115699 0.252161 -0.225076 -0.220188 0.403988 -0.201900 -0.373381 0.394967 -0.535173 -0.305300 0.038969 -0.641979 -0.347322 0.113860 -0.673666 -0.369200 0.223908 -0.400275 -0.415854 0.015949 -0.517319 -0.508311 0.078215 -0.527520 -0.511107 0.214330 -0.269689 -0.429183 -0.024601 -0.376344 -0.533473 0.002584 -0.437857 -0.559747 0.120032 -0.069999 -0.440794 -0.083308 -0.097337 -0.555665 -0.106728 -0.154125 -0.654240 -0.122892 
0.000000 0.000000 0.000000 -0.048089 0.056634 0.010195 -0.383875 -0.204425 -0.046266 -0.257884 -0.260300 -0.043325 -0.150777 -0.273700 -0.037430 -0.058861 -0.271924 -0.031049 -0.159114 -0.079954 0.268775 -0.228586 -0.165422 0.430577 -0.224576 -0.320482 0.435793 -0.563386 -0.249212 0.084844 -0.671878 -0.276281 0.164084 -0.701687 -0.284505 0.276498 -0.437402 -0.369921 0.067269 -0.559499 -0.444478 0.142489 -0.564993 -0.433806 0.278486 -0.309450 -0.401265 0.019698 -0.423229 -0.492737 0.060663 -0.481182 -0.502747 0.182356 -0.116646 -0.436649 -0.041661 -0.156421 -0.550033 -0.048965 -0.223065 -0.643585 -0.052077 
0.000000 0.000000 0.000000 -0.043157 0.060834 0.007782 -0.399983 -0.175359 -0.023525 -0.278745 -0.240895 -0.020208 -0.172895 -0.262473 -0.016167 -0.080974 -0.267703 -0.012223 -0.155712 -0.047884 0.278629 -0.226143 -0.115913 0.448107 -0.238795 -0.269676 0.464948 -0.575514 -0.193486 0.118883 -0.681601 -0.204441 0.204951 -0.708274 -0.202083 0.318424 -0.461909 -0.328109 0.103561 -0.586487 -0.387427 0.187742 -0.587688 -0.367306 0.322771 -0.339643 -0.370059 0.056867 -0.459212 -0.447205 0.109238 -0.511970 -0.446576 0.233673 -0.149472 -0.428620 -0.011843 -0.196621 -0.539382 -0.011582 -0.270041 -0.627520 -0.004932 
0.000000 0.000000 0.000000 -0.040256 0.062543 0.009580 -0.407334 -0.159254 -0.002775 -0.288792 -0.229588 -0.005104 -0.183817 -0.255380 -0.006185 -0.092095 -0.264280 -0.006764 -0.152004 -0.027826 0.287415 -0.221928 -0.084372 0.461266 -0.243307 -0.236065 0.486149 -0.581544 -0.162212 0.142353 -0.686832 -0.164001 0.230064 -0.712184 -0.155090 0.343515 -0.471996 -0.303514 0.126977 -0.596601 -0.353794 0.216811 -0.596111 -0.328048 0.350887 -0.353129 -0.353834 0.073526 -0.474537 -0.424431 0.130684 -0.522793 -0.417578 0.256750 -0.166657 -0.422214 0.002387 -0.217979 -0.530923 0.008686 -0.294313 -0.616056 0.020028 
0.000000 0.000000 0.000000 -0.039811 0.063015 0.008256 -0.408572 -0.156054 -0.002519 -0.290585 -0.227352 -0.002914 -0.185816 -0.253988 -0.002912 -0.094167 -0.263621 -0.002777 -0.147581 -0.027287 0.287680 -0.215016 -0.083793 0.462525 -0.237285 -0.235516 0.486420 -0.581077 -0.156584 0.144661 -0.685335 -0.156905 0.233612 -0.710863 -0.147794 0.347007 -0.473187 -0.299007 0.131237 -0.597382 -0.347743 0.222478 -0.595241 -0.322819 0.356693 -0.356353 -0.350102 0.077045 -0.478638 -0.419022 0.134379 -0.525055 -0.411311 0.261083 -0.170285 -0.420786 0.006775 -0.222679 -0.528967 0.013350 -0.299785 -0.613292 0.025475 
0.000000 0.000000 0.000000 -0.041526 0.061622 0.010110 -0.404062 -0.167305 -0.005771 -0.284132 -0.235233 -0.008461 -0.178661 -0.258915 -0.009477 -0.086778 -0.265977 -0.009853 -0.148813 -0.037859 0.286587 -0.215946 -0.100107 0.459588 -0.232445 -0.253194 0.479059 -0.577103 -0.178045 0.140385 -0.681684 -0.184536 0.228718 -0.707762 -0.178333 0.342184 -0.465853 -0.315189 0.122149 -0.589449 -0.369571 0.210982 -0.587584 -0.347440 0.345689 -0.346382 -0.363491 0.065670 -0.466649 -0.438479 0.119554 -0.512185 -0.434719 0.246756 -0.157449 -0.425841 -0.003899 -0.206093 -0.535878 0.000199 -0.281138 -0.622318 0.010178 
0.000000 0.000000 0.000000 -0.045340 0.059115 0.008575 -0.393334 -0.189681 -0.024486 -0.269760 -0.250746 -0.022211 -0.163177 -0.268459 -0.018680 -0.071115 -0.270348 -0.015027 -0.150680 -0.054595 0.280273 -0.216594 -0.125747 0.450284 -0.223655 -0.280165 0.464149 -0.568403 -0.214859 0.117419 -0.674210 -0.230076 0.203182 -0.702930 -0.229901 0.316179 -0.449880 -0.347204 0.099143 -0.572387 -0.412810 0.181681 -0.574628 -0.396030 0.317154 -0.327085 -0.384636 0.047282 -0.444617 -0.467942 0.094582 -0.492432 -0.471841 0.220940 -0.134489 -0.433321 -0.018154 -0.178110 -0.545499 -0.020306 -0.247908 -0.636630 -0.015167 
0.000000 0.000000 0.000000 -0.048495 0.056214 0.010585 -0.382440 -0.207684 -0.043556 -0.255956 -0.262479 -0.041581 -0.148698 -0.274962 -0.036484 -0.056755 -0.272401 -0.030781 -0.155513 -0.078061 0.272050 -0.222478 -0.162082 0.435657 -0.220806 -0.317204 0.440243 -0.557362 -0.250362 0.094288 -0.663080 -0.276155 0.177598 -0.693454 -0.284135 0.289878 -0.432263 -0.375761 0.070478 -0.552177 -0.452809 0.146694 -0.557387 -0.444593 0.282873 -0.307642 -0.402854 0.019142 -0.421614 -0.494559 0.059030 -0.472039 -0.508382 0.183667 -0.110642 -0.438188 -0.044829 -0.147733 -0.552302 -0.054499 -0.212926 -0.646892 -0.056914 
0.000000 0.000000 0.000000 -0.052050 0.052507 0.012558 -0.368054 -0.227444 -0.063997 -0.238517 -0.274571 -0.062111 -0.130819 -0.280865 -0.055206 -0.039339 -0.273119 -0.047216 -0.157369 -0.104690 0.261643 -0.223272 -0.203053 0.417504 -0.211202 -0.357706 0.412642 -0.542733 -0.289510 0.066599 -0.648303 -0.327022 0.145528 -0.680261 -0.343790 0.256391 -0.410536 -0.404025 0.038514 -0.527534 -0.492072 0.106953 -0.535906 -0.492519 0.243222 -0.282919 -0.421319 -0.012171 -0.391984 -0.522033 0.018688 -0.444603 -0.546594 0.140737 -0.082607 -0.440525 -0.073476 -0.112390 -0.555753 -0.091551 -0.171217 -0.653894 -0.102079 
0.000000 0.000000 0.000000 -0.055479 0.049187 0.011251 -0.350910 -0.244576 -0.091296 -0.219250 -0.284724 -0.083661 -0.111896 -0.285460 -0.070978 -0.021549 -0.273092 -0.057683 -0.156016 -0.127990 0.248626 -0.218926 -0.238856 0.397160 -0.195614 -0.391703 0.383706 -0.524299 -0.323821 0.031490 -0.629091 -0.371714 0.105700 -0.662568 -0.397192 0.214435 -0.385547 -0.429361 0.005219 -0.498653 -0.527735 0.065670 -0.510457 -0.536901 0.201376 -0.257371 -0.435815 -0.040253 -0.361686 -0.543629 -0.018221 -0.416499 -0.578354 0.100345 -0.054410 -0.440037 -0.098128 -0.077029 -0.554949 -0.125967 -0.129220 -0.655615 -0.144554 
0.000000 0.000000 0.000000 -0.058356 0.045502 0.012168 -0.334681 -0.258471 -0.111675 -0.201209 -0.291754 -0.102625 -0.094294 -0.287293 -0.087277 -0.005094 -0.270714 -0.071126 -0.155460 -0.144836 0.240615 -0.216222 -0.263938 0.383563 -0.183442 -0.414199 0.362738 -0.505167 -0.354510 0.002917 -0.608204 -0.412553 0.072174 -0.641837 -0.445985 0.178683 -0.360608 -0.450755 -0.026567 -0.469022 -0.558899 0.025164 -0.482848 -0.576285 0.159870 -0.231052 -0.447589 -0.069496 -0.329116 -0.562532 -0.056746 -0.384919 -0.606632 0.058185 -0.027968 -0.436481 -0.121962 -0.043713 -0.550582 -0.156954 -0.089792 -0.652598 -0.182889 
0.000000 0.000000 0.000000 -0.060447 0.042761 0.011897 -0.320964 -0.268265 -0.127696 -0.186519 -0.296440 -0.116064 -0.080297 -0.288163 -0.097779 0.007719 -0.268513 -0.078819 -0.150934 -0.162245 0.230142 -0.207556 -0.290524 0.366705 -0.165155 -0.437479 0.340376 -0.489404 -0.374174 -0.018923 -0.591204 -0.438183 0.046816 -0.624854 -0.476450 0.151680 -0.341113 -0.463474 -0.047690 -0.446259 -0.577080 -0.001186 -0.461643 -0.599370 0.132627 -0.209703 -0.455199 -0.089625 -0.302496 -0.574975 -0.083779 -0.359744 -0.624945 0.027997 -0.006970 -0.432966 -0.136486 -0.017081 -0.546163 -0.176180 -0.058675 -0.648718 -0.207093 
0.000000 0.000000 0.000000 -0.061007 0.042186 0.011066 -0.316663 -0.271428 -0.131688 -0.182119 -0.298301 -0.118264 -0.076230 -0.288990 -0.098590 0.011336 -0.268481 -0.078489 -0.151417 -0.164500 0.227752 -0.207989 -0.293831 0.363341 -0.161604 -0.439539 0.336797 -0.483751 -0.381272 -0.024750 -0.584735 -0.447658 0.039881 -0.618393 -0.486517 0.144525 -0.333835 -0.469198 -0.053067 -0.437024 -0.585432 -0.008723 -0.452724 -0.608201 0.124972 -0.202354 -0.458630 -0.093242 -0.292793 -0.580273 -0.089406 -0.350886 -0.630565 0.021787 -0.001451 -0.432636 -0.137445 -0.010252 -0.545628 -0.178026 -0.050663 -0.648448 -0.209616 
0.000000 0.000000 0.000000 -0.058971 0.044685 0.012231 -0.331287 -0.263824 -0.109253 -0.197302 -0.295099 -0.100628 -0.090403 -0.289001 -0.085744 -0.001392 -0.271044 -0.070032 -0.150885 -0.152040 0.237392 -0.208399 -0.275138 0.378283 -0.165971 -0.422759 0.356040 -0.501694 -0.358595 0.006507 -0.604682 -0.415872 0.076469 -0.636996 -0.447487 0.183937 -0.355674 -0.454437 -0.023141 -0.463389 -0.562809 0.029561 -0.476844 -0.577915 0.164580 -0.223104 -0.452751 -0.068711 -0.318259 -0.570170 -0.056498 -0.376306 -0.612019 0.058163 -0.021136 -0.437742 -0.119106 -0.034726 -0.552483 -0.152885 -0.080395 -0.654528 -0.179424 
0.000000 0.000000 0.000000 -0.054954 0.049630 0.011866 -0.354242 -0.244539 -0.077485 -0.222589 -0.285147 -0.072682 -0.114937 -0.286150 -0.062879 -0.024213 -0.273963 -0.052239 -0.152984 -0.124525 0.252503 -0.214325 -0.233500 0.403078 -0.183156 -0.384898 0.389145 -0.527409 -0.322371 0.046512 -0.632067 -0.369411 0.121452 -0.662266 -0.389950 0.232174 -0.391020 -0.424556 0.020434 -0.505577 -0.519373 0.083766 -0.515405 -0.522349 0.219905 -0.258526 -0.438220 -0.031724 -0.361488 -0.547264 -0.009384 -0.418461 -0.576160 0.109726 -0.059846 -0.441831 -0.085958 -0.084373 -0.557378 -0.109167 -0.138714 -0.657081 -0.126758 
0.000000 0.000000 0.000000 -0.048343 0.056678 0.008627 -0.382929 -0.207131 -0.041867 -0.256718 -0.262391 -0.037204 -0.149572 -0.275192 -0.030723 -0.057680 -0.272873 -0.024181 -0.151132 -0.079012 0.271056 -0.215451 -0.163918 0.435267 -0.206909 -0.318880 0.436167 -0.556561 -0.245859 0.098746 -0.661500 -0.269266 0.183729 -0.688535 -0.273473 0.297063 -0.434665 -0.370769 0.077092 -0.555694 -0.444481 0.154829 -0.560060 -0.432051 0.290718 -0.309324 -0.401822 0.025473 -0.423875 -0.492624 0.065768 -0.477283 -0.502005 0.189573 -0.112170 -0.438522 -0.037503 -0.149677 -0.552541 -0.046674 -0.215117 -0.646918 -0.050374 
0.000000 0.000000 0.000000 -0.040868 0.061931 0.010874 -0.405637 -0.163508 -0.003743 -0.286371 -0.232524 -0.007864 -0.181136 -0.257174 -0.009885 -0.089329 -0.265084 -0.011041 -0.148101 -0.045355 0.284438 -0.215199 -0.112488 0.455616 -0.226622 -0.266763 0.468092 -0.579439 -0.175721 0.141391 -0.684480 -0.183101 0.229106 -0.707203 -0.176126 0.343247 -0.469486 -0.312214 0.120949 -0.594029 -0.366415 0.208560 -0.591573 -0.344166 0.343239 -0.349546 -0.362313 0.062897 -0.470307 -0.437705 0.115087 -0.519167 -0.433286 0.241028 -0.163401 -0.423358 -0.004036 -0.214386 -0.532301 0.000786 -0.290009 -0.618475 0.008416 
0.000000 0.000000 0.000000 -0.036018 0.065385 0.007168 -0.416451 -0.132896 0.014072 -0.302635 -0.210673 0.012897 -0.199538 -0.243127 0.010943 -0.108595 -0.257874 0.008895 -0.144306 -0.010023 0.290776 -0.212067 -0.057209 0.468240 -0.237762 -0.208338 0.492460 -0.585244 -0.119232 0.164877 -0.687258 -0.110974 0.256020 -0.707488 -0.094120 0.369597 -0.487515 -0.266935 0.151202 -0.613259 -0.305201 0.245269 -0.607025 -0.273949 0.378024 -0.374206 -0.325200 0.097365 -0.499454 -0.384052 0.159336 -0.544865 -0.367053 0.285498 -0.192473 -0.410356 0.026213 -0.250209 -0.515312 0.038133 -0.331109 -0.595330 0.054120 
0.000000 0.000000 0.000000 -0.034511 0.066371 0.005271 -0.419113 -0.123085 0.022022 -0.307042 -0.203362 0.022504 -0.204702 -0.238142 0.020776 -0.114125 -0.254962 0.018461 -0.138126 0.000565 0.292986 -0.202960 -0.040612 0.473020 -0.232645 -0.190038 0.502644 -0.586424 -0.101606 0.173566 -0.687542 -0.088625 0.265156 -0.707337 -0.067466 0.378088 -0.491356 -0.251533 0.164567 -0.616716 -0.284297 0.261191 -0.609468 -0.248867 0.392840 -0.379745 -0.315368 0.110829 -0.505262 -0.370744 0.175403 -0.549096 -0.348832 0.301366 -0.200056 -0.405025 0.044602 -0.259204 -0.508316 0.062596 -0.342131 -0.585104 0.083328 
0.000000 0.000000 0.000000 -0.036396 0.065480 0.003397 -0.415913 -0.134177 0.017418 -0.301717 -0.211303 0.021340 -0.198451 -0.243269 0.022001 -0.107422 -0.257620 0.021527 -0.143818 0.001624 0.290153 -0.211035 -0.038332 0.469587 -0.237609 -0.188301 0.499422 -0.584312 -0.110413 0.167408 -0.686089 -0.096051 0.258058 -0.707138 -0.074948 0.370773 -0.488093 -0.258684 0.160957 -0.614856 -0.290911 0.255918 -0.609095 -0.254838 0.387466 -0.373865 -0.321840 0.110149 -0.499648 -0.378180 0.173356 -0.545032 -0.356689 0.298841 -0.194983 -0.407286 0.044318 -0.255253 -0.510304 0.060006 -0.337177 -0.588236 0.080458 
0.000000 0.000000 0.000000 -0.041612 0.062371 0.001472 -0.404171 -0.167015 0.006504 -0.284342 -0.234662 0.014848 -0.178919 -0.258209 0.019035 -0.087063 -0.265196 0.021497 -0.148526 -0.009839 0.286430 -0.215426 -0.055024 0.464739 -0.230033 -0.206807 0.493642 -0.575971 -0.159266 0.154304 -0.679803 -0.154583 0.243629 -0.704701 -0.136457 0.356078 -0.466812 -0.301452 0.151663 -0.590917 -0.346878 0.244717 -0.590777 -0.311794 0.376658 -0.350060 -0.350512 0.102130 -0.472779 -0.416698 0.161714 -0.522148 -0.399836 0.286399 -0.161293 -0.422381 0.040709 -0.212387 -0.530574 0.053933 -0.288064 -0.614979 0.072696 
0.000000 0.000000 0.000000 -0.046817 0.058572 0.001149 -0.388444 -0.200925 -0.005566 -0.263503 -0.258221 0.004997 -0.156583 -0.272754 0.011553 -0.064552 -0.271920 0.016237 -0.152880 -0.030011 0.281773 -0.219248 -0.085441 0.457370 -0.219592 -0.238192 0.484828 -0.562911 -0.216019 0.138494 -0.668354 -0.225141 0.225561 -0.697705 -0.211582 0.337578 -0.441432 -0.345464 0.136162 -0.562449 -0.404801 0.225373 -0.568963 -0.372285 0.357810 -0.318312 -0.385292 0.088318 -0.434281 -0.465989 0.143362 -0.488751 -0.456549 0.266699 -0.125642 -0.434878 0.033526 -0.167692 -0.547045 0.045427 -0.235557 -0.638523 0.060570 
0.000000 0.000000 0.000000 -0.052267 0.053691 -0.003059 -0.366200 -0.238254 -0.020553 -0.237084 -0.282711 -0.001654 -0.129797 -0.286491 0.011041 -0.038688 -0.276494 0.020624 -0.153815 -0.043797 0.276281 -0.217357 -0.104799 0.451073 -0.203846 -0.256674 0.480025 -0.541455 -0.270064 0.119783 -0.647374 -0.289289 0.204598 -0.680898 -0.279269 0.315814 -0.409519 -0.387756 0.123670 -0.526799 -0.459202 0.208909 -0.540906 -0.428238 0.341127 -0.284103 -0.412697 0.081578 -0.394750 -0.503194 0.132157 -0.453827 -0.499826 0.253675 -0.084071 -0.445016 0.031892 -0.115308 -0.561013 0.039649 -0.173580 -0.659362 0.051272 
0.000000 0.000000 0.000000 -0.057176 0.047618 -0.009341 -0.337129 -0.276659 -0.033085 -0.205827 -0.306206 -0.003227 -0.099934 -0.297950 0.016886 -0.011289 -0.277873 0.032096 -0.163690 -0.053763 0.266744 -0.230339 -0.117201 0.439500 -0.201814 -0.265484 0.475353 -0.514275 -0.325573 0.099755 -0.621338 -0.355135 0.180040 -0.661166 -0.346705 0.289291 -0.371847 -0.426806 0.116637 -0.484763 -0.508831 0.198162 -0.509143 -0.477147 0.328704 -0.243067 -0.439415 0.081805 -0.345702 -0.540854 0.128356 -0.411148 -0.542932 0.246595 -0.042032 -0.449558 0.044965 -0.063193 -0.567731 0.053823 -0.110194 -0.671933 0.065485 
0.000000 0.000000 0.000000 -0.061104 0.039400 -0.018380 -0.298139 -0.317668 -0.038611 -0.167840 -0.328544 0.005077 -0.066071 -0.305861 0.033617 0.017763 -0.273965 0.054760 -0.171239 -0.057024 0.258060 -0.240155 -0.117360 0.431038 -0.197345 -0.258578 0.479118 -0.474239 -0.383960 0.087936 -0.580669 -0.424025 0.164418 -0.628045 -0.415934 0.270640 -0.325273 -0.464646 0.119820 -0.432349 -0.557214 0.197860 -0.469940 -0.523202 0.324626 -0.196552 -0.459822 0.096738 -0.290115 -0.570222 0.142000 -0.362525 -0.575273 0.256014 0.004313 -0.447302 0.073730 -0.004945 -0.566612 0.086788 -0.039027 -0.675151 0.102942 
0.000000 0.000000 0.000000 -0.062037 0.029920 -0.029668 -0.255500 -0.352962 -0.037786 -0.131505 -0.344047 0.021799 -0.037227 -0.306815 0.059370 0.039347 -0.263320 0.086517 -0.187121 -0.056658 0.243654 -0.265391 -0.110832 0.414681 -0.212517 -0.240475 0.481642 -0.432021 -0.432945 0.079956 -0.538705 -0.481284 0.151117 -0.595361 -0.471333 0.252528 -0.283144 -0.489042 0.133409 -0.386279 -0.587659 0.209319 -0.439402 -0.550425 0.329448 -0.153397 -0.470898 0.124907 -0.236699 -0.588555 0.171902 -0.316985 -0.594943 0.280444 0.041873 -0.434856 0.120508 0.043612 -0.552928 0.143904 0.022871 -0.663077 0.169204 
0.000000 0.000000 0.000000 -0.060348 0.020320 -0.039612 -0.215885 -0.379374 -0.027558 -0.101519 -0.351942 0.044362 -0.016362 -0.301700 0.088066 0.052021 -0.248103 0.118784 -0.199517 -0.053975 0.230496 -0.286599 -0.100465 0.399512 -0.231295 -0.217683 0.484883 -0.393605 -0.468212 0.081729 -0.501013 -0.521903 0.147780 -0.566426 -0.510010 0.243555 -0.248720 -0.498742 0.159497 -0.348837 -0.598586 0.237806 -0.416912 -0.558697 0.349224 -0.123970 -0.469564 0.158463 -0.201132 -0.589933 0.208942 -0.288975 -0.597388 0.311393 0.062088 -0.413864 0.173632 0.069017 -0.527961 0.211385 0.060729 -0.636672 0.247664 
0.000000 0.000000 0.000000 -0.057722 0.011971 -0.046354 -0.187545 -0.395058 -0.006784 -0.082133 -0.352584 0.071248 -0.004684 -0.292297 0.116561 0.057046 -0.231149 0.147265 -0.211759 -0.046765 0.219482 -0.308146 -0.083518 0.385826 -0.254968 -0.185887 0.489650 -0.363062 -0.492069 0.099061 -0.469139 -0.550699 0.163030 -0.541512 -0.535807 0.253217 -0.226146 -0.501494 0.187696 -0.324095 -0.602774 0.266898 -0.403412 -0.562512 0.370470 -0.104552 -0.459589 0.198743 -0.176164 -0.579547 0.257672 -0.269670 -0.587011 0.354979 0.073033 -0.388115 0.222712 0.084038 -0.496158 0.274644 0.086712 -0.600425 0.322857 
0.000000 0.000000 0.000000 -0.053451 0.004377 -0.052418 -0.161973 -0.406171 0.008948 -0.067555 -0.350690 0.092683 0.001270 -0.281943 0.139831 0.055881 -0.214544 0.170937 -0.222569 -0.044983 0.206056 -0.328392 -0.075870 0.367792 -0.281004 -0.165222 0.485510 -0.337513 -0.507014 0.111108 -0.443604 -0.567961 0.172851 -0.521131 -0.550680 0.258198 -0.209990 -0.498857 0.211986 -0.306866 -0.599630 0.293129 -0.395463 -0.560772 0.389462 -0.096032 -0.447792 0.227808 -0.165804 -0.566717 0.290893 -0.263603 -0.575987 0.383724 0.069530 -0.360401 0.266464 0.078925 -0.460798 0.332218 0.090581 -0.558649 0.391314 
0.000000 0.000000 0.000000 -0.049912 -0.002495 -0.055915 -0.141198 -0.412874 0.029809 -0.055664 -0.346176 0.114896 0.006182 -0.270393 0.160921 0.055024 -0.197930 0.190177 -0.233080 -0.042579 0.194463 -0.347695 -0.067660 0.351133 -0.307702 -0.144505 0.479905 -0.316858 -0.518088 0.127244 -0.423022 -0.581677 0.186132 -0.505555 -0.562544 0.266228 -0.198165 -0.492194 0.236742 -0.295085 -0.591508 0.319615 -0.392121 -0.553667 0.407884 -0.089908 -0.430706 0.259816 -0.158811 -0.545660 0.330730 -0.260798 -0.556764 0.418726 0.069049 -0.331204 0.302550 0.078703 -0.422938 0.379898 0.097004 -0.513882 0.447704 
0.000000 0.000000 0.000000 -0.046055 -0.008717 -0.058539 -0.125404 -0.415879 0.051074 -0.048402 -0.339491 0.136163 0.007117 -0.257884 0.180254 0.050894 -0.181362 0.207096 -0.237218 -0.041118 0.186926 -0.356836 -0.061392 0.340522 -0.322962 -0.126364 0.477336 -0.298767 -0.523989 0.149448 -0.403544 -0.589328 0.208902 -0.488664 -0.568268 0.285742 -0.186910 -0.485585 0.262443 -0.281114 -0.584951 0.348331 -0.382592 -0.548366 0.432015 -0.087631 -0.416000 0.283868 -0.155571 -0.529379 0.358165 -0.259107 -0.541262 0.444230 0.063068 -0.304283 0.330904 0.071448 -0.388892 0.416124 0.094332 -0.472316 0.491754 
0.000000 0.000000 0.000000 -0.044158 -0.013080 -0.059185 -0.114172 -0.416540 0.068919 -0.041855 -0.333604 0.151965 0.009959 -0.248188 0.193261 0.050663 -0.169080 0.217293 -0.243462 -0.043876 0.179930 -0.368174 -0.063147 0.329552 -0.341992 -0.118874 0.472015 -0.286053 -0.529523 0.164375 -0.389932 -0.597808 0.222066 -0.477783 -0.576025 0.295558 -0.181780 -0.479227 0.277223 -0.276948 -0.578271 0.362417 -0.383158 -0.544046 0.441077 -0.085302 -0.402780 0.301614 -0.153610 -0.513632 0.379309 -0.258826 -0.528002 0.462922 0.056346 -0.284015 0.348990 0.060259 -0.363127 0.439639 0.084430 -0.440449 0.521126 
0.000000 0.000000 0.000000 -0.040569 -0.018647 -0.060252 -0.099659 -0.416340 0.089551 -0.035143 -0.325309 0.170518 0.010882 -0.235273 0.208745 0.046946 -0.153082 0.229637 -0.246072 -0.045964 0.173988 -0.374663 -0.063057 0.320561 -0.354187 -0.109036 0.467372 -0.270426 -0.531739 0.184111 -0.373634 -0.601484 0.241261 -0.464151 -0.578223 0.310964 -0.171925 -0.469335 0.300984 -0.264956 -0.567294 0.389720 -0.374535 -0.534265 0.464157 -0.082885 -0.386130 0.323478 -0.150122 -0.494304 0.405748 -0.256352 -0.510773 0.487675 0.053851 -0.256866 0.370234 0.058604 -0.328303 0.467009 0.084114 -0.398187 0.554580 
0.000000 0.000000 0.000000 -0.037999 -0.023069 -0.060397 -0.090853 -0.413701 0.109030 -0.031655 -0.316554 0.186893 0.010523 -0.223255 0.221569 0.043547 -0.139017 0.239059 -0.249812 -0.044229 0.168805 -0.382351 -0.057469 0.312225 -0.370730 -0.091957 0.463096 -0.258651 -0.529492 0.208309 -0.360064 -0.599472 0.268311 -0.451878 -0.574642 0.335741 -0.169592 -0.456073 0.320992 -0.263408 -0.550965 0.412198 -0.375410 -0.519830 0.483789 -0.083273 -0.367755 0.344190 -0.150530 -0.471370 0.432117 -0.256381 -0.490022 0.514066 0.046047 -0.232039 0.387136 0.047767 -0.296067 0.489061 0.069988 -0.358161 0.583156 
0.000000 0.000000 0.000000 -0.037760 -0.026394 -0.059173 -0.083006 -0.410046 0.127524 -0.025338 -0.308507 0.200795 0.015248 -0.213025 0.231159 0.046794 -0.127517 0.244787 -0.253035 -0.049444 0.166596 -0.387740 -0.063868 0.307867 -0.383867 -0.089430 0.460898 -0.243475 -0.533766 0.229322 -0.340459 -0.608539 0.290847 -0.433544 -0.583133 0.356291 -0.159484 -0.448674 0.338027 -0.250722 -0.544007 0.431364 -0.365475 -0.515958 0.499805 -0.074721 -0.355426 0.358990 -0.139234 -0.457537 0.450654 -0.244160 -0.480005 0.532836 0.042148 -0.206894 0.400557 0.038949 -0.261530 0.507776 0.056462 -0.316375 0.607216 
0.000000 0.000000 0.000000 -0.033156 -0.031560 -0.059401 -0.064854 -0.407569 0.144815 -0.016988 -0.299176 0.215273 0.016332 -0.199993 0.242450 0.042057 -0.112138 0.253036 -0.252994 -0.050616 0.162307 -0.390554 -0.062540 0.301037 -0.392123 -0.079719 0.455275 -0.224650 -0.531975 0.246838 -0.321227 -0.607162 0.308497 -0.416173 -0.581815 0.371233 -0.148572 -0.437718 0.356575 -0.238068 -0.531946 0.452680 -0.355193 -0.507005 0.518247 -0.071765 -0.336767 0.377527 -0.134936 -0.434842 0.474385 -0.238973 -0.460170 0.556864 0.033253 -0.182362 0.412965 0.027194 -0.230700 0.523047 0.042411 -0.279009 0.626187 
0.000000 0.000000 0.000000 -0.029812 -0.034901 -0.059305 -0.049610 -0.405727 0.155610 -0.009116 -0.293071 0.223972 0.018593 -0.191614 0.248967 0.039760 -0.102332 0.257524 -0.255378 -0.059976 0.155957 -0.396523 -0.075666 0.290653 -0.403586 -0.087661 0.445227 -0.203965 -0.533469 0.261802 -0.297253 -0.610673 0.325982 -0.393782 -0.587443 0.387102 -0.140285 -0.430195 0.367032 -0.229499 -0.523458 0.464333 -0.348364 -0.501188 0.527692 -0.066261 -0.328749 0.385742 -0.127107 -0.427083 0.483818 -0.230759 -0.454854 0.565995 0.032723 -0.166795 0.419947 0.027880 -0.211165 0.531746 0.042636 -0.254167 0.637274 
0.000000 0.000000 0.000000 -0.028424 -0.037300 -0.058521 -0.036077 -0.403402 0.165093 0.000324 -0.287833 0.230845 0.024458 -0.184920 0.253481 0.042518 -0.094785 0.259960 -0.251252 -0.063810 0.159404 -0.390683 -0.080398 0.295768 -0.399331 -0.088298 0.450524 -0.187618 -0.531910 0.274368 -0.279205 -0.609576 0.340411 -0.376679 -0.588049 0.400650 -0.127013 -0.425812 0.376521 -0.213619 -0.519657 0.475602 -0.333460 -0.500689 0.538195 -0.059406 -0.316493 0.396202 -0.119541 -0.410839 0.498541 -0.222290 -0.439990 0.581371 0.039245 -0.154611 0.424266 0.036991 -0.195791 0.537360 0.052816 -0.234967 0.644215 
0.000000 0.000000 0.000000 -0.025366 -0.039572 -0.058434 -0.021701 -0.401661 0.171721 0.007947 -0.283423 0.236105 0.026905 -0.179139 0.257355 0.040742 -0.088178 0.262556 -0.249889 -0.072667 0.156835 -0.390381 -0.093376 0.291536 -0.400833 -0.098975 0.446281 -0.169116 -0.534230 0.281786 -0.258210 -0.614352 0.348306 -0.356853 -0.595519 0.407534 -0.113747 -0.425325 0.382832 -0.196516 -0.521837 0.482628 -0.317399 -0.506742 0.544261 -0.049527 -0.318062 0.397256 -0.104334 -0.417678 0.497573 -0.206030 -0.450817 0.580204 0.038366 -0.141523 0.429094 0.036731 -0.178241 0.543726 0.053030 -0.214576 0.651509 
0.000000 0.000000 0.000000 -0.020033 -0.042296 -0.058597 -0.000190 -0.399160 0.178777 0.018267 -0.278004 0.241904 0.028856 -0.172276 0.261791 0.035957 -0.080479 0.265709 -0.245225 -0.077656 0.155610 -0.386136 -0.099781 0.289646 -0.398171 -0.102455 0.444355 -0.144321 -0.534469 0.289854 -0.231430 -0.616245 0.356985 -0.330609 -0.600105 0.416113 -0.095359 -0.423254 0.391791 -0.172641 -0.522044 0.493735 -0.293970 -0.510554 0.555271 -0.042425 -0.307349 0.408037 -0.093537 -0.404206 0.512905 -0.194341 -0.438399 0.596196 0.038532 -0.134514 0.432022 0.040304 -0.171706 0.546498 0.057757 -0.205083 0.655055 
0.000000 0.000000 0.000000 -0.018373 -0.043809 -0.058027 0.015631 -0.396508 0.183922 0.029318 -0.273911 0.245460 0.035735 -0.167598 0.263970 0.039211 -0.075550 0.266694 -0.243037 -0.088754 0.154934 -0.383617 -0.116878 0.288191 -0.396230 -0.118772 0.442866 -0.123858 -0.537087 0.294379 -0.208160 -0.622049 0.361136 -0.307973 -0.609554 0.420081 -0.083429 -0.418788 0.396368 -0.160112 -0.517325 0.499006 -0.281748 -0.510017 0.560575 -0.031576 -0.305768 0.409200 -0.079842 -0.404845 0.513340 -0.178403 -0.443178 0.597509 0.039036 -0.130321 0.432785 0.038915 -0.168022 0.547109 0.057529 -0.199008 0.656181 
0.000000 0.000000 0.000000 -0.018570 -0.044838 -0.057172 0.027030 -0.393952 0.188046 0.039398 -0.270399 0.247930 0.044022 -0.163772 0.265117 0.045698 -0.071647 0.266739 -0.239145 -0.100297 0.157576 -0.377167 -0.135000 0.291952 -0.391547 -0.136878 0.446473 -0.103408 -0.541501 0.300454 -0.182241 -0.630675 0.368391 -0.282606 -0.621822 0.427056 -0.064561 -0.424154 0.396343 -0.135268 -0.528729 0.497285 -0.257093 -0.527629 0.558902 -0.014331 -0.310471 0.405787 -0.056174 -0.415663 0.506656 -0.151494 -0.460377 0.591408 0.048936 -0.124856 0.433306 0.051164 -0.161480 0.547957 0.071175 -0.191070 0.657169 