84
0.000000 0.000000 0.000000 -0.001097 -0.027459 -0.069776 0.193983 -0.386313 0.066507 0.157322 -0.296125 0.153938 0.120625 -0.213425 0.197347 0.091663 -0.150586 0.217469 -0.100968 -0.305210 0.033794 -0.163461 -0.479008 0.098601 -0.207043 -0.613496 0.162635 0.179373 -0.564212 0.206359 0.170542 -0.671729 0.290882 0.078486 -0.717459 0.345905 0.104866 -0.478676 0.296759 0.069189 -0.602836 0.393898 -0.038843 -0.659174 0.455498 0.062354 -0.348861 0.348923 0.020571 -0.445976 0.457613 -0.072773 -0.523072 0.517707 0.018915 -0.243250 0.346726 -0.031159 -0.307033 0.435696 -0.112719 -0.365406 0.491764 
0.000000 0.000000 0.000000 -0.001109 -0.027133 -0.069903 0.193448 -0.386876 0.064771 0.156876 -0.297048 0.152610 0.120273 -0.214502 0.196391 0.091388 -0.151720 0.216796 -0.101087 -0.305298 0.032441 -0.163647 -0.479356 0.096481 -0.207227 -0.614132 0.159909 0.179596 -0.565300 0.204031 0.171224 -0.673134 0.288195 0.079020 -0.718822 0.343005 0.105456 -0.479859 0.295475 0.070482 -0.604196 0.392643 -0.037655 -0.660552 0.454041 0.062075 -0.350028 0.347915 0.020343 -0.447208 0.456567 -0.073224 -0.524383 0.516210 0.016253 -0.243312 0.345450 -0.035464 -0.306357 0.434005 -0.117343 -0.364860 0.489470 
0.000000 0.000000 0.000000 -0.001391 -0.027005 -0.069948 0.192520 -0.387545 0.063522 0.156463 -0.297769 0.151626 0.120227 -0.215196 0.195659 0.091583 -0.152366 0.216260 -0.102381 -0.304993 0.031885 -0.165573 -0.478940 0.095606 -0.209521 -0.613612 0.159000 0.177585 -0.566379 0.202143 0.168559 -0.674461 0.285921 0.076214 -0.719901 0.340701 0.103571 -0.480807 0.293660 0.067596 -0.605299 0.390263 -0.040772 -0.661297 0.451581 0.062602 -0.351466 0.346734 0.021282 -0.449181 0.455063 -0.072501 -0.525953 0.514886 0.016892 -0.243623 0.345410 -0.034518 -0.306437 0.434307 -0.116578 -0.364516 0.489950 
0.000000 0.000000 0.000000 -0.001838 -0.026845 -0.069999 0.190256 -0.388916 0.061945 0.155124 -0.299098 0.150380 0.119593 -0.216388 0.194730 0.091436 -0.153420 0.215576 -0.104160 -0.304532 0.031324 -0.168187 -0.478290 0.094726 -0.212599 -0.612737 0.158275 0.175883 -0.568380 0.199808 0.167197 -0.676844 0.283128 0.074842 -0.721775 0.338308 0.101820 -0.482487 0.291807 0.065566 -0.607217 0.387998 -0.042928 -0.662709 0.449554 0.060306 -0.352447 0.345352 0.017794 -0.450010 0.453357 -0.076378 -0.526306 0.513176 0.016830 -0.245358 0.344291 -0.034523 -0.308642 0.432888 -0.116724 -0.366398 0.488658 
0.000000 0.000000 0.000000 -0.003660 -0.026921 -0.069898 0.184757 -0.392016 0.058979 0.152895 -0.301469 0.147907 0.119654 -0.218093 0.192782 0.092988 -0.154618 0.214050 -0.108073 -0.304467 0.029664 -0.173408 -0.478137 0.091963 -0.218575 -0.612538 0.155076 0.171564 -0.572232 0.195976 0.163592 -0.681150 0.278774 0.071197 -0.725376 0.334455 0.099383 -0.485027 0.289037 0.062988 -0.609872 0.385024 -0.045634 -0.664445 0.447173 0.060574 -0.355537 0.342222 0.018210 -0.454093 0.449380 -0.076199 -0.529771 0.509612 0.016859 -0.246871 0.341644 -0.035543 -0.310370 0.429469 -0.118045 -0.367618 0.485317 
0.000000 0.000000 0.000000 -0.003557 -0.025719 -0.070355 0.182152 -0.394076 0.053057 0.150501 -0.304844 0.143378 0.117595 -0.222031 0.189526 0.091233 -0.158761 0.211760 -0.111970 -0.301871 0.028808 -0.179807 -0.474669 0.090857 -0.225662 -0.609174 0.153247 0.165629 -0.574540 0.189365 0.155643 -0.683608 0.271746 0.062959 -0.726965 0.327629 0.096724 -0.488518 0.284254 0.060148 -0.613442 0.380071 -0.048532 -0.667239 0.442792 0.058058 -0.359138 0.339094 0.015367 -0.457452 0.446344 -0.079554 -0.532504 0.506556 0.015302 -0.251301 0.339264 -0.036963 -0.314998 0.427027 -0.119838 -0.371766 0.482814 
0.000000 0.000000 0.000000 -0.005738 -0.025579 -0.070262 0.175845 -0.397519 0.048454 0.148081 -0.307788 0.139556 0.117876 -0.224410 0.186526 0.093265 -0.160672 0.209421 -0.115519 -0.301524 0.027967 -0.184213 -0.474192 0.089432 -0.230684 -0.608539 0.151707 0.159183 -0.579033 0.183342 0.149113 -0.688736 0.264865 0.056173 -0.730952 0.321195 0.093682 -0.492243 0.279169 0.056683 -0.617698 0.374125 -0.052361 -0.670062 0.437423 0.058752 -0.362969 0.334915 0.016357 -0.462324 0.441320 -0.078923 -0.536554 0.501981 0.017442 -0.253566 0.336731 -0.034748 -0.317506 0.424362 -0.117745 -0.373601 0.480646 
0.000000 0.000000 0.000000 -0.005444 -0.024484 -0.070674 0.174084 -0.398880 0.043354 0.146151 -0.310441 0.135660 0.115998 -0.227672 0.183728 0.091500 -0.164196 0.207457 -0.118696 -0.299150 0.027199 -0.189563 -0.471017 0.088441 -0.236537 -0.605412 0.150234 0.156268 -0.581303 0.176863 0.145499 -0.691554 0.257552 0.052413 -0.732709 0.314423 0.089765 -0.495005 0.274337 0.051415 -0.620535 0.368656 -0.058207 -0.671436 0.432149 0.056378 -0.366379 0.331780 0.013626 -0.465841 0.437943 -0.081898 -0.539550 0.498854 0.016728 -0.256320 0.335943 -0.034740 -0.319730 0.424382 -0.117826 -0.375459 0.480898 
0.000000 0.000000 0.000000 -0.007588 -0.024561 -0.070449 0.168468 -0.401614 0.040184 0.144286 -0.312500 0.132900 0.116702 -0.229126 0.181461 0.093851 -0.165195 0.205606 -0.122161 -0.298862 0.026906 -0.193853 -0.470502 0.087825 -0.240893 -0.604839 0.149694 0.150572 -0.584690 0.172785 0.139755 -0.695337 0.252925 0.046573 -0.735395 0.310419 0.087822 -0.498139 0.270102 0.049418 -0.624399 0.363419 -0.060618 -0.673503 0.427608 0.057980 -0.368566 0.329183 0.015872 -0.468553 0.435109 -0.079640 -0.541620 0.496809 0.019333 -0.258919 0.333079 -0.031958 -0.323431 0.420821 -0.114934 -0.378653 0.477993 
0.000000 0.000000 0.000000 -0.008704 -0.024071 -0.070489 0.165946 -0.403101 0.035522 0.143665 -0.314380 0.129086 0.117356 -0.231101 0.178511 0.095309 -0.167150 0.203343 -0.124369 -0.297849 0.027048 -0.196745 -0.469161 0.088081 -0.243115 -0.603760 0.149885 0.148087 -0.587469 0.166327 0.137294 -0.698895 0.245381 0.044187 -0.737865 0.303738 0.085759 -0.499455 0.266448 0.046375 -0.625333 0.359873 -0.063813 -0.672913 0.424943 0.057087 -0.370027 0.326095 0.013870 -0.469645 0.431922 -0.081497 -0.542349 0.494270 0.019943 -0.260482 0.330604 -0.031933 -0.324724 0.418200 -0.114687 -0.379903 0.475733 
0.000000 0.000000 0.000000 -0.010479 -0.023908 -0.070303 0.160776 -0.405479 0.032071 0.141685 -0.316489 0.126085 0.117593 -0.232862 0.176049 0.096984 -0.168610 0.201335 -0.128461 -0.295764 0.029801 -0.202286 -0.465874 0.092440 -0.247780 -0.600378 0.155097 0.144546 -0.590589 0.162036 0.134737 -0.702464 0.240584 0.042122 -0.739356 0.301036 0.085856 -0.502982 0.262386 0.047884 -0.629823 0.355090 -0.062322 -0.675214 0.421676 0.059561 -0.372608 0.323754 0.017948 -0.472816 0.429668 -0.077029 -0.544510 0.493756 0.026113 -0.262055 0.331073 -0.022668 -0.326375 0.420373 -0.104696 -0.380852 0.479592 
0.000000 0.000000 0.000000 -0.012526 -0.024449 -0.069780 0.151038 -0.409071 0.033745 0.136151 -0.318531 0.127036 0.115225 -0.233737 0.176456 0.096779 -0.168687 0.201369 -0.135424 -0.291825 0.036296 -0.212326 -0.459132 0.102671 -0.258234 -0.592657 0.167095 0.130810 -0.592876 0.164995 0.118585 -0.703963 0.244319 0.025805 -0.736713 0.306868 0.078515 -0.502878 0.265487 0.039314 -0.628259 0.359653 -0.071414 -0.669316 0.428159 0.057244 -0.371885 0.325677 0.015668 -0.470945 0.432678 -0.079682 -0.539780 0.499299 0.023664 -0.257943 0.332799 -0.026663 -0.319380 0.423264 -0.108950 -0.371475 0.484240 
0.000000 0.000000 0.000000 -0.016961 -0.027547 -0.067656 0.133464 -0.413513 0.049848 0.127243 -0.317445 0.138474 0.112633 -0.229186 0.183940 0.098418 -0.162064 0.205962 -0.144837 -0.287626 0.050041 -0.224853 -0.450367 0.123689 -0.272987 -0.579910 0.194319 0.110752 -0.592335 0.187423 0.097026 -0.700411 0.270569 0.004099 -0.726125 0.336117 0.066224 -0.496111 0.282799 0.024723 -0.617629 0.380959 -0.086592 -0.651374 0.452440 0.051718 -0.361145 0.337529 0.008037 -0.455769 0.447662 -0.087989 -0.518803 0.518891 0.022544 -0.246866 0.338771 -0.029681 -0.305237 0.430185 -0.112035 -0.352892 0.494605 
0.000000 0.000000 0.000000 -0.016772 -0.032067 -0.065683 0.123496 -0.411525 0.081767 0.118388 -0.309097 0.163035 0.105234 -0.217441 0.201721 0.092275 -0.148592 0.218579 -0.151516 -0.277306 0.074132 -0.235830 -0.430760 0.161619 -0.287171 -0.552653 0.242818 0.094020 -0.578127 0.232749 0.076206 -0.678816 0.323998 -0.017205 -0.695233 0.391806 0.052173 -0.473550 0.321292 0.007137 -0.585401 0.428929 -0.104737 -0.609550 0.503363 0.041879 -0.332331 0.367553 -0.003551 -0.414713 0.486465 -0.100976 -0.468625 0.563080 0.017012 -0.215896 0.361379 -0.034792 -0.262223 0.459672 -0.117323 -0.302099 0.528967 
0.000000 0.000000 0.000000 -0.021980 -0.038582 -0.060433 0.105889 -0.405485 0.125139 0.110608 -0.294026 0.193526 0.104422 -0.197817 0.221383 0.096045 -0.126813 0.230359 -0.160226 -0.264773 0.105614 -0.246730 -0.406309 0.209517 -0.302165 -0.516082 0.304194 0.076136 -0.555301 0.292739 0.058155 -0.645847 0.394032 -0.034581 -0.650518 0.464541 0.040218 -0.436903 0.369894 -0.007657 -0.534079 0.489850 -0.119058 -0.545026 0.568011 0.036455 -0.292490 0.397824 -0.012281 -0.360376 0.524343 -0.110643 -0.401370 0.607483 0.013010 -0.178632 0.375294 -0.044145 -0.214300 0.475056 -0.126293 -0.243352 0.549960 
0.000000 0.000000 0.000000 -0.023951 -0.043996 -0.055809 0.095770 -0.393235 0.165785 0.104710 -0.275438 0.222052 0.101731 -0.176702 0.239736 0.095559 -0.104926 0.241310 -0.162949 -0.245920 0.138491 -0.249926 -0.372271 0.260071 -0.309529 -0.467371 0.367264 0.067108 -0.523927 0.348865 0.049785 -0.602913 0.459514 -0.041008 -0.596408 0.532366 0.037192 -0.396029 0.415375 -0.008729 -0.478047 0.546862 -0.118175 -0.477234 0.628472 0.038825 -0.248809 0.428302 -0.006282 -0.300513 0.563516 -0.102597 -0.330028 0.653629 0.053929 -0.140510 0.407403 -0.030009 -0.158207 0.491857 -0.108553 -0.175426 0.573939 
0.000000 0.000000 0.000000 -0.023233 -0.048712 -0.052070 0.101681 -0.377081 0.196880 0.108771 -0.255009 0.243468 0.104265 -0.155227 0.253140 0.096989 -0.083660 0.248928 -0.160345 -0.231370 0.161665 -0.246141 -0.345666 0.295407 -0.305217 -0.429578 0.411836 0.069014 -0.488571 0.391618 0.049272 -0.555952 0.509312 -0.040667 -0.543560 0.582461 0.065298 -0.375350 0.443723 -0.004736 -0.430765 0.578442 -0.112933 -0.424170 0.661443 0.065153 -0.219711 0.450689 0.001282 -0.258806 0.582533 -0.092391 -0.281887 0.677194 0.059149 -0.099703 0.418919 -0.028042 -0.109438 0.501346 -0.103400 -0.119169 0.587541 
0.000000 0.000000 0.000000 -0.024249 -0.050954 -0.049392 0.104941 -0.368064 0.211675 0.113024 -0.244041 0.252601 0.108801 -0.143917 0.257869 0.101522 -0.072598 0.250587 -0.157588 -0.231332 0.168624 -0.241022 -0.344201 0.305044 -0.298492 -0.425495 0.424104 0.075672 -0.478304 0.407661 0.057983 -0.544931 0.526110 -0.032812 -0.532523 0.598189 0.049034 -0.347222 0.456888 0.005511 -0.417400 0.595832 -0.103612 -0.410400 0.677578 0.044956 -0.200953 0.451220 -0.000824 -0.241852 0.589864 -0.094965 -0.264070 0.684267 0.061130 -0.093193 0.419497 -0.026287 -0.100281 0.501955 -0.101613 -0.108419 0.588343 
0.000000 0.000000 0.000000 -0.022860 -0.050684 -0.050323 0.107216 -0.369107 0.208698 0.113001 -0.245487 0.251205 0.107302 -0.145503 0.257607 0.099123 -0.074209 0.251075 -0.155842 -0.235930 0.163793 -0.239054 -0.351845 0.297773 -0.295491 -0.435728 0.415524 0.079017 -0.477247 0.406007 0.061974 -0.542604 0.525255 -0.029219 -0.530714 0.596917 0.049012 -0.347007 0.456324 0.005490 -0.416054 0.595833 -0.104240 -0.409612 0.676809 0.044723 -0.199692 0.452186 -0.000151 -0.238548 0.591712 -0.094854 -0.260697 0.685567 0.053664 -0.091926 0.419021 -0.026792 -0.100555 0.508149 -0.102576 -0.108904 0.594115 
0.000000 0.000000 0.000000 -0.022957 -0.047573 -0.053232 0.102104 -0.381206 0.188539 0.108742 -0.260210 0.237914 0.103947 -0.160686 0.249843 0.096496 -0.089061 0.247240 -0.158918 -0.240142 0.152384 -0.243993 -0.360639 0.281045 -0.300577 -0.450094 0.394548 0.069453 -0.496349 0.381142 0.049719 -0.565938 0.497547 -0.042583 -0.556937 0.568204 0.040253 -0.369788 0.437354 -0.006329 -0.444317 0.573001 -0.117725 -0.441028 0.651865 0.058504 -0.226665 0.445535 -0.010734 -0.267719 0.574031 -0.107602 -0.293884 0.664586 0.041152 -0.110958 0.411690 -0.035079 -0.124669 0.503843 -0.112829 -0.137387 0.587487 
0.000000 0.000000 0.000000 -0.022361 -0.044444 -0.056112 0.099314 -0.391448 0.167916 0.105495 -0.273448 0.224130 0.100676 -0.174748 0.241606 0.093347 -0.103076 0.242967 -0.159763 -0.251015 0.134401 -0.245741 -0.380274 0.253612 -0.303389 -0.476855 0.360549 0.070376 -0.518987 0.353163 0.052887 -0.596068 0.465121 -0.040146 -0.591180 0.535223 0.036394 -0.393185 0.417424 -0.010605 -0.474624 0.548890 -0.123308 -0.474840 0.625944 0.032874 -0.247921 0.428052 -0.015745 -0.300392 0.561746 -0.114757 -0.330909 0.648540 0.040078 -0.140086 0.405383 -0.046051 -0.157223 0.487719 -0.126605 -0.174007 0.567923 
0.000000 0.000000 0.000000 -0.021211 -0.040358 -0.059542 0.100580 -0.401969 0.139981 0.104951 -0.288395 0.204819 0.099014 -0.191296 0.229452 0.091024 -0.119981 0.235988 -0.162044 -0.259667 0.113421 -0.250167 -0.396896 0.221650 -0.308674 -0.501291 0.320471 0.065472 -0.540228 0.316254 0.044254 -0.623787 0.422789 -0.049656 -0.624113 0.491883 0.031416 -0.418746 0.389415 -0.018598 -0.507402 0.514967 -0.132064 -0.512638 0.590712 0.025863 -0.275598 0.409051 -0.026591 -0.336049 0.537834 -0.127034 -0.371957 0.620839 0.031694 -0.167981 0.393348 -0.048869 -0.193908 0.478956 -0.131658 -0.216964 0.555229 
0.000000 0.000000 0.000000 -0.020050 -0.035984 -0.062666 0.103745 -0.410250 0.110553 0.106026 -0.301847 0.183805 0.098655 -0.206953 0.215602 0.089743 -0.136425 0.227388 -0.163124 -0.265737 0.094144 -0.252651 -0.409502 0.192266 -0.311231 -0.521114 0.282808 0.067643 -0.561230 0.275847 0.045824 -0.652478 0.375746 -0.048189 -0.658511 0.444436 0.029766 -0.445980 0.356676 -0.022101 -0.544011 0.474253 -0.135765 -0.555068 0.549070 0.026994 -0.308161 0.386877 -0.024392 -0.380734 0.509692 -0.124910 -0.423164 0.589465 0.031748 -0.197739 0.380566 -0.055140 -0.227961 0.458209 -0.139623 -0.256169 0.530803 
0.000000 0.000000 0.000000 -0.019700 -0.031786 -0.065004 0.107561 -0.415882 0.082237 0.108812 -0.312743 0.162754 0.100547 -0.220327 0.200979 0.090973 -0.150861 0.217569 -0.162488 -0.273129 0.073601 -0.251835 -0.424146 0.160331 -0.309264 -0.542483 0.242702 0.074476 -0.578365 0.236914 0.054480 -0.676565 0.330396 -0.039624 -0.688687 0.398151 0.035435 -0.471366 0.323779 -0.014471 -0.579251 0.433299 -0.127908 -0.597395 0.507070 0.028987 -0.331084 0.366284 -0.022326 -0.410505 0.484818 -0.122776 -0.459172 0.561036 0.021163 -0.219162 0.362647 -0.051787 -0.260633 0.448959 -0.136535 -0.294796 0.518629 
0.000000 0.000000 0.000000 -0.018934 -0.027959 -0.066960 0.112623 -0.418749 0.057061 0.112084 -0.320776 0.143797 0.102393 -0.231013 0.187603 0.091813 -0.162834 0.208391 -0.161336 -0.279043 0.053557 -0.250442 -0.436156 0.128969 -0.306389 -0.560460 0.203167 0.080186 -0.589789 0.202364 0.060582 -0.693161 0.290182 -0.034052 -0.710915 0.355926 0.039200 -0.488428 0.295636 -0.010371 -0.602456 0.398907 -0.124232 -0.626173 0.470409 0.028982 -0.354861 0.342478 -0.023659 -0.443667 0.453532 -0.124558 -0.498360 0.524921 0.003929 -0.238082 0.339541 -0.056563 -0.289877 0.429814 -0.142312 -0.329298 0.495359 
0.000000 0.000000 0.000000 -0.016600 -0.024244 -0.068997 0.121505 -0.418733 0.034496 0.116434 -0.326284 0.126961 0.103466 -0.239616 0.175856 0.090702 -0.173099 0.200452 -0.157208 -0.283261 0.035819 -0.245191 -0.445336 0.101405 -0.299419 -0.575285 0.166671 0.088970 -0.596600 0.171335 0.069308 -0.704098 0.254037 -0.025768 -0.727083 0.317483 0.041908 -0.501169 0.269564 -0.008781 -0.620115 0.366554 -0.123131 -0.649175 0.435248 0.030875 -0.368835 0.326676 -0.021177 -0.461493 0.434823 -0.122434 -0.520543 0.502116 0.002023 -0.253048 0.328242 -0.059017 -0.308079 0.416203 -0.145384 -0.352002 0.477966 
0.000000 0.000000 0.000000 -0.016087 -0.021898 -0.069897 0.127358 -0.417969 0.019303 0.120750 -0.329097 0.115117 0.106433 -0.244495 0.167154 0.092666 -0.179123 0.194162 -0.154439 -0.286242 0.024057 -0.241010 -0.451651 0.082848 -0.293388 -0.584720 0.143147 0.096997 -0.601489 0.148989 0.078648 -0.712404 0.227369 -0.016097 -0.738970 0.289905 0.048999 -0.511475 0.249522 0.000198 -0.635517 0.340936 -0.113747 -0.668668 0.408440 0.033897 -0.381942 0.310543 -0.018116 -0.480501 0.413362 -0.118943 -0.543539 0.477612 0.005025 -0.266204 0.317945 -0.055300 -0.326144 0.403147 -0.141181 -0.373840 0.462752 
0.000000 0.000000 0.000000 -0.016243 -0.019716 -0.070508 0.130739 -0.417340 0.004963 0.123882 -0.331724 0.103680 0.109144 -0.248997 0.158538 0.094990 -0.184662 0.187744 -0.152603 -0.288000 0.014791 -0.237928 -0.455875 0.068165 -0.289224 -0.591307 0.123965 0.102082 -0.604206 0.130184 0.084763 -0.717142 0.205864 -0.009539 -0.746353 0.267888 0.052947 -0.517902 0.233219 0.004700 -0.644529 0.321324 -0.108688 -0.680986 0.388058 0.038956 -0.390954 0.298664 -0.011374 -0.492746 0.399143 -0.111462 -0.558606 0.461697 0.009779 -0.275102 0.310814 -0.048872 -0.337354 0.395525 -0.134057 -0.387607 0.454017 
0.000000 0.000000 0.000000 -0.016676 -0.018363 -0.070771 0.132730 -0.416717 -0.004464 0.126208 -0.333151 0.096016 0.111491 -0.251624 0.152648 0.097253 -0.187963 0.183257 -0.151349 -0.288897 0.009982 -0.235618 -0.458179 0.060512 -0.285978 -0.595000 0.113718 0.106162 -0.606364 0.116978 0.090105 -0.720981 0.190375 -0.003516 -0.752060 0.252524 0.058328 -0.522481 0.222590 0.012160 -0.651252 0.308678 -0.100345 -0.689661 0.375810 0.042888 -0.396590 0.290460 -0.006305 -0.500539 0.389280 -0.105480 -0.568238 0.451321 0.012680 -0.281838 0.304174 -0.045533 -0.346455 0.387404 -0.130045 -0.398277 0.445502 
0.000000 0.000000 0.000000 -0.016960 -0.017655 -0.070884 0.133702 -0.416322 -0.009484 0.127447 -0.333839 0.091904 0.112799 -0.252950 0.149462 0.098551 -0.189651 0.180808 -0.150948 -0.288979 0.008344 -0.234789 -0.458755 0.057919 -0.284465 -0.596269 0.109969 0.107720 -0.606994 0.110472 0.092018 -0.722231 0.182970 -0.001230 -0.754460 0.245094 0.059831 -0.524527 0.216566 0.013842 -0.654221 0.301353 -0.098211 -0.694016 0.368433 0.045448 -0.397956 0.287848 -0.002847 -0.501935 0.387080 -0.101438 -0.570550 0.449046 0.015807 -0.285410 0.301513 -0.041148 -0.351323 0.384598 -0.124946 -0.404329 0.442661 
0.000000 0.000000 0.000000 -0.016264 -0.017132 -0.071175 0.136426 -0.415371 -0.012043 0.128812 -0.333830 0.090012 0.113175 -0.253549 0.148157 0.098267 -0.190621 0.179940 -0.149976 -0.288101 0.009713 -0.233645 -0.457656 0.060328 -0.282948 -0.595462 0.111959 0.111124 -0.606607 0.107158 0.095832 -0.722184 0.179200 0.003096 -0.754866 0.241850 0.062755 -0.523756 0.216658 0.017826 -0.652932 0.302795 -0.093554 -0.693046 0.370800 0.047221 -0.398709 0.287054 -0.000072 -0.502797 0.386652 -0.097937 -0.572000 0.449114 0.017040 -0.285055 0.302703 -0.038871 -0.350056 0.387203 -0.122118 -0.403386 0.445759 
0.000000 0.000000 0.000000 -0.018010 -0.018259 -0.070471 0.136569 -0.415403 -0.008933 0.131402 -0.332278 0.091991 0.117124 -0.251107 0.149243 0.102938 -0.187699 0.180399 -0.147298 -0.290120 0.014515 -0.228197 -0.460234 0.067693 -0.276348 -0.597936 0.120669 0.115619 -0.607211 0.110193 0.102957 -0.723135 0.182188 0.011366 -0.756206 0.246301 0.068462 -0.523669 0.218016 0.025653 -0.653842 0.303731 -0.084356 -0.695085 0.373274 0.053593 -0.397708 0.287755 0.008037 -0.502831 0.387076 -0.087971 -0.573044 0.451268 0.023458 -0.283968 0.302879 -0.031250 -0.350232 0.387185 -0.112785 -0.404540 0.447234 
0.000000 0.000000 0.000000 -0.018044 -0.020351 -0.069887 0.140459 -0.414195 0.002007 0.134803 -0.328387 0.100634 0.119928 -0.245815 0.155688 0.105235 -0.181713 0.185141 -0.143563 -0.291319 0.023215 -0.222104 -0.460873 0.081471 -0.268662 -0.597750 0.137898 0.122043 -0.604214 0.124375 0.110912 -0.719056 0.198330 0.019924 -0.751301 0.263711 0.076137 -0.517412 0.232173 0.036235 -0.645974 0.321638 -0.072657 -0.686786 0.393166 0.059780 -0.389919 0.298271 0.016650 -0.493251 0.400512 -0.077560 -0.563452 0.467327 0.028492 -0.274775 0.311775 -0.024332 -0.338831 0.398940 -0.104039 -0.393203 0.461340 
0.000000 0.000000 0.000000 -0.018471 -0.023176 -0.068888 0.138022 -0.414586 0.018940 0.133306 -0.324654 0.113872 0.119159 -0.239740 0.165446 0.104974 -0.174362 0.192222 -0.145793 -0.289523 0.034527 -0.225464 -0.456186 0.099237 -0.271504 -0.591327 0.160097 0.117227 -0.598643 0.149748 0.104660 -0.709882 0.228804 0.013432 -0.737657 0.295880 0.071527 -0.507546 0.252466 0.029508 -0.631938 0.346730 -0.080266 -0.668493 0.419205 0.057151 -0.379761 0.311263 0.012688 -0.480164 0.415824 -0.081875 -0.547011 0.485519 0.026747 -0.266378 0.318713 -0.027098 -0.329715 0.405779 -0.107292 -0.381349 0.469856 
0.000000 0.000000 0.000000 -0.018678 -0.027852 -0.067077 0.122183 -0.416577 0.053158 0.119952 -0.319316 0.140665 0.108517 -0.230132 0.185228 0.096544 -0.162368 0.206608 -0.155054 -0.279174 0.059750 -0.240388 -0.436436 0.139110 -0.290653 -0.564809 0.210389 0.095184 -0.587873 0.199270 0.078867 -0.691399 0.287577 -0.012868 -0.708163 0.357553 0.052993 -0.488077 0.293996 0.007452 -0.602858 0.398283 -0.103562 -0.627211 0.473929 0.043240 -0.353320 0.344217 -0.003567 -0.441653 0.458222 -0.100016 -0.498127 0.534225 0.018394 -0.236356 0.344466 -0.035398 -0.287283 0.439356 -0.117008 -0.329887 0.508115 
0.000000 0.000000 0.000000 -0.020741 -0.036484 -0.062150 0.104528 -0.409421 0.112865 0.107679 -0.300416 0.185184 0.100730 -0.205253 0.216266 0.092007 -0.134621 0.227559 -0.164426 -0.264246 0.096989 -0.254336 -0.406764 0.196568 -0.311969 -0.521368 0.283926 0.071768 -0.559448 0.279715 0.051968 -0.650120 0.380554 -0.041233 -0.653540 0.450520 0.031252 -0.444270 0.358213 -0.020730 -0.542111 0.475897 -0.133526 -0.552023 0.552174 0.026449 -0.304545 0.387547 -0.026815 -0.375744 0.510366 -0.125795 -0.418304 0.591972 0.013710 -0.193319 0.372508 -0.056110 -0.230303 0.463330 -0.139361 -0.260399 0.536587 
0.000000 0.000000 0.000000 -0.021453 -0.043890 -0.056897 0.097419 -0.393030 0.165309 0.102576 -0.275612 0.222830 0.097343 -0.177106 0.241255 0.089881 -0.105463 0.243249 -0.163634 -0.246495 0.134367 -0.252601 -0.373272 0.254048 -0.313903 -0.471528 0.357367 0.063077 -0.513183 0.354529 0.042322 -0.585800 0.468888 -0.050251 -0.576981 0.539214 0.026104 -0.391955 0.415420 -0.025908 -0.471084 0.546408 -0.137806 -0.468392 0.624579 0.022529 -0.245687 0.426763 -0.031117 -0.294863 0.559784 -0.128476 -0.323775 0.648966 0.021816 -0.131174 0.402284 -0.054827 -0.148073 0.493562 -0.137034 -0.163574 0.572333 
0.000000 0.000000 0.000000 -0.027094 -0.047688 -0.051144 0.078619 -0.380573 0.200683 0.094457 -0.258681 0.245559 0.096771 -0.158709 0.253955 0.094259 -0.086874 0.248876 -0.174007 -0.221461 0.163485 -0.265936 -0.330198 0.297785 -0.331821 -0.411593 0.412332 0.043796 -0.484050 0.399429 0.022750 -0.546589 0.519546 -0.067371 -0.527884 0.591110 0.041295 -0.366923 0.450331 -0.026439 -0.418819 0.587604 -0.135387 -0.405116 0.668733 0.037964 -0.214334 0.449304 -0.030546 -0.247348 0.580480 -0.124538 -0.264805 0.676025 0.049963 -0.105978 0.416981 -0.039728 -0.109353 0.497202 -0.118059 -0.114183 0.581131 
0.000000 0.000000 0.000000 -0.027090 -0.049139 -0.049753 0.076975 -0.374539 0.212334 0.093040 -0.251389 0.253544 0.095617 -0.151215 0.258916 0.093324 -0.079560 0.251658 -0.171490 -0.218811 0.169806 -0.261846 -0.324981 0.307192 -0.327150 -0.403978 0.423732 0.041428 -0.473187 0.413394 0.019945 -0.532807 0.534909 -0.070524 -0.512356 0.605552 0.040055 -0.354320 0.461082 -0.033490 -0.398141 0.598179 -0.143064 -0.381757 0.677956 0.031347 -0.198237 0.454804 -0.030198 -0.228428 0.590050 -0.123865 -0.243322 0.686345 0.043177 -0.098824 0.418093 -0.044800 -0.099929 0.500252 -0.122557 -0.102765 0.584803 
0.000000 0.000000 0.000000 -0.025231 -0.049313 -0.050552 0.081068 -0.374446 0.210970 0.093899 -0.251302 0.253313 0.094325 -0.151138 0.259434 0.090682 -0.079494 0.252643 -0.169755 -0.225698 0.163568 -0.260188 -0.336069 0.297550 -0.325076 -0.419102 0.411488 0.047427 -0.474805 0.411510 0.027096 -0.535459 0.532712 -0.065199 -0.517242 0.601581 0.043150 -0.357331 0.459849 -0.032638 -0.402536 0.595264 -0.144498 -0.388973 0.672352 0.019077 -0.199627 0.451007 -0.034881 -0.234396 0.588377 -0.130894 -0.251396 0.681975 0.032644 -0.101406 0.416160 -0.054723 -0.105686 0.498864 -0.135044 -0.110671 0.580882 
0.000000 0.000000 0.000000 -0.024798 -0.046704 -0.053177 0.079302 -0.384595 0.192584 0.091764 -0.263736 0.241164 0.092132 -0.164006 0.252309 0.088541 -0.092109 0.249093 -0.174236 -0.233102 0.148739 -0.267744 -0.349738 0.275085 -0.333600 -0.438703 0.383875 0.042060 -0.490329 0.389697 0.019552 -0.554232 0.508826 -0.073821 -0.538824 0.576924 0.036968 -0.373230 0.444837 -0.041976 -0.420716 0.577644 -0.155239 -0.409836 0.653092 0.017244 -0.221508 0.441516 -0.036455 -0.262739 0.577189 -0.134043 -0.283993 0.668254 0.038269 -0.108805 0.415768 -0.058270 -0.116301 0.487288 -0.140348 -0.124570 0.567275 
0.000000 0.000000 0.000000 -0.024016 -0.042920 -0.056612 0.076558 -0.396981 0.166840 0.088296 -0.279755 0.223782 0.088486 -0.181026 0.241756 0.084931 -0.109076 0.243434 -0.176552 -0.239478 0.132977 -0.272000 -0.362470 0.251610 -0.338870 -0.457944 0.354079 0.036522 -0.517125 0.354942 0.012324 -0.589737 0.468626 -0.081484 -0.578323 0.536911 0.005951 -0.390373 0.417321 -0.050055 -0.465609 0.548954 -0.163752 -0.458740 0.624221 0.012237 -0.244256 0.428576 -0.046593 -0.288730 0.561059 -0.145793 -0.313767 0.649380 0.020744 -0.141330 0.402889 -0.067047 -0.154482 0.484197 -0.151162 -0.166944 0.561480 
0.000000 0.000000 0.000000 -0.023212 -0.039128 -0.059617 0.076607 -0.406957 0.140740 0.087194 -0.293761 0.205521 0.086736 -0.196457 0.230060 0.082831 -0.124794 0.236509 -0.176949 -0.247376 0.116007 -0.273148 -0.377685 0.225900 -0.340882 -0.479464 0.321503 0.035754 -0.539963 0.319795 0.011063 -0.620348 0.428011 -0.082371 -0.613138 0.497374 0.004056 -0.416253 0.391419 -0.052490 -0.499565 0.517856 -0.165936 -0.497626 0.593787 0.005493 -0.273491 0.409446 -0.052762 -0.328729 0.538076 -0.152424 -0.359429 0.624060 0.026840 -0.165466 0.397123 -0.065640 -0.182032 0.472386 -0.150161 -0.199080 0.548338 
0.000000 0.000000 0.000000 -0.025659 -0.034915 -0.061209 0.074999 -0.416106 0.111899 0.089297 -0.307453 0.183401 0.091051 -0.211931 0.214105 0.088410 -0.140788 0.225241 -0.178421 -0.256730 0.097876 -0.274011 -0.395527 0.197421 -0.340913 -0.504136 0.285824 0.035172 -0.561635 0.281177 0.011102 -0.649590 0.383484 -0.082053 -0.648160 0.453579 0.004507 -0.444917 0.357724 -0.053162 -0.538412 0.476289 -0.166293 -0.542906 0.552581 0.007798 -0.302250 0.386225 -0.051900 -0.367014 0.509645 -0.151272 -0.404656 0.593170 0.016966 -0.189693 0.377196 -0.067377 -0.215515 0.459116 -0.152137 -0.238745 0.533138 
0.000000 0.000000 0.000000 -0.024740 -0.031174 -0.063561 0.082071 -0.421278 0.084138 0.094061 -0.317441 0.162853 0.093933 -0.224183 0.199912 0.089944 -0.154008 0.215784 -0.175565 -0.263371 0.081981 -0.269942 -0.408665 0.173051 -0.335218 -0.523509 0.254518 0.044655 -0.579389 0.242318 0.022042 -0.674947 0.337918 -0.070317 -0.679579 0.408921 0.016586 -0.469315 0.328401 -0.036110 -0.572611 0.440997 -0.147847 -0.584000 0.518613 0.014125 -0.329468 0.365017 -0.043102 -0.404964 0.483407 -0.141376 -0.449642 0.564733 0.005678 -0.214108 0.356758 -0.058673 -0.253797 0.450432 -0.142831 -0.283460 0.522825 
0.000000 0.000000 0.000000 -0.024742 -0.027150 -0.065381 0.087964 -0.424869 0.055125 0.099127 -0.326414 0.140588 0.098044 -0.235870 0.183844 0.093262 -0.166980 0.204428 -0.173862 -0.268293 0.066754 -0.267171 -0.419185 0.149435 -0.330960 -0.539962 0.223128 0.052092 -0.593266 0.202692 0.030413 -0.695040 0.291877 -0.061375 -0.705923 0.362938 0.023959 -0.489036 0.296724 -0.027166 -0.599642 0.402918 -0.138070 -0.618296 0.480324 0.022634 -0.354882 0.341525 -0.031440 -0.440221 0.454592 -0.128377 -0.492434 0.532983 0.006579 -0.238846 0.338248 -0.053086 -0.288312 0.430360 -0.136888 -0.324472 0.500165 
0.000000 0.000000 0.000000 -0.023730 -0.022819 -0.067380 0.095106 -0.426144 0.025419 0.103824 -0.333887 0.117802 0.100776 -0.246708 0.167409 0.094598 -0.179562 0.192820 -0.171395 -0.273694 0.047088 -0.263795 -0.430676 0.118715 -0.325530 -0.557216 0.184008 0.061595 -0.603919 0.162142 0.041342 -0.711362 0.244774 -0.049926 -0.728428 0.315287 0.030160 -0.507422 0.262487 -0.019941 -0.625451 0.360892 -0.130213 -0.650935 0.437247 0.027497 -0.374055 0.319483 -0.025048 -0.465371 0.428530 -0.121181 -0.523405 0.503754 0.010377 -0.258082 0.324455 -0.047594 -0.312129 0.415062 -0.130922 -0.353787 0.482324 
0.000000 0.000000 0.000000 -0.023189 -0.018594 -0.068851 0.098408 -0.426150 -0.001634 0.105893 -0.339997 0.096570 0.101880 -0.256236 0.151690 0.095027 -0.190925 0.181353 -0.171938 -0.274864 0.031378 -0.265015 -0.435221 0.094095 -0.326070 -0.565737 0.151757 0.064959 -0.610129 0.126634 0.044743 -0.721322 0.204156 -0.045971 -0.742901 0.274145 0.031282 -0.521378 0.230766 -0.019464 -0.644742 0.322039 -0.129282 -0.675042 0.397281 0.029262 -0.392832 0.295848 -0.022810 -0.490781 0.399219 -0.118558 -0.553488 0.471109 0.008868 -0.276217 0.307401 -0.050437 -0.334925 0.394162 -0.133863 -0.380267 0.458872 
0.000000 0.000000 0.000000 -0.023957 -0.015245 -0.069408 0.099584 -0.425209 -0.023888 0.107999 -0.343995 0.078365 0.104408 -0.263077 0.137608 0.097725 -0.199336 0.170546 -0.169784 -0.277124 0.020034 -0.261033 -0.440992 0.076002 -0.321264 -0.574455 0.127446 0.070290 -0.616159 0.094856 0.052586 -0.731565 0.166621 -0.036957 -0.757266 0.236725 0.036689 -0.532751 0.203906 -0.011811 -0.661132 0.289292 -0.120346 -0.695896 0.364464 0.034286 -0.407396 0.275334 -0.015996 -0.510882 0.374092 -0.110667 -0.577385 0.443969 0.016283 -0.293446 0.293415 -0.039775 -0.358223 0.377988 -0.122425 -0.407307 0.440940 
0.000000 0.000000 0.000000 -0.024180 -0.013019 -0.069783 0.104092 -0.422948 -0.039627 0.112195 -0.345354 0.065424 0.108054 -0.266651 0.127545 0.100860 -0.204208 0.162780 -0.167118 -0.279224 0.011148 -0.256558 -0.445798 0.061790 -0.315222 -0.581938 0.107740 0.076566 -0.618326 0.072130 0.059930 -0.736408 0.139673 -0.028929 -0.765913 0.209147 0.044794 -0.539575 0.184628 -0.001047 -0.671673 0.265704 -0.108352 -0.710800 0.340499 0.041486 -0.418987 0.258220 -0.006248 -0.528222 0.351922 -0.099036 -0.599647 0.419427 0.021061 -0.304397 0.281862 -0.033867 -0.373359 0.363828 -0.115119 -0.426727 0.425091 
0.000000 0.000000 0.000000 -0.024014 -0.012021 -0.070019 0.109650 -0.420720 -0.047564 0.116740 -0.345016 0.058930 0.111569 -0.267558 0.122521 0.103557 -0.205889 0.158924 -0.163942 -0.281036 0.006773 -0.251499 -0.449369 0.054825 -0.308163 -0.587204 0.098154 0.084273 -0.618622 0.060190 0.068936 -0.738229 0.125313 -0.019648 -0.770383 0.193959 0.051131 -0.542104 0.174370 0.006508 -0.676152 0.252885 -0.100251 -0.718267 0.326832 0.046200 -0.421388 0.252047 -0.000673 -0.531693 0.344925 -0.092517 -0.605483 0.411166 0.025101 -0.308805 0.276564 -0.028901 -0.379644 0.357538 -0.109378 -0.435412 0.417677 
0.000000 0.000000 0.000000 -0.022698 -0.011516 -0.070541 0.115133 -0.418941 -0.050229 0.119585 -0.344336 0.057178 0.112480 -0.267641 0.121503 0.103168 -0.206467 0.158427 -0.161607 -0.281545 0.004527 -0.248527 -0.450511 0.051499 -0.303959 -0.589446 0.092865 0.090617 -0.617703 0.056132 0.075801 -0.737830 0.120414 -0.012701 -0.771195 0.188585 0.054621 -0.542472 0.171180 0.010437 -0.677232 0.248717 -0.096211 -0.720767 0.321999 0.049234 -0.422992 0.250264 0.003883 -0.534389 0.342595 -0.087435 -0.609437 0.408145 0.026412 -0.311100 0.275673 -0.026420 -0.383122 0.356376 -0.106937 -0.439677 0.415720 
0.000000 0.000000 0.000000 -0.023075 -0.012238 -0.070297 0.116686 -0.418859 -0.047244 0.121461 -0.343289 0.059473 0.114407 -0.266061 0.123163 0.105047 -0.204605 0.159603 -0.158432 -0.282924 0.008786 -0.243130 -0.452301 0.058271 -0.297011 -0.591458 0.100921 0.095904 -0.618054 0.059101 0.083344 -0.738443 0.123373 -0.004495 -0.772058 0.192274 0.059825 -0.541127 0.175817 0.017904 -0.675684 0.254947 -0.087876 -0.719211 0.329480 0.053710 -0.422201 0.252196 0.010186 -0.534164 0.344721 -0.079774 -0.609825 0.411435 0.031658 -0.309529 0.278730 -0.018857 -0.381751 0.360728 -0.098390 -0.438719 0.420996 
0.000000 0.000000 0.000000 -0.024652 -0.015208 -0.069173 0.113752 -0.421166 -0.031141 0.121184 -0.340981 0.071997 0.115862 -0.260976 0.132339 0.107573 -0.197919 0.166214 -0.159192 -0.283194 0.019871 -0.243378 -0.450882 0.075589 -0.295854 -0.588667 0.124048 0.094218 -0.616154 0.082958 0.082412 -0.733998 0.151916 -0.005370 -0.764083 0.222502 0.060885 -0.535866 0.193892 0.019874 -0.668415 0.276798 -0.086161 -0.708095 0.353097 0.055458 -0.410478 0.269139 0.012145 -0.517681 0.367233 -0.077407 -0.590557 0.437500 0.033372 -0.297422 0.289420 -0.017702 -0.365911 0.374225 -0.096175 -0.421058 0.437503 
0.000000 0.000000 0.000000 -0.024865 -0.021530 -0.067395 0.107405 -0.423847 0.010390 0.116023 -0.334078 0.105203 0.111894 -0.248484 0.157422 0.104549 -0.182298 0.184954 -0.162804 -0.280135 0.041888 -0.249117 -0.441953 0.110270 -0.302618 -0.574880 0.169893 0.084486 -0.608664 0.139764 0.070634 -0.720362 0.217954 -0.019144 -0.741022 0.289412 0.052145 -0.515798 0.244387 0.008700 -0.639392 0.339052 -0.100262 -0.667918 0.416207 0.046413 -0.386769 0.303378 -0.000542 -0.485928 0.408038 -0.093328 -0.549809 0.482723 0.028765 -0.270470 0.315602 -0.031325 -0.329363 0.401695 -0.111396 -0.377651 0.468479 
0.000000 0.000000 0.000000 -0.022629 -0.030095 -0.064855 0.100458 -0.419714 0.070982 0.106859 -0.318167 0.153259 0.102068 -0.226322 0.193408 0.094698 -0.156980 0.211567 -0.169278 -0.265647 0.079559 -0.261042 -0.413041 0.169924 -0.319276 -0.534359 0.247238 0.065202 -0.578124 0.229360 0.043893 -0.673862 0.325079 -0.047364 -0.679191 0.397444 0.034152 -0.473031 0.318199 -0.015299 -0.578360 0.430382 -0.126008 -0.590614 0.509330 0.026292 -0.333642 0.359101 -0.028044 -0.410597 0.477914 -0.124756 -0.457746 0.559717 0.026824 -0.218005 0.360749 -0.049058 -0.255895 0.446175 -0.132351 -0.289283 0.517943 
0.000000 0.000000 0.000000 -0.025603 -0.039816 -0.058164 0.088394 -0.405021 0.139410 0.100724 -0.291259 0.202880 0.100259 -0.193800 0.226795 0.095788 -0.122147 0.232972 -0.172840 -0.244940 0.126475 -0.264971 -0.373294 0.242011 -0.328520 -0.475217 0.340296 0.051321 -0.532880 0.322980 0.028915 -0.610155 0.433924 -0.061086 -0.600205 0.507366 0.024395 -0.411196 0.393309 -0.027520 -0.492771 0.522828 -0.136978 -0.488518 0.604315 0.025146 -0.267327 0.410276 -0.028714 -0.320051 0.541844 -0.123268 -0.350403 0.633531 0.026557 -0.156368 0.389887 -0.056172 -0.174983 0.475331 -0.137779 -0.192199 0.554369 
0.000000 0.000000 0.000000 -0.025824 -0.046299 -0.053041 0.086780 -0.386087 0.186269 0.099653 -0.265677 0.235844 0.099627 -0.166073 0.248073 0.095467 -0.094173 0.245741 -0.169360 -0.218720 0.164937 -0.259176 -0.326610 0.301334 -0.324387 -0.409476 0.415210 0.052917 -0.485336 0.387324 0.032452 -0.545320 0.508836 -0.055342 -0.525198 0.582867 0.043354 -0.366026 0.443774 -0.022818 -0.414702 0.582974 -0.129782 -0.400265 0.666578 0.031382 -0.211113 0.443080 -0.017554 -0.243409 0.582913 -0.107011 -0.261130 0.682670 0.049268 -0.104406 0.414107 -0.038319 -0.108634 0.496581 -0.114605 -0.113212 0.582387 
0.000000 0.000000 0.000000 -0.027769 -0.048821 -0.049692 0.084362 -0.376146 0.206609 0.100357 -0.253317 0.248790 0.102281 -0.153188 0.255183 0.099284 -0.081480 0.248747 -0.169490 -0.217965 0.172010 -0.258171 -0.323804 0.310737 -0.322929 -0.402583 0.427729 0.052773 -0.470175 0.410523 0.033681 -0.527004 0.533763 -0.054528 -0.504318 0.606547 0.047891 -0.351697 0.458654 -0.019350 -0.396559 0.598621 -0.126957 -0.379060 0.680801 0.052469 -0.200236 0.455230 -0.019370 -0.225067 0.586430 -0.108937 -0.238718 0.686727 0.055452 -0.096875 0.417353 -0.038979 -0.093635 0.491942 -0.115044 -0.094308 0.578063 
0.000000 0.000000 0.000000 -0.023415 -0.049138 -0.051586 0.093937 -0.375549 0.203540 0.102370 -0.252911 0.248382 0.099261 -0.152938 0.256522 0.093106 -0.081343 0.251169 -0.167512 -0.221368 0.166174 -0.257678 -0.329137 0.302434 -0.322241 -0.412361 0.416418 0.057787 -0.468971 0.406975 0.035938 -0.525432 0.529926 -0.054702 -0.505794 0.600578 0.028994 -0.340262 0.456853 -0.020911 -0.399673 0.598643 -0.131472 -0.386094 0.677582 0.032363 -0.198610 0.451848 -0.025916 -0.229406 0.588399 -0.118284 -0.246326 0.685609 0.043749 -0.101472 0.417737 -0.048879 -0.103119 0.494604 -0.127871 -0.107251 0.577949 
0.000000 0.000000 0.000000 -0.023243 -0.046924 -0.053682 0.097497 -0.383670 0.185962 0.105187 -0.263131 0.236295 0.101364 -0.163657 0.248974 0.094656 -0.091942 0.246897 -0.166191 -0.234549 0.151766 -0.255639 -0.351953 0.280322 -0.319451 -0.443181 0.388453 0.060097 -0.489140 0.383186 0.037493 -0.552884 0.502383 -0.054780 -0.538914 0.572266 0.028865 -0.360745 0.439078 -0.023044 -0.427136 0.576999 -0.135333 -0.419717 0.654299 0.028315 -0.219680 0.439339 -0.024065 -0.259852 0.575843 -0.117968 -0.283470 0.670143 0.031677 -0.107159 0.409342 -0.055720 -0.117186 0.491515 -0.136730 -0.126847 0.572430 
0.000000 0.000000 0.000000 -0.023078 -0.043179 -0.056806 0.096571 -0.395419 0.160027 0.104156 -0.278553 0.218396 0.100353 -0.180157 0.237737 0.093699 -0.108459 0.240475 -0.165897 -0.245223 0.134578 -0.255263 -0.371648 0.254333 -0.319420 -0.470476 0.355347 0.061207 -0.516264 0.348616 0.039834 -0.589299 0.462595 -0.052597 -0.580800 0.533145 0.029610 -0.391740 0.413604 -0.021092 -0.468723 0.546373 -0.133225 -0.467056 0.624236 0.025496 -0.253361 0.421453 -0.028181 -0.305853 0.553188 -0.122529 -0.336728 0.644911 0.034071 -0.137124 0.402368 -0.055385 -0.152803 0.481381 -0.137118 -0.168308 0.560642 
0.000000 0.000000 0.000000 -0.021874 -0.039045 -0.060174 0.100524 -0.405100 0.130688 0.105843 -0.292913 0.197829 0.100442 -0.196330 0.224527 0.092742 -0.125142 0.232615 -0.163466 -0.254599 0.116843 -0.252066 -0.389478 0.227608 -0.315577 -0.496000 0.320914 0.067329 -0.536636 0.312392 0.047268 -0.616133 0.422209 -0.044813 -0.613185 0.493662 0.030205 -0.418480 0.384875 -0.021240 -0.503883 0.512093 -0.133144 -0.508929 0.590139 0.024632 -0.278101 0.404193 -0.029729 -0.336737 0.533024 -0.124087 -0.374120 0.622282 0.034224 -0.167207 0.391965 -0.051919 -0.190397 0.472791 -0.133331 -0.212709 0.550748 
0.000000 0.000000 0.000000 -0.020332 -0.034772 -0.063257 0.109726 -0.411421 0.099915 0.111571 -0.304708 0.175619 0.103456 -0.210663 0.209677 0.093860 -0.140535 0.223184 -0.159838 -0.264439 0.096859 -0.247132 -0.408149 0.197049 -0.308847 -0.522255 0.282244 0.077872 -0.558036 0.269943 0.058619 -0.646646 0.372703 -0.033392 -0.651182 0.444164 0.039270 -0.447089 0.351616 -0.009904 -0.543928 0.471318 -0.121137 -0.557576 0.549295 0.030495 -0.307661 0.382829 -0.021822 -0.377215 0.506990 -0.115686 -0.423008 0.592784 0.005999 -0.191532 0.365543 -0.054477 -0.226634 0.463531 -0.136571 -0.255875 0.538422 
0.000000 0.000000 0.000000 -0.018848 -0.029955 -0.066116 0.119154 -0.415422 0.067212 0.117583 -0.315261 0.151400 0.106771 -0.224550 0.192934 0.095276 -0.156022 0.212016 -0.155737 -0.273724 0.074186 -0.241393 -0.426258 0.161978 -0.301876 -0.548067 0.236753 0.088733 -0.576787 0.223596 0.070347 -0.674312 0.318110 -0.021352 -0.686706 0.389038 0.045693 -0.472458 0.314480 -0.003203 -0.579375 0.425398 -0.113774 -0.601397 0.502394 0.036889 -0.338852 0.356535 -0.013220 -0.420813 0.473847 -0.106227 -0.475103 0.555520 0.013505 -0.224835 0.350452 -0.042780 -0.272199 0.445740 -0.124622 -0.309320 0.517343 
0.000000 0.000000 0.000000 -0.018038 -0.025753 -0.068083 0.127822 -0.416438 0.039130 0.123903 -0.322328 0.129960 0.111054 -0.234921 0.177554 0.098052 -0.168117 0.201230 -0.151159 -0.280767 0.054770 -0.234457 -0.440338 0.131643 -0.292511 -0.568414 0.197319 0.100858 -0.588482 0.184367 0.084562 -0.692461 0.272145 -0.006883 -0.712309 0.341693 0.056800 -0.492112 0.282095 0.011161 -0.607589 0.385568 -0.098713 -0.638104 0.460641 0.042874 -0.360864 0.333129 -0.006015 -0.451173 0.444686 -0.098500 -0.512710 0.521679 0.017230 -0.246207 0.335230 -0.038401 -0.299958 0.427465 -0.119855 -0.344073 0.495452 
0.000000 0.000000 0.000000 -0.015714 -0.021928 -0.069972 0.139768 -0.414119 0.016148 0.130917 -0.326083 0.112551 0.114310 -0.242270 0.165181 0.098721 -0.177506 0.192658 -0.146064 -0.284532 0.039090 -0.227628 -0.448852 0.107334 -0.282887 -0.581815 0.165248 0.115356 -0.593259 0.153016 0.100602 -0.701527 0.235736 0.009208 -0.727846 0.303171 0.068250 -0.505481 0.255252 0.025628 -0.627497 0.352309 -0.083466 -0.665520 0.425056 0.048839 -0.379849 0.311807 0.001892 -0.478502 0.416947 -0.089868 -0.547164 0.488597 0.019377 -0.265924 0.321006 -0.035236 -0.326783 0.409351 -0.115968 -0.377217 0.473708 
0.000000 0.000000 0.000000 -0.014344 -0.017827 -0.071417 0.149273 -0.411029 -0.007955 0.137183 -0.329466 0.093650 0.117970 -0.249534 0.151202 0.100528 -0.187001 0.182471 -0.140256 -0.288566 0.021818 -0.219044 -0.457977 0.080157 -0.271737 -0.595359 0.129519 0.124713 -0.595525 0.121576 0.109869 -0.707029 0.199860 0.018789 -0.738829 0.265331 0.075649 -0.516985 0.226031 0.033798 -0.644524 0.316069 -0.074330 -0.689008 0.386558 0.054522 -0.393956 0.292023 0.009026 -0.497515 0.393000 -0.081550 -0.571603 0.460639 0.022827 -0.281291 0.307604 -0.030656 -0.346193 0.393735 -0.110561 -0.401709 0.454859 
0.000000 0.000000 0.000000 -0.014757 -0.014957 -0.071989 0.154227 -0.408401 -0.026699 0.142040 -0.331388 0.078385 0.122359 -0.254222 0.139447 0.104430 -0.193300 0.173496 -0.136236 -0.291237 0.010223 -0.212249 -0.464115 0.061665 -0.262920 -0.604180 0.105266 0.135349 -0.599473 0.093947 0.123940 -0.714951 0.166862 0.034146 -0.750875 0.231975 0.084226 -0.525413 0.202828 0.044905 -0.657378 0.287467 -0.061919 -0.706431 0.356905 0.063409 -0.406941 0.273296 0.021139 -0.516450 0.369274 -0.068104 -0.594489 0.434188 0.028652 -0.295538 0.293459 -0.023508 -0.365911 0.376033 -0.102481 -0.425197 0.434781 
0.000000 0.000000 0.000000 -0.013800 -0.012229 -0.072691 0.159967 -0.404952 -0.041410 0.145646 -0.332409 0.066546 0.124293 -0.258035 0.130443 0.105191 -0.198775 0.166717 -0.134706 -0.291220 0.000737 -0.210361 -0.465795 0.046683 -0.259506 -0.607674 0.085953 0.140715 -0.599591 0.073329 0.129079 -0.717225 0.142675 0.039811 -0.756342 0.206661 0.090860 -0.530798 0.185353 0.053598 -0.665729 0.266159 -0.052305 -0.718179 0.334519 0.066005 -0.413267 0.261665 0.024209 -0.524578 0.355760 -0.064318 -0.605231 0.418418 0.032156 -0.303385 0.286337 -0.018116 -0.375390 0.368673 -0.096353 -0.437123 0.425867 
0.000000 0.000000 0.000000 -0.014767 -0.011373 -0.072639 0.159689 -0.404288 -0.048388 0.146769 -0.333050 0.060610 0.126223 -0.259462 0.125672 0.107568 -0.200656 0.162903 -0.133941 -0.292843 -0.006169 -0.208512 -0.468969 0.035424 -0.257622 -0.611733 0.071389 0.144223 -0.601899 0.061752 0.134875 -0.721330 0.128317 0.045906 -0.762112 0.191677 0.090596 -0.532149 0.177567 0.052390 -0.667563 0.257115 -0.053523 -0.721449 0.324331 0.068335 -0.417936 0.253143 0.026827 -0.531571 0.344548 -0.061770 -0.613546 0.405366 0.033413 -0.309388 0.278076 -0.017630 -0.384230 0.357351 -0.095928 -0.447285 0.412997 
0.000000 0.000000 0.000000 -0.013805 -0.009932 -0.073039 0.161900 -0.402608 -0.054643 0.147323 -0.333676 0.055621 0.125664 -0.261519 0.121912 0.106307 -0.203560 0.160103 -0.134511 -0.291358 -0.009197 -0.210041 -0.467456 0.030752 -0.259652 -0.610616 0.064380 0.144501 -0.601438 0.052985 0.133985 -0.721606 0.118032 0.045202 -0.763420 0.180980 0.091977 -0.535674 0.167906 0.054334 -0.673062 0.244275 -0.051295 -0.728299 0.310838 0.068077 -0.421269 0.247917 0.026783 -0.535820 0.338271 -0.061656 -0.618712 0.398065 0.033118 -0.314359 0.273915 -0.017260 -0.390624 0.352255 -0.095416 -0.454709 0.406916 
0.000000 0.000000 0.000000 -0.013666 -0.009411 -0.073134 0.162074 -0.402180 -0.057217 0.147278 -0.334041 0.053509 0.125482 -0.262363 0.120275 0.106043 -0.204683 0.158843 -0.132431 -0.292151 -0.011493 -0.206747 -0.469071 0.027078 -0.256448 -0.612537 0.059234 0.145915 -0.602045 0.048674 0.136149 -0.722838 0.112672 0.047519 -0.765438 0.175308 0.093259 -0.536745 0.165167 0.056518 -0.674612 0.241111 -0.048816 -0.730687 0.307440 0.070202 -0.423530 0.245506 0.030563 -0.539097 0.335305 -0.057344 -0.622920 0.394585 0.033755 -0.315790 0.272930 -0.016003 -0.392267 0.351458 -0.093771 -0.457109 0.405780 
0.000000 0.000000 0.000000 -0.011654 -0.009079 -0.073523 0.166914 -0.400468 -0.055273 0.148630 -0.333129 0.055421 0.124479 -0.262041 0.122006 0.103544 -0.204759 0.160385 -0.130015 -0.291771 -0.010895 -0.204077 -0.468662 0.028293 -0.253527 -0.612352 0.059831 0.149203 -0.600256 0.050517 0.138499 -0.721002 0.114453 0.049699 -0.764375 0.176312 0.094880 -0.536389 0.166195 0.058323 -0.674634 0.241536 -0.046942 -0.731844 0.307001 0.068849 -0.423473 0.246742 0.028958 -0.539229 0.336185 -0.058636 -0.624166 0.394331 0.031535 -0.316351 0.274175 -0.018030 -0.393163 0.352499 -0.095278 -0.459077 0.406269 
0.000000 0.000000 0.000000 -0.008886 -0.010319 -0.073746 0.175071 -0.398446 -0.043375 0.151800 -0.329836 0.065590 0.124176 -0.258206 0.130215 0.100988 -0.200730 0.166973 -0.124211 -0.294104 -0.010402 -0.196373 -0.471679 0.029234 -0.244861 -0.615684 0.060829 0.158181 -0.597271 0.064344 0.147974 -0.717436 0.129446 0.058181 -0.762132 0.188882 0.098857 -0.533512 0.175987 0.062849 -0.672041 0.251073 -0.042839 -0.731305 0.313980 0.068251 -0.418603 0.256147 0.028149 -0.533618 0.346448 -0.059391 -0.619710 0.402954 0.029282 -0.312371 0.280906 -0.020075 -0.389216 0.359328 -0.096820 -0.456729 0.411820 
0.000000 0.000000 0.000000 -0.002456 -0.012240 -0.073946 0.190391 -0.393293 -0.019044 0.156096 -0.323092 0.085923 0.121023 -0.251001 0.146281 0.093105 -0.193523 0.179587 -0.114396 -0.296906 -0.008516 -0.184441 -0.475031 0.032426 -0.231884 -0.619300 0.064401 0.170879 -0.590064 0.091955 0.159086 -0.708987 0.159039 0.067064 -0.755394 0.213550 0.102668 -0.525629 0.198167 0.066328 -0.663382 0.274509 -0.040656 -0.725346 0.332425 0.063220 -0.409957 0.273188 0.021771 -0.523939 0.364188 -0.066098 -0.611587 0.417711 0.018235 -0.303574 0.293031 -0.033300 -0.379323 0.371117 -0.110313 -0.448381 0.421149 
0.000000 0.000000 0.000000 0.005955 -0.014542 -0.073328 0.208493 -0.384196 0.014645 0.160180 -0.312607 0.112946 0.115749 -0.240496 0.166763 0.081944 -0.183442 0.194950 -0.099675 -0.301161 -0.005963 -0.165771 -0.480509 0.036189 -0.210949 -0.625484 0.068251 0.187094 -0.577553 0.131160 0.174162 -0.694412 0.201578 0.079753 -0.743215 0.249518 0.105735 -0.513657 0.227353 0.068705 -0.650400 0.305165 -0.039899 -0.715658 0.356016 0.053776 -0.396458 0.295407 0.009338 -0.508292 0.387652 -0.079275 -0.598017 0.436284 0.004248 -0.292760 0.307195 -0.049232 -0.368006 0.384457 -0.126762 -0.439128 0.430651 
0.000000 0.000000 0.000000 0.015439 -0.016621 -0.071479 0.225191 -0.370972 0.054393 0.161767 -0.299011 0.143393 0.107483 -0.227794 0.188690 0.067591 -0.171851 0.210404 -0.082273 -0.305503 -0.001867 -0.143415 -0.486266 0.041691 -0.184879 -0.632116 0.074792 0.199536 -0.560354 0.176444 0.184031 -0.674812 0.250208 0.087666 -0.726732 0.290348 0.104515 -0.496913 0.261848 0.065576 -0.631514 0.342414 -0.044040 -0.700726 0.385230 0.042408 -0.382588 0.317211 -0.004254 -0.493585 0.409369 -0.092731 -0.585964 0.453027 -0.013554 -0.282858 0.318474 -0.069408 -0.359266 0.392862 -0.147124 -0.432999 0.434415 
0.000000 0.000000 0.000000 0.022505 -0.018969 -0.068975 0.232913 -0.358773 0.091234 0.159001 -0.285794 0.170815 0.098201 -0.215025 0.207767 0.054444 -0.159904 0.223243 -0.070597 -0.308068 0.005859 -0.128854 -0.488968 0.052685 -0.168729 -0.634824 0.087655 0.203777 -0.543934 0.218854 0.186168 -0.655840 0.295984 0.088804 -0.710100 0.330178 0.099569 -0.480561 0.293323 0.059147 -0.613030 0.376645 -0.050464 -0.685544 0.413611 0.027178 -0.364637 0.339242 -0.023749 -0.471918 0.433517 -0.111867 -0.566138 0.473839 -0.031638 -0.268845 0.329583 -0.090890 -0.343830 0.402779 -0.168184 -0.419569 0.441411 
0.000000 0.000000 0.000000 0.027631 -0.020850 -0.066526 0.235330 -0.348429 0.120448 0.154313 -0.274693 0.192012 0.089334 -0.204362 0.222040 0.043218 -0.149971 0.232405 -0.061636 -0.310042 0.012506 -0.117494 -0.490999 0.061960 -0.156423 -0.636866 0.097934 0.202629 -0.530028 0.252253 0.182866 -0.639781 0.331913 0.085028 -0.695822 0.361585 0.092471 -0.467705 0.316094 0.050410 -0.598981 0.400486 -0.058921 -0.673920 0.433201 0.014642 -0.352695 0.352930 -0.038918 -0.459059 0.446785 -0.126649 -0.554454 0.485141 -0.045313 -0.258311 0.337338 -0.106251 -0.332884 0.409565 -0.182973 -0.409857 0.446874 
0.000000 0.000000 0.000000 0.030625 -0.022283 -0.064726 0.236199 -0.340424 0.140042 0.151140 -0.266110 0.206106 0.083825 -0.196122 0.231421 0.036414 -0.142299 0.238320 -0.055484 -0.311015 0.019331 -0.109365 -0.491684 0.071929 -0.147817 -0.637151 0.109978 0.201848 -0.517655 0.277262 0.181087 -0.624769 0.360194 0.083474 -0.682135 0.388015 0.089311 -0.457176 0.333170 0.047259 -0.587128 0.419591 -0.061495 -0.663579 0.450692 0.008405 -0.341619 0.365048 -0.045676 -0.445950 0.460866 -0.132715 -0.542010 0.499137 -0.052805 -0.251106 0.342182 -0.114215 -0.326000 0.413672 -0.189876 -0.403896 0.451232 
0.000000 0.000000 0.000000 0.032874 -0.022433 -0.063561 0.236552 -0.335769 0.150308 0.148513 -0.262070 0.213075 0.079500 -0.192814 0.235687 0.031160 -0.139606 0.240645 -0.055717 -0.309223 0.024470 -0.111152 -0.488677 0.079554 -0.150319 -0.633639 0.118781 0.199309 -0.510266 0.290251 0.176801 -0.615727 0.374828 0.079061 -0.673162 0.402056 0.083747 -0.448393 0.345602 0.039696 -0.575119 0.435738 -0.068817 -0.651738 0.467260 0.003993 -0.335684 0.372072 -0.050151 -0.438130 0.469868 -0.137683 -0.533615 0.508450 -0.059940 -0.245585 0.345791 -0.122645 -0.318532 0.418165 -0.197526 -0.396521 0.457071 
0.000000 0.000000 0.000000 0.033268 -0.023336 -0.063028 0.234119 -0.334774 0.156221 0.145889 -0.259979 0.217404 0.076973 -0.190194 0.238637 0.028801 -0.136748 0.242573 -0.056581 -0.309079 0.027107 -0.112803 -0.487879 0.083507 -0.153154 -0.632413 0.123112 0.196976 -0.508843 0.296722 0.174528 -0.614046 0.381637 0.076363 -0.670781 0.408799 0.080928 -0.445417 0.351073 0.036745 -0.571540 0.441986 -0.072175 -0.647427 0.473877 0.000262 -0.331574 0.375900 -0.054744 -0.432952 0.474325 -0.143699 -0.527050 0.513063 -0.062813 -0.242680 0.347318 -0.125872 -0.315595 0.419417 -0.200747 -0.393075 0.459339 
0.000000 0.000000 0.000000 0.035024 -0.023237 -0.062107 0.232259 -0.332894 0.162874 0.141998 -0.258570 0.221620 0.072099 -0.189205 0.240935 0.023489 -0.136075 0.243522 -0.057289 -0.307810 0.029234 -0.115051 -0.485877 0.086389 -0.156236 -0.630172 0.126009 0.190199 -0.504154 0.305427 0.164780 -0.607659 0.391581 0.066103 -0.664007 0.417673 0.072848 -0.442239 0.355630 0.025816 -0.567159 0.446775 -0.083684 -0.642399 0.478208 -0.007861 -0.328840 0.378128 -0.065197 -0.428967 0.476505 -0.155379 -0.522203 0.514484 -0.070000 -0.240154 0.348468 -0.134351 -0.311793 0.420703 -0.209870 -0.388798 0.460330 