75
0.000000 0.000000 0.000000 0.005058 -0.019897 -0.072128 0.075759 -0.429280 0.035631 0.046193 -0.340020 0.135609 0.023525 -0.253171 0.185466 0.002256 -0.166651 0.224930 -0.157908 -0.277062 -0.000333 -0.259882 -0.437979 0.044591 -0.312007 -0.567550 0.112274 0.077338 -0.628127 0.144615 0.078293 -0.748305 0.210483 -0.020417 -0.791445 0.255072 -0.023093 -0.529066 0.261845 -0.070217 -0.657644 0.347703 -0.196369 -0.606798 0.359522 -0.058505 -0.411162 0.299586 -0.117325 -0.524452 0.381418 -0.249746 -0.510599 0.358161 -0.046909 -0.302049 0.324109 -0.080750 -0.395246 0.392377 -0.185101 -0.443344 0.393122 
0.000000 0.000000 0.000000 -0.010160 -0.021285 -0.071187 0.024597 -0.435078 0.037317 0.024642 -0.341438 0.137659 0.022406 -0.251729 0.187555 0.019690 -0.162662 0.226990 -0.209019 -0.256460 -0.016469 -0.285683 -0.413052 0.072485 -0.344443 -0.537139 0.144849 0.028309 -0.634912 0.144428 0.030552 -0.755686 0.209163 -0.069382 -0.786708 0.260583 -0.042026 -0.529417 0.266863 -0.087369 -0.657270 0.354740 -0.206954 -0.596063 0.379082 -0.066121 -0.405941 0.301989 -0.129600 -0.516521 0.384045 -0.262194 -0.492750 0.373014 -0.032964 -0.298361 0.323942 -0.069207 -0.391765 0.390676 -0.175680 -0.433631 0.401348 
0.000000 0.000000 0.000000 -0.015607 -0.022818 -0.069711 -0.011602 -0.433930 0.053482 0.001751 -0.337150 0.149880 0.009912 -0.245877 0.196194 0.017002 -0.155574 0.232118 -0.226657 -0.238754 0.011996 -0.315467 -0.383341 0.109560 -0.381868 -0.498062 0.190287 -0.030431 -0.626796 0.171246 -0.041810 -0.743359 0.242419 -0.142720 -0.760411 0.298273 -0.073028 -0.517096 0.285902 -0.123889 -0.639484 0.378416 -0.235512 -0.567752 0.410573 -0.081931 -0.386780 0.324355 -0.147788 -0.487815 0.416255 -0.278837 -0.454826 0.413842 -0.040530 -0.281594 0.338867 -0.080131 -0.368335 0.412344 -0.188283 -0.402665 0.430450 
0.000000 0.000000 0.000000 -0.018909 -0.025746 -0.067849 -0.039860 -0.428152 0.079919 -0.017463 -0.327024 0.169965 -0.001902 -0.233970 0.210477 0.012260 -0.142420 0.240702 -0.238463 -0.219553 0.042066 -0.340557 -0.349721 0.146680 -0.412782 -0.453649 0.236509 -0.068715 -0.611064 0.210804 -0.086154 -0.721611 0.289907 -0.186003 -0.726014 0.349940 -0.100790 -0.488296 0.323334 -0.157465 -0.597984 0.427646 -0.261644 -0.516556 0.461639 -0.095297 -0.367544 0.345196 -0.162267 -0.463325 0.441797 -0.291007 -0.422174 0.442696 -0.046587 -0.261931 0.354017 -0.087094 -0.344193 0.432014 -0.195903 -0.370652 0.457772 
0.000000 0.000000 0.000000 -0.026505 -0.025192 -0.065474 -0.077744 -0.419591 0.095862 -0.038331 -0.319304 0.180868 -0.010248 -0.227483 0.217238 0.015519 -0.137252 0.243500 -0.263075 -0.190045 0.055786 -0.362188 -0.306915 0.177562 -0.441015 -0.399555 0.273952 -0.111413 -0.591935 0.239334 -0.131761 -0.696094 0.326045 -0.229016 -0.688668 0.389915 -0.124025 -0.471031 0.342454 -0.182309 -0.574226 0.452354 -0.278697 -0.484687 0.488842 -0.110202 -0.340541 0.365363 -0.181876 -0.421610 0.471577 -0.307087 -0.370788 0.474317 -0.049476 -0.243410 0.366351 -0.094214 -0.316480 0.450911 -0.203250 -0.333958 0.482674 
0.000000 0.000000 0.000000 -0.032920 -0.024130 -0.062912 -0.104649 -0.409907 0.110973 -0.051462 -0.311653 0.190687 -0.013589 -0.221802 0.222857 0.021153 -0.133531 0.245139 -0.272150 -0.178945 0.066113 -0.381649 -0.284314 0.189476 -0.463234 -0.368204 0.291423 -0.154529 -0.581167 0.250981 -0.184675 -0.684672 0.335597 -0.279284 -0.667377 0.401500 -0.152117 -0.454492 0.351745 -0.220577 -0.551643 0.461288 -0.308544 -0.455198 0.501283 -0.122008 -0.328536 0.369714 -0.199750 -0.405071 0.475020 -0.322001 -0.347792 0.481501 -0.046981 -0.236741 0.368799 -0.093880 -0.307782 0.453916 -0.201986 -0.318809 0.491261 
0.000000 0.000000 0.000000 -0.035175 -0.023488 -0.061927 -0.113172 -0.406298 0.115775 -0.055249 -0.309206 0.193589 -0.014077 -0.220304 0.224308 0.023671 -0.132938 0.245231 -0.254265 -0.182398 0.094896 -0.391357 -0.281834 0.193026 -0.473332 -0.364116 0.295966 -0.158450 -0.577199 0.257772 -0.185815 -0.680486 0.343591 -0.278815 -0.658839 0.410491 -0.149087 -0.448684 0.361561 -0.212911 -0.543548 0.475806 -0.298155 -0.445739 0.518304 -0.116205 -0.330485 0.373116 -0.189436 -0.409491 0.479821 -0.310994 -0.351150 0.489202 -0.046024 -0.232168 0.371256 -0.093997 -0.300470 0.458001 -0.201544 -0.310391 0.497222 
0.000000 0.000000 0.000000 -0.032651 -0.025525 -0.062500 -0.099524 -0.409362 0.117507 -0.047515 -0.309212 0.195622 -0.010738 -0.218404 0.226342 0.022923 -0.129369 0.247203 -0.265025 -0.182328 0.076286 -0.369571 -0.287392 0.204125 -0.448374 -0.370857 0.308579 -0.142660 -0.577527 0.263383 -0.168731 -0.679161 0.351547 -0.261681 -0.659028 0.418987 -0.142629 -0.445884 0.365176 -0.207320 -0.538840 0.480496 -0.295210 -0.442931 0.521921 -0.111455 -0.317876 0.383425 -0.183675 -0.389204 0.496063 -0.306397 -0.333157 0.504194 -0.037224 -0.229958 0.377012 -0.078625 -0.299196 0.466362 -0.185607 -0.310523 0.506730 
0.000000 0.000000 0.000000 -0.029197 -0.026100 -0.063955 -0.079716 -0.416515 0.107011 -0.035921 -0.315138 0.188508 -0.005329 -0.223021 0.221990 0.022561 -0.132658 0.245487 -0.258541 -0.191026 0.070384 -0.355342 -0.303060 0.198404 -0.430590 -0.391964 0.300974 -0.113826 -0.587796 0.251646 -0.134442 -0.691314 0.339059 -0.227973 -0.676739 0.407124 -0.121086 -0.457080 0.359018 -0.179011 -0.553620 0.474989 -0.270566 -0.461732 0.517574 -0.099511 -0.330531 0.377826 -0.167046 -0.407621 0.489571 -0.291622 -0.355828 0.497720 -0.034137 -0.234324 0.376008 -0.073163 -0.304303 0.465848 -0.180458 -0.318354 0.504495 
0.000000 0.000000 0.000000 -0.027563 -0.023902 -0.065520 -0.071104 -0.422664 0.087118 -0.031066 -0.324018 0.173738 -0.003260 -0.232788 0.211768 0.022039 -0.142927 0.239703 -0.236810 -0.202677 0.083147 -0.367742 -0.314543 0.176172 -0.442124 -0.409438 0.273892 -0.110584 -0.598851 0.224303 -0.134444 -0.705334 0.307214 -0.229255 -0.695420 0.374338 -0.113558 -0.475668 0.337053 -0.169664 -0.578811 0.448130 -0.263670 -0.490880 0.493630 -0.100352 -0.346551 0.361249 -0.169973 -0.428127 0.468436 -0.295716 -0.379234 0.476583 -0.035108 -0.254723 0.361449 -0.074443 -0.331675 0.445248 -0.182291 -0.350188 0.480310 
0.000000 0.000000 0.000000 -0.027465 -0.020802 -0.066610 -0.068627 -0.426847 0.066202 -0.029103 -0.332361 0.157565 -0.001799 -0.242957 0.200037 0.023002 -0.154438 0.232359 -0.258201 -0.201648 0.042485 -0.352751 -0.328534 0.157687 -0.427320 -0.429183 0.249317 -0.106765 -0.612570 0.190590 -0.129814 -0.724816 0.265768 -0.226871 -0.720224 0.330203 -0.117124 -0.493946 0.307955 -0.176990 -0.603846 0.410241 -0.274462 -0.520028 0.456209 -0.098947 -0.369713 0.338634 -0.168608 -0.460604 0.438017 -0.295583 -0.414829 0.445081 -0.035350 -0.271251 0.348704 -0.075514 -0.351656 0.428786 -0.184000 -0.373568 0.459672 
0.000000 0.000000 0.000000 -0.020735 -0.018803 -0.069573 -0.051914 -0.432337 0.040984 -0.025011 -0.340658 0.139514 -0.005948 -0.252241 0.188109 0.011512 -0.164331 0.226349 -0.249646 -0.211757 0.021065 -0.351777 -0.346610 0.119528 -0.427405 -0.454321 0.201781 -0.090176 -0.622684 0.158135 -0.113300 -0.737724 0.228938 -0.213201 -0.740849 0.288965 -0.111970 -0.510541 0.281119 -0.171115 -0.626086 0.377430 -0.273786 -0.547958 0.422085 -0.103996 -0.386323 0.318963 -0.174302 -0.482468 0.412792 -0.303151 -0.441727 0.415279 -0.049705 -0.286522 0.335474 -0.091842 -0.370628 0.410587 -0.201146 -0.397238 0.433988 
0.000000 0.000000 0.000000 -0.015877 -0.016150 -0.071491 -0.035189 -0.435605 0.017337 -0.018010 -0.347918 0.121514 -0.005649 -0.261324 0.175283 0.005727 -0.174785 0.218606 -0.228181 -0.229689 0.013210 -0.344924 -0.369621 0.084633 -0.419781 -0.484178 0.157845 -0.071193 -0.635300 0.118558 -0.092953 -0.755990 0.179733 -0.194931 -0.767011 0.235161 -0.105453 -0.527628 0.250094 -0.164927 -0.649855 0.337545 -0.272536 -0.578054 0.381183 -0.102763 -0.408756 0.291672 -0.172399 -0.514473 0.375131 -0.302868 -0.479194 0.373918 -0.050688 -0.306287 0.319158 -0.089520 -0.396804 0.388369 -0.198486 -0.428835 0.405791 
0.000000 0.000000 0.000000 -0.009569 -0.010937 -0.073571 -0.015147 -0.436671 -0.019485 -0.010260 -0.357105 0.092240 -0.006272 -0.274728 0.153399 -0.002465 -0.191597 0.204097 -0.209803 -0.241485 -0.005747 -0.335097 -0.385747 0.036693 -0.408890 -0.508587 0.096291 -0.050098 -0.642757 0.068417 -0.071221 -0.767310 0.121543 -0.174929 -0.785814 0.171497 -0.096588 -0.550016 0.200900 -0.155304 -0.681223 0.274804 -0.267487 -0.617158 0.318961 -0.100989 -0.432371 0.257760 -0.168906 -0.545410 0.332594 -0.300575 -0.515133 0.328759 -0.055029 -0.334540 0.290066 -0.091210 -0.432930 0.349240 -0.199407 -0.470475 0.358560 
0.000000 0.000000 0.000000 -0.006155 -0.005694 -0.074522 -0.003377 -0.434275 -0.051808 -0.005238 -0.363068 0.065509 -0.005917 -0.285353 0.132608 -0.006349 -0.206120 0.189329 -0.203067 -0.245105 -0.032642 -0.326282 -0.394913 -0.006436 -0.399876 -0.523347 0.040207 -0.036751 -0.647286 0.018424 -0.056922 -0.776024 0.060870 -0.162170 -0.800567 0.104616 -0.090714 -0.566195 0.154435 -0.148849 -0.704350 0.214917 -0.264666 -0.646340 0.258053 -0.099669 -0.453902 0.219300 -0.166896 -0.574761 0.281464 -0.299156 -0.547979 0.273853 -0.058981 -0.356071 0.262340 -0.095209 -0.459286 0.312595 -0.202599 -0.500128 0.314158 
0.000000 0.000000 0.000000 0.000514 -0.001375 -0.074978 0.016519 -0.430265 -0.076743 0.002003 -0.366348 0.043843 -0.007227 -0.292876 0.114969 -0.015370 -0.217255 0.175884 -0.192879 -0.246496 -0.055959 -0.313891 -0.399876 -0.044058 -0.386650 -0.532604 -0.009762 -0.015257 -0.647620 -0.020466 -0.034463 -0.778984 0.013546 -0.140792 -0.808949 0.050818 -0.081376 -0.576821 0.116116 -0.138086 -0.719973 0.165272 -0.257578 -0.667894 0.205877 -0.099839 -0.468965 0.186587 -0.166248 -0.595232 0.237941 -0.298840 -0.572318 0.225196 -0.064315 -0.373456 0.237462 -0.098004 -0.480972 0.279848 -0.204047 -0.524772 0.273548 
0.000000 0.000000 0.000000 0.002665 0.003232 -0.074876 0.029170 -0.424272 -0.102142 0.009698 -0.368207 0.021610 -0.003327 -0.299457 0.096751 -0.015029 -0.227913 0.161867 -0.183545 -0.248008 -0.081980 -0.300063 -0.405218 -0.086426 -0.371262 -0.541467 -0.065123 0.001356 -0.645903 -0.063076 -0.015453 -0.779851 -0.039465 -0.122501 -0.814528 -0.008945 -0.070785 -0.585308 0.075124 -0.125525 -0.732968 0.111521 -0.248103 -0.686566 0.149744 -0.093703 -0.482623 0.151487 -0.158509 -0.613965 0.190735 -0.291123 -0.594172 0.173708 -0.064813 -0.389225 0.207544 -0.099079 -0.500259 0.238985 -0.203412 -0.546231 0.224690 
0.000000 0.000000 0.000000 0.006738 0.007918 -0.074268 0.041645 -0.416686 -0.126208 0.014471 -0.368684 -0.000533 -0.003794 -0.304914 0.077839 -0.020230 -0.237717 0.146467 -0.177517 -0.243458 -0.100847 -0.292811 -0.400753 -0.117478 -0.363151 -0.538718 -0.107241 0.014055 -0.640309 -0.100680 -0.002620 -0.775461 -0.085251 -0.109922 -0.812737 -0.058985 -0.065549 -0.589121 0.037922 -0.119973 -0.739049 0.064077 -0.243881 -0.696576 0.102576 -0.090312 -0.493287 0.119603 -0.152351 -0.628361 0.149550 -0.285091 -0.610593 0.131311 -0.065176 -0.402901 0.182250 -0.096113 -0.516600 0.206881 -0.199262 -0.563565 0.187970 
0.000000 0.000000 0.000000 0.008535 0.011005 -0.073688 0.047076 -0.410933 -0.142154 0.016524 -0.368279 -0.015331 -0.004034 -0.307880 0.065116 -0.022541 -0.243645 0.136016 -0.174960 -0.239720 -0.109912 -0.289780 -0.396608 -0.132579 -0.359608 -0.535167 -0.129080 0.017269 -0.635249 -0.127515 -0.000746 -0.770819 -0.118667 -0.108252 -0.809170 -0.094899 -0.062282 -0.590510 0.014290 -0.115881 -0.741658 0.034437 -0.240166 -0.701820 0.074507 -0.090159 -0.497663 0.100873 -0.151916 -0.633749 0.126514 -0.284761 -0.616810 0.108261 -0.066385 -0.410383 0.165382 -0.096563 -0.525152 0.185596 -0.198993 -0.572304 0.163505 
0.000000 0.000000 0.000000 0.008433 0.012352 -0.073486 0.047165 -0.408242 -0.149680 0.016749 -0.367927 -0.022060 -0.003745 -0.309018 0.059500 -0.022203 -0.246098 0.131582 -0.175632 -0.237315 -0.113895 -0.290807 -0.393541 -0.139180 -0.360699 -0.532112 -0.139192 0.017925 -0.632896 -0.139895 0.000253 -0.768671 -0.133983 -0.107338 -0.807044 -0.110641 -0.061298 -0.591171 0.001287 -0.114380 -0.743009 0.017167 -0.238580 -0.704302 0.058585 -0.088223 -0.500483 0.089800 -0.148799 -0.637776 0.111527 -0.281910 -0.621912 0.094264 -0.065633 -0.413546 0.157300 -0.095527 -0.528803 0.175002 -0.197561 -0.576308 0.151865 
0.000000 0.000000 0.000000 0.009107 0.012628 -0.073359 0.045036 -0.407905 -0.151248 0.013948 -0.367943 -0.023679 -0.006707 -0.309253 0.057998 -0.025221 -0.246525 0.130233 -0.176742 -0.235983 -0.112071 -0.293034 -0.391549 -0.136295 -0.363851 -0.529650 -0.136376 0.013866 -0.632338 -0.142393 -0.004973 -0.767979 -0.137042 -0.112789 -0.805043 -0.112647 -0.066899 -0.590054 0.000916 -0.121887 -0.741120 0.017644 -0.245298 -0.701617 0.060638 -0.092622 -0.499883 0.089502 -0.154229 -0.636577 0.112092 -0.287503 -0.620525 0.096337 -0.068028 -0.414075 0.156325 -0.097493 -0.529403 0.174285 -0.199889 -0.576647 0.152235 
0.000000 0.000000 0.000000 0.005749 0.010668 -0.074007 0.032825 -0.412122 -0.142718 0.008345 -0.368573 -0.014885 -0.007677 -0.307590 0.066150 -0.021962 -0.242834 0.137551 -0.184262 -0.236336 -0.101044 -0.303159 -0.390895 -0.117962 -0.375566 -0.528061 -0.112524 0.000441 -0.636048 -0.127603 -0.019132 -0.771383 -0.118469 -0.126775 -0.805518 -0.089470 -0.074935 -0.588990 0.016020 -0.131578 -0.738904 0.037040 -0.252950 -0.696801 0.083251 -0.095447 -0.496330 0.103398 -0.158384 -0.631668 0.130106 -0.291972 -0.614739 0.118459 -0.066331 -0.409198 0.168225 -0.096871 -0.523709 0.189338 -0.200433 -0.570454 0.172220 
0.000000 0.000000 0.000000 0.002833 0.006200 -0.074682 0.020671 -0.420304 -0.119196 0.002175 -0.368900 0.006711 -0.009551 -0.302992 0.084563 -0.019885 -0.233915 0.152511 -0.192638 -0.237958 -0.079628 -0.314951 -0.390736 -0.082723 -0.387848 -0.526683 -0.065658 -0.016339 -0.642063 -0.089646 -0.038706 -0.776089 -0.071788 -0.145929 -0.805393 -0.036606 -0.083105 -0.585516 0.054454 -0.141108 -0.732845 0.086926 -0.259563 -0.685933 0.135989 -0.099715 -0.487216 0.135998 -0.164368 -0.619317 0.172880 -0.298001 -0.600252 0.166040 -0.065923 -0.397496 0.193838 -0.097612 -0.510092 0.222284 -0.202456 -0.555904 0.211696 
0.000000 0.000000 0.000000 -0.000609 -0.000743 -0.074986 0.010430 -0.429756 -0.080567 -0.001567 -0.366707 0.040750 -0.008900 -0.293742 0.112616 -0.015272 -0.218555 0.174274 -0.199531 -0.240990 -0.051366 -0.324003 -0.391321 -0.036587 -0.396788 -0.524594 -0.004534 -0.027231 -0.647017 -0.027657 -0.049992 -0.778324 0.004321 -0.156626 -0.802286 0.044917 -0.088081 -0.577786 0.107349 -0.146923 -0.721350 0.152646 -0.263231 -0.668874 0.201206 -0.100540 -0.469895 0.185322 -0.166252 -0.596207 0.237456 -0.299551 -0.574509 0.232101 -0.059723 -0.378544 0.229173 -0.090319 -0.488668 0.266961 -0.196489 -0.532381 0.262460 
0.000000 0.000000 0.000000 -0.004788 -0.009041 -0.074292 -0.003235 -0.436165 -0.032245 -0.007128 -0.359740 0.081690 -0.008900 -0.279079 0.145196 -0.010231 -0.197369 0.198272 -0.204483 -0.241990 -0.013439 -0.329439 -0.387754 0.024639 -0.402592 -0.515333 0.074228 -0.041564 -0.647266 0.041155 -0.064729 -0.774850 0.085516 -0.170417 -0.791468 0.131852 -0.093421 -0.560516 0.175055 -0.152112 -0.697072 0.238556 -0.264834 -0.636661 0.286342 -0.098844 -0.446573 0.237767 -0.163340 -0.566677 0.304147 -0.296041 -0.541187 0.301187 -0.052035 -0.349087 0.274564 -0.080810 -0.453517 0.327077 -0.188526 -0.493325 0.331034 
0.000000 0.000000 0.000000 -0.014195 -0.014606 -0.072174 -0.034068 -0.435984 0.006888 -0.019559 -0.350582 0.113345 -0.008720 -0.265167 0.169283 0.001372 -0.179577 0.214758 -0.244195 -0.216142 -0.006375 -0.336560 -0.365509 0.080052 -0.412671 -0.483261 0.146597 -0.073814 -0.636177 0.105696 -0.097836 -0.757168 0.165413 -0.201739 -0.761695 0.218109 -0.109658 -0.537702 0.228855 -0.170938 -0.664970 0.307418 -0.277624 -0.595043 0.356075 -0.105562 -0.416067 0.281374 -0.175004 -0.524273 0.361749 -0.305955 -0.490814 0.362393 -0.046723 -0.320548 0.306413 -0.079828 -0.417581 0.369500 -0.189400 -0.449926 0.381778 
0.000000 0.000000 0.000000 -0.021413 -0.018195 -0.069529 -0.061579 -0.431123 0.040393 -0.032236 -0.340265 0.138987 -0.010989 -0.252397 0.187672 0.008606 -0.164979 0.226007 -0.246867 -0.212458 0.026795 -0.357459 -0.346422 0.116986 -0.436150 -0.454696 0.195543 -0.103443 -0.626427 0.147742 -0.128744 -0.744463 0.212621 -0.229991 -0.739192 0.270193 -0.125536 -0.517318 0.267136 -0.188993 -0.637738 0.354296 -0.288936 -0.558795 0.403475 -0.113521 -0.391808 0.309186 -0.187043 -0.491774 0.396320 -0.315569 -0.450084 0.399656 -0.046107 -0.297926 0.325596 -0.083767 -0.389435 0.394145 -0.194227 -0.414193 0.413863 
0.000000 0.000000 0.000000 -0.018470 -0.021653 -0.069382 -0.053043 -0.430400 0.056857 -0.029372 -0.334742 0.152388 -0.011922 -0.244390 0.197933 0.004259 -0.154967 0.233106 -0.234241 -0.206978 0.060785 -0.369257 -0.322942 0.142236 -0.446047 -0.426371 0.228797 -0.102162 -0.614168 0.180294 -0.131848 -0.725232 0.254897 -0.230441 -0.715356 0.316338 -0.122435 -0.499644 0.295990 -0.185730 -0.611799 0.393659 -0.281829 -0.528697 0.443642 -0.108290 -0.376830 0.331675 -0.177392 -0.471797 0.427576 -0.304732 -0.427128 0.435134 -0.046297 -0.282833 0.341182 -0.081097 -0.370846 0.415573 -0.191039 -0.392819 0.440732 
0.000000 0.000000 0.000000 -0.022340 -0.023565 -0.067598 -0.049567 -0.428580 0.071784 -0.020594 -0.330313 0.163114 -0.000646 -0.238742 0.205057 0.017452 -0.148388 0.236743 -0.253636 -0.197646 0.050910 -0.340765 -0.326754 0.169446 -0.412132 -0.428733 0.262150 -0.087479 -0.611309 0.200598 -0.110392 -0.721745 0.278449 -0.207352 -0.711429 0.342367 -0.103437 -0.491489 0.316847 -0.159782 -0.601112 0.421407 -0.255533 -0.517874 0.471829 -0.091842 -0.366565 0.346684 -0.157236 -0.458222 0.448239 -0.285027 -0.415283 0.457922 -0.020853 -0.272771 0.353567 -0.047220 -0.358386 0.433980 -0.155728 -0.381256 0.464082 
0.000000 0.000000 0.000000 -0.018450 -0.026216 -0.067796 -0.029710 -0.428921 0.080214 -0.009481 -0.327249 0.170162 0.003997 -0.233837 0.210596 0.016088 -0.141966 0.240744 -0.227148 -0.209696 0.075823 -0.336007 -0.332535 0.182460 -0.402776 -0.434298 0.278756 -0.065139 -0.608179 0.214496 -0.086551 -0.716518 0.295652 -0.182174 -0.707091 0.361687 -0.086357 -0.487301 0.328111 -0.138643 -0.596158 0.435540 -0.234942 -0.514138 0.486906 -0.076702 -0.365214 0.355307 -0.134568 -0.459419 0.459075 -0.262976 -0.419093 0.471460 -0.019141 -0.265253 0.359680 -0.043389 -0.350113 0.441546 -0.150973 -0.374510 0.473697 
0.000000 0.000000 0.000000 -0.021029 -0.026546 -0.066910 -0.028215 -0.428330 0.083833 -0.004328 -0.326206 0.172361 0.010956 -0.232608 0.211707 0.024470 -0.140606 0.240837 -0.230393 -0.209645 0.076225 -0.328851 -0.335136 0.189667 -0.393164 -0.437203 0.287305 -0.060719 -0.609206 0.216676 -0.080364 -0.718523 0.296963 -0.175585 -0.709874 0.363681 -0.076637 -0.488633 0.330042 -0.125816 -0.599106 0.437288 -0.222814 -0.518170 0.489059 -0.068608 -0.360303 0.360291 -0.125661 -0.451868 0.466835 -0.254458 -0.413080 0.480053 -0.006901 -0.265502 0.359171 -0.028494 -0.351471 0.440623 -0.135274 -0.377573 0.474087 
0.000000 0.000000 0.000000 -0.022440 -0.026935 -0.066294 -0.027314 -0.427720 0.087175 -0.001431 -0.325075 0.174531 0.014830 -0.231256 0.212948 0.029111 -0.139096 0.241197 -0.236620 -0.206086 0.074696 -0.324170 -0.332852 0.195429 -0.387868 -0.434289 0.294120 -0.054945 -0.606668 0.223683 -0.071645 -0.714819 0.306184 -0.166330 -0.706402 0.373690 -0.075343 -0.484220 0.334795 -0.125613 -0.592461 0.443797 -0.222938 -0.511660 0.495163 -0.068595 -0.354470 0.363189 -0.128416 -0.442821 0.470921 -0.257534 -0.405244 0.484504 -0.005346 -0.260534 0.362241 -0.029063 -0.344123 0.445558 -0.135407 -0.370675 0.480041 
0.000000 0.000000 0.000000 -0.025767 -0.026396 -0.065293 -0.033831 -0.426954 0.088634 -0.001972 -0.324951 0.174758 0.018064 -0.231543 0.212386 0.035665 -0.139747 0.239937 -0.242059 -0.213402 0.061565 -0.321136 -0.341970 0.186178 -0.385646 -0.443828 0.283903 -0.056004 -0.608429 0.222781 -0.069405 -0.718107 0.303856 -0.164167 -0.710330 0.371331 -0.069749 -0.488055 0.333748 -0.115846 -0.598988 0.441884 -0.213597 -0.518817 0.493426 -0.064301 -0.359663 0.359066 -0.123362 -0.451534 0.464244 -0.252822 -0.415291 0.478194 0.001539 -0.262271 0.359977 -0.021951 -0.346606 0.442603 -0.128108 -0.373727 0.477218 
0.000000 0.000000 0.000000 -0.025192 -0.026464 -0.065490 -0.032178 -0.427217 0.087981 -0.001432 -0.325136 0.174418 0.017862 -0.231663 0.212272 0.034796 -0.139805 0.240031 -0.238172 -0.216572 0.062356 -0.322961 -0.345446 0.182827 -0.388078 -0.447740 0.279691 -0.054521 -0.610427 0.219719 -0.068024 -0.721155 0.299338 -0.163340 -0.714482 0.366147 -0.068330 -0.487092 0.334946 -0.113830 -0.597245 0.444128 -0.212371 -0.517662 0.495076 -0.058216 -0.362369 0.360062 -0.112768 -0.456092 0.466037 -0.242502 -0.421063 0.480529 0.002358 -0.262475 0.360390 -0.019970 -0.346911 0.443234 -0.125975 -0.375066 0.477487 
0.000000 0.000000 0.000000 -0.021955 -0.026270 -0.066721 -0.024594 -0.428955 0.081748 0.000162 -0.327220 0.170484 0.015575 -0.233770 0.210131 0.029064 -0.141868 0.239583 -0.227778 -0.220189 0.066988 -0.321887 -0.350216 0.179006 -0.387036 -0.454325 0.273894 -0.050243 -0.614012 0.210263 -0.065745 -0.725856 0.287934 -0.161672 -0.720903 0.354014 -0.069403 -0.492427 0.326502 -0.116717 -0.604791 0.432616 -0.216529 -0.526881 0.483673 -0.061373 -0.368328 0.353961 -0.116549 -0.464814 0.457095 -0.246859 -0.431869 0.471301 -0.005422 -0.268278 0.355416 -0.029159 -0.355290 0.435146 -0.135235 -0.385160 0.467686 
0.000000 0.000000 0.000000 -0.020059 -0.025884 -0.067465 -0.020046 -0.430107 0.076791 0.001197 -0.328960 0.167097 0.014326 -0.235718 0.208034 0.025783 -0.143943 0.238719 -0.231438 -0.217582 0.060665 -0.317876 -0.350075 0.175927 -0.382761 -0.455566 0.269459 -0.046211 -0.614845 0.205660 -0.062025 -0.726496 0.283545 -0.158457 -0.723160 0.348989 -0.067901 -0.495577 0.321817 -0.114897 -0.608901 0.427049 -0.215719 -0.532476 0.478368 -0.065780 -0.368738 0.351568 -0.123222 -0.464123 0.454491 -0.254177 -0.433257 0.467385 -0.004481 -0.269049 0.357120 -0.025313 -0.355162 0.438618 -0.131145 -0.386351 0.470712 
0.000000 0.000000 0.000000 -0.018435 -0.025949 -0.067902 -0.015238 -0.430600 0.075111 0.002872 -0.329455 0.166098 0.013895 -0.236168 0.207552 0.023456 -0.144339 0.238720 -0.208001 -0.227968 0.077354 -0.326620 -0.354378 0.168247 -0.391668 -0.460677 0.260745 -0.042238 -0.616124 0.202674 -0.058557 -0.728249 0.279769 -0.155095 -0.725934 0.345100 -0.067764 -0.497356 0.318722 -0.115807 -0.611553 0.422527 -0.217366 -0.536027 0.473721 -0.066362 -0.369838 0.350398 -0.123912 -0.465687 0.452827 -0.255153 -0.435902 0.465343 -0.007757 -0.271996 0.354113 -0.029242 -0.359866 0.433540 -0.134943 -0.392426 0.464689 
0.000000 0.000000 0.000000 -0.019840 -0.024862 -0.067913 -0.015569 -0.431612 0.068985 0.004697 -0.331907 0.161100 0.016896 -0.239293 0.203715 0.027431 -0.147976 0.236054 -0.221518 -0.225576 0.062032 -0.324295 -0.358305 0.162685 -0.389267 -0.466168 0.253410 -0.040750 -0.617939 0.195746 -0.055968 -0.730549 0.272357 -0.153098 -0.729821 0.336843 -0.064086 -0.500196 0.314142 -0.110868 -0.614656 0.418233 -0.213428 -0.540595 0.469574 -0.061750 -0.376115 0.344456 -0.118145 -0.474225 0.445376 -0.249881 -0.446476 0.457359 -0.003286 -0.275511 0.351717 -0.024429 -0.363295 0.431329 -0.130008 -0.397205 0.461433 
0.000000 0.000000 0.000000 -0.016990 -0.024530 -0.068800 -0.009220 -0.432541 0.064136 0.005856 -0.333433 0.157877 0.014714 -0.241051 0.201802 0.022288 -0.149891 0.235387 -0.212709 -0.228308 0.065419 -0.321962 -0.360298 0.160042 -0.386581 -0.469402 0.249528 -0.032672 -0.619996 0.189558 -0.046846 -0.733289 0.265359 -0.143897 -0.733895 0.329965 -0.064096 -0.504386 0.307398 -0.111674 -0.620657 0.409093 -0.214997 -0.548194 0.461177 -0.058352 -0.381349 0.342129 -0.110744 -0.481952 0.442752 -0.242715 -0.455681 0.455464 -0.007802 -0.277851 0.350744 -0.028513 -0.365928 0.430146 -0.133979 -0.400877 0.459448 
0.000000 0.000000 0.000000 -0.017628 -0.023255 -0.069082 -0.009802 -0.433595 0.056477 0.006313 -0.336216 0.151842 0.015777 -0.244655 0.197335 0.023867 -0.154129 0.232477 -0.211335 -0.231448 0.061224 -0.321907 -0.365410 0.151441 -0.386417 -0.476483 0.238551 -0.035156 -0.623160 0.178305 -0.050480 -0.737729 0.251935 -0.148051 -0.740067 0.315712 -0.062691 -0.512242 0.295813 -0.109623 -0.631965 0.393734 -0.213460 -0.560932 0.446759 -0.060252 -0.386873 0.334110 -0.114770 -0.488852 0.432186 -0.247023 -0.463539 0.443877 -0.005464 -0.284983 0.344741 -0.025653 -0.375053 0.422015 -0.131144 -0.410886 0.450137 
0.000000 0.000000 0.000000 -0.018343 -0.022290 -0.069214 -0.010337 -0.434285 0.050796 0.006927 -0.338223 0.147290 0.017050 -0.247299 0.193904 0.025699 -0.157269 0.230168 -0.224866 -0.228610 0.043155 -0.317178 -0.368863 0.143747 -0.381845 -0.481250 0.229036 -0.037519 -0.627479 0.166369 -0.053947 -0.744241 0.236218 -0.152134 -0.748067 0.298969 -0.066891 -0.514182 0.288937 -0.117097 -0.633859 0.385277 -0.221920 -0.563824 0.437683 -0.063312 -0.388371 0.329382 -0.120936 -0.489529 0.426528 -0.253425 -0.464873 0.436865 -0.005654 -0.289381 0.340393 -0.027235 -0.380316 0.416264 -0.132804 -0.416984 0.442981 
0.000000 0.000000 0.000000 -0.013623 -0.021653 -0.070494 -0.001932 -0.435155 0.043895 0.007065 -0.340222 0.142606 0.012024 -0.249818 0.191031 0.016147 -0.160181 0.229025 -0.203112 -0.237287 0.053773 -0.321681 -0.372218 0.131531 -0.386587 -0.486320 0.214323 -0.031022 -0.627876 0.159794 -0.048604 -0.744351 0.229840 -0.147240 -0.749290 0.291805 -0.066233 -0.518819 0.281187 -0.116085 -0.640291 0.375442 -0.221851 -0.571912 0.428141 -0.064198 -0.396011 0.323437 -0.118853 -0.500841 0.418380 -0.251553 -0.477132 0.428217 -0.012408 -0.294906 0.336821 -0.032064 -0.387640 0.411019 -0.137718 -0.425396 0.435815 
0.000000 0.000000 0.000000 -0.015545 -0.020382 -0.070476 -0.004185 -0.435797 0.036795 0.008004 -0.342581 0.136791 0.014865 -0.253030 0.186550 0.020625 -0.164067 0.225893 -0.203729 -0.239057 0.050416 -0.321482 -0.375889 0.126062 -0.386738 -0.491559 0.206367 -0.027731 -0.631633 0.148661 -0.041963 -0.749990 0.216270 -0.140664 -0.756913 0.277940 -0.061524 -0.524855 0.272497 -0.108813 -0.648828 0.364796 -0.214714 -0.581433 0.418482 -0.061945 -0.400530 0.317155 -0.117023 -0.506297 0.410806 -0.249899 -0.483356 0.420064 -0.010045 -0.299415 0.332320 -0.031156 -0.392577 0.405576 -0.136950 -0.430712 0.429163 
0.000000 0.000000 0.000000 -0.015667 -0.018773 -0.070894 -0.002638 -0.436553 0.026548 0.009511 -0.345672 0.128676 0.016208 -0.257293 0.180509 0.021779 -0.169261 0.221918 -0.199896 -0.243533 0.044815 -0.315175 -0.384174 0.117219 -0.379631 -0.502152 0.194765 -0.026940 -0.636113 0.131454 -0.041628 -0.756722 0.194857 -0.140088 -0.765569 0.256667 -0.058707 -0.532071 0.259352 -0.105105 -0.658848 0.348231 -0.211115 -0.593122 0.403740 -0.057686 -0.410611 0.305997 -0.110673 -0.520549 0.395979 -0.243593 -0.498470 0.406594 -0.009464 -0.309349 0.321845 -0.030970 -0.405774 0.390627 -0.136557 -0.444992 0.413352 
0.000000 0.000000 0.000000 -0.015374 -0.016503 -0.071521 0.001325 -0.437208 0.011754 0.012465 -0.349730 0.116923 0.018264 -0.263099 0.171731 0.022955 -0.176472 0.216106 -0.201206 -0.243931 0.036134 -0.317487 -0.386240 0.103497 -0.381240 -0.507378 0.176626 -0.020236 -0.639426 0.112069 -0.033268 -0.761641 0.172696 -0.131407 -0.773678 0.234477 -0.056867 -0.540446 0.240595 -0.104024 -0.670160 0.324708 -0.210870 -0.607527 0.382156 -0.054782 -0.419888 0.293367 -0.107161 -0.532315 0.380587 -0.240325 -0.512056 0.391760 -0.005733 -0.318309 0.314318 -0.025480 -0.415937 0.381920 -0.130691 -0.456831 0.403401 
0.000000 0.000000 0.000000 -0.015147 -0.014855 -0.071929 0.009723 -0.437259 -0.000086 0.019320 -0.352460 0.107404 0.023527 -0.267248 0.164532 0.026615 -0.181779 0.211232 -0.210563 -0.240600 0.021334 -0.305394 -0.392708 0.099957 -0.367157 -0.516402 0.170469 -0.008252 -0.642592 0.094442 -0.019116 -0.766690 0.151572 -0.116608 -0.782270 0.213587 -0.042393 -0.546888 0.229321 -0.084367 -0.679126 0.312242 -0.191489 -0.619451 0.372268 -0.045881 -0.428261 0.282732 -0.095651 -0.543717 0.367489 -0.229077 -0.526268 0.380187 0.001596 -0.326259 0.306552 -0.015625 -0.425708 0.372163 -0.119958 -0.469039 0.393141 
0.000000 0.000000 0.000000 -0.012257 -0.014132 -0.072622 0.023687 -0.436677 -0.006521 0.026980 -0.353407 0.102531 0.026555 -0.269062 0.161081 0.025351 -0.184321 0.209175 -0.189892 -0.250699 0.029007 -0.301045 -0.398726 0.092600 -0.360354 -0.525163 0.160297 0.007170 -0.642884 0.086354 -0.002813 -0.767511 0.142485 -0.099874 -0.786444 0.204240 -0.031615 -0.552381 0.218507 -0.071469 -0.687712 0.297387 -0.179965 -0.631551 0.358327 -0.038382 -0.433428 0.277186 -0.084946 -0.551289 0.360441 -0.218722 -0.537618 0.374048 0.004956 -0.331741 0.301032 -0.009081 -0.433213 0.364260 -0.112401 -0.479295 0.384375 
0.000000 0.000000 0.000000 -0.014516 -0.014677 -0.072096 0.025416 -0.436606 -0.004375 0.031831 -0.352586 0.103959 0.032906 -0.267847 0.161930 0.032866 -0.182789 0.209474 -0.189742 -0.251071 0.034018 -0.299387 -0.398990 0.100417 -0.356610 -0.526109 0.168631 0.011837 -0.643605 0.087207 0.003631 -0.768709 0.142557 -0.092410 -0.787737 0.205859 -0.025709 -0.551226 0.221030 -0.064844 -0.686329 0.300655 -0.173286 -0.629993 0.361533 -0.032225 -0.432279 0.277834 -0.078929 -0.550187 0.360945 -0.212486 -0.536460 0.376501 0.012583 -0.330500 0.300887 -0.001378 -0.432172 0.363808 -0.104331 -0.478541 0.385106 
0.000000 0.000000 0.000000 -0.020769 -0.018068 -0.069757 0.004096 -0.436852 0.020835 0.022935 -0.347119 0.122963 0.032570 -0.259322 0.175321 0.040297 -0.171755 0.217365 -0.222182 -0.233015 0.035490 -0.293210 -0.386286 0.134354 -0.351128 -0.507543 0.212001 -0.006295 -0.637517 0.125934 -0.012575 -0.758793 0.189453 -0.106712 -0.770511 0.257234 -0.034902 -0.537344 0.253131 -0.074239 -0.666724 0.341663 -0.178330 -0.603235 0.403092 -0.033916 -0.414434 0.302733 -0.081590 -0.525659 0.394095 -0.213869 -0.505912 0.413596 0.018149 -0.313520 0.317356 0.002905 -0.411100 0.386183 -0.100480 -0.453102 0.413580 
0.000000 0.000000 0.000000 -0.022356 -0.023805 -0.067509 -0.007248 -0.433037 0.060968 0.015610 -0.334872 0.154125 0.028423 -0.242945 0.198031 0.039158 -0.152140 0.231714 -0.223448 -0.222416 0.066514 -0.301449 -0.361920 0.179500 -0.359831 -0.473112 0.270684 -0.020864 -0.623082 0.183921 -0.029094 -0.737941 0.258230 -0.121518 -0.740602 0.329249 -0.043235 -0.512251 0.300918 -0.083257 -0.632895 0.400758 -0.183705 -0.562239 0.460401 -0.037061 -0.384016 0.341295 -0.084017 -0.485172 0.444025 -0.215091 -0.459206 0.464355 0.014502 -0.282887 0.345219 -0.002469 -0.372883 0.423347 -0.106502 -0.407954 0.457262 
0.000000 0.000000 0.000000 -0.025920 -0.029120 -0.064063 -0.012629 -0.425727 0.099435 0.016398 -0.320313 0.182395 0.032983 -0.225205 0.217350 0.046996 -0.132064 0.242325 -0.234977 -0.209248 0.083230 -0.298491 -0.336696 0.217521 -0.354859 -0.437338 0.321352 -0.022023 -0.603024 0.240494 -0.027701 -0.710178 0.325746 -0.118013 -0.704246 0.399242 -0.042329 -0.479734 0.348560 -0.082271 -0.588162 0.461575 -0.179489 -0.510780 0.518144 -0.028528 -0.351283 0.375573 -0.072634 -0.441689 0.489029 -0.202741 -0.411260 0.509388 0.025596 -0.253123 0.366717 0.010865 -0.336449 0.452337 -0.092502 -0.366586 0.492463 
0.000000 0.000000 0.000000 -0.022865 -0.032722 -0.063485 -0.006121 -0.420819 0.119013 0.017345 -0.310952 0.197852 0.030377 -0.213928 0.228819 0.041250 -0.119399 0.249827 -0.218445 -0.205542 0.108934 -0.299425 -0.323835 0.242200 -0.354119 -0.418771 0.352121 -0.022523 -0.587642 0.271726 -0.032437 -0.688464 0.364022 -0.122448 -0.678355 0.437433 -0.040366 -0.460484 0.373305 -0.079618 -0.562187 0.492638 -0.175920 -0.481743 0.546436 -0.031587 -0.333522 0.391827 -0.076019 -0.419278 0.508714 -0.205791 -0.386463 0.527430 0.020120 -0.231028 0.382788 0.005575 -0.307865 0.474308 -0.098051 -0.334993 0.515885 
0.000000 0.000000 0.000000 -0.023559 -0.034951 -0.062027 -0.002109 -0.416615 0.133109 0.021831 -0.304045 0.207888 0.034746 -0.205971 0.235404 0.045378 -0.110735 0.253081 -0.207713 -0.212985 0.117521 -0.301010 -0.328111 0.245400 -0.354085 -0.420618 0.358149 -0.013475 -0.580121 0.289815 -0.020344 -0.678940 0.384523 -0.110492 -0.667788 0.457613 -0.032163 -0.451671 0.386117 -0.068885 -0.552078 0.507338 -0.166099 -0.471054 0.558562 -0.023301 -0.321443 0.402767 -0.064924 -0.404243 0.522777 -0.194985 -0.371973 0.540408 0.027174 -0.220657 0.387884 0.014644 -0.296318 0.480672 -0.088750 -0.323064 0.523069 
0.000000 0.000000 0.000000 -0.018997 -0.037213 -0.062275 0.014576 -0.413827 0.140802 0.029249 -0.298886 0.214357 0.035708 -0.199808 0.240516 0.040460 -0.103853 0.256805 -0.210682 -0.211160 0.113354 -0.289078 -0.326659 0.250558 -0.339385 -0.418668 0.364972 -0.000152 -0.572727 0.301904 -0.009053 -0.668761 0.399271 -0.100783 -0.659148 0.470590 -0.026313 -0.439692 0.397554 -0.064103 -0.535459 0.522153 -0.164926 -0.456336 0.569204 -0.023310 -0.309438 0.411431 -0.065630 -0.388049 0.533987 -0.196893 -0.358989 0.547894 0.027485 -0.210250 0.394999 0.018553 -0.283485 0.490120 -0.084699 -0.312749 0.531177 
0.000000 0.000000 0.000000 -0.020973 -0.038046 -0.061128 0.011874 -0.411388 0.148017 0.029908 -0.295369 0.219089 0.038400 -0.195942 0.243266 0.044913 -0.099789 0.257674 -0.219913 -0.211443 0.106808 -0.287095 -0.325588 0.250921 -0.338250 -0.416031 0.366204 0.002951 -0.571176 0.308666 -0.002441 -0.667748 0.405759 -0.094389 -0.658015 0.476780 -0.023551 -0.437704 0.401729 -0.059910 -0.534512 0.525950 -0.161874 -0.455689 0.571002 -0.021593 -0.304656 0.414426 -0.064611 -0.382611 0.537159 -0.196286 -0.354762 0.549576 0.027552 -0.204783 0.396459 0.015601 -0.277053 0.491987 -0.087888 -0.306063 0.532624 
0.000000 0.000000 0.000000 -0.022251 -0.037783 -0.060838 0.005053 -0.411156 0.149049 0.025990 -0.295330 0.219640 0.036651 -0.196028 0.243467 0.045183 -0.099985 0.257551 -0.222602 -0.211197 0.105395 -0.290560 -0.324982 0.249429 -0.342808 -0.415144 0.364441 -0.006220 -0.571329 0.309166 -0.013033 -0.668134 0.405937 -0.105300 -0.657737 0.476448 -0.027524 -0.437999 0.402004 -0.063920 -0.535034 0.526036 -0.165799 -0.455891 0.570717 -0.024930 -0.304463 0.414239 -0.069087 -0.382218 0.536694 -0.200728 -0.354049 0.548743 0.028237 -0.204970 0.396394 0.016573 -0.277234 0.491961 -0.087026 -0.305856 0.532595 
0.000000 0.000000 0.000000 -0.022271 -0.037776 -0.060835 -0.000287 -0.410612 0.150626 0.021445 -0.294747 0.220911 0.033019 -0.195473 0.244430 0.042491 -0.099474 0.258207 -0.212333 -0.211747 0.116526 -0.299357 -0.324524 0.250763 -0.353948 -0.414110 0.365134 -0.012729 -0.570895 0.310546 -0.020250 -0.667766 0.407198 -0.112766 -0.656608 0.477265 -0.032015 -0.435659 0.404651 -0.068375 -0.531499 0.529619 -0.169463 -0.451045 0.573752 -0.033366 -0.302464 0.414312 -0.080968 -0.379183 0.536127 -0.212504 -0.350248 0.547491 0.024062 -0.204733 0.396652 0.011377 -0.277185 0.491947 -0.092595 -0.305071 0.532138 
0.000000 0.000000 0.000000 -0.018663 -0.038188 -0.061784 0.003828 -0.410846 0.149937 0.019535 -0.294631 0.221242 0.027531 -0.195150 0.245366 0.033929 -0.098973 0.259662 -0.210185 -0.206710 0.119230 -0.307456 -0.316459 0.248863 -0.364086 -0.405113 0.362969 -0.013648 -0.566557 0.313855 -0.024210 -0.660664 0.412922 -0.116890 -0.649212 0.482724 -0.038729 -0.433603 0.404999 -0.078358 -0.528124 0.529979 -0.179398 -0.447333 0.573603 -0.036327 -0.301140 0.416836 -0.082118 -0.377141 0.539791 -0.213561 -0.347904 0.551448 0.012623 -0.202232 0.399197 -0.002043 -0.273307 0.495241 -0.106303 -0.300806 0.534949 
0.000000 0.000000 0.000000 -0.020989 -0.037700 -0.061336 -0.001008 -0.411057 0.149402 0.018891 -0.295300 0.220405 0.029558 -0.196043 0.244417 0.038314 -0.100041 0.258641 -0.200074 -0.212391 0.126434 -0.312135 -0.321701 0.243929 -0.369460 -0.411105 0.357100 -0.017525 -0.570111 0.310180 -0.027507 -0.666238 0.407349 -0.120310 -0.655051 0.477032 -0.040706 -0.433321 0.404450 -0.081241 -0.527195 0.529627 -0.182499 -0.446436 0.572800 -0.038508 -0.301354 0.414683 -0.087315 -0.376869 0.536773 -0.218840 -0.347891 0.548154 0.015173 -0.203780 0.397525 -0.000756 -0.275187 0.493121 -0.104955 -0.302855 0.532874 
0.000000 0.000000 0.000000 -0.022450 -0.037326 -0.061047 -0.001418 -0.411542 0.148060 0.020745 -0.296186 0.219045 0.032653 -0.197097 0.243172 0.042437 -0.101216 0.257537 -0.199904 -0.214821 0.125639 -0.309849 -0.326056 0.243325 -0.366271 -0.416070 0.356467 -0.016458 -0.571303 0.308279 -0.025548 -0.667859 0.405111 -0.117962 -0.657136 0.475381 -0.032795 -0.437495 0.402456 -0.069210 -0.533605 0.527201 -0.170230 -0.453367 0.571877 -0.035601 -0.304035 0.412344 -0.084543 -0.380716 0.533652 -0.216110 -0.352491 0.546366 0.018767 -0.206018 0.395532 0.002474 -0.278155 0.490517 -0.101278 -0.306404 0.531022 
0.000000 0.000000 0.000000 -0.017618 -0.037691 -0.062393 0.011171 -0.412719 0.144322 0.024260 -0.297212 0.217287 0.030190 -0.197936 0.242809 0.034633 -0.101857 0.258451 -0.200582 -0.212283 0.121694 -0.296810 -0.325079 0.249477 -0.352071 -0.416439 0.362111 -0.004210 -0.571762 0.305223 -0.013505 -0.667883 0.402466 -0.106307 -0.659332 0.472522 -0.027135 -0.436952 0.402505 -0.062090 -0.531995 0.528480 -0.164567 -0.453619 0.573147 -0.032021 -0.304113 0.414768 -0.076629 -0.380248 0.538074 -0.208594 -0.354105 0.551108 0.016542 -0.204048 0.399220 0.004089 -0.274388 0.496114 -0.099278 -0.304525 0.536240 
0.000000 0.000000 0.000000 -0.017052 -0.038717 -0.061920 0.021526 -0.410873 0.148358 0.032290 -0.294365 0.220100 0.036034 -0.194725 0.244601 0.038316 -0.098417 0.259263 -0.191951 -0.222341 0.121217 -0.285485 -0.338811 0.247697 -0.338740 -0.431207 0.360451 0.014474 -0.570242 0.309516 0.010212 -0.666560 0.406916 -0.083295 -0.660886 0.476324 -0.015973 -0.435754 0.404908 -0.048799 -0.531919 0.530604 -0.154413 -0.456751 0.573440 -0.023346 -0.303435 0.415978 -0.065925 -0.381386 0.538866 -0.198883 -0.360163 0.550692 0.026077 -0.201766 0.399817 0.017652 -0.272902 0.496564 -0.084795 -0.306646 0.536175 
0.000000 0.000000 0.000000 -0.012048 -0.040317 -0.062075 0.041796 -0.407218 0.154003 0.042207 -0.289587 0.224712 0.038587 -0.189686 0.248146 0.034116 -0.093297 0.261731 -0.175437 -0.227563 0.127897 -0.277675 -0.344729 0.246769 -0.329027 -0.437671 0.359958 0.035261 -0.563056 0.318599 0.031311 -0.657240 0.418077 -0.063261 -0.655073 0.486229 -0.003982 -0.430032 0.410766 -0.035396 -0.525555 0.537309 -0.145069 -0.454719 0.577228 -0.017348 -0.298258 0.420764 -0.057457 -0.376111 0.544542 -0.191409 -0.360844 0.554129 0.021138 -0.193698 0.404340 0.012204 -0.262806 0.502501 -0.089257 -0.301125 0.540454 
0.000000 0.000000 0.000000 -0.007693 -0.041702 -0.061852 0.061818 -0.402069 0.160654 0.052938 -0.283814 0.229748 0.042543 -0.184055 0.251714 0.031810 -0.087968 0.263858 -0.164577 -0.236087 0.126425 -0.262744 -0.357721 0.244237 -0.311736 -0.451531 0.357755 0.059676 -0.555630 0.327490 0.058382 -0.648439 0.428321 -0.037410 -0.650760 0.494742 0.009892 -0.423149 0.417384 -0.019385 -0.517917 0.545003 -0.133671 -0.452681 0.581366 -0.010321 -0.290037 0.426891 -0.048227 -0.366033 0.552504 -0.182953 -0.357971 0.559706 0.023594 -0.185233 0.408973 0.017938 -0.252182 0.508858 -0.082093 -0.295095 0.545673 
0.000000 0.000000 0.000000 0.001097 -0.042225 -0.061966 0.090961 -0.393715 0.167346 0.065053 -0.277050 0.234837 0.042934 -0.178903 0.255336 0.021563 -0.084435 0.266039 -0.151938 -0.238515 0.127498 -0.247697 -0.361340 0.246053 -0.293402 -0.455991 0.360243 0.091659 -0.541121 0.339657 0.092081 -0.630209 0.443797 -0.004271 -0.638513 0.508915 0.026576 -0.410824 0.427447 0.000406 -0.501810 0.558448 -0.118846 -0.443646 0.590623 -0.002719 -0.283757 0.433199 -0.035454 -0.358943 0.560738 -0.170540 -0.359587 0.565154 0.017193 -0.174043 0.416164 0.014186 -0.235722 0.519499 -0.083125 -0.284652 0.556100 
0.000000 0.000000 0.000000 0.005777 -0.042975 -0.061186 0.113348 -0.383817 0.176429 0.077501 -0.268244 0.241197 0.048044 -0.171586 0.259415 0.019865 -0.078693 0.267925 -0.136127 -0.250569 0.124863 -0.224921 -0.380468 0.241281 -0.267480 -0.477408 0.354762 0.122438 -0.526687 0.352286 0.127932 -0.613034 0.458569 0.031018 -0.630326 0.521035 0.042733 -0.402316 0.434304 0.019086 -0.493504 0.565644 -0.106512 -0.446372 0.591001 0.002752 -0.279801 0.435347 -0.029725 -0.357398 0.561501 -0.164284 -0.370048 0.560145 0.015894 -0.169107 0.417577 0.013161 -0.231341 0.520586 -0.080130 -0.288668 0.555423 
0.000000 0.000000 0.000000 0.015154 -0.042643 -0.059798 0.146290 -0.365146 0.191201 0.092352 -0.254068 0.251113 0.050256 -0.161513 0.265394 0.010555 -0.072650 0.270151 -0.115840 -0.258459 0.124890 -0.197808 -0.393504 0.240456 -0.236455 -0.491390 0.354524 0.154063 -0.504126 0.370211 0.158761 -0.588122 0.478399 0.062134 -0.616261 0.537259 0.060793 -0.386934 0.445600 0.039330 -0.477302 0.577878 -0.092062 -0.444316 0.594829 0.007924 -0.266199 0.444175 -0.022430 -0.341265 0.572372 -0.154500 -0.369099 0.565242 0.006825 -0.154286 0.424773 0.004258 -0.210477 0.531203 -0.083813 -0.275925 0.565310 
0.000000 0.000000 0.000000 0.025803 -0.040213 -0.057801 0.182356 -0.339140 0.207414 0.108358 -0.236882 0.261310 0.052292 -0.151402 0.270905 -0.000133 -0.069262 0.271245 -0.089259 -0.267598 0.123590 -0.161258 -0.409880 0.237093 -0.194335 -0.510639 0.350409 0.193654 -0.468917 0.393022 0.200483 -0.547351 0.505199 0.105941 -0.587480 0.560378 0.079072 -0.366449 0.458361 0.059154 -0.454572 0.592384 -0.076373 -0.439558 0.599186 0.009572 -0.256262 0.449491 -0.021060 -0.331453 0.577549 -0.147473 -0.377016 0.562997 -0.004874 -0.145018 0.428804 -0.008137 -0.197163 0.537255 -0.089139 -0.272039 0.569431 
0.000000 0.000000 0.000000 0.035514 -0.036470 -0.055069 0.211152 -0.309446 0.225717 0.119741 -0.218285 0.272307 0.051777 -0.141428 0.276340 -0.011416 -0.067411 0.271471 -0.067303 -0.270627 0.125057 -0.131639 -0.417148 0.237768 -0.160674 -0.518551 0.351616 0.223257 -0.427090 0.419195 0.230574 -0.498190 0.536128 0.139275 -0.549063 0.587796 0.088709 -0.341848 0.472916 0.067604 -0.425888 0.609357 -0.068807 -0.429743 0.605294 0.010630 -0.242116 0.457675 -0.018874 -0.314315 0.587704 -0.136999 -0.376873 0.567678 -0.018185 -0.137033 0.431762 -0.022845 -0.184955 0.542094 -0.096167 -0.267744 0.573285 
0.000000 0.000000 0.000000 0.041351 -0.034803 -0.051988 0.226900 -0.281174 0.246471 0.125415 -0.197373 0.285398 0.050652 -0.127024 0.283453 -0.018667 -0.059349 0.272947 -0.042859 -0.274086 0.131038 -0.095553 -0.423814 0.245563 -0.120903 -0.524777 0.360674 0.249633 -0.394011 0.441845 0.263372 -0.462207 0.559924 0.176278 -0.522880 0.608158 0.099189 -0.319033 0.487847 0.081352 -0.401778 0.625541 -0.052662 -0.424077 0.612039 0.007749 -0.227380 0.464565 -0.023015 -0.299342 0.594434 -0.131195 -0.376666 0.570226 -0.028538 -0.127238 0.433820 -0.035332 -0.173967 0.544552 -0.101615 -0.262652 0.575288 
0.000000 0.000000 0.000000 0.049585 -0.029001 -0.048209 0.237815 -0.253611 0.265360 0.123876 -0.183210 0.295341 0.041493 -0.122512 0.286907 -0.034450 -0.063723 0.270414 -0.025969 -0.274670 0.130074 -0.073246 -0.428393 0.241632 -0.096795 -0.530066 0.356501 0.252667 -0.359480 0.465338 0.261644 -0.423465 0.586199 0.177109 -0.490919 0.629755 0.091300 -0.304216 0.497258 0.069143 -0.386517 0.634591 -0.060371 -0.422831 0.611208 -0.005005 -0.223037 0.467035 -0.038347 -0.295119 0.596199 -0.137826 -0.381825 0.566977 -0.049996 -0.128702 0.432038 -0.060697 -0.173428 0.543287 -0.121417 -0.266714 0.571817 
0.000000 0.000000 0.000000 0.057173 -0.023890 -0.042243 0.235893 -0.221610 0.294166 0.112398 -0.164077 0.310778 0.025112 -0.113156 0.292594 -0.054768 -0.063517 0.267090 -0.007370 -0.275807 0.131590 -0.047756 -0.433441 0.240364 -0.071715 -0.536100 0.354268 0.238134 -0.323611 0.496678 0.239488 -0.385258 0.619070 0.159095 -0.461622 0.655107 0.066408 -0.285163 0.510020 0.035129 -0.367518 0.645533 -0.083893 -0.422147 0.606948 -0.031756 -0.216956 0.467824 -0.072533 -0.291387 0.593474 -0.157691 -0.389665 0.556628 -0.083529 -0.130443 0.426087 -0.103325 -0.176510 0.535527 -0.156203 -0.275146 0.561568 
0.000000 0.000000 0.000000 0.062217 -0.019598 -0.036998 0.227468 -0.198976 0.316160 0.098825 -0.151453 0.321610 0.009578 -0.107930 0.295475 -0.071601 -0.065156 0.262677 0.008905 -0.275649 0.134589 -0.024455 -0.435869 0.241956 -0.048184 -0.541036 0.353597 0.219992 -0.293845 0.521986 0.215474 -0.351181 0.646381 0.140451 -0.435084 0.676793 0.046320 -0.274727 0.517878 0.010610 -0.358571 0.651368 -0.095658 -0.427772 0.600794 -0.055344 -0.214123 0.466419 -0.101896 -0.290271 0.588996 -0.172529 -0.397237 0.546132 -0.112152 -0.133833 0.418322 -0.140063 -0.181106 0.525455 -0.186417 -0.283729 0.548322 
0.000000 0.000000 0.000000 0.066112 -0.014056 -0.032488 0.221999 -0.176931 0.332719 0.089566 -0.141096 0.328949 -0.001194 -0.105807 0.296395 -0.083411 -0.070561 0.257750 0.032558 -0.274177 0.137974 0.011562 -0.436944 0.244637 -0.008283 -0.544208 0.355035 0.212058 -0.268551 0.539908 0.206050 -0.323924 0.665127 0.137807 -0.414437 0.692390 0.032637 -0.267232 0.522140 -0.006083 -0.353023 0.653538 -0.099301 -0.433425 0.594500 -0.067416 -0.218502 0.462612 -0.114902 -0.299312 0.581799 -0.171517 -0.412498 0.534348 -0.128270 -0.143325 0.410325 -0.159148 -0.193410 0.515346 -0.198067 -0.299634 0.535468 
0.000000 0.000000 0.000000 0.068500 -0.008801 -0.029227 0.217647 -0.164030 0.342074 0.083283 -0.137947 0.331921 -0.008103 -0.109025 0.295117 -0.090674 -0.079450 0.252660 0.048185 -0.274093 0.135254 0.035473 -0.440095 0.238175 0.018932 -0.550560 0.345928 0.198044 -0.254679 0.549000 0.186197 -0.309465 0.674061 0.124224 -0.405404 0.697474 0.024363 -0.270516 0.520146 -0.015710 -0.360681 0.648165 -0.096992 -0.448847 0.582900 -0.072796 -0.231777 0.454680 -0.119184 -0.319799 0.569097 -0.164004 -0.436792 0.518384 -0.141355 -0.161912 0.398323 -0.176240 -0.218672 0.498586 -0.208891 -0.327433 0.516138 