67
0.000000 0.000000 0.000000 -0.049250 0.007875 -0.056002 0.006715 -0.400056 -0.176636 0.069665 -0.357024 -0.061789 0.105112 -0.295964 0.020073 0.128499 -0.234035 0.084184 -0.193829 -0.197679 0.130252 -0.284296 -0.326302 0.246797 -0.229856 -0.442454 0.334158 -0.120907 -0.585802 -0.151510 -0.198039 -0.698061 -0.136325 -0.267429 -0.757166 -0.063627 -0.001385 -0.579495 -0.017823 -0.049710 -0.730806 0.012080 -0.141130 -0.756729 0.110110 0.075116 -0.504157 0.041745 0.053607 -0.653444 0.057286 -0.033308 -0.714806 0.140644 0.188002 -0.391305 0.132263 0.228959 -0.499558 0.165356 0.260395 -0.608261 0.185321 
0.000000 0.000000 0.000000 -0.053563 0.011061 -0.051309 -0.023679 -0.395389 -0.185464 0.050523 -0.357588 -0.075602 0.095181 -0.299948 0.004207 0.126335 -0.240555 0.067408 -0.195429 -0.193906 0.137659 -0.284200 -0.322161 0.255903 -0.229481 -0.442934 0.336566 -0.157016 -0.576837 -0.158667 -0.237600 -0.686499 -0.142471 -0.305389 -0.744962 -0.067771 -0.027691 -0.578360 -0.035394 -0.080888 -0.728515 -0.008046 -0.167465 -0.755454 0.094023 0.058887 -0.507624 0.020555 0.032862 -0.656540 0.032278 -0.050416 -0.720348 0.117492 0.188131 -0.401358 0.097573 0.230667 -0.512042 0.118337 0.263308 -0.621656 0.129400 
0.000000 0.000000 0.000000 -0.057757 0.014594 -0.045553 -0.055492 -0.387739 -0.194601 0.030127 -0.356235 -0.091250 0.084220 -0.302899 -0.014339 0.123364 -0.246790 0.047402 -0.194068 -0.193672 0.143895 -0.279363 -0.323992 0.262439 -0.223709 -0.450466 0.333105 -0.195667 -0.563860 -0.167176 -0.280385 -0.670304 -0.150601 -0.346122 -0.728311 -0.073744 -0.054789 -0.575390 -0.056114 -0.112544 -0.724447 -0.032218 -0.193330 -0.753130 0.074038 0.039047 -0.509330 -0.006653 0.006656 -0.657355 -0.001142 -0.072792 -0.724339 0.085282 0.185690 -0.409666 0.060564 0.228590 -0.521777 0.069623 0.260917 -0.632034 0.070770 
0.000000 0.000000 0.000000 -0.061665 0.017805 -0.038786 -0.087737 -0.379039 -0.199804 0.009087 -0.353586 -0.105032 0.072533 -0.304508 -0.032561 0.119637 -0.251708 0.026480 -0.191293 -0.192454 0.153136 -0.272406 -0.324020 0.273228 -0.215542 -0.455019 0.333997 -0.233204 -0.550134 -0.168405 -0.321120 -0.653540 -0.149428 -0.383579 -0.711293 -0.069700 -0.082318 -0.570542 -0.072636 -0.144487 -0.718103 -0.050602 -0.218268 -0.748261 0.060241 0.020420 -0.509429 -0.030327 -0.016948 -0.656371 -0.028726 -0.091992 -0.725796 0.059685 0.181760 -0.415159 0.023180 0.224520 -0.527665 0.020910 0.255174 -0.638061 0.012173 
0.000000 0.000000 0.000000 -0.064134 0.020870 -0.032790 -0.116133 -0.369339 -0.203450 -0.010897 -0.349908 -0.116546 0.059951 -0.305162 -0.048250 0.113507 -0.255774 0.008187 -0.187414 -0.192350 0.160046 -0.264554 -0.325770 0.280710 -0.207022 -0.460556 0.331794 -0.266358 -0.535433 -0.167877 -0.357150 -0.635815 -0.146377 -0.416158 -0.693834 -0.064249 -0.109088 -0.564070 -0.085441 -0.175872 -0.709731 -0.064285 -0.242544 -0.741462 0.050550 0.001081 -0.508238 -0.051130 -0.041132 -0.653856 -0.053194 -0.111914 -0.725512 0.036935 0.175226 -0.418472 -0.009313 0.217709 -0.530461 -0.021358 0.246039 -0.640427 -0.038905 
0.000000 0.000000 0.000000 -0.066342 0.023026 -0.026314 -0.140648 -0.360251 -0.204274 -0.027848 -0.345520 -0.126404 0.049565 -0.304293 -0.063208 0.108805 -0.257740 -0.010143 -0.183425 -0.193762 0.166407 -0.256688 -0.329413 0.286998 -0.199274 -0.467221 0.329419 -0.294419 -0.522404 -0.165791 -0.387354 -0.620405 -0.142533 -0.443229 -0.678791 -0.058496 -0.131162 -0.557582 -0.097596 -0.201430 -0.701815 -0.078003 -0.261689 -0.735378 0.039817 -0.015127 -0.505519 -0.069278 -0.061514 -0.649810 -0.073631 -0.129630 -0.723359 0.017026 0.167688 -0.420140 -0.037439 0.208218 -0.531924 -0.056227 0.234234 -0.641238 -0.080242 
0.000000 0.000000 0.000000 -0.067776 0.025527 -0.019459 -0.167901 -0.349239 -0.202810 -0.048267 -0.340000 -0.134937 0.035542 -0.302921 -0.077600 0.100498 -0.259725 -0.028537 -0.176437 -0.195003 0.173947 -0.244429 -0.332996 0.294967 -0.186919 -0.473466 0.327334 -0.324748 -0.506760 -0.158019 -0.419542 -0.601962 -0.130948 -0.470476 -0.660691 -0.044059 -0.156788 -0.549382 -0.105672 -0.230599 -0.691791 -0.085767 -0.282060 -0.726998 0.035689 -0.036187 -0.501652 -0.086255 -0.087622 -0.644153 -0.092461 -0.151377 -0.719514 -0.000135 0.155441 -0.421202 -0.067171 0.193260 -0.532350 -0.093764 0.215433 -0.640790 -0.124622 
0.000000 0.000000 0.000000 -0.068912 0.027260 -0.011486 -0.194759 -0.339452 -0.195272 -0.068593 -0.334438 -0.139942 0.021401 -0.300670 -0.090476 0.091912 -0.260205 -0.047080 -0.168198 -0.196600 0.183131 -0.230325 -0.336676 0.304909 -0.172552 -0.478909 0.327686 -0.353145 -0.492621 -0.141666 -0.448869 -0.585191 -0.109268 -0.494320 -0.643982 -0.019429 -0.182391 -0.540574 -0.107817 -0.259790 -0.680776 -0.085967 -0.302588 -0.717069 0.038494 -0.057651 -0.496550 -0.100232 -0.114336 -0.637009 -0.107228 -0.173768 -0.713613 -0.013059 0.141213 -0.421135 -0.094592 0.175148 -0.531905 -0.127296 0.191709 -0.639499 -0.164072 
0.000000 0.000000 0.000000 -0.068838 0.029303 -0.005153 -0.219850 -0.330109 -0.184348 -0.089411 -0.329569 -0.139740 0.005314 -0.299214 -0.097410 0.080313 -0.261527 -0.059368 -0.161766 -0.195689 0.191290 -0.219913 -0.336474 0.314211 -0.162672 -0.479897 0.329704 -0.381258 -0.476705 -0.122081 -0.478808 -0.565304 -0.084449 -0.520256 -0.622374 0.008386 -0.209413 -0.531414 -0.103239 -0.291031 -0.668697 -0.078413 -0.327062 -0.704312 0.048365 -0.082146 -0.491594 -0.104781 -0.144860 -0.629543 -0.110067 -0.202223 -0.704939 -0.013666 0.121194 -0.423499 -0.111138 0.149334 -0.534987 -0.146772 0.158601 -0.642670 -0.185780 
0.000000 0.000000 0.000000 -0.067807 0.032029 0.000556 -0.247504 -0.320968 -0.164352 -0.113865 -0.325658 -0.130839 -0.014790 -0.299132 -0.096684 0.064577 -0.264489 -0.065167 -0.158471 -0.187704 0.203887 -0.215202 -0.325198 0.331119 -0.161245 -0.470239 0.342901 -0.411797 -0.458962 -0.090965 -0.511091 -0.542362 -0.046611 -0.548727 -0.595595 0.050047 -0.241313 -0.520916 -0.084949 -0.327995 -0.653719 -0.053738 -0.357078 -0.684927 0.075953 -0.112191 -0.486817 -0.097709 -0.182034 -0.621398 -0.098445 -0.237760 -0.691842 0.002552 0.094569 -0.428602 -0.117642 0.115213 -0.541564 -0.153761 0.114225 -0.650266 -0.190992 
0.000000 0.000000 0.000000 -0.065386 0.036245 0.005911 -0.280864 -0.308325 -0.131687 -0.145201 -0.320680 -0.110538 -0.041929 -0.299694 -0.086438 0.042001 -0.269427 -0.063374 -0.156279 -0.170377 0.222457 -0.213155 -0.299668 0.357957 -0.165798 -0.446978 0.369944 -0.448696 -0.430938 -0.041030 -0.550129 -0.505041 0.013761 -0.583583 -0.550944 0.115579 -0.282617 -0.503982 -0.047361 -0.376080 -0.628653 -0.004392 -0.397349 -0.651836 0.128459 -0.152216 -0.479628 -0.073228 -0.231299 -0.608651 -0.063756 -0.284917 -0.669874 0.044155 0.056346 -0.437376 -0.109995 0.066220 -0.552979 -0.142084 0.051914 -0.662624 -0.173333 
0.000000 0.000000 0.000000 -0.061427 0.042235 0.008173 -0.314924 -0.287325 -0.097763 -0.179738 -0.310918 -0.084625 -0.073640 -0.298282 -0.068201 0.013974 -0.274710 -0.052062 -0.158183 -0.143110 0.240836 -0.218726 -0.259087 0.386421 -0.183786 -0.409345 0.403413 -0.488052 -0.387383 0.009171 -0.592687 -0.447856 0.073800 -0.623845 -0.483365 0.180389 -0.329319 -0.476447 -0.002770 -0.431056 -0.589029 0.052903 -0.445728 -0.601638 0.188051 -0.199077 -0.465859 -0.038249 -0.289024 -0.586022 -0.016771 -0.341093 -0.635002 0.097936 0.009209 -0.445572 -0.089071 0.005930 -0.563180 -0.114545 -0.022692 -0.672355 -0.136102 
0.000000 0.000000 0.000000 -0.055945 0.048104 0.013418 -0.349011 -0.259073 -0.048613 -0.215916 -0.294959 -0.050172 -0.107914 -0.291934 -0.046640 -0.017231 -0.276286 -0.041718 -0.155280 -0.115426 0.260879 -0.217438 -0.217752 0.415724 -0.196907 -0.369530 0.440797 -0.525755 -0.335591 0.071081 -0.632574 -0.381837 0.143420 -0.659928 -0.404681 0.254429 -0.376333 -0.436684 0.053048 -0.485440 -0.533078 0.123252 -0.491955 -0.532788 0.259622 -0.245888 -0.444018 0.003833 -0.344824 -0.553071 0.040026 -0.392991 -0.587095 0.161641 -0.043339 -0.448445 -0.058026 -0.061310 -0.566945 -0.069252 -0.103959 -0.673276 -0.078080 
0.000000 0.000000 0.000000 -0.050825 0.053926 0.011519 -0.372549 -0.228424 -0.017877 -0.243389 -0.276515 -0.020941 -0.135498 -0.283271 -0.021068 -0.043652 -0.275784 -0.020213 -0.148756 -0.079120 0.277140 -0.210034 -0.162372 0.443348 -0.204444 -0.313497 0.478232 -0.547098 -0.275568 0.118982 -0.652590 -0.304060 0.201696 -0.675929 -0.314956 0.315405 -0.408463 -0.396002 0.101321 -0.520736 -0.477270 0.184476 -0.520431 -0.466202 0.320552 -0.283921 -0.415411 0.051207 -0.390349 -0.510163 0.103033 -0.433677 -0.530114 0.229495 -0.085258 -0.445579 -0.025204 -0.113895 -0.562453 -0.028639 -0.166694 -0.664505 -0.027836 
0.000000 0.000000 0.000000 -0.046395 0.057117 0.014457 -0.386633 -0.204239 0.009576 -0.261295 -0.260497 -0.001825 -0.154312 -0.274133 -0.009227 -0.062333 -0.272525 -0.014687 -0.141442 -0.060444 0.288303 -0.200916 -0.134006 0.459659 -0.204699 -0.283958 0.499497 -0.559732 -0.236733 0.152408 -0.664349 -0.256371 0.238732 -0.684343 -0.261019 0.353500 -0.428738 -0.363785 0.131475 -0.542623 -0.434035 0.222138 -0.536591 -0.418296 0.357619 -0.307021 -0.393709 0.075008 -0.416522 -0.479452 0.135410 -0.455159 -0.492109 0.264309 -0.116331 -0.438843 -0.011727 -0.153498 -0.553324 -0.009689 -0.213868 -0.650939 -0.004237 
0.000000 0.000000 0.000000 -0.044895 0.058031 0.015516 -0.390135 -0.196686 0.019982 -0.266244 -0.255385 0.005488 -0.159771 -0.271105 -0.004633 -0.067950 -0.271291 -0.012462 -0.132845 -0.058025 0.292359 -0.187880 -0.130646 0.465589 -0.193126 -0.280910 0.504062 -0.556341 -0.223281 0.171931 -0.656791 -0.239354 0.263765 -0.674058 -0.241623 0.379047 -0.431218 -0.354767 0.144704 -0.543424 -0.422362 0.239390 -0.533963 -0.406986 0.374717 -0.312823 -0.388087 0.082568 -0.422571 -0.471970 0.145096 -0.457570 -0.482613 0.275211 -0.125390 -0.436468 -0.010631 -0.164928 -0.550163 -0.009371 -0.229086 -0.645288 -0.003195 
0.000000 0.000000 0.000000 -0.046347 0.057025 0.014969 -0.386128 -0.204966 0.013586 -0.260812 -0.260986 0.000839 -0.153888 -0.274418 -0.007699 -0.061976 -0.272636 -0.014131 -0.134403 -0.062849 0.290147 -0.189502 -0.137858 0.462335 -0.191607 -0.288974 0.497637 -0.550968 -0.236396 0.166099 -0.650593 -0.255391 0.258273 -0.668087 -0.259581 0.373466 -0.423850 -0.367003 0.137417 -0.534738 -0.439111 0.230309 -0.525812 -0.426355 0.365944 -0.306291 -0.395294 0.075224 -0.415573 -0.481970 0.134685 -0.450310 -0.495468 0.264605 -0.117029 -0.438587 -0.018076 -0.154923 -0.552815 -0.020791 -0.217345 -0.649153 -0.015722 
0.000000 0.000000 0.000000 -0.049654 0.053318 0.017764 -0.373928 -0.226840 -0.003446 -0.245515 -0.274841 -0.017953 -0.137926 -0.281690 -0.025949 -0.046211 -0.274349 -0.031122 -0.137407 -0.087055 0.283171 -0.192317 -0.174892 0.449246 -0.184695 -0.327568 0.476058 -0.540775 -0.279081 0.140960 -0.641612 -0.310654 0.228236 -0.661763 -0.322164 0.342492 -0.404437 -0.398037 0.108701 -0.512526 -0.481827 0.194843 -0.506892 -0.476282 0.331140 -0.283856 -0.416245 0.046943 -0.388497 -0.512729 0.099211 -0.424530 -0.535616 0.227452 -0.092626 -0.442634 -0.041697 -0.124575 -0.558468 -0.048976 -0.182049 -0.657963 -0.048067 
0.000000 0.000000 0.000000 -0.053816 0.049727 0.015968 -0.358834 -0.247097 -0.038362 -0.227129 -0.287240 -0.045201 -0.119029 -0.287744 -0.045627 -0.027763 -0.275088 -0.043895 -0.138284 -0.110085 0.271255 -0.191139 -0.210085 0.430997 -0.173361 -0.363462 0.446694 -0.523197 -0.316103 0.101792 -0.622534 -0.357808 0.186497 -0.645315 -0.378374 0.298974 -0.382670 -0.427743 0.066782 -0.488460 -0.523305 0.142946 -0.486994 -0.527977 0.279384 -0.261810 -0.430765 0.016598 -0.364194 -0.533320 0.061218 -0.401946 -0.567213 0.186494 -0.062468 -0.444150 -0.072178 -0.086355 -0.560519 -0.091645 -0.138504 -0.662719 -0.097882 
0.000000 0.000000 0.000000 -0.057382 0.044559 0.018593 -0.340328 -0.266399 -0.067073 -0.206082 -0.297003 -0.073867 -0.098212 -0.290287 -0.071654 -0.008074 -0.271780 -0.066644 -0.138475 -0.141370 0.256711 -0.189218 -0.257713 0.405711 -0.160236 -0.410121 0.410029 -0.504740 -0.361113 0.057096 -0.604107 -0.418355 0.132140 -0.629484 -0.449644 0.241549 -0.353692 -0.457283 0.020983 -0.454087 -0.566295 0.085494 -0.456297 -0.581588 0.221143 -0.230111 -0.450577 -0.031362 -0.324691 -0.565514 -0.002470 -0.364069 -0.612702 0.117907 -0.029495 -0.440804 -0.106120 -0.044239 -0.557147 -0.133292 -0.089305 -0.661877 -0.147564 
0.000000 0.000000 0.000000 -0.061212 0.040689 0.014882 -0.317549 -0.280035 -0.109696 -0.181773 -0.303429 -0.105010 -0.075098 -0.291341 -0.092342 0.013042 -0.268520 -0.078089 -0.139496 -0.165773 0.236447 -0.188481 -0.294964 0.375089 -0.148690 -0.444903 0.370445 -0.478698 -0.390938 0.004986 -0.576091 -0.457964 0.074296 -0.603934 -0.498693 0.179933 -0.322261 -0.479390 -0.029017 -0.417813 -0.599069 0.022670 -0.425311 -0.624792 0.156541 -0.198895 -0.461325 -0.070127 -0.287666 -0.583213 -0.054198 -0.328835 -0.641378 0.060649 0.006955 -0.434035 -0.134251 0.002766 -0.547962 -0.172908 -0.034052 -0.654510 -0.195156 
0.000000 0.000000 0.000000 -0.064218 0.036112 0.013993 -0.294243 -0.290433 -0.142688 -0.157698 -0.306252 -0.132206 -0.052705 -0.288878 -0.113215 0.033083 -0.261971 -0.092993 -0.138279 -0.190777 0.216188 -0.184621 -0.332749 0.342708 -0.133991 -0.478938 0.330369 -0.453047 -0.420227 -0.045967 -0.549024 -0.498671 0.012488 -0.578880 -0.548206 0.113721 -0.289929 -0.495130 -0.074634 -0.379865 -0.623593 -0.035477 -0.391362 -0.658368 0.096044 -0.164484 -0.468356 -0.110570 -0.244636 -0.597052 -0.108674 -0.286860 -0.665155 0.000171 0.041112 -0.423731 -0.158990 0.046639 -0.535073 -0.204418 0.016384 -0.642298 -0.232534 
0.000000 0.000000 0.000000 -0.066227 0.033291 0.011380 -0.274372 -0.295116 -0.170049 -0.138179 -0.306504 -0.151983 -0.035196 -0.286167 -0.126159 0.048200 -0.257028 -0.099921 -0.136124 -0.204143 0.202654 -0.179861 -0.352715 0.322340 -0.120627 -0.495181 0.305564 -0.429173 -0.435770 -0.082452 -0.522732 -0.520777 -0.029512 -0.553980 -0.576054 0.068269 -0.263346 -0.503554 -0.107496 -0.348478 -0.637575 -0.077239 -0.362972 -0.678705 0.052135 -0.138862 -0.470224 -0.135641 -0.213197 -0.602205 -0.142442 -0.256087 -0.677049 -0.038390 0.067802 -0.414179 -0.174122 0.081293 -0.522349 -0.225196 0.055621 -0.629816 -0.256737 
0.000000 0.000000 0.000000 -0.067006 0.031684 0.011412 -0.266751 -0.298091 -0.176850 -0.130481 -0.306868 -0.157937 -0.028146 -0.284765 -0.131008 0.054416 -0.254287 -0.103674 -0.135756 -0.211511 0.195738 -0.178775 -0.363686 0.311077 -0.115576 -0.504287 0.293071 -0.420703 -0.443651 -0.096033 -0.513746 -0.531624 -0.047190 -0.545987 -0.588661 0.049249 -0.253347 -0.506411 -0.118428 -0.336914 -0.642127 -0.091555 -0.353151 -0.684626 0.037167 -0.128197 -0.470489 -0.145493 -0.199941 -0.603665 -0.155879 -0.243482 -0.680501 -0.053564 0.077695 -0.410539 -0.178705 0.093718 -0.518090 -0.230351 0.069193 -0.625657 -0.262461 
0.000000 0.000000 0.000000 -0.066537 0.031587 0.014106 -0.273273 -0.299040 -0.164886 -0.136317 -0.307513 -0.151626 -0.032996 -0.285149 -0.129024 0.050568 -0.254447 -0.105217 -0.138664 -0.209872 0.199421 -0.183796 -0.360961 0.315379 -0.121130 -0.502032 0.299291 -0.430057 -0.442206 -0.085246 -0.524813 -0.528731 -0.037113 -0.558341 -0.582864 0.060552 -0.263927 -0.503222 -0.108175 -0.350720 -0.636332 -0.078622 -0.367516 -0.675006 0.051230 -0.136166 -0.469461 -0.138966 -0.210145 -0.601624 -0.146095 -0.254904 -0.675409 -0.042073 0.070559 -0.414176 -0.173580 0.084319 -0.524120 -0.220635 0.056634 -0.631841 -0.249493 
0.000000 0.000000 0.000000 -0.064614 0.035921 0.012591 -0.290425 -0.293092 -0.145053 -0.154004 -0.308156 -0.132135 -0.049429 -0.290109 -0.111534 0.035878 -0.262610 -0.090109 -0.143577 -0.189197 0.214910 -0.192987 -0.330061 0.341508 -0.136509 -0.474211 0.330656 -0.452459 -0.420877 -0.051053 -0.550388 -0.498107 0.005758 -0.584345 -0.544359 0.107252 -0.289987 -0.494305 -0.074415 -0.382475 -0.620912 -0.035157 -0.398064 -0.650933 0.097112 -0.162971 -0.468456 -0.107769 -0.244387 -0.596342 -0.105070 -0.290776 -0.660920 0.004227 0.045601 -0.426200 -0.151183 0.052292 -0.538803 -0.193222 0.017782 -0.646365 -0.214257 
0.000000 0.000000 0.000000 -0.061164 0.041180 0.013679 -0.317840 -0.281673 -0.104538 -0.182148 -0.305303 -0.098739 -0.075495 -0.293202 -0.085902 0.012646 -0.270286 -0.071809 -0.148146 -0.159418 0.237377 -0.202574 -0.284939 0.377353 -0.158923 -0.433872 0.376879 -0.485093 -0.388058 0.005595 -0.586175 -0.452353 0.072156 -0.619283 -0.486584 0.178577 -0.329250 -0.474448 -0.019837 -0.429301 -0.589490 0.033827 -0.441442 -0.606686 0.168720 -0.201464 -0.461355 -0.062023 -0.291792 -0.581930 -0.044901 -0.338054 -0.633160 0.071303 0.005482 -0.439295 -0.116205 0.000551 -0.555627 -0.146764 -0.042404 -0.661720 -0.156876 
0.000000 0.000000 0.000000 -0.056562 0.047399 0.013340 -0.345987 -0.260728 -0.060035 -0.212601 -0.295555 -0.059877 -0.104708 -0.291773 -0.054322 -0.014257 -0.275530 -0.047445 -0.146444 -0.121734 0.260649 -0.202686 -0.227567 0.415398 -0.173601 -0.379517 0.427733 -0.514248 -0.341867 0.068514 -0.615940 -0.390904 0.146206 -0.645707 -0.412069 0.256927 -0.366892 -0.443659 0.043728 -0.471832 -0.544391 0.114193 -0.477585 -0.547789 0.250556 -0.242040 -0.444969 -0.005488 -0.340515 -0.554820 0.029529 -0.383478 -0.590424 0.152633 -0.038314 -0.446728 -0.073880 -0.054872 -0.564567 -0.092075 -0.106498 -0.667190 -0.089515 
0.000000 0.000000 0.000000 -0.051647 0.052406 0.014493 -0.368207 -0.235266 -0.019080 -0.238201 -0.280533 -0.026430 -0.130222 -0.285049 -0.028904 -0.038545 -0.275702 -0.029556 -0.138943 -0.091164 0.278336 -0.193567 -0.181002 0.443432 -0.179108 -0.333692 0.467170 -0.535665 -0.290612 0.123450 -0.636872 -0.324061 0.209591 -0.662997 -0.333877 0.322791 -0.396726 -0.406294 0.098183 -0.504545 -0.491830 0.182938 -0.503845 -0.484304 0.319255 -0.275872 -0.421557 0.040849 -0.380312 -0.519442 0.090865 -0.419264 -0.541786 0.218347 -0.078341 -0.445748 -0.038887 -0.105732 -0.562794 -0.045309 -0.164338 -0.660799 -0.032523 
0.000000 0.000000 0.000000 -0.047545 0.055993 0.015106 -0.382371 -0.212196 0.007456 -0.255916 -0.265750 -0.004612 -0.148681 -0.277112 -0.012204 -0.056758 -0.273564 -0.017680 -0.129819 -0.072153 0.288338 -0.181301 -0.152339 0.459308 -0.176876 -0.304616 0.488958 -0.544674 -0.251289 0.160915 -0.642766 -0.274915 0.253661 -0.664375 -0.278218 0.368183 -0.416596 -0.374849 0.132332 -0.525881 -0.449053 0.225473 -0.518948 -0.436334 0.361228 -0.298181 -0.401662 0.070565 -0.405383 -0.490972 0.129916 -0.439435 -0.506001 0.259849 -0.110191 -0.440084 -0.019112 -0.146970 -0.554704 -0.020098 -0.211668 -0.647995 -0.002376 
0.000000 0.000000 0.000000 -0.046489 0.056433 0.016671 -0.384518 -0.207817 0.015765 -0.259044 -0.262743 0.000144 -0.152175 -0.275289 -0.010238 -0.060385 -0.272764 -0.018020 -0.127391 -0.068533 0.291779 -0.178015 -0.146729 0.463924 -0.175039 -0.298890 0.494338 -0.545185 -0.244404 0.171545 -0.642289 -0.266516 0.265694 -0.662721 -0.268931 0.380454 -0.417963 -0.370518 0.140157 -0.526051 -0.443820 0.235385 -0.517217 -0.430805 0.371002 -0.301826 -0.397918 0.075088 -0.409134 -0.485851 0.136273 -0.441923 -0.499976 0.266631 -0.115188 -0.438845 -0.018100 -0.152911 -0.553161 -0.018155 -0.219296 -0.645085 0.000452 
0.000000 0.000000 0.000000 -0.049170 0.054282 0.016114 -0.376119 -0.223206 0.002080 -0.248148 -0.272845 -0.010733 -0.140615 -0.280963 -0.018262 -0.048820 -0.274663 -0.023413 -0.128673 -0.082128 0.286147 -0.178422 -0.167486 0.455116 -0.168993 -0.320237 0.480902 -0.538553 -0.271731 0.152680 -0.636725 -0.301058 0.243698 -0.659402 -0.308269 0.357834 -0.406195 -0.391178 0.121528 -0.513689 -0.471661 0.211484 -0.507583 -0.462803 0.347586 -0.286664 -0.412929 0.058994 -0.391390 -0.507556 0.114391 -0.425429 -0.527438 0.243674 -0.097681 -0.442483 -0.029331 -0.131314 -0.557998 -0.033403 -0.194690 -0.652518 -0.017514 
0.000000 0.000000 0.000000 -0.052676 0.050514 0.017245 -0.362754 -0.243145 -0.024090 -0.231822 -0.284921 -0.034871 -0.123808 -0.286719 -0.038855 -0.032395 -0.275138 -0.040256 -0.133704 -0.106523 0.275353 -0.184407 -0.204787 0.436860 -0.165923 -0.357970 0.453602 -0.526405 -0.309904 0.117973 -0.625311 -0.350252 0.203832 -0.651111 -0.366094 0.316422 -0.386132 -0.420293 0.084866 -0.491084 -0.512365 0.166305 -0.489723 -0.511868 0.302824 -0.265048 -0.430175 0.025840 -0.366325 -0.533043 0.072230 -0.403323 -0.562831 0.198768 -0.070808 -0.444910 -0.057236 -0.097248 -0.561767 -0.068924 -0.156292 -0.659833 -0.058920 
0.000000 0.000000 0.000000 -0.056377 0.045874 0.018470 -0.345499 -0.262228 -0.056185 -0.211876 -0.295145 -0.064307 -0.103891 -0.290132 -0.063845 -0.013405 -0.272986 -0.060581 -0.136937 -0.135992 0.259885 -0.187347 -0.249792 0.410946 -0.158477 -0.402177 0.416618 -0.508688 -0.350728 0.074036 -0.607315 -0.404214 0.152738 -0.636117 -0.430674 0.262571 -0.360837 -0.449428 0.038073 -0.462152 -0.554363 0.107706 -0.465451 -0.564754 0.243796 -0.237770 -0.446614 -0.015850 -0.333770 -0.558821 0.018565 -0.373195 -0.600845 0.140826 -0.041048 -0.442822 -0.091852 -0.060076 -0.559723 -0.113376 -0.114043 -0.661153 -0.111740 
0.000000 0.000000 0.000000 -0.059463 0.041924 0.018178 -0.328706 -0.273611 -0.091539 -0.193377 -0.299741 -0.094328 -0.085943 -0.289806 -0.087593 0.003291 -0.268764 -0.078270 -0.138173 -0.161142 0.242711 -0.187425 -0.288207 0.383209 -0.149515 -0.438625 0.378300 -0.491147 -0.380244 0.025347 -0.589322 -0.444690 0.095990 -0.620756 -0.481269 0.202136 -0.337677 -0.469040 -0.010722 -0.435821 -0.584187 0.046142 -0.443555 -0.605915 0.180706 -0.212399 -0.457094 -0.060445 -0.303077 -0.577051 -0.040978 -0.344904 -0.631079 0.075639 -0.013542 -0.435982 -0.126654 -0.025128 -0.551082 -0.159958 -0.074176 -0.654689 -0.167893 
0.000000 0.000000 0.000000 -0.062084 0.039294 0.015013 -0.311040 -0.278471 -0.130377 -0.175152 -0.300512 -0.123090 -0.069006 -0.287793 -0.107050 0.018437 -0.264631 -0.089452 -0.138499 -0.179892 0.224690 -0.186315 -0.317045 0.355892 -0.140406 -0.464663 0.342175 -0.471491 -0.398335 -0.024036 -0.568463 -0.470777 0.040234 -0.601840 -0.516651 0.142090 -0.314609 -0.481504 -0.057759 -0.409460 -0.604604 -0.013324 -0.420818 -0.636704 0.118888 -0.189664 -0.461089 -0.095927 -0.276183 -0.585354 -0.087952 -0.319384 -0.649425 0.022938 0.012662 -0.426940 -0.154327 0.008688 -0.538660 -0.198981 -0.035146 -0.643633 -0.215185 
0.000000 0.000000 0.000000 -0.063526 0.035686 0.017744 -0.300307 -0.280119 -0.150464 -0.163658 -0.297375 -0.144642 -0.058053 -0.281764 -0.127613 0.028463 -0.256579 -0.108297 -0.138279 -0.199300 0.210200 -0.185055 -0.346339 0.330628 -0.133469 -0.491109 0.309010 -0.460443 -0.411430 -0.058084 -0.557225 -0.490791 -0.002251 -0.591636 -0.543838 0.095703 -0.299344 -0.485685 -0.093623 -0.391630 -0.613763 -0.058922 -0.405190 -0.654001 0.070833 -0.173054 -0.459179 -0.131142 -0.255516 -0.586397 -0.133673 -0.299771 -0.658191 -0.028055 0.030432 -0.416270 -0.179579 0.031787 -0.526188 -0.228644 -0.008606 -0.631292 -0.251553 
0.000000 0.000000 0.000000 -0.063834 0.034811 0.018368 -0.297771 -0.276562 -0.161667 -0.161089 -0.293366 -0.155319 -0.055697 -0.277819 -0.136969 0.030545 -0.252865 -0.116178 -0.136622 -0.207295 0.202577 -0.182169 -0.358788 0.317844 -0.128256 -0.501850 0.291134 -0.457051 -0.412226 -0.074230 -0.553315 -0.494219 -0.021386 -0.587763 -0.550736 0.074595 -0.295250 -0.484551 -0.111459 -0.386498 -0.614584 -0.081628 -0.399802 -0.659358 0.046659 -0.169422 -0.455831 -0.146570 -0.250970 -0.583476 -0.153454 -0.295004 -0.659163 -0.050495 0.034669 -0.409484 -0.193895 0.037508 -0.517287 -0.247389 -0.002459 -0.621794 -0.273545 
0.000000 0.000000 0.000000 -0.062994 0.035407 0.020050 -0.304536 -0.272752 -0.155417 -0.167926 -0.291021 -0.152463 -0.061959 -0.276660 -0.136626 0.025022 -0.252700 -0.117847 -0.138000 -0.206609 0.203485 -0.184934 -0.358047 0.318267 -0.132877 -0.501591 0.290484 -0.466112 -0.404574 -0.066330 -0.563764 -0.484243 -0.012489 -0.598044 -0.539813 0.084103 -0.305898 -0.478785 -0.105745 -0.399739 -0.606492 -0.073970 -0.411922 -0.650657 0.054639 -0.179788 -0.452114 -0.143420 -0.264278 -0.577925 -0.148292 -0.308501 -0.651956 -0.044216 0.025418 -0.410372 -0.193515 0.025690 -0.518901 -0.245599 -0.016839 -0.622680 -0.270584 
0.000000 0.000000 0.000000 -0.060266 0.037717 0.023860 -0.323067 -0.266536 -0.126003 -0.187204 -0.288887 -0.132802 -0.079978 -0.277431 -0.125228 0.008821 -0.255743 -0.113530 -0.140370 -0.195692 0.216084 -0.190494 -0.341744 0.336365 -0.144746 -0.488027 0.311962 -0.487623 -0.390114 -0.030769 -0.587077 -0.464802 0.026788 -0.620268 -0.514213 0.127038 -0.331607 -0.468175 -0.073828 -0.429822 -0.590116 -0.033718 -0.439133 -0.627400 0.097288 -0.203403 -0.449064 -0.120557 -0.291907 -0.572136 -0.117208 -0.335751 -0.639426 -0.008498 -0.001301 -0.417901 -0.178247 -0.008267 -0.529519 -0.222794 -0.057909 -0.631766 -0.239653 
0.000000 0.000000 0.000000 -0.057034 0.043220 0.022428 -0.342433 -0.256605 -0.090466 -0.208437 -0.287605 -0.099875 -0.100517 -0.282007 -0.097030 -0.010235 -0.264764 -0.090368 -0.137353 -0.166565 0.240109 -0.187611 -0.297835 0.376320 -0.150750 -0.447846 0.361327 -0.507010 -0.359576 0.026715 -0.606476 -0.421809 0.097536 -0.636683 -0.460416 0.203320 -0.358444 -0.453247 -0.019035 -0.460470 -0.565906 0.035948 -0.464809 -0.591533 0.169977 -0.233708 -0.444309 -0.071898 -0.329215 -0.560690 -0.053876 -0.370987 -0.615473 0.062407 -0.032924 -0.430125 -0.142592 -0.048540 -0.543946 -0.178539 -0.105527 -0.643661 -0.182086 
0.000000 0.000000 0.000000 -0.051814 0.048242 0.024737 -0.363701 -0.240619 -0.033382 -0.233415 -0.280559 -0.054233 -0.125684 -0.281537 -0.063138 -0.034411 -0.269539 -0.067347 -0.133263 -0.135225 0.264638 -0.184228 -0.250026 0.414752 -0.159103 -0.403178 0.414288 -0.529595 -0.323429 0.097163 -0.629856 -0.373478 0.176061 -0.655768 -0.397870 0.287087 -0.389011 -0.423408 0.054664 -0.494838 -0.520565 0.128730 -0.492290 -0.530114 0.264898 -0.264723 -0.432983 -0.013678 -0.364422 -0.541579 0.021788 -0.401994 -0.580610 0.145614 -0.072378 -0.438377 -0.092614 -0.098511 -0.554592 -0.110007 -0.162657 -0.648950 -0.096404 
0.000000 0.000000 0.000000 -0.047082 0.054696 0.020383 -0.380790 -0.214844 0.011468 -0.254751 -0.266751 -0.009136 -0.147898 -0.276928 -0.021981 -0.056314 -0.272447 -0.031187 -0.120828 -0.091222 0.287058 -0.166973 -0.182527 0.453927 -0.154272 -0.336380 0.469889 -0.539935 -0.264104 0.165306 -0.636119 -0.293874 0.258282 -0.655618 -0.303015 0.372865 -0.410984 -0.385517 0.124880 -0.517244 -0.466295 0.216030 -0.506300 -0.460911 0.352010 -0.294169 -0.407355 0.057436 -0.399055 -0.500880 0.114384 -0.429729 -0.522468 0.244234 -0.109327 -0.439000 -0.037183 -0.145816 -0.553642 -0.041310 -0.215245 -0.640216 -0.011517 
0.000000 0.000000 0.000000 -0.041562 0.059388 0.019225 -0.392237 -0.184956 0.056846 -0.271972 -0.247351 0.031398 -0.167384 -0.266257 0.011647 -0.076716 -0.269193 -0.004569 -0.108081 -0.056606 0.302009 -0.149704 -0.129187 0.478957 -0.149030 -0.281024 0.511083 -0.544725 -0.211906 0.222500 -0.636885 -0.228193 0.322617 -0.650127 -0.224439 0.438391 -0.425808 -0.341377 0.186214 -0.530438 -0.405328 0.291511 -0.511847 -0.387002 0.425518 -0.316269 -0.379106 0.110705 -0.423028 -0.460025 0.181736 -0.447484 -0.466405 0.314511 -0.142497 -0.430234 0.013458 -0.187775 -0.541082 0.025865 -0.260851 -0.617711 0.070486 
0.000000 0.000000 0.000000 -0.039315 0.061690 0.016507 -0.396206 -0.168920 0.076010 -0.278475 -0.236440 0.051822 -0.174977 -0.259740 0.031049 -0.084830 -0.266463 0.013141 -0.100217 -0.036558 0.307169 -0.138325 -0.098035 0.489047 -0.142607 -0.247977 0.528869 -0.541277 -0.178464 0.250031 -0.628954 -0.184232 0.355205 -0.637745 -0.173659 0.470981 -0.428169 -0.318322 0.217235 -0.529981 -0.374014 0.329739 -0.506236 -0.350079 0.462037 -0.322853 -0.361631 0.142695 -0.428890 -0.434693 0.222752 -0.448417 -0.433974 0.356491 -0.155683 -0.424350 0.038394 -0.204452 -0.533027 0.055776 -0.278819 -0.603358 0.107988 
0.000000 0.000000 0.000000 -0.040465 0.061157 0.015693 -0.392201 -0.175587 0.081471 -0.273265 -0.241112 0.057693 -0.169443 -0.262663 0.036657 -0.079288 -0.267862 0.018286 -0.097031 -0.031782 0.308966 -0.132426 -0.089936 0.492477 -0.133847 -0.239382 0.534318 -0.535783 -0.183299 0.256814 -0.622559 -0.187959 0.362786 -0.630680 -0.175667 0.478441 -0.422878 -0.320504 0.224388 -0.524636 -0.374503 0.337764 -0.500586 -0.347793 0.469474 -0.317384 -0.362463 0.150090 -0.423467 -0.434025 0.231429 -0.442331 -0.431387 0.365239 -0.148450 -0.426124 0.045785 -0.196055 -0.535058 0.064714 -0.269205 -0.605237 0.118817 
0.000000 0.000000 0.000000 -0.044153 0.058523 0.015794 -0.383369 -0.198568 0.069924 -0.260470 -0.256937 0.047706 -0.155182 -0.272298 0.028615 -0.064509 -0.272143 0.012154 -0.104468 -0.047785 0.303730 -0.142208 -0.114306 0.483902 -0.134511 -0.264533 0.522105 -0.530442 -0.224615 0.240544 -0.619329 -0.240356 0.343662 -0.631267 -0.231965 0.459335 -0.408027 -0.352963 0.207332 -0.508386 -0.418274 0.315900 -0.489161 -0.393638 0.448802 -0.297187 -0.388533 0.133676 -0.399013 -0.471881 0.209010 -0.420964 -0.473932 0.342359 -0.124753 -0.434799 0.034519 -0.166220 -0.546757 0.049913 -0.236555 -0.621738 0.101236 
0.000000 0.000000 0.000000 -0.049656 0.054604 0.013290 -0.370599 -0.229023 0.038670 -0.242197 -0.277242 0.024797 -0.134918 -0.284017 0.013330 -0.043585 -0.276511 0.003618 -0.108109 -0.063964 0.296788 -0.144685 -0.138155 0.474183 -0.127050 -0.289267 0.504862 -0.519885 -0.266794 0.205125 -0.610110 -0.289622 0.305725 -0.626323 -0.288206 0.421173 -0.389225 -0.390176 0.173468 -0.489224 -0.466987 0.274586 -0.476124 -0.448807 0.409260 -0.275970 -0.409357 0.108766 -0.377113 -0.499234 0.177199 -0.403380 -0.509599 0.309375 -0.093661 -0.443933 0.010571 -0.128130 -0.559174 0.015357 -0.194619 -0.641486 0.060156 
0.000000 0.000000 0.000000 -0.053846 0.049827 0.015549 -0.353435 -0.257308 0.012915 -0.221538 -0.295056 -0.000607 -0.113820 -0.293258 -0.009528 -0.023094 -0.278525 -0.016181 -0.114083 -0.093276 0.287099 -0.151775 -0.182820 0.457017 -0.123058 -0.333724 0.479157 -0.505096 -0.321916 0.168623 -0.596755 -0.360964 0.262729 -0.617393 -0.368558 0.377226 -0.363693 -0.428801 0.134962 -0.460378 -0.519766 0.227167 -0.453266 -0.509586 0.363127 -0.246399 -0.437407 0.070208 -0.341467 -0.540770 0.127382 -0.371822 -0.561875 0.257387 -0.060812 -0.449267 -0.019464 -0.086774 -0.566792 -0.021724 -0.148579 -0.656386 0.015101 
0.000000 0.000000 0.000000 -0.058874 0.044356 0.013795 -0.329780 -0.286478 -0.021595 -0.194499 -0.312329 -0.027540 -0.086995 -0.301062 -0.028979 0.002343 -0.278452 -0.028808 -0.121724 -0.116842 0.274394 -0.161051 -0.217709 0.437459 -0.119921 -0.366429 0.454121 -0.481801 -0.374543 0.121772 -0.573679 -0.427766 0.208420 -0.599689 -0.444216 0.320874 -0.331927 -0.464958 0.092011 -0.425397 -0.568768 0.173322 -0.426540 -0.566470 0.309823 -0.210104 -0.460836 0.034503 -0.298382 -0.575404 0.080023 -0.333762 -0.607043 0.206574 -0.020431 -0.451173 -0.044146 -0.036108 -0.570060 -0.054703 -0.091514 -0.666587 -0.026143 
0.000000 0.000000 0.000000 -0.064756 0.037395 0.005675 -0.290040 -0.321251 -0.062969 -0.153115 -0.331810 -0.050942 -0.048287 -0.308620 -0.038322 0.037170 -0.276196 -0.026559 -0.130206 -0.135892 0.257735 -0.171160 -0.244324 0.415458 -0.113968 -0.387459 0.433576 -0.441257 -0.431296 0.065263 -0.532649 -0.497804 0.142763 -0.566741 -0.521242 0.251766 -0.281480 -0.502753 0.052862 -0.368786 -0.619019 0.123463 -0.382660 -0.621762 0.259255 -0.157763 -0.483327 0.008646 -0.236265 -0.608603 0.042324 -0.278895 -0.648018 0.164378 0.035069 -0.449464 -0.050221 0.033622 -0.568728 -0.066509 -0.012165 -0.671770 -0.044392 
0.000000 0.000000 0.000000 -0.068494 0.029586 -0.007558 -0.234986 -0.353904 -0.104037 -0.102384 -0.348131 -0.066783 -0.005042 -0.312613 -0.035975 0.072505 -0.270216 -0.009871 -0.145033 -0.150067 0.236803 -0.192927 -0.262483 0.389709 -0.121304 -0.397297 0.417677 -0.383555 -0.486051 0.004979 -0.473347 -0.565917 0.070865 -0.517300 -0.595218 0.174801 -0.219827 -0.535451 0.020353 -0.299705 -0.662855 0.079618 -0.331354 -0.669526 0.212257 -0.095767 -0.500846 -0.003555 -0.160822 -0.635820 0.019692 -0.213847 -0.681396 0.135360 0.094757 -0.442055 -0.033584 0.110074 -0.560336 -0.049906 0.075405 -0.668206 -0.030794 
0.000000 0.000000 0.000000 -0.067542 0.020860 -0.025038 -0.162258 -0.382385 -0.136910 -0.043947 -0.359608 -0.069915 0.038590 -0.311758 -0.019080 0.102397 -0.259605 0.022164 -0.159769 -0.161183 0.212029 -0.217478 -0.275093 0.360371 -0.135878 -0.398855 0.406320 -0.307690 -0.532576 -0.049091 -0.395586 -0.623347 0.003984 -0.450786 -0.658044 0.100639 -0.147438 -0.561033 0.002140 -0.217826 -0.698031 0.051147 -0.270104 -0.709773 0.176720 -0.030837 -0.510217 0.003453 -0.080620 -0.652524 0.019611 -0.146038 -0.703595 0.126290 0.147577 -0.427990 0.008329 0.178674 -0.543894 -0.001193 0.155200 -0.654711 0.018082 
0.000000 0.000000 0.000000 -0.061449 0.012719 -0.041063 -0.090423 -0.402438 -0.145457 0.006430 -0.364810 -0.054858 0.070137 -0.306629 0.010276 0.117557 -0.246503 0.061546 -0.171657 -0.169615 0.187967 -0.240619 -0.283707 0.331279 -0.157330 -0.395758 0.399061 -0.230340 -0.566497 -0.075257 -0.314901 -0.665650 -0.032830 -0.380005 -0.703683 0.056098 -0.084592 -0.574260 0.010869 -0.146500 -0.716716 0.055573 -0.218026 -0.732405 0.170800 0.021227 -0.511282 0.031226 -0.013844 -0.658030 0.046248 -0.090740 -0.713763 0.142420 0.177225 -0.410751 0.068503 0.218296 -0.523807 0.073291 0.204948 -0.635515 0.096662 
0.000000 0.000000 0.000000 -0.050195 0.006010 -0.055392 -0.023006 -0.413788 -0.139787 0.045643 -0.364843 -0.030717 0.087059 -0.299146 0.044480 0.116005 -0.233390 0.102192 -0.181403 -0.175336 0.163113 -0.263504 -0.288811 0.299839 -0.188647 -0.391011 0.389497 -0.156534 -0.588311 -0.083822 -0.237234 -0.693788 -0.049998 -0.310352 -0.734824 0.031014 -0.034947 -0.579790 0.030745 -0.089759 -0.725984 0.072548 -0.177118 -0.749613 0.174770 0.052147 -0.506024 0.070871 0.027114 -0.654368 0.089794 -0.058609 -0.717016 0.173431 0.180659 -0.391518 0.139631 0.225161 -0.500361 0.165400 0.222887 -0.610690 0.197422 
0.000000 0.000000 0.000000 -0.036768 0.000913 -0.065354 0.036761 -0.417626 -0.124608 0.075735 -0.361076 -0.005077 0.094713 -0.290673 0.074732 0.105489 -0.221563 0.134733 -0.183090 -0.182561 0.141464 -0.274648 -0.297367 0.270877 -0.210699 -0.391440 0.376459 -0.090715 -0.600414 -0.082669 -0.167758 -0.710885 -0.057322 -0.246458 -0.753938 0.017148 0.003940 -0.579852 0.053720 -0.044891 -0.728650 0.093710 -0.142453 -0.760279 0.183825 0.072044 -0.498194 0.108419 0.055789 -0.647000 0.132575 -0.033712 -0.717943 0.204857 0.171166 -0.368996 0.202085 0.216373 -0.470477 0.248445 0.225343 -0.576158 0.292651 
0.000000 0.000000 0.000000 -0.024625 -0.004116 -0.070714 0.084549 -0.418297 -0.095757 0.098133 -0.354740 0.025819 0.098218 -0.280263 0.104172 0.093829 -0.208390 0.161682 -0.183039 -0.189271 0.125420 -0.282164 -0.305130 0.248149 -0.230929 -0.391651 0.366369 -0.035146 -0.608193 -0.063623 -0.107486 -0.722962 -0.044203 -0.190351 -0.766551 0.025270 0.032575 -0.574952 0.086508 -0.012013 -0.724728 0.127785 -0.116697 -0.761397 0.207384 0.081402 -0.486519 0.147641 0.069344 -0.634417 0.178810 -0.021052 -0.711201 0.243625 0.152205 -0.340144 0.260774 0.192386 -0.430834 0.328981 0.212115 -0.526825 0.388977 
0.000000 0.000000 0.000000 -0.016835 -0.008337 -0.072601 0.118053 -0.415616 -0.067951 0.115191 -0.346732 0.051429 0.102807 -0.269449 0.125993 0.088305 -0.195836 0.179503 -0.176379 -0.198231 0.118008 -0.276211 -0.317055 0.237280 -0.238526 -0.397556 0.364505 0.011415 -0.613512 -0.038193 -0.053034 -0.733115 -0.020207 -0.137980 -0.778103 0.045774 0.058226 -0.568769 0.114113 0.019481 -0.719784 0.156748 -0.087795 -0.762153 0.229796 0.091564 -0.473303 0.181046 0.083502 -0.619479 0.220522 -0.004738 -0.701254 0.282122 0.142221 -0.311624 0.298972 0.179331 -0.391323 0.381204 0.206864 -0.475286 0.454657 
0.000000 0.000000 0.000000 -0.010446 -0.012837 -0.073144 0.148823 -0.409600 -0.037014 0.132165 -0.335526 0.078051 0.109079 -0.255816 0.147330 0.085792 -0.180896 0.195672 -0.166959 -0.210884 0.111592 -0.264895 -0.334809 0.227188 -0.235114 -0.409652 0.359847 0.055709 -0.614929 -0.012730 -0.000566 -0.739025 0.001947 -0.086759 -0.785935 0.064903 0.086639 -0.558908 0.145150 0.055675 -0.710839 0.190787 -0.052982 -0.758376 0.258411 0.103433 -0.458015 0.208955 0.099384 -0.603004 0.253143 0.014269 -0.689343 0.312884 0.138823 -0.283508 0.326991 0.175326 -0.354140 0.417379 0.209512 -0.426669 0.499683 
0.000000 0.000000 0.000000 -0.005981 -0.018323 -0.072474 0.170351 -0.402828 -0.000673 0.144126 -0.322053 0.107920 0.113600 -0.239122 0.170182 0.084198 -0.162399 0.211916 -0.155456 -0.219085 0.115137 -0.248988 -0.344709 0.232532 -0.226383 -0.410573 0.371232 0.090211 -0.612953 0.028403 0.041777 -0.739946 0.045976 -0.045638 -0.786231 0.107697 0.105569 -0.545038 0.180485 0.079345 -0.696698 0.229840 -0.029740 -0.746936 0.294770 0.114580 -0.437549 0.243254 0.115282 -0.579833 0.295651 0.035121 -0.669002 0.358030 0.138156 -0.252515 0.351751 0.175297 -0.314543 0.448003 0.215167 -0.374034 0.537860 
0.000000 0.000000 0.000000 -0.001276 -0.023852 -0.071087 0.192514 -0.390922 0.037529 0.156347 -0.304200 0.138403 0.118109 -0.218945 0.192768 0.082376 -0.141293 0.227204 -0.140030 -0.233103 0.115482 -0.226854 -0.364038 0.232224 -0.212495 -0.422272 0.375366 0.125630 -0.605327 0.068788 0.085206 -0.734907 0.087680 -0.002677 -0.781450 0.148537 0.130760 -0.528116 0.213778 0.113358 -0.680410 0.265043 0.005385 -0.734813 0.328459 0.126657 -0.415505 0.270259 0.132786 -0.556451 0.325825 0.059020 -0.647966 0.392545 0.139904 -0.228172 0.367663 0.179501 -0.287972 0.464345 0.223681 -0.334570 0.559633 
0.000000 0.000000 0.000000 0.002164 -0.029610 -0.068866 0.208590 -0.376930 0.075527 0.165217 -0.284085 0.167740 0.121388 -0.196596 0.213684 0.081067 -0.118184 0.240482 -0.121629 -0.247374 0.118485 -0.199091 -0.383636 0.235717 -0.193353 -0.436475 0.381532 0.156461 -0.594246 0.113947 0.124955 -0.725587 0.137167 0.035981 -0.771670 0.196775 0.150565 -0.508369 0.244917 0.140599 -0.660913 0.297409 0.033471 -0.718662 0.359280 0.141443 -0.390709 0.295120 0.155824 -0.529900 0.353514 0.087938 -0.623362 0.423689 0.147410 -0.211940 0.372371 0.193076 -0.276475 0.463152 0.237775 -0.314091 0.562098 
0.000000 0.000000 0.000000 0.004419 -0.032592 -0.067395 0.222700 -0.364094 0.095555 0.174165 -0.269041 0.182813 0.126096 -0.181457 0.224097 0.082192 -0.103655 0.246721 -0.106984 -0.251698 0.126068 -0.176693 -0.388801 0.247126 -0.174447 -0.435705 0.395050 0.177861 -0.581244 0.143048 0.150762 -0.712483 0.171751 0.063790 -0.756711 0.235572 0.172767 -0.491958 0.265158 0.171816 -0.643572 0.321164 0.067676 -0.701518 0.387771 0.157358 -0.375324 0.302531 0.179776 -0.514339 0.358772 0.117650 -0.606945 0.435142 0.160546 -0.206569 0.364431 0.214477 -0.277406 0.445454 0.260755 -0.310546 0.545270 
0.000000 0.000000 0.000000 0.004795 -0.034357 -0.066487 0.232694 -0.355421 0.104020 0.182320 -0.259221 0.188947 0.132288 -0.171769 0.228126 0.086545 -0.094512 0.248895 -0.092948 -0.252123 0.135677 -0.154109 -0.388388 0.262178 -0.150606 -0.430594 0.411487 0.194434 -0.572111 0.158807 0.171312 -0.703073 0.191919 0.086492 -0.746189 0.259296 0.188842 -0.482446 0.270204 0.193277 -0.634270 0.325470 0.092075 -0.692217 0.396460 0.175543 -0.364862 0.302676 0.206560 -0.503322 0.356133 0.150028 -0.595998 0.436652 0.176728 -0.204727 0.350413 0.238802 -0.280590 0.420290 0.289068 -0.312648 0.518518 
0.000000 0.000000 0.000000 0.003572 -0.037424 -0.064889 0.234757 -0.350274 0.116136 0.185930 -0.250196 0.197406 0.136595 -0.160991 0.233388 0.091211 -0.082831 0.251378 -0.085781 -0.257186 0.138990 -0.141693 -0.394699 0.266564 -0.139369 -0.435368 0.416322 0.204341 -0.567682 0.172961 0.185958 -0.699077 0.207304 0.101401 -0.742194 0.275010 0.200284 -0.473455 0.277555 0.210047 -0.625303 0.332067 0.109966 -0.683728 0.404246 0.183732 -0.354361 0.304803 0.217532 -0.493018 0.356012 0.163070 -0.585003 0.438721 0.186070 -0.198667 0.341767 0.251362 -0.278399 0.403983 0.302369 -0.308393 0.502481 
0.000000 0.000000 0.000000 0.006603 -0.037805 -0.064429 0.246753 -0.338919 0.124648 0.191924 -0.240305 0.203853 0.138060 -0.152972 0.237877 0.089011 -0.076662 0.254109 -0.079026 -0.255761 0.142958 -0.132607 -0.392144 0.272727 -0.133155 -0.431548 0.422839 0.221605 -0.555528 0.186841 0.206405 -0.686441 0.224429 0.123101 -0.729549 0.293676 0.215307 -0.461989 0.286217 0.231211 -0.612765 0.342237 0.133769 -0.672515 0.416898 0.195140 -0.345535 0.304021 0.236071 -0.483614 0.351450 0.185284 -0.575718 0.436337 0.189333 -0.192447 0.338462 0.258388 -0.272144 0.396524 0.308634 -0.300965 0.495760 
0.000000 0.000000 0.000000 0.005915 -0.038525 -0.064068 0.250300 -0.336118 0.125160 0.196037 -0.236868 0.203961 0.142174 -0.149426 0.237707 0.092939 -0.073191 0.253725 -0.075709 -0.253221 0.148275 -0.126784 -0.387564 0.281145 -0.128763 -0.427638 0.431069 0.229263 -0.551589 0.192614 0.216549 -0.681813 0.233380 0.134231 -0.724564 0.304015 0.224624 -0.457123 0.288488 0.244068 -0.606928 0.345979 0.148951 -0.667465 0.422968 0.201029 -0.341058 0.304991 0.243232 -0.478470 0.353237 0.194113 -0.570345 0.439343 0.197036 -0.186942 0.336253 0.268688 -0.265239 0.393059 0.319492 -0.293999 0.492028 