29
0.000000 0.000000 0.000000 -0.062035 0.000770 -0.042131 -0.205222 -0.359177 0.142007 -0.089226 -0.302246 0.191894 -0.011438 -0.239690 0.203628 0.049506 -0.183004 0.205985 -0.220314 -0.120703 0.198781 -0.319354 -0.196713 0.349527 -0.439563 -0.250695 0.431520 -0.324728 -0.468140 0.300958 -0.394638 -0.462481 0.418698 -0.441076 -0.412671 0.513332 -0.219367 -0.363130 0.381184 -0.307881 -0.404540 0.509928 -0.368048 -0.377071 0.629363 -0.114764 -0.295980 0.379323 -0.188855 -0.336344 0.505308 -0.272299 -0.323478 0.610852 -0.018257 -0.243099 0.355595 -0.064899 -0.284463 0.458574 -0.136487 -0.300303 0.547046 
0.000000 0.000000 0.000000 -0.061765 0.000605 -0.042528 -0.203900 -0.361170 0.138820 -0.088584 -0.303783 0.189752 -0.011264 -0.240809 0.202313 0.049311 -0.183761 0.205357 -0.221993 -0.121761 0.196636 -0.322253 -0.198330 0.346290 -0.448829 -0.249242 0.420272 -0.323075 -0.469748 0.298283 -0.390857 -0.454651 0.416435 -0.434471 -0.398721 0.508971 -0.220198 -0.354473 0.381018 -0.309714 -0.388950 0.511106 -0.368427 -0.356280 0.629954 -0.116063 -0.288544 0.379661 -0.191210 -0.322774 0.506830 -0.274867 -0.303502 0.611224 -0.023746 -0.235883 0.355465 -0.074033 -0.271759 0.458786 -0.148086 -0.282408 0.545998 
0.000000 0.000000 0.000000 -0.061148 0.000706 -0.043409 -0.201429 -0.366266 0.128708 -0.087573 -0.308519 0.182440 -0.011222 -0.244882 0.197365 0.048597 -0.187184 0.202415 -0.221155 -0.127146 0.193019 -0.321278 -0.207146 0.340959 -0.447987 -0.263884 0.410330 -0.319475 -0.470074 0.292138 -0.383305 -0.440711 0.409805 -0.424704 -0.380078 0.500375 -0.220026 -0.364183 0.371734 -0.305762 -0.374999 0.508324 -0.363799 -0.337172 0.625968 -0.115787 -0.286934 0.376283 -0.190767 -0.317088 0.504578 -0.274293 -0.293816 0.608259 -0.025514 -0.236693 0.352890 -0.076526 -0.270770 0.456465 -0.152355 -0.277433 0.542538 
0.000000 0.000000 0.000000 -0.062348 0.003411 -0.041532 -0.204295 -0.367403 0.120700 -0.087905 -0.313710 0.173194 -0.010007 -0.252008 0.188250 0.050976 -0.195579 0.193705 -0.222174 -0.132673 0.190380 -0.322182 -0.217825 0.335496 -0.449072 -0.274702 0.404423 -0.318796 -0.474571 0.284484 -0.378619 -0.437608 0.402114 -0.418741 -0.377085 0.493330 -0.220418 -0.384482 0.357330 -0.299225 -0.371803 0.497876 -0.354984 -0.330703 0.615524 -0.114792 -0.292925 0.367301 -0.189930 -0.322265 0.495693 -0.272217 -0.294754 0.599326 -0.026477 -0.243791 0.342912 -0.079789 -0.276977 0.445615 -0.156932 -0.281560 0.530651 
0.000000 0.000000 0.000000 -0.062238 0.003852 -0.041660 -0.204968 -0.368284 0.116815 -0.088660 -0.315189 0.170095 -0.010741 -0.253706 0.185914 0.050283 -0.197390 0.192041 -0.225542 -0.132001 0.187952 -0.327727 -0.217010 0.331629 -0.455369 -0.273465 0.399505 -0.319440 -0.474492 0.281241 -0.379926 -0.441309 0.399657 -0.419825 -0.381219 0.491257 -0.221360 -0.386265 0.353979 -0.300002 -0.373019 0.494566 -0.355583 -0.331649 0.612203 -0.116852 -0.293816 0.364367 -0.192940 -0.322577 0.492328 -0.275429 -0.294341 0.595606 -0.028207 -0.242793 0.341588 -0.082233 -0.274044 0.444524 -0.159222 -0.276829 0.529777 
0.000000 0.000000 0.000000 -0.061157 0.003010 -0.043297 -0.202165 -0.371842 0.110241 -0.088174 -0.317101 0.166763 -0.011686 -0.254452 0.184835 0.048255 -0.197204 0.192752 -0.220205 -0.134786 0.188139 -0.319726 -0.221010 0.332956 -0.447796 -0.277351 0.400118 -0.317494 -0.475306 0.275815 -0.378492 -0.444654 0.394650 -0.417452 -0.383333 0.485837 -0.219677 -0.388338 0.351443 -0.299328 -0.381091 0.491898 -0.354976 -0.340949 0.609929 -0.119360 -0.294223 0.362425 -0.196569 -0.322741 0.489768 -0.279205 -0.296984 0.593576 -0.036614 -0.228076 0.342519 -0.095031 -0.249326 0.445607 -0.173245 -0.244153 0.529625 
0.000000 0.000000 0.000000 -0.061652 0.004129 -0.042495 -0.203116 -0.372498 0.106206 -0.088120 -0.319430 0.162286 -0.011036 -0.257563 0.180516 0.049348 -0.200819 0.188700 -0.220322 -0.136404 0.187550 -0.319607 -0.224341 0.331498 -0.447764 -0.281018 0.398208 -0.318885 -0.474864 0.272154 -0.380217 -0.445375 0.391111 -0.418255 -0.382303 0.481490 -0.220170 -0.384855 0.348718 -0.302706 -0.387752 0.487657 -0.358526 -0.348529 0.605915 -0.118030 -0.295019 0.359018 -0.194751 -0.321877 0.487015 -0.277232 -0.296776 0.591106 -0.037594 -0.230624 0.337492 -0.097438 -0.251139 0.439908 -0.176531 -0.243490 0.522907 
0.000000 0.000000 0.000000 -0.060680 0.004077 -0.043878 -0.201960 -0.375651 0.096898 -0.088820 -0.322209 0.156299 -0.012779 -0.259857 0.177080 0.046850 -0.202659 0.187365 -0.225855 -0.136356 0.181604 -0.329211 -0.224229 0.322696 -0.456406 -0.282287 0.390059 -0.319793 -0.478266 0.261231 -0.380693 -0.445920 0.379667 -0.417924 -0.381645 0.469532 -0.224437 -0.391744 0.338638 -0.303613 -0.377270 0.478803 -0.359614 -0.336690 0.596516 -0.119337 -0.297840 0.355732 -0.195746 -0.325077 0.483836 -0.278748 -0.301091 0.587775 -0.037823 -0.227731 0.338323 -0.096105 -0.244988 0.442230 -0.175867 -0.235008 0.524336 
0.000000 0.000000 0.000000 -0.060138 0.004921 -0.044532 -0.205183 -0.375556 0.090265 -0.092449 -0.323439 0.151584 -0.016309 -0.261762 0.173956 0.043515 -0.205027 0.185584 -0.228804 -0.137574 0.177037 -0.334345 -0.226739 0.315680 -0.461368 -0.285742 0.382543 -0.326288 -0.479383 0.251429 -0.388420 -0.447396 0.369321 -0.425787 -0.382848 0.458933 -0.229262 -0.388827 0.334562 -0.312281 -0.383092 0.473124 -0.368725 -0.341407 0.590239 -0.126239 -0.297217 0.351078 -0.205065 -0.322640 0.478086 -0.289073 -0.298294 0.581129 -0.044190 -0.232474 0.334382 -0.104559 -0.251366 0.436803 -0.185018 -0.240904 0.518166 
0.000000 0.000000 0.000000 -0.059434 0.005334 -0.045421 -0.206627 -0.376282 0.083712 -0.094856 -0.324745 0.147243 -0.019065 -0.263291 0.171349 0.040580 -0.206680 0.184412 -0.235297 -0.141754 0.167379 -0.345341 -0.233792 0.300535 -0.472536 -0.296168 0.363919 -0.331661 -0.477925 0.243259 -0.396896 -0.448241 0.360073 -0.435214 -0.382402 0.448334 -0.236441 -0.399142 0.323008 -0.314262 -0.370729 0.461792 -0.372093 -0.328241 0.577937 -0.133230 -0.297387 0.346041 -0.215094 -0.321835 0.471307 -0.301083 -0.297860 0.572791 -0.053470 -0.227869 0.330330 -0.118207 -0.242454 0.430767 -0.200391 -0.230219 0.510135 
0.000000 0.000000 0.000000 -0.058322 0.005603 -0.046808 -0.208511 -0.376790 0.076437 -0.098316 -0.325630 0.142956 -0.023141 -0.264318 0.169253 0.036159 -0.207783 0.184092 -0.236752 -0.140205 0.164731 -0.348401 -0.231442 0.297099 -0.474752 -0.296084 0.359898 -0.334000 -0.479998 0.234617 -0.399391 -0.446162 0.350207 -0.438268 -0.378583 0.436896 -0.245414 -0.395362 0.316086 -0.329232 -0.373579 0.452559 -0.390153 -0.332140 0.567496 -0.141447 -0.296729 0.341494 -0.226280 -0.319969 0.465001 -0.314692 -0.297458 0.564723 -0.059833 -0.225769 0.329172 -0.125907 -0.238149 0.429033 -0.209644 -0.225361 0.506671 
0.000000 0.000000 0.000000 -0.056216 0.005276 -0.049354 -0.208894 -0.378485 0.066354 -0.102161 -0.326659 0.137820 -0.028694 -0.264852 0.167559 0.029461 -0.207914 0.185135 -0.240662 -0.139614 0.157607 -0.356076 -0.230277 0.287110 -0.483281 -0.294426 0.348678 -0.333914 -0.479735 0.226162 -0.398816 -0.445468 0.341901 -0.437586 -0.378047 0.428761 -0.249371 -0.391510 0.312743 -0.334258 -0.372427 0.448958 -0.395171 -0.331158 0.563962 -0.147440 -0.297860 0.339383 -0.232589 -0.321529 0.462592 -0.321089 -0.298478 0.562112 -0.069960 -0.224123 0.328100 -0.138392 -0.235281 0.426506 -0.223079 -0.221177 0.502876 
0.000000 0.000000 0.000000 -0.057306 0.008184 -0.047676 -0.218571 -0.373586 0.062853 -0.108459 -0.326776 0.132633 -0.032377 -0.267957 0.161854 0.027936 -0.213242 0.179217 -0.247270 -0.140946 0.151121 -0.366137 -0.234262 0.275515 -0.494558 -0.298126 0.334813 -0.345799 -0.473960 0.221466 -0.412800 -0.440819 0.336334 -0.453337 -0.374021 0.422867 -0.260739 -0.397187 0.300941 -0.340209 -0.362596 0.437369 -0.401837 -0.322307 0.552339 -0.154318 -0.292406 0.332870 -0.241757 -0.309937 0.455499 -0.330186 -0.284966 0.554620 -0.076692 -0.226131 0.318763 -0.148710 -0.235003 0.414815 -0.234586 -0.218144 0.489275 
0.000000 0.000000 0.000000 -0.055388 0.006995 -0.050071 -0.215649 -0.376253 0.056739 -0.109207 -0.327328 0.130642 -0.035250 -0.267193 0.162516 0.023506 -0.211478 0.181922 -0.246915 -0.141059 0.148029 -0.366760 -0.233702 0.271987 -0.493632 -0.300298 0.331613 -0.342711 -0.474146 0.217027 -0.410054 -0.437511 0.330627 -0.452363 -0.370587 0.416208 -0.260791 -0.394847 0.300754 -0.339054 -0.355551 0.436604 -0.402206 -0.316303 0.551106 -0.157779 -0.290442 0.333278 -0.245639 -0.307113 0.455726 -0.334573 -0.281938 0.554342 -0.082058 -0.222546 0.320918 -0.154720 -0.230163 0.416592 -0.241433 -0.212254 0.489827 
0.000000 0.000000 0.000000 -0.054597 0.006803 -0.050958 -0.212255 -0.379155 0.049799 -0.107666 -0.329673 0.125942 -0.034962 -0.268983 0.159599 0.022809 -0.212777 0.180490 -0.248881 -0.142747 0.143297 -0.370450 -0.236326 0.264850 -0.494414 -0.307555 0.325235 -0.337879 -0.473892 0.213088 -0.408120 -0.441931 0.326343 -0.453291 -0.375686 0.410986 -0.258345 -0.395957 0.297337 -0.337985 -0.358377 0.432873 -0.402951 -0.321648 0.547196 -0.158462 -0.287100 0.330283 -0.247019 -0.300092 0.452675 -0.336692 -0.275303 0.550717 -0.085916 -0.220921 0.317234 -0.160754 -0.226527 0.411357 -0.248513 -0.207900 0.483152 
0.000000 0.000000 0.000000 -0.053840 0.006249 -0.051828 -0.206153 -0.383322 0.043077 -0.103785 -0.332609 0.121397 -0.032775 -0.270907 0.156785 0.023603 -0.213848 0.179118 -0.248010 -0.151091 0.136290 -0.369508 -0.249545 0.254003 -0.491308 -0.325438 0.313094 -0.327875 -0.488235 0.203067 -0.398546 -0.452039 0.314770 -0.447108 -0.387878 0.399139 -0.256779 -0.402901 0.289106 -0.336098 -0.360582 0.423427 -0.403596 -0.325913 0.536923 -0.158907 -0.290359 0.325385 -0.249352 -0.304307 0.446282 -0.340772 -0.281692 0.543229 -0.087226 -0.221562 0.314186 -0.163512 -0.226871 0.407157 -0.252404 -0.210800 0.478171 
0.000000 0.000000 0.000000 -0.051804 0.001283 -0.054209 -0.182048 -0.395098 0.045242 -0.086800 -0.335623 0.126334 -0.021651 -0.268397 0.162913 0.029794 -0.207120 0.185970 -0.240224 -0.161667 0.134979 -0.358124 -0.263630 0.253360 -0.477252 -0.344245 0.311641 -0.303368 -0.495418 0.208451 -0.379153 -0.464336 0.318327 -0.433527 -0.402061 0.400537 -0.240193 -0.408099 0.292744 -0.323512 -0.366955 0.424993 -0.394089 -0.332670 0.536719 -0.150241 -0.289537 0.329440 -0.242449 -0.304696 0.448850 -0.336717 -0.285164 0.543719 -0.082395 -0.219800 0.319532 -0.159618 -0.228529 0.411466 -0.250326 -0.219606 0.481433 
0.000000 0.000000 0.000000 -0.049350 -0.005307 -0.056217 -0.156242 -0.404051 0.060183 -0.068948 -0.333699 0.141521 -0.010240 -0.260150 0.176815 0.035810 -0.194225 0.198407 -0.231406 -0.168127 0.139210 -0.345324 -0.270009 0.261495 -0.462771 -0.353108 0.319698 -0.275310 -0.497499 0.229033 -0.355600 -0.472576 0.337266 -0.415873 -0.410959 0.415775 -0.222038 -0.403100 0.309514 -0.310885 -0.366316 0.439428 -0.384789 -0.332117 0.549009 -0.138719 -0.282639 0.343251 -0.230846 -0.298766 0.462596 -0.326830 -0.284222 0.556636 -0.076461 -0.207931 0.331799 -0.153740 -0.217364 0.423616 -0.245004 -0.214528 0.493373 
0.000000 0.000000 0.000000 -0.048288 -0.009046 -0.056660 -0.142565 -0.407113 0.072280 -0.059062 -0.330856 0.152262 -0.003553 -0.254042 0.185732 0.039784 -0.185778 0.205608 -0.230171 -0.169065 0.141225 -0.343982 -0.269194 0.265049 -0.460505 -0.353422 0.323486 -0.260725 -0.497329 0.243509 -0.343445 -0.465719 0.348104 -0.407693 -0.404056 0.423358 -0.212056 -0.403357 0.319027 -0.302120 -0.360921 0.446355 -0.378656 -0.326429 0.554020 -0.132034 -0.276062 0.352230 -0.224163 -0.291852 0.471619 -0.321649 -0.278363 0.564261 -0.073670 -0.195438 0.338353 -0.151763 -0.202087 0.429724 -0.243915 -0.201042 0.498353 
0.000000 0.000000 0.000000 -0.047692 -0.011392 -0.056742 -0.132934 -0.408966 0.079785 -0.051843 -0.329049 0.158670 0.001543 -0.250218 0.190879 0.043056 -0.180511 0.209602 -0.225749 -0.172658 0.143596 -0.337165 -0.273569 0.268954 -0.451736 -0.359438 0.328844 -0.248208 -0.502147 0.251394 -0.332500 -0.469858 0.354517 -0.398989 -0.408204 0.427805 -0.203577 -0.405427 0.324855 -0.297552 -0.367169 0.450671 -0.376299 -0.332711 0.556741 -0.126979 -0.272504 0.357310 -0.219136 -0.288486 0.476651 -0.317662 -0.275082 0.568199 -0.070190 -0.195735 0.342002 -0.148140 -0.206214 0.433135 -0.240178 -0.208007 0.501902 
0.000000 0.000000 0.000000 -0.046429 -0.012738 -0.057498 -0.125207 -0.411415 0.079693 -0.047298 -0.329315 0.159536 0.003756 -0.249153 0.192237 0.043381 -0.178445 0.211297 -0.216235 -0.177938 0.146759 -0.322489 -0.281311 0.274569 -0.435279 -0.369725 0.334136 -0.243927 -0.496739 0.253030 -0.329651 -0.474462 0.357611 -0.397531 -0.412830 0.429631 -0.196376 -0.403722 0.328988 -0.291968 -0.367715 0.454248 -0.371855 -0.333893 0.559669 -0.125614 -0.271441 0.358009 -0.218381 -0.287423 0.476878 -0.317633 -0.274647 0.567728 -0.068284 -0.194847 0.344894 -0.145146 -0.206137 0.436852 -0.237052 -0.209376 0.505742 
0.000000 0.000000 0.000000 -0.031803 -0.023091 -0.063869 -0.035152 -0.430024 0.071650 0.006533 -0.332207 0.160415 0.030846 -0.242373 0.198369 0.048749 -0.164360 0.221315 -0.162144 -0.230218 0.130954 -0.243702 -0.359825 0.252861 -0.286828 -0.483460 0.336176 -0.144377 -0.511534 0.252885 -0.240196 -0.462262 0.337578 -0.317031 -0.387901 0.384054 -0.181976 -0.389079 0.293473 -0.275204 -0.301596 0.392366 -0.371150 -0.260190 0.480226 -0.103320 -0.276397 0.358229 -0.230351 -0.241050 0.433094 -0.343545 -0.209698 0.499968 -0.066569 -0.176430 0.352244 -0.162032 -0.174554 0.425555 -0.266245 -0.161169 0.472070 
0.000000 0.000000 0.000000 -0.014457 -0.033779 -0.065375 0.061495 -0.420216 0.104535 0.062900 -0.310522 0.189095 0.057807 -0.215630 0.221829 0.051918 -0.134570 0.239930 -0.118047 -0.252152 0.133192 -0.182866 -0.388795 0.257443 -0.198031 -0.511976 0.350627 -0.044541 -0.501477 0.287764 -0.158474 -0.464570 0.354391 -0.250444 -0.393721 0.365126 -0.125134 -0.372250 0.320652 -0.234144 -0.255922 0.347281 -0.339645 -0.177532 0.384211 -0.078767 -0.259025 0.377322 -0.215644 -0.196536 0.396048 -0.338146 -0.142981 0.415878 -0.059622 -0.151419 0.373576 -0.176446 -0.135057 0.397571 -0.289282 -0.113979 0.402758 
0.000000 0.000000 0.000000 -0.008085 -0.035137 -0.065756 0.101774 -0.411210 0.108804 0.087991 -0.301990 0.192864 0.071449 -0.208187 0.224944 0.056190 -0.128222 0.242431 -0.097812 -0.250650 0.142449 -0.153958 -0.385504 0.272730 -0.162675 -0.510878 0.363792 -0.007054 -0.489113 0.291855 -0.118783 -0.472260 0.369410 -0.215680 -0.408379 0.380515 -0.095225 -0.365683 0.330158 -0.192255 -0.236422 0.331317 -0.262893 -0.119936 0.322336 -0.063154 -0.241762 0.384531 -0.195697 -0.168537 0.376706 -0.312451 -0.101349 0.365645 -0.045146 -0.142480 0.384255 -0.162434 -0.115375 0.384067 -0.270805 -0.084434 0.361670 
0.000000 0.000000 0.000000 -0.005402 -0.037853 -0.064513 0.120744 -0.401336 0.125062 0.100341 -0.289989 0.204879 0.078674 -0.196046 0.233287 0.059186 -0.116376 0.247638 -0.082318 -0.243842 0.157970 -0.130446 -0.372737 0.297185 -0.136891 -0.498453 0.387964 0.009374 -0.473393 0.308976 -0.097032 -0.469064 0.395238 -0.197076 -0.411190 0.410568 -0.072521 -0.364220 0.350079 -0.177895 -0.241679 0.352190 -0.249751 -0.126542 0.337372 -0.040613 -0.241815 0.401778 -0.179656 -0.181433 0.398322 -0.301687 -0.124261 0.387948 -0.040376 -0.138735 0.389673 -0.159353 -0.126164 0.403008 -0.271590 -0.107202 0.387314 
0.000000 0.000000 0.000000 -0.004039 -0.043897 -0.060668 0.127637 -0.385074 0.163452 0.104256 -0.267121 0.232194 0.080439 -0.171384 0.251403 0.059217 -0.091139 0.257989 -0.075449 -0.240953 0.171529 -0.120132 -0.364259 0.316823 -0.127550 -0.486588 0.412046 0.021535 -0.468957 0.345458 -0.085874 -0.473130 0.430477 -0.190328 -0.424572 0.448493 -0.047407 -0.358695 0.390583 -0.185201 -0.278488 0.417121 -0.286594 -0.187137 0.413428 -0.027933 -0.229403 0.423458 -0.174791 -0.209984 0.455811 -0.306687 -0.180945 0.461112 -0.038707 -0.128163 0.398083 -0.150526 -0.144555 0.439545 -0.264408 -0.154553 0.451119 
0.000000 0.000000 0.000000 -0.002071 -0.050269 -0.055611 0.133107 -0.362123 0.206010 0.106041 -0.238014 0.261232 0.079852 -0.141341 0.269616 0.056803 -0.061367 0.267168 -0.065416 -0.237068 0.187165 -0.105052 -0.353954 0.339078 -0.109967 -0.470176 0.441816 0.040216 -0.460364 0.388054 -0.071771 -0.467584 0.466724 -0.180402 -0.430642 0.487403 -0.032645 -0.339210 0.425548 -0.181343 -0.319172 0.485649 -0.307471 -0.273158 0.510423 -0.039367 -0.201663 0.433512 -0.162619 -0.227104 0.518085 -0.296174 -0.223711 0.538563 -0.036358 -0.103098 0.409175 -0.126867 -0.133459 0.482506 -0.235371 -0.160217 0.509229 
0.000000 0.000000 0.000000 0.005505 -0.054079 -0.051663 0.160250 -0.330370 0.237625 0.118266 -0.206143 0.282233 0.082003 -0.112405 0.282289 0.051039 -0.035680 0.272934 -0.044569 -0.243665 0.192049 -0.075903 -0.362296 0.344549 -0.070722 -0.466573 0.459381 0.082914 -0.435637 0.422985 -0.033621 -0.445639 0.494411 -0.145468 -0.415223 0.506991 -0.003031 -0.306258 0.460386 -0.148253 -0.316025 0.530668 -0.278783 -0.276008 0.530456 -0.002808 -0.182277 0.462950 -0.128707 -0.212847 0.541726 -0.263779 -0.214736 0.546206 -0.041102 -0.082811 0.413913 -0.113094 -0.116815 0.504202 -0.220585 -0.151449 0.525399 
0.000000 0.000000 0.000000 0.015670 -0.055940 -0.047424 0.192798 -0.287925 0.266867 0.131560 -0.168406 0.300780 0.082527 -0.081044 0.292690 0.041604 -0.010326 0.276647 -0.021851 -0.244517 0.199309 -0.045329 -0.362516 0.353699 -0.033460 -0.448978 0.482036 0.129217 -0.387153 0.460597 0.006993 -0.400129 0.521220 -0.105783 -0.373217 0.508957 0.038653 -0.270731 0.494099 -0.109979 -0.291440 0.554136 -0.232884 -0.253724 0.508189 0.014002 -0.151247 0.480012 -0.113291 -0.189783 0.552828 -0.244674 -0.193961 0.521377 -0.026380 -0.041786 0.434681 -0.124086 -0.081402 0.492779 -0.231294 -0.122679 0.490371 