31
0.000000 0.000000 0.000000 -0.069160 -0.002314 -0.028905 -0.050090 -0.429507 -0.065614 0.053867 -0.364999 -0.003416 0.113709 -0.291281 0.035661 0.164437 -0.215488 0.069976 -0.140864 -0.299494 0.037340 -0.185731 -0.485451 0.078792 -0.200187 -0.636869 0.109622 -0.017718 -0.647922 -0.013969 0.001847 -0.779926 0.017243 -0.005932 -0.844177 0.114219 0.108772 -0.591161 0.044651 0.146115 -0.744983 0.077344 0.116512 -0.785692 0.204252 0.164293 -0.490200 0.086515 0.200565 -0.632838 0.122981 0.147973 -0.685376 0.235861 0.218850 -0.372484 0.124544 0.256304 -0.480548 0.162104 0.235691 -0.549506 0.251675 
0.000000 0.000000 0.000000 -0.071366 0.000117 -0.023039 -0.070868 -0.427610 -0.058462 0.040173 -0.366732 -0.005539 0.105688 -0.295119 0.027952 0.161804 -0.221113 0.057443 -0.139523 -0.297355 0.045601 -0.182171 -0.483493 0.088552 -0.195013 -0.634939 0.119956 -0.045900 -0.645822 -0.002067 -0.030810 -0.777703 0.032016 -0.037484 -0.837894 0.131644 0.085971 -0.594207 0.045767 0.117119 -0.748922 0.080663 0.092241 -0.788964 0.208792 0.145969 -0.494670 0.085137 0.174854 -0.637762 0.126143 0.124150 -0.688664 0.240625 0.210398 -0.378826 0.115336 0.243846 -0.487382 0.155185 0.224473 -0.554666 0.246293 
0.000000 0.000000 0.000000 -0.071572 0.001304 -0.022351 -0.078468 -0.426356 -0.057910 0.034066 -0.367342 -0.006039 0.101071 -0.296834 0.026843 0.158680 -0.223778 0.055815 -0.132649 -0.295894 0.053734 -0.170867 -0.481862 0.101342 -0.183588 -0.633623 0.131239 -0.057072 -0.639884 0.015357 -0.044141 -0.768935 0.059638 -0.049803 -0.821806 0.163395 0.077918 -0.594463 0.048435 0.107743 -0.748938 0.085485 0.086687 -0.788990 0.214294 0.138857 -0.495996 0.087013 0.165952 -0.638807 0.130159 0.117645 -0.687033 0.246816 0.204778 -0.380903 0.117238 0.236508 -0.489056 0.159516 0.215602 -0.550994 0.254014 
0.000000 0.000000 0.000000 -0.071927 0.001701 -0.021153 -0.078521 -0.424923 -0.067569 0.034715 -0.366982 -0.016020 0.102100 -0.297175 0.017577 0.160020 -0.224744 0.047483 -0.127174 -0.299759 0.041425 -0.161743 -0.488393 0.080582 -0.166352 -0.641851 0.103305 -0.057935 -0.637052 0.009874 -0.045493 -0.765257 0.056679 -0.051691 -0.812141 0.163246 0.072776 -0.594064 0.042798 0.098662 -0.748512 0.082802 0.076082 -0.782115 0.213187 0.135521 -0.493878 0.087609 0.159486 -0.634927 0.137826 0.106017 -0.675117 0.255273 0.198900 -0.379758 0.118513 0.225661 -0.486458 0.167405 0.197040 -0.538735 0.265644 
0.000000 0.000000 0.000000 -0.071899 0.002378 -0.021183 -0.080236 -0.423327 -0.075147 0.033193 -0.366783 -0.022481 0.100837 -0.297866 0.012407 0.159032 -0.226220 0.043642 -0.125849 -0.300015 0.037931 -0.159607 -0.489233 0.074920 -0.155221 -0.642948 0.095874 -0.064909 -0.631824 0.012683 -0.055646 -0.757834 0.065765 -0.062722 -0.795062 0.176025 0.062293 -0.589240 0.055882 0.082084 -0.740542 0.109180 0.056929 -0.755161 0.242569 0.121407 -0.485899 0.106927 0.136157 -0.620731 0.174703 0.076273 -0.639129 0.294468 0.186623 -0.377327 0.127257 0.205616 -0.481337 0.184811 0.167261 -0.519059 0.286345 
0.000000 0.000000 0.000000 -0.071804 0.000904 -0.021615 -0.074416 -0.426122 -0.064597 0.037988 -0.366783 -0.012816 0.104553 -0.296124 0.020632 0.161655 -0.222952 0.050309 -0.120925 -0.300987 0.043920 -0.151662 -0.489892 0.084928 -0.138137 -0.642274 0.111075 -0.062222 -0.619568 0.053088 -0.054852 -0.736482 0.124215 -0.063718 -0.753299 0.239244 0.057876 -0.574516 0.100877 0.071402 -0.715803 0.178204 0.043206 -0.703671 0.311235 0.111526 -0.466166 0.146133 0.116525 -0.588098 0.236125 0.049393 -0.581206 0.353231 0.182869 -0.362329 0.153801 0.197471 -0.458264 0.225036 0.149666 -0.476803 0.327867 
0.000000 0.000000 0.000000 -0.070509 -0.002896 -0.025378 -0.054292 -0.431053 -0.050356 0.052765 -0.365145 0.004707 0.114640 -0.290542 0.038591 0.167182 -0.213968 0.068110 -0.116855 -0.302502 0.051658 -0.145855 -0.489977 0.099861 -0.131182 -0.641520 0.129965 -0.041334 -0.602441 0.097558 -0.033503 -0.706023 0.186953 -0.046897 -0.705113 0.302767 0.072424 -0.559016 0.140729 0.085796 -0.690876 0.233243 0.052892 -0.667947 0.363745 0.121293 -0.443589 0.184352 0.126063 -0.553333 0.288871 0.052713 -0.535623 0.401005 0.182731 -0.340943 0.187366 0.193434 -0.428342 0.269452 0.136943 -0.432912 0.369407 
0.000000 0.000000 0.000000 -0.069510 -0.008888 -0.026706 -0.032423 -0.436083 -0.008422 0.069732 -0.359825 0.042434 0.126994 -0.279260 0.070231 0.174974 -0.197632 0.093257 -0.103969 -0.301851 0.077368 -0.125531 -0.485168 0.142491 -0.110695 -0.633720 0.184907 -0.010294 -0.598222 0.148554 0.003081 -0.696214 0.243426 -0.009655 -0.691324 0.359215 0.105351 -0.541149 0.191856 0.129578 -0.664476 0.293485 0.096313 -0.636460 0.422898 0.144160 -0.422652 0.224691 0.156469 -0.525472 0.335448 0.082643 -0.505197 0.446834 0.194815 -0.310567 0.225311 0.208473 -0.388302 0.316207 0.150405 -0.383932 0.415263 
0.000000 0.000000 0.000000 -0.069203 -0.015301 -0.024510 -0.011773 -0.434840 0.045452 0.087018 -0.348277 0.085254 0.140597 -0.262350 0.102231 0.184818 -0.176384 0.114464 -0.085415 -0.288867 0.126304 -0.095559 -0.460047 0.220674 -0.068411 -0.595822 0.290782 0.026812 -0.575856 0.218789 0.050132 -0.661082 0.323550 0.038484 -0.645004 0.438437 0.129390 -0.506475 0.257453 0.158210 -0.614071 0.374573 0.123327 -0.573763 0.500262 0.168917 -0.385028 0.272119 0.189225 -0.472996 0.393938 0.114655 -0.446224 0.503440 0.215337 -0.273270 0.256830 0.236343 -0.339960 0.354822 0.180481 -0.331094 0.454842 
0.000000 0.000000 0.000000 -0.067471 -0.021232 -0.024915 0.007808 -0.428203 0.088722 0.100809 -0.333103 0.122545 0.149512 -0.243249 0.132372 0.189040 -0.154312 0.137196 -0.058906 -0.264196 0.171914 -0.053547 -0.416227 0.295077 -0.004430 -0.530354 0.388079 0.043227 -0.533202 0.286563 0.064634 -0.596661 0.406132 0.049229 -0.563421 0.516816 0.142309 -0.452900 0.323545 0.170534 -0.534379 0.460253 0.130947 -0.476216 0.577254 0.183375 -0.336714 0.319004 0.207658 -0.403733 0.452830 0.129937 -0.366911 0.557098 0.226056 -0.231508 0.289698 0.251534 -0.284643 0.394668 0.194150 -0.268222 0.492855 
0.000000 0.000000 0.000000 -0.067970 -0.024865 -0.019639 0.017036 -0.413615 0.141147 0.109754 -0.314096 0.159484 0.157460 -0.223232 0.156269 0.195839 -0.133999 0.148534 -0.052262 -0.244287 0.202742 -0.042433 -0.381588 0.341893 0.016123 -0.482326 0.444410 0.059900 -0.492385 0.349421 0.085806 -0.539991 0.475297 0.074826 -0.498086 0.583540 0.159749 -0.407581 0.372171 0.190300 -0.464437 0.520355 0.155637 -0.395713 0.633115 0.195494 -0.290204 0.353200 0.222766 -0.338227 0.494412 0.149109 -0.291621 0.597710 0.240217 -0.191357 0.307679 0.270763 -0.230838 0.417221 0.216426 -0.204084 0.514868 
0.000000 0.000000 0.000000 -0.068464 -0.027408 -0.013614 0.024252 -0.390007 0.196460 0.116979 -0.288826 0.197567 0.164027 -0.199248 0.180116 0.201607 -0.111919 0.158745 -0.046017 -0.215543 0.235279 -0.031970 -0.333266 0.391020 0.029154 -0.420189 0.504135 0.074312 -0.445000 0.410680 0.104566 -0.478235 0.540148 0.100557 -0.429673 0.646067 0.174310 -0.349070 0.420184 0.213303 -0.390044 0.571595 0.186862 -0.312827 0.681038 0.212002 -0.241368 0.381705 0.246403 -0.271571 0.526256 0.179544 -0.215356 0.629396 0.253529 -0.152977 0.320623 0.289268 -0.181237 0.432047 0.241576 -0.144601 0.529958 
0.000000 0.000000 0.000000 -0.068403 -0.029039 -0.010080 0.026432 -0.364497 0.240278 0.118769 -0.263551 0.229286 0.165410 -0.176440 0.201382 0.202579 -0.092049 0.169882 -0.044381 -0.186573 0.259089 -0.029349 -0.285148 0.427518 0.033945 -0.357052 0.549626 0.083842 -0.397097 0.457215 0.118539 -0.416800 0.588325 0.118316 -0.359543 0.689887 0.179249 -0.299881 0.456215 0.220384 -0.324590 0.610559 0.197939 -0.239084 0.714598 0.217830 -0.195963 0.405305 0.255418 -0.209963 0.551531 0.192755 -0.143512 0.651159 0.257735 -0.118580 0.333712 0.295700 -0.136842 0.446479 0.250645 -0.090658 0.541560 
0.000000 0.000000 0.000000 -0.068700 -0.029549 -0.005575 0.029171 -0.335516 0.279049 0.121734 -0.237019 0.255226 0.168243 -0.153870 0.216944 0.205205 -0.073767 0.175558 -0.041887 -0.160193 0.277373 -0.025109 -0.241942 0.454423 0.039891 -0.303064 0.581411 0.091647 -0.342900 0.496908 0.129405 -0.347364 0.628576 0.132503 -0.279984 0.723673 0.183886 -0.244449 0.484478 0.226158 -0.249503 0.640401 0.208634 -0.155404 0.737755 0.228104 -0.155643 0.419743 0.271027 -0.156915 0.565162 0.213139 -0.084531 0.663537 0.273534 -0.086969 0.336004 0.320567 -0.096056 0.446443 0.286983 -0.045415 0.543966 
0.000000 0.000000 0.000000 -0.070274 -0.026143 0.001382 0.031872 -0.312660 0.304168 0.127261 -0.221597 0.266152 0.175026 -0.144497 0.218021 0.212915 -0.070165 0.167676 -0.030271 -0.139010 0.290358 -0.005239 -0.209636 0.471180 0.063012 -0.266738 0.598333 0.106474 -0.303315 0.518101 0.151562 -0.297667 0.647396 0.163592 -0.225054 0.737816 0.203564 -0.211747 0.490997 0.255460 -0.205048 0.643923 0.248831 -0.103768 0.735234 0.252142 -0.142942 0.414907 0.307439 -0.141827 0.556087 0.267266 -0.065573 0.660200 0.289700 -0.077001 0.324658 0.342553 -0.081706 0.432713 0.320896 -0.025183 0.530381 
0.000000 0.000000 0.000000 -0.070438 -0.025133 0.005546 0.040641 -0.296308 0.319125 0.135403 -0.208635 0.272534 0.182028 -0.134838 0.218474 0.218669 -0.063798 0.162741 -0.018094 -0.120257 0.298902 0.014660 -0.179780 0.482465 0.088287 -0.230576 0.609295 0.123141 -0.283328 0.529945 0.173002 -0.275483 0.657360 0.193528 -0.201275 0.744910 0.218737 -0.190779 0.494370 0.275417 -0.178635 0.645249 0.276556 -0.073686 0.732562 0.268795 -0.124286 0.411019 0.331013 -0.116720 0.549086 0.301187 -0.035139 0.652638 0.300803 -0.064428 0.317143 0.357337 -0.064861 0.423421 0.341800 -0.002576 0.518721 
0.000000 0.000000 0.000000 -0.070248 -0.025155 0.007504 0.046263 -0.283384 0.329914 0.140006 -0.197262 0.278609 0.185574 -0.125475 0.221053 0.221148 -0.056546 0.162072 -0.008627 -0.106391 0.303223 0.029931 -0.157222 0.488265 0.105660 -0.201410 0.616325 0.132372 -0.262236 0.538620 0.184413 -0.249455 0.664757 0.207268 -0.174116 0.750750 0.229701 -0.178656 0.497888 0.290706 -0.166001 0.647028 0.295689 -0.061387 0.734609 0.276628 -0.111242 0.411369 0.341919 -0.101035 0.547838 0.317385 -0.019463 0.652776 0.306369 -0.048082 0.314558 0.365028 -0.042257 0.419517 0.357614 0.021191 0.515029 
0.000000 0.000000 0.000000 -0.070517 -0.023434 0.010103 0.047486 -0.265671 0.344172 0.141725 -0.184195 0.286572 0.187444 -0.116505 0.224360 0.223097 -0.051565 0.161059 -0.009103 -0.092374 0.308971 0.029327 -0.135513 0.495983 0.105684 -0.173922 0.625525 0.135698 -0.237744 0.551196 0.189011 -0.220866 0.676316 0.213322 -0.142399 0.759050 0.234527 -0.158344 0.503813 0.297645 -0.140762 0.651569 0.304940 -0.034205 0.736608 0.284018 -0.101382 0.411866 0.353268 -0.090537 0.546319 0.334353 -0.008472 0.652034 0.308110 -0.038503 0.313336 0.366627 -0.029512 0.418152 0.364211 0.035111 0.513131 
0.000000 0.000000 0.000000 -0.070173 -0.024433 0.010133 0.050040 -0.259142 0.348758 0.143224 -0.177070 0.290294 0.188148 -0.109662 0.227203 0.223058 -0.045188 0.163016 -0.006122 -0.086801 0.309890 0.033957 -0.125827 0.497458 0.111359 -0.162014 0.627020 0.135498 -0.221594 0.555415 0.187146 -0.198902 0.680314 0.212530 -0.116725 0.759026 0.238278 -0.143734 0.505533 0.302928 -0.121061 0.651926 0.312013 -0.010974 0.732161 0.288623 -0.091934 0.412416 0.360670 -0.079221 0.545226 0.346606 0.003912 0.650863 0.313851 -0.032228 0.311929 0.376346 -0.023308 0.414428 0.376796 0.042992 0.508274 
0.000000 0.000000 0.000000 -0.070581 -0.022233 0.012161 0.050823 -0.254633 0.351951 0.144903 -0.176259 0.289954 0.190230 -0.111230 0.224692 0.225442 -0.048865 0.158616 -0.005435 -0.080083 0.312587 0.035329 -0.116282 0.500574 0.114424 -0.151012 0.629510 0.142047 -0.216964 0.556105 0.197181 -0.194197 0.679491 0.224955 -0.110742 0.756023 0.243397 -0.141284 0.503378 0.310387 -0.117497 0.648537 0.322034 -0.006189 0.726731 0.293942 -0.093154 0.408079 0.368310 -0.080192 0.539579 0.357627 0.004257 0.644566 0.316116 -0.031151 0.307111 0.378528 -0.018959 0.409324 0.377709 0.051113 0.500386 
0.000000 0.000000 0.000000 -0.070626 -0.021422 0.013301 0.054155 -0.258892 0.348328 0.148069 -0.181136 0.285312 0.193003 -0.116044 0.219841 0.227773 -0.053473 0.153724 -0.002203 -0.083271 0.312198 0.040611 -0.121973 0.499228 0.123385 -0.155990 0.626028 0.146197 -0.219072 0.551706 0.201825 -0.195006 0.674623 0.229022 -0.109581 0.749162 0.247498 -0.144923 0.498095 0.315124 -0.120293 0.642818 0.326905 -0.008378 0.720120 0.295991 -0.100860 0.403897 0.369840 -0.089972 0.535876 0.359546 -0.005642 0.640997 0.319800 -0.039395 0.301776 0.383143 -0.029704 0.403682 0.379589 0.040840 0.494313 
0.000000 0.000000 0.000000 -0.069717 -0.025944 0.009507 0.057870 -0.278769 0.332008 0.149229 -0.192101 0.277426 0.192464 -0.120449 0.217936 0.225711 -0.051796 0.157299 -0.010199 -0.098708 0.307851 0.027044 -0.144239 0.494536 0.108726 -0.178583 0.621954 0.144988 -0.242948 0.538278 0.197640 -0.221298 0.662942 0.217441 -0.136973 0.740983 0.246733 -0.163308 0.492225 0.313049 -0.143725 0.638318 0.316687 -0.034890 0.720665 0.292729 -0.104258 0.403404 0.364625 -0.092649 0.536396 0.346912 -0.014766 0.645431 0.316747 -0.042265 0.306322 0.379409 -0.035705 0.408897 0.371751 0.028976 0.503559 
0.000000 0.000000 0.000000 -0.068302 -0.030911 0.001810 0.053590 -0.305957 0.307910 0.142440 -0.209003 0.268637 0.184735 -0.129387 0.219495 0.217369 -0.053242 0.168188 -0.032388 -0.123508 0.298428 -0.009915 -0.181449 0.484032 0.061557 -0.218288 0.616778 0.122529 -0.287144 0.523116 0.164194 -0.275773 0.653181 0.169548 -0.198429 0.740257 0.215986 -0.192697 0.494025 0.266007 -0.181607 0.647320 0.252253 -0.081473 0.739099 0.269500 -0.126411 0.413195 0.330282 -0.124277 0.552090 0.297667 -0.059465 0.666124 0.299254 -0.052730 0.322722 0.355617 -0.052378 0.429091 0.341096 -0.000622 0.530647 
0.000000 0.000000 0.000000 -0.064947 -0.036695 -0.007695 0.053543 -0.327642 0.284735 0.136084 -0.220174 0.262949 0.175030 -0.132981 0.225227 0.204927 -0.049856 0.184093 -0.059044 -0.155477 0.281618 -0.055350 -0.229803 0.462652 -0.003418 -0.274752 0.601826 0.101028 -0.333567 0.506388 0.129727 -0.337147 0.640350 0.120142 -0.272844 0.737129 0.192312 -0.231473 0.493568 0.230555 -0.239158 0.650421 0.198509 -0.151093 0.749704 0.234583 -0.145923 0.427710 0.277287 -0.155203 0.572903 0.225689 -0.104238 0.686957 0.269567 -0.066458 0.345748 0.314059 -0.077884 0.457019 0.288018 -0.040033 0.562339 
0.000000 0.000000 0.000000 -0.062362 -0.039460 -0.013333 0.048287 -0.332114 0.280462 0.126919 -0.220396 0.267309 0.164271 -0.130534 0.234568 0.193056 -0.045066 0.197660 -0.075481 -0.170370 0.270457 -0.083690 -0.252285 0.448034 -0.064121 -0.311934 0.589971 0.081964 -0.345989 0.504278 0.102317 -0.354375 0.639546 0.082214 -0.298365 0.739805 0.170973 -0.242498 0.499786 0.200936 -0.257531 0.657902 0.155093 -0.178355 0.759238 0.211398 -0.153343 0.439440 0.245191 -0.169699 0.586346 0.184948 -0.130749 0.700896 0.254527 -0.065125 0.360157 0.296839 -0.078932 0.472007 0.264373 -0.048628 0.577982 
0.000000 0.000000 0.000000 -0.058911 -0.042422 -0.018810 0.045039 -0.335261 0.277240 0.118189 -0.219240 0.272218 0.152926 -0.126802 0.244092 0.179691 -0.039116 0.211074 -0.087835 -0.179899 0.260671 -0.105934 -0.265922 0.435553 -0.116428 -0.338556 0.572305 0.060471 -0.360528 0.502059 0.069797 -0.375798 0.637934 0.035877 -0.327512 0.738488 0.150140 -0.251843 0.505436 0.171872 -0.274018 0.664057 0.113087 -0.206488 0.767126 0.197486 -0.165152 0.447212 0.229439 -0.192652 0.592860 0.163992 -0.169646 0.708858 0.238061 -0.068368 0.373319 0.278239 -0.088503 0.484996 0.243264 -0.070779 0.593004 
0.000000 0.000000 0.000000 -0.053068 -0.045986 -0.026324 0.049190 -0.345702 0.263364 0.112091 -0.223953 0.270958 0.141000 -0.127512 0.250810 0.162851 -0.036177 0.224815 -0.101110 -0.202149 0.240418 -0.131171 -0.299865 0.407328 -0.156529 -0.385351 0.534356 0.052532 -0.380659 0.487389 0.054551 -0.401786 0.622783 0.011447 -0.363683 0.724190 0.127327 -0.267553 0.504070 0.137691 -0.297208 0.662619 0.066684 -0.242870 0.765792 0.172632 -0.168493 0.455832 0.195314 -0.197878 0.602845 0.119236 -0.185734 0.713897 0.216229 -0.073114 0.387212 0.252970 -0.098539 0.498993 0.212901 -0.091747 0.606470 
0.000000 0.000000 0.000000 -0.050013 -0.046873 -0.030423 0.053514 -0.354896 0.249950 0.110865 -0.231161 0.265351 0.136429 -0.132820 0.250584 0.155389 -0.039599 0.229472 -0.101412 -0.221828 0.223733 -0.133574 -0.331303 0.382767 -0.162338 -0.426019 0.502301 0.045028 -0.406424 0.470615 0.039900 -0.437565 0.603979 -0.011557 -0.408224 0.704400 0.115660 -0.288926 0.495817 0.118921 -0.328215 0.652566 0.038722 -0.282695 0.753241 0.154124 -0.186629 0.454312 0.166812 -0.225213 0.600398 0.081221 -0.222506 0.704969 0.200084 -0.083164 0.392845 0.230849 -0.113151 0.505297 0.182836 -0.113712 0.609689 
0.000000 0.000000 0.000000 -0.043324 -0.048202 -0.037730 0.070112 -0.369545 0.223185 0.114512 -0.243106 0.252832 0.131668 -0.141984 0.248093 0.143156 -0.045960 0.236146 -0.093386 -0.243071 0.201783 -0.124711 -0.365007 0.351654 -0.150928 -0.469667 0.463215 0.054250 -0.429785 0.441221 0.044663 -0.466193 0.572996 -0.013213 -0.445296 0.672025 0.111810 -0.311559 0.480387 0.109973 -0.358116 0.635156 0.021872 -0.322664 0.733242 0.143065 -0.203327 0.450135 0.151236 -0.247314 0.595011 0.060056 -0.255150 0.694474 0.184022 -0.097104 0.398321 0.212150 -0.132307 0.509949 0.157169 -0.142109 0.610369 
0.000000 0.000000 0.000000 -0.037907 -0.047893 -0.043511 0.086977 -0.380613 0.197127 0.120561 -0.254202 0.238712 0.130421 -0.152079 0.242711 0.135335 -0.054835 0.238849 -0.084902 -0.259344 0.182157 -0.114308 -0.391656 0.323366 -0.135015 -0.504406 0.427987 0.070056 -0.453310 0.411251 0.059829 -0.497245 0.540661 -0.001164 -0.486949 0.639490 0.110872 -0.337114 0.461212 0.104282 -0.393506 0.612543 0.010993 -0.368509 0.709040 0.138239 -0.223321 0.441651 0.143845 -0.274406 0.584303 0.049010 -0.292696 0.678854 0.175199 -0.113045 0.398876 0.202638 -0.153112 0.509026 0.144757 -0.172505 0.606375 
0.000000 0.000000 0.000000 -0.034494 -0.047514 -0.046653 0.108697 -0.385390 0.175925 0.134029 -0.259793 0.225125 0.137510 -0.157663 0.235116 0.136424 -0.060242 0.236919 -0.066310 -0.273715 0.167045 -0.086218 -0.415258 0.300763 -0.096701 -0.533577 0.400651 0.094876 -0.474083 0.384162 0.086523 -0.527686 0.510015 0.026173 -0.527881 0.609770 0.128414 -0.355324 0.442649 0.124595 -0.420299 0.590595 0.029543 -0.403744 0.687189 0.146490 -0.240682 0.429386 0.152929 -0.300212 0.568690 0.057028 -0.326496 0.660234 0.178485 -0.126047 0.393402 0.207436 -0.171341 0.501112 0.150885 -0.199055 0.597222 