24
0.000000 0.000000 0.000000 -0.039632 -0.020645 -0.060225 -0.344948 -0.212020 0.165374 -0.236511 -0.135938 0.248437 -0.142016 -0.073104 0.271170 -0.062756 -0.021679 0.271961 -0.295217 -0.200758 -0.069281 -0.420812 -0.350134 -0.084236 -0.440216 -0.502144 -0.108798 -0.472993 -0.349389 0.292474 -0.550380 -0.432410 0.369290 -0.637539 -0.474020 0.434598 -0.334684 -0.317579 0.366092 -0.436668 -0.345451 0.488350 -0.516389 -0.401592 0.583912 -0.279302 -0.173901 0.396495 -0.277035 -0.285458 0.499163 -0.318420 -0.374944 0.591616 -0.175428 -0.054090 0.401733 -0.180978 -0.151855 0.471751 -0.222317 -0.218597 0.555654 
0.000000 0.000000 0.000000 -0.044920 -0.010768 -0.059078 -0.362390 -0.175631 0.170639 -0.240716 -0.120881 0.252153 -0.137536 -0.073000 0.273498 -0.052042 -0.032778 0.273109 -0.298385 -0.193663 -0.071353 -0.456988 -0.308107 -0.079034 -0.487432 -0.456470 -0.112921 -0.493075 -0.311701 0.296442 -0.572057 -0.393938 0.372475 -0.657201 -0.434937 0.440759 -0.357718 -0.298331 0.358436 -0.448083 -0.329541 0.488761 -0.525020 -0.388147 0.585122 -0.276315 -0.171231 0.399215 -0.279668 -0.293265 0.489144 -0.321864 -0.388738 0.575008 -0.160418 -0.064694 0.406609 -0.167546 -0.167275 0.469199 -0.207639 -0.238187 0.550238 
0.000000 0.000000 0.000000 -0.054000 0.002094 -0.051995 -0.351706 -0.162215 0.203174 -0.213880 -0.131563 0.270340 -0.103798 -0.097375 0.280696 -0.015155 -0.065945 0.271648 -0.345265 -0.106651 -0.017566 -0.495159 -0.231713 -0.031803 -0.548349 -0.369326 -0.079973 -0.471019 -0.309525 0.327611 -0.549906 -0.387937 0.407676 -0.627357 -0.432580 0.482519 -0.330650 -0.314755 0.366674 -0.403971 -0.357910 0.504101 -0.471647 -0.424749 0.602038 -0.225143 -0.203597 0.417466 -0.227969 -0.337724 0.488126 -0.265191 -0.441361 0.566495 -0.097939 -0.108320 0.419761 -0.106527 -0.218318 0.467907 -0.139400 -0.296244 0.545689 
0.000000 0.000000 0.000000 -0.062145 0.018064 -0.037889 -0.323406 -0.185923 0.228323 -0.173048 -0.181064 0.270938 -0.059925 -0.157129 0.266018 0.028370 -0.129800 0.246411 -0.353634 -0.033792 0.063062 -0.509853 -0.148333 0.035005 -0.593646 -0.261951 -0.029466 -0.432332 -0.357230 0.329363 -0.513631 -0.404203 0.429194 -0.582065 -0.451484 0.510891 -0.294428 -0.365746 0.358311 -0.354726 -0.402995 0.503574 -0.417990 -0.469571 0.604592 -0.164366 -0.275817 0.406442 -0.180128 -0.420457 0.449123 -0.222260 -0.529960 0.516221 -0.005323 -0.202093 0.402054 -0.034444 -0.316020 0.427821 -0.062091 -0.402367 0.498411 
0.000000 0.000000 0.000000 -0.063833 0.027158 -0.028490 -0.314271 -0.209357 0.220666 -0.160949 -0.218615 0.249881 -0.047387 -0.199083 0.239095 0.040485 -0.172540 0.216707 -0.347258 -0.018681 0.095667 -0.512021 -0.117465 0.058171 -0.609570 -0.211297 -0.017768 -0.423961 -0.393088 0.295707 -0.502106 -0.443829 0.396210 -0.568447 -0.500437 0.473589 -0.291674 -0.404372 0.319735 -0.346288 -0.446363 0.465949 -0.410025 -0.517643 0.563397 -0.157778 -0.319195 0.373634 -0.189267 -0.466846 0.387721 -0.242881 -0.578597 0.441622 0.017042 -0.274169 0.357094 -0.032492 -0.383390 0.367504 -0.067027 -0.477540 0.423596 
0.000000 0.000000 0.000000 -0.064358 0.024974 -0.029296 -0.309677 -0.220650 0.216112 -0.156527 -0.224614 0.247356 -0.043582 -0.201111 0.238120 0.043599 -0.171473 0.216950 -0.348748 -0.060368 0.069118 -0.503339 -0.172815 0.027064 -0.585071 -0.274777 -0.056664 -0.411333 -0.408390 0.292529 -0.479341 -0.510713 0.353250 -0.542455 -0.583745 0.418642 -0.270656 -0.425333 0.303578 -0.326996 -0.497950 0.436534 -0.384914 -0.584866 0.524456 -0.141847 -0.342906 0.360398 -0.162555 -0.491970 0.378891 -0.203596 -0.611716 0.426267 0.016912 -0.278300 0.352825 -0.018754 -0.392890 0.362223 -0.046913 -0.490833 0.415300 
0.000000 0.000000 0.000000 -0.064524 0.017781 -0.033829 -0.299895 -0.243739 0.204804 -0.149280 -0.231923 0.245081 -0.038743 -0.197801 0.241702 0.046347 -0.160410 0.224704 -0.346797 -0.088556 0.049000 -0.494903 -0.209196 0.006319 -0.566095 -0.316735 -0.080017 -0.382067 -0.441419 0.279573 -0.431729 -0.560892 0.324761 -0.483925 -0.647251 0.383164 -0.248472 -0.441603 0.296748 -0.292831 -0.527490 0.426286 -0.341005 -0.625079 0.508718 -0.120246 -0.350868 0.362703 -0.121306 -0.501263 0.381971 -0.146145 -0.625841 0.428137 0.028770 -0.263978 0.364529 0.013722 -0.382249 0.381164 -0.000340 -0.480703 0.438716 
0.000000 0.000000 0.000000 -0.065949 0.020200 -0.029438 -0.289087 -0.268665 0.188516 -0.137232 -0.258737 0.224410 -0.027320 -0.222686 0.220706 0.056618 -0.182360 0.204720 -0.343876 -0.104717 0.041265 -0.494656 -0.222639 0.000390 -0.565547 -0.324741 -0.092544 -0.364166 -0.476810 0.238105 -0.409541 -0.602607 0.268075 -0.457361 -0.697865 0.315323 -0.226081 -0.477436 0.251814 -0.263991 -0.582674 0.368487 -0.305801 -0.692088 0.438627 -0.105134 -0.396185 0.313208 -0.099363 -0.547700 0.314075 -0.120179 -0.678127 0.342771 0.044660 -0.302121 0.331608 0.032661 -0.421883 0.329548 0.022142 -0.527025 0.374690 
0.000000 0.000000 0.000000 -0.067183 0.021445 -0.025504 -0.277552 -0.294019 0.166758 -0.125027 -0.283980 0.199652 -0.016110 -0.244943 0.196951 0.066412 -0.201049 0.183138 -0.338495 -0.122272 0.034341 -0.488110 -0.240094 -0.010873 -0.559325 -0.334927 -0.110983 -0.346565 -0.508251 0.194358 -0.388275 -0.637727 0.211039 -0.432920 -0.738895 0.247986 -0.205940 -0.507384 0.203932 -0.238828 -0.628799 0.305427 -0.275654 -0.747329 0.362295 -0.084185 -0.431155 0.270466 -0.075352 -0.581523 0.253080 -0.091283 -0.715094 0.266239 0.066219 -0.337255 0.292839 0.052989 -0.456076 0.278772 0.046184 -0.566028 0.311444 
0.000000 0.000000 0.000000 -0.068129 0.021153 -0.023129 -0.265755 -0.316123 0.143983 -0.113317 -0.303595 0.176428 -0.005808 -0.260749 0.176132 0.075043 -0.213057 0.165368 -0.331358 -0.137137 0.036042 -0.475700 -0.258094 -0.017302 -0.544822 -0.348026 -0.123234 -0.329669 -0.533462 0.153928 -0.368296 -0.664816 0.159939 -0.409539 -0.770464 0.186966 -0.182009 -0.530270 0.157088 -0.210161 -0.661733 0.246808 -0.241596 -0.786734 0.291817 -0.064521 -0.456645 0.229902 -0.052415 -0.603854 0.195644 -0.063871 -0.738520 0.194223 0.086934 -0.361136 0.257657 0.072298 -0.477576 0.230847 0.069422 -0.590528 0.251749 
0.000000 0.000000 0.000000 -0.069109 0.023424 -0.017298 -0.261159 -0.321503 0.140437 -0.106784 -0.312939 0.163718 0.001170 -0.271468 0.159216 0.081936 -0.224165 0.146314 -0.330589 -0.136832 0.044287 -0.480087 -0.253992 -0.002990 -0.555105 -0.338396 -0.109456 -0.329267 -0.537790 0.139345 -0.370430 -0.668508 0.138685 -0.412140 -0.775375 0.159488 -0.175789 -0.537536 0.128094 -0.202996 -0.678562 0.202228 -0.233208 -0.807016 0.237246 -0.057337 -0.470357 0.200857 -0.048147 -0.613910 0.152909 -0.060649 -0.747882 0.140137 0.096113 -0.380310 0.223799 0.079305 -0.493974 0.187893 0.076305 -0.608292 0.199097 
0.000000 0.000000 0.000000 -0.069538 0.025922 -0.010791 -0.258210 -0.311479 0.166129 -0.102114 -0.308561 0.174643 0.006366 -0.271093 0.159733 0.087215 -0.226808 0.139006 -0.327461 -0.125241 0.081249 -0.483638 -0.238414 0.047907 -0.570032 -0.320660 -0.051384 -0.335429 -0.524631 0.170992 -0.382099 -0.653454 0.173931 -0.426157 -0.759254 0.195339 -0.177267 -0.530726 0.136313 -0.206301 -0.674193 0.204860 -0.238053 -0.802608 0.238635 -0.054532 -0.469126 0.202015 -0.056976 -0.611334 0.149462 -0.075711 -0.744221 0.133393 0.107316 -0.388760 0.201884 0.076274 -0.500563 0.169823 0.068799 -0.614945 0.177822 
0.000000 0.000000 0.000000 -0.069018 0.028418 -0.007271 -0.255604 -0.280526 0.217399 -0.099402 -0.285036 0.212158 0.008830 -0.254888 0.184392 0.089346 -0.217055 0.152564 -0.321472 -0.092263 0.132547 -0.486184 -0.197819 0.126307 -0.585793 -0.283380 0.043577 -0.344387 -0.485688 0.255430 -0.398045 -0.609682 0.278414 -0.444291 -0.711665 0.310877 -0.186364 -0.505588 0.195752 -0.216056 -0.641713 0.277685 -0.250734 -0.765726 0.323043 -0.054584 -0.445633 0.250031 -0.073198 -0.591003 0.211145 -0.100474 -0.723306 0.206678 0.109341 -0.376148 0.222390 0.066947 -0.487144 0.203052 0.053703 -0.600094 0.219484 
0.000000 0.000000 0.000000 -0.069135 0.026997 -0.010740 -0.260025 -0.283489 0.208114 -0.103690 -0.284994 0.210153 0.005120 -0.252988 0.187128 0.086291 -0.213878 0.158686 -0.312162 -0.054596 0.168500 -0.481591 -0.151157 0.151745 -0.596505 -0.231944 0.085751 -0.368012 -0.481792 0.228964 -0.417335 -0.565086 0.325976 -0.469346 -0.657381 0.374656 -0.225927 -0.484824 0.250158 -0.227012 -0.571098 0.386834 -0.266648 -0.676067 0.464615 -0.055651 -0.403650 0.322486 -0.088698 -0.549022 0.294817 -0.126583 -0.674010 0.329613 0.119625 -0.345135 0.269350 0.070456 -0.454826 0.262887 0.056518 -0.562461 0.300617 
0.000000 0.000000 0.000000 -0.069163 0.026677 -0.011347 -0.258925 -0.273517 0.222344 -0.102583 -0.275321 0.223186 0.006104 -0.244620 0.197914 0.087124 -0.206987 0.167143 -0.325946 -0.082096 0.130347 -0.487025 -0.192791 0.119786 -0.586724 -0.288606 0.049315 -0.340668 -0.482098 0.257444 -0.391812 -0.598037 0.309642 -0.435303 -0.697306 0.352620 -0.182434 -0.499148 0.223040 -0.222266 -0.617260 0.325936 -0.260813 -0.729548 0.393351 -0.057844 -0.427280 0.283118 -0.067822 -0.575985 0.255225 -0.093477 -0.707938 0.269302 0.100243 -0.351392 0.264925 0.062333 -0.465089 0.253650 0.048481 -0.574927 0.284423 
0.000000 0.000000 0.000000 -0.069636 0.023227 -0.015338 -0.256932 -0.274595 0.223324 -0.100825 -0.269753 0.230662 0.007513 -0.235578 0.208549 0.088188 -0.195885 0.179507 -0.325126 -0.077538 0.134387 -0.485225 -0.189710 0.124547 -0.584391 -0.288212 0.057091 -0.339226 -0.483618 0.254265 -0.391428 -0.587688 0.326560 -0.436035 -0.684560 0.373668 -0.177460 -0.493496 0.253907 -0.206636 -0.593374 0.377591 -0.240332 -0.700399 0.455370 -0.052121 -0.409153 0.313569 -0.059530 -0.559201 0.293037 -0.082954 -0.689966 0.317932 0.116274 -0.330626 0.287408 0.082695 -0.446160 0.283469 0.075998 -0.554474 0.321237 
0.000000 0.000000 0.000000 -0.069572 0.022560 -0.016574 -0.258068 -0.270945 0.226451 -0.102072 -0.265203 0.235342 0.006342 -0.230997 0.213650 0.087143 -0.191556 0.184618 -0.325977 -0.076751 0.132556 -0.485458 -0.189901 0.123953 -0.582477 -0.290381 0.056293 -0.338793 -0.480402 0.258561 -0.390734 -0.584582 0.330884 -0.434903 -0.681470 0.378372 -0.178401 -0.489470 0.254118 -0.213707 -0.592716 0.373359 -0.250325 -0.700008 0.449430 -0.057744 -0.405130 0.315062 -0.063504 -0.555557 0.296910 -0.087256 -0.686398 0.321083 0.111451 -0.327354 0.292108 0.078014 -0.442810 0.285539 0.070755 -0.551176 0.323053 
0.000000 0.000000 0.000000 -0.069134 0.018979 -0.022003 -0.261546 -0.276011 0.216105 -0.106947 -0.263077 0.235563 0.001164 -0.224662 0.220391 0.082050 -0.182448 0.195836 -0.330827 -0.098213 0.103014 -0.483513 -0.219788 0.088259 -0.569402 -0.326974 0.016001 -0.333475 -0.484667 0.268154 -0.380147 -0.606558 0.309946 -0.423132 -0.704101 0.357177 -0.168271 -0.491498 0.258756 -0.209080 -0.596695 0.374483 -0.245560 -0.702547 0.452611 -0.057903 -0.402557 0.318258 -0.057106 -0.553866 0.308476 -0.075954 -0.684924 0.335615 0.108659 -0.316879 0.304493 0.078723 -0.433469 0.303061 0.074342 -0.540892 0.343611 
0.000000 0.000000 0.000000 -0.067218 0.011095 -0.031346 -0.255718 -0.304204 0.182643 -0.107598 -0.273934 0.222531 -0.003424 -0.223527 0.221517 0.074787 -0.172402 0.207498 -0.329288 -0.132287 0.061428 -0.464488 -0.269965 0.028613 -0.530595 -0.386487 -0.049742 -0.309094 -0.519732 0.228672 -0.347103 -0.645641 0.267201 -0.386246 -0.745404 0.313116 -0.147522 -0.507213 0.244014 -0.192103 -0.611892 0.358815 -0.227439 -0.719007 0.435738 -0.059184 -0.403731 0.317074 -0.039162 -0.553985 0.313369 -0.047211 -0.685783 0.342225 0.099163 -0.300111 0.324471 0.083076 -0.419379 0.321703 0.085007 -0.525372 0.366030 
0.000000 0.000000 0.000000 -0.062109 0.000654 -0.042023 -0.224305 -0.350903 0.133584 -0.092345 -0.297285 0.198069 0.000058 -0.229719 0.215117 0.069246 -0.165373 0.215006 -0.313530 -0.174403 0.021134 -0.422439 -0.329698 -0.027177 -0.467783 -0.455669 -0.105675 -0.249405 -0.573928 0.165983 -0.290834 -0.693928 0.217615 -0.327798 -0.794472 0.263633 -0.105308 -0.533538 0.220220 -0.155703 -0.640256 0.330657 -0.190383 -0.748977 0.405600 -0.050567 -0.414005 0.305613 -0.009833 -0.560046 0.307470 -0.008174 -0.691379 0.339358 0.098594 -0.287070 0.337133 0.087891 -0.406960 0.338916 0.094298 -0.510934 0.387408 
0.000000 0.000000 0.000000 -0.054548 -0.009606 -0.050559 -0.165798 -0.393727 0.093702 -0.057482 -0.318306 0.177523 0.016248 -0.234806 0.208922 0.070484 -0.158226 0.219927 -0.286903 -0.211798 0.003988 -0.356965 -0.384767 -0.055040 -0.382042 -0.520531 -0.125935 -0.151191 -0.618158 0.122645 -0.204058 -0.725490 0.189480 -0.240518 -0.823967 0.240136 -0.047654 -0.554042 0.205914 -0.108570 -0.649455 0.321284 -0.144702 -0.755722 0.399010 -0.030358 -0.417522 0.304611 0.028747 -0.557061 0.309739 0.035767 -0.686285 0.348725 0.123824 -0.280840 0.332651 0.093265 -0.395940 0.350242 0.099934 -0.497926 0.402754 
0.000000 0.000000 0.000000 -0.041823 -0.021046 -0.058582 -0.082183 -0.423379 0.072707 -0.009605 -0.326472 0.171643 0.036457 -0.228721 0.213082 0.068765 -0.141833 0.231357 -0.252237 -0.244440 0.001977 -0.286458 -0.430789 -0.047157 -0.291448 -0.576317 -0.100855 -0.042063 -0.641214 0.121270 -0.104885 -0.736483 0.197161 -0.140986 -0.831239 0.254703 0.023744 -0.555907 0.223815 -0.053413 -0.635661 0.341334 -0.092947 -0.736187 0.424826 -0.002735 -0.403272 0.325819 0.065523 -0.538424 0.333914 0.073870 -0.663164 0.385281 0.139740 -0.263955 0.334483 0.098599 -0.368359 0.378055 0.100416 -0.466964 0.437020 
0.000000 0.000000 0.000000 -0.030897 -0.029329 -0.061717 -0.002927 -0.430852 0.075158 0.038935 -0.320813 0.178046 0.060363 -0.215584 0.221193 0.072795 -0.123882 0.240261 -0.220206 -0.264007 0.021557 -0.219858 -0.458107 -0.003670 -0.207547 -0.610440 -0.030687 0.059531 -0.633924 0.154410 -0.004798 -0.719651 0.239818 -0.037662 -0.807861 0.308608 0.092786 -0.537048 0.260612 0.002092 -0.598198 0.379607 -0.039100 -0.689614 0.472266 0.145858 -0.373000 0.333551 0.072982 -0.493594 0.389558 0.079108 -0.609001 0.459642 0.149947 -0.223334 0.361683 0.105155 -0.323223 0.411754 0.101733 -0.415412 0.480256 
0.000000 0.000000 0.000000 -0.025222 -0.035042 -0.061318 0.062297 -0.424473 0.085043 0.085423 -0.307137 0.185761 0.089873 -0.198968 0.226673 0.087827 -0.106060 0.243739 -0.198515 -0.272005 0.046682 -0.194924 -0.466924 0.064145 -0.175430 -0.620791 0.069794 0.132681 -0.611802 0.191691 0.070734 -0.683554 0.290667 0.043063 -0.761814 0.372538 0.152683 -0.505954 0.297216 0.061221 -0.555729 0.420835 0.022280 -0.635955 0.524212 0.184575 -0.334870 0.358112 0.110097 -0.441789 0.435649 0.114496 -0.544536 0.523352 0.170950 -0.183369 0.376781 0.126461 -0.275883 0.439656 0.119029 -0.359354 0.518273 