42
0.000000 0.000000 0.000000 0.031955 -0.045344 -0.050465 0.091530 -0.350679 0.244820 0.020729 -0.237467 0.281633 -0.023568 -0.147362 0.277083 -0.057273 -0.072302 0.264317 -0.054895 -0.338788 0.014297 0.010308 -0.517154 0.061683 0.031313 -0.666320 0.099033 0.033200 -0.499068 0.406060 -0.002053 -0.588749 0.503510 -0.050054 -0.660695 0.581695 -0.047501 -0.395746 0.445239 -0.093907 -0.503397 0.556514 -0.162924 -0.581201 0.644959 -0.077073 -0.281117 0.431875 -0.115439 -0.377027 0.542871 -0.174655 -0.473238 0.617067 -0.084994 -0.174712 0.403349 -0.104075 -0.245204 0.499047 -0.124718 -0.331591 0.571946 
0.000000 0.000000 0.000000 0.030649 -0.045034 -0.051541 0.075627 -0.361089 0.234915 0.008912 -0.246352 0.274533 -0.031827 -0.154497 0.272331 -0.062486 -0.077837 0.261549 -0.055676 -0.339477 0.009268 0.014373 -0.519179 0.042607 0.039268 -0.669609 0.071553 0.018926 -0.513668 0.392792 -0.015342 -0.605883 0.488207 -0.060299 -0.680435 0.565758 -0.060977 -0.408124 0.433969 -0.108511 -0.518151 0.542409 -0.174534 -0.598584 0.630788 -0.089527 -0.292483 0.421811 -0.130901 -0.391427 0.528998 -0.184802 -0.490317 0.603720 -0.087413 -0.187318 0.395634 -0.104571 -0.262676 0.487928 -0.118057 -0.350904 0.560295 
0.000000 0.000000 0.000000 0.030756 -0.042352 -0.053705 0.080353 -0.370660 0.217819 0.012818 -0.258480 0.262985 -0.028780 -0.167011 0.265189 -0.060209 -0.090234 0.258077 -0.064982 -0.336050 -0.004491 0.003724 -0.518036 0.017223 0.026980 -0.670110 0.037711 0.019762 -0.530801 0.366492 -0.016858 -0.627586 0.456346 -0.060006 -0.705173 0.531921 -0.053740 -0.425603 0.418273 -0.099010 -0.539270 0.523891 -0.162596 -0.622255 0.611695 -0.084622 -0.308580 0.412000 -0.124664 -0.410095 0.517272 -0.172805 -0.511616 0.592398 -0.082611 -0.202024 0.390694 -0.098031 -0.278972 0.481977 -0.107477 -0.368847 0.552945 
0.000000 0.000000 0.000000 0.023687 -0.041846 -0.057548 0.074700 -0.383280 0.196995 0.018021 -0.269294 0.251582 -0.017576 -0.175724 0.260496 -0.044706 -0.097022 0.258765 -0.081379 -0.332499 -0.009296 -0.019081 -0.517768 0.000972 -0.001377 -0.671328 0.014860 0.020308 -0.546206 0.345037 -0.012565 -0.644675 0.434510 -0.051223 -0.723030 0.511705 -0.041401 -0.438767 0.407217 -0.081816 -0.554033 0.513070 -0.138358 -0.636936 0.605642 -0.068572 -0.321429 0.405006 -0.105139 -0.425909 0.508629 -0.146032 -0.528172 0.586974 -0.064963 -0.210420 0.390358 -0.078906 -0.288474 0.480936 -0.083939 -0.378297 0.552418 
0.000000 0.000000 0.000000 0.017640 -0.040815 -0.060389 0.070811 -0.392743 0.178967 0.023380 -0.278367 0.241044 -0.007192 -0.183709 0.255432 -0.030755 -0.103893 0.258131 -0.092329 -0.330376 -0.016713 -0.042107 -0.519554 -0.015937 -0.030042 -0.674115 -0.008715 0.018546 -0.555466 0.327996 -0.013042 -0.653811 0.418066 -0.047659 -0.731760 0.497556 -0.033890 -0.453079 0.391611 -0.072841 -0.571908 0.494018 -0.121702 -0.657945 0.588090 -0.048037 -0.333755 0.398720 -0.077325 -0.441348 0.501466 -0.110829 -0.546352 0.579695 -0.040235 -0.218828 0.389608 -0.046761 -0.297940 0.480107 -0.046092 -0.388067 0.551380 
0.000000 0.000000 0.000000 0.010291 -0.039657 -0.062812 0.051475 -0.403676 0.160269 0.017458 -0.288523 0.229319 -0.004531 -0.192441 0.248982 -0.021502 -0.111227 0.256003 -0.113156 -0.324680 -0.025812 -0.069572 -0.515323 -0.033981 -0.063920 -0.670415 -0.032851 -0.001145 -0.570238 0.304867 -0.032947 -0.670903 0.392258 -0.065979 -0.750359 0.470927 -0.045411 -0.465425 0.375016 -0.088171 -0.585743 0.474110 -0.133813 -0.674494 0.567273 -0.045644 -0.347139 0.387156 -0.075124 -0.458067 0.486235 -0.103899 -0.566214 0.562026 -0.029394 -0.229489 0.384603 -0.034826 -0.310891 0.473121 -0.030501 -0.402638 0.542164 
0.000000 0.000000 0.000000 -0.001373 -0.038459 -0.064366 0.006568 -0.412337 0.145689 -0.003869 -0.296037 0.220192 -0.009745 -0.198561 0.243977 -0.013997 -0.116057 0.254374 -0.133085 -0.320265 -0.031448 -0.111547 -0.513910 -0.050126 -0.113949 -0.668899 -0.057835 -0.044590 -0.582355 0.286745 -0.075508 -0.685110 0.371996 -0.108967 -0.764958 0.450084 -0.082942 -0.473591 0.356927 -0.136723 -0.594352 0.449926 -0.183090 -0.684670 0.541206 -0.049473 -0.359583 0.375154 -0.077959 -0.475046 0.469216 -0.101814 -0.586574 0.541746 -0.011730 -0.236310 0.381339 -0.010169 -0.319083 0.468733 -0.000685 -0.410132 0.538182 
0.000000 0.000000 0.000000 -0.010439 -0.035744 -0.065095 -0.026200 -0.415798 0.133100 -0.018383 -0.301827 0.211423 -0.011974 -0.205197 0.238321 -0.006585 -0.123131 0.251329 -0.154790 -0.311617 -0.035042 -0.155511 -0.504961 -0.065514 -0.168394 -0.658586 -0.083410 -0.079200 -0.587495 0.271417 -0.111233 -0.691263 0.355012 -0.143631 -0.772480 0.432131 -0.103586 -0.475484 0.349473 -0.161537 -0.593596 0.443367 -0.206668 -0.683838 0.535339 -0.049957 -0.370839 0.364154 -0.077194 -0.489614 0.454383 -0.098682 -0.604064 0.522994 0.004629 -0.245000 0.376263 0.012348 -0.328884 0.462258 0.031771 -0.419023 0.530821 
0.000000 0.000000 0.000000 -0.016243 -0.032241 -0.065731 -0.047946 -0.418256 0.118546 -0.028221 -0.308403 0.200571 -0.013763 -0.213615 0.230707 -0.002048 -0.132703 0.246489 -0.178308 -0.298668 -0.041283 -0.187020 -0.489839 -0.082378 -0.208295 -0.641562 -0.107166 -0.103582 -0.591282 0.254145 -0.137207 -0.695853 0.336097 -0.171479 -0.777607 0.411826 -0.126052 -0.477520 0.335858 -0.192592 -0.592544 0.427872 -0.241264 -0.681497 0.519293 -0.067554 -0.377163 0.353476 -0.106125 -0.494436 0.441510 -0.136445 -0.608054 0.508142 0.000991 -0.259226 0.367191 0.003082 -0.346315 0.450272 0.017825 -0.440320 0.514683 
0.000000 0.000000 0.000000 -0.019458 -0.026864 -0.067258 -0.048059 -0.425771 0.087746 -0.023449 -0.322837 0.177099 -0.006519 -0.230825 0.213830 0.006879 -0.151503 0.235310 -0.195478 -0.284801 -0.049040 -0.213393 -0.472198 -0.102637 -0.243094 -0.620886 -0.135752 -0.113549 -0.603728 0.212095 -0.153129 -0.711280 0.287248 -0.192143 -0.795165 0.358202 -0.125525 -0.492603 0.308378 -0.194951 -0.608069 0.397666 -0.245906 -0.698040 0.486817 -0.068262 -0.393119 0.334504 -0.112535 -0.509494 0.421035 -0.149360 -0.622866 0.484743 0.007471 -0.280523 0.353377 0.007878 -0.369330 0.434644 0.021189 -0.465184 0.496595 
0.000000 0.000000 0.000000 -0.023509 -0.019558 -0.068474 -0.038311 -0.433609 0.042494 -0.008943 -0.340825 0.141053 0.009464 -0.253187 0.186689 0.023479 -0.176525 0.216006 -0.202096 -0.276362 -0.070761 -0.222690 -0.459111 -0.137765 -0.259117 -0.604319 -0.178687 -0.106095 -0.622760 0.147600 -0.147062 -0.737078 0.211123 -0.194522 -0.822258 0.275038 -0.106428 -0.523837 0.257145 -0.172732 -0.648311 0.336105 -0.229085 -0.741427 0.418525 -0.050581 -0.425147 0.294105 -0.093637 -0.548453 0.371129 -0.137351 -0.663099 0.427816 0.032016 -0.321050 0.314119 0.037892 -0.420528 0.381652 0.050279 -0.523801 0.430484 
0.000000 0.000000 0.000000 -0.023378 -0.013685 -0.069929 -0.023619 -0.436729 0.000820 0.003426 -0.352883 0.107701 0.019276 -0.269453 0.161461 0.030975 -0.195526 0.197943 -0.198395 -0.271878 -0.093421 -0.219905 -0.452152 -0.166564 -0.257863 -0.595329 -0.212892 -0.096513 -0.634252 0.085027 -0.140567 -0.753631 0.135920 -0.200419 -0.836156 0.192493 -0.089941 -0.548434 0.205254 -0.153443 -0.681437 0.271604 -0.220258 -0.773323 0.347315 -0.038048 -0.450739 0.253998 -0.079154 -0.580732 0.320353 -0.131399 -0.695106 0.369920 0.040314 -0.346741 0.285310 0.046741 -0.450825 0.345446 0.057453 -0.557295 0.387311 
0.000000 0.000000 0.000000 -0.023988 -0.009128 -0.070464 -0.022736 -0.435901 -0.027630 0.005114 -0.359178 0.084275 0.021288 -0.279414 0.143251 0.033171 -0.208009 0.184399 -0.200375 -0.264111 -0.111911 -0.214661 -0.440623 -0.195282 -0.252503 -0.581457 -0.248392 -0.096731 -0.639081 0.040656 -0.141452 -0.761877 0.081927 -0.207493 -0.842942 0.133503 -0.084939 -0.561883 0.169571 -0.146189 -0.699751 0.227584 -0.217181 -0.792371 0.298443 -0.032797 -0.467352 0.223675 -0.071579 -0.602115 0.281344 -0.125950 -0.718043 0.324615 0.041276 -0.364608 0.261843 0.046855 -0.472397 0.315148 0.055873 -0.581780 0.349167 
0.000000 0.000000 0.000000 -0.024683 -0.005975 -0.070561 -0.033764 -0.433921 -0.043159 -0.003258 -0.362013 0.071226 0.015294 -0.284862 0.132913 0.029228 -0.215310 0.176518 -0.207031 -0.255932 -0.116575 -0.224415 -0.428706 -0.206897 -0.264536 -0.566903 -0.265024 -0.109369 -0.640209 0.012961 -0.155063 -0.764883 0.046878 -0.223457 -0.846193 0.094879 -0.090176 -0.568925 0.149373 -0.149292 -0.709654 0.202525 -0.221752 -0.802941 0.270984 -0.035193 -0.478149 0.202229 -0.071396 -0.616749 0.251933 -0.125092 -0.735259 0.288539 0.032856 -0.374677 0.248457 0.035354 -0.484373 0.297974 0.040493 -0.595198 0.327880 
0.000000 0.000000 0.000000 -0.031376 -0.002852 -0.068054 -0.067938 -0.429628 -0.045770 -0.022151 -0.362290 0.066276 0.007321 -0.287846 0.127032 0.030024 -0.220302 0.170108 -0.223728 -0.245733 -0.111132 -0.265045 -0.415293 -0.199752 -0.315538 -0.549649 -0.258792 -0.144852 -0.636574 0.005974 -0.191337 -0.761648 0.037246 -0.258431 -0.843141 0.086746 -0.106192 -0.570750 0.143451 -0.163352 -0.712532 0.195941 -0.233164 -0.805293 0.267781 -0.042670 -0.482281 0.193438 -0.078517 -0.621702 0.241056 -0.131430 -0.740498 0.277879 0.027249 -0.380479 0.240264 0.025339 -0.490732 0.288554 0.024795 -0.601767 0.318121 
0.000000 0.000000 0.000000 -0.045135 0.002252 -0.059847 -0.128903 -0.417093 -0.026611 -0.052502 -0.357921 0.072620 -0.001859 -0.288772 0.125114 0.037633 -0.225320 0.161819 -0.247237 -0.234243 -0.092576 -0.331342 -0.395029 -0.165961 -0.399256 -0.522438 -0.222896 -0.214684 -0.620628 0.024724 -0.266527 -0.743639 0.055750 -0.333523 -0.821383 0.111071 -0.142979 -0.563263 0.150870 -0.204516 -0.702924 0.204090 -0.271137 -0.793671 0.281330 -0.055624 -0.481866 0.192476 -0.094178 -0.620326 0.240779 -0.147288 -0.737666 0.281751 0.030631 -0.385998 0.230522 0.025812 -0.496595 0.277811 0.022700 -0.607599 0.307335 
0.000000 0.000000 0.000000 -0.054711 0.007031 -0.050805 -0.188469 -0.394116 0.021034 -0.087464 -0.343820 0.101366 -0.018808 -0.281310 0.139847 0.035273 -0.223276 0.165151 -0.261532 -0.225231 -0.084356 -0.390947 -0.370565 -0.105351 -0.472816 -0.491458 -0.157975 -0.288633 -0.586603 0.086882 -0.349169 -0.702937 0.126679 -0.416781 -0.772084 0.191798 -0.189716 -0.536696 0.195269 -0.259262 -0.667879 0.259136 -0.324083 -0.751019 0.345884 -0.081486 -0.467645 0.217721 -0.126430 -0.601259 0.273562 -0.181530 -0.714810 0.321917 0.023486 -0.380077 0.241706 0.015373 -0.488007 0.294400 0.011596 -0.597857 0.327893 
0.000000 0.000000 0.000000 -0.060188 0.010451 -0.043498 -0.232434 -0.360307 0.086275 -0.115153 -0.318307 0.146825 -0.034152 -0.263165 0.169187 0.030051 -0.211471 0.180965 -0.294056 -0.197049 -0.033715 -0.440395 -0.326890 -0.027593 -0.537256 -0.437676 -0.076902 -0.342512 -0.536524 0.177107 -0.409041 -0.643025 0.232004 -0.473901 -0.705520 0.306035 -0.222563 -0.491940 0.268435 -0.295617 -0.610036 0.351147 -0.354701 -0.684232 0.449348 -0.101034 -0.436897 0.269474 -0.148992 -0.561475 0.341386 -0.203143 -0.669389 0.402133 0.016631 -0.360098 0.272158 0.007394 -0.462401 0.334927 0.000926 -0.569047 0.377210 
0.000000 0.000000 0.000000 -0.062211 0.011675 -0.040216 -0.255285 -0.326746 0.139130 -0.130547 -0.290102 0.186911 -0.043635 -0.240823 0.197855 0.025486 -0.194438 0.199789 -0.312622 -0.170872 0.002414 -0.469312 -0.285099 0.029088 -0.575356 -0.387290 -0.019885 -0.370760 -0.485629 0.252451 -0.440550 -0.581654 0.320940 -0.503459 -0.637758 0.401487 -0.234513 -0.451234 0.327275 -0.305224 -0.560827 0.422742 -0.357535 -0.633085 0.526094 -0.105994 -0.403918 0.317123 -0.150710 -0.520867 0.402647 -0.198844 -0.625964 0.472688 0.010165 -0.330970 0.308004 -0.000380 -0.424947 0.382491 -0.006612 -0.526869 0.435181 
0.000000 0.000000 0.000000 -0.062593 0.011837 -0.039572 -0.265587 -0.305777 0.165090 -0.138308 -0.271707 0.207806 -0.049145 -0.225703 0.213750 0.021912 -0.182371 0.211262 -0.321992 -0.154581 0.013938 -0.484307 -0.258715 0.047421 -0.595523 -0.354637 -0.002746 -0.386372 -0.450539 0.291086 -0.459371 -0.538030 0.367234 -0.522659 -0.586842 0.452117 -0.246675 -0.420690 0.357923 -0.320381 -0.522019 0.460023 -0.373250 -0.588504 0.566906 -0.113199 -0.377339 0.346480 -0.159129 -0.486072 0.441656 -0.206746 -0.585310 0.520094 0.005226 -0.307005 0.332812 -0.006259 -0.392793 0.416477 -0.013324 -0.488797 0.479217 
0.000000 0.000000 0.000000 -0.061872 0.011113 -0.040894 -0.269383 -0.301114 0.167491 -0.142734 -0.266454 0.211580 -0.053530 -0.220593 0.217990 0.017706 -0.177542 0.215723 -0.326281 -0.148088 0.009987 -0.491732 -0.247706 0.041825 -0.604167 -0.340390 -0.011604 -0.395646 -0.436342 0.298607 -0.471955 -0.518070 0.377849 -0.537226 -0.562884 0.463433 -0.255795 -0.406851 0.366437 -0.332692 -0.502340 0.471761 -0.387862 -0.563743 0.580505 -0.121070 -0.365402 0.356490 -0.169501 -0.469239 0.455803 -0.220340 -0.563370 0.538404 -0.003218 -0.297491 0.341264 -0.017620 -0.380055 0.427677 -0.028420 -0.472649 0.494855 
0.000000 0.000000 0.000000 -0.061061 0.010783 -0.042181 -0.272180 -0.300673 0.163719 -0.146494 -0.265554 0.210137 -0.057510 -0.219503 0.218076 0.013686 -0.176340 0.216997 -0.324170 -0.153884 -0.003396 -0.488807 -0.256922 0.020873 -0.596384 -0.353198 -0.036092 -0.400777 -0.443225 0.284392 -0.478498 -0.529379 0.357323 -0.546794 -0.577614 0.438577 -0.262082 -0.412821 0.356515 -0.340698 -0.512984 0.456072 -0.397988 -0.577825 0.561678 -0.129503 -0.367386 0.350972 -0.181126 -0.473428 0.446267 -0.234621 -0.568526 0.526033 -0.010522 -0.295659 0.342549 -0.027185 -0.377788 0.428969 -0.039409 -0.470055 0.496354 
0.000000 0.000000 0.000000 -0.060788 0.011345 -0.042426 -0.277838 -0.293581 0.167051 -0.151610 -0.260150 0.213246 -0.061820 -0.215617 0.220757 0.010148 -0.173767 0.219256 -0.325003 -0.152625 -0.008505 -0.490332 -0.255226 0.012721 -0.597933 -0.350654 -0.045608 -0.406979 -0.439658 0.282829 -0.485028 -0.527943 0.352802 -0.555278 -0.576365 0.432259 -0.264710 -0.410544 0.358382 -0.341634 -0.512833 0.457094 -0.399449 -0.577398 0.562585 -0.134306 -0.363815 0.353032 -0.186284 -0.470082 0.447882 -0.241263 -0.564437 0.527522 -0.017492 -0.288823 0.348037 -0.036516 -0.368018 0.436679 -0.050265 -0.458615 0.506006 
0.000000 0.000000 0.000000 -0.060553 0.010981 -0.042856 -0.280464 -0.288578 0.171328 -0.154179 -0.255168 0.217383 -0.064113 -0.211118 0.224421 0.008146 -0.169793 0.222430 -0.331522 -0.140006 -0.002544 -0.501076 -0.234485 0.022682 -0.613609 -0.324508 -0.034927 -0.413858 -0.424815 0.294070 -0.494478 -0.507152 0.368252 -0.564663 -0.551863 0.449911 -0.269653 -0.395426 0.370575 -0.348193 -0.490821 0.474767 -0.405371 -0.548063 0.584737 -0.140166 -0.350368 0.364204 -0.194700 -0.450218 0.464437 -0.251656 -0.538710 0.549251 -0.019662 -0.279616 0.355667 -0.038802 -0.355208 0.447376 -0.054604 -0.442315 0.520629 
0.000000 0.000000 0.000000 -0.060901 0.011311 -0.042273 -0.281068 -0.285501 0.175443 -0.154036 -0.252962 0.220046 -0.063537 -0.209641 0.225965 0.009039 -0.168932 0.223050 -0.334431 -0.133557 0.002904 -0.505588 -0.224206 0.031173 -0.620506 -0.311841 -0.025402 -0.416428 -0.417310 0.300839 -0.498237 -0.496972 0.376624 -0.567991 -0.540024 0.459534 -0.267252 -0.390913 0.376973 -0.344255 -0.484739 0.483706 -0.399833 -0.538890 0.596036 -0.138272 -0.347875 0.367456 -0.191862 -0.446997 0.468914 -0.248913 -0.533149 0.556040 -0.020132 -0.278099 0.356533 -0.040212 -0.353241 0.448413 -0.057553 -0.438981 0.522918 
0.000000 0.000000 0.000000 -0.061725 0.013656 -0.040342 -0.284350 -0.279273 0.180116 -0.155169 -0.251094 0.221386 -0.063276 -0.210556 0.225185 0.010376 -0.171985 0.220646 -0.333990 -0.132078 0.009455 -0.504355 -0.223269 0.040615 -0.621177 -0.309940 -0.013493 -0.415869 -0.412351 0.308231 -0.495355 -0.492779 0.385659 -0.564224 -0.535171 0.469643 -0.264552 -0.389378 0.380720 -0.338948 -0.483430 0.489089 -0.393534 -0.535070 0.603076 -0.138654 -0.347060 0.368009 -0.192704 -0.444942 0.470422 -0.251437 -0.528376 0.559063 -0.016356 -0.278404 0.356832 -0.034755 -0.351654 0.450572 -0.053155 -0.436029 0.526371 
0.000000 0.000000 0.000000 -0.063237 0.014860 -0.037473 -0.281029 -0.274077 0.192860 -0.149587 -0.248379 0.228186 -0.056871 -0.209581 0.227788 0.017211 -0.172397 0.219895 -0.339516 -0.116504 0.027790 -0.512394 -0.198703 0.068628 -0.636094 -0.279891 0.021790 -0.411233 -0.403025 0.326424 -0.489925 -0.480957 0.407147 -0.555418 -0.521661 0.494594 -0.256375 -0.382789 0.392518 -0.329006 -0.474206 0.504286 -0.379022 -0.522630 0.621729 -0.128098 -0.343547 0.375076 -0.179173 -0.439608 0.480690 -0.236266 -0.519052 0.573949 -0.009618 -0.277746 0.356893 -0.028085 -0.350259 0.451190 -0.046284 -0.432797 0.529033 
0.000000 0.000000 0.000000 -0.064259 0.015402 -0.035461 -0.277445 -0.270582 0.202731 -0.144675 -0.246141 0.233712 -0.051626 -0.208306 0.230195 0.022538 -0.171914 0.219793 -0.340202 -0.109778 0.042203 -0.512869 -0.188108 0.090801 -0.640272 -0.266030 0.048571 -0.406280 -0.394018 0.342678 -0.484145 -0.468618 0.427259 -0.547088 -0.507391 0.517414 -0.247883 -0.375932 0.403937 -0.318079 -0.464208 0.519714 -0.364104 -0.509323 0.640071 -0.119789 -0.338847 0.381940 -0.168666 -0.432452 0.490751 -0.223172 -0.508771 0.588078 0.001465 -0.277139 0.357886 -0.013041 -0.349568 0.452938 -0.030088 -0.430987 0.532207 
0.000000 0.000000 0.000000 -0.064438 0.016136 -0.034803 -0.277800 -0.269767 0.203330 -0.144582 -0.246562 0.233325 -0.051274 -0.209427 0.229254 0.023080 -0.173542 0.218453 -0.339860 -0.108910 0.044903 -0.512201 -0.187155 0.094778 -0.640946 -0.264535 0.055743 -0.406525 -0.392963 0.343590 -0.484322 -0.467419 0.428359 -0.546896 -0.505251 0.519170 -0.245968 -0.375027 0.405639 -0.314925 -0.462401 0.522836 -0.360684 -0.503692 0.644658 -0.121175 -0.335386 0.384051 -0.171298 -0.425706 0.495049 -0.227077 -0.497803 0.594843 -0.001080 -0.274173 0.359435 -0.017711 -0.343439 0.456476 -0.036639 -0.422327 0.537848 
0.000000 0.000000 0.000000 -0.064447 0.015715 -0.034978 -0.276569 -0.271625 0.202533 -0.143590 -0.247545 0.232896 -0.050519 -0.209794 0.229086 0.023626 -0.173417 0.218493 -0.339985 -0.106325 0.048876 -0.512399 -0.182689 0.101346 -0.643041 -0.259054 0.066879 -0.405853 -0.392681 0.344135 -0.483989 -0.465844 0.429716 -0.545807 -0.502612 0.521475 -0.246326 -0.375792 0.404572 -0.316201 -0.463018 0.521335 -0.361705 -0.501396 0.644200 -0.121494 -0.334936 0.384056 -0.172388 -0.424671 0.495179 -0.229375 -0.493779 0.596395 -0.001088 -0.274176 0.359288 -0.018100 -0.343530 0.456200 -0.038183 -0.420615 0.539011 
0.000000 0.000000 0.000000 -0.065083 0.017031 -0.033137 -0.275459 -0.269027 0.207454 -0.141364 -0.247304 0.234508 -0.047836 -0.210985 0.228568 0.026576 -0.175684 0.216333 -0.339031 -0.106306 0.053964 -0.510450 -0.183482 0.108466 -0.641613 -0.259788 0.075897 -0.402851 -0.388565 0.352030 -0.479843 -0.460810 0.439407 -0.539932 -0.496271 0.532815 -0.240137 -0.374448 0.409302 -0.307316 -0.460923 0.528186 -0.350056 -0.498183 0.652381 -0.114722 -0.335605 0.385761 -0.162683 -0.424965 0.498479 -0.217218 -0.493562 0.601380 0.004775 -0.276744 0.357393 -0.010231 -0.346306 0.454487 -0.029636 -0.422954 0.537863 
0.000000 0.000000 0.000000 -0.065094 0.015937 -0.033655 -0.272204 -0.274907 0.204014 -0.138785 -0.250785 0.232342 -0.045903 -0.212703 0.227368 0.027941 -0.175973 0.215926 -0.334911 -0.116518 0.052954 -0.503744 -0.199399 0.107148 -0.631580 -0.281408 0.075220 -0.398165 -0.397683 0.347122 -0.474293 -0.471885 0.433613 -0.533969 -0.508142 0.526979 -0.238818 -0.379770 0.405058 -0.306855 -0.467498 0.522528 -0.349625 -0.504298 0.646850 -0.113795 -0.335503 0.385560 -0.162478 -0.423557 0.498994 -0.217828 -0.490629 0.602463 0.004803 -0.276562 0.357109 -0.011123 -0.345800 0.454288 -0.031635 -0.421221 0.538514 
0.000000 0.000000 0.000000 -0.064292 0.011673 -0.036798 -0.262985 -0.292842 0.190717 -0.132995 -0.260003 0.225495 -0.042711 -0.215839 0.225023 0.029004 -0.174268 0.217164 -0.324800 -0.139840 0.047021 -0.487809 -0.234647 0.099471 -0.606698 -0.329710 0.069218 -0.383890 -0.422003 0.332560 -0.456962 -0.500065 0.418285 -0.517059 -0.536473 0.511322 -0.228563 -0.389520 0.400328 -0.293563 -0.477609 0.519239 -0.339960 -0.508958 0.643754 -0.111380 -0.336422 0.384579 -0.160620 -0.422887 0.498991 -0.219175 -0.485453 0.603513 0.003497 -0.273490 0.358906 -0.014060 -0.341786 0.456470 -0.037411 -0.414449 0.542365 
0.000000 0.000000 0.000000 -0.062224 0.005852 -0.041446 -0.248938 -0.315215 0.173088 -0.125290 -0.270843 0.216988 -0.039525 -0.218759 0.222775 0.028566 -0.170924 0.219864 -0.309605 -0.170769 0.032404 -0.464401 -0.281287 0.078614 -0.571916 -0.389585 0.050351 -0.366771 -0.450379 0.311891 -0.437986 -0.532069 0.395780 -0.500418 -0.566184 0.488146 -0.224866 -0.403424 0.387227 -0.292592 -0.493598 0.503013 -0.346681 -0.519329 0.625698 -0.112354 -0.340210 0.379808 -0.164576 -0.427298 0.492410 -0.227954 -0.485826 0.596457 -0.002735 -0.267650 0.362168 -0.024281 -0.334229 0.460119 -0.051826 -0.403977 0.547180 
0.000000 0.000000 0.000000 -0.058209 -0.001983 -0.047240 -0.225653 -0.340929 0.155365 -0.112867 -0.281752 0.209795 -0.034770 -0.219786 0.222557 0.027192 -0.164222 0.225084 -0.287400 -0.203636 0.020978 -0.430813 -0.329818 0.063664 -0.523644 -0.451476 0.037808 -0.339595 -0.481801 0.291720 -0.408458 -0.566940 0.374128 -0.475196 -0.599270 0.464095 -0.215188 -0.416333 0.376806 -0.284780 -0.507867 0.490398 -0.349272 -0.528631 0.608926 -0.114559 -0.338775 0.378085 -0.171773 -0.424098 0.489608 -0.243054 -0.479269 0.590321 -0.009036 -0.260781 0.366329 -0.033973 -0.327243 0.463552 -0.066122 -0.395392 0.550300 
0.000000 0.000000 0.000000 -0.051614 -0.011510 -0.053173 -0.189239 -0.367990 0.141641 -0.093177 -0.291650 0.205902 -0.026939 -0.218485 0.224911 0.025529 -0.154247 0.232223 -0.257651 -0.237673 0.011983 -0.386576 -0.379191 0.052754 -0.463067 -0.512507 0.031238 -0.297825 -0.513897 0.277068 -0.363452 -0.602079 0.358916 -0.434571 -0.634330 0.445490 -0.194844 -0.429369 0.370741 -0.263992 -0.523037 0.482854 -0.338690 -0.541347 0.595656 -0.107590 -0.340285 0.377796 -0.165421 -0.427623 0.487424 -0.243165 -0.482002 0.583689 -0.012120 -0.251333 0.372732 -0.038035 -0.318160 0.469448 -0.075095 -0.384677 0.555502 
0.000000 0.000000 0.000000 -0.044536 -0.019338 -0.057153 -0.144680 -0.391118 0.131851 -0.066846 -0.301018 0.202625 -0.013992 -0.218741 0.225838 0.027624 -0.147399 0.236393 -0.226722 -0.266128 0.004077 -0.340723 -0.420553 0.042390 -0.401969 -0.562533 0.029065 -0.240504 -0.548793 0.263672 -0.298417 -0.644087 0.343340 -0.371430 -0.682426 0.425756 -0.165205 -0.448159 0.361211 -0.232104 -0.548236 0.469071 -0.315345 -0.568591 0.575353 -0.094168 -0.343596 0.376493 -0.151658 -0.433125 0.484522 -0.235357 -0.487848 0.575450 -0.012874 -0.244589 0.376036 -0.040750 -0.311488 0.472155 -0.083300 -0.377059 0.556374 
0.000000 0.000000 0.000000 -0.037083 -0.026261 -0.059659 -0.100781 -0.404533 0.132236 -0.041275 -0.303413 0.205850 -0.001795 -0.214319 0.230457 0.029003 -0.137818 0.241943 -0.202483 -0.283456 0.006218 -0.305980 -0.444392 0.047439 -0.360031 -0.589852 0.044864 -0.187200 -0.566617 0.265206 -0.239429 -0.664575 0.345569 -0.313032 -0.704425 0.426734 -0.131338 -0.452933 0.367117 -0.192594 -0.554627 0.476800 -0.281799 -0.572960 0.578514 -0.079561 -0.340592 0.381193 -0.135324 -0.431137 0.489280 -0.224141 -0.482908 0.577026 -0.016178 -0.232887 0.381609 -0.047277 -0.298326 0.477744 -0.096825 -0.361640 0.559838 
0.000000 0.000000 0.000000 -0.035509 -0.029807 -0.058945 -0.087153 -0.402816 0.146404 -0.032121 -0.296905 0.216686 0.003820 -0.205560 0.238279 0.031676 -0.127597 0.247157 -0.199656 -0.285367 0.015828 -0.302369 -0.445280 0.062616 -0.359714 -0.589341 0.069303 -0.168072 -0.562669 0.285397 -0.216976 -0.659281 0.369401 -0.291067 -0.695622 0.451760 -0.122247 -0.445704 0.378584 -0.183544 -0.546908 0.488697 -0.275328 -0.560819 0.588805 -0.073089 -0.329423 0.391434 -0.128238 -0.418241 0.501256 -0.220137 -0.464837 0.588729 -0.011445 -0.222588 0.387526 -0.041126 -0.287973 0.484145 -0.093573 -0.347994 0.566910 
0.000000 0.000000 0.000000 -0.036478 -0.032786 -0.056730 -0.095020 -0.390444 0.172670 -0.037314 -0.281426 0.235679 0.000717 -0.189682 0.251130 0.030303 -0.111938 0.254799 -0.210369 -0.273251 0.042187 -0.319178 -0.423719 0.104084 -0.383253 -0.563937 0.121976 -0.183947 -0.536280 0.321815 -0.237693 -0.624419 0.411953 -0.313234 -0.653007 0.496032 -0.133096 -0.414153 0.407968 -0.198241 -0.504426 0.525150 -0.290281 -0.510758 0.625787 -0.081158 -0.299360 0.412316 -0.139867 -0.378005 0.527897 -0.232558 -0.417461 0.618007 -0.014865 -0.197976 0.400208 -0.045955 -0.257198 0.500295 -0.099515 -0.311015 0.586540 
0.000000 0.000000 0.000000 -0.036199 -0.035567 -0.055214 -0.105361 -0.377145 0.194809 -0.046555 -0.265509 0.251942 -0.006995 -0.173701 0.262346 0.024038 -0.096438 0.261712 -0.218863 -0.258042 0.067198 -0.333162 -0.397253 0.143796 -0.404284 -0.532418 0.171340 -0.196564 -0.511452 0.353126 -0.251684 -0.592623 0.448807 -0.326105 -0.617972 0.534902 -0.141634 -0.388557 0.431646 -0.206301 -0.472248 0.553870 -0.294955 -0.477882 0.657543 -0.087805 -0.274762 0.429588 -0.145751 -0.347228 0.549512 -0.235973 -0.383365 0.643439 -0.022921 -0.169537 0.413493 -0.055244 -0.219852 0.517968 -0.108464 -0.267575 0.607931 
0.000000 0.000000 0.000000 -0.038105 -0.036027 -0.053609 -0.112746 -0.368411 0.207008 -0.049859 -0.256971 0.260033 -0.007547 -0.166087 0.267216 0.025647 -0.089796 0.263913 -0.229568 -0.238639 0.088294 -0.349374 -0.365420 0.177087 -0.428355 -0.493813 0.214023 -0.203921 -0.496756 0.370209 -0.259025 -0.574325 0.468843 -0.332938 -0.596546 0.556228 -0.146733 -0.374439 0.442492 -0.212621 -0.454334 0.566589 -0.298683 -0.459386 0.672452 -0.087180 -0.259253 0.439531 -0.144281 -0.326058 0.563092 -0.233240 -0.359155 0.659315 -0.025387 -0.155894 0.417578 -0.060514 -0.201391 0.523348 -0.114120 -0.245905 0.614716 