136
0.000000 0.000000 0.000000 -0.043808 0.016794 -0.058504 -0.310205 -0.304313 0.049571 -0.210914 -0.275026 0.126544 -0.132075 -0.234146 0.163640 -0.059995 -0.193547 0.193161 -0.285159 -0.056059 0.126668 -0.436180 -0.101645 0.242537 -0.492145 -0.147639 0.379794 -0.474354 -0.383745 0.184350 -0.573562 -0.431751 0.265807 -0.626160 -0.388214 0.360312 -0.346368 -0.406677 0.270747 -0.438497 -0.496219 0.368825 -0.507471 -0.423949 0.461879 -0.234386 -0.361876 0.297547 -0.307750 -0.453467 0.393567 -0.359791 -0.344427 0.454148 -0.127009 -0.299059 0.315483 -0.173137 -0.371685 0.399679 -0.244157 -0.289570 0.437314 
0.000000 0.000000 0.000000 -0.042891 0.016050 -0.059386 -0.310315 -0.304470 0.047885 -0.212347 -0.274112 0.126129 -0.134208 -0.232646 0.164044 -0.062703 -0.191559 0.194280 -0.290078 -0.049648 0.120693 -0.444752 -0.090758 0.233374 -0.481329 -0.133585 0.377994 -0.473852 -0.382679 0.184117 -0.572690 -0.429946 0.266451 -0.624649 -0.382643 0.359488 -0.347706 -0.402132 0.273652 -0.439770 -0.489204 0.373989 -0.507258 -0.412341 0.464413 -0.233546 -0.357777 0.302564 -0.304778 -0.447504 0.401891 -0.354818 -0.336116 0.459827 -0.129141 -0.295290 0.318426 -0.174871 -0.366690 0.403877 -0.245270 -0.283281 0.439794 
0.000000 0.000000 0.000000 -0.043185 0.017002 -0.058906 -0.312023 -0.302918 0.046612 -0.213322 -0.274093 0.124514 -0.134649 -0.233577 0.162351 -0.062665 -0.193309 0.192551 -0.306267 -0.044829 0.098609 -0.470887 -0.083519 0.197172 -0.487098 -0.123448 0.346268 -0.476876 -0.380143 0.181816 -0.576509 -0.426816 0.263529 -0.629762 -0.374865 0.353297 -0.351344 -0.400555 0.270910 -0.445218 -0.486567 0.370480 -0.511583 -0.405736 0.458237 -0.237726 -0.355966 0.300588 -0.311639 -0.443727 0.399713 -0.360036 -0.330046 0.454509 -0.130542 -0.292907 0.319276 -0.177263 -0.361463 0.406503 -0.246830 -0.276146 0.439434 
0.000000 0.000000 0.000000 -0.041758 0.016211 -0.060145 -0.310670 -0.305154 0.040688 -0.214290 -0.274941 0.120933 -0.136971 -0.233495 0.160516 -0.066135 -0.192410 0.192290 -0.318959 -0.040581 0.073198 -0.492414 -0.076117 0.156635 -0.501657 -0.110562 0.307681 -0.474724 -0.384145 0.175842 -0.573874 -0.431886 0.257526 -0.627704 -0.377237 0.345327 -0.344867 -0.413744 0.262911 -0.443295 -0.478460 0.373583 -0.508672 -0.394123 0.458745 -0.244264 -0.349813 0.300772 -0.321200 -0.433220 0.401345 -0.367505 -0.316403 0.451121 -0.139471 -0.287207 0.319655 -0.189950 -0.352458 0.407322 -0.257921 -0.264081 0.435118 
0.000000 0.000000 0.000000 -0.040065 0.016595 -0.061183 -0.312916 -0.303967 0.031272 -0.218593 -0.274442 0.114175 -0.142190 -0.233463 0.155960 -0.072060 -0.192789 0.189765 -0.328355 -0.034388 0.048979 -0.508749 -0.066290 0.117911 -0.519752 -0.094582 0.270112 -0.480380 -0.378585 0.164720 -0.581590 -0.423682 0.245371 -0.634580 -0.367436 0.332674 -0.354522 -0.406530 0.257530 -0.455143 -0.470552 0.366622 -0.520203 -0.382817 0.448532 -0.252341 -0.346235 0.296896 -0.331326 -0.427099 0.397956 -0.375680 -0.307601 0.442911 -0.148362 -0.285016 0.317274 -0.200882 -0.348498 0.405040 -0.266678 -0.257111 0.427896 
0.000000 0.000000 0.000000 -0.038138 0.017509 -0.062151 -0.318693 -0.298760 0.021631 -0.226128 -0.271155 0.107137 -0.150187 -0.231636 0.151112 -0.080309 -0.192285 0.186944 -0.334204 -0.028240 0.027839 -0.519463 -0.056866 0.084150 -0.530405 -0.079629 0.237281 -0.491077 -0.365909 0.152761 -0.595261 -0.406492 0.232012 -0.647684 -0.350959 0.320108 -0.364459 -0.406689 0.244867 -0.469336 -0.461844 0.354791 -0.532764 -0.371859 0.435531 -0.264399 -0.342152 0.290595 -0.346296 -0.421399 0.390613 -0.387321 -0.299606 0.432464 -0.160466 -0.281413 0.314291 -0.215639 -0.342762 0.401947 -0.279445 -0.248979 0.420293 
0.000000 0.000000 0.000000 -0.034292 0.015636 -0.064834 -0.319635 -0.298331 0.011064 -0.232397 -0.268131 0.101168 -0.159229 -0.227257 0.148481 -0.091620 -0.186798 0.187306 -0.331117 -0.027809 0.023787 -0.516851 -0.054994 0.079240 -0.525443 -0.081889 0.231850 -0.495909 -0.357038 0.141068 -0.602444 -0.392519 0.219639 -0.655434 -0.335561 0.306478 -0.377999 -0.397850 0.236989 -0.488408 -0.440630 0.347009 -0.551364 -0.347587 0.424591 -0.279311 -0.337945 0.282802 -0.370779 -0.403379 0.384502 -0.408962 -0.279279 0.422042 -0.178922 -0.268394 0.315004 -0.239014 -0.324557 0.402901 -0.301232 -0.228641 0.414393 
0.000000 0.000000 0.000000 -0.031787 0.016536 -0.065879 -0.327213 -0.290210 0.000351 -0.242186 -0.262271 0.093256 -0.169575 -0.223281 0.142955 -0.102255 -0.184559 0.183992 -0.328180 -0.027272 0.023999 -0.513644 -0.054684 0.080239 -0.526160 -0.085611 0.231810 -0.508844 -0.340300 0.126531 -0.618617 -0.370573 0.202790 -0.672535 -0.313524 0.288996 -0.394267 -0.386160 0.227411 -0.506954 -0.432158 0.333762 -0.568965 -0.337747 0.410446 -0.292421 -0.334334 0.274445 -0.389126 -0.389510 0.377376 -0.424534 -0.263875 0.412447 -0.193068 -0.262948 0.311249 -0.255576 -0.316905 0.398843 -0.315994 -0.219465 0.406473 
0.000000 0.000000 0.000000 -0.029793 0.016830 -0.066731 -0.334639 -0.281567 -0.005211 -0.251104 -0.255109 0.089463 -0.178674 -0.217628 0.140570 -0.111339 -0.180346 0.182893 -0.326406 -0.023162 0.024196 -0.512007 -0.048187 0.081092 -0.541077 -0.083248 0.229458 -0.521490 -0.324851 0.115758 -0.634417 -0.351011 0.188868 -0.690151 -0.297903 0.276426 -0.409681 -0.372782 0.221678 -0.525616 -0.417526 0.325030 -0.589154 -0.323464 0.400888 -0.297293 -0.337948 0.267717 -0.398058 -0.376312 0.374326 -0.433034 -0.250248 0.408276 -0.205628 -0.255666 0.309474 -0.270530 -0.307509 0.396603 -0.329578 -0.209128 0.402731 
0.000000 0.000000 0.000000 -0.026468 0.015329 -0.068472 -0.341003 -0.273657 -0.010926 -0.260984 -0.246078 0.086429 -0.189911 -0.208652 0.139443 -0.123552 -0.171594 0.183471 -0.322119 -0.018965 0.027758 -0.507119 -0.040424 0.087973 -0.558511 -0.080853 0.228726 -0.531828 -0.309107 0.106331 -0.647157 -0.330532 0.177198 -0.705604 -0.282698 0.266019 -0.432163 -0.340718 0.221394 -0.548588 -0.405086 0.313190 -0.614129 -0.311778 0.388272 -0.323096 -0.310047 0.268650 -0.423892 -0.367716 0.366146 -0.459078 -0.241150 0.397945 -0.225973 -0.244929 0.304789 -0.296472 -0.295408 0.388294 -0.354216 -0.196130 0.391862 
0.000000 0.000000 0.000000 -0.025685 0.016733 -0.068441 -0.348533 -0.263787 -0.015205 -0.268251 -0.239426 0.082789 -0.196412 -0.204539 0.136499 -0.129253 -0.169800 0.181199 -0.319191 -0.013539 0.035407 -0.502847 -0.032481 0.100389 -0.572680 -0.076365 0.231860 -0.542143 -0.292760 0.099232 -0.659156 -0.310271 0.168395 -0.720649 -0.266996 0.257495 -0.444229 -0.332659 0.212456 -0.563920 -0.396071 0.300647 -0.630106 -0.305803 0.378815 -0.338898 -0.294956 0.263922 -0.441068 -0.359789 0.355292 -0.475885 -0.233333 0.387921 -0.236154 -0.239227 0.300941 -0.309737 -0.287014 0.383362 -0.365379 -0.186565 0.387486 
0.000000 0.000000 0.000000 -0.026190 0.017177 -0.068139 -0.350561 -0.261207 -0.012983 -0.269209 -0.237797 0.084358 -0.196631 -0.203633 0.137536 -0.128814 -0.169549 0.181745 -0.315169 -0.015426 0.047075 -0.495993 -0.035828 0.119168 -0.577230 -0.078924 0.244189 -0.542255 -0.290119 0.104650 -0.658110 -0.307594 0.175745 -0.721343 -0.267966 0.265324 -0.444181 -0.331062 0.215358 -0.563186 -0.394495 0.304456 -0.630036 -0.307169 0.385356 -0.339506 -0.296538 0.262712 -0.441957 -0.363156 0.352471 -0.478116 -0.237767 0.387657 -0.239070 -0.240821 0.297288 -0.314961 -0.289879 0.376819 -0.370271 -0.189377 0.383400 
0.000000 0.000000 0.000000 -0.025912 0.016280 -0.068465 -0.345793 -0.267424 -0.014197 -0.265688 -0.241966 0.083662 -0.194172 -0.206190 0.137219 -0.127340 -0.170635 0.181767 -0.311595 -0.022036 0.053040 -0.490357 -0.046012 0.129070 -0.579377 -0.090603 0.248124 -0.536243 -0.300197 0.104441 -0.651346 -0.320003 0.176142 -0.716968 -0.283152 0.265186 -0.437280 -0.340064 0.215600 -0.553986 -0.406784 0.305336 -0.622908 -0.322467 0.387675 -0.334029 -0.303670 0.262325 -0.434315 -0.373570 0.352033 -0.473638 -0.249502 0.388485 -0.236065 -0.245498 0.296487 -0.310902 -0.297028 0.375452 -0.368105 -0.197705 0.383570 
0.000000 0.000000 0.000000 -0.025647 0.014907 -0.068876 -0.337942 -0.277229 -0.015164 -0.259610 -0.248612 0.083257 -0.189693 -0.210334 0.137194 -0.124359 -0.172492 0.182078 -0.308144 -0.028993 0.058067 -0.484912 -0.056464 0.137500 -0.575375 -0.106424 0.253290 -0.527910 -0.309872 0.104279 -0.642721 -0.329601 0.176467 -0.706409 -0.284877 0.263282 -0.434336 -0.345836 0.211682 -0.553174 -0.411962 0.299029 -0.623986 -0.327060 0.379132 -0.330343 -0.307303 0.261807 -0.431198 -0.376836 0.351162 -0.473711 -0.253296 0.385783 -0.232968 -0.248963 0.295843 -0.307726 -0.301600 0.374150 -0.366800 -0.203425 0.382808 
0.000000 0.000000 0.000000 -0.028582 0.018076 -0.066934 -0.337142 -0.278235 -0.014521 -0.254858 -0.253950 0.081818 -0.182892 -0.217907 0.134586 -0.115883 -0.181888 0.178491 -0.305112 -0.036647 0.068650 -0.478146 -0.070890 0.153490 -0.571311 -0.124226 0.265572 -0.523607 -0.315186 0.109114 -0.636301 -0.337518 0.183836 -0.701789 -0.298267 0.271948 -0.424410 -0.356263 0.213189 -0.539729 -0.425850 0.302541 -0.609771 -0.344362 0.386762 -0.318212 -0.318588 0.262121 -0.415246 -0.390782 0.353573 -0.459962 -0.269404 0.392761 -0.221879 -0.260867 0.293005 -0.294839 -0.315230 0.371826 -0.355201 -0.218240 0.384172 
0.000000 0.000000 0.000000 -0.029479 0.015423 -0.067209 -0.323918 -0.293765 -0.008342 -0.242716 -0.263821 0.087319 -0.172425 -0.223463 0.139214 -0.107095 -0.183531 0.182258 -0.300593 -0.048160 0.075273 -0.470238 -0.087945 0.164429 -0.564783 -0.144024 0.273988 -0.505481 -0.340042 0.119381 -0.615213 -0.368010 0.196574 -0.682972 -0.334050 0.285167 -0.405443 -0.373232 0.221571 -0.516120 -0.447646 0.312881 -0.588576 -0.369971 0.398649 -0.300324 -0.328412 0.270899 -0.392036 -0.403666 0.365327 -0.441866 -0.284447 0.404971 -0.206189 -0.266931 0.299779 -0.274396 -0.324337 0.380671 -0.338011 -0.229530 0.393633 
0.000000 0.000000 0.000000 -0.030601 0.013727 -0.067075 -0.308273 -0.310197 -0.006016 -0.228222 -0.275873 0.089143 -0.159841 -0.231809 0.140575 -0.096442 -0.188449 0.183186 -0.292045 -0.068181 0.083871 -0.455639 -0.119434 0.178323 -0.548654 -0.179805 0.286906 -0.485352 -0.364684 0.124730 -0.592373 -0.397615 0.203749 -0.660692 -0.369840 0.294050 -0.380802 -0.396050 0.226078 -0.484577 -0.477788 0.319212 -0.559155 -0.404900 0.407330 -0.279195 -0.343964 0.274327 -0.364780 -0.424386 0.370236 -0.419426 -0.307442 0.410311 -0.190706 -0.277507 0.300528 -0.255589 -0.338808 0.381298 -0.322887 -0.246637 0.394662 
0.000000 0.000000 0.000000 -0.031780 0.012532 -0.066760 -0.292052 -0.325521 -0.005643 -0.213127 -0.287698 0.089128 -0.146693 -0.240493 0.140323 -0.085265 -0.194193 0.182729 -0.281955 -0.085267 0.093535 -0.438498 -0.146462 0.193837 -0.531108 -0.211480 0.300058 -0.458175 -0.392243 0.133539 -0.558575 -0.432567 0.217657 -0.626037 -0.415489 0.311199 -0.353939 -0.416031 0.231174 -0.449712 -0.503315 0.327785 -0.525337 -0.437793 0.420667 -0.257795 -0.357499 0.276996 -0.337463 -0.441399 0.375000 -0.396274 -0.328237 0.419761 -0.169858 -0.286748 0.304647 -0.228084 -0.350455 0.388566 -0.298271 -0.261257 0.406470 
0.000000 0.000000 0.000000 -0.034154 0.011668 -0.065736 -0.276862 -0.338580 -0.001115 -0.197166 -0.298032 0.091868 -0.131577 -0.248287 0.141730 -0.071190 -0.199596 0.182934 -0.270452 -0.095891 0.108736 -0.418312 -0.163194 0.217909 -0.507285 -0.231291 0.325303 -0.435161 -0.407788 0.145759 -0.530833 -0.449615 0.234525 -0.596639 -0.440207 0.330307 -0.327116 -0.434013 0.237116 -0.415500 -0.526499 0.335904 -0.490970 -0.467660 0.433278 -0.230322 -0.372053 0.281891 -0.301127 -0.460801 0.382396 -0.363757 -0.352275 0.433068 -0.147137 -0.299718 0.304563 -0.199413 -0.368634 0.388284 -0.272864 -0.283666 0.412545 
0.000000 0.000000 0.000000 -0.035722 0.010384 -0.065115 -0.265271 -0.347710 0.004403 -0.185302 -0.304322 0.095857 -0.120527 -0.252300 0.144444 -0.061072 -0.201524 0.184471 -0.260615 -0.106238 0.118376 -0.401338 -0.179212 0.233193 -0.487508 -0.249051 0.341748 -0.415012 -0.421216 0.158008 -0.505511 -0.465641 0.250843 -0.569479 -0.462339 0.348261 -0.306160 -0.442544 0.246730 -0.388361 -0.536553 0.349344 -0.463030 -0.481186 0.449335 -0.208237 -0.380406 0.288004 -0.271130 -0.472265 0.390946 -0.335714 -0.366739 0.445362 -0.128315 -0.303754 0.309426 -0.174600 -0.374120 0.395435 -0.249700 -0.291801 0.423482 
0.000000 0.000000 0.000000 -0.036897 0.008943 -0.064673 -0.254187 -0.355792 0.009551 -0.174398 -0.309481 0.099720 -0.110639 -0.255224 0.147193 -0.052271 -0.202421 0.186184 -0.255495 -0.107470 0.126401 -0.392279 -0.180314 0.245963 -0.475274 -0.250345 0.356842 -0.399643 -0.426543 0.168476 -0.487552 -0.469303 0.264525 -0.549413 -0.470120 0.363347 -0.287880 -0.448213 0.255765 -0.365063 -0.542570 0.361897 -0.438471 -0.490080 0.464343 -0.193670 -0.382805 0.293968 -0.253208 -0.474288 0.399214 -0.319103 -0.370707 0.455754 -0.111193 -0.303898 0.315864 -0.151751 -0.373747 0.405125 -0.227793 -0.293221 0.435724 
0.000000 0.000000 0.000000 -0.038898 0.008155 -0.063595 -0.246358 -0.360999 0.016664 -0.165020 -0.313012 0.104543 -0.101079 -0.257428 0.150201 -0.042737 -0.203411 0.187533 -0.248526 -0.112779 0.134589 -0.379698 -0.188452 0.258600 -0.457041 -0.258677 0.373376 -0.384326 -0.434326 0.181006 -0.467710 -0.478644 0.280329 -0.526494 -0.482489 0.380942 -0.269904 -0.453381 0.265075 -0.341240 -0.548852 0.374258 -0.412137 -0.497320 0.478936 -0.176187 -0.384091 0.301954 -0.230045 -0.474916 0.410769 -0.295850 -0.371890 0.468417 -0.095179 -0.305261 0.319680 -0.131276 -0.375366 0.410639 -0.207193 -0.295153 0.442349 
0.000000 0.000000 0.000000 -0.038856 0.006233 -0.063838 -0.234921 -0.368399 0.019625 -0.155523 -0.316917 0.107301 -0.093568 -0.258849 0.152605 -0.037123 -0.202616 0.189578 -0.244787 -0.116665 0.136997 -0.373646 -0.193567 0.262666 -0.445960 -0.264525 0.380235 -0.367990 -0.439645 0.188848 -0.448414 -0.482705 0.291122 -0.504661 -0.488672 0.393072 -0.254633 -0.458704 0.270237 -0.322042 -0.555139 0.381056 -0.391017 -0.504517 0.487448 -0.160697 -0.387806 0.306155 -0.208833 -0.480275 0.416260 -0.274368 -0.377574 0.474789 -0.082783 -0.306800 0.322421 -0.114212 -0.378512 0.413858 -0.189556 -0.297853 0.445804 
0.000000 0.000000 0.000000 -0.040843 0.005860 -0.062621 -0.230328 -0.370864 0.026434 -0.148845 -0.318599 0.111700 -0.086154 -0.259908 0.155150 -0.029205 -0.203104 0.190439 -0.239204 -0.120108 0.143853 -0.363326 -0.198930 0.273051 -0.429712 -0.269549 0.394264 -0.356902 -0.439658 0.201554 -0.433399 -0.481234 0.307391 -0.487274 -0.487296 0.410609 -0.238219 -0.457593 0.282485 -0.299006 -0.552128 0.398643 -0.365957 -0.500267 0.505729 -0.146894 -0.388123 0.311947 -0.190448 -0.480062 0.424380 -0.255116 -0.376578 0.482493 -0.068107 -0.304795 0.327303 -0.094885 -0.374791 0.421510 -0.169418 -0.292886 0.452162 
0.000000 0.000000 0.000000 -0.041420 0.004476 -0.062356 -0.222609 -0.375160 0.031473 -0.141561 -0.320505 0.115648 -0.079743 -0.260178 0.158097 -0.023687 -0.201927 0.192446 -0.237241 -0.122021 0.146208 -0.359774 -0.201174 0.276714 -0.420123 -0.269850 0.402127 -0.345719 -0.443535 0.209206 -0.420123 -0.484860 0.316623 -0.472646 -0.490745 0.420545 -0.229465 -0.457599 0.288716 -0.289252 -0.550843 0.406426 -0.355773 -0.497826 0.513213 -0.133854 -0.386015 0.319189 -0.172655 -0.476248 0.434703 -0.236811 -0.371430 0.490963 -0.061594 -0.299247 0.332725 -0.087687 -0.366234 0.429281 -0.161636 -0.282671 0.456701 
0.000000 0.000000 0.000000 -0.040576 0.002661 -0.063011 -0.212460 -0.380940 0.032184 -0.134264 -0.323156 0.116965 -0.074813 -0.260676 0.159679 -0.020941 -0.200516 0.194231 -0.234973 -0.124849 0.146267 -0.356615 -0.204636 0.277219 -0.409549 -0.270902 0.407194 -0.332779 -0.445352 0.213276 -0.405497 -0.484281 0.322724 -0.457099 -0.489405 0.427146 -0.215453 -0.456418 0.296197 -0.270672 -0.547055 0.418100 -0.336610 -0.492253 0.524346 -0.124631 -0.380846 0.326385 -0.160354 -0.467015 0.445924 -0.224961 -0.360562 0.498475 -0.055123 -0.293740 0.338201 -0.078651 -0.357907 0.437298 -0.152325 -0.272770 0.460255 
0.000000 0.000000 0.000000 -0.040365 0.001589 -0.063183 -0.205854 -0.384434 0.033547 -0.129026 -0.324801 0.118298 -0.070853 -0.261042 0.160883 -0.018186 -0.199747 0.195298 -0.236231 -0.124584 0.145534 -0.358792 -0.203535 0.276136 -0.405803 -0.266730 0.409864 -0.322594 -0.447715 0.217360 -0.393149 -0.485961 0.328451 -0.443558 -0.490062 0.433500 -0.208449 -0.457362 0.298835 -0.262468 -0.547523 0.421625 -0.328479 -0.491241 0.527049 -0.117394 -0.381928 0.328018 -0.150766 -0.468611 0.447865 -0.214919 -0.360601 0.497728 -0.049375 -0.292417 0.340301 -0.070843 -0.356204 0.440109 -0.144443 -0.270019 0.459039 
0.000000 0.000000 0.000000 -0.041358 0.002822 -0.062494 -0.207207 -0.383959 0.030518 -0.128742 -0.326096 0.114996 -0.069581 -0.263325 0.157686 -0.016067 -0.202856 0.192256 -0.240387 -0.124494 0.142505 -0.364927 -0.204160 0.270779 -0.407792 -0.266118 0.406465 -0.326040 -0.447193 0.213001 -0.397859 -0.485411 0.323289 -0.448845 -0.489442 0.428062 -0.208894 -0.456462 0.296806 -0.263408 -0.545128 0.420463 -0.329842 -0.487590 0.524939 -0.119837 -0.381919 0.325387 -0.155874 -0.466958 0.445638 -0.219855 -0.357696 0.492929 -0.052053 -0.294402 0.336861 -0.076824 -0.357415 0.436395 -0.149965 -0.270250 0.452385 
0.000000 0.000000 0.000000 -0.039550 0.002308 -0.063674 -0.206985 -0.384341 0.027017 -0.131136 -0.325721 0.113343 -0.073394 -0.262512 0.157312 -0.021057 -0.201674 0.193016 -0.240483 -0.124575 0.139729 -0.366214 -0.203971 0.267006 -0.406981 -0.264524 0.403966 -0.327923 -0.443344 0.209535 -0.401015 -0.479004 0.319843 -0.452694 -0.482445 0.424297 -0.211287 -0.456216 0.295061 -0.265801 -0.544970 0.418655 -0.332710 -0.486592 0.522359 -0.125089 -0.380649 0.324897 -0.162158 -0.465361 0.445067 -0.225670 -0.354900 0.490152 -0.057257 -0.293796 0.337201 -0.082175 -0.357205 0.436447 -0.154420 -0.268848 0.449746 
0.000000 0.000000 0.000000 -0.037486 0.001719 -0.064929 -0.207237 -0.384433 0.023543 -0.134279 -0.324982 0.111772 -0.078064 -0.261321 0.157046 -0.026982 -0.200107 0.193908 -0.246550 -0.119342 0.133774 -0.377369 -0.195095 0.258108 -0.418090 -0.253790 0.395889 -0.332542 -0.439878 0.204221 -0.408274 -0.473388 0.313418 -0.461283 -0.476188 0.417222 -0.221543 -0.451284 0.293175 -0.280895 -0.537187 0.416555 -0.349247 -0.477015 0.518274 -0.134768 -0.375752 0.325581 -0.175428 -0.457807 0.446430 -0.238591 -0.345864 0.488229 -0.066943 -0.288198 0.339611 -0.094449 -0.348832 0.439902 -0.165685 -0.259168 0.449318 
0.000000 0.000000 0.000000 -0.038805 0.003671 -0.064067 -0.214106 -0.380811 0.020781 -0.138169 -0.324453 0.108522 -0.079790 -0.262746 0.153766 -0.026767 -0.203229 0.190664 -0.251985 -0.119374 0.128962 -0.385379 -0.196368 0.249748 -0.427536 -0.254810 0.387204 -0.342771 -0.437272 0.198763 -0.420532 -0.471396 0.306331 -0.475246 -0.473797 0.409257 -0.222312 -0.463196 0.282144 -0.288656 -0.536516 0.410001 -0.358590 -0.475497 0.510127 -0.140573 -0.373284 0.323474 -0.184158 -0.452546 0.445164 -0.247255 -0.339313 0.483440 -0.073153 -0.291035 0.334624 -0.105082 -0.351474 0.433715 -0.175745 -0.261087 0.440048 
0.000000 0.000000 0.000000 -0.036766 0.003296 -0.065278 -0.216180 -0.379821 0.017116 -0.142798 -0.323037 0.106739 -0.085616 -0.261185 0.153293 -0.033534 -0.201569 0.191354 -0.254605 -0.115787 0.125016 -0.390914 -0.190302 0.244089 -0.435930 -0.248247 0.380847 -0.349433 -0.435128 0.192059 -0.429968 -0.468554 0.297789 -0.485746 -0.471096 0.400138 -0.231689 -0.461202 0.278446 -0.300522 -0.535720 0.404277 -0.371365 -0.474136 0.503414 -0.150428 -0.373359 0.320415 -0.196903 -0.453796 0.440252 -0.259612 -0.339920 0.477236 -0.080819 -0.288797 0.335374 -0.113367 -0.348838 0.434505 -0.183483 -0.257927 0.439184 
0.000000 0.000000 0.000000 -0.036556 0.004349 -0.065335 -0.222447 -0.376312 0.014024 -0.148348 -0.321362 0.104196 -0.090262 -0.260782 0.151301 -0.037293 -0.202296 0.189886 -0.258539 -0.113315 0.121012 -0.397441 -0.186941 0.237616 -0.446402 -0.245327 0.372822 -0.359864 -0.432078 0.185566 -0.442915 -0.465781 0.289242 -0.500321 -0.468538 0.390682 -0.246606 -0.449596 0.278483 -0.313435 -0.536813 0.397022 -0.385610 -0.474833 0.494943 -0.156544 -0.374237 0.316976 -0.204071 -0.455592 0.435776 -0.266473 -0.341283 0.471936 -0.091803 -0.288967 0.331672 -0.129323 -0.348624 0.429265 -0.198569 -0.256988 0.432576 
0.000000 0.000000 0.000000 -0.034683 0.004461 -0.066341 -0.223682 -0.375765 0.007580 -0.152027 -0.321027 0.099834 -0.095148 -0.260606 0.148586 -0.043148 -0.202263 0.188678 -0.259460 -0.112933 0.116799 -0.400111 -0.186391 0.231396 -0.452556 -0.246817 0.364381 -0.362368 -0.431308 0.178171 -0.446187 -0.464876 0.281271 -0.504868 -0.468291 0.381959 -0.254018 -0.447596 0.273190 -0.323386 -0.533681 0.391097 -0.396668 -0.472007 0.488388 -0.163874 -0.376296 0.311700 -0.213155 -0.459253 0.428663 -0.275808 -0.345111 0.464914 -0.097799 -0.288991 0.330373 -0.135418 -0.348687 0.427905 -0.204393 -0.256828 0.430651 
0.000000 0.000000 0.000000 -0.034852 0.005832 -0.066145 -0.227619 -0.373461 0.002659 -0.155086 -0.320887 0.095484 -0.097410 -0.261815 0.144949 -0.044664 -0.204639 0.185739 -0.260430 -0.114452 0.114110 -0.401583 -0.189718 0.226903 -0.456927 -0.252289 0.357704 -0.370016 -0.433425 0.168633 -0.456078 -0.469666 0.268943 -0.516508 -0.474174 0.368547 -0.258348 -0.451651 0.264931 -0.328580 -0.540589 0.380178 -0.402972 -0.480349 0.477525 -0.172981 -0.378659 0.304167 -0.227170 -0.462443 0.418336 -0.290402 -0.348765 0.455039 -0.102769 -0.295682 0.323294 -0.142764 -0.358348 0.417976 -0.211684 -0.266474 0.421472 
0.000000 0.000000 0.000000 -0.034451 0.006561 -0.066287 -0.227830 -0.373331 -0.002706 -0.155828 -0.321798 0.091110 -0.098418 -0.263294 0.141549 -0.045887 -0.206589 0.183266 -0.260688 -0.114768 0.112437 -0.402252 -0.190689 0.224271 -0.460627 -0.255212 0.352785 -0.371566 -0.434123 0.161807 -0.458436 -0.470864 0.261235 -0.519954 -0.477006 0.360082 -0.260119 -0.456195 0.257047 -0.331052 -0.547604 0.369908 -0.406852 -0.489288 0.467340 -0.174841 -0.382553 0.298555 -0.229640 -0.468069 0.411137 -0.294064 -0.355535 0.449268 -0.104688 -0.299424 0.319319 -0.145162 -0.363324 0.412966 -0.214703 -0.271987 0.417931 
0.000000 0.000000 0.000000 -0.035592 0.007975 -0.065525 -0.227092 -0.373720 -0.007268 -0.153600 -0.324147 0.086449 -0.095454 -0.266660 0.137213 -0.042331 -0.210786 0.179300 -0.260373 -0.118423 0.111517 -0.401026 -0.197513 0.222298 -0.461043 -0.264740 0.348653 -0.370432 -0.441005 0.155048 -0.457063 -0.481671 0.253147 -0.518543 -0.490990 0.351770 -0.258648 -0.462670 0.248469 -0.330095 -0.556885 0.358666 -0.406603 -0.501625 0.457318 -0.170076 -0.389908 0.291987 -0.223585 -0.478285 0.402970 -0.289829 -0.367846 0.443994 -0.100664 -0.309089 0.311664 -0.140816 -0.376753 0.402772 -0.211867 -0.286840 0.411166 
0.000000 0.000000 0.000000 -0.036403 0.008604 -0.064998 -0.223438 -0.375841 -0.010444 -0.149395 -0.326951 0.083197 -0.091257 -0.269653 0.134185 -0.038222 -0.213889 0.176527 -0.255480 -0.125767 0.113316 -0.392565 -0.209848 0.224893 -0.451617 -0.280933 0.349579 -0.364435 -0.449959 0.150945 -0.449650 -0.494755 0.248484 -0.510242 -0.506803 0.347361 -0.251213 -0.469950 0.243381 -0.320464 -0.567209 0.352328 -0.396601 -0.515303 0.453067 -0.163002 -0.397694 0.286408 -0.214448 -0.489507 0.395561 -0.281810 -0.381211 0.440309 -0.094482 -0.315488 0.307289 -0.133206 -0.385420 0.397295 -0.205864 -0.297216 0.409297 
0.000000 0.000000 0.000000 -0.036718 0.007968 -0.064902 -0.215928 -0.380205 -0.010475 -0.142657 -0.329979 0.083067 -0.085554 -0.271606 0.134004 -0.033543 -0.214854 0.176305 -0.250914 -0.130348 0.116303 -0.384944 -0.216897 0.229689 -0.442471 -0.291052 0.353295 -0.352380 -0.460608 0.151810 -0.434847 -0.509202 0.249890 -0.493841 -0.523047 0.349495 -0.235691 -0.478608 0.243468 -0.298968 -0.579697 0.352563 -0.373906 -0.531053 0.455797 -0.150371 -0.405513 0.284275 -0.196850 -0.501532 0.392028 -0.266001 -0.395887 0.440249 -0.084648 -0.320852 0.305685 -0.119824 -0.393813 0.394739 -0.194232 -0.307627 0.410183 
0.000000 0.000000 0.000000 -0.038723 0.007929 -0.063730 -0.209891 -0.383636 -0.007741 -0.134751 -0.333027 0.084097 -0.077148 -0.274165 0.133895 -0.024860 -0.216933 0.175195 -0.242760 -0.139426 0.122015 -0.370434 -0.231631 0.238243 -0.425060 -0.310253 0.360396 -0.341028 -0.468027 0.156884 -0.420283 -0.519031 0.256379 -0.477163 -0.534826 0.356919 -0.224201 -0.485134 0.243272 -0.285039 -0.588587 0.351534 -0.359404 -0.544221 0.457085 -0.134897 -0.408090 0.287006 -0.176307 -0.504122 0.396796 -0.247148 -0.401332 0.448600 -0.069909 -0.325154 0.304984 -0.100917 -0.399645 0.394319 -0.177008 -0.315602 0.413031 
0.000000 0.000000 0.000000 -0.040113 0.006475 -0.063031 -0.196973 -0.390489 -0.003270 -0.121930 -0.337170 0.087102 -0.065449 -0.276289 0.135746 -0.014377 -0.217236 0.175991 -0.233512 -0.148649 0.127704 -0.354529 -0.245715 0.247053 -0.405302 -0.327418 0.368846 -0.320178 -0.479304 0.165112 -0.394641 -0.532981 0.266877 -0.448575 -0.551208 0.368622 -0.199592 -0.490598 0.251123 -0.252412 -0.594951 0.362680 -0.324736 -0.553871 0.470944 -0.116099 -0.413487 0.288471 -0.152419 -0.511867 0.397984 -0.225830 -0.412952 0.453613 -0.052534 -0.324931 0.308400 -0.078798 -0.399060 0.399539 -0.157382 -0.317918 0.420603 
0.000000 0.000000 0.000000 -0.039834 0.003780 -0.063426 -0.175320 -0.400687 -0.001732 -0.104122 -0.342642 0.088839 -0.051493 -0.278387 0.137461 -0.004089 -0.216318 0.177654 -0.222782 -0.157544 0.132408 -0.337259 -0.258490 0.254948 -0.383402 -0.343608 0.376243 -0.293619 -0.493718 0.167887 -0.365116 -0.549943 0.270401 -0.416692 -0.570737 0.372873 -0.170570 -0.498630 0.255352 -0.215763 -0.604725 0.368604 -0.287806 -0.567824 0.478547 -0.092246 -0.416728 0.292104 -0.121469 -0.515927 0.402993 -0.198559 -0.421256 0.460981 -0.032487 -0.325964 0.310912 -0.052034 -0.401436 0.402635 -0.134002 -0.324476 0.426334 
0.000000 0.000000 0.000000 -0.040586 0.002406 -0.063015 -0.159338 -0.407308 -0.001463 -0.089589 -0.346784 0.088611 -0.039058 -0.280654 0.136946 0.006254 -0.216888 0.176895 -0.210364 -0.168362 0.136634 -0.316600 -0.275218 0.261562 -0.358007 -0.364123 0.381845 -0.268034 -0.508796 0.169725 -0.333727 -0.570132 0.273187 -0.381645 -0.593487 0.376877 -0.145612 -0.507082 0.254865 -0.183716 -0.616107 0.367941 -0.254177 -0.583263 0.480173 -0.069700 -0.422054 0.291155 -0.091672 -0.523447 0.401734 -0.170862 -0.432577 0.462887 -0.015851 -0.330062 0.308383 -0.031067 -0.407962 0.398889 -0.115367 -0.334637 0.425721 
0.000000 0.000000 0.000000 -0.040495 0.000258 -0.063119 -0.140452 -0.414202 0.000031 -0.073782 -0.350137 0.089988 -0.026465 -0.281539 0.138135 0.015769 -0.215581 0.177897 -0.198819 -0.176170 0.140973 -0.297888 -0.286567 0.268680 -0.332703 -0.377140 0.389805 -0.241293 -0.516329 0.175592 -0.302238 -0.578051 0.281696 -0.346129 -0.602725 0.386852 -0.121511 -0.510850 0.258415 -0.153973 -0.620158 0.372969 -0.222497 -0.589977 0.487131 -0.047423 -0.423612 0.293344 -0.062450 -0.525487 0.404639 -0.143134 -0.437608 0.468164 0.007463 -0.328347 0.311317 0.001746 -0.405967 0.403153 -0.084092 -0.335515 0.432674 
0.000000 0.000000 0.000000 -0.041588 -0.000686 -0.062401 -0.127363 -0.418412 0.000080 -0.061165 -0.352752 0.089231 -0.015184 -0.282953 0.136944 0.025652 -0.215906 0.176345 -0.191862 -0.180962 0.144394 -0.285895 -0.293768 0.273793 -0.315431 -0.384942 0.395865 -0.220893 -0.524912 0.177083 -0.277419 -0.589277 0.284059 -0.318607 -0.615350 0.389969 -0.102978 -0.514013 0.258704 -0.131416 -0.623692 0.373970 -0.198963 -0.594954 0.489082 -0.028408 -0.422726 0.295064 -0.037890 -0.522953 0.408446 -0.119989 -0.436921 0.472682 0.021210 -0.326752 0.311548 0.018152 -0.403050 0.404610 -0.068807 -0.334269 0.434783 
0.000000 0.000000 0.000000 -0.041284 -0.001878 -0.062578 -0.115293 -0.421898 -0.000429 -0.051389 -0.354367 0.088999 -0.007636 -0.283277 0.136901 0.031089 -0.215087 0.176471 -0.185147 -0.183438 0.147627 -0.275166 -0.297046 0.279159 -0.299754 -0.387507 0.402849 -0.203604 -0.525610 0.180858 -0.256976 -0.588291 0.290423 -0.295675 -0.614160 0.397317 -0.086536 -0.513558 0.261907 -0.110440 -0.621831 0.379508 -0.176802 -0.593574 0.495426 -0.013506 -0.424371 0.294291 -0.017715 -0.525545 0.407150 -0.100748 -0.440935 0.472072 0.033946 -0.325361 0.312184 0.035913 -0.401264 0.405597 -0.051674 -0.333587 0.436444 
0.000000 0.000000 0.000000 -0.041388 -0.002261 -0.062497 -0.108355 -0.423727 -0.002180 -0.045368 -0.355577 0.087428 -0.002680 -0.284006 0.135572 0.035010 -0.215376 0.175381 -0.181357 -0.186171 0.148292 -0.268941 -0.301250 0.280190 -0.289863 -0.390681 0.405295 -0.195085 -0.526762 0.180253 -0.247502 -0.589033 0.290511 -0.285650 -0.614620 0.397670 -0.078907 -0.514345 0.261044 -0.101718 -0.622329 0.379127 -0.168732 -0.594051 0.494664 -0.006941 -0.423201 0.294695 -0.009997 -0.523013 0.408796 -0.093986 -0.438653 0.472806 0.039097 -0.321970 0.313972 0.041911 -0.395340 0.409366 -0.046681 -0.328631 0.439440 
0.000000 0.000000 0.000000 -0.041734 -0.001919 -0.062278 -0.109540 -0.423417 -0.003131 -0.045877 -0.355768 0.086380 -0.002729 -0.284491 0.134551 0.035367 -0.216111 0.174403 -0.184574 -0.187174 0.145384 -0.273955 -0.303095 0.275325 -0.292317 -0.389973 0.402611 -0.196698 -0.525097 0.179857 -0.249374 -0.586550 0.290450 -0.288139 -0.610445 0.397779 -0.079942 -0.513420 0.260908 -0.103110 -0.620645 0.379612 -0.170573 -0.590479 0.494407 -0.007539 -0.422323 0.294840 -0.010989 -0.521158 0.409778 -0.094733 -0.434882 0.471515 0.038729 -0.327005 0.309597 0.041043 -0.403335 0.402654 -0.047076 -0.335572 0.431746 
0.000000 0.000000 0.000000 -0.042011 -0.001160 -0.062110 -0.116366 -0.421591 -0.003238 -0.051259 -0.355100 0.086101 -0.006772 -0.284594 0.134189 0.032582 -0.216892 0.173975 -0.190852 -0.183527 0.143888 -0.283988 -0.297640 0.272788 -0.300865 -0.381566 0.402242 -0.205088 -0.521341 0.180061 -0.258708 -0.581626 0.290842 -0.298228 -0.603483 0.398330 -0.088787 -0.511415 0.261121 -0.114311 -0.617730 0.380160 -0.182071 -0.584831 0.494026 -0.014730 -0.421744 0.294938 -0.020435 -0.520089 0.410205 -0.102977 -0.430866 0.469317 0.034674 -0.324351 0.311941 0.036114 -0.398317 0.406905 -0.050657 -0.327930 0.433732 
0.000000 0.000000 0.000000 -0.040565 -0.000537 -0.063072 -0.125574 -0.418933 -0.004122 -0.061112 -0.353458 0.086428 -0.016208 -0.283716 0.135237 0.023697 -0.216704 0.175638 -0.200258 -0.177905 0.139127 -0.300184 -0.288891 0.265651 -0.317866 -0.369364 0.397173 -0.222688 -0.512700 0.178077 -0.281381 -0.569371 0.288193 -0.323771 -0.588705 0.395069 -0.104895 -0.506648 0.262752 -0.134673 -0.610839 0.382678 -0.203421 -0.574418 0.494868 -0.031166 -0.418619 0.297382 -0.041891 -0.515352 0.413651 -0.123066 -0.422467 0.468886 0.020093 -0.324375 0.313407 0.017612 -0.398487 0.408237 -0.067068 -0.324391 0.431522 
0.000000 0.000000 0.000000 -0.038630 -0.000044 -0.064278 -0.136374 -0.415538 -0.004551 -0.072993 -0.350958 0.087393 -0.027772 -0.281976 0.136984 0.012637 -0.215669 0.178041 -0.212813 -0.167067 0.134745 -0.321805 -0.271579 0.259281 -0.341021 -0.347260 0.393408 -0.239237 -0.502811 0.177720 -0.301404 -0.555556 0.287880 -0.346333 -0.571872 0.394221 -0.123673 -0.500129 0.265309 -0.158142 -0.601586 0.386317 -0.228555 -0.561323 0.496136 -0.050557 -0.412105 0.302092 -0.066896 -0.505416 0.420485 -0.146746 -0.408607 0.470684 0.002690 -0.320029 0.318027 -0.004157 -0.391861 0.414384 -0.086980 -0.314411 0.432958 
0.000000 0.000000 0.000000 -0.039077 0.001371 -0.063992 -0.153536 -0.409527 -0.002198 -0.086843 -0.347365 0.089067 -0.038429 -0.280174 0.138100 0.005004 -0.215482 0.178644 -0.222464 -0.160106 0.131304 -0.337216 -0.261148 0.253508 -0.361431 -0.334815 0.387946 -0.264460 -0.493420 0.176905 -0.331500 -0.544122 0.285150 -0.378950 -0.558373 0.390689 -0.148145 -0.493346 0.266285 -0.189840 -0.592634 0.386818 -0.261510 -0.548565 0.494338 -0.069023 -0.408469 0.303383 -0.090960 -0.500464 0.421901 -0.168605 -0.400411 0.469110 -0.012910 -0.317388 0.319642 -0.025240 -0.387532 0.416694 -0.106021 -0.307245 0.431918 
0.000000 0.000000 0.000000 -0.037341 0.001870 -0.065008 -0.167118 -0.404178 -0.001451 -0.100754 -0.343134 0.090803 -0.051391 -0.276984 0.140303 -0.006869 -0.213272 0.181216 -0.231454 -0.150500 0.127216 -0.352917 -0.245842 0.247498 -0.383505 -0.317915 0.381501 -0.284022 -0.484527 0.175460 -0.354675 -0.533088 0.282381 -0.404664 -0.545438 0.386983 -0.171073 -0.487214 0.266218 -0.218901 -0.585209 0.385525 -0.291714 -0.537983 0.490916 -0.091563 -0.402079 0.305987 -0.120369 -0.491779 0.424793 -0.196225 -0.388783 0.468447 -0.033267 -0.315807 0.320413 -0.051439 -0.386384 0.416225 -0.130190 -0.303616 0.428507 
0.000000 0.000000 0.000000 -0.036647 0.003078 -0.065356 -0.182746 -0.397356 -0.001603 -0.114892 -0.338596 0.091050 -0.063437 -0.274234 0.140776 -0.016836 -0.212151 0.181878 -0.238001 -0.142564 0.124621 -0.363995 -0.233698 0.243496 -0.400644 -0.304407 0.376702 -0.308480 -0.472991 0.171286 -0.384470 -0.518702 0.275775 -0.437042 -0.529087 0.379320 -0.185227 -0.492288 0.258101 -0.244555 -0.575534 0.383300 -0.318186 -0.525159 0.486645 -0.111140 -0.401054 0.303117 -0.145346 -0.491992 0.419526 -0.219045 -0.386662 0.461265 -0.049999 -0.311351 0.322042 -0.072825 -0.379632 0.418519 -0.149567 -0.294682 0.428374 
0.000000 0.000000 0.000000 -0.035138 0.003586 -0.066154 -0.195190 -0.391392 -0.001872 -0.127484 -0.333888 0.091672 -0.075077 -0.270693 0.141898 -0.027411 -0.209707 0.183419 -0.243731 -0.134841 0.121392 -0.374254 -0.221460 0.238746 -0.417669 -0.291349 0.370342 -0.325987 -0.462856 0.169023 -0.405036 -0.506047 0.272308 -0.460092 -0.514838 0.374703 -0.215334 -0.473774 0.262519 -0.275085 -0.568917 0.378718 -0.349689 -0.515985 0.480068 -0.128661 -0.395116 0.304260 -0.167083 -0.484335 0.420684 -0.238690 -0.376894 0.460646 -0.068587 -0.307248 0.322619 -0.096929 -0.374387 0.418433 -0.171732 -0.287526 0.426351 
0.000000 0.000000 0.000000 -0.036177 0.005044 -0.065496 -0.208554 -0.384442 0.000408 -0.137238 -0.329656 0.092897 -0.081793 -0.268491 0.142368 -0.031316 -0.209339 0.183214 -0.250231 -0.128886 0.119139 -0.384172 -0.212690 0.234671 -0.433453 -0.281608 0.364704 -0.343212 -0.455121 0.168610 -0.424596 -0.497838 0.270266 -0.481620 -0.505217 0.371690 -0.229841 -0.468771 0.261852 -0.292825 -0.563389 0.376766 -0.367685 -0.508551 0.476906 -0.146964 -0.390547 0.302270 -0.193696 -0.478069 0.416930 -0.264099 -0.369245 0.455255 -0.080971 -0.305717 0.320444 -0.115148 -0.372055 0.414903 -0.188477 -0.283869 0.421918 
0.000000 0.000000 0.000000 -0.035283 0.005945 -0.065907 -0.216877 -0.379798 -0.002806 -0.145480 -0.326742 0.090623 -0.089302 -0.266887 0.140863 -0.038034 -0.208921 0.182418 -0.253643 -0.124525 0.116144 -0.390280 -0.206164 0.230059 -0.445099 -0.275376 0.357697 -0.354264 -0.450313 0.163244 -0.437297 -0.492929 0.263600 -0.495927 -0.499987 0.364128 -0.244982 -0.465046 0.256291 -0.312657 -0.559112 0.368968 -0.388255 -0.503658 0.468211 -0.155895 -0.390344 0.299096 -0.203646 -0.478870 0.412558 -0.272892 -0.369376 0.451083 -0.091091 -0.306735 0.317339 -0.127611 -0.374062 0.410208 -0.199877 -0.285006 0.417262 
0.000000 0.000000 0.000000 -0.035992 0.007828 -0.065324 -0.228268 -0.373049 -0.004338 -0.154019 -0.323336 0.088707 -0.095371 -0.265831 0.138869 -0.041807 -0.209957 0.180393 -0.257703 -0.118987 0.115254 -0.396436 -0.198340 0.228247 -0.455868 -0.268207 0.353440 -0.370280 -0.441743 0.158554 -0.456108 -0.483260 0.257002 -0.515933 -0.490223 0.356830 -0.256673 -0.463452 0.250892 -0.326493 -0.558751 0.361201 -0.401073 -0.503017 0.461055 -0.168258 -0.388684 0.294780 -0.220522 -0.476778 0.406578 -0.287820 -0.366627 0.446652 -0.098419 -0.308765 0.313127 -0.137386 -0.376777 0.404490 -0.207996 -0.286555 0.413280 
0.000000 0.000000 0.000000 -0.036970 0.009722 -0.064518 -0.236797 -0.367667 -0.006186 -0.159770 -0.321197 0.086274 -0.098929 -0.265873 0.136276 -0.043361 -0.211920 0.177709 -0.259631 -0.118011 0.114235 -0.398958 -0.197939 0.226087 -0.461613 -0.268835 0.349111 -0.379471 -0.439319 0.154843 -0.465699 -0.482624 0.252164 -0.526108 -0.490538 0.351569 -0.264871 -0.463454 0.244992 -0.336354 -0.560208 0.352942 -0.409799 -0.505632 0.454267 -0.174900 -0.392644 0.287508 -0.229376 -0.483547 0.395950 -0.294989 -0.373511 0.439019 -0.103608 -0.310804 0.308777 -0.145077 -0.378868 0.398993 -0.214519 -0.287981 0.409970 
0.000000 0.000000 0.000000 -0.037010 0.010716 -0.064337 -0.237945 -0.366814 -0.010934 -0.160674 -0.321849 0.082064 -0.099607 -0.267400 0.132748 -0.043828 -0.214190 0.174851 -0.259428 -0.118114 0.113930 -0.398602 -0.198728 0.225479 -0.459018 -0.274646 0.346611 -0.382736 -0.440299 0.147356 -0.470244 -0.484711 0.243022 -0.531369 -0.488139 0.342244 -0.268162 -0.461485 0.241508 -0.341269 -0.556458 0.349952 -0.414498 -0.502511 0.451769 -0.176640 -0.393927 0.283647 -0.231877 -0.484654 0.391851 -0.296976 -0.375194 0.437113 -0.106258 -0.314827 0.303540 -0.149230 -0.384097 0.392119 -0.218570 -0.293312 0.404498 
0.000000 0.000000 0.000000 -0.036252 0.009955 -0.064889 -0.237620 -0.367064 -0.009535 -0.161476 -0.320987 0.083847 -0.101038 -0.265923 0.134621 -0.045786 -0.212199 0.176766 -0.258712 -0.116311 0.115152 -0.397913 -0.195321 0.227810 -0.458253 -0.273516 0.347524 -0.383625 -0.435417 0.149935 -0.471865 -0.476727 0.246315 -0.534975 -0.475181 0.344335 -0.272006 -0.458025 0.243466 -0.347182 -0.551230 0.352029 -0.421551 -0.496480 0.452582 -0.177421 -0.395193 0.283512 -0.232192 -0.487887 0.390276 -0.297866 -0.379382 0.436982 -0.106983 -0.312617 0.306217 -0.149107 -0.381736 0.395321 -0.218947 -0.291314 0.407545 
0.000000 0.000000 0.000000 -0.037183 0.010122 -0.064334 -0.237563 -0.367155 -0.007180 -0.160109 -0.321306 0.085233 -0.098975 -0.266357 0.135293 -0.043150 -0.212726 0.176796 -0.258062 -0.119378 0.115357 -0.396273 -0.200411 0.227795 -0.458299 -0.279414 0.346109 -0.381391 -0.437515 0.153391 -0.468317 -0.480039 0.250436 -0.531399 -0.482559 0.348453 -0.268133 -0.460341 0.244840 -0.341605 -0.554905 0.353396 -0.415877 -0.502547 0.455286 -0.176377 -0.392915 0.285977 -0.231879 -0.483665 0.394027 -0.298820 -0.376637 0.442317 -0.102687 -0.313495 0.306747 -0.143668 -0.382855 0.396195 -0.214612 -0.293426 0.409323 
0.000000 0.000000 0.000000 -0.038069 0.009700 -0.063879 -0.228755 -0.372698 -0.007604 -0.151485 -0.325684 0.084377 -0.091179 -0.269652 0.134240 -0.036235 -0.215003 0.175590 -0.253933 -0.126131 0.117225 -0.389007 -0.211126 0.230548 -0.449962 -0.292444 0.347846 -0.371667 -0.449127 0.150998 -0.458040 -0.495318 0.246854 -0.520505 -0.502091 0.345065 -0.255858 -0.469595 0.242080 -0.326846 -0.567474 0.349341 -0.402143 -0.518549 0.452181 -0.164786 -0.398461 0.284918 -0.217567 -0.490825 0.392964 -0.286691 -0.385660 0.442260 -0.094555 -0.318210 0.304172 -0.134697 -0.389250 0.392678 -0.207823 -0.301707 0.406533 
0.000000 0.000000 0.000000 -0.037148 0.008179 -0.064630 -0.216705 -0.379780 -0.009824 -0.142698 -0.329897 0.083322 -0.085138 -0.271742 0.133993 -0.032732 -0.215180 0.176060 -0.247967 -0.133327 0.118065 -0.379884 -0.221872 0.232385 -0.439819 -0.305557 0.348538 -0.354807 -0.459428 0.151434 -0.438272 -0.507566 0.248894 -0.498969 -0.518649 0.347819 -0.240911 -0.474341 0.244458 -0.307710 -0.572583 0.354052 -0.382918 -0.526172 0.458115 -0.152142 -0.405586 0.283358 -0.200187 -0.501561 0.390462 -0.271804 -0.398992 0.441635 -0.082233 -0.322497 0.304975 -0.116307 -0.396364 0.393710 -0.192073 -0.311440 0.409532 
0.000000 0.000000 0.000000 -0.037002 0.006729 -0.064880 -0.203207 -0.387159 -0.010248 -0.131583 -0.334507 0.083236 -0.076416 -0.274259 0.134122 -0.026289 -0.215803 0.176377 -0.238226 -0.140153 0.124278 -0.364139 -0.232062 0.242641 -0.420986 -0.318779 0.358120 -0.337679 -0.472657 0.151082 -0.418950 -0.524329 0.248587 -0.477698 -0.539123 0.348200 -0.224494 -0.483204 0.243645 -0.287686 -0.584338 0.352747 -0.362483 -0.541972 0.458812 -0.138399 -0.408007 0.285725 -0.182845 -0.503912 0.394433 -0.256737 -0.404270 0.448095 -0.068926 -0.323891 0.307089 -0.098273 -0.398290 0.397060 -0.176675 -0.316466 0.416063 
0.000000 0.000000 0.000000 -0.040141 0.006755 -0.062984 -0.195756 -0.391071 -0.005758 -0.120869 -0.338101 0.084947 -0.064572 -0.277358 0.133975 -0.013680 -0.218406 0.174593 -0.229907 -0.148633 0.131155 -0.348650 -0.245865 0.252634 -0.401154 -0.334765 0.368509 -0.319686 -0.483854 0.159930 -0.394587 -0.539928 0.260068 -0.449732 -0.557464 0.361284 -0.203378 -0.490398 0.247649 -0.259496 -0.593983 0.358309 -0.332131 -0.554615 0.467000 -0.117072 -0.414770 0.285881 -0.154718 -0.513302 0.394807 -0.229589 -0.416656 0.452442 -0.050197 -0.327918 0.305970 -0.075332 -0.403298 0.396399 -0.155524 -0.324227 0.419207 
0.000000 0.000000 0.000000 -0.041108 0.005706 -0.062462 -0.181422 -0.397916 -0.006264 -0.107441 -0.342853 0.083937 -0.052816 -0.280424 0.132737 -0.003627 -0.219925 0.173179 -0.219748 -0.157590 0.135700 -0.331530 -0.259770 0.259697 -0.378418 -0.351290 0.375940 -0.298848 -0.492937 0.162858 -0.369817 -0.550365 0.265071 -0.421311 -0.570795 0.367658 -0.181005 -0.499083 0.247201 -0.231038 -0.605342 0.358243 -0.302006 -0.569755 0.469313 -0.094297 -0.420457 0.285655 -0.124041 -0.520869 0.395306 -0.200077 -0.427411 0.456561 -0.032865 -0.330058 0.305852 -0.052991 -0.405866 0.397173 -0.134668 -0.329339 0.423169 
0.000000 0.000000 0.000000 -0.041488 0.004463 -0.062312 -0.166208 -0.404480 -0.007840 -0.094091 -0.347114 0.082437 -0.041725 -0.282909 0.131407 0.005257 -0.220795 0.172026 -0.209887 -0.163876 0.140543 -0.315260 -0.269211 0.267477 -0.356352 -0.361885 0.384992 -0.277542 -0.503189 0.163278 -0.344830 -0.562846 0.266697 -0.393100 -0.585921 0.370286 -0.155406 -0.506550 0.247650 -0.197109 -0.614988 0.360017 -0.266476 -0.582579 0.473054 -0.077764 -0.423149 0.285510 -0.103606 -0.523709 0.396012 -0.181416 -0.432808 0.458866 -0.014451 -0.332823 0.304870 -0.028016 -0.409934 0.396310 -0.111374 -0.335962 0.424288 
0.000000 0.000000 0.000000 -0.043425 0.004056 -0.061006 -0.156520 -0.408338 -0.007185 -0.083152 -0.350111 0.081518 -0.030918 -0.285125 0.129592 0.015737 -0.222280 0.169455 -0.204345 -0.173360 0.140177 -0.305038 -0.284376 0.266065 -0.340799 -0.377894 0.384649 -0.258515 -0.512241 0.166658 -0.320158 -0.575037 0.271724 -0.365067 -0.600105 0.376357 -0.137839 -0.512817 0.245867 -0.175035 -0.623479 0.357648 -0.243115 -0.592927 0.471976 -0.055590 -0.428495 0.283052 -0.073281 -0.531300 0.393093 -0.151665 -0.442337 0.457974 0.001544 -0.335869 0.301676 -0.008225 -0.414055 0.392686 -0.092411 -0.341694 0.422347 
0.000000 0.000000 0.000000 -0.042877 0.002390 -0.061479 -0.143462 -0.413114 -0.006751 -0.072921 -0.352174 0.082421 -0.023281 -0.285340 0.130711 0.020938 -0.220862 0.170742 -0.197703 -0.176348 0.143283 -0.294583 -0.288190 0.271411 -0.324367 -0.379953 0.392982 -0.241681 -0.517553 0.168936 -0.301042 -0.580673 0.275116 -0.344058 -0.605879 0.380508 -0.119412 -0.515385 0.248780 -0.151033 -0.626391 0.361927 -0.218561 -0.596086 0.476648 -0.044230 -0.427242 0.286077 -0.059251 -0.528994 0.397484 -0.138915 -0.440626 0.461615 0.012675 -0.332986 0.304705 0.006988 -0.410163 0.396915 -0.077975 -0.338478 0.425995 
0.000000 0.000000 0.000000 -0.042135 0.001059 -0.062027 -0.134032 -0.416281 -0.006004 -0.066018 -0.353240 0.083670 -0.018513 -0.285019 0.132166 0.023732 -0.219324 0.172351 -0.192495 -0.176842 0.146753 -0.286581 -0.288162 0.277394 -0.310898 -0.377058 0.402266 -0.227656 -0.517407 0.174074 -0.284240 -0.578525 0.282908 -0.325030 -0.602533 0.389458 -0.107645 -0.512898 0.254699 -0.135957 -0.621488 0.371022 -0.202726 -0.589886 0.485838 -0.029137 -0.423123 0.291940 -0.036755 -0.522153 0.406509 -0.117298 -0.433427 0.469028 0.021263 -0.327424 0.309808 0.019564 -0.401832 0.404423 -0.065798 -0.329943 0.431783 
0.000000 0.000000 0.000000 -0.043447 0.001183 -0.061113 -0.135614 -0.415801 -0.002926 -0.065476 -0.352964 0.085243 -0.016702 -0.284893 0.132678 0.026625 -0.219332 0.171918 -0.192486 -0.174774 0.150246 -0.285744 -0.284877 0.282501 -0.306469 -0.371543 0.409570 -0.227284 -0.512343 0.180640 -0.282687 -0.570691 0.291582 -0.321746 -0.592491 0.399249 -0.103960 -0.511094 0.258414 -0.130136 -0.618645 0.376195 -0.194874 -0.584613 0.491478 -0.026392 -0.422522 0.292922 -0.033341 -0.521210 0.407826 -0.112512 -0.430628 0.469429 0.023900 -0.329324 0.307861 0.022025 -0.405035 0.401433 -0.062349 -0.331860 0.428442 
0.000000 0.000000 0.000000 -0.041958 0.000586 -0.062154 -0.136946 -0.415373 -0.001231 -0.068735 -0.351704 0.087847 -0.020881 -0.283223 0.135629 0.021716 -0.217333 0.175117 -0.194283 -0.169334 0.151786 -0.289599 -0.275659 0.285655 -0.307985 -0.359310 0.415083 -0.229684 -0.503415 0.186034 -0.285732 -0.556625 0.299213 -0.324961 -0.575838 0.407311 -0.102584 -0.512362 0.259654 -0.135149 -0.605990 0.387317 -0.199300 -0.568793 0.501948 -0.031394 -0.415282 0.300442 -0.038933 -0.509977 0.418623 -0.116901 -0.416690 0.477671 0.021040 -0.321142 0.315863 0.020574 -0.392595 0.412742 -0.062636 -0.317201 0.437136 
0.000000 0.000000 0.000000 -0.041656 0.000579 -0.062357 -0.144860 -0.412667 0.003466 -0.075849 -0.349160 0.092042 -0.026912 -0.280989 0.139166 0.016757 -0.215416 0.178006 -0.204014 -0.165119 0.147476 -0.305608 -0.268802 0.278776 -0.326149 -0.349177 0.409943 -0.243043 -0.499105 0.188692 -0.302382 -0.551345 0.300637 -0.343606 -0.568015 0.408414 -0.123160 -0.498444 0.270788 -0.155338 -0.599979 0.392361 -0.220998 -0.558986 0.504823 -0.041936 -0.410852 0.305369 -0.052709 -0.503973 0.424547 -0.130250 -0.407671 0.479149 0.009418 -0.318050 0.319423 0.004367 -0.388694 0.416763 -0.077865 -0.310839 0.436248 
0.000000 0.000000 0.000000 -0.041022 0.001558 -0.062758 -0.159306 -0.407290 0.005128 -0.088940 -0.345559 0.093893 -0.038081 -0.278784 0.140981 0.007501 -0.214485 0.179753 -0.213248 -0.156830 0.144842 -0.321015 -0.255938 0.274746 -0.346604 -0.333662 0.406621 -0.264954 -0.488670 0.188530 -0.328804 -0.537853 0.299373 -0.373029 -0.552321 0.406275 -0.143437 -0.492328 0.272677 -0.180503 -0.592151 0.394274 -0.247584 -0.547821 0.504612 -0.062605 -0.405842 0.308219 -0.080191 -0.496950 0.428139 -0.156491 -0.397436 0.478570 -0.008377 -0.314455 0.322372 -0.019305 -0.383266 0.420539 -0.099947 -0.302943 0.436294 
0.000000 0.000000 0.000000 -0.039753 0.002288 -0.063548 -0.172212 -0.401999 0.005463 -0.101622 -0.341725 0.095048 -0.049574 -0.276169 0.142546 -0.002721 -0.212995 0.181650 -0.222284 -0.147298 0.141764 -0.336500 -0.240899 0.270234 -0.367514 -0.316160 0.402373 -0.285435 -0.477919 0.186672 -0.353864 -0.523803 0.296190 -0.400320 -0.536560 0.402361 -0.167049 -0.484550 0.273359 -0.211548 -0.581691 0.394635 -0.279629 -0.533927 0.502908 -0.084207 -0.399940 0.310459 -0.109040 -0.488692 0.430864 -0.183018 -0.385982 0.478256 -0.022703 -0.313017 0.323716 -0.036457 -0.381863 0.421503 -0.115275 -0.299370 0.435132 
0.000000 0.000000 0.000000 -0.039550 0.003435 -0.063623 -0.185667 -0.395951 0.006354 -0.113231 -0.337821 0.095881 -0.059082 -0.273912 0.143275 -0.010190 -0.212235 0.182273 -0.229713 -0.140859 0.138524 -0.348705 -0.231149 0.265015 -0.384886 -0.304828 0.396731 -0.302107 -0.469910 0.186332 -0.372481 -0.514608 0.295105 -0.420660 -0.525863 0.400676 -0.183133 -0.481616 0.271696 -0.230676 -0.579418 0.391275 -0.299503 -0.529384 0.498041 -0.099659 -0.398489 0.309251 -0.128755 -0.487818 0.428266 -0.200511 -0.382610 0.473547 -0.037890 -0.309976 0.324631 -0.056957 -0.377253 0.422618 -0.133904 -0.292663 0.433878 
0.000000 0.000000 0.000000 -0.036304 0.002655 -0.065565 -0.190443 -0.393703 0.004415 -0.121848 -0.334675 0.096349 -0.069360 -0.270472 0.145192 -0.021732 -0.208602 0.185429 -0.233783 -0.135032 0.134161 -0.357352 -0.221189 0.259136 -0.398404 -0.294121 0.389836 -0.314357 -0.462645 0.181369 -0.389246 -0.504311 0.288315 -0.439820 -0.514186 0.392900 -0.202585 -0.473749 0.271318 -0.257498 -0.568339 0.390322 -0.327773 -0.515883 0.494960 -0.115818 -0.393402 0.310852 -0.149131 -0.481551 0.429641 -0.219935 -0.374826 0.472821 -0.053885 -0.307726 0.325882 -0.076017 -0.375955 0.422558 -0.151719 -0.290010 0.431823 
0.000000 0.000000 0.000000 -0.037198 0.004164 -0.064984 -0.203426 -0.387137 0.005789 -0.131490 -0.330849 0.096884 -0.076137 -0.268657 0.145164 -0.025853 -0.208597 0.184906 -0.240240 -0.131153 0.130744 -0.367291 -0.215825 0.253218 -0.413744 -0.289016 0.381951 -0.331587 -0.456191 0.179646 -0.409043 -0.497926 0.284721 -0.461670 -0.506582 0.388397 -0.214921 -0.471104 0.269632 -0.271667 -0.566497 0.387126 -0.342420 -0.512617 0.490713 -0.128874 -0.391558 0.308956 -0.166690 -0.479685 0.426406 -0.236641 -0.371741 0.467916 -0.065523 -0.304757 0.325497 -0.092829 -0.370946 0.422268 -0.167248 -0.283736 0.429976 
0.000000 0.000000 0.000000 -0.037312 0.005331 -0.064833 -0.211186 -0.382982 0.003994 -0.137839 -0.328744 0.095208 -0.081089 -0.267994 0.143701 -0.029476 -0.209217 0.183659 -0.242821 -0.130556 0.127902 -0.371415 -0.215585 0.248503 -0.421893 -0.290423 0.374750 -0.341962 -0.453280 0.175388 -0.420999 -0.495767 0.278974 -0.475521 -0.504260 0.381679 -0.225231 -0.469919 0.265229 -0.284670 -0.565937 0.380867 -0.356146 -0.512250 0.484057 -0.139486 -0.392086 0.304651 -0.181360 -0.481067 0.420061 -0.250922 -0.372811 0.461412 -0.074029 -0.304732 0.323223 -0.104695 -0.370477 0.419287 -0.178319 -0.282575 0.426765 
0.000000 0.000000 0.000000 -0.037964 0.006419 -0.064354 -0.216549 -0.379983 0.003153 -0.141412 -0.327579 0.093980 -0.083258 -0.268058 0.142335 -0.030366 -0.210364 0.182198 -0.246324 -0.128379 0.126071 -0.376703 -0.212727 0.245226 -0.431190 -0.288587 0.369175 -0.349415 -0.452938 0.171807 -0.429715 -0.497031 0.273737 -0.485622 -0.506131 0.375642 -0.234485 -0.468072 0.261531 -0.297788 -0.563627 0.375489 -0.370430 -0.510766 0.478290 -0.145359 -0.389891 0.303623 -0.189888 -0.477252 0.419278 -0.259622 -0.369303 0.461136 -0.079972 -0.304270 0.321148 -0.114116 -0.368908 0.416790 -0.187517 -0.280872 0.424850 
0.000000 0.000000 0.000000 -0.036905 0.006499 -0.064959 -0.216090 -0.380255 -0.001161 -0.142526 -0.327938 0.090995 -0.085255 -0.268441 0.140419 -0.033100 -0.210760 0.181261 -0.246620 -0.129537 0.123084 -0.377846 -0.214660 0.240748 -0.436460 -0.292631 0.361462 -0.349869 -0.454552 0.166180 -0.430722 -0.499455 0.267317 -0.487747 -0.510296 0.368429 -0.234374 -0.469005 0.258740 -0.296844 -0.564950 0.372831 -0.369794 -0.514120 0.476435 -0.146979 -0.394066 0.298918 -0.191240 -0.484146 0.412572 -0.262017 -0.377918 0.457003 -0.080793 -0.307857 0.318680 -0.113621 -0.374691 0.413267 -0.187634 -0.287383 0.423393 
0.000000 0.000000 0.000000 -0.036707 0.005950 -0.065124 -0.211902 -0.382605 -0.001184 -0.139296 -0.329279 0.091153 -0.082883 -0.269048 0.140676 -0.031532 -0.210709 0.181600 -0.245174 -0.134534 0.121027 -0.375620 -0.222439 0.237507 -0.435847 -0.303093 0.355636 -0.345489 -0.460161 0.164827 -0.426225 -0.507033 0.265160 -0.483336 -0.519611 0.366023 -0.230479 -0.473303 0.256735 -0.292495 -0.571260 0.369354 -0.365614 -0.522835 0.473986 -0.143673 -0.395391 0.298966 -0.187263 -0.485986 0.412470 -0.259211 -0.381397 0.458867 -0.077238 -0.313004 0.315887 -0.108698 -0.383417 0.408319 -0.184132 -0.297604 0.420529 
0.000000 0.000000 0.000000 -0.038809 0.006029 -0.063886 -0.208479 -0.384471 0.003040 -0.133444 -0.331076 0.093374 -0.076014 -0.270653 0.141474 -0.023900 -0.212113 0.181129 -0.240543 -0.139082 0.126094 -0.366775 -0.229884 0.244972 -0.426050 -0.312257 0.362393 -0.339834 -0.465706 0.169073 -0.419221 -0.514803 0.269418 -0.475948 -0.528664 0.370329 -0.221984 -0.476512 0.259155 -0.282204 -0.575429 0.371909 -0.355521 -0.529176 0.477383 -0.135029 -0.397681 0.299888 -0.177346 -0.488767 0.413481 -0.251009 -0.386320 0.461920 -0.068924 -0.313554 0.316292 -0.099915 -0.383378 0.409327 -0.176940 -0.299264 0.423295 
0.000000 0.000000 0.000000 -0.038992 0.005885 -0.063788 -0.203209 -0.387293 0.001024 -0.128762 -0.333427 0.091565 -0.072084 -0.272518 0.139943 -0.020710 -0.213514 0.179873 -0.236829 -0.143005 0.127362 -0.360622 -0.236171 0.246972 -0.418202 -0.320915 0.363547 -0.331122 -0.472844 0.167576 -0.408428 -0.524549 0.268235 -0.464169 -0.540142 0.369442 -0.212386 -0.480166 0.258745 -0.269262 -0.579970 0.372450 -0.341619 -0.535877 0.479500 -0.127257 -0.405055 0.295196 -0.166819 -0.500093 0.406522 -0.241297 -0.400043 0.458590 -0.060788 -0.317285 0.314822 -0.088374 -0.388714 0.407711 -0.166521 -0.306152 0.424436 
0.000000 0.000000 0.000000 -0.039685 0.005732 -0.063373 -0.196646 -0.390667 -0.000226 -0.122265 -0.336272 0.090052 -0.066166 -0.274801 0.138394 -0.015417 -0.215256 0.178321 -0.230754 -0.146647 0.131870 -0.350312 -0.241995 0.254041 -0.405205 -0.328813 0.370386 -0.321289 -0.478025 0.167859 -0.396620 -0.530822 0.269446 -0.450472 -0.548138 0.371393 -0.201432 -0.485289 0.257387 -0.255277 -0.586642 0.371198 -0.326041 -0.544913 0.480243 -0.115015 -0.408021 0.295173 -0.150043 -0.503548 0.407594 -0.224023 -0.405200 0.463474 -0.053379 -0.319054 0.313861 -0.079509 -0.390500 0.407156 -0.158104 -0.309101 0.427157 
0.000000 0.000000 0.000000 -0.041175 0.005544 -0.062432 -0.189465 -0.394199 0.000589 -0.114106 -0.339222 0.089695 -0.058078 -0.277147 0.137341 -0.007549 -0.217024 0.176677 -0.227287 -0.150292 0.134859 -0.343744 -0.247804 0.258311 -0.395553 -0.336651 0.374539 -0.309974 -0.484242 0.170265 -0.382806 -0.538662 0.272812 -0.434931 -0.557909 0.375310 -0.188423 -0.490622 0.257116 -0.238968 -0.593595 0.370986 -0.308758 -0.554827 0.481736 -0.103079 -0.409836 0.295715 -0.135347 -0.504982 0.409280 -0.210153 -0.409108 0.468274 -0.042826 -0.322396 0.311727 -0.067108 -0.394925 0.404685 -0.146921 -0.315581 0.427869 
0.000000 0.000000 0.000000 -0.042342 0.005318 -0.061667 -0.182325 -0.397552 0.000435 -0.106435 -0.341965 0.088708 -0.050713 -0.279285 0.135920 -0.000598 -0.218587 0.174902 -0.218604 -0.157330 0.139141 -0.328897 -0.259104 0.264793 -0.377444 -0.349662 0.381108 -0.298088 -0.492255 0.170877 -0.368052 -0.549491 0.273888 -0.418107 -0.570969 0.376972 -0.172494 -0.498445 0.254914 -0.217424 -0.604874 0.367957 -0.286189 -0.568941 0.480294 -0.090815 -0.416609 0.291637 -0.119570 -0.515080 0.403295 -0.195404 -0.421873 0.465181 -0.028108 -0.328023 0.308517 -0.047043 -0.403350 0.400488 -0.127931 -0.326033 0.426610 
0.000000 0.000000 0.000000 -0.043244 0.005354 -0.061034 -0.175418 -0.400642 -0.002260 -0.099330 -0.344853 0.085715 -0.044075 -0.281810 0.132993 0.005499 -0.220742 0.172087 -0.215226 -0.163010 0.138771 -0.322841 -0.268360 0.263797 -0.368379 -0.360901 0.379768 -0.285150 -0.500355 0.169310 -0.351469 -0.560619 0.273002 -0.399601 -0.584712 0.376424 -0.162115 -0.504594 0.250079 -0.204818 -0.613240 0.361869 -0.272657 -0.579779 0.475525 -0.079691 -0.421462 0.287726 -0.105229 -0.521601 0.398680 -0.181487 -0.430494 0.463117 -0.015931 -0.333191 0.304307 -0.030682 -0.410592 0.395317 -0.112322 -0.334957 0.423907 
0.000000 0.000000 0.000000 -0.043262 0.004390 -0.061098 -0.165705 -0.404750 -0.003063 -0.091126 -0.347261 0.085108 -0.037483 -0.282966 0.132557 0.010542 -0.220773 0.171811 -0.206578 -0.167896 0.142596 -0.308771 -0.275701 0.270055 -0.350833 -0.369118 0.386636 -0.271220 -0.507382 0.169429 -0.334990 -0.569410 0.273678 -0.381234 -0.595607 0.377449 -0.147748 -0.507457 0.251257 -0.186259 -0.616413 0.364262 -0.253438 -0.585021 0.478895 -0.067159 -0.423019 0.288179 -0.088438 -0.523445 0.399770 -0.165405 -0.434084 0.465789 -0.009738 -0.330561 0.306428 -0.023697 -0.406131 0.399086 -0.106246 -0.331850 0.428603 
0.000000 0.000000 0.000000 -0.043116 0.003298 -0.061270 -0.156280 -0.408482 -0.003065 -0.083393 -0.349151 0.085302 -0.031436 -0.283562 0.132855 0.014985 -0.220216 0.172196 -0.201971 -0.170927 0.144295 -0.301372 -0.279945 0.272924 -0.340107 -0.373446 0.390586 -0.258683 -0.511124 0.171286 -0.320574 -0.573158 0.276659 -0.364738 -0.600479 0.381044 -0.134705 -0.511541 0.251046 -0.169605 -0.621988 0.363776 -0.235714 -0.591958 0.479391 -0.058427 -0.424611 0.288066 -0.077781 -0.525751 0.399363 -0.155545 -0.437921 0.466495 0.001931 -0.331160 0.306759 -0.007055 -0.407525 0.399382 -0.090166 -0.334491 0.430395 
0.000000 0.000000 0.000000 -0.042578 0.002626 -0.061677 -0.146205 -0.412146 -0.007071 -0.075664 -0.351606 0.082373 -0.025797 -0.285067 0.130834 0.018671 -0.220853 0.171016 -0.196498 -0.173515 0.145998 -0.292811 -0.283733 0.275948 -0.327438 -0.377635 0.394566 -0.242815 -0.516610 0.169491 -0.301203 -0.579745 0.276200 -0.343200 -0.608911 0.380979 -0.123165 -0.511008 0.252105 -0.155472 -0.619425 0.367547 -0.220600 -0.590355 0.483963 -0.045016 -0.425584 0.287676 -0.058797 -0.526344 0.400141 -0.137189 -0.439991 0.468448 0.011451 -0.331774 0.306037 0.006481 -0.408122 0.398975 -0.077216 -0.336280 0.431174 
0.000000 0.000000 0.000000 -0.044320 0.002732 -0.060433 -0.141109 -0.413910 -0.007539 -0.068862 -0.353418 0.080566 -0.018504 -0.286758 0.128349 0.026255 -0.222406 0.167981 -0.190902 -0.180178 0.146700 -0.282624 -0.294631 0.276310 -0.311755 -0.388765 0.396214 -0.233442 -0.522012 0.169120 -0.289246 -0.587346 0.275888 -0.328660 -0.617744 0.381319 -0.112140 -0.516682 0.247737 -0.141575 -0.627724 0.361438 -0.205405 -0.600053 0.478908 -0.033247 -0.428857 0.284248 -0.043819 -0.530750 0.396037 -0.122090 -0.445485 0.465833 0.019769 -0.333833 0.302622 0.015305 -0.410531 0.395297 -0.068626 -0.339504 0.428675 
0.000000 0.000000 0.000000 -0.043568 0.002404 -0.060991 -0.132150 -0.416707 -0.013495 -0.062375 -0.355593 0.076160 -0.014082 -0.288368 0.125266 0.028770 -0.223487 0.166123 -0.186758 -0.181521 0.147611 -0.276357 -0.296609 0.278140 -0.300079 -0.390225 0.399631 -0.220567 -0.524583 0.165294 -0.274004 -0.589780 0.273349 -0.311540 -0.620861 0.379265 -0.097813 -0.520601 0.243465 -0.121915 -0.632829 0.357256 -0.184289 -0.606507 0.475815 -0.023457 -0.430412 0.281629 -0.030180 -0.532266 0.393751 -0.108624 -0.447937 0.464484 0.030966 -0.337728 0.298526 0.032478 -0.416362 0.389661 -0.051496 -0.346076 0.424465 
0.000000 0.000000 0.000000 -0.043199 0.002322 -0.061256 -0.124801 -0.418756 -0.018940 -0.056691 -0.357437 0.071848 -0.009899 -0.289933 0.122012 0.031549 -0.224775 0.163866 -0.186941 -0.184605 0.144274 -0.276885 -0.301573 0.272881 -0.295047 -0.393557 0.396557 -0.210157 -0.527156 0.161015 -0.261744 -0.592671 0.269774 -0.298281 -0.623352 0.376155 -0.089246 -0.521928 0.240245 -0.111388 -0.633804 0.354779 -0.173656 -0.607239 0.473338 -0.017410 -0.432547 0.277956 -0.022797 -0.534811 0.389777 -0.101452 -0.450425 0.460208 0.033461 -0.335992 0.298822 0.034776 -0.412545 0.391716 -0.049316 -0.341798 0.425279 
0.000000 0.000000 0.000000 -0.043945 0.002253 -0.060726 -0.120688 -0.419905 -0.020111 -0.052143 -0.358445 0.070252 -0.005458 -0.290771 0.120286 0.035809 -0.225446 0.162059 -0.185808 -0.184742 0.146045 -0.274576 -0.301751 0.275429 -0.288320 -0.392443 0.400620 -0.205678 -0.526715 0.160965 -0.257043 -0.591268 0.270402 -0.293125 -0.621105 0.377177 -0.082623 -0.522620 0.239344 -0.103354 -0.634282 0.354350 -0.165356 -0.607633 0.473030 -0.009837 -0.432283 0.277349 -0.012977 -0.533756 0.389973 -0.091949 -0.449254 0.459908 0.042210 -0.337690 0.296023 0.046617 -0.414950 0.388234 -0.037725 -0.344320 0.421415 
0.000000 0.000000 0.000000 -0.043656 0.002290 -0.060933 -0.118128 -0.420499 -0.022727 -0.050392 -0.359078 0.068271 -0.004352 -0.291375 0.118861 0.036325 -0.226013 0.161151 -0.185823 -0.185786 0.144645 -0.274781 -0.303472 0.273282 -0.282837 -0.392110 0.400425 -0.201162 -0.527026 0.159420 -0.251346 -0.591408 0.269504 -0.286895 -0.620448 0.376678 -0.079346 -0.522116 0.238726 -0.099039 -0.633004 0.354659 -0.160919 -0.605458 0.473197 -0.005294 -0.432020 0.276759 -0.005971 -0.532871 0.389981 -0.084587 -0.447490 0.459246 0.046643 -0.336727 0.296141 0.053744 -0.412934 0.389057 -0.030411 -0.341489 0.420943 
0.000000 0.000000 0.000000 -0.044794 0.003178 -0.060061 -0.121258 -0.419499 -0.024652 -0.051403 -0.359425 0.065642 -0.003970 -0.292526 0.116013 0.037928 -0.227851 0.158167 -0.192982 -0.185807 0.140366 -0.285709 -0.304062 0.265780 -0.288330 -0.388796 0.395781 -0.204535 -0.525846 0.157489 -0.254866 -0.590120 0.267569 -0.290893 -0.617643 0.374983 -0.078119 -0.522434 0.236488 -0.096290 -0.633304 0.352688 -0.157903 -0.604115 0.470972 -0.006735 -0.432252 0.274704 -0.008717 -0.532444 0.388495 -0.086534 -0.444920 0.455966 0.044330 -0.337652 0.294141 0.048738 -0.413231 0.387734 -0.034630 -0.339658 0.416718 
0.000000 0.000000 0.000000 -0.044187 0.003509 -0.060490 -0.124385 -0.418522 -0.025642 -0.054922 -0.358967 0.065294 -0.007438 -0.292427 0.116092 0.034571 -0.228070 0.158620 -0.197942 -0.183999 0.137111 -0.294152 -0.301330 0.260758 -0.294719 -0.384280 0.391929 -0.212201 -0.522721 0.155607 -0.265274 -0.585696 0.265149 -0.302479 -0.612021 0.372461 -0.088661 -0.521315 0.235527 -0.111608 -0.631734 0.351310 -0.173679 -0.601098 0.468987 -0.014221 -0.432624 0.274245 -0.019085 -0.533154 0.387651 -0.096161 -0.443917 0.453713 0.034615 -0.338578 0.294171 0.034645 -0.414643 0.387474 -0.047848 -0.339236 0.414152 
0.000000 0.000000 0.000000 -0.044328 0.004021 -0.060355 -0.131564 -0.416445 -0.023553 -0.060788 -0.357722 0.066911 -0.012008 -0.291799 0.117284 0.031233 -0.227998 0.159413 -0.203213 -0.181687 0.134873 -0.302633 -0.297892 0.257035 -0.303644 -0.379069 0.389308 -0.221041 -0.520475 0.156979 -0.275118 -0.583347 0.266088 -0.313656 -0.608327 0.373252 -0.098611 -0.517652 0.238568 -0.124336 -0.626427 0.355319 -0.187320 -0.593547 0.471901 -0.022718 -0.429693 0.277234 -0.030397 -0.528572 0.391928 -0.106791 -0.437175 0.455792 0.028921 -0.338321 0.295095 0.027331 -0.414259 0.388488 -0.054170 -0.336964 0.412699 
0.000000 0.000000 0.000000 -0.043255 0.004304 -0.061109 -0.136830 -0.414739 -0.023648 -0.066778 -0.356505 0.067691 -0.017949 -0.290985 0.118540 0.025451 -0.227555 0.161065 -0.211212 -0.175674 0.131880 -0.316309 -0.288292 0.252640 -0.319130 -0.367621 0.386004 -0.232539 -0.513194 0.156814 -0.290383 -0.572697 0.265881 -0.331111 -0.595658 0.372685 -0.104368 -0.525408 0.230582 -0.144547 -0.615313 0.358751 -0.209191 -0.579817 0.473644 -0.030889 -0.429767 0.277555 -0.045968 -0.522463 0.396597 -0.121782 -0.428866 0.457914 0.018222 -0.334906 0.298941 0.013246 -0.408799 0.393843 -0.067321 -0.329712 0.415234 
0.000000 0.000000 0.000000 -0.041995 0.005032 -0.061927 -0.145845 -0.411598 -0.024629 -0.076196 -0.354593 0.067787 -0.026836 -0.289991 0.119294 0.017206 -0.227391 0.162384 -0.218236 -0.170108 0.128103 -0.328515 -0.279699 0.247012 -0.335508 -0.358495 0.380538 -0.247634 -0.503760 0.155830 -0.309153 -0.559459 0.264894 -0.352436 -0.580501 0.371087 -0.128497 -0.508691 0.240972 -0.164070 -0.613500 0.358761 -0.230389 -0.576212 0.472122 -0.051593 -0.425319 0.279878 -0.069346 -0.522358 0.395026 -0.144124 -0.426770 0.454519 0.005535 -0.333102 0.301219 -0.002499 -0.405865 0.396782 -0.081569 -0.324777 0.416174 
0.000000 0.000000 0.000000 -0.041799 0.006167 -0.061958 -0.157710 -0.407226 -0.024182 -0.086485 -0.352145 0.068200 -0.035299 -0.288936 0.119651 0.010517 -0.227582 0.162686 -0.227916 -0.165489 0.121729 -0.344376 -0.272900 0.236669 -0.356361 -0.351909 0.369713 -0.264412 -0.501801 0.152143 -0.328899 -0.558960 0.258708 -0.375009 -0.579286 0.363846 -0.138729 -0.516599 0.231601 -0.183170 -0.612963 0.353517 -0.250520 -0.574090 0.465732 -0.064548 -0.425138 0.278733 -0.085522 -0.522805 0.392804 -0.158670 -0.425224 0.451075 -0.008781 -0.336015 0.298540 -0.022065 -0.410651 0.392051 -0.099323 -0.327449 0.409709 
0.000000 0.000000 0.000000 -0.040784 0.007401 -0.062496 -0.166866 -0.403305 -0.028136 -0.095650 -0.350291 0.065455 -0.043712 -0.288513 0.117882 0.002932 -0.228430 0.161810 -0.232592 -0.160106 0.119155 -0.352613 -0.264922 0.232821 -0.368346 -0.344417 0.365183 -0.279294 -0.496678 0.145247 -0.347242 -0.553111 0.250034 -0.395727 -0.573030 0.354176 -0.158562 -0.505998 0.233598 -0.201350 -0.611900 0.347959 -0.269563 -0.572192 0.459358 -0.081564 -0.424641 0.275203 -0.108706 -0.522254 0.388012 -0.180566 -0.423239 0.445461 -0.018970 -0.334818 0.298879 -0.034045 -0.408047 0.393227 -0.109707 -0.323186 0.409871 
0.000000 0.000000 0.000000 -0.039958 0.008125 -0.062938 -0.175012 -0.399765 -0.029138 -0.103687 -0.348063 0.065102 -0.051014 -0.287280 0.117958 -0.003582 -0.228098 0.162263 -0.238268 -0.154755 0.115918 -0.362357 -0.256676 0.227835 -0.383537 -0.336807 0.359049 -0.291159 -0.490798 0.143034 -0.361356 -0.545815 0.247090 -0.411618 -0.565232 0.350481 -0.173726 -0.502332 0.231745 -0.221363 -0.607257 0.345086 -0.290734 -0.566815 0.455500 -0.092315 -0.424091 0.273812 -0.121929 -0.522194 0.385570 -0.192800 -0.422315 0.442749 -0.031906 -0.334812 0.297896 -0.051402 -0.408265 0.391255 -0.125792 -0.322187 0.407370 
0.000000 0.000000 0.000000 -0.039119 0.008748 -0.063381 -0.184150 -0.395651 -0.028974 -0.112570 -0.345173 0.065734 -0.059004 -0.285386 0.118827 -0.010628 -0.227119 0.163325 -0.242507 -0.148639 0.114688 -0.369775 -0.247122 0.226112 -0.397823 -0.327986 0.355577 -0.304765 -0.483762 0.141638 -0.377661 -0.537014 0.244751 -0.429893 -0.556019 0.347240 -0.187378 -0.498459 0.231207 -0.238258 -0.602716 0.343752 -0.308507 -0.561862 0.453458 -0.104482 -0.419365 0.275973 -0.137093 -0.515437 0.388657 -0.207196 -0.414829 0.445505 -0.047674 -0.333800 0.296865 -0.073174 -0.407231 0.388784 -0.146364 -0.320166 0.405100 
0.000000 0.000000 0.000000 -0.038853 0.009169 -0.063484 -0.190106 -0.392875 -0.028276 -0.117954 -0.343234 0.066442 -0.063590 -0.284124 0.119482 -0.014420 -0.226480 0.163920 -0.243840 -0.146884 0.113925 -0.372108 -0.244532 0.224936 -0.405462 -0.326732 0.352283 -0.313363 -0.481197 0.140327 -0.387856 -0.534577 0.242226 -0.441179 -0.553850 0.344100 -0.196564 -0.496221 0.230423 -0.250029 -0.600274 0.341954 -0.320360 -0.559715 0.451716 -0.114214 -0.419729 0.273631 -0.150515 -0.516966 0.384167 -0.220199 -0.416630 0.442001 -0.054280 -0.333728 0.296190 -0.081717 -0.407548 0.387235 -0.154262 -0.320197 0.404845 
0.000000 0.000000 0.000000 -0.040144 0.009641 -0.062605 -0.194019 -0.391184 -0.024944 -0.119405 -0.342370 0.068283 -0.063398 -0.283843 0.120250 -0.012785 -0.226718 0.163728 -0.243716 -0.148396 0.114677 -0.371098 -0.247285 0.225609 -0.408863 -0.330753 0.350883 -0.317468 -0.483197 0.141531 -0.392077 -0.538807 0.242144 -0.445851 -0.559173 0.343568 -0.198817 -0.497155 0.230177 -0.252828 -0.602432 0.340288 -0.323097 -0.563520 0.450685 -0.115182 -0.421667 0.272028 -0.152314 -0.520496 0.380862 -0.222534 -0.421751 0.440750 -0.052767 -0.335002 0.295113 -0.080288 -0.409537 0.385548 -0.153250 -0.323078 0.405658 
0.000000 0.000000 0.000000 -0.039683 0.008899 -0.063008 -0.191858 -0.392360 -0.023123 -0.118246 -0.342368 0.070277 -0.062955 -0.283114 0.122185 -0.012980 -0.225362 0.165574 -0.238294 -0.150712 0.118443 -0.362571 -0.250586 0.231984 -0.405488 -0.335283 0.354750 -0.313279 -0.486412 0.143704 -0.386662 -0.543255 0.244530 -0.440136 -0.564881 0.345851 -0.196815 -0.501047 0.228778 -0.250253 -0.608971 0.336581 -0.320587 -0.573127 0.447970 -0.112733 -0.420416 0.275103 -0.148428 -0.518870 0.384755 -0.220095 -0.422488 0.446742 -0.048923 -0.336468 0.295765 -0.073663 -0.412945 0.385378 -0.147821 -0.328293 0.408571 
0.000000 0.000000 0.000000 -0.042639 0.009156 -0.061008 -0.189812 -0.393628 -0.017860 -0.112303 -0.343907 0.072482 -0.055095 -0.284692 0.122317 -0.003584 -0.226944 0.163874 -0.233891 -0.155420 0.123881 -0.353563 -0.258401 0.239572 -0.396907 -0.344870 0.360945 -0.306308 -0.496812 0.147070 -0.376715 -0.559174 0.246749 -0.428699 -0.582306 0.348512 -0.184836 -0.503656 0.232774 -0.234168 -0.612308 0.341795 -0.303548 -0.578687 0.454469 -0.100844 -0.425450 0.273339 -0.133650 -0.526382 0.381632 -0.207096 -0.433077 0.446191 -0.039227 -0.340148 0.292329 -0.063762 -0.418068 0.380748 -0.139793 -0.336046 0.407106 
0.000000 0.000000 0.000000 -0.042735 0.008195 -0.061077 -0.178544 -0.398768 -0.019921 -0.102691 -0.347242 0.070814 -0.047302 -0.286636 0.121030 0.002452 -0.227624 0.162950 -0.226913 -0.160835 0.126948 -0.342160 -0.266602 0.244603 -0.384707 -0.356230 0.363949 -0.291982 -0.501851 0.147188 -0.360541 -0.564153 0.248184 -0.410665 -0.588506 0.350594 -0.170772 -0.509631 0.230405 -0.217077 -0.620078 0.338949 -0.285648 -0.589934 0.453092 -0.088411 -0.428865 0.272009 -0.117889 -0.530852 0.380271 -0.193107 -0.440444 0.446877 -0.029824 -0.339889 0.293107 -0.052042 -0.417164 0.382696 -0.129941 -0.337729 0.411417 
0.000000 0.000000 0.000000 -0.042558 0.007304 -0.061314 -0.167171 -0.403502 -0.023025 -0.093370 -0.350334 0.068451 -0.040023 -0.288456 0.119322 0.007791 -0.228286 0.161852 -0.218683 -0.166264 0.130260 -0.328890 -0.274871 0.250135 -0.368544 -0.367230 0.368390 -0.274613 -0.511801 0.144748 -0.339548 -0.577254 0.246145 -0.387863 -0.603848 0.348866 -0.154069 -0.513562 0.230151 -0.195352 -0.624580 0.340129 -0.262979 -0.597542 0.455606 -0.074565 -0.430803 0.271827 -0.099334 -0.532876 0.381182 -0.176776 -0.445577 0.449371 -0.016471 -0.341098 0.293271 -0.033171 -0.418749 0.383730 -0.112691 -0.341780 0.414642 
0.000000 0.000000 0.000000 -0.044891 0.006780 -0.059688 -0.156989 -0.407644 -0.021702 -0.081439 -0.353440 0.067714 -0.027997 -0.290665 0.117373 0.019666 -0.229661 0.158871 -0.208970 -0.175533 0.134441 -0.311640 -0.289613 0.255915 -0.346620 -0.384140 0.373931 -0.257721 -0.521193 0.146761 -0.318600 -0.589819 0.248576 -0.364174 -0.618332 0.352032 -0.132546 -0.521107 0.228183 -0.167307 -0.635144 0.337325 -0.233007 -0.611786 0.454701 -0.054447 -0.436029 0.268645 -0.073414 -0.540264 0.377116 -0.152710 -0.456845 0.447978 -0.000296 -0.343870 0.289807 -0.014036 -0.422481 0.379933 -0.095153 -0.348383 0.413590 
0.000000 0.000000 0.000000 -0.043673 0.005520 -0.060713 -0.141209 -0.413006 -0.027859 -0.069876 -0.356652 0.063669 -0.020000 -0.292282 0.114967 0.024364 -0.229841 0.157958 -0.201289 -0.182484 0.133343 -0.299916 -0.300125 0.254771 -0.330929 -0.396667 0.372264 -0.235060 -0.529202 0.142759 -0.291781 -0.599428 0.245876 -0.334478 -0.630466 0.349832 -0.113839 -0.524688 0.225859 -0.143741 -0.638975 0.336172 -0.208167 -0.618791 0.454836 -0.039078 -0.438544 0.266483 -0.052758 -0.543424 0.375129 -0.133754 -0.463347 0.447898 0.015057 -0.343954 0.290162 0.008651 -0.422500 0.381161 -0.074283 -0.351226 0.416446 
0.000000 0.000000 0.000000 -0.044150 0.004607 -0.060444 -0.130520 -0.416450 -0.028705 -0.060161 -0.358600 0.062643 -0.011691 -0.293143 0.113914 0.031272 -0.229728 0.156903 -0.196003 -0.186957 0.134723 -0.291022 -0.306826 0.256846 -0.318688 -0.403673 0.374923 -0.221102 -0.535904 0.141430 -0.275848 -0.608098 0.244255 -0.316709 -0.640555 0.348515 -0.098180 -0.528761 0.224118 -0.124039 -0.644495 0.333943 -0.187618 -0.626441 0.453405 -0.024557 -0.439837 0.265668 -0.033783 -0.545026 0.374484 -0.115998 -0.467068 0.448181 0.025846 -0.344868 0.288431 0.022111 -0.424121 0.378964 -0.062310 -0.354893 0.414795 
0.000000 0.000000 0.000000 -0.044928 0.003789 -0.059925 -0.122624 -0.418914 -0.027648 -0.052366 -0.359768 0.062944 -0.004603 -0.293414 0.113724 0.037598 -0.229202 0.156282 -0.188823 -0.190108 0.138933 -0.278863 -0.311437 0.263366 -0.302208 -0.407970 0.382626 -0.208823 -0.538041 0.144976 -0.260918 -0.610038 0.249305 -0.299769 -0.642522 0.354322 -0.085163 -0.528991 0.226536 -0.107470 -0.644087 0.337801 -0.169786 -0.626638 0.458016 -0.013366 -0.438496 0.267309 -0.019649 -0.542529 0.377438 -0.102084 -0.465498 0.451861 0.034233 -0.343340 0.288749 0.031918 -0.421903 0.379929 -0.053159 -0.353647 0.416071 
0.000000 0.000000 0.000000 -0.045253 0.002928 -0.059729 -0.115720 -0.420956 -0.026365 -0.046057 -0.360479 0.063806 0.000815 -0.293243 0.114255 0.042125 -0.228256 0.156511 -0.185253 -0.189949 0.142867 -0.272856 -0.310639 0.269637 -0.292225 -0.405684 0.390790 -0.198618 -0.538948 0.148638 -0.248719 -0.610260 0.254405 -0.286141 -0.641999 0.360165 -0.074203 -0.528661 0.229326 -0.093347 -0.643049 0.341903 -0.155214 -0.625260 0.462300 -0.002909 -0.435845 0.270346 -0.005580 -0.538100 0.382273 -0.088419 -0.461234 0.456417 0.046601 -0.340712 0.290376 0.049683 -0.418118 0.382518 -0.035939 -0.350050 0.417714 
0.000000 0.000000 0.000000 -0.044516 0.001685 -0.060327 -0.106117 -0.423501 -0.026002 -0.038987 -0.361134 0.064802 0.005733 -0.292676 0.115560 0.045050 -0.226623 0.158062 -0.179924 -0.191591 0.144991 -0.264654 -0.312530 0.273465 -0.278789 -0.405496 0.396933 -0.183291 -0.540996 0.151929 -0.229933 -0.612007 0.259466 -0.265794 -0.642695 0.366074 -0.061120 -0.528267 0.232288 -0.076174 -0.641940 0.346201 -0.137220 -0.623383 0.466900 0.009682 -0.433952 0.272847 0.012514 -0.535256 0.385632 -0.070980 -0.458599 0.459256 0.054204 -0.335630 0.294517 0.060504 -0.410661 0.388442 -0.025791 -0.342645 0.422060 
0.000000 0.000000 0.000000 -0.044449 0.001018 -0.060392 -0.101112 -0.424777 -0.025118 -0.034844 -0.361409 0.065626 0.009000 -0.292309 0.116278 0.047481 -0.225698 0.158673 -0.177483 -0.192599 0.146153 -0.260726 -0.313752 0.275395 -0.271345 -0.405273 0.400287 -0.177070 -0.540782 0.154307 -0.222977 -0.610892 0.262747 -0.258422 -0.640769 0.369724 -0.055033 -0.527199 0.234684 -0.068764 -0.639959 0.349667 -0.129889 -0.620677 0.470213 0.015065 -0.431942 0.274959 0.019414 -0.532067 0.388743 -0.064706 -0.455096 0.461320 0.057493 -0.332465 0.296828 0.064384 -0.405955 0.391923 -0.022281 -0.337791 0.424265 
0.000000 0.000000 0.000000 -0.045188 0.000554 -0.059847 -0.102864 -0.424653 -0.019484 -0.035264 -0.360589 0.069778 0.009438 -0.291128 0.119170 0.048667 -0.224221 0.160398 -0.182621 -0.188929 0.147649 -0.268618 -0.307495 0.277486 -0.278752 -0.396167 0.404457 -0.177926 -0.538850 0.161472 -0.223292 -0.607867 0.270836 -0.258851 -0.636179 0.378201 -0.055780 -0.523279 0.241783 -0.069734 -0.633931 0.358770 -0.131329 -0.612130 0.478646 0.014450 -0.425489 0.282375 0.018045 -0.521833 0.399403 -0.066297 -0.442862 0.469532 0.055631 -0.329627 0.299780 0.060424 -0.402180 0.395719 -0.025963 -0.332690 0.425910 
0.000000 0.000000 0.000000 -0.045516 0.000495 -0.059598 -0.109467 -0.423231 -0.013524 -0.040383 -0.359096 0.074541 0.005661 -0.289715 0.122799 0.046147 -0.222905 0.162957 -0.189027 -0.182905 0.149244 -0.278827 -0.297666 0.279924 -0.287974 -0.382233 0.409738 -0.187170 -0.532462 0.169372 -0.234131 -0.598478 0.279909 -0.271237 -0.623588 0.387547 -0.057036 -0.526994 0.241896 -0.082108 -0.621344 0.370714 -0.144902 -0.594728 0.488983 0.005824 -0.419943 0.289395 0.003645 -0.511008 0.410611 -0.080161 -0.427976 0.476568 0.048261 -0.324285 0.305449 0.049716 -0.394068 0.403528 -0.034748 -0.320594 0.429425 
0.000000 0.000000 0.000000 -0.042639 -0.000672 -0.061687 -0.110410 -0.423095 -0.009512 -0.045318 -0.357257 0.080320 -0.001333 -0.286974 0.129191 0.037474 -0.219424 0.169765 -0.194737 -0.176285 0.147770 -0.289909 -0.286172 0.278836 -0.299775 -0.366894 0.411023 -0.193586 -0.524717 0.175353 -0.243854 -0.586134 0.287080 -0.283311 -0.607599 0.394670 -0.073395 -0.508726 0.261271 -0.092492 -0.611746 0.384343 -0.157309 -0.580431 0.500348 -0.007858 -0.413112 0.298780 -0.012537 -0.503560 0.420386 -0.095814 -0.416554 0.481729 0.034270 -0.314984 0.316203 0.032064 -0.380760 0.417000 -0.050614 -0.303361 0.436416 
0.000000 0.000000 0.000000 -0.042709 -0.000952 -0.061635 -0.118978 -0.420871 -0.001565 -0.052469 -0.354709 0.086982 -0.007016 -0.284438 0.134507 0.033196 -0.216946 0.173792 -0.205363 -0.166796 0.147854 -0.307141 -0.270570 0.278939 -0.322182 -0.347877 0.412671 -0.205898 -0.516963 0.184530 -0.258431 -0.575038 0.297000 -0.300142 -0.593107 0.404364 -0.074785 -0.518719 0.257502 -0.113959 -0.592929 0.395643 -0.181051 -0.556385 0.508791 -0.019131 -0.405016 0.307793 -0.027818 -0.491478 0.432049 -0.110116 -0.400825 0.489295 0.023685 -0.307615 0.323039 0.017139 -0.370024 0.425770 -0.064353 -0.290371 0.440517 
0.000000 0.000000 0.000000 -0.043136 -0.001104 -0.061335 -0.127136 -0.418439 0.005986 -0.058758 -0.352181 0.093024 -0.011628 -0.282060 0.139117 0.030152 -0.214747 0.177047 -0.211724 -0.163212 0.146379 -0.317216 -0.264649 0.276353 -0.337498 -0.340156 0.410421 -0.218804 -0.513301 0.190427 -0.274205 -0.570633 0.301898 -0.317754 -0.587129 0.408783 -0.089066 -0.507995 0.269879 -0.125881 -0.588817 0.404924 -0.194216 -0.549712 0.516460 -0.030304 -0.401717 0.312458 -0.043696 -0.487518 0.436754 -0.124957 -0.395132 0.492693 0.013646 -0.307093 0.324648 0.002285 -0.370657 0.426245 -0.078000 -0.289584 0.439831 
0.000000 0.000000 0.000000 -0.042130 -0.001841 -0.062013 -0.128415 -0.417979 0.009685 -0.061279 -0.350700 0.096909 -0.014709 -0.280071 0.142794 0.026637 -0.212349 0.180470 -0.212351 -0.160502 0.147027 -0.318864 -0.259781 0.277831 -0.342486 -0.334056 0.412040 -0.220982 -0.511661 0.194280 -0.276927 -0.568280 0.305843 -0.321015 -0.584327 0.412576 -0.102452 -0.494568 0.281521 -0.130456 -0.592418 0.407082 -0.198605 -0.553046 0.518639 -0.035994 -0.402103 0.314168 -0.051256 -0.489606 0.437053 -0.131817 -0.397725 0.494810 0.011795 -0.301150 0.330405 0.001579 -0.362273 0.433608 -0.078492 -0.281280 0.448833 
0.000000 0.000000 0.000000 -0.043249 -0.001648 -0.061243 -0.130685 -0.417202 0.012418 -0.061594 -0.350243 0.098352 -0.013790 -0.279849 0.143319 0.028627 -0.212339 0.180177 -0.214092 -0.160341 0.147265 -0.320994 -0.259641 0.277736 -0.346671 -0.333000 0.412071 -0.222287 -0.511420 0.197221 -0.277649 -0.568363 0.308911 -0.322138 -0.584750 0.415426 -0.103511 -0.493600 0.283192 -0.132021 -0.591103 0.408910 -0.200010 -0.552319 0.520770 -0.034648 -0.399969 0.316091 -0.049605 -0.486102 0.439979 -0.130607 -0.395523 0.499158 0.010131 -0.302990 0.328591 -0.002600 -0.365387 0.430747 -0.083117 -0.285199 0.447773 
0.000000 0.000000 0.000000 -0.043150 -0.002028 -0.061301 -0.129239 -0.417609 0.013784 -0.060514 -0.350087 0.099569 -0.013025 -0.279358 0.144345 0.029099 -0.211562 0.181013 -0.215189 -0.161045 0.145973 -0.322839 -0.260548 0.275672 -0.350674 -0.333138 0.409995 -0.221405 -0.512036 0.198200 -0.277107 -0.569105 0.309656 -0.322899 -0.585541 0.415609 -0.103570 -0.493767 0.283897 -0.132855 -0.591490 0.409266 -0.201321 -0.553060 0.520956 -0.032885 -0.397776 0.318404 -0.047125 -0.482689 0.443215 -0.128716 -0.392938 0.502845 0.014400 -0.300742 0.330737 0.004282 -0.362126 0.433794 -0.076836 -0.282705 0.451555 
0.000000 0.000000 0.000000 -0.043021 -0.002597 -0.061371 -0.127567 -0.418036 0.016215 -0.059286 -0.349686 0.101698 -0.012173 -0.278478 0.146110 0.029603 -0.210276 0.182424 -0.216663 -0.160185 0.145658 -0.325317 -0.258793 0.275203 -0.354696 -0.330696 0.409567 -0.221761 -0.511030 0.200333 -0.278690 -0.567233 0.311610 -0.325394 -0.583333 0.417216 -0.104746 -0.490690 0.287508 -0.135666 -0.586593 0.413886 -0.204947 -0.548073 0.525042 -0.033131 -0.397089 0.319908 -0.048158 -0.482141 0.444532 -0.130063 -0.392955 0.504579 0.013541 -0.299223 0.332147 0.002486 -0.360447 0.435204 -0.079253 -0.281654 0.452909 
0.000000 0.000000 0.000000 -0.043927 -0.002275 -0.060738 -0.130725 -0.416972 0.018312 -0.060655 -0.349141 0.102754 -0.012323 -0.278299 0.146437 0.030530 -0.210425 0.182100 -0.219991 -0.159934 0.144180 -0.330160 -0.258587 0.272404 -0.361674 -0.330465 0.406297 -0.224445 -0.510985 0.202154 -0.281088 -0.567804 0.313264 -0.328028 -0.583863 0.418772 -0.105196 -0.491589 0.287685 -0.135490 -0.588474 0.413463 -0.204740 -0.550013 0.524659 -0.033836 -0.396490 0.320454 -0.049262 -0.481240 0.445235 -0.131002 -0.392499 0.506157 0.013984 -0.296979 0.333166 0.002594 -0.356557 0.437147 -0.079981 -0.278709 0.455152 
0.000000 0.000000 0.000000 -0.044077 -0.002231 -0.060631 -0.134063 -0.415796 0.020752 -0.063260 -0.348102 0.104691 -0.014258 -0.277431 0.147902 0.029222 -0.209723 0.183121 -0.222851 -0.157265 0.143944 -0.334716 -0.254274 0.271954 -0.369980 -0.326092 0.404941 -0.227998 -0.510785 0.203983 -0.284770 -0.568193 0.314722 -0.331760 -0.584386 0.420188 -0.107896 -0.490849 0.289368 -0.138255 -0.587937 0.414974 -0.207096 -0.549398 0.526396 -0.036957 -0.396642 0.321070 -0.053233 -0.482123 0.445243 -0.134188 -0.393786 0.507780 0.012903 -0.296371 0.334157 0.001670 -0.356013 0.438119 -0.082117 -0.279687 0.457023 
0.000000 0.000000 0.000000 -0.046114 -0.001523 -0.059119 -0.142056 -0.412769 0.027066 -0.067076 -0.346280 0.108298 -0.015176 -0.276505 0.149536 0.030877 -0.209605 0.182985 -0.227350 -0.155297 0.144235 -0.340756 -0.251519 0.271482 -0.379793 -0.323498 0.403322 -0.237149 -0.508360 0.209383 -0.294621 -0.566132 0.319571 -0.341854 -0.582364 0.424922 -0.112249 -0.488656 0.293130 -0.142972 -0.585492 0.418842 -0.211396 -0.546853 0.530486 -0.040511 -0.396767 0.321608 -0.058677 -0.483003 0.444994 -0.139185 -0.395566 0.509347 0.013615 -0.294489 0.334915 0.001734 -0.352917 0.439493 -0.083993 -0.278913 0.458918 
0.000000 0.000000 0.000000 -0.045406 -0.002295 -0.059640 -0.143180 -0.412079 0.031323 -0.069045 -0.344556 0.112478 -0.017506 -0.274284 0.153323 0.028276 -0.206990 0.186351 -0.229174 -0.154353 0.142731 -0.344165 -0.249502 0.269361 -0.392560 -0.323016 0.397191 -0.239866 -0.506940 0.213183 -0.298300 -0.564272 0.323095 -0.345785 -0.580642 0.428310 -0.116626 -0.485722 0.297633 -0.148988 -0.581736 0.423565 -0.217475 -0.543127 0.535181 -0.044977 -0.392817 0.326265 -0.064675 -0.477813 0.450275 -0.145092 -0.392462 0.517477 0.011907 -0.290374 0.339208 0.000640 -0.347769 0.444423 -0.087041 -0.275927 0.463234 
0.000000 0.000000 0.000000 -0.046395 -0.002116 -0.058880 -0.147309 -0.410231 0.036067 -0.071102 -0.343098 0.115610 -0.018112 -0.273188 0.155199 0.028961 -0.206234 0.187083 -0.231746 -0.153658 0.142431 -0.347726 -0.248483 0.268399 -0.410753 -0.323367 0.388843 -0.244816 -0.506041 0.216989 -0.303747 -0.563946 0.326334 -0.351773 -0.580403 0.431290 -0.120172 -0.486236 0.298853 -0.153547 -0.583591 0.423483 -0.221835 -0.545900 0.535535 -0.042129 -0.393104 0.327701 -0.059351 -0.479091 0.451396 -0.139018 -0.396555 0.522874 0.013500 -0.289509 0.340094 0.002858 -0.346830 0.445414 -0.085619 -0.276042 0.464495 
0.000000 0.000000 0.000000 -0.046444 -0.002137 -0.058841 -0.149431 -0.409288 0.038000 -0.072823 -0.342199 0.117193 -0.019441 -0.272390 0.156434 0.028002 -0.205542 0.187988 -0.237067 -0.157029 0.134854 -0.356347 -0.253950 0.256055 -0.436415 -0.333658 0.362463 -0.249201 -0.505893 0.217258 -0.309499 -0.564278 0.325597 -0.357574 -0.580867 0.430510 -0.125162 -0.487568 0.297755 -0.160761 -0.586440 0.420562 -0.229319 -0.550566 0.533044 -0.045433 -0.395679 0.326252 -0.064070 -0.484083 0.448023 -0.143383 -0.404175 0.522804 0.012810 -0.291731 0.339405 0.002354 -0.351056 0.443628 -0.086295 -0.281035 0.464642 
0.000000 0.000000 0.000000 -0.046713 -0.002413 -0.058617 -0.150950 -0.408346 0.041929 -0.073714 -0.340947 0.120245 -0.019871 -0.271051 0.158691 0.027988 -0.204150 0.189501 -0.245080 -0.161868 0.123239 -0.369204 -0.261644 0.237032 -0.463829 -0.347327 0.325302 -0.253325 -0.504961 0.219707 -0.315199 -0.563352 0.327151 -0.363813 -0.579624 0.431864 -0.125633 -0.488932 0.298792 -0.160945 -0.589583 0.420230 -0.230614 -0.556546 0.532898 -0.050535 -0.393736 0.328166 -0.072523 -0.481709 0.449690 -0.152778 -0.404037 0.525810 0.011058 -0.290291 0.340760 -0.000595 -0.349584 0.444875 -0.090211 -0.280752 0.465717 
0.000000 0.000000 0.000000 -0.044705 -0.003722 -0.060096 -0.145022 -0.410634 0.040479 -0.071611 -0.341233 0.120703 -0.020307 -0.270075 0.160291 0.025322 -0.202082 0.192075 -0.247854 -0.167210 0.112670 -0.374972 -0.269511 0.220776 -0.476241 -0.361369 0.294216 -0.251756 -0.505469 0.216645 -0.316263 -0.562784 0.323115 -0.366477 -0.578582 0.427144 -0.125168 -0.489724 0.298344 -0.161595 -0.590718 0.419166 -0.233605 -0.559774 0.530953 -0.052461 -0.391476 0.330413 -0.075518 -0.478527 0.452402 -0.157752 -0.402347 0.527914 0.006236 -0.289200 0.342516 -0.006901 -0.349166 0.446067 -0.098300 -0.282113 0.464863 