17
0.000000 0.000000 0.000000 -0.063378 -0.009701 -0.038897 -0.131689 -0.403071 0.107155 -0.010857 -0.326900 0.170752 0.065235 -0.241942 0.190406 0.118309 -0.163843 0.193726 -0.243552 -0.107107 0.197526 -0.356293 -0.168056 0.345464 -0.322258 -0.255606 0.469009 -0.158421 -0.627936 0.095276 -0.227391 -0.663925 0.208103 -0.281993 -0.646265 0.309591 0.053160 -0.537841 0.259520 -0.022166 -0.530110 0.402317 -0.101695 -0.451143 0.480283 0.102003 -0.393281 0.333439 0.021226 -0.387250 0.461617 -0.073866 -0.317643 0.527801 0.066055 -0.220412 0.350748 0.030087 -0.259349 0.458829 -0.052597 -0.242555 0.536831 
0.000000 0.000000 0.000000 -0.056064 -0.012169 -0.048298 -0.116096 -0.415488 0.071984 -0.011887 -0.334321 0.155645 0.054029 -0.245412 0.189473 0.100154 -0.164146 0.203461 -0.240357 -0.117680 0.181375 -0.355675 -0.183702 0.325090 -0.326403 -0.272779 0.448764 -0.152316 -0.637370 0.042380 -0.229120 -0.688204 0.143865 -0.294613 -0.719916 0.234959 0.062328 -0.545962 0.234226 -0.020092 -0.552991 0.373086 -0.108666 -0.481786 0.448741 0.089670 -0.392098 0.337550 0.007426 -0.408464 0.463878 -0.093722 -0.373330 0.546357 0.078537 -0.218472 0.368287 0.014807 -0.262606 0.460385 -0.035266 -0.303899 0.555204 
0.000000 0.000000 0.000000 -0.049799 -0.012486 -0.054663 -0.102676 -0.423044 0.042206 -0.012324 -0.341132 0.140051 0.045061 -0.250974 0.184466 0.085334 -0.168440 0.206681 -0.236676 -0.128125 0.167938 -0.353611 -0.200484 0.307227 -0.339163 -0.297002 0.427902 -0.151036 -0.642393 0.011097 -0.231261 -0.691378 0.110829 -0.299508 -0.733539 0.195434 0.066796 -0.551366 0.217616 -0.022616 -0.563047 0.351756 -0.117505 -0.495449 0.422932 0.076666 -0.395115 0.335920 -0.012452 -0.416468 0.456721 -0.112653 -0.404641 0.546653 0.035473 -0.190628 0.372838 -0.000617 -0.271858 0.454019 -0.036019 -0.330565 0.546233 
0.000000 0.000000 0.000000 -0.042954 -0.010485 -0.060572 -0.085806 -0.428865 0.001552 -0.010628 -0.350696 0.114178 0.037162 -0.261751 0.170738 0.070723 -0.179480 0.202870 -0.233780 -0.139111 0.151294 -0.353187 -0.219596 0.283866 -0.373823 -0.327918 0.393079 -0.155927 -0.643989 -0.013442 -0.239106 -0.682152 0.088572 -0.308480 -0.702354 0.180073 0.066525 -0.561593 0.191923 -0.033720 -0.575439 0.317954 -0.134730 -0.509666 0.382066 0.057267 -0.409567 0.320604 -0.038526 -0.439913 0.434155 -0.136754 -0.449632 0.526484 0.002045 -0.204680 0.361724 -0.028225 -0.298277 0.431112 -0.064744 -0.367605 0.515155 
0.000000 0.000000 0.000000 -0.035343 -0.005049 -0.065949 -0.064297 -0.429061 -0.055342 -0.006113 -0.361593 0.073147 0.030629 -0.278016 0.144274 0.056309 -0.198791 0.188898 -0.233348 -0.150185 0.127895 -0.357247 -0.241002 0.249190 -0.406382 -0.358299 0.338152 -0.147937 -0.639806 -0.058642 -0.234478 -0.663127 0.045034 -0.299442 -0.648210 0.140692 0.062012 -0.576406 0.148570 -0.049953 -0.593938 0.263814 -0.156527 -0.532626 0.323161 0.040213 -0.434790 0.285850 -0.068027 -0.471094 0.385635 -0.162755 -0.505693 0.475622 -0.024731 -0.237030 0.339086 -0.057088 -0.341904 0.388542 -0.098741 -0.422956 0.458533 
0.000000 0.000000 0.000000 -0.037848 0.003585 -0.064642 -0.072728 -0.418117 -0.105731 -0.008794 -0.367814 0.027794 0.031820 -0.294150 0.107281 0.060327 -0.221382 0.160380 -0.234630 -0.152684 0.121646 -0.357763 -0.250467 0.238213 -0.418836 -0.371042 0.314494 -0.156276 -0.628803 -0.112891 -0.238760 -0.637460 -0.003788 -0.288378 -0.591954 0.091398 0.046170 -0.591798 0.085107 -0.066468 -0.613775 0.198924 -0.171046 -0.562405 0.270084 0.033781 -0.466596 0.229643 -0.076120 -0.512495 0.323483 -0.161596 -0.569193 0.411501 -0.018460 -0.282790 0.303934 -0.056604 -0.392021 0.337175 -0.101199 -0.481802 0.393334 
0.000000 0.000000 0.000000 -0.049482 0.008256 -0.055743 -0.107693 -0.409345 -0.110133 -0.017250 -0.368410 0.010662 0.040760 -0.300479 0.084244 0.081759 -0.231625 0.134299 -0.241274 -0.151574 0.132715 -0.361285 -0.251586 0.250639 -0.418702 -0.373820 0.327118 -0.166119 -0.628112 -0.122278 -0.241430 -0.624841 -0.007824 -0.280850 -0.560156 0.080805 0.029798 -0.598717 0.045584 -0.076205 -0.628434 0.163926 -0.174760 -0.589955 0.250214 0.046652 -0.487523 0.182701 -0.051690 -0.543593 0.283576 -0.122916 -0.615011 0.373545 0.022583 -0.322158 0.271735 -0.032528 -0.424517 0.302985 -0.082645 -0.512888 0.356669 
0.000000 0.000000 0.000000 -0.058214 0.007944 -0.046604 -0.129701 -0.409689 -0.081382 -0.019408 -0.367844 0.021240 0.051146 -0.299416 0.082344 0.100915 -0.230253 0.123171 -0.248056 -0.140282 0.152984 -0.366846 -0.233031 0.277874 -0.415428 -0.353979 0.362125 -0.152172 -0.635321 -0.079102 -0.222447 -0.619987 0.037552 -0.262346 -0.541844 0.114330 0.025247 -0.599372 0.050827 -0.071440 -0.634552 0.175481 -0.163188 -0.611546 0.273931 0.063790 -0.495420 0.160677 -0.018595 -0.559458 0.270689 -0.077388 -0.637434 0.364130 0.066785 -0.360572 0.234697 -0.010776 -0.429400 0.295839 -0.073985 -0.501474 0.359188 
0.000000 0.000000 0.000000 -0.063830 0.007393 -0.038665 -0.145201 -0.409779 -0.047836 -0.021543 -0.366428 0.037466 0.057534 -0.297230 0.085968 0.113304 -0.227622 0.117140 -0.245445 -0.129712 0.175962 -0.359088 -0.215503 0.310261 -0.393279 -0.335263 0.402864 -0.158083 -0.632752 -0.008627 -0.220958 -0.597905 0.108055 -0.256885 -0.505851 0.169929 0.012359 -0.597336 0.082263 -0.077326 -0.617514 0.215206 -0.160099 -0.594492 0.321310 0.050657 -0.491959 0.168108 -0.025599 -0.542766 0.288916 -0.087054 -0.602621 0.393360 0.071654 -0.361312 0.221918 -0.000587 -0.408389 0.305919 -0.078493 -0.437668 0.385144 
0.000000 0.000000 0.000000 -0.066652 0.008043 -0.033418 -0.157107 -0.407301 -0.026713 -0.025929 -0.365026 0.047125 0.058314 -0.296657 0.087409 0.117905 -0.227703 0.112343 -0.230291 -0.118961 0.200972 -0.332686 -0.198432 0.347638 -0.359633 -0.314056 0.447596 -0.166831 -0.624744 0.036879 -0.219762 -0.579137 0.154779 -0.250601 -0.481333 0.210244 -0.011635 -0.590842 0.119772 -0.091210 -0.583267 0.260253 -0.161558 -0.546505 0.371334 0.035603 -0.484648 0.181521 -0.036730 -0.509733 0.312401 -0.101899 -0.528771 0.429271 0.099480 -0.367705 0.215523 0.024771 -0.382349 0.308773 -0.055080 -0.366346 0.389834 
0.000000 0.000000 0.000000 -0.068064 0.008597 -0.030288 -0.161721 -0.405932 -0.018855 -0.026882 -0.364745 0.048739 0.059737 -0.297082 0.084971 0.121023 -0.228631 0.107016 -0.224127 -0.120224 0.208240 -0.321781 -0.200832 0.357495 -0.346985 -0.315061 0.459492 -0.161115 -0.631015 0.008673 -0.214496 -0.604712 0.132126 -0.249318 -0.519709 0.203925 -0.023979 -0.587387 0.131785 -0.096593 -0.566493 0.274667 -0.159265 -0.516846 0.385332 0.023940 -0.479316 0.186079 -0.044951 -0.490991 0.320647 -0.108057 -0.470950 0.438478 0.102730 -0.367284 0.212026 0.029180 -0.371588 0.307226 -0.048713 -0.329235 0.380315 
0.000000 0.000000 0.000000 -0.068302 0.010559 -0.029107 -0.174921 -0.400662 -0.012768 -0.037610 -0.363339 0.052036 0.051780 -0.298231 0.086159 0.115617 -0.231625 0.106553 -0.222049 -0.111697 0.214330 -0.318254 -0.188196 0.366657 -0.343637 -0.301211 0.469954 -0.197552 -0.625061 -0.036283 -0.249807 -0.642501 0.089205 -0.284854 -0.601135 0.192422 -0.036535 -0.587035 0.132244 -0.099784 -0.570757 0.280093 -0.154188 -0.512168 0.390758 0.016219 -0.481219 0.185981 -0.047424 -0.489119 0.323378 -0.103700 -0.445795 0.438374 0.089950 -0.372492 0.206973 0.017961 -0.364250 0.303102 -0.050979 -0.300773 0.369594 
0.000000 0.000000 0.000000 -0.069169 0.012446 -0.026164 -0.191372 -0.393156 0.009758 -0.049645 -0.359502 0.066568 0.043872 -0.297109 0.094061 0.111272 -0.232604 0.109017 -0.231055 -0.098864 0.217248 -0.332352 -0.168514 0.369560 -0.346431 -0.284398 0.471831 -0.252678 -0.607803 -0.030097 -0.307783 -0.663561 0.082316 -0.351269 -0.693443 0.186283 -0.040959 -0.584375 0.142930 -0.095073 -0.580583 0.295186 -0.144139 -0.532284 0.413080 0.017878 -0.479365 0.198085 -0.041410 -0.475821 0.337595 -0.092936 -0.411074 0.444465 0.076624 -0.369949 0.211595 0.009202 -0.350521 0.309412 -0.047167 -0.269450 0.368176 
0.000000 0.000000 0.000000 -0.068443 0.014116 -0.027205 -0.199997 -0.388942 0.004026 -0.058524 -0.358744 0.063362 0.035860 -0.298581 0.092789 0.104390 -0.235657 0.109270 -0.247502 -0.105537 0.199659 -0.359546 -0.180409 0.341615 -0.361783 -0.302759 0.437074 -0.289406 -0.597284 -0.000369 -0.341486 -0.657740 0.111053 -0.384287 -0.703920 0.209179 -0.051871 -0.582875 0.142075 -0.103840 -0.583151 0.295123 -0.150890 -0.549338 0.418745 0.010137 -0.480494 0.197477 -0.050068 -0.469988 0.336242 -0.099897 -0.391049 0.433986 0.062686 -0.370374 0.212702 -0.004086 -0.342075 0.308785 -0.052558 -0.250397 0.358269 
0.000000 0.000000 0.000000 -0.066826 0.015413 -0.030342 -0.197272 -0.389212 -0.029809 -0.059724 -0.361968 0.039366 0.032369 -0.303261 0.077661 0.099391 -0.241148 0.101687 -0.256161 -0.124812 0.175414 -0.374635 -0.212555 0.304163 -0.365216 -0.342853 0.387951 -0.297664 -0.590344 -0.000018 -0.342084 -0.639572 0.119921 -0.382916 -0.689763 0.216909 -0.045195 -0.588217 0.110603 -0.099911 -0.598582 0.262337 -0.149637 -0.584278 0.388678 0.014528 -0.490631 0.174034 -0.047716 -0.483350 0.312105 -0.101465 -0.408050 0.410639 0.059061 -0.380161 0.199845 -0.008438 -0.348471 0.294349 -0.057839 -0.258423 0.345867 
0.000000 0.000000 0.000000 -0.066900 0.016927 -0.029356 -0.198331 -0.387006 -0.046705 -0.060463 -0.363246 0.023113 0.031915 -0.306549 0.063683 0.099177 -0.245744 0.090251 -0.260119 -0.142986 0.157568 -0.381023 -0.243049 0.274533 -0.355879 -0.375837 0.350835 -0.300024 -0.584669 -0.001893 -0.343638 -0.645164 0.113086 -0.385442 -0.708684 0.201465 -0.039911 -0.593141 0.079682 -0.091530 -0.624447 0.229615 -0.136654 -0.644063 0.356967 0.021355 -0.500056 0.148282 -0.040019 -0.498196 0.286921 -0.094308 -0.425964 0.387436 0.063235 -0.391579 0.179841 -0.002790 -0.362492 0.276205 -0.051249 -0.274227 0.331560 
0.000000 0.000000 0.000000 -0.068795 0.017084 -0.024479 -0.200023 -0.387047 -0.038418 -0.057768 -0.363744 0.022141 0.037014 -0.307273 0.057089 0.105772 -0.246594 0.079842 -0.258484 -0.155585 0.154545 -0.377179 -0.263630 0.266567 -0.339436 -0.394422 0.341104 -0.289563 -0.584139 0.029089 -0.325277 -0.647562 0.145210 -0.361608 -0.717575 0.231067 -0.031075 -0.596544 0.061719 -0.070378 -0.644280 0.211055 -0.099527 -0.699621 0.332410 0.036942 -0.503394 0.136148 -0.018253 -0.506033 0.277347 -0.069811 -0.433510 0.379083 0.077340 -0.394381 0.168931 0.015295 -0.362172 0.266932 -0.031282 -0.273294 0.322919 