28
0.000000 0.000000 0.000000 -0.061537 0.020212 -0.037797 -0.284388 -0.305039 0.131775 -0.156424 -0.283707 0.176576 -0.062311 -0.244362 0.188284 0.024905 -0.201168 0.193087 -0.278178 -0.116282 0.141876 -0.413738 -0.201691 0.254304 -0.501097 -0.277299 0.357932 -0.397299 -0.440191 0.274622 -0.465540 -0.521873 0.360954 -0.524951 -0.549156 0.457490 -0.254977 -0.395096 0.361925 -0.322007 -0.470856 0.487988 -0.363383 -0.354368 0.545936 -0.151197 -0.341719 0.353615 -0.214934 -0.411530 0.472169 -0.269738 -0.292066 0.503679 -0.042562 -0.283231 0.332012 -0.089001 -0.339717 0.427636 -0.158458 -0.259073 0.470942 
0.000000 0.000000 0.000000 -0.061748 0.016105 -0.039391 -0.267437 -0.322265 0.126148 -0.142255 -0.292627 0.173983 -0.051177 -0.247287 0.187820 0.032944 -0.198569 0.194567 -0.275814 -0.139484 0.127384 -0.409763 -0.236842 0.231741 -0.483559 -0.327467 0.333858 -0.369174 -0.465910 0.269102 -0.430662 -0.552725 0.355499 -0.487906 -0.579579 0.453453 -0.237287 -0.408907 0.358163 -0.301922 -0.487994 0.483431 -0.354244 -0.373947 0.537235 -0.139635 -0.345908 0.352631 -0.203064 -0.416626 0.470811 -0.266882 -0.300357 0.496830 -0.034627 -0.280884 0.333292 -0.081138 -0.337543 0.428779 -0.155975 -0.258965 0.466571 
0.000000 0.000000 0.000000 -0.061062 0.010308 -0.042298 -0.246371 -0.339945 0.122592 -0.126112 -0.299424 0.174867 -0.039583 -0.246677 0.191389 0.040058 -0.191265 0.200460 -0.268816 -0.165013 0.112451 -0.398815 -0.274717 0.209283 -0.455465 -0.376525 0.311815 -0.336404 -0.489091 0.267746 -0.390818 -0.579231 0.355473 -0.446922 -0.601139 0.455300 -0.218566 -0.412100 0.362565 -0.281447 -0.488736 0.490227 -0.346059 -0.379363 0.540248 -0.124746 -0.341998 0.359838 -0.185813 -0.410349 0.480626 -0.257841 -0.297131 0.496803 -0.030475 -0.268999 0.340348 -0.079024 -0.322505 0.436636 -0.157005 -0.242935 0.464759 
0.000000 0.000000 0.000000 -0.059935 0.002867 -0.044983 -0.216635 -0.358970 0.124500 -0.103275 -0.305071 0.180009 -0.023144 -0.243467 0.198076 0.050192 -0.180128 0.208340 -0.249972 -0.193403 0.107367 -0.368884 -0.316216 0.202697 -0.399315 -0.424933 0.309194 -0.289299 -0.504669 0.282334 -0.333216 -0.592726 0.377725 -0.388110 -0.592729 0.480583 -0.191676 -0.403156 0.377592 -0.251802 -0.469868 0.511976 -0.321862 -0.365621 0.565488 -0.107119 -0.324310 0.374503 -0.167334 -0.382279 0.501012 -0.242622 -0.270040 0.502487 -0.021027 -0.248108 0.352884 -0.070050 -0.294899 0.452376 -0.146152 -0.209301 0.461577 
0.000000 0.000000 0.000000 -0.058865 -0.003491 -0.046332 -0.193517 -0.367736 0.136425 -0.085679 -0.303351 0.191766 -0.010605 -0.235371 0.208648 0.057761 -0.166503 0.217512 -0.232591 -0.207503 0.115051 -0.341298 -0.335160 0.216035 -0.355492 -0.443875 0.325882 -0.256003 -0.504097 0.306488 -0.293769 -0.586509 0.409269 -0.350620 -0.565916 0.508953 -0.171645 -0.384862 0.397777 -0.230114 -0.440300 0.537893 -0.301786 -0.338208 0.593386 -0.095416 -0.297739 0.392036 -0.156232 -0.342460 0.523536 -0.235937 -0.233537 0.516392 -0.019583 -0.218437 0.365523 -0.072820 -0.254184 0.467401 -0.148981 -0.168157 0.465940 
0.000000 0.000000 0.000000 -0.056799 -0.008693 -0.048189 -0.181006 -0.369564 0.148154 -0.078558 -0.297265 0.203960 -0.007497 -0.224911 0.220011 0.057137 -0.152401 0.227773 -0.219428 -0.209741 0.127817 -0.321190 -0.335543 0.237949 -0.326507 -0.442043 0.350717 -0.238035 -0.496993 0.326843 -0.272502 -0.574007 0.434838 -0.329504 -0.547109 0.532922 -0.167098 -0.358238 0.415897 -0.227318 -0.399708 0.560044 -0.296211 -0.298831 0.621012 -0.097521 -0.264820 0.407139 -0.162073 -0.293437 0.541321 -0.243350 -0.185814 0.532411 -0.027291 -0.184048 0.377628 -0.085405 -0.205832 0.480777 -0.164517 -0.122538 0.478220 
0.000000 0.000000 0.000000 -0.055777 -0.012244 -0.048610 -0.169587 -0.371172 0.157359 -0.070596 -0.293494 0.212167 -0.002420 -0.218134 0.226843 0.059441 -0.143109 0.233147 -0.209522 -0.210253 0.138475 -0.305726 -0.334155 0.255541 -0.304444 -0.437945 0.370922 -0.223760 -0.496806 0.338195 -0.256500 -0.572736 0.447487 -0.313018 -0.546844 0.546120 -0.157442 -0.342906 0.427784 -0.216510 -0.376513 0.574434 -0.284752 -0.275547 0.635981 -0.095576 -0.242249 0.415135 -0.162375 -0.259541 0.550153 -0.244132 -0.152196 0.542354 -0.029501 -0.159818 0.382801 -0.090723 -0.171319 0.485810 -0.173150 -0.091438 0.491078 
0.000000 0.000000 0.000000 -0.054949 -0.013797 -0.049134 -0.163200 -0.373703 0.158121 -0.066546 -0.293500 0.213463 -0.000199 -0.216567 0.228353 0.059936 -0.140163 0.234804 -0.196648 -0.206863 0.152095 -0.285314 -0.327672 0.278011 -0.281125 -0.430888 0.393837 -0.211286 -0.503346 0.337845 -0.240348 -0.581699 0.446465 -0.292714 -0.562738 0.548892 -0.150391 -0.340076 0.430892 -0.207418 -0.371754 0.578774 -0.272423 -0.270492 0.643269 -0.076654 -0.251108 0.422454 -0.161339 -0.221629 0.544726 -0.241992 -0.113378 0.551433 -0.032284 -0.142771 0.383380 -0.095762 -0.144566 0.485648 -0.176105 -0.064567 0.504311 
0.000000 0.000000 0.000000 -0.056464 -0.013850 -0.047369 -0.161522 -0.370664 0.166762 -0.062658 -0.290697 0.218418 0.004709 -0.214168 0.230556 0.065618 -0.138205 0.234446 -0.186661 -0.201969 0.165952 -0.268130 -0.319682 0.299435 -0.260243 -0.420840 0.416873 -0.203579 -0.508103 0.342152 -0.228998 -0.591168 0.448153 -0.275527 -0.584144 0.554825 -0.138092 -0.344189 0.437331 -0.189398 -0.380572 0.586222 -0.252348 -0.275810 0.647063 -0.067380 -0.239682 0.427700 -0.152529 -0.196217 0.545391 -0.235123 -0.090177 0.559597 -0.027944 -0.128893 0.381910 -0.092344 -0.122483 0.483413 -0.170903 -0.043457 0.511458 
0.000000 0.000000 0.000000 -0.058438 -0.012988 -0.045168 -0.159826 -0.368917 0.172182 -0.057983 -0.290386 0.220117 0.010813 -0.214780 0.229780 0.072827 -0.139635 0.231451 -0.178921 -0.199041 0.175545 -0.254311 -0.315462 0.313653 -0.242190 -0.416036 0.431231 -0.201823 -0.512530 0.342568 -0.227205 -0.599327 0.445545 -0.267279 -0.604671 0.554900 -0.114802 -0.373385 0.435424 -0.168024 -0.393014 0.586774 -0.226944 -0.281425 0.638886 -0.056806 -0.237686 0.428820 -0.140330 -0.188087 0.545244 -0.221805 -0.081595 0.562250 -0.019118 -0.125123 0.379511 -0.082406 -0.115134 0.481423 -0.158581 -0.037435 0.518347 
0.000000 0.000000 0.000000 -0.062782 -0.007033 -0.040408 -0.163305 -0.372308 0.161272 -0.053648 -0.302184 0.204803 0.019618 -0.230734 0.213127 0.085414 -0.158863 0.214098 -0.166509 -0.195476 0.186696 -0.231415 -0.313391 0.328803 -0.215384 -0.415154 0.444881 -0.207252 -0.526243 0.321873 -0.233813 -0.619277 0.418936 -0.266191 -0.639356 0.529125 -0.091509 -0.420052 0.407653 -0.145340 -0.420152 0.560056 -0.193311 -0.297562 0.596247 -0.032442 -0.282325 0.411475 -0.109567 -0.242178 0.535696 -0.185091 -0.131513 0.553519 -0.001061 -0.143679 0.365353 -0.060583 -0.133227 0.469464 -0.133500 -0.050356 0.501380 
0.000000 0.000000 0.000000 -0.067811 0.000968 -0.032009 -0.167872 -0.376660 0.145727 -0.048698 -0.318114 0.180469 0.030045 -0.252417 0.185551 0.100483 -0.185092 0.184433 -0.158778 -0.202066 0.187874 -0.215699 -0.329110 0.325463 -0.203428 -0.438090 0.435280 -0.215456 -0.545457 0.289475 -0.244215 -0.647473 0.376353 -0.271904 -0.682813 0.483952 -0.076102 -0.461846 0.367725 -0.125809 -0.460020 0.521512 -0.164361 -0.332540 0.551543 -0.009158 -0.326208 0.379797 -0.078003 -0.299723 0.512273 -0.149214 -0.187222 0.535526 0.021797 -0.172856 0.340141 -0.032364 -0.164435 0.447318 -0.101898 -0.079059 0.480168 
0.000000 0.000000 0.000000 -0.068461 0.002825 -0.030480 -0.163056 -0.387096 0.121899 -0.043468 -0.330436 0.158304 0.035053 -0.264783 0.166456 0.105135 -0.197115 0.168711 -0.148419 -0.210557 0.183813 -0.198452 -0.344078 0.317903 -0.190573 -0.456641 0.424460 -0.220101 -0.559174 0.258117 -0.254577 -0.663173 0.340443 -0.283429 -0.704297 0.445655 -0.067235 -0.486090 0.336296 -0.115236 -0.480717 0.490542 -0.149943 -0.352552 0.522297 0.006475 -0.360557 0.352801 -0.062322 -0.335744 0.485624 -0.130899 -0.221262 0.507052 0.043344 -0.219245 0.330817 -0.022518 -0.187628 0.426493 -0.092705 -0.101137 0.454710 
0.000000 0.000000 0.000000 -0.068977 0.004144 -0.029136 -0.155874 -0.397603 0.094371 -0.036480 -0.342149 0.133194 0.041278 -0.276173 0.145159 0.110476 -0.207861 0.151525 -0.140319 -0.221249 0.175692 -0.184961 -0.362284 0.303861 -0.172985 -0.477781 0.406836 -0.217968 -0.570018 0.227927 -0.255497 -0.674221 0.308645 -0.284311 -0.715557 0.413784 -0.052707 -0.517838 0.292393 -0.098241 -0.536390 0.446364 -0.136540 -0.412823 0.489998 0.018552 -0.388909 0.322606 -0.052997 -0.363603 0.453874 -0.119417 -0.247185 0.471284 0.055260 -0.248410 0.312439 -0.015223 -0.210667 0.402433 -0.084888 -0.122236 0.425451 
0.000000 0.000000 0.000000 -0.070214 0.008592 -0.024902 -0.161701 -0.401590 0.062196 -0.039046 -0.352997 0.100030 0.040981 -0.290300 0.114425 0.112245 -0.224524 0.123940 -0.134335 -0.232203 0.164181 -0.174458 -0.382877 0.282498 -0.153133 -0.505084 0.375758 -0.229647 -0.568803 0.199467 -0.270711 -0.669862 0.282430 -0.296389 -0.704630 0.390712 -0.051638 -0.549658 0.232847 -0.091059 -0.611048 0.377075 -0.131475 -0.495477 0.437484 0.024375 -0.429436 0.272788 -0.040516 -0.427740 0.409817 -0.102864 -0.311814 0.440509 0.065274 -0.284228 0.281470 0.000327 -0.259274 0.379707 -0.065709 -0.169629 0.408098 
0.000000 0.000000 0.000000 -0.071119 0.013786 -0.019387 -0.178522 -0.396729 0.045013 -0.051260 -0.357041 0.077664 0.032760 -0.299522 0.090883 0.107895 -0.238155 0.100059 -0.136694 -0.240156 0.151081 -0.177726 -0.399057 0.257750 -0.139952 -0.528045 0.335351 -0.245027 -0.550840 0.197483 -0.285221 -0.643980 0.289631 -0.302141 -0.661645 0.403626 -0.072302 -0.558302 0.202266 -0.106977 -0.645432 0.333912 -0.142483 -0.537236 0.409227 0.010813 -0.447940 0.239893 -0.046274 -0.477151 0.377292 -0.106076 -0.363835 0.420320 0.048809 -0.286451 0.257420 0.003775 -0.310809 0.366369 -0.057257 -0.222201 0.406704 
0.000000 0.000000 0.000000 -0.070918 0.015063 -0.019174 -0.184723 -0.394197 0.042145 -0.056805 -0.356787 0.074923 0.028133 -0.300712 0.088472 0.104242 -0.240617 0.098022 -0.150285 -0.240739 0.142420 -0.199948 -0.400803 0.243536 -0.152231 -0.531000 0.313238 -0.247850 -0.536525 0.207003 -0.286002 -0.622544 0.306638 -0.299299 -0.629253 0.422273 -0.082255 -0.556186 0.201678 -0.119892 -0.628699 0.341141 -0.150482 -0.520372 0.418398 0.002681 -0.447031 0.238992 -0.049803 -0.488500 0.375068 -0.109902 -0.378349 0.425297 0.049269 -0.291005 0.256215 0.011429 -0.325689 0.365103 -0.048633 -0.242057 0.416108 
0.000000 0.000000 0.000000 -0.070706 0.015619 -0.019507 -0.191613 -0.388956 0.057345 -0.062923 -0.352672 0.088321 0.023057 -0.297676 0.099517 0.100268 -0.238653 0.106594 -0.175563 -0.234386 0.136534 -0.241176 -0.390823 0.234174 -0.182562 -0.513275 0.309384 -0.252082 -0.525918 0.227653 -0.288628 -0.608694 0.330583 -0.303636 -0.607126 0.446192 -0.096589 -0.541120 0.229133 -0.137607 -0.590985 0.377308 -0.163963 -0.481193 0.454057 -0.006348 -0.439855 0.253251 -0.058339 -0.483357 0.388880 -0.118871 -0.375174 0.442734 0.049229 -0.298943 0.262627 0.014098 -0.340442 0.370028 -0.047704 -0.259640 0.423458 
0.000000 0.000000 0.000000 -0.070255 0.014770 -0.021678 -0.194302 -0.384698 0.074460 -0.066076 -0.347207 0.105918 0.019904 -0.291961 0.115798 0.097213 -0.232887 0.121180 -0.192624 -0.224901 0.137790 -0.269194 -0.374871 0.237575 -0.211220 -0.487614 0.327101 -0.250750 -0.516914 0.249825 -0.284866 -0.596821 0.355811 -0.303612 -0.588958 0.470615 -0.102894 -0.524266 0.260090 -0.144246 -0.566153 0.410623 -0.170900 -0.456887 0.488017 -0.016206 -0.419956 0.280196 -0.061554 -0.475509 0.413794 -0.123300 -0.368962 0.469500 0.050095 -0.297504 0.276713 0.017662 -0.341982 0.383770 -0.046850 -0.260438 0.432678 
0.000000 0.000000 0.000000 -0.070199 0.014911 -0.021764 -0.200251 -0.376864 0.095727 -0.071081 -0.340136 0.124067 0.015948 -0.286014 0.130337 0.094329 -0.228143 0.132000 -0.232881 -0.201635 0.134725 -0.334677 -0.337135 0.232644 -0.313402 -0.451457 0.335430 -0.246451 -0.508769 0.274295 -0.274373 -0.588489 0.382217 -0.296249 -0.585586 0.496699 -0.114778 -0.494378 0.299493 -0.152852 -0.562223 0.441168 -0.181934 -0.456880 0.522999 -0.033069 -0.391273 0.307062 -0.068218 -0.466750 0.433784 -0.130885 -0.362355 0.492458 0.050515 -0.293318 0.288265 0.020357 -0.338179 0.395826 -0.047000 -0.260621 0.447312 
0.000000 0.000000 0.000000 -0.069919 0.014620 -0.022836 -0.206216 -0.367199 0.118026 -0.076550 -0.330781 0.144435 0.011290 -0.277711 0.147632 0.090549 -0.221049 0.145976 -0.258451 -0.181232 0.131902 -0.376422 -0.303784 0.228727 -0.376452 -0.413295 0.338699 -0.250551 -0.498902 0.297216 -0.277346 -0.578499 0.405513 -0.299871 -0.580667 0.519886 -0.124711 -0.462800 0.336075 -0.157467 -0.552591 0.466418 -0.189997 -0.449261 0.549507 -0.036855 -0.379551 0.326586 -0.071378 -0.452577 0.454907 -0.134272 -0.347843 0.512727 0.048688 -0.286034 0.302855 0.019874 -0.330765 0.410837 -0.048377 -0.254913 0.463671 
0.000000 0.000000 0.000000 -0.069508 0.014200 -0.024309 -0.211201 -0.359308 0.132598 -0.081482 -0.322927 0.158797 0.006844 -0.270602 0.160543 0.086681 -0.214834 0.157174 -0.268559 -0.162868 0.139616 -0.393112 -0.273667 0.242190 -0.409580 -0.378584 0.355362 -0.255756 -0.489560 0.312791 -0.282683 -0.568281 0.421694 -0.304900 -0.576912 0.535822 -0.126980 -0.453955 0.351762 -0.157924 -0.543074 0.483006 -0.193899 -0.442329 0.567834 -0.037410 -0.370310 0.341688 -0.069143 -0.441807 0.471580 -0.131626 -0.337224 0.530115 0.049914 -0.282629 0.314140 0.024607 -0.329293 0.422183 -0.042916 -0.253793 0.476438 
0.000000 0.000000 0.000000 -0.069651 0.016384 -0.022454 -0.222270 -0.342650 0.156452 -0.090129 -0.311329 0.176319 0.000500 -0.263222 0.172511 0.082621 -0.211505 0.163740 -0.273033 -0.136807 0.159245 -0.400296 -0.232664 0.272940 -0.446654 -0.326225 0.387762 -0.268736 -0.477449 0.332776 -0.296819 -0.558918 0.439342 -0.318554 -0.578463 0.552208 -0.131110 -0.449769 0.365076 -0.158983 -0.543929 0.493457 -0.195319 -0.446363 0.581775 -0.042342 -0.365335 0.352654 -0.073062 -0.438555 0.481827 -0.131373 -0.333802 0.544234 0.050590 -0.283539 0.319853 0.028542 -0.333120 0.427309 -0.035861 -0.256820 0.484175 
0.000000 0.000000 0.000000 -0.069496 0.016293 -0.022993 -0.227906 -0.326350 0.181231 -0.094970 -0.296568 0.197902 -0.003400 -0.250776 0.190121 0.079693 -0.201541 0.177204 -0.261317 -0.109948 0.189408 -0.381346 -0.188941 0.322315 -0.449858 -0.258746 0.442815 -0.273504 -0.461261 0.357696 -0.301062 -0.542797 0.464348 -0.321680 -0.572267 0.575251 -0.132765 -0.435296 0.387113 -0.158471 -0.529650 0.515802 -0.195232 -0.434577 0.606626 -0.042202 -0.352205 0.371561 -0.070025 -0.424934 0.501665 -0.126729 -0.320053 0.565324 0.053875 -0.277157 0.332774 0.036105 -0.329204 0.439856 -0.025151 -0.252555 0.499654 
0.000000 0.000000 0.000000 -0.069194 0.014860 -0.024805 -0.229801 -0.316968 0.194970 -0.097178 -0.285972 0.211929 -0.005602 -0.240396 0.203038 0.077565 -0.191677 0.188719 -0.235545 -0.102394 0.212734 -0.339638 -0.175764 0.361370 -0.393124 -0.236121 0.493972 -0.275862 -0.452043 0.371189 -0.303700 -0.533680 0.477691 -0.325167 -0.567975 0.587035 -0.133506 -0.421216 0.403928 -0.158214 -0.513201 0.534515 -0.199257 -0.421831 0.627285 -0.043394 -0.335666 0.387995 -0.070493 -0.403981 0.520621 -0.128926 -0.298548 0.581757 0.053180 -0.267365 0.344484 0.036395 -0.319464 0.451700 -0.024141 -0.242387 0.511682 
0.000000 0.000000 0.000000 -0.069071 0.014444 -0.025387 -0.230029 -0.316492 0.195474 -0.097640 -0.284903 0.213152 -0.006167 -0.239056 0.204598 0.076924 -0.190133 0.190535 -0.222056 -0.105805 0.219525 -0.317784 -0.181049 0.372775 -0.355384 -0.241649 0.510618 -0.284198 -0.453199 0.368092 -0.316936 -0.535821 0.472418 -0.343745 -0.568914 0.580950 -0.136468 -0.418179 0.406037 -0.162876 -0.508825 0.537225 -0.207277 -0.421420 0.632242 -0.046143 -0.329776 0.391375 -0.074809 -0.394828 0.525305 -0.137765 -0.290471 0.583737 0.047236 -0.258653 0.348680 0.026802 -0.305817 0.457534 -0.037083 -0.226985 0.511455 
0.000000 0.000000 0.000000 -0.068494 0.012110 -0.028032 -0.226665 -0.323792 0.187275 -0.096171 -0.287794 0.209912 -0.006014 -0.238933 0.204746 0.075880 -0.187282 0.193749 -0.217089 -0.114864 0.216188 -0.310070 -0.194317 0.369005 -0.351699 -0.254605 0.505823 -0.291511 -0.460569 0.356116 -0.330701 -0.543234 0.458158 -0.363735 -0.576113 0.565027 -0.136410 -0.420236 0.403081 -0.163778 -0.510316 0.534463 -0.210974 -0.429044 0.633493 -0.045565 -0.330161 0.391366 -0.073925 -0.395577 0.525184 -0.141797 -0.295642 0.585801 0.044340 -0.256580 0.351195 0.022630 -0.304279 0.459568 -0.045033 -0.225752 0.509148 
0.000000 0.000000 0.000000 -0.067471 0.010375 -0.031048 -0.226292 -0.329842 0.176880 -0.097912 -0.290509 0.205316 -0.008912 -0.239322 0.204186 0.072022 -0.185550 0.196863 -0.218594 -0.123217 0.208036 -0.313158 -0.206810 0.357639 -0.362793 -0.267512 0.491574 -0.304819 -0.467578 0.338998 -0.352279 -0.550823 0.436978 -0.393044 -0.581578 0.541789 -0.145367 -0.422361 0.397247 -0.177643 -0.512039 0.527788 -0.229227 -0.438675 0.630726 -0.055155 -0.332032 0.388523 -0.088314 -0.398510 0.520704 -0.162283 -0.304444 0.583538 0.035696 -0.255647 0.352918 0.010691 -0.303895 0.460334 -0.060870 -0.229285 0.510489 