31
0.000000 0.000000 0.000000 -0.052269 -0.022169 -0.048993 -0.058697 -0.412831 0.131967 0.013783 -0.318293 0.186109 0.059257 -0.230947 0.205422 0.086468 -0.164348 0.209485 -0.164077 -0.185363 0.193314 -0.234040 -0.287479 0.344935 -0.305869 -0.371753 0.453679 -0.089391 -0.539192 0.317738 -0.107941 -0.615561 0.430014 -0.154731 -0.642889 0.533246 -0.014518 -0.422991 0.397561 -0.033767 -0.494200 0.541379 -0.119889 -0.437035 0.630566 0.050973 -0.342335 0.384971 0.015228 -0.393823 0.523037 -0.080125 -0.332545 0.596664 0.049592 -0.228497 0.367951 0.024210 -0.272653 0.477026 -0.048740 -0.183976 0.481242 
0.000000 0.000000 0.000000 -0.056274 -0.021702 -0.044567 -0.062521 -0.406816 0.147927 0.016595 -0.313364 0.194075 0.066104 -0.227127 0.207581 0.095663 -0.161411 0.207765 -0.168066 -0.184147 0.198251 -0.238018 -0.285794 0.350191 -0.307785 -0.369093 0.461009 -0.075713 -0.531377 0.336952 -0.083686 -0.606659 0.451194 -0.121332 -0.638759 0.556767 0.000239 -0.415944 0.407813 -0.025607 -0.468890 0.558323 -0.110783 -0.403272 0.642459 0.077469 -0.345264 0.382590 0.034597 -0.378195 0.524253 -0.058257 -0.306383 0.591255 0.058778 -0.220187 0.368299 0.033389 -0.260643 0.478798 -0.032575 -0.167123 0.468506 
0.000000 0.000000 0.000000 -0.055948 -0.024386 -0.043578 -0.056653 -0.401030 0.165093 0.021097 -0.304570 0.207194 0.069352 -0.217131 0.217004 0.097958 -0.151046 0.214384 -0.166431 -0.177314 0.205927 -0.235564 -0.273006 0.362051 -0.303267 -0.354153 0.475710 -0.064844 -0.510208 0.363671 -0.069794 -0.576193 0.483686 -0.102787 -0.604376 0.591900 0.010162 -0.398031 0.425414 -0.021903 -0.432557 0.580024 -0.109028 -0.352804 0.648493 0.082658 -0.325781 0.397923 0.035376 -0.343294 0.540921 -0.057382 -0.261865 0.595998 0.066319 -0.198642 0.379671 0.044541 -0.231405 0.493442 -0.019069 -0.137891 0.473144 
0.000000 0.000000 0.000000 -0.056841 -0.025747 -0.041594 -0.057882 -0.392631 0.183796 0.021415 -0.295172 0.220345 0.070639 -0.207874 0.225487 0.099824 -0.142266 0.219469 -0.166633 -0.170601 0.212984 -0.235334 -0.261240 0.372282 -0.301812 -0.339280 0.488803 -0.062140 -0.488065 0.389452 -0.064713 -0.545744 0.513744 -0.095321 -0.568518 0.623915 0.019461 -0.388569 0.438858 -0.021446 -0.405526 0.594304 -0.110690 -0.317483 0.648372 0.088942 -0.310078 0.409697 0.041666 -0.318787 0.553502 -0.051090 -0.232112 0.599888 0.066690 -0.184656 0.385877 0.043883 -0.213834 0.500418 -0.019037 -0.121379 0.474031 
0.000000 0.000000 0.000000 -0.058294 -0.025729 -0.039545 -0.062533 -0.385280 0.197331 0.019684 -0.288563 0.229087 0.070931 -0.202294 0.230417 0.101423 -0.137589 0.221707 -0.174339 -0.166102 0.214768 -0.246953 -0.253939 0.373900 -0.315562 -0.328875 0.491221 -0.069731 -0.467227 0.408643 -0.074081 -0.516754 0.536355 -0.106078 -0.531072 0.647550 0.028569 -0.384753 0.446212 -0.026354 -0.377499 0.598052 -0.116479 -0.279424 0.628021 0.088302 -0.303422 0.415309 0.033542 -0.301912 0.556695 -0.059026 -0.209166 0.589821 0.065572 -0.173087 0.389161 0.040895 -0.197521 0.504423 -0.021610 -0.106226 0.473419 
0.000000 0.000000 0.000000 -0.057660 -0.026827 -0.039743 -0.063247 -0.381436 0.204442 0.018101 -0.283679 0.235235 0.068921 -0.197148 0.235434 0.099217 -0.132486 0.225776 -0.180696 -0.160923 0.214672 -0.257684 -0.244831 0.373869 -0.329468 -0.315383 0.492005 -0.076634 -0.450807 0.419915 -0.084725 -0.492732 0.550141 -0.120202 -0.499613 0.660989 0.027792 -0.379243 0.452602 -0.036451 -0.360632 0.599744 -0.125424 -0.257123 0.602764 0.093718 -0.297209 0.420059 0.032193 -0.282693 0.557881 -0.060814 -0.186485 0.576901 0.064255 -0.164139 0.394186 0.040190 -0.185926 0.510106 -0.023298 -0.096051 0.477020 
0.000000 0.000000 0.000000 -0.056196 -0.028062 -0.040969 -0.063511 -0.380032 0.206961 0.015633 -0.280818 0.238819 0.065241 -0.193587 0.239403 0.094900 -0.128617 0.229832 -0.183492 -0.155018 0.215008 -0.263146 -0.234459 0.375182 -0.338465 -0.300002 0.494001 -0.085946 -0.440187 0.424442 -0.099506 -0.476543 0.555882 -0.139458 -0.477044 0.665411 0.035957 -0.382959 0.452427 -0.036022 -0.355390 0.594496 -0.121886 -0.251458 0.572930 0.082154 -0.284927 0.429363 0.012798 -0.265289 0.562760 -0.082031 -0.169065 0.566814 0.054112 -0.157008 0.397512 0.026037 -0.176550 0.512930 -0.039641 -0.089763 0.476084 
0.000000 0.000000 0.000000 -0.054115 -0.029503 -0.042721 -0.062651 -0.380079 0.207135 0.013202 -0.279004 0.241081 0.060894 -0.190727 0.242820 0.089484 -0.125193 0.233860 -0.185148 -0.147908 0.215458 -0.267141 -0.221999 0.377010 -0.344574 -0.281975 0.497400 -0.093165 -0.430945 0.425999 -0.111608 -0.461687 0.558275 -0.162043 -0.449570 0.662691 0.035752 -0.384713 0.452721 -0.046612 -0.349384 0.587229 -0.127654 -0.247538 0.546009 0.078922 -0.278696 0.434262 0.003635 -0.254129 0.563564 -0.093143 -0.159850 0.559896 0.047023 -0.148074 0.401966 0.017796 -0.163824 0.517677 -0.050462 -0.080055 0.478603 
0.000000 0.000000 0.000000 -0.052571 -0.030578 -0.043876 -0.061074 -0.380355 0.207099 0.012214 -0.277874 0.242434 0.058339 -0.188787 0.244953 0.086013 -0.122805 0.236415 -0.184867 -0.143988 0.215898 -0.267650 -0.214952 0.378447 -0.344511 -0.268144 0.502341 -0.098303 -0.434433 0.424147 -0.120802 -0.467117 0.555325 -0.187215 -0.436087 0.645987 0.045354 -0.390121 0.449259 -0.037723 -0.359844 0.584559 -0.117056 -0.261468 0.532909 0.080577 -0.275361 0.436589 0.006155 -0.257056 0.567422 -0.095286 -0.167849 0.562950 0.037406 -0.142362 0.403271 0.003950 -0.155823 0.518122 -0.069389 -0.076457 0.479066 
0.000000 0.000000 0.000000 -0.050951 -0.031142 -0.045366 -0.058174 -0.383629 0.201829 0.012250 -0.280106 0.239850 0.056530 -0.190163 0.244313 0.083074 -0.123565 0.237068 -0.183899 -0.142297 0.215048 -0.267089 -0.211851 0.377998 -0.341813 -0.259740 0.505316 -0.102880 -0.448240 0.414542 -0.129898 -0.487289 0.543100 -0.205006 -0.437539 0.617107 0.051686 -0.398430 0.442133 -0.032439 -0.376155 0.578337 -0.115023 -0.279731 0.528123 0.070324 -0.275356 0.437355 -0.005533 -0.265279 0.568256 -0.110807 -0.180545 0.565873 0.022344 -0.143504 0.399858 -0.019459 -0.157228 0.511909 -0.089885 -0.079420 0.465120 
0.000000 0.000000 0.000000 -0.048015 -0.031234 -0.048404 -0.053868 -0.391579 0.187228 0.011540 -0.287192 0.231355 0.052653 -0.196102 0.240453 0.077292 -0.128509 0.236395 -0.178083 -0.147702 0.211141 -0.259472 -0.220580 0.373548 -0.321682 -0.268742 0.507328 -0.107864 -0.466457 0.394346 -0.140498 -0.511711 0.519522 -0.218126 -0.443983 0.574111 0.050273 -0.413177 0.429097 -0.027927 -0.408561 0.570476 -0.121089 -0.312595 0.543076 0.059388 -0.280656 0.434152 -0.020341 -0.272659 0.562877 -0.128289 -0.191361 0.565288 0.000860 -0.144049 0.392929 -0.051749 -0.154746 0.500675 -0.110617 -0.075589 0.441751 
0.000000 0.000000 0.000000 -0.046116 -0.029641 -0.051173 -0.049452 -0.402028 0.164980 0.012491 -0.298754 0.216165 0.051295 -0.207417 0.231070 0.074484 -0.139192 0.231190 -0.176017 -0.157968 0.202804 -0.257300 -0.238267 0.361726 -0.308598 -0.293500 0.497390 -0.097206 -0.494294 0.366541 -0.134522 -0.538881 0.490644 -0.209039 -0.462531 0.537666 0.042244 -0.432992 0.409993 -0.026392 -0.450158 0.555317 -0.128530 -0.359769 0.561420 0.039931 -0.289380 0.425663 -0.047236 -0.279914 0.549369 -0.155840 -0.199819 0.556986 -0.000986 -0.162653 0.387203 -0.076788 -0.148115 0.479583 -0.121963 -0.066843 0.412076 
0.000000 0.000000 0.000000 -0.044072 -0.028186 -0.053732 -0.039570 -0.411962 0.141463 0.017901 -0.309795 0.199610 0.053378 -0.218249 0.220373 0.074309 -0.149438 0.224761 -0.171405 -0.165730 0.196696 -0.251082 -0.251797 0.353398 -0.293265 -0.314469 0.488969 -0.091682 -0.508705 0.339819 -0.123177 -0.567175 0.459700 -0.195218 -0.488043 0.505975 0.032056 -0.446590 0.393416 -0.022253 -0.486743 0.540260 -0.127175 -0.407162 0.576283 0.036154 -0.301218 0.414108 -0.051184 -0.293188 0.537794 -0.159483 -0.213487 0.551475 0.002359 -0.186662 0.379757 -0.082450 -0.161178 0.461300 -0.121258 -0.077198 0.393150 
0.000000 0.000000 0.000000 -0.045931 -0.025027 -0.053739 -0.033733 -0.419981 0.117339 0.025620 -0.321328 0.179524 0.061663 -0.231082 0.204561 0.082620 -0.162585 0.212394 -0.162416 -0.178887 0.192442 -0.235304 -0.275163 0.346485 -0.268992 -0.347288 0.479714 -0.059466 -0.550571 0.300925 -0.103323 -0.591361 0.424193 -0.174371 -0.512962 0.473172 0.038242 -0.466015 0.367623 -0.016295 -0.509939 0.513297 -0.119365 -0.436672 0.564754 0.051258 -0.326299 0.393079 -0.037696 -0.317964 0.515589 -0.145079 -0.239457 0.539537 0.008325 -0.196345 0.367077 -0.075043 -0.168102 0.449195 -0.113085 -0.081219 0.384333 
0.000000 0.000000 0.000000 -0.051647 -0.020909 -0.050193 -0.032451 -0.425469 0.095986 0.035230 -0.331836 0.157420 0.075830 -0.243942 0.183816 0.099171 -0.176446 0.193399 -0.154226 -0.193381 0.189760 -0.218414 -0.301303 0.339907 -0.244397 -0.382013 0.469897 -0.039420 -0.580246 0.261562 -0.082097 -0.624673 0.383984 -0.152334 -0.550282 0.439892 0.044984 -0.484120 0.339598 -0.010222 -0.531059 0.484075 -0.110084 -0.463129 0.547733 0.065146 -0.348535 0.367282 -0.015740 -0.353610 0.495433 -0.121855 -0.278803 0.533002 0.032825 -0.220161 0.349198 -0.050798 -0.185541 0.428571 -0.091151 -0.094954 0.370530 
0.000000 0.000000 0.000000 -0.054937 -0.018594 -0.047540 -0.027374 -0.429388 0.078530 0.044544 -0.338660 0.139508 0.087094 -0.252066 0.167103 0.111239 -0.185081 0.178163 -0.142793 -0.205343 0.187519 -0.197767 -0.322198 0.334603 -0.217274 -0.409376 0.461514 -0.019663 -0.599082 0.228745 -0.057017 -0.648777 0.350881 -0.124336 -0.579349 0.416004 0.057003 -0.496976 0.316300 0.004784 -0.547021 0.460845 -0.091377 -0.484038 0.534504 0.090777 -0.366880 0.344636 0.014561 -0.373399 0.475554 -0.088970 -0.300569 0.522939 0.057050 -0.241924 0.334428 -0.026502 -0.200307 0.410444 -0.070118 -0.107230 0.359087 
0.000000 0.000000 0.000000 -0.060143 -0.015459 -0.042044 -0.030621 -0.431346 0.065526 0.049791 -0.344741 0.121702 0.097367 -0.260294 0.147692 0.124365 -0.194366 0.158513 -0.131023 -0.212067 0.190695 -0.175375 -0.335092 0.336327 -0.189667 -0.426922 0.460625 -0.006677 -0.611100 0.201671 -0.033584 -0.666778 0.323973 -0.095309 -0.601236 0.398051 0.073298 -0.510643 0.290221 0.031073 -0.565589 0.436244 -0.057542 -0.507669 0.522453 0.113740 -0.389773 0.314068 0.048385 -0.406221 0.449895 -0.049532 -0.336071 0.511208 0.081812 -0.258296 0.315639 0.005509 -0.220849 0.400884 -0.041437 -0.124736 0.358914 
0.000000 0.000000 0.000000 -0.064248 -0.011984 -0.036777 -0.040133 -0.432106 0.054439 0.048153 -0.350223 0.105652 0.100930 -0.268355 0.129788 0.131174 -0.203776 0.140143 -0.120499 -0.216359 0.193251 -0.155698 -0.344243 0.337188 -0.166816 -0.439828 0.458953 -0.012162 -0.619931 0.178374 -0.032973 -0.680289 0.299641 -0.087421 -0.617369 0.381309 0.081878 -0.524735 0.263394 0.049968 -0.583800 0.410424 -0.028420 -0.529551 0.508156 0.123611 -0.407797 0.287126 0.072897 -0.433925 0.427612 -0.014619 -0.365366 0.504479 0.097465 -0.276742 0.295468 0.027762 -0.244265 0.388085 -0.020540 -0.144914 0.356472 
0.000000 0.000000 0.000000 -0.066775 -0.009069 -0.032904 -0.053441 -0.430924 0.052337 0.040890 -0.353106 0.098901 0.098161 -0.273613 0.120609 0.131453 -0.210365 0.129761 -0.118798 -0.217959 0.194042 -0.151351 -0.348669 0.336051 -0.171889 -0.445179 0.455846 -0.024938 -0.622415 0.170401 -0.040581 -0.684579 0.291532 -0.087053 -0.626024 0.381002 0.071326 -0.531258 0.253205 0.052505 -0.604958 0.395819 -0.015272 -0.557556 0.504441 0.128174 -0.420984 0.269252 0.097481 -0.466357 0.410638 0.021247 -0.407898 0.505712 0.106988 -0.283413 0.286769 0.048691 -0.256584 0.388616 -0.002412 -0.155004 0.372090 
0.000000 0.000000 0.000000 -0.067892 -0.007716 -0.030904 -0.067902 -0.426449 0.069434 0.030402 -0.350628 0.110782 0.091103 -0.272626 0.128145 0.126926 -0.210393 0.134148 -0.128374 -0.211666 0.198427 -0.166220 -0.339284 0.341927 -0.208346 -0.432545 0.458609 -0.052578 -0.607550 0.205034 -0.062371 -0.682940 0.319063 -0.105089 -0.626090 0.411456 0.057598 -0.523090 0.272002 0.047581 -0.602832 0.412236 -0.012003 -0.561507 0.527913 0.106660 -0.406379 0.291185 0.102114 -0.484304 0.421177 0.033748 -0.439344 0.528753 0.104188 -0.278875 0.293457 0.060115 -0.272854 0.405317 0.007183 -0.170868 0.405191 
0.000000 0.000000 0.000000 -0.068366 -0.006454 -0.030138 -0.084914 -0.419186 0.091448 0.016715 -0.345505 0.128391 0.080695 -0.269306 0.141452 0.119091 -0.208387 0.144095 -0.145745 -0.200958 0.202299 -0.194163 -0.322665 0.347743 -0.257290 -0.413430 0.456663 -0.076249 -0.581976 0.249069 -0.087821 -0.642562 0.371452 -0.126302 -0.579497 0.461646 0.038672 -0.501009 0.306747 0.040237 -0.587052 0.443563 -0.010447 -0.549997 0.564796 0.095235 -0.392173 0.312934 0.105661 -0.480276 0.435897 0.046525 -0.443581 0.551762 0.087941 -0.250887 0.310857 0.058321 -0.263493 0.426853 0.007255 -0.161030 0.436686 
0.000000 0.000000 0.000000 -0.069089 -0.003996 -0.028891 -0.106900 -0.408776 0.112982 -0.000717 -0.339307 0.144941 0.067646 -0.266334 0.153416 0.109445 -0.207644 0.152568 -0.169873 -0.188409 0.202799 -0.232938 -0.303802 0.347776 -0.312366 -0.390983 0.448661 -0.115160 -0.544694 0.294305 -0.120151 -0.626839 0.403893 -0.154404 -0.558994 0.492306 0.011100 -0.483542 0.333437 0.019137 -0.581642 0.461642 -0.024941 -0.550611 0.587075 0.075447 -0.386125 0.327493 0.081041 -0.472023 0.452317 0.027808 -0.440822 0.572570 0.074934 -0.243374 0.320254 0.051180 -0.267967 0.435676 0.001853 -0.166259 0.456299 
0.000000 0.000000 0.000000 -0.067883 -0.003299 -0.031700 -0.121667 -0.402336 0.120884 -0.015244 -0.334385 0.155216 0.054486 -0.262799 0.164361 0.097723 -0.205160 0.163495 -0.184634 -0.180907 0.197801 -0.257690 -0.292043 0.341408 -0.341174 -0.380020 0.438244 -0.139749 -0.533548 0.304940 -0.150677 -0.612849 0.416178 -0.181671 -0.541587 0.503093 -0.014782 -0.469573 0.350660 -0.014469 -0.561520 0.483589 -0.058062 -0.532445 0.609659 0.053341 -0.376631 0.342559 0.052521 -0.458255 0.470338 0.000678 -0.432615 0.592498 0.060287 -0.241608 0.330398 0.034519 -0.266696 0.445280 -0.015165 -0.168223 0.477496 
0.000000 0.000000 0.000000 -0.067795 -0.001601 -0.032019 -0.136668 -0.394807 0.129383 -0.028047 -0.329932 0.162774 0.044163 -0.260697 0.170684 0.089448 -0.204679 0.168751 -0.196649 -0.170538 0.197552 -0.277278 -0.276248 0.341203 -0.354058 -0.364125 0.443523 -0.167479 -0.519762 0.316083 -0.186100 -0.595281 0.428920 -0.216995 -0.523935 0.515801 -0.036355 -0.461250 0.360666 -0.042006 -0.550564 0.495260 -0.085771 -0.526235 0.622272 0.037552 -0.374109 0.349031 0.032811 -0.455433 0.476917 -0.018256 -0.437126 0.600711 0.050083 -0.245615 0.334162 0.022988 -0.273792 0.448018 -0.026384 -0.178686 0.489495 
0.000000 0.000000 0.000000 -0.066463 -0.001320 -0.034711 -0.149258 -0.388392 0.134774 -0.040864 -0.324523 0.170741 0.032267 -0.256385 0.179644 0.078649 -0.201263 0.177985 -0.200890 -0.158802 0.199756 -0.285006 -0.257344 0.346471 -0.339520 -0.343606 0.463406 -0.193578 -0.512331 0.319422 -0.220363 -0.587236 0.431019 -0.252717 -0.518594 0.519533 -0.055381 -0.456423 0.367885 -0.065254 -0.546135 0.501971 -0.109890 -0.528265 0.629751 0.021900 -0.370653 0.357264 0.014465 -0.452589 0.484630 -0.038048 -0.437324 0.608231 0.039679 -0.246365 0.342404 0.012855 -0.277410 0.455576 -0.036822 -0.183670 0.499712 
0.000000 0.000000 0.000000 -0.065797 -0.001054 -0.035966 -0.157299 -0.383698 0.139007 -0.048721 -0.320667 0.175888 0.025184 -0.253389 0.184948 0.072364 -0.198953 0.183173 -0.197199 -0.147371 0.207285 -0.279423 -0.238927 0.359495 -0.312690 -0.320724 0.487125 -0.203337 -0.511870 0.320316 -0.231161 -0.589333 0.429894 -0.263502 -0.533024 0.526726 -0.066318 -0.449995 0.374480 -0.078288 -0.537957 0.509550 -0.124355 -0.521091 0.636958 0.010970 -0.362683 0.365410 0.000778 -0.441053 0.494813 -0.054383 -0.422815 0.616848 0.029313 -0.241974 0.347130 -0.000320 -0.271586 0.459985 -0.050307 -0.177047 0.502017 
0.000000 0.000000 0.000000 -0.065121 -0.001196 -0.037171 -0.159541 -0.383484 0.137028 -0.051711 -0.320274 0.175750 0.021962 -0.252914 0.186007 0.069125 -0.198444 0.184967 -0.192037 -0.144371 0.210295 -0.271453 -0.233960 0.365143 -0.296944 -0.317062 0.493717 -0.206017 -0.510411 0.319099 -0.234106 -0.587123 0.429137 -0.267086 -0.534961 0.528055 -0.069837 -0.447782 0.375468 -0.082166 -0.534505 0.511305 -0.128683 -0.516703 0.638422 0.001873 -0.355123 0.370027 -0.012532 -0.428413 0.501981 -0.070275 -0.404577 0.621837 0.025827 -0.240498 0.349110 -0.003977 -0.269445 0.462093 -0.054095 -0.173630 0.500962 
0.000000 0.000000 0.000000 -0.065762 0.001527 -0.036013 -0.165950 -0.384231 0.126954 -0.056042 -0.324805 0.165825 0.019330 -0.259502 0.177006 0.067710 -0.206101 0.176943 -0.189359 -0.145604 0.210811 -0.266698 -0.237669 0.365258 -0.294355 -0.320073 0.493833 -0.212708 -0.513570 0.307246 -0.240967 -0.591739 0.416210 -0.274314 -0.540638 0.515557 -0.082751 -0.450780 0.365554 -0.100917 -0.536459 0.501398 -0.151454 -0.508520 0.625110 -0.004808 -0.362212 0.360259 -0.022116 -0.435861 0.491664 -0.083822 -0.398271 0.605889 0.022607 -0.244320 0.341538 -0.008438 -0.270628 0.454831 -0.057608 -0.172153 0.487819 
0.000000 0.000000 0.000000 -0.064527 0.000418 -0.038210 -0.162273 -0.388268 0.119187 -0.054973 -0.326873 0.162077 0.018632 -0.260131 0.176156 0.065888 -0.205764 0.178019 -0.189668 -0.145455 0.208583 -0.267973 -0.236733 0.363011 -0.297131 -0.318706 0.491530 -0.216516 -0.513258 0.300448 -0.249299 -0.588799 0.409996 -0.283597 -0.536269 0.508269 -0.085392 -0.449232 0.363516 -0.106081 -0.532453 0.500523 -0.160990 -0.497384 0.620500 -0.010935 -0.357383 0.361579 -0.032137 -0.427119 0.494538 -0.099039 -0.377056 0.600773 0.019334 -0.244517 0.342084 -0.012710 -0.271192 0.455013 -0.063086 -0.171653 0.482536 
0.000000 0.000000 0.000000 -0.064235 -0.000387 -0.038699 -0.157998 -0.390554 0.117451 -0.051852 -0.327799 0.161234 0.020751 -0.260105 0.175958 0.067265 -0.205118 0.178251 -0.194692 -0.146280 0.205314 -0.276324 -0.237571 0.358001 -0.309430 -0.314628 0.488588 -0.223724 -0.514013 0.295939 -0.263447 -0.588629 0.403812 -0.304743 -0.543828 0.503214 -0.091127 -0.443359 0.365140 -0.117839 -0.521956 0.503825 -0.179712 -0.475831 0.616447 -0.015660 -0.351504 0.363132 -0.041768 -0.417043 0.497347 -0.115094 -0.352260 0.590591 0.016283 -0.241238 0.341598 -0.018808 -0.266101 0.454034 -0.072648 -0.166486 0.473558 
0.000000 0.000000 0.000000 -0.062776 -0.002222 -0.040965 -0.148553 -0.396746 0.108696 -0.046237 -0.330814 0.156721 0.023433 -0.260824 0.174550 0.067923 -0.204310 0.178928 -0.201012 -0.151842 0.196419 -0.287511 -0.245465 0.344958 -0.320888 -0.324473 0.474304 -0.224026 -0.527287 0.278057 -0.269640 -0.606182 0.380414 -0.320616 -0.591208 0.484194 -0.088721 -0.445355 0.360559 -0.117616 -0.523259 0.499198 -0.184988 -0.471680 0.606156 -0.003079 -0.369348 0.354087 -0.047389 -0.409803 0.493337 -0.125996 -0.338244 0.576814 0.013631 -0.238040 0.341718 -0.023740 -0.261258 0.453770 -0.080751 -0.162326 0.466630 