60
0.000000 0.000000 0.000000 -0.044824 -0.003688 -0.060009 -0.143893 -0.411100 0.039775 -0.070488 -0.341710 0.120013 -0.019279 -0.270520 0.159667 0.026245 -0.202489 0.191521 -0.246378 -0.174486 0.107473 -0.372497 -0.281360 0.212273 -0.476075 -0.379141 0.273895 -0.253574 -0.504410 0.214942 -0.319863 -0.560804 0.320808 -0.371850 -0.575638 0.424105 -0.126918 -0.488084 0.298520 -0.165298 -0.587639 0.419930 -0.239197 -0.557000 0.530562 -0.052550 -0.390414 0.330641 -0.076408 -0.476385 0.453241 -0.160430 -0.401220 0.527797 0.005866 -0.288808 0.342253 -0.008161 -0.348224 0.446004 -0.100766 -0.282272 0.462678 
0.000000 0.000000 0.000000 -0.043912 -0.004211 -0.060645 -0.141731 -0.411902 0.039236 -0.069974 -0.341724 0.120275 -0.019826 -0.270045 0.160401 0.024773 -0.201594 0.192659 -0.242943 -0.178773 0.105971 -0.367483 -0.288004 0.210229 -0.468529 -0.391913 0.265720 -0.253643 -0.505458 0.212854 -0.321279 -0.562000 0.317784 -0.375004 -0.576409 0.420250 -0.129009 -0.487724 0.298244 -0.169161 -0.587025 0.419289 -0.245399 -0.556705 0.528411 -0.057573 -0.391507 0.329327 -0.084641 -0.478602 0.450458 -0.170481 -0.404297 0.523794 0.003031 -0.289482 0.342289 -0.011934 -0.349978 0.445282 -0.105369 -0.284824 0.460382 
0.000000 0.000000 0.000000 -0.040083 -0.006050 -0.063093 -0.134110 -0.414692 0.036538 -0.069015 -0.341764 0.120714 -0.023066 -0.268382 0.162743 0.017896 -0.198461 0.196632 -0.233392 -0.187238 0.103187 -0.354352 -0.300613 0.207234 -0.446752 -0.411465 0.264338 -0.251334 -0.506057 0.207802 -0.322181 -0.561276 0.311309 -0.379870 -0.574438 0.411767 -0.132159 -0.489067 0.296182 -0.175106 -0.589254 0.415525 -0.255754 -0.559455 0.521578 -0.061428 -0.389787 0.331571 -0.088935 -0.476841 0.452632 -0.178065 -0.403396 0.522844 -0.004051 -0.285377 0.346799 -0.019157 -0.345204 0.450162 -0.113666 -0.281066 0.462715 
0.000000 0.000000 0.000000 -0.038569 -0.007470 -0.063879 -0.129005 -0.416066 0.039207 -0.066852 -0.341087 0.123804 -0.022900 -0.266495 0.165838 0.016297 -0.195543 0.199671 -0.224365 -0.191564 0.107689 -0.340624 -0.306758 0.215045 -0.421306 -0.418941 0.285700 -0.247393 -0.509313 0.208645 -0.318944 -0.565669 0.311049 -0.379876 -0.577820 0.409704 -0.130654 -0.486915 0.300264 -0.174049 -0.586098 0.420281 -0.258182 -0.555198 0.523267 -0.065282 -0.387145 0.334246 -0.095671 -0.473660 0.455004 -0.189064 -0.401382 0.520744 -0.010887 -0.285892 0.346927 -0.029597 -0.348081 0.448287 -0.124539 -0.284402 0.459871 
0.000000 0.000000 0.000000 -0.035016 -0.009188 -0.065676 -0.120998 -0.418565 0.038121 -0.065108 -0.341066 0.124790 -0.025170 -0.264917 0.168023 0.010531 -0.192624 0.202870 -0.215227 -0.184580 0.120355 -0.327991 -0.294330 0.236761 -0.402104 -0.400000 0.322947 -0.239958 -0.510136 0.208072 -0.311855 -0.565479 0.310785 -0.372729 -0.579029 0.409294 -0.129631 -0.482512 0.304523 -0.173517 -0.578715 0.426767 -0.259098 -0.547672 0.528509 -0.068001 -0.382922 0.338181 -0.098713 -0.467540 0.460196 -0.194130 -0.396122 0.523938 -0.018649 -0.282120 0.350265 -0.038734 -0.343723 0.451719 -0.132804 -0.279087 0.464997 
0.000000 0.000000 0.000000 -0.034326 -0.010471 -0.065848 -0.117914 -0.418935 0.043361 -0.063469 -0.339672 0.129352 -0.024561 -0.262548 0.171789 0.010220 -0.189441 0.205861 -0.216026 -0.177406 0.126412 -0.329721 -0.281864 0.246717 -0.405529 -0.382133 0.337744 -0.230776 -0.522538 0.210539 -0.298986 -0.585153 0.311577 -0.357485 -0.607700 0.409876 -0.129163 -0.478389 0.310781 -0.173843 -0.572736 0.434178 -0.259244 -0.541124 0.535897 -0.066540 -0.376441 0.344936 -0.096641 -0.458109 0.469094 -0.192949 -0.387474 0.532367 -0.023955 -0.274722 0.354675 -0.047479 -0.333422 0.457106 -0.139045 -0.266784 0.476557 
0.000000 0.000000 0.000000 -0.032803 -0.012693 -0.066233 -0.111029 -0.419926 0.051236 -0.059784 -0.337609 0.136320 -0.023159 -0.258769 0.177619 0.009583 -0.184222 0.210574 -0.215423 -0.173997 0.129923 -0.329695 -0.274931 0.252664 -0.407571 -0.371465 0.345957 -0.210923 -0.533388 0.220256 -0.271296 -0.601962 0.322407 -0.324906 -0.631404 0.421665 -0.123424 -0.473945 0.320269 -0.166708 -0.566673 0.445379 -0.252448 -0.533752 0.546395 -0.062480 -0.368829 0.353841 -0.090676 -0.447749 0.480204 -0.188297 -0.378704 0.543219 -0.022895 -0.270272 0.359325 -0.045250 -0.329501 0.461714 -0.136787 -0.263075 0.482001 
0.000000 0.000000 0.000000 -0.034003 -0.013105 -0.065543 -0.107428 -0.420428 0.054680 -0.055048 -0.337528 0.138498 -0.018114 -0.258335 0.178833 0.014802 -0.183484 0.210916 -0.216314 -0.172986 0.132060 -0.330393 -0.273029 0.255707 -0.410200 -0.367815 0.349159 -0.190690 -0.539388 0.228852 -0.241011 -0.611284 0.334118 -0.286571 -0.643841 0.436380 -0.115439 -0.469189 0.326894 -0.156513 -0.558736 0.455029 -0.241469 -0.523384 0.555886 -0.056855 -0.366188 0.356542 -0.084635 -0.443525 0.483971 -0.181713 -0.374824 0.548189 -0.021586 -0.267723 0.359798 -0.046633 -0.325706 0.462278 -0.138885 -0.260604 0.483596 
0.000000 0.000000 0.000000 -0.037052 -0.012653 -0.063961 -0.106524 -0.420264 0.057627 -0.049982 -0.337978 0.139319 -0.010895 -0.259127 0.178272 0.023779 -0.184563 0.209146 -0.219290 -0.173157 0.133204 -0.333323 -0.273590 0.256577 -0.415009 -0.367440 0.349347 -0.175116 -0.536476 0.239864 -0.216570 -0.606712 0.350002 -0.254918 -0.636824 0.455907 -0.109111 -0.468902 0.328626 -0.149327 -0.557949 0.457381 -0.232413 -0.518879 0.558424 -0.043563 -0.367588 0.356829 -0.066989 -0.445362 0.484865 -0.161848 -0.376341 0.551993 -0.008698 -0.269391 0.358598 -0.031052 -0.327780 0.461468 -0.124845 -0.266134 0.486080 
0.000000 0.000000 0.000000 -0.041292 -0.011489 -0.061538 -0.114078 -0.417377 0.063817 -0.050350 -0.336851 0.141892 -0.006791 -0.259181 0.178397 0.031745 -0.185657 0.207111 -0.228315 -0.171657 0.131373 -0.345343 -0.271880 0.252084 -0.429079 -0.363691 0.345067 -0.175790 -0.532457 0.249204 -0.213087 -0.602008 0.361247 -0.248107 -0.629478 0.469007 -0.110766 -0.462994 0.334018 -0.151856 -0.548789 0.464691 -0.232916 -0.503720 0.564877 -0.037708 -0.366259 0.358097 -0.059877 -0.443041 0.486953 -0.150774 -0.371433 0.556797 0.000989 -0.268597 0.357979 -0.020182 -0.325686 0.461825 -0.112287 -0.262110 0.487860 
0.000000 0.000000 0.000000 -0.042400 -0.011505 -0.060777 -0.117985 -0.415436 0.069156 -0.052073 -0.335034 0.145527 -0.007021 -0.257590 0.180677 0.032837 -0.184298 0.208152 -0.235105 -0.167604 0.129864 -0.355687 -0.265281 0.249155 -0.444909 -0.353591 0.340411 -0.178354 -0.523336 0.259244 -0.214839 -0.588549 0.374127 -0.248666 -0.612456 0.483110 -0.113877 -0.451636 0.343160 -0.155912 -0.530942 0.477577 -0.236823 -0.480581 0.575335 -0.036954 -0.364762 0.360488 -0.058419 -0.441610 0.489423 -0.147536 -0.368302 0.559794 0.004528 -0.267227 0.359505 -0.014958 -0.324309 0.463684 -0.107086 -0.260161 0.488192 
0.000000 0.000000 0.000000 -0.042975 -0.011752 -0.060323 -0.120267 -0.413972 0.073848 -0.053178 -0.333351 0.148952 -0.007307 -0.255911 0.183036 0.033277 -0.182655 0.209525 -0.241533 -0.163938 0.127455 -0.365778 -0.259166 0.244954 -0.460713 -0.344852 0.332886 -0.181490 -0.518775 0.265389 -0.218491 -0.582115 0.381152 -0.252133 -0.604030 0.490610 -0.118399 -0.442595 0.349667 -0.162758 -0.516896 0.486181 -0.244287 -0.464468 0.582324 -0.038606 -0.362788 0.362790 -0.061049 -0.439425 0.491685 -0.149786 -0.364944 0.561302 0.004230 -0.264615 0.361266 -0.015764 -0.321030 0.465711 -0.108237 -0.256831 0.488737 
0.000000 0.000000 0.000000 -0.043929 -0.011547 -0.059672 -0.123348 -0.412464 0.077127 -0.054415 -0.332239 0.150975 -0.007302 -0.255136 0.184115 0.034378 -0.182192 0.209751 -0.245320 -0.164038 0.124812 -0.371337 -0.259457 0.240250 -0.469042 -0.344076 0.326160 -0.182546 -0.517251 0.269314 -0.218324 -0.580581 0.385465 -0.251951 -0.601577 0.495108 -0.120498 -0.436836 0.353872 -0.165443 -0.507977 0.491870 -0.247385 -0.454564 0.587116 -0.039452 -0.361910 0.363780 -0.062505 -0.438473 0.492611 -0.151456 -0.363578 0.561506 0.003414 -0.263235 0.361604 -0.017900 -0.319019 0.466128 -0.110535 -0.254822 0.488502 
0.000000 0.000000 0.000000 -0.043841 -0.012157 -0.059616 -0.124742 -0.411105 0.081989 -0.055721 -0.330173 0.154978 -0.008446 -0.252804 0.187256 0.033400 -0.179671 0.212070 -0.251245 -0.160596 0.121479 -0.381026 -0.253479 0.234796 -0.481442 -0.334531 0.321018 -0.183634 -0.515174 0.274658 -0.219226 -0.578070 0.391103 -0.252925 -0.598317 0.500864 -0.121726 -0.433016 0.358794 -0.166619 -0.502964 0.497418 -0.248845 -0.450073 0.592710 -0.040726 -0.358397 0.367595 -0.063872 -0.434113 0.496909 -0.152862 -0.358572 0.565044 0.002835 -0.257829 0.365509 -0.018203 -0.311627 0.471124 -0.111030 -0.247291 0.492268 
0.000000 0.000000 0.000000 -0.044756 -0.012367 -0.058888 -0.129536 -0.408065 0.089409 -0.058457 -0.327110 0.160371 -0.009684 -0.249982 0.190949 0.033507 -0.177115 0.214193 -0.256440 -0.156614 0.120636 -0.388898 -0.246875 0.232971 -0.489780 -0.322845 0.323182 -0.188964 -0.510769 0.282645 -0.224880 -0.572841 0.399432 -0.258840 -0.592334 0.509250 -0.125695 -0.426318 0.365582 -0.171426 -0.493793 0.505154 -0.253643 -0.440829 0.600414 -0.043231 -0.355443 0.371133 -0.067286 -0.431066 0.500336 -0.156143 -0.355002 0.568061 0.001436 -0.256179 0.366858 -0.020640 -0.310601 0.471940 -0.113438 -0.246043 0.492525 
0.000000 0.000000 0.000000 -0.044822 -0.013460 -0.058598 -0.131471 -0.405351 0.098471 -0.059997 -0.323178 0.167612 -0.010852 -0.245621 0.196465 0.032690 -0.172463 0.218081 -0.258960 -0.149850 0.124129 -0.392954 -0.235193 0.238468 -0.485438 -0.301980 0.343696 -0.192451 -0.501428 0.294611 -0.229305 -0.559494 0.413152 -0.263104 -0.577116 0.523335 -0.127903 -0.417009 0.375118 -0.174089 -0.480828 0.516252 -0.256617 -0.428243 0.611454 -0.043871 -0.346048 0.379599 -0.067547 -0.418060 0.510917 -0.155754 -0.340825 0.578166 0.001840 -0.245910 0.373773 -0.019394 -0.296465 0.480939 -0.112300 -0.231680 0.500291 
0.000000 0.000000 0.000000 -0.046022 -0.014513 -0.057404 -0.133901 -0.401136 0.111582 -0.060320 -0.317952 0.177215 -0.009846 -0.240204 0.203104 0.034848 -0.166981 0.221978 -0.259734 -0.143727 0.130949 -0.393462 -0.224581 0.248809 -0.468086 -0.276923 0.374421 -0.189853 -0.494603 0.310463 -0.223669 -0.551092 0.430660 -0.256543 -0.565896 0.541536 -0.129777 -0.408245 0.385776 -0.177017 -0.469656 0.527626 -0.260318 -0.417477 0.622377 -0.044354 -0.337631 0.387579 -0.069100 -0.407492 0.519858 -0.157200 -0.329336 0.586176 0.007656 -0.238620 0.379187 -0.011060 -0.287931 0.487397 -0.103958 -0.222866 0.505823 
0.000000 0.000000 0.000000 -0.047054 -0.015478 -0.056305 -0.136684 -0.396483 0.124133 -0.061179 -0.312467 0.186437 -0.009443 -0.234659 0.209504 0.036354 -0.161492 0.225765 -0.253999 -0.135630 0.145148 -0.383491 -0.210814 0.271205 -0.447086 -0.255362 0.405585 -0.192172 -0.480864 0.327163 -0.225708 -0.531861 0.449869 -0.260562 -0.540433 0.560796 -0.133477 -0.391233 0.398671 -0.182651 -0.444804 0.543020 -0.268284 -0.385912 0.631552 -0.044766 -0.327838 0.396008 -0.070094 -0.394653 0.529743 -0.158999 -0.314748 0.592823 0.010421 -0.224953 0.386658 -0.007430 -0.268635 0.497403 -0.099914 -0.202498 0.514005 
0.000000 0.000000 0.000000 -0.048711 -0.015685 -0.054819 -0.141830 -0.390723 0.136051 -0.063118 -0.307007 0.194680 -0.009240 -0.229836 0.214793 0.038443 -0.157324 0.228347 -0.250437 -0.130126 0.155076 -0.376665 -0.201735 0.286414 -0.442627 -0.243781 0.420459 -0.198962 -0.473004 0.339486 -0.233491 -0.522731 0.462437 -0.271333 -0.526923 0.572635 -0.138103 -0.381598 0.407489 -0.189102 -0.432330 0.552230 -0.276000 -0.369087 0.636422 -0.046250 -0.320898 0.402014 -0.072788 -0.386194 0.536264 -0.163345 -0.303827 0.593563 0.014240 -0.215620 0.391448 -0.002419 -0.255747 0.503714 -0.094852 -0.188750 0.516779 
0.000000 0.000000 0.000000 -0.048081 -0.016696 -0.055076 -0.141077 -0.389608 0.139976 -0.063397 -0.304671 0.198226 -0.010134 -0.226940 0.217812 0.037023 -0.153990 0.230841 -0.248970 -0.123127 0.159779 -0.374673 -0.189725 0.294221 -0.446144 -0.229182 0.426213 -0.200200 -0.470080 0.343566 -0.235932 -0.518715 0.466610 -0.277156 -0.519783 0.575663 -0.142688 -0.378893 0.409599 -0.196617 -0.429374 0.553362 -0.285784 -0.361038 0.630943 -0.048836 -0.313264 0.406925 -0.076588 -0.375164 0.542532 -0.171689 -0.292759 0.591859 0.013282 -0.207909 0.395508 -0.003060 -0.245023 0.508852 -0.096452 -0.178610 0.517236 
0.000000 0.000000 0.000000 -0.047180 -0.017295 -0.055667 -0.139203 -0.390589 0.139115 -0.063124 -0.304764 0.198170 -0.010873 -0.226476 0.218258 0.035407 -0.153045 0.231721 -0.245578 -0.118292 0.164069 -0.369723 -0.181489 0.301566 -0.446314 -0.217886 0.431550 -0.199303 -0.466969 0.343992 -0.235625 -0.513131 0.467813 -0.281766 -0.508308 0.574775 -0.142693 -0.376259 0.410377 -0.196811 -0.424885 0.554707 -0.290706 -0.348719 0.618125 -0.051997 -0.310243 0.408009 -0.081486 -0.370309 0.544073 -0.179641 -0.286459 0.584107 0.011453 -0.202153 0.397856 -0.005035 -0.235956 0.512210 -0.099055 -0.170053 0.516723 
0.000000 0.000000 0.000000 -0.044474 -0.018309 -0.057539 -0.130128 -0.396841 0.129902 -0.059364 -0.309067 0.192589 -0.010710 -0.229218 0.215384 0.032396 -0.154357 0.231291 -0.246452 -0.114179 0.161232 -0.372837 -0.174168 0.298124 -0.457169 -0.205553 0.424574 -0.184987 -0.480942 0.333218 -0.218142 -0.531769 0.456098 -0.276897 -0.520513 0.556169 -0.119719 -0.405324 0.401314 -0.192755 -0.437671 0.541828 -0.296968 -0.353807 0.569138 -0.054795 -0.308686 0.406317 -0.086408 -0.365669 0.543227 -0.189850 -0.280597 0.561409 0.004919 -0.197489 0.398536 -0.013994 -0.227178 0.513654 -0.110540 -0.164897 0.511899 
0.000000 0.000000 0.000000 -0.043613 -0.018920 -0.057999 -0.127041 -0.398068 0.129200 -0.057992 -0.309379 0.192507 -0.010511 -0.228938 0.215692 0.031556 -0.153561 0.231936 -0.246396 -0.113872 0.160426 -0.373285 -0.173286 0.297102 -0.459962 -0.202418 0.422503 -0.181146 -0.491583 0.328568 -0.213846 -0.548102 0.449060 -0.282653 -0.532644 0.541903 -0.110530 -0.417141 0.397693 -0.192889 -0.448307 0.533231 -0.299933 -0.363891 0.540623 -0.056562 -0.308745 0.406018 -0.089583 -0.365972 0.542493 -0.194605 -0.281178 0.549443 0.001166 -0.194113 0.399323 -0.019752 -0.222026 0.514538 -0.116380 -0.160288 0.507152 
0.000000 0.000000 0.000000 -0.041745 -0.020677 -0.058768 -0.123792 -0.397847 0.132980 -0.057921 -0.306895 0.196463 -0.012409 -0.225262 0.219430 0.027958 -0.148904 0.235408 -0.245195 -0.108241 0.162109 -0.372501 -0.163033 0.300320 -0.461132 -0.188304 0.425191 -0.177483 -0.497690 0.329369 -0.209932 -0.558033 0.448061 -0.286565 -0.538469 0.533722 -0.107875 -0.413159 0.403072 -0.194706 -0.440409 0.536647 -0.300517 -0.354493 0.528782 -0.061917 -0.298653 0.411462 -0.097417 -0.351279 0.549161 -0.202783 -0.266636 0.547952 -0.008805 -0.187327 0.402017 -0.034109 -0.213774 0.516697 -0.129581 -0.151379 0.502729 
0.000000 0.000000 0.000000 -0.040960 -0.021229 -0.059123 -0.123053 -0.397822 0.133738 -0.058417 -0.306157 0.197465 -0.013629 -0.224144 0.220499 0.026125 -0.147474 0.236517 -0.243479 -0.104113 0.164400 -0.370203 -0.155976 0.304266 -0.460642 -0.178053 0.428444 -0.177508 -0.498308 0.329588 -0.210419 -0.559039 0.447955 -0.292664 -0.534025 0.526716 -0.104809 -0.418331 0.401767 -0.200888 -0.440972 0.529754 -0.302437 -0.352608 0.506969 -0.071684 -0.289693 0.412974 -0.113313 -0.336696 0.550991 -0.218568 -0.252811 0.538630 -0.018863 -0.175664 0.403153 -0.049829 -0.195068 0.517852 -0.143660 -0.133741 0.492594 
0.000000 0.000000 0.000000 -0.037903 -0.022741 -0.060581 -0.114799 -0.401380 0.130406 -0.055782 -0.307437 0.196235 -0.014685 -0.223911 0.220669 0.021834 -0.145910 0.237917 -0.238877 -0.106260 0.164097 -0.364634 -0.158520 0.304686 -0.454253 -0.179772 0.429600 -0.176344 -0.496749 0.326715 -0.213541 -0.554388 0.445358 -0.299372 -0.524090 0.518216 -0.093969 -0.422927 0.400387 -0.196783 -0.441667 0.523686 -0.295360 -0.354191 0.488050 -0.075693 -0.276677 0.416136 -0.119439 -0.314514 0.556298 -0.225010 -0.233097 0.534072 -0.032488 -0.162522 0.403324 -0.069879 -0.173957 0.517177 -0.160615 -0.113940 0.480191 
0.000000 0.000000 0.000000 -0.034842 -0.024429 -0.061751 -0.107040 -0.403726 0.129761 -0.053540 -0.307423 0.196880 -0.016039 -0.222439 0.222059 0.017337 -0.143182 0.239937 -0.234814 -0.104292 0.165139 -0.359943 -0.154265 0.307113 -0.448161 -0.173926 0.433279 -0.174576 -0.489575 0.328479 -0.215393 -0.541460 0.448579 -0.303008 -0.505434 0.516543 -0.087183 -0.422060 0.402309 -0.192779 -0.438599 0.523554 -0.289257 -0.352439 0.479874 -0.086749 -0.261296 0.417517 -0.137452 -0.289158 0.557672 -0.241713 -0.209002 0.526482 -0.046937 -0.149255 0.402473 -0.091179 -0.153435 0.514350 -0.176597 -0.094511 0.465007 
0.000000 0.000000 0.000000 -0.032835 -0.025529 -0.062402 -0.101488 -0.405160 0.129753 -0.051661 -0.307343 0.197506 -0.016585 -0.221429 0.223026 0.014664 -0.141372 0.241185 -0.233726 -0.102538 0.164664 -0.359430 -0.150725 0.306746 -0.447856 -0.167597 0.433171 -0.177043 -0.486610 0.327434 -0.222706 -0.535836 0.446907 -0.312897 -0.496839 0.509661 -0.089197 -0.419971 0.403371 -0.199227 -0.435248 0.520779 -0.292005 -0.349969 0.468253 -0.081266 -0.261427 0.420333 -0.165158 -0.260024 0.546630 -0.263598 -0.179009 0.501753 -0.061466 -0.138674 0.398612 -0.113867 -0.136817 0.506972 -0.189612 -0.078593 0.443130 
0.000000 0.000000 0.000000 -0.029976 -0.025671 -0.063768 -0.091091 -0.410435 0.120566 -0.046855 -0.312021 0.191271 -0.015632 -0.225351 0.219132 0.012200 -0.144551 0.239431 -0.231142 -0.106085 0.161869 -0.357019 -0.156403 0.303058 -0.448263 -0.169938 0.427871 -0.175170 -0.489670 0.315688 -0.225985 -0.537558 0.433614 -0.319726 -0.495102 0.488417 -0.082606 -0.426226 0.396585 -0.205847 -0.432476 0.500975 -0.293209 -0.348774 0.437720 -0.074213 -0.273105 0.416620 -0.181373 -0.253739 0.522131 -0.272601 -0.174502 0.461575 -0.079399 -0.138954 0.388309 -0.142448 -0.135101 0.490784 -0.201748 -0.076785 0.411500 
0.000000 0.000000 0.000000 -0.025298 -0.025524 -0.065821 -0.072141 -0.418354 0.105194 -0.037294 -0.319612 0.180540 -0.012667 -0.232110 0.212157 0.009293 -0.150446 0.235904 -0.230946 -0.115233 0.152140 -0.359627 -0.171368 0.288527 -0.451887 -0.186767 0.412373 -0.165596 -0.497055 0.296224 -0.222078 -0.544620 0.411677 -0.318689 -0.500868 0.460105 -0.080022 -0.435085 0.383800 -0.211113 -0.441258 0.478148 -0.294854 -0.359400 0.407962 -0.070496 -0.281870 0.409371 -0.185435 -0.257220 0.505143 -0.273373 -0.179724 0.437842 -0.090152 -0.146431 0.379713 -0.158601 -0.143668 0.478700 -0.209518 -0.086042 0.393319 
0.000000 0.000000 0.000000 -0.024257 -0.022286 -0.067371 -0.056475 -0.426521 0.078616 -0.025436 -0.331450 0.160098 -0.004144 -0.245236 0.197201 0.014710 -0.164452 0.226076 -0.227731 -0.131541 0.143599 -0.355052 -0.199906 0.275609 -0.443917 -0.222061 0.400905 -0.164698 -0.508536 0.260224 -0.230105 -0.558103 0.369984 -0.328843 -0.511465 0.410833 -0.069013 -0.458632 0.356058 -0.210011 -0.465835 0.434750 -0.289641 -0.383478 0.360482 -0.066120 -0.312172 0.387968 -0.185149 -0.297876 0.480805 -0.270645 -0.217659 0.413547 -0.083843 -0.165911 0.370546 -0.151679 -0.166915 0.469987 -0.202064 -0.110334 0.383598 
0.000000 0.000000 0.000000 -0.023967 -0.017885 -0.068772 -0.040729 -0.433063 0.045693 -0.012454 -0.343500 0.134126 0.006054 -0.259694 0.177676 0.022254 -0.180750 0.212615 -0.221773 -0.149744 0.134531 -0.345547 -0.232253 0.261745 -0.418727 -0.262391 0.395249 -0.160738 -0.522121 0.216241 -0.233268 -0.575945 0.319315 -0.332134 -0.522849 0.350929 -0.056699 -0.486298 0.318857 -0.204377 -0.492052 0.384298 -0.277407 -0.403794 0.310025 -0.047251 -0.353866 0.359346 -0.154935 -0.371606 0.464608 -0.249545 -0.291123 0.411320 -0.054776 -0.215001 0.365845 -0.107798 -0.238576 0.471317 -0.180165 -0.184881 0.400022 
0.000000 0.000000 0.000000 -0.023121 -0.013433 -0.070063 -0.029102 -0.436186 0.013608 -0.003733 -0.352619 0.108552 0.012255 -0.271762 0.158244 0.026114 -0.195185 0.198977 -0.211271 -0.168445 0.125940 -0.329003 -0.265441 0.248586 -0.379826 -0.307143 0.389174 -0.149890 -0.541325 0.174157 -0.234632 -0.589363 0.270558 -0.327596 -0.527441 0.303974 -0.043791 -0.518174 0.274266 -0.191749 -0.519370 0.339316 -0.258050 -0.417684 0.276839 -0.054395 -0.376223 0.329590 -0.102187 -0.451128 0.452456 -0.221136 -0.389173 0.435700 -0.021483 -0.250158 0.358033 -0.054245 -0.287998 0.467514 -0.161702 -0.255338 0.443235 
0.000000 0.000000 0.000000 -0.022872 -0.008101 -0.070959 -0.029603 -0.435937 -0.019312 -0.004506 -0.359773 0.081735 0.011379 -0.282900 0.137421 0.025162 -0.209618 0.183843 -0.201431 -0.179361 0.120438 -0.313162 -0.286525 0.240202 -0.344725 -0.336011 0.383874 -0.164551 -0.538848 0.131082 -0.246110 -0.601046 0.221976 -0.331333 -0.536917 0.269069 -0.030387 -0.546132 0.226907 -0.175137 -0.555138 0.298258 -0.244445 -0.447050 0.251859 -0.048614 -0.399039 0.303632 -0.091633 -0.482319 0.422816 -0.219814 -0.455933 0.456600 -0.018457 -0.265197 0.343826 -0.048482 -0.303454 0.453946 -0.160469 -0.292101 0.477036 
0.000000 0.000000 0.000000 -0.023511 -0.004258 -0.071084 -0.039634 -0.433783 -0.039390 -0.012154 -0.363011 0.064906 0.005838 -0.289202 0.123993 0.021588 -0.218499 0.173675 -0.201590 -0.184989 0.111865 -0.313020 -0.298079 0.226342 -0.329728 -0.355479 0.369565 -0.179039 -0.548598 0.097738 -0.263291 -0.617989 0.180614 -0.337923 -0.553554 0.242835 -0.047561 -0.559935 0.193130 -0.176140 -0.603882 0.280657 -0.264495 -0.500873 0.265758 -0.056932 -0.406646 0.288250 -0.101942 -0.490861 0.406033 -0.217062 -0.499919 0.476271 -0.023248 -0.267713 0.335398 -0.054109 -0.301587 0.446714 -0.155222 -0.298794 0.501226 
0.000000 0.000000 0.000000 -0.024919 -0.002017 -0.070703 -0.054880 -0.431329 -0.047262 -0.023164 -0.363661 0.057888 -0.001643 -0.291718 0.118086 0.017364 -0.222611 0.168861 -0.204575 -0.187901 0.105413 -0.316992 -0.304215 0.215615 -0.326784 -0.366759 0.357317 -0.197362 -0.557382 0.076147 -0.283474 -0.633565 0.150732 -0.347302 -0.571538 0.226043 -0.090036 -0.555063 0.181856 -0.189205 -0.641741 0.275541 -0.298749 -0.563908 0.299658 -0.070177 -0.405806 0.282404 -0.119320 -0.487615 0.400231 -0.221559 -0.511741 0.485278 -0.031902 -0.270106 0.329806 -0.065813 -0.302798 0.440588 -0.159181 -0.295039 0.507110 
0.000000 0.000000 0.000000 -0.036439 0.002970 -0.065477 -0.093344 -0.424054 -0.052489 -0.039682 -0.363663 0.048083 -0.003228 -0.296217 0.106262 0.028976 -0.230987 0.155488 -0.218932 -0.185061 0.105364 -0.333125 -0.302718 0.212266 -0.329487 -0.367792 0.353118 -0.231490 -0.567979 0.055315 -0.319735 -0.637070 0.134191 -0.371413 -0.581289 0.222571 -0.110296 -0.556370 0.167883 -0.197385 -0.655385 0.261351 -0.312198 -0.602247 0.312670 -0.088042 -0.397526 0.271357 -0.148860 -0.470171 0.389741 -0.254281 -0.473145 0.474272 -0.035873 -0.258498 0.315564 -0.080509 -0.277434 0.425747 -0.171245 -0.244024 0.487827 
0.000000 0.000000 0.000000 -0.040914 0.005855 -0.062575 -0.114044 -0.418799 -0.053774 -0.050861 -0.362815 0.043772 -0.007597 -0.298163 0.100437 0.030697 -0.235358 0.148443 -0.231280 -0.177377 0.104856 -0.350399 -0.292031 0.209624 -0.328618 -0.357567 0.348611 -0.248273 -0.575629 0.040072 -0.336704 -0.630152 0.129455 -0.382618 -0.576433 0.222187 -0.135654 -0.546887 0.167877 -0.223154 -0.643350 0.263601 -0.333567 -0.590377 0.323951 -0.103213 -0.378961 0.270856 -0.171776 -0.436899 0.393058 -0.279500 -0.407408 0.469175 -0.035827 -0.247683 0.309716 -0.081616 -0.256167 0.420723 -0.170053 -0.206352 0.474580 
0.000000 0.000000 0.000000 -0.042675 0.006708 -0.061300 -0.124374 -0.416321 -0.049979 -0.057083 -0.361668 0.045552 -0.010763 -0.297934 0.100826 0.030286 -0.235943 0.147596 -0.248695 -0.165050 0.099639 -0.377609 -0.272525 0.200344 -0.335172 -0.331203 0.337613 -0.258145 -0.568754 0.051459 -0.345516 -0.622470 0.142360 -0.390871 -0.567028 0.234350 -0.141004 -0.543164 0.173969 -0.233887 -0.627426 0.275936 -0.340494 -0.571643 0.340453 -0.109850 -0.372199 0.272232 -0.180901 -0.425452 0.395141 -0.285412 -0.378024 0.466529 -0.041108 -0.239648 0.307207 -0.090249 -0.242197 0.417070 -0.177621 -0.182981 0.462488 
0.000000 0.000000 0.000000 -0.042789 0.005644 -0.061328 -0.130590 -0.415673 -0.038106 -0.062174 -0.359405 0.055673 -0.014738 -0.294860 0.109025 0.027372 -0.232215 0.153942 -0.258721 -0.155302 0.097783 -0.393837 -0.256011 0.197344 -0.339482 -0.306125 0.333802 -0.265518 -0.562412 0.069980 -0.354131 -0.611129 0.162481 -0.401572 -0.551484 0.250713 -0.155712 -0.533461 0.187695 -0.247486 -0.619352 0.289306 -0.352284 -0.559924 0.353531 -0.117073 -0.365840 0.279914 -0.190454 -0.416737 0.402452 -0.291876 -0.355161 0.467182 -0.049456 -0.228108 0.310999 -0.102338 -0.225281 0.419104 -0.190642 -0.158035 0.448829 
0.000000 0.000000 0.000000 -0.045390 0.005849 -0.059409 -0.143220 -0.412491 -0.025093 -0.069103 -0.356651 0.064517 -0.017570 -0.292598 0.114560 0.028208 -0.230431 0.156452 -0.265686 -0.148506 0.100248 -0.403533 -0.245092 0.200151 -0.337368 -0.287735 0.333907 -0.277937 -0.554827 0.088976 -0.367024 -0.598507 0.183515 -0.415652 -0.534877 0.268248 -0.169451 -0.524068 0.200076 -0.260206 -0.610360 0.302261 -0.362556 -0.547697 0.367354 -0.118720 -0.366846 0.284764 -0.191251 -0.420086 0.406812 -0.286756 -0.346960 0.468450 -0.050244 -0.224950 0.312662 -0.104244 -0.221177 0.420184 -0.191990 -0.148451 0.434834 
0.000000 0.000000 0.000000 -0.049371 0.007855 -0.055899 -0.157349 -0.407680 -0.018122 -0.075246 -0.355071 0.066334 -0.018267 -0.293146 0.113040 0.032325 -0.232844 0.152019 -0.274136 -0.144239 0.099645 -0.414780 -0.239410 0.196974 -0.337740 -0.274390 0.327082 -0.287600 -0.557771 0.091091 -0.377355 -0.589024 0.189830 -0.428203 -0.524465 0.272532 -0.172386 -0.526998 0.198543 -0.266962 -0.606734 0.302572 -0.366617 -0.542744 0.370495 -0.119679 -0.373900 0.280097 -0.192398 -0.431805 0.399887 -0.283979 -0.355932 0.464107 -0.046234 -0.231694 0.308267 -0.100308 -0.230903 0.415816 -0.186545 -0.155095 0.420227 
0.000000 0.000000 0.000000 -0.051189 0.009298 -0.054010 -0.166158 -0.404282 -0.015415 -0.080003 -0.354018 0.066391 -0.020126 -0.293631 0.111455 0.033057 -0.234674 0.149018 -0.277064 -0.143751 0.098970 -0.418402 -0.239519 0.194695 -0.335928 -0.271424 0.322237 -0.294898 -0.551638 0.099182 -0.384902 -0.583383 0.197536 -0.439815 -0.520177 0.278670 -0.178656 -0.525639 0.197877 -0.271886 -0.608122 0.300975 -0.370926 -0.544823 0.370427 -0.117957 -0.379583 0.278054 -0.188108 -0.441216 0.397515 -0.278183 -0.364879 0.463296 -0.045208 -0.240562 0.305306 -0.099080 -0.244614 0.412883 -0.183725 -0.166913 0.411950 
0.000000 0.000000 0.000000 -0.051052 0.009304 -0.054139 -0.169613 -0.402950 -0.012356 -0.083113 -0.352774 0.069139 -0.022765 -0.292543 0.113783 0.030885 -0.233746 0.150930 -0.276159 -0.141056 0.102592 -0.417017 -0.235142 0.200665 -0.330302 -0.264457 0.325997 -0.297640 -0.550096 0.103304 -0.388003 -0.581082 0.201571 -0.444187 -0.517547 0.281571 -0.186995 -0.517880 0.204870 -0.279697 -0.600262 0.308523 -0.377947 -0.535099 0.377371 -0.120016 -0.380880 0.279471 -0.189750 -0.444222 0.398281 -0.279720 -0.367422 0.463666 -0.047320 -0.243906 0.307030 -0.101150 -0.250899 0.414476 -0.184275 -0.171597 0.412370 
0.000000 0.000000 0.000000 -0.051703 0.009537 -0.053476 -0.173502 -0.401399 -0.008163 -0.085426 -0.351667 0.071905 -0.023913 -0.291802 0.115438 0.030786 -0.233343 0.151573 -0.275053 -0.142434 0.104214 -0.414811 -0.237527 0.202886 -0.325199 -0.264731 0.326646 -0.298902 -0.547723 0.111353 -0.388405 -0.579320 0.210211 -0.445707 -0.515458 0.289149 -0.191021 -0.512815 0.211028 -0.286719 -0.587496 0.317748 -0.383101 -0.519328 0.386326 -0.120927 -0.380010 0.281334 -0.190491 -0.443259 0.400292 -0.279295 -0.365431 0.466054 -0.050300 -0.245156 0.306077 -0.106114 -0.253288 0.412426 -0.187862 -0.172641 0.408385 
0.000000 0.000000 0.000000 -0.050830 0.009047 -0.054391 -0.171573 -0.402206 -0.009133 -0.085089 -0.351694 0.072171 -0.024587 -0.291345 0.116446 0.029234 -0.232468 0.153216 -0.273635 -0.142011 0.104937 -0.413053 -0.236533 0.204634 -0.323660 -0.263501 0.328604 -0.291995 -0.550420 0.113143 -0.380255 -0.578324 0.214205 -0.438853 -0.515294 0.292861 -0.185934 -0.515507 0.211706 -0.283869 -0.582672 0.321352 -0.379657 -0.514757 0.391006 -0.120732 -0.378484 0.283409 -0.189674 -0.440968 0.403132 -0.278210 -0.363244 0.469375 -0.048274 -0.243415 0.309609 -0.101625 -0.250951 0.417258 -0.183410 -0.170370 0.412670 
0.000000 0.000000 0.000000 -0.049914 0.008761 -0.055278 -0.169780 -0.402906 -0.011476 -0.084921 -0.351925 0.071236 -0.025438 -0.291267 0.116459 0.027501 -0.232118 0.154065 -0.270824 -0.144028 0.105036 -0.409055 -0.239634 0.205351 -0.320119 -0.267649 0.329417 -0.289594 -0.549746 0.113033 -0.377046 -0.583071 0.213152 -0.436516 -0.520913 0.291847 -0.185273 -0.516292 0.210475 -0.282307 -0.584667 0.320173 -0.377618 -0.517113 0.390825 -0.119898 -0.379753 0.283676 -0.187632 -0.443203 0.403580 -0.275586 -0.365687 0.470836 -0.047986 -0.243185 0.311435 -0.099945 -0.250802 0.419756 -0.181884 -0.170384 0.415036 
0.000000 0.000000 0.000000 -0.049961 0.008875 -0.055218 -0.170608 -0.402559 -0.011370 -0.085550 -0.351769 0.071254 -0.025892 -0.291242 0.116422 0.027211 -0.232209 0.153979 -0.270054 -0.144193 0.105951 -0.407774 -0.239973 0.206800 -0.319531 -0.269277 0.331063 -0.288278 -0.551934 0.112166 -0.374995 -0.585516 0.212836 -0.434316 -0.524213 0.292310 -0.181732 -0.520186 0.208583 -0.282027 -0.580041 0.320310 -0.376385 -0.511771 0.391550 -0.118233 -0.381271 0.283997 -0.184448 -0.445828 0.404159 -0.271851 -0.368704 0.472575 -0.047868 -0.246551 0.311280 -0.099546 -0.256422 0.419554 -0.181272 -0.175774 0.415091 
0.000000 0.000000 0.000000 -0.049169 0.008528 -0.055979 -0.169998 -0.402808 -0.011707 -0.086194 -0.351487 0.071867 -0.027257 -0.290656 0.117570 0.025235 -0.231366 0.155577 -0.267956 -0.142670 0.108696 -0.404858 -0.237279 0.211739 -0.317407 -0.267865 0.336252 -0.292972 -0.543440 0.116823 -0.378910 -0.586842 0.214358 -0.438161 -0.526144 0.294347 -0.184505 -0.516249 0.212091 -0.281815 -0.580628 0.323942 -0.375395 -0.512021 0.395881 -0.118525 -0.381320 0.285390 -0.183970 -0.446332 0.405728 -0.271015 -0.369757 0.475208 -0.048567 -0.247062 0.313352 -0.099367 -0.257866 0.421952 -0.181277 -0.177404 0.417497 
0.000000 0.000000 0.000000 -0.048330 0.008128 -0.056763 -0.169982 -0.402828 -0.011239 -0.087404 -0.350915 0.073186 -0.029125 -0.289766 0.119305 0.022824 -0.230213 0.157646 -0.266454 -0.142025 0.109735 -0.402943 -0.235981 0.213920 -0.317023 -0.267759 0.339199 -0.296915 -0.531809 0.125407 -0.379800 -0.588789 0.218495 -0.438773 -0.528529 0.299018 -0.193946 -0.506522 0.217788 -0.286537 -0.580902 0.327420 -0.379487 -0.511642 0.399550 -0.119004 -0.382226 0.286896 -0.183453 -0.448524 0.407069 -0.270153 -0.372504 0.477583 -0.049440 -0.247872 0.315925 -0.099181 -0.260028 0.424871 -0.181473 -0.179937 0.420770 
0.000000 0.000000 0.000000 -0.049234 0.008445 -0.055934 -0.173660 -0.401343 -0.007471 -0.089181 -0.349997 0.075404 -0.029579 -0.289274 0.120382 0.023545 -0.230106 0.157695 -0.265493 -0.141656 0.113028 -0.400813 -0.235579 0.218754 -0.315213 -0.267725 0.344158 -0.294867 -0.541180 0.123582 -0.379618 -0.582611 0.222995 -0.437978 -0.522057 0.303744 -0.193737 -0.506427 0.220567 -0.287814 -0.575790 0.332204 -0.379862 -0.505795 0.404780 -0.120595 -0.380141 0.288230 -0.185859 -0.445299 0.408588 -0.272128 -0.368840 0.479155 -0.050018 -0.248030 0.315345 -0.100653 -0.260367 0.423858 -0.182810 -0.180145 0.419633 
0.000000 0.000000 0.000000 -0.050245 0.008818 -0.054969 -0.177735 -0.399613 -0.003132 -0.091129 -0.348938 0.077941 -0.030052 -0.288717 0.121596 0.024383 -0.230004 0.157718 -0.266312 -0.142040 0.113564 -0.401513 -0.236436 0.219021 -0.317105 -0.269680 0.344946 -0.298104 -0.542343 0.125553 -0.383098 -0.581676 0.225607 -0.440955 -0.521182 0.306763 -0.193403 -0.508666 0.221125 -0.290146 -0.571830 0.334154 -0.381248 -0.501376 0.407474 -0.121672 -0.380412 0.288663 -0.187370 -0.446162 0.408461 -0.272957 -0.369478 0.479611 -0.049609 -0.250753 0.314820 -0.100539 -0.265035 0.422956 -0.182451 -0.184518 0.419706 
0.000000 0.000000 0.000000 -0.049452 0.008413 -0.055746 -0.177262 -0.399823 -0.003171 -0.091892 -0.348539 0.078826 -0.031516 -0.287975 0.122978 0.022329 -0.228973 0.159512 -0.263924 -0.141679 0.115486 -0.398127 -0.235597 0.222632 -0.314404 -0.270206 0.348646 -0.301056 -0.534406 0.130928 -0.384550 -0.583851 0.227706 -0.442328 -0.523662 0.309144 -0.196160 -0.506496 0.222535 -0.291669 -0.572636 0.334910 -0.382342 -0.502402 0.408971 -0.121117 -0.381016 0.290395 -0.185367 -0.447732 0.410444 -0.270373 -0.371255 0.482508 -0.047750 -0.250103 0.318347 -0.095987 -0.264647 0.427677 -0.177814 -0.184010 0.425419 
0.000000 0.000000 0.000000 -0.050391 0.008888 -0.054823 -0.179114 -0.399005 -0.001816 -0.092074 -0.348478 0.078883 -0.030650 -0.288387 0.122229 0.024102 -0.229794 0.158067 -0.262453 -0.142813 0.117986 -0.395147 -0.237738 0.226119 -0.311397 -0.273960 0.351660 -0.301534 -0.538036 0.128965 -0.385490 -0.585215 0.226473 -0.443272 -0.525823 0.308491 -0.196147 -0.507758 0.221268 -0.292134 -0.573737 0.333329 -0.382801 -0.503840 0.407715 -0.119468 -0.382815 0.289287 -0.183155 -0.450525 0.409079 -0.268064 -0.374673 0.481914 -0.046825 -0.254197 0.316054 -0.095645 -0.270994 0.424801 -0.176802 -0.189681 0.422578 
0.000000 0.000000 0.000000 -0.050400 0.008912 -0.054811 -0.179573 -0.398800 -0.001510 -0.092447 -0.348324 0.079129 -0.030939 -0.288276 0.122416 0.023892 -0.229724 0.158199 -0.261704 -0.142954 0.118779 -0.393925 -0.237983 0.227399 -0.310371 -0.275603 0.352660 -0.302276 -0.536889 0.130002 -0.385885 -0.585752 0.226977 -0.443682 -0.526584 0.309146 -0.196389 -0.507713 0.221485 -0.292602 -0.573036 0.333738 -0.383201 -0.503193 0.408256 -0.119119 -0.383883 0.289142 -0.182349 -0.452440 0.408694 -0.266925 -0.376760 0.482093 -0.047059 -0.259474 0.315257 -0.095897 -0.279951 0.423362 -0.175750 -0.197365 0.420883 
0.000000 0.000000 0.000000 -0.050400 0.008878 -0.054817 -0.180173 -0.398532 -0.000666 -0.092952 -0.348025 0.079851 -0.031344 -0.287982 0.123003 0.023584 -0.229441 0.158656 -0.260976 -0.142234 0.120308 -0.392741 -0.236791 0.229890 -0.309364 -0.275256 0.355012 -0.302417 -0.536635 0.131258 -0.385982 -0.584176 0.228925 -0.443741 -0.525023 0.311131 -0.195346 -0.508806 0.221763 -0.292314 -0.571590 0.334812 -0.382711 -0.501752 0.409581 -0.119011 -0.383760 0.289901 -0.181873 -0.452439 0.409578 -0.266263 -0.376665 0.483095 -0.046902 -0.258240 0.316100 -0.095418 -0.278063 0.424472 -0.174752 -0.195016 0.420945 
0.000000 0.000000 0.000000 -0.050402 0.008936 -0.054806 -0.180311 -0.398469 -0.000942 -0.093065 -0.348051 0.079604 -0.031433 -0.288062 0.122794 0.023519 -0.229566 0.158485 -0.260220 -0.142617 0.120848 -0.391511 -0.237449 0.230760 -0.308067 -0.276520 0.355650 -0.303617 -0.535032 0.131596 -0.387135 -0.584154 0.228518 -0.444909 -0.525226 0.310875 -0.196325 -0.507808 0.222044 -0.293112 -0.570732 0.335171 -0.383229 -0.500989 0.410365 -0.118962 -0.384983 0.289104 -0.181725 -0.454481 0.408358 -0.265945 -0.378839 0.482205 -0.044494 -0.259867 0.316732 -0.091309 -0.280725 0.425657 -0.170317 -0.197374 0.421976 
0.000000 0.000000 0.000000 -0.050437 0.009024 -0.054760 -0.180525 -0.398371 -0.001255 -0.093193 -0.348090 0.079283 -0.031497 -0.288182 0.122496 0.023512 -0.229755 0.158211 -0.259743 -0.142258 0.121737 -0.390713 -0.236920 0.232177 -0.307400 -0.276202 0.357088 -0.302574 -0.537247 0.130037 -0.386332 -0.583583 0.228116 -0.444183 -0.524939 0.310623 -0.196516 -0.507672 0.221875 -0.292167 -0.572928 0.334645 -0.382203 -0.503574 0.410296 -0.118198 -0.386595 0.288362 -0.180368 -0.457163 0.407298 -0.264484 -0.381927 0.481676 -0.044681 -0.261286 0.316141 -0.091621 -0.282989 0.424847 -0.170465 -0.199484 0.421143 
0.000000 0.000000 0.000000 -0.048668 0.008191 -0.056464 -0.177843 -0.399562 -0.003476 -0.093524 -0.347972 0.079411 -0.033663 -0.287265 0.124065 0.019771 -0.228151 0.161020 -0.257193 -0.142102 0.121792 -0.387675 -0.236146 0.233333 -0.304860 -0.275698 0.358490 -0.306278 -0.518356 0.140790 -0.384652 -0.587646 0.229326 -0.442507 -0.529084 0.311887 -0.201303 -0.501261 0.225564 -0.293464 -0.573751 0.336812 -0.383429 -0.504450 0.412595 -0.119717 -0.386941 0.289512 -0.181423 -0.458415 0.408149 -0.265582 -0.383384 0.482685 -0.046211 -0.261829 0.319445 -0.091628 -0.285010 0.428492 -0.170381 -0.201421 0.424740 
0.000000 0.000000 0.000000 -0.049468 0.008622 -0.055699 -0.181006 -0.398153 -0.001034 -0.095016 -0.347298 0.080581 -0.033998 -0.287101 0.124351 0.020462 -0.228441 0.160522 -0.257811 -0.140415 0.123820 -0.388179 -0.233673 0.236152 -0.306472 -0.273992 0.361791 -0.307655 -0.523998 0.138764 -0.388750 -0.583789 0.231665 -0.446452 -0.525120 0.314259 -0.208056 -0.494892 0.228609 -0.296949 -0.575279 0.337055 -0.386780 -0.506078 0.413087 -0.121579 -0.383485 0.290944 -0.184381 -0.452599 0.410402 -0.268354 -0.377588 0.485167 -0.046305 -0.261224 0.318805 -0.092261 -0.283790 0.427755 -0.170868 -0.200063 0.424020 