93
0.000000 0.000000 0.000000 -0.059387 0.035603 -0.028801 -0.320005 -0.193821 0.226540 -0.192114 -0.205386 0.238844 -0.097155 -0.195523 0.226667 -0.011542 -0.183022 0.211520 -0.166718 0.038402 0.264998 -0.233879 0.040153 0.448840 -0.203431 -0.011345 0.592045 -0.349146 -0.197407 0.451391 -0.366759 -0.199575 0.587285 -0.359049 -0.176780 0.701364 -0.238311 -0.228032 0.470851 -0.269732 -0.243435 0.628648 -0.257201 -0.209524 0.760301 -0.107112 -0.227385 0.435472 -0.114253 -0.250232 0.585198 -0.074873 -0.125786 0.620275 0.004364 -0.141153 0.380577 0.015312 -0.112333 0.496942 -0.001033 -0.014261 0.439343 
0.000000 0.000000 0.000000 -0.059644 0.032469 -0.031816 -0.319510 -0.186515 0.233271 -0.191621 -0.194514 0.248159 -0.096704 -0.183348 0.236808 -0.011137 -0.169935 0.222192 -0.163642 0.044271 0.262957 -0.228718 0.051656 0.447407 -0.191624 0.005906 0.590996 -0.343764 -0.179029 0.458606 -0.358423 -0.174505 0.594792 -0.347200 -0.142162 0.706243 -0.234319 -0.210684 0.481376 -0.263360 -0.221682 0.639995 -0.248253 -0.180250 0.769203 -0.104855 -0.210810 0.446315 -0.110700 -0.230502 0.596544 -0.069104 -0.103990 0.619624 0.009569 -0.120976 0.388807 0.023822 -0.087277 0.503491 0.006757 0.004189 0.436069 
0.000000 0.000000 0.000000 -0.059715 0.028520 -0.035279 -0.319853 -0.177957 0.239407 -0.192169 -0.181454 0.257455 -0.097333 -0.168587 0.247287 -0.011825 -0.153962 0.233510 -0.169268 0.060317 0.255983 -0.237819 0.080213 0.438236 -0.195354 0.041595 0.582431 -0.342662 -0.154427 0.463786 -0.356447 -0.140205 0.599395 -0.343430 -0.097605 0.707140 -0.234504 -0.179104 0.491285 -0.263298 -0.177505 0.650323 -0.246813 -0.126508 0.775889 -0.107151 -0.185976 0.457798 -0.114191 -0.198445 0.608748 -0.070315 -0.071216 0.621233 0.004811 -0.099505 0.398870 0.016263 -0.062022 0.512691 0.001833 0.023248 0.437034 
0.000000 0.000000 0.000000 -0.059190 0.028655 -0.036047 -0.322780 -0.160354 0.247770 -0.195116 -0.166415 0.265280 -0.100049 -0.156378 0.254131 -0.014284 -0.144485 0.239356 -0.176970 0.068290 0.251012 -0.250670 0.093090 0.430635 -0.204141 0.061436 0.575273 -0.347566 -0.129226 0.471012 -0.362547 -0.110413 0.605933 -0.347981 -0.059724 0.709912 -0.242910 -0.153527 0.497710 -0.275417 -0.144762 0.655796 -0.259173 -0.085693 0.777805 -0.112014 -0.172069 0.464664 -0.113877 -0.164614 0.616097 -0.068149 -0.037432 0.617421 -0.000920 -0.077457 0.400337 0.008280 -0.031320 0.511143 -0.005252 0.045794 0.427040 
0.000000 0.000000 0.000000 -0.059077 0.022185 -0.040517 -0.323887 -0.155561 0.249376 -0.196884 -0.153168 0.271870 -0.102080 -0.139003 0.263257 -0.016507 -0.123809 0.250540 -0.184529 0.077224 0.240692 -0.263029 0.111664 0.416655 -0.213511 0.088758 0.561948 -0.348723 -0.110315 0.470184 -0.363733 -0.082970 0.603634 -0.348211 -0.024765 0.703455 -0.243454 -0.124436 0.503128 -0.275128 -0.104894 0.660416 -0.258532 -0.037367 0.777906 -0.110688 -0.134156 0.474482 -0.116860 -0.130682 0.625944 -0.072319 -0.003410 0.616671 -0.007182 -0.051381 0.409453 -0.000764 -0.001527 0.518836 -0.013550 0.068042 0.428283 
0.000000 0.000000 0.000000 -0.058688 0.022772 -0.040756 -0.326504 -0.136213 0.257160 -0.199287 -0.137306 0.278513 -0.104151 -0.126609 0.268643 -0.018246 -0.114713 0.254714 -0.188752 0.086820 0.236422 -0.270137 0.126897 0.409862 -0.218259 0.111669 0.555339 -0.351535 -0.085010 0.476641 -0.366663 -0.054065 0.609289 -0.349860 0.010168 0.705128 -0.241327 -0.096616 0.508842 -0.269921 -0.068942 0.665497 -0.251738 0.005664 0.778380 -0.114114 -0.112554 0.479396 -0.121258 -0.102477 0.630519 -0.076571 0.023863 0.612930 -0.010830 -0.032296 0.408787 -0.005726 0.024434 0.514839 -0.017863 0.087946 0.419855 
0.000000 0.000000 0.000000 -0.058466 0.019548 -0.042703 -0.327877 -0.126515 0.260348 -0.200952 -0.124463 0.283310 -0.105859 -0.112887 0.274038 -0.019958 -0.100483 0.260530 -0.186783 0.098122 0.231536 -0.267076 0.147289 0.403137 -0.215613 0.137211 0.549208 -0.351237 -0.064404 0.477181 -0.365355 -0.026867 0.608229 -0.347329 0.040828 0.701426 -0.242483 -0.076659 0.512361 -0.270730 -0.044146 0.668148 -0.252340 0.034475 0.778238 -0.114251 -0.089564 0.484036 -0.120268 -0.072840 0.634618 -0.074787 0.052373 0.611788 -0.010021 -0.012324 0.411246 -0.003182 0.048358 0.514988 -0.015600 0.108419 0.417819 
0.000000 0.000000 0.000000 -0.058572 0.018037 -0.043220 -0.327232 -0.117128 0.265501 -0.200248 -0.114297 0.288052 -0.105177 -0.103080 0.278134 -0.019309 -0.091185 0.263977 -0.182578 0.106613 0.229952 -0.260174 0.162039 0.400885 -0.209145 0.155112 0.547292 -0.350689 -0.048592 0.480379 -0.364867 -0.007172 0.610246 -0.346002 0.061706 0.702404 -0.240413 -0.058153 0.515449 -0.267731 -0.019968 0.670111 -0.248566 0.061178 0.778218 -0.114169 -0.074272 0.487426 -0.120617 -0.053615 0.637501 -0.074763 0.071013 0.612339 -0.007615 0.000270 0.412589 0.000435 0.063220 0.514882 -0.012882 0.122030 0.417070 
0.000000 0.000000 0.000000 -0.058856 0.017632 -0.042999 -0.325474 -0.112944 0.269445 -0.198316 -0.110140 0.290994 -0.103297 -0.099284 0.280212 -0.017511 -0.087781 0.265253 -0.180670 0.111813 0.229283 -0.256893 0.170746 0.399660 -0.207040 0.165955 0.546556 -0.349209 -0.039176 0.482553 -0.363554 0.005408 0.611350 -0.345411 0.073890 0.703947 -0.238494 -0.050474 0.517489 -0.265820 -0.009893 0.671538 -0.247617 0.072197 0.779099 -0.109147 -0.064134 0.488644 -0.113342 -0.038930 0.638103 -0.069306 0.086319 0.612771 -0.003938 0.007092 0.411544 0.005404 0.072395 0.512239 -0.009286 0.132432 0.415374 
0.000000 0.000000 0.000000 -0.059278 0.015907 -0.043093 -0.322559 -0.119291 0.270214 -0.195507 -0.113212 0.291715 -0.100786 -0.100078 0.280843 -0.015313 -0.086551 0.265792 -0.183236 0.107657 0.229052 -0.260801 0.165068 0.399342 -0.210646 0.160425 0.546141 -0.349103 -0.051680 0.485027 -0.365145 -0.010817 0.614853 -0.349982 0.054001 0.710571 -0.232092 -0.058348 0.520026 -0.256974 -0.021034 0.675310 -0.241316 0.060809 0.783457 -0.110523 -0.067067 0.489479 -0.117504 -0.043396 0.639085 -0.076342 0.083156 0.615451 -0.004028 0.005006 0.414373 0.003739 0.068027 0.516644 -0.012014 0.130502 0.421502 
0.000000 0.000000 0.000000 -0.059913 0.013666 -0.042984 -0.316850 -0.138407 0.267843 -0.190263 -0.126567 0.289686 -0.096265 -0.108766 0.279194 -0.011516 -0.090955 0.264510 -0.189471 0.095602 0.229683 -0.270540 0.146873 0.400301 -0.220077 0.141861 0.546982 -0.351025 -0.074194 0.482620 -0.371680 -0.035385 0.612424 -0.363667 0.026688 0.710790 -0.231670 -0.074922 0.517924 -0.259832 -0.039797 0.673159 -0.251808 0.041290 0.782703 -0.106466 -0.080407 0.488491 -0.113782 -0.060072 0.638571 -0.079429 0.069188 0.619082 -0.006740 -0.000005 0.413814 -0.003452 0.062598 0.516583 -0.021905 0.127342 0.423465 
0.000000 0.000000 0.000000 -0.060221 0.010555 -0.043427 -0.309405 -0.167326 0.259924 -0.184233 -0.147208 0.283769 -0.091608 -0.122582 0.275005 -0.008160 -0.098484 0.261926 -0.197223 0.078871 0.229354 -0.282950 0.121618 0.400043 -0.233726 0.115550 0.547104 -0.349704 -0.111160 0.475891 -0.374060 -0.077215 0.606415 -0.372235 -0.020036 0.708005 -0.230068 -0.108588 0.513730 -0.261243 -0.082320 0.670136 -0.260858 -0.004618 0.782392 -0.102223 -0.097577 0.484709 -0.109834 -0.079648 0.635080 -0.085937 0.052636 0.621011 -0.008088 -0.012977 0.414487 -0.008038 0.045879 0.519498 -0.031181 0.114097 0.429977 
0.000000 0.000000 0.000000 -0.060856 0.012920 -0.041874 -0.304630 -0.187557 0.251621 -0.179342 -0.167931 0.275268 -0.087050 -0.141892 0.267086 -0.003985 -0.116174 0.254674 -0.204868 0.057055 0.232277 -0.294981 0.084672 0.403823 -0.245295 0.072685 0.550365 -0.349483 -0.154970 0.471499 -0.376591 -0.135275 0.604388 -0.378431 -0.085574 0.709837 -0.225837 -0.151251 0.507721 -0.257460 -0.139905 0.665822 -0.261079 -0.068147 0.781912 -0.101942 -0.134636 0.477892 -0.112621 -0.129432 0.629053 -0.097628 0.004843 0.625382 -0.010903 -0.044937 0.414248 -0.015663 0.004097 0.524085 -0.043790 0.079389 0.441969 
0.000000 0.000000 0.000000 -0.060799 0.012641 -0.042042 -0.298776 -0.217405 0.234005 -0.174945 -0.193383 0.261026 -0.083917 -0.162519 0.256109 -0.002028 -0.132145 0.246789 -0.206558 0.034517 0.233860 -0.297764 0.048205 0.406502 -0.248611 0.027375 0.552231 -0.347255 -0.198155 0.454684 -0.376555 -0.186521 0.588057 -0.382926 -0.144533 0.696637 -0.225348 -0.194064 0.493262 -0.259629 -0.194527 0.651215 -0.268544 -0.130181 0.771296 -0.099726 -0.170563 0.466820 -0.111063 -0.176331 0.617912 -0.102149 -0.041828 0.627795 -0.009848 -0.073204 0.411261 -0.015229 -0.032635 0.524471 -0.047310 0.049916 0.451264 
0.000000 0.000000 0.000000 -0.060512 0.011507 -0.042775 -0.291365 -0.244415 0.216004 -0.169596 -0.215265 0.247053 -0.080287 -0.179420 0.245782 0.000017 -0.144324 0.239879 -0.210196 0.015023 0.231867 -0.303858 0.017223 0.403721 -0.255108 -0.011705 0.548197 -0.340009 -0.242703 0.437479 -0.369408 -0.241668 0.571332 -0.379155 -0.209162 0.682874 -0.221808 -0.235403 0.478014 -0.257319 -0.249100 0.635100 -0.272077 -0.192588 0.758501 -0.101440 -0.201599 0.455005 -0.116608 -0.217503 0.605031 -0.115683 -0.084173 0.627175 -0.009401 -0.102059 0.409323 -0.015883 -0.072967 0.525954 -0.052191 0.015716 0.462550 
0.000000 0.000000 0.000000 -0.059692 0.008704 -0.044553 -0.284003 -0.262743 0.203957 -0.165059 -0.227345 0.239180 -0.077872 -0.186636 0.241141 0.000514 -0.147113 0.238178 -0.209064 0.000956 0.230173 -0.302531 -0.003892 0.402079 -0.249292 -0.038086 0.543795 -0.331931 -0.271984 0.425401 -0.360897 -0.277568 0.559236 -0.370323 -0.254397 0.673111 -0.220586 -0.263292 0.467432 -0.258352 -0.287741 0.622675 -0.277225 -0.237830 0.748342 -0.098291 -0.223225 0.448404 -0.112933 -0.249462 0.597025 -0.119137 -0.119006 0.631819 -0.009589 -0.118549 0.410423 -0.016544 -0.098888 0.528982 -0.057346 -0.004531 0.477649 
0.000000 0.000000 0.000000 -0.059872 0.008454 -0.044360 -0.281006 -0.266963 0.202625 -0.162332 -0.230676 0.237854 -0.075536 -0.189143 0.239928 0.002458 -0.148843 0.237088 -0.204931 0.000213 0.232652 -0.295701 -0.004944 0.405989 -0.240425 -0.041336 0.546371 -0.326331 -0.280515 0.424395 -0.353724 -0.288706 0.558427 -0.362226 -0.271129 0.673370 -0.216679 -0.276901 0.464534 -0.253643 -0.308340 0.618709 -0.271840 -0.264018 0.746552 -0.097538 -0.235176 0.445137 -0.113315 -0.268185 0.592284 -0.124333 -0.140923 0.636452 -0.004316 -0.127874 0.410584 -0.008979 -0.113441 0.530004 -0.054848 -0.016747 0.488178 
0.000000 0.000000 0.000000 -0.060038 0.009470 -0.043927 -0.282683 -0.265587 0.202099 -0.163415 -0.230881 0.236911 -0.076162 -0.190308 0.238806 0.002247 -0.150832 0.235830 -0.200539 -0.002261 0.235300 -0.288456 -0.009602 0.410023 -0.230307 -0.050602 0.547952 -0.329382 -0.285403 0.423112 -0.357606 -0.297379 0.556686 -0.366757 -0.283309 0.672061 -0.219789 -0.287092 0.460823 -0.258132 -0.325324 0.613115 -0.274887 -0.285568 0.742645 -0.098359 -0.241168 0.442851 -0.114275 -0.277638 0.589164 -0.126085 -0.152425 0.638663 -0.005622 -0.135587 0.409876 -0.011039 -0.125093 0.529675 -0.059170 -0.027373 0.493108 
0.000000 0.000000 0.000000 -0.059996 0.011961 -0.043373 -0.292398 -0.251264 0.206544 -0.171314 -0.221853 0.239938 -0.082286 -0.185300 0.240706 -0.002191 -0.149467 0.236698 -0.196313 0.003221 0.238029 -0.281612 -0.002248 0.414113 -0.222147 -0.048553 0.549784 -0.338535 -0.271495 0.427637 -0.366420 -0.283723 0.561260 -0.375014 -0.269593 0.676670 -0.231675 -0.279107 0.462543 -0.272729 -0.318048 0.613945 -0.288695 -0.276287 0.742943 -0.105869 -0.243718 0.442559 -0.122780 -0.285607 0.587301 -0.130396 -0.160861 0.638764 -0.010828 -0.137154 0.410940 -0.016772 -0.128679 0.530873 -0.063791 -0.030244 0.494778 
0.000000 0.000000 0.000000 -0.060055 0.013144 -0.042948 -0.298968 -0.234791 0.216290 -0.176447 -0.209169 0.247491 -0.086105 -0.176009 0.246278 -0.004778 -0.143347 0.240416 -0.186214 0.016069 0.243271 -0.265156 0.017899 0.422369 -0.207262 -0.032893 0.557110 -0.340297 -0.250631 0.438689 -0.365275 -0.260204 0.573101 -0.370304 -0.245031 0.688589 -0.232483 -0.262083 0.472290 -0.270595 -0.298072 0.625185 -0.281015 -0.253406 0.753777 -0.106843 -0.231182 0.449353 -0.121714 -0.270746 0.594971 -0.122644 -0.144983 0.644479 -0.009083 -0.133826 0.414993 -0.012046 -0.127273 0.535158 -0.055104 -0.027528 0.497739 
0.000000 0.000000 0.000000 -0.060454 0.017928 -0.040593 -0.307127 -0.215491 0.224783 -0.182044 -0.199070 0.251730 -0.089656 -0.172433 0.247537 -0.006455 -0.145593 0.239023 -0.181964 0.023230 0.247596 -0.257997 0.026548 0.427927 -0.202205 -0.027869 0.562139 -0.346547 -0.227591 0.447762 -0.370371 -0.234904 0.582525 -0.371436 -0.218023 0.697881 -0.237968 -0.250877 0.476815 -0.276005 -0.286112 0.629904 -0.280514 -0.240269 0.758424 -0.112635 -0.228998 0.449988 -0.129112 -0.269558 0.595157 -0.123174 -0.142776 0.641624 -0.006552 -0.130287 0.413241 -0.006618 -0.119752 0.533159 -0.045097 -0.019106 0.493248 
0.000000 0.000000 0.000000 -0.060344 0.022086 -0.038662 -0.313560 -0.197558 0.232253 -0.186956 -0.189344 0.255604 -0.093220 -0.168586 0.248868 -0.008762 -0.147003 0.238085 -0.176929 0.030694 0.251476 -0.249880 0.036080 0.433026 -0.193604 -0.020298 0.566222 -0.351175 -0.210587 0.455491 -0.373909 -0.218461 0.590410 -0.370374 -0.198712 0.705261 -0.242834 -0.232538 0.482511 -0.280838 -0.261915 0.636839 -0.277172 -0.211874 0.763810 -0.111798 -0.221333 0.452795 -0.125119 -0.259155 0.599023 -0.111464 -0.131124 0.640126 -0.006227 -0.128447 0.411969 -0.004483 -0.115676 0.531656 -0.038949 -0.015083 0.488110 
0.000000 0.000000 0.000000 -0.060256 0.022718 -0.038432 -0.315261 -0.187115 0.238513 -0.188284 -0.181187 0.260495 -0.094208 -0.162517 0.252506 -0.009431 -0.142894 0.240548 -0.173615 0.035874 0.252812 -0.244547 0.044107 0.435053 -0.186602 -0.011486 0.567864 -0.346773 -0.185735 0.463069 -0.365818 -0.184901 0.598784 -0.355862 -0.159413 0.712117 -0.244437 -0.214153 0.489043 -0.282629 -0.236575 0.644489 -0.272862 -0.183989 0.770102 -0.111718 -0.200868 0.459717 -0.124274 -0.228368 0.608300 -0.104194 -0.099153 0.642483 -0.001080 -0.116677 0.413260 0.004668 -0.098632 0.532140 -0.027057 0.000395 0.483249 
0.000000 0.000000 0.000000 -0.060185 0.020642 -0.039693 -0.314905 -0.184607 0.240926 -0.188264 -0.176106 0.263971 -0.094396 -0.156267 0.256352 -0.009800 -0.135733 0.244646 -0.174175 0.041704 0.250839 -0.245502 0.054884 0.432635 -0.185079 0.003907 0.566192 -0.343992 -0.182331 0.465801 -0.361571 -0.180955 0.601710 -0.348666 -0.150604 0.713537 -0.244008 -0.201867 0.493543 -0.281922 -0.219388 0.649685 -0.270025 -0.163921 0.773867 -0.108761 -0.194627 0.463803 -0.119061 -0.222133 0.612558 -0.099507 -0.091505 0.641228 -0.001713 -0.106967 0.416963 0.003854 -0.087167 0.535573 -0.027623 0.009361 0.481770 
0.000000 0.000000 0.000000 -0.059958 0.020819 -0.039943 -0.317473 -0.169455 0.248568 -0.190508 -0.163253 0.270541 -0.096255 -0.145899 0.261715 -0.011282 -0.127759 0.248840 -0.173681 0.052274 0.249753 -0.244841 0.071958 0.431026 -0.181450 0.026156 0.565081 -0.341037 -0.152189 0.473438 -0.355278 -0.141754 0.609344 -0.337384 -0.100574 0.716941 -0.242719 -0.174624 0.502099 -0.278230 -0.182359 0.659591 -0.262108 -0.120888 0.780424 -0.108628 -0.176407 0.470592 -0.117500 -0.198283 0.620371 -0.094060 -0.066581 0.639686 0.002785 -0.088774 0.418748 0.012468 -0.061939 0.535698 -0.017615 0.030231 0.474031 
0.000000 0.000000 0.000000 -0.059760 0.015707 -0.042496 -0.317198 -0.157836 0.256444 -0.190890 -0.146121 0.279905 -0.097011 -0.126779 0.271224 -0.012353 -0.107257 0.258291 -0.173565 0.064247 0.244800 -0.244777 0.094620 0.424570 -0.180553 0.057946 0.561015 -0.338130 -0.128239 0.480288 -0.350781 -0.110351 0.615573 -0.330095 -0.061069 0.719190 -0.238916 -0.142158 0.512611 -0.271580 -0.139462 0.670884 -0.252817 -0.069991 0.786906 -0.109479 -0.146767 0.481363 -0.118419 -0.161101 0.632047 -0.093713 -0.028497 0.640639 0.000129 -0.062675 0.426941 0.008720 -0.031988 0.543027 -0.021263 0.054401 0.473449 
0.000000 0.000000 0.000000 -0.059618 0.013964 -0.043297 -0.318255 -0.145120 0.262572 -0.191960 -0.132757 0.285770 -0.098001 -0.114120 0.276439 -0.013253 -0.095468 0.262833 -0.179291 0.072102 0.239802 -0.254175 0.108482 0.416946 -0.190340 0.081258 0.555765 -0.337954 -0.102969 0.484508 -0.349860 -0.077495 0.618640 -0.328376 -0.019635 0.717553 -0.239060 -0.116069 0.518100 -0.271095 -0.104719 0.676118 -0.252687 -0.026789 0.786695 -0.109977 -0.117325 0.487532 -0.118565 -0.119623 0.638898 -0.095829 0.013569 0.635580 -0.004598 -0.036066 0.427098 0.001359 0.004821 0.540164 -0.029603 0.083897 0.462760 
0.000000 0.000000 0.000000 -0.059341 0.011783 -0.044314 -0.319580 -0.135723 0.265966 -0.193545 -0.121671 0.289610 -0.099615 -0.102909 0.280237 -0.014861 -0.084364 0.266520 -0.179624 0.084546 0.235120 -0.254890 0.130076 0.409973 -0.191348 0.108694 0.549944 -0.337666 -0.082434 0.485633 -0.348597 -0.050228 0.618393 -0.325859 0.013163 0.713565 -0.239416 -0.090586 0.520703 -0.270615 -0.069444 0.677879 -0.251238 0.014662 0.783662 -0.109643 -0.097409 0.491384 -0.116832 -0.093465 0.642789 -0.093853 0.039287 0.631984 -0.004098 -0.016128 0.427189 0.003310 0.030840 0.537780 -0.028457 0.105327 0.456259 
0.000000 0.000000 0.000000 -0.059163 0.011139 -0.044716 -0.321386 -0.123637 0.269658 -0.195205 -0.110396 0.292993 -0.101048 -0.093068 0.283150 -0.016066 -0.075979 0.268961 -0.176897 0.089322 0.234340 -0.250567 0.138243 0.408956 -0.187328 0.120314 0.549548 -0.337792 -0.065245 0.488156 -0.347707 -0.029954 0.620210 -0.323969 0.036407 0.713085 -0.237314 -0.074738 0.524142 -0.265953 -0.050486 0.681356 -0.245630 0.037172 0.784032 -0.107798 -0.079349 0.494053 -0.112638 -0.069512 0.645283 -0.088568 0.062547 0.629500 -0.002231 -0.003804 0.427661 0.007291 0.045877 0.536897 -0.024983 0.117758 0.453262 
0.000000 0.000000 0.000000 -0.059289 0.009288 -0.044972 -0.320048 -0.119024 0.273300 -0.193992 -0.103900 0.296158 -0.100012 -0.085947 0.285757 -0.015207 -0.068446 0.271026 -0.176639 0.097538 0.231229 -0.250069 0.152759 0.404058 -0.187826 0.138102 0.545471 -0.336017 -0.051522 0.489191 -0.345668 -0.010727 0.619669 -0.322223 0.056922 0.711686 -0.234098 -0.057935 0.525838 -0.261377 -0.026672 0.682053 -0.241616 0.063490 0.782649 -0.106303 -0.066536 0.496226 -0.110813 -0.052617 0.647146 -0.087240 0.079203 0.628823 -0.000458 0.010013 0.426631 0.009694 0.064018 0.533737 -0.023511 0.134472 0.449257 
0.000000 0.000000 0.000000 -0.059405 0.007433 -0.045163 -0.318153 -0.119562 0.275271 -0.192397 -0.101834 0.297910 -0.098735 -0.082444 0.287229 -0.014234 -0.063742 0.272223 -0.175118 0.099343 0.230535 -0.247524 0.156855 0.403048 -0.186953 0.143366 0.545302 -0.334725 -0.049824 0.490404 -0.344741 -0.007676 0.620424 -0.323584 0.059614 0.713255 -0.231660 -0.053033 0.527151 -0.258365 -0.019842 0.683067 -0.241663 0.071209 0.783416 -0.105148 -0.057988 0.497169 -0.109746 -0.040452 0.647708 -0.088544 0.091706 0.628928 -0.000648 0.015390 0.427593 0.008704 0.069859 0.534537 -0.025616 0.140431 0.450603 
0.000000 0.000000 0.000000 -0.059663 0.005157 -0.045139 -0.313872 -0.127255 0.276732 -0.188716 -0.105349 0.299040 -0.095730 -0.083085 0.288061 -0.011884 -0.061838 0.272775 -0.176590 0.098678 0.229503 -0.249755 0.157197 0.401356 -0.189078 0.143617 0.543555 -0.335646 -0.056146 0.490951 -0.348806 -0.013170 0.620419 -0.330353 0.052643 0.714871 -0.229261 -0.060733 0.528909 -0.256838 -0.030387 0.685253 -0.243782 0.060289 0.786479 -0.103084 -0.056926 0.497764 -0.108358 -0.038168 0.648134 -0.090336 0.094485 0.629520 0.000204 0.018096 0.427857 0.008525 0.073117 0.534604 -0.027209 0.144058 0.451575 
0.000000 0.000000 0.000000 -0.059957 0.004072 -0.044861 -0.309152 -0.139458 0.276165 -0.184568 -0.114366 0.298316 -0.092279 -0.089386 0.287300 -0.009114 -0.065622 0.271996 -0.181060 0.090194 0.230390 -0.256839 0.144083 0.402624 -0.192740 0.129978 0.543263 -0.330159 -0.073726 0.492170 -0.342856 -0.034000 0.622717 -0.326576 0.027512 0.720412 -0.222644 -0.071592 0.528956 -0.248541 -0.042499 0.685824 -0.239573 0.046149 0.789267 -0.097589 -0.067723 0.497576 -0.101398 -0.052189 0.648357 -0.087010 0.081039 0.630715 -0.000981 0.011198 0.428900 0.004617 0.064074 0.536900 -0.032153 0.135313 0.454583 
0.000000 0.000000 0.000000 -0.059874 0.004552 -0.044925 -0.306773 -0.158123 0.268659 -0.182894 -0.131081 0.292412 -0.091179 -0.103511 0.282875 -0.008542 -0.077189 0.268961 -0.188400 0.078825 0.230413 -0.268823 0.125300 0.402702 -0.203531 0.110394 0.542708 -0.332779 -0.101000 0.486560 -0.348497 -0.066477 0.618253 -0.337188 -0.010065 0.719659 -0.221588 -0.096732 0.524354 -0.247906 -0.073369 0.682108 -0.244604 0.010916 0.789459 -0.100826 -0.083615 0.493171 -0.107743 -0.069349 0.643967 -0.098470 0.064749 0.629838 -0.000164 -0.001309 0.426308 0.005602 0.050922 0.534613 -0.032159 0.123501 0.453932 
0.000000 0.000000 0.000000 -0.059596 0.004337 -0.045314 -0.302604 -0.183016 0.257345 -0.180136 -0.152253 0.283738 -0.089522 -0.120628 0.276552 -0.007887 -0.090399 0.264834 -0.197912 0.059087 0.229854 -0.284462 0.093346 0.402036 -0.220292 0.075328 0.542194 -0.337067 -0.140408 0.477383 -0.357895 -0.114657 0.610369 -0.351814 -0.065133 0.715742 -0.225767 -0.130992 0.515989 -0.256802 -0.116533 0.673952 -0.259618 -0.037849 0.785488 -0.103428 -0.111191 0.487339 -0.113399 -0.104424 0.638487 -0.109591 0.030531 0.632102 -0.007706 -0.022593 0.426043 -0.007581 0.024079 0.537008 -0.046647 0.100231 0.460340 
0.000000 0.000000 0.000000 -0.059005 0.004590 -0.046057 -0.299976 -0.205974 0.242651 -0.179076 -0.172434 0.272645 -0.089519 -0.137422 0.268604 -0.008817 -0.103878 0.259813 -0.201017 0.039829 0.230416 -0.289879 0.061879 0.403414 -0.228087 0.038147 0.543790 -0.340023 -0.177210 0.463985 -0.364227 -0.159826 0.597754 -0.362679 -0.117799 0.706494 -0.231077 -0.166557 0.504455 -0.266446 -0.162560 0.662118 -0.274840 -0.090739 0.777923 -0.104992 -0.142756 0.479425 -0.116087 -0.146581 0.630598 -0.117915 -0.011499 0.634813 -0.012876 -0.046406 0.424939 -0.015671 -0.006847 0.538599 -0.056706 0.074196 0.468233 
0.000000 0.000000 0.000000 -0.059144 0.008059 -0.045397 -0.299668 -0.222469 0.228028 -0.178592 -0.191460 0.259972 -0.088966 -0.156437 0.258184 -0.008214 -0.122513 0.251583 -0.204677 0.026625 0.230867 -0.295742 0.038242 0.403735 -0.237134 0.007413 0.544097 -0.345422 -0.210993 0.449827 -0.373075 -0.204057 0.583877 -0.375314 -0.170625 0.695548 -0.234268 -0.203937 0.490664 -0.272136 -0.212422 0.647567 -0.284022 -0.148813 0.767784 -0.110898 -0.173653 0.467794 -0.126624 -0.185998 0.618097 -0.132450 -0.051837 0.633417 -0.018292 -0.074287 0.419389 -0.025229 -0.041092 0.534894 -0.067886 0.044493 0.471185 
0.000000 0.000000 0.000000 -0.058298 0.007631 -0.046551 -0.295981 -0.243285 0.210946 -0.177054 -0.208938 0.247253 -0.088884 -0.170404 0.249215 -0.009417 -0.133114 0.246096 -0.204998 0.007848 0.229720 -0.296793 0.007984 0.402592 -0.242274 -0.032249 0.542220 -0.346821 -0.241933 0.431929 -0.377547 -0.241115 0.565485 -0.382718 -0.216155 0.679254 -0.236825 -0.233860 0.475903 -0.277478 -0.250811 0.631417 -0.292294 -0.195257 0.755246 -0.111202 -0.205080 0.456612 -0.127206 -0.229944 0.605328 -0.135776 -0.097697 0.631886 -0.018490 -0.100379 0.417655 -0.024735 -0.077848 0.535742 -0.069774 0.011633 0.479458 
0.000000 0.000000 0.000000 -0.059481 0.011471 -0.044207 -0.294958 -0.248558 0.206177 -0.174247 -0.218819 0.240611 -0.085206 -0.182315 0.241966 -0.005043 -0.146582 0.238452 -0.201920 -0.004873 0.233805 -0.291048 -0.015100 0.407766 -0.239791 -0.063088 0.546174 -0.347564 -0.266645 0.426008 -0.379357 -0.277577 0.558868 -0.384934 -0.261239 0.674172 -0.235474 -0.264691 0.465603 -0.277118 -0.295890 0.618629 -0.291898 -0.249017 0.746002 -0.108428 -0.229173 0.446853 -0.125080 -0.262773 0.593770 -0.134810 -0.132757 0.629396 -0.015147 -0.126254 0.411862 -0.022102 -0.112261 0.531223 -0.069103 -0.019711 0.481943 
0.000000 0.000000 0.000000 -0.059403 0.011971 -0.044180 -0.293629 -0.255680 0.199249 -0.173313 -0.225711 0.234849 -0.084594 -0.188495 0.237402 -0.004727 -0.152013 0.235033 -0.195843 -0.013114 0.236179 -0.281218 -0.028810 0.411609 -0.232944 -0.082570 0.548964 -0.343824 -0.277969 0.419257 -0.374160 -0.291439 0.552225 -0.379534 -0.280040 0.668131 -0.230579 -0.277105 0.459691 -0.269527 -0.312060 0.612615 -0.283875 -0.270645 0.741914 -0.104736 -0.246348 0.439791 -0.119178 -0.287832 0.584916 -0.128856 -0.160247 0.628463 -0.011913 -0.140268 0.409380 -0.016859 -0.132183 0.529386 -0.064666 -0.036964 0.486363 
0.000000 0.000000 0.000000 -0.059641 0.014062 -0.043233 -0.295152 -0.257725 0.194303 -0.174129 -0.230401 0.229634 -0.084905 -0.194430 0.232453 -0.004587 -0.158932 0.230414 -0.197307 -0.016023 0.236033 -0.283450 -0.034849 0.410779 -0.239438 -0.092217 0.548106 -0.348699 -0.286966 0.412701 -0.381061 -0.304638 0.544695 -0.387434 -0.296681 0.660838 -0.234753 -0.289724 0.451625 -0.275986 -0.330072 0.602610 -0.291202 -0.292477 0.732972 -0.108248 -0.259089 0.432423 -0.124987 -0.305453 0.575814 -0.134764 -0.179749 0.624506 -0.013505 -0.151312 0.404910 -0.019643 -0.146067 0.525018 -0.067745 -0.049192 0.486230 
0.000000 0.000000 0.000000 -0.060250 0.015729 -0.041791 -0.296565 -0.252419 0.199058 -0.174197 -0.228105 0.231864 -0.084136 -0.194184 0.232937 -0.003095 -0.160499 0.229351 -0.194629 -0.014137 0.239094 -0.278715 -0.032826 0.414854 -0.236326 -0.091184 0.552274 -0.347450 -0.285359 0.417566 -0.378204 -0.305267 0.549626 -0.383758 -0.298226 0.665870 -0.236066 -0.291692 0.452326 -0.278146 -0.334940 0.602271 -0.291925 -0.298598 0.733148 -0.104153 -0.258447 0.433395 -0.118506 -0.304528 0.577136 -0.126480 -0.179212 0.627140 -0.010973 -0.152419 0.403875 -0.016395 -0.146858 0.524004 -0.064133 -0.049188 0.486791 
0.000000 0.000000 0.000000 -0.060460 0.015015 -0.041750 -0.295422 -0.249392 0.204498 -0.172918 -0.224471 0.236325 -0.082879 -0.190476 0.236424 -0.001881 -0.156797 0.231910 -0.189767 -0.011720 0.241819 -0.270679 -0.028449 0.419258 -0.227901 -0.086942 0.556500 -0.345236 -0.280816 0.423476 -0.375341 -0.299807 0.555821 -0.379988 -0.292564 0.672092 -0.233421 -0.284786 0.458081 -0.274571 -0.325810 0.608907 -0.286256 -0.288605 0.739745 -0.104388 -0.254093 0.436933 -0.119812 -0.299709 0.580711 -0.125456 -0.174213 0.630580 -0.007983 -0.150000 0.406560 -0.012182 -0.145321 0.526776 -0.059696 -0.047392 0.489958 
0.000000 0.000000 0.000000 -0.060622 0.015805 -0.041220 -0.297003 -0.244985 0.207514 -0.173878 -0.221737 0.238194 -0.083375 -0.189004 0.237429 -0.001960 -0.156466 0.232133 -0.184525 -0.007869 0.245021 -0.262055 -0.022683 0.424132 -0.218296 -0.081624 0.560872 -0.344250 -0.271280 0.427733 -0.372805 -0.287172 0.560827 -0.376546 -0.278829 0.677058 -0.230453 -0.281682 0.461085 -0.268932 -0.322452 0.612682 -0.278393 -0.285043 0.743642 -0.102181 -0.248961 0.439332 -0.115666 -0.291955 0.584110 -0.119083 -0.166258 0.633673 -0.001380 -0.151426 0.406949 -0.000981 -0.147957 0.527278 -0.047813 -0.049339 0.491438 
0.000000 0.000000 0.000000 -0.060907 0.017568 -0.040069 -0.299665 -0.237781 0.212017 -0.175434 -0.217933 0.240552 -0.084120 -0.187616 0.238265 -0.001973 -0.157235 0.231613 -0.180981 -0.008303 0.247610 -0.256116 -0.024492 0.427621 -0.211223 -0.083860 0.563808 -0.345635 -0.265895 0.432282 -0.373418 -0.282886 0.565404 -0.375848 -0.272820 0.681533 -0.230806 -0.279772 0.463227 -0.268466 -0.321832 0.614678 -0.274248 -0.282664 0.745337 -0.101938 -0.251960 0.438904 -0.114714 -0.298099 0.582775 -0.116264 -0.172086 0.631624 -0.000454 -0.152186 0.406422 0.000592 -0.148711 0.526747 -0.045579 -0.049834 0.490764 
0.000000 0.000000 0.000000 -0.060625 0.017324 -0.040600 -0.301361 -0.235589 0.212061 -0.177285 -0.215684 0.241222 -0.085912 -0.185518 0.239267 -0.003681 -0.155310 0.232887 -0.179475 -0.003701 0.247980 -0.253844 -0.016856 0.428556 -0.206298 -0.076477 0.563728 -0.349017 -0.254309 0.432965 -0.377818 -0.265622 0.566474 -0.377266 -0.250344 0.682057 -0.237203 -0.273310 0.463850 -0.277955 -0.312505 0.615269 -0.280384 -0.270515 0.745154 -0.103607 -0.249739 0.439956 -0.116295 -0.295790 0.583863 -0.114077 -0.168455 0.629128 0.000351 -0.151856 0.407695 0.003126 -0.149478 0.528020 -0.041243 -0.050653 0.489705 
0.000000 0.000000 0.000000 -0.060754 0.017639 -0.040270 -0.302583 -0.228689 0.217796 -0.177983 -0.210126 0.245574 -0.086229 -0.181250 0.242403 -0.003654 -0.152263 0.234891 -0.180420 0.001356 0.248280 -0.255299 -0.008833 0.428836 -0.203658 -0.064824 0.564058 -0.345697 -0.245885 0.439755 -0.371754 -0.256278 0.573900 -0.367209 -0.233099 0.688072 -0.236574 -0.261495 0.470079 -0.276425 -0.296432 0.622775 -0.275971 -0.250208 0.751237 -0.103600 -0.241546 0.444335 -0.116056 -0.284782 0.589132 -0.111540 -0.155525 0.628376 -0.003034 -0.142832 0.409524 -0.002608 -0.136340 0.529728 -0.045499 -0.039333 0.485534 
0.000000 0.000000 0.000000 -0.060315 0.014613 -0.042100 -0.300767 -0.230542 0.218358 -0.177395 -0.207518 0.248203 -0.086449 -0.176099 0.246093 -0.004583 -0.144972 0.239444 -0.180267 0.004205 0.246603 -0.255324 -0.002308 0.427255 -0.200534 -0.054089 0.562915 -0.339655 -0.237059 0.441664 -0.363157 -0.240999 0.576623 -0.356283 -0.210769 0.689016 -0.232681 -0.247396 0.475860 -0.270283 -0.274519 0.630699 -0.268099 -0.223886 0.757470 -0.099402 -0.229488 0.450288 -0.108690 -0.267771 0.596708 -0.104721 -0.136886 0.630194 -0.001688 -0.126220 0.413301 0.000304 -0.113312 0.532970 -0.042641 -0.018791 0.483729 
0.000000 0.000000 0.000000 -0.060006 0.015347 -0.042280 -0.304981 -0.223584 0.219742 -0.181257 -0.202496 0.249557 -0.089773 -0.172691 0.247316 -0.007367 -0.143052 0.240526 -0.184694 0.005713 0.244437 -0.262715 -0.000315 0.423846 -0.208972 -0.049874 0.560749 -0.342182 -0.231286 0.443298 -0.364665 -0.235941 0.578408 -0.356692 -0.201207 0.689418 -0.237052 -0.238424 0.477746 -0.275001 -0.262860 0.632947 -0.271848 -0.209141 0.758421 -0.103251 -0.223199 0.452208 -0.112916 -0.259417 0.599129 -0.108373 -0.127616 0.628724 -0.004858 -0.124432 0.414404 -0.003131 -0.111615 0.534087 -0.045171 -0.018560 0.481394 
0.000000 0.000000 0.000000 -0.059290 0.013834 -0.043786 -0.308596 -0.216100 0.222170 -0.185393 -0.193904 0.253314 -0.093889 -0.164126 0.251583 -0.011386 -0.134676 0.245161 -0.189521 0.011995 0.240612 -0.271012 0.010845 0.418571 -0.219506 -0.034571 0.557752 -0.346688 -0.216853 0.445707 -0.369710 -0.217307 0.580806 -0.361209 -0.177386 0.690018 -0.241462 -0.222832 0.482429 -0.279596 -0.242508 0.638260 -0.275612 -0.184910 0.761977 -0.111561 -0.209259 0.457409 -0.124233 -0.241622 0.604999 -0.118979 -0.108776 0.629338 -0.011507 -0.109412 0.418216 -0.011591 -0.092022 0.537333 -0.052629 -0.001062 0.480365 
0.000000 0.000000 0.000000 -0.058742 0.013321 -0.044674 -0.312642 -0.208072 0.224168 -0.189546 -0.186235 0.255981 -0.097764 -0.157314 0.254442 -0.014940 -0.128754 0.248134 -0.194038 0.020214 0.237272 -0.278696 0.024527 0.413696 -0.229524 -0.016955 0.554934 -0.354630 -0.204384 0.446977 -0.380006 -0.202156 0.581636 -0.371770 -0.158780 0.689542 -0.247804 -0.210784 0.485061 -0.287427 -0.227482 0.640868 -0.283386 -0.166619 0.763010 -0.118621 -0.193536 0.461726 -0.133576 -0.219509 0.610362 -0.127530 -0.085929 0.630060 -0.020456 -0.099384 0.420451 -0.024253 -0.079169 0.539061 -0.064641 0.009992 0.478876 
0.000000 0.000000 0.000000 -0.058425 0.014344 -0.044774 -0.317108 -0.200220 0.225044 -0.193589 -0.180852 0.256813 -0.101211 -0.153903 0.255179 -0.017794 -0.127148 0.248773 -0.193241 0.025256 0.237275 -0.277601 0.032084 0.413763 -0.229776 -0.007916 0.555889 -0.357475 -0.191640 0.448017 -0.381871 -0.186455 0.582776 -0.373855 -0.141050 0.689861 -0.252804 -0.195039 0.486524 -0.293078 -0.204687 0.642759 -0.290049 -0.140949 0.763455 -0.120791 -0.185120 0.463400 -0.134831 -0.207505 0.612707 -0.127596 -0.073673 0.630164 -0.019432 -0.090310 0.419731 -0.020560 -0.064954 0.537404 -0.060272 0.023370 0.475558 
0.000000 0.000000 0.000000 -0.058491 0.013035 -0.045086 -0.316406 -0.195328 0.230270 -0.192924 -0.174810 0.261456 -0.100623 -0.147650 0.259076 -0.017287 -0.120831 0.251937 -0.191611 0.032532 0.237307 -0.274908 0.044731 0.414009 -0.227018 0.006884 0.556701 -0.357202 -0.178329 0.452681 -0.381858 -0.168054 0.587101 -0.373567 -0.120789 0.693357 -0.251969 -0.183574 0.491480 -0.292127 -0.189534 0.647929 -0.288897 -0.123842 0.767569 -0.121008 -0.172729 0.468048 -0.135625 -0.190712 0.617894 -0.127539 -0.056710 0.633579 -0.021416 -0.081966 0.422403 -0.024259 -0.055215 0.539739 -0.063568 0.032758 0.477138 
0.000000 0.000000 0.000000 -0.058975 0.012604 -0.044575 -0.315224 -0.186255 0.239235 -0.191102 -0.166369 0.268214 -0.098557 -0.140299 0.263911 -0.015045 -0.114583 0.254981 -0.189852 0.039873 0.238221 -0.271746 0.056936 0.415177 -0.223426 0.021501 0.558343 -0.357185 -0.164025 0.460967 -0.382546 -0.150589 0.594976 -0.374246 -0.102468 0.700847 -0.249401 -0.170273 0.498562 -0.289052 -0.172929 0.655232 -0.285773 -0.105552 0.773929 -0.121915 -0.162822 0.472863 -0.138664 -0.178973 0.622694 -0.130037 -0.044903 0.637482 -0.018466 -0.073825 0.425021 -0.020822 -0.045770 0.542062 -0.060296 0.042200 0.479562 
0.000000 0.000000 0.000000 -0.059040 0.011360 -0.044823 -0.314044 -0.183914 0.242574 -0.190076 -0.162633 0.271218 -0.097711 -0.136010 0.266458 -0.014374 -0.109890 0.257077 -0.188520 0.042939 0.238167 -0.269541 0.062699 0.415245 -0.220552 0.028502 0.558484 -0.353681 -0.160236 0.464584 -0.377636 -0.145925 0.598761 -0.369476 -0.099037 0.705194 -0.243398 -0.166724 0.502766 -0.279664 -0.169507 0.660251 -0.276968 -0.102051 0.778917 -0.118578 -0.156511 0.475881 -0.133541 -0.171212 0.626051 -0.124540 -0.037117 0.640389 -0.015476 -0.067854 0.426836 -0.016235 -0.038920 0.543684 -0.055537 0.049338 0.481483 
0.000000 0.000000 0.000000 -0.058840 0.011295 -0.045102 -0.314608 -0.186169 0.240111 -0.190888 -0.164492 0.269521 -0.098609 -0.137469 0.265376 -0.015331 -0.110970 0.256558 -0.190667 0.041680 0.236934 -0.273156 0.060692 0.413414 -0.220935 0.027185 0.555672 -0.357059 -0.165501 0.461901 -0.382716 -0.153011 0.595945 -0.376679 -0.110901 0.704497 -0.244586 -0.170975 0.500927 -0.281108 -0.175385 0.658316 -0.280885 -0.109695 0.777999 -0.120352 -0.155533 0.474935 -0.135942 -0.168486 0.625201 -0.127200 -0.034358 0.639389 -0.013122 -0.070183 0.426610 -0.011601 -0.042108 0.543660 -0.050537 0.046574 0.481833 
0.000000 0.000000 0.000000 -0.058778 0.012487 -0.044868 -0.314347 -0.195282 0.233112 -0.190802 -0.174012 0.263537 -0.098639 -0.146453 0.260515 -0.015462 -0.119305 0.252781 -0.194833 0.039122 0.235535 -0.279968 0.055789 0.410993 -0.226254 0.021132 0.552416 -0.358775 -0.181666 0.455060 -0.385625 -0.173437 0.589200 -0.382517 -0.136961 0.699893 -0.248067 -0.184453 0.493941 -0.287015 -0.191554 0.650649 -0.291060 -0.129424 0.772151 -0.118191 -0.164764 0.470268 -0.132210 -0.177894 0.620673 -0.124707 -0.044016 0.637655 -0.015518 -0.077358 0.422565 -0.015557 -0.048484 0.539431 -0.054363 0.041208 0.478994 
0.000000 0.000000 0.000000 -0.058582 0.013750 -0.044755 -0.312538 -0.213945 0.218719 -0.189755 -0.191917 0.251591 -0.098149 -0.162408 0.251071 -0.015473 -0.133229 0.245727 -0.203064 0.023489 0.232511 -0.293470 0.029584 0.406007 -0.241333 -0.009135 0.546966 -0.362995 -0.210786 0.439772 -0.393490 -0.208878 0.573370 -0.394423 -0.178220 0.685853 -0.249997 -0.214765 0.480334 -0.290971 -0.230304 0.635911 -0.299559 -0.173701 0.759853 -0.121242 -0.189027 0.459570 -0.137801 -0.208115 0.609077 -0.135957 -0.074980 0.632311 -0.022759 -0.098370 0.416952 -0.027774 -0.074376 0.534809 -0.067862 0.017085 0.477968 
0.000000 0.000000 0.000000 -0.058125 0.015586 -0.044749 -0.312109 -0.232265 0.199828 -0.190233 -0.210368 0.235996 -0.099148 -0.179411 0.238804 -0.016911 -0.148626 0.236633 -0.211353 0.000918 0.227560 -0.307233 -0.008261 0.397953 -0.258722 -0.053987 0.538106 -0.369582 -0.254838 0.418020 -0.404317 -0.268481 0.549889 -0.409908 -0.247061 0.664357 -0.255195 -0.253693 0.460445 -0.299378 -0.283160 0.613102 -0.313375 -0.234763 0.739992 -0.129894 -0.225663 0.442837 -0.151941 -0.258828 0.589140 -0.156433 -0.127837 0.622144 -0.031813 -0.129949 0.409883 -0.042071 -0.117094 0.529134 -0.084226 -0.022766 0.478851 
0.000000 0.000000 0.000000 -0.057662 0.018405 -0.044274 -0.311505 -0.252414 0.174764 -0.190557 -0.231851 0.214640 -0.100019 -0.199939 0.221510 -0.018247 -0.167913 0.223256 -0.219765 -0.022455 0.220111 -0.321199 -0.048022 0.385546 -0.278266 -0.103848 0.523846 -0.377034 -0.290912 0.388408 -0.416638 -0.314179 0.517529 -0.426965 -0.302471 0.633069 -0.264722 -0.296292 0.431022 -0.315165 -0.340121 0.578193 -0.334400 -0.302608 0.708047 -0.135470 -0.260686 0.420926 -0.160891 -0.304245 0.563920 -0.170488 -0.177212 0.609069 -0.039869 -0.160215 0.396633 -0.054751 -0.154917 0.515972 -0.099135 -0.056983 0.475448 
0.000000 0.000000 0.000000 -0.056475 0.019276 -0.045420 -0.309343 -0.272451 0.146177 -0.190822 -0.250582 0.192179 -0.101763 -0.216312 0.204694 -0.021261 -0.181887 0.211746 -0.219457 -0.040890 0.214702 -0.321440 -0.078536 0.377469 -0.284636 -0.144026 0.513276 -0.379510 -0.332000 0.353423 -0.421917 -0.367990 0.478676 -0.437650 -0.367622 0.594199 -0.267029 -0.331808 0.402105 -0.318861 -0.387053 0.544885 -0.343143 -0.359642 0.676408 -0.139228 -0.297316 0.396393 -0.166093 -0.355402 0.533853 -0.181285 -0.234562 0.592460 -0.043428 -0.189799 0.385044 -0.058687 -0.195245 0.504329 -0.105247 -0.094446 0.474754 
0.000000 0.000000 0.000000 -0.056354 0.021693 -0.044469 -0.306654 -0.286380 0.123452 -0.188856 -0.266231 0.172023 -0.100405 -0.231727 0.187796 -0.020468 -0.196797 0.198048 -0.224128 -0.059808 0.206640 -0.329110 -0.110806 0.363767 -0.299803 -0.186412 0.496099 -0.391123 -0.366484 0.318050 -0.442174 -0.414897 0.435660 -0.466961 -0.426784 0.548962 -0.270247 -0.369154 0.370156 -0.325604 -0.439157 0.504914 -0.353799 -0.422209 0.637418 -0.142879 -0.328011 0.371206 -0.173334 -0.397052 0.502723 -0.193088 -0.283062 0.572610 -0.051191 -0.217990 0.368908 -0.072338 -0.232578 0.486515 -0.121149 -0.130244 0.467849 
0.000000 0.000000 0.000000 -0.056394 0.023693 -0.043385 -0.305400 -0.293911 0.107876 -0.187779 -0.275730 0.157637 -0.099527 -0.241655 0.175338 -0.019782 -0.206910 0.187531 -0.223670 -0.072734 0.202719 -0.328340 -0.133072 0.356715 -0.303770 -0.216399 0.485322 -0.394655 -0.386707 0.294538 -0.448599 -0.442790 0.407351 -0.478746 -0.463114 0.518127 -0.272081 -0.391719 0.347147 -0.329419 -0.470608 0.476040 -0.359547 -0.460920 0.608847 -0.142736 -0.348371 0.352703 -0.173719 -0.424893 0.479885 -0.196046 -0.316414 0.557356 -0.050205 -0.241877 0.356167 -0.071145 -0.265946 0.472242 -0.120973 -0.162885 0.462308 
0.000000 0.000000 0.000000 -0.056350 0.022934 -0.043847 -0.302525 -0.297579 0.105904 -0.185527 -0.277869 0.156544 -0.097847 -0.242672 0.174879 -0.018638 -0.206917 0.187640 -0.219985 -0.078703 0.202607 -0.322378 -0.142301 0.356822 -0.301979 -0.227675 0.484814 -0.394781 -0.396221 0.288054 -0.450538 -0.455837 0.398141 -0.482827 -0.479584 0.507625 -0.270077 -0.401784 0.340856 -0.327584 -0.486063 0.466213 -0.357882 -0.479780 0.599186 -0.138853 -0.357431 0.347687 -0.168256 -0.439720 0.471601 -0.191112 -0.334709 0.553567 -0.047390 -0.249235 0.354879 -0.067181 -0.278362 0.469993 -0.118086 -0.175502 0.464378 
0.000000 0.000000 0.000000 -0.056797 0.022312 -0.043591 -0.301628 -0.295597 0.113724 -0.184078 -0.275225 0.162799 -0.096177 -0.239839 0.179648 -0.016805 -0.203973 0.191008 -0.216950 -0.073908 0.207285 -0.317163 -0.134117 0.364268 -0.297091 -0.216963 0.493961 -0.394222 -0.389016 0.298438 -0.450184 -0.445476 0.410074 -0.482080 -0.466571 0.520214 -0.267049 -0.396334 0.349676 -0.323480 -0.478706 0.476778 -0.353107 -0.470477 0.609797 -0.137793 -0.351353 0.354424 -0.167634 -0.431315 0.479749 -0.191031 -0.326175 0.561396 -0.042797 -0.245062 0.359003 -0.060687 -0.273345 0.474637 -0.111950 -0.170620 0.469874 
0.000000 0.000000 0.000000 -0.056224 0.021279 -0.044833 -0.303842 -0.291533 0.118232 -0.186797 -0.270169 0.168086 -0.098983 -0.234588 0.184978 -0.019633 -0.198653 0.196272 -0.217237 -0.065620 0.208878 -0.317989 -0.119995 0.367635 -0.298121 -0.200277 0.498962 -0.396265 -0.374812 0.307817 -0.452124 -0.425144 0.422397 -0.482412 -0.441389 0.533806 -0.268606 -0.383829 0.360083 -0.324248 -0.461134 0.490669 -0.352170 -0.448980 0.623755 -0.139981 -0.344105 0.361157 -0.169379 -0.422635 0.487488 -0.190649 -0.316028 0.567802 -0.044935 -0.234443 0.365580 -0.062351 -0.259077 0.482118 -0.112159 -0.155724 0.475755 
0.000000 0.000000 0.000000 -0.056971 0.023260 -0.042863 -0.312009 -0.275013 0.135309 -0.192131 -0.258495 0.180009 -0.102125 -0.226876 0.192728 -0.020781 -0.194584 0.200191 -0.215667 -0.055775 0.214849 -0.314968 -0.105231 0.376108 -0.292621 -0.182324 0.508939 -0.400141 -0.346867 0.331498 -0.453405 -0.390293 0.450069 -0.479735 -0.397709 0.563404 -0.275262 -0.369105 0.373216 -0.331803 -0.444335 0.504624 -0.356497 -0.426914 0.637764 -0.141348 -0.332311 0.371777 -0.169474 -0.407915 0.500166 -0.185909 -0.298644 0.577998 -0.044127 -0.229729 0.369914 -0.060197 -0.253920 0.486738 -0.107183 -0.149336 0.479149 
0.000000 0.000000 0.000000 -0.057283 0.024518 -0.041731 -0.317151 -0.262677 0.147331 -0.195675 -0.249484 0.188695 -0.104387 -0.220668 0.198634 -0.021869 -0.190967 0.203530 -0.208305 -0.044013 0.223490 -0.302805 -0.086895 0.389448 -0.274580 -0.161841 0.522389 -0.403901 -0.325302 0.347263 -0.456329 -0.363151 0.468097 -0.479203 -0.364023 0.582417 -0.278302 -0.353873 0.385547 -0.334500 -0.424871 0.519433 -0.353286 -0.401642 0.652651 -0.143662 -0.323246 0.379324 -0.171826 -0.396801 0.508889 -0.183532 -0.285072 0.584039 -0.043811 -0.221545 0.374322 -0.058914 -0.242593 0.491881 -0.103702 -0.137224 0.482160 
0.000000 0.000000 0.000000 -0.057126 0.024647 -0.041869 -0.320530 -0.254445 0.154300 -0.198601 -0.242468 0.194690 -0.106790 -0.214984 0.203529 -0.023765 -0.186568 0.207361 -0.206683 -0.032978 0.226754 -0.300266 -0.069035 0.394841 -0.262173 -0.142913 0.525905 -0.402950 -0.303027 0.359889 -0.452762 -0.332388 0.484142 -0.469179 -0.321206 0.599027 -0.282760 -0.335908 0.396335 -0.340000 -0.399459 0.533482 -0.352960 -0.369928 0.666145 -0.143032 -0.308527 0.389674 -0.169020 -0.375602 0.523151 -0.173262 -0.258383 0.590306 -0.042060 -0.210358 0.379656 -0.054653 -0.226733 0.498250 -0.093802 -0.120320 0.479629 
0.000000 0.000000 0.000000 -0.057329 0.023121 -0.042458 -0.320631 -0.245646 0.167762 -0.198319 -0.232611 0.206637 -0.106295 -0.205290 0.213550 -0.023091 -0.177206 0.215490 -0.206546 -0.022335 0.228677 -0.299915 -0.050778 0.398336 -0.254942 -0.116817 0.531389 -0.395248 -0.282890 0.378630 -0.440344 -0.305399 0.506073 -0.451523 -0.283470 0.620035 -0.280963 -0.314345 0.413914 -0.337173 -0.369935 0.554892 -0.346671 -0.333122 0.686018 -0.145023 -0.287697 0.404398 -0.172794 -0.346788 0.541248 -0.175051 -0.224667 0.599122 -0.039888 -0.193329 0.388823 -0.051449 -0.204427 0.508131 -0.088174 -0.099142 0.480391 
0.000000 0.000000 0.000000 -0.057263 0.019887 -0.044151 -0.318604 -0.240705 0.178446 -0.196851 -0.223733 0.217556 -0.105294 -0.194713 0.223710 -0.022522 -0.165337 0.224783 -0.208567 -0.020083 0.226692 -0.303244 -0.045094 0.396167 -0.254665 -0.104421 0.531102 -0.392471 -0.268803 0.390989 -0.437115 -0.285784 0.519444 -0.445911 -0.254928 0.631531 -0.276021 -0.299818 0.428311 -0.329868 -0.351567 0.571654 -0.337923 -0.309030 0.701134 -0.139055 -0.271236 0.417922 -0.163263 -0.326109 0.557183 -0.166086 -0.200389 0.606728 -0.039531 -0.173774 0.398639 -0.051238 -0.179580 0.518307 -0.087380 -0.076429 0.482856 
0.000000 0.000000 0.000000 -0.056795 0.016916 -0.045957 -0.319030 -0.233645 0.186869 -0.198002 -0.213424 0.226678 -0.106798 -0.183249 0.232509 -0.024308 -0.153079 0.233125 -0.206195 -0.008507 0.227684 -0.299680 -0.024415 0.398911 -0.249252 -0.078623 0.535312 -0.387302 -0.247962 0.402633 -0.428563 -0.256615 0.533035 -0.433720 -0.219550 0.643456 -0.275969 -0.265110 0.445137 -0.328997 -0.300264 0.593719 -0.334718 -0.250949 0.720899 -0.140238 -0.248178 0.430952 -0.164217 -0.294736 0.573248 -0.165186 -0.166327 0.615414 -0.040029 -0.152661 0.407305 -0.050850 -0.152373 0.527197 -0.086067 -0.051289 0.485425 
0.000000 0.000000 0.000000 -0.057199 0.017525 -0.045222 -0.322254 -0.218062 0.199729 -0.199813 -0.200739 0.236465 -0.107586 -0.173406 0.239587 -0.024178 -0.145932 0.237677 -0.202623 0.000302 0.231186 -0.293620 -0.010474 0.404144 -0.241967 -0.059869 0.541909 -0.388611 -0.221763 0.416531 -0.428716 -0.223999 0.547560 -0.431255 -0.182280 0.656400 -0.274787 -0.245660 0.457453 -0.325779 -0.276212 0.607756 -0.329005 -0.222210 0.733106 -0.139802 -0.231947 0.440208 -0.162903 -0.273925 0.584065 -0.160562 -0.143764 0.620407 -0.037323 -0.138528 0.411914 -0.046371 -0.133432 0.531845 -0.080619 -0.033926 0.485708 
0.000000 0.000000 0.000000 -0.057328 0.018469 -0.044680 -0.325068 -0.207253 0.206560 -0.201741 -0.192681 0.241479 -0.108805 -0.167716 0.243062 -0.024750 -0.142441 0.239727 -0.202320 0.012429 0.232425 -0.293046 0.008650 0.405820 -0.242135 -0.038073 0.544787 -0.389216 -0.209406 0.424047 -0.427986 -0.210707 0.555490 -0.429357 -0.168246 0.664064 -0.275421 -0.232150 0.463937 -0.325534 -0.258995 0.615240 -0.327370 -0.202465 0.739500 -0.139950 -0.218769 0.445885 -0.162284 -0.255377 0.591322 -0.157799 -0.124468 0.624648 -0.038097 -0.131562 0.413767 -0.047284 -0.124074 0.533562 -0.080680 -0.024989 0.485916 
0.000000 0.000000 0.000000 -0.057470 0.018605 -0.044440 -0.325918 -0.200159 0.212142 -0.202114 -0.186724 0.245808 -0.108853 -0.162955 0.246258 -0.024510 -0.138828 0.241862 -0.199281 0.015446 0.234354 -0.288018 0.013470 0.408804 -0.237236 -0.033167 0.547848 -0.387030 -0.197325 0.430494 -0.423964 -0.195613 0.562459 -0.423988 -0.152086 0.670619 -0.273461 -0.221826 0.469754 -0.321987 -0.245700 0.622069 -0.322172 -0.187673 0.745650 -0.137731 -0.212108 0.449884 -0.158439 -0.247353 0.595897 -0.152054 -0.116213 0.627984 -0.031439 -0.124139 0.415996 -0.036209 -0.114028 0.535855 -0.069054 -0.015042 0.487624 
0.000000 0.000000 0.000000 -0.057587 0.017564 -0.044711 -0.325352 -0.195146 0.217610 -0.201461 -0.180932 0.250628 -0.108200 -0.157161 0.250279 -0.023869 -0.133144 0.245100 -0.196717 0.021238 0.235424 -0.283775 0.023537 0.410715 -0.231987 -0.021946 0.549769 -0.385647 -0.185949 0.436014 -0.422088 -0.180390 0.568011 -0.420717 -0.135738 0.675702 -0.273100 -0.214881 0.474659 -0.321824 -0.237971 0.627031 -0.320545 -0.178853 0.750088 -0.137282 -0.203724 0.454484 -0.158136 -0.237113 0.600912 -0.150196 -0.105666 0.631353 -0.032604 -0.118432 0.419150 -0.038616 -0.108305 0.538952 -0.071134 -0.009593 0.489946 
0.000000 0.000000 0.000000 -0.057831 0.017392 -0.044464 -0.324754 -0.190856 0.222258 -0.200534 -0.176980 0.254168 -0.107147 -0.153746 0.252840 -0.022726 -0.130269 0.246748 -0.194908 0.023429 0.236641 -0.280682 0.027207 0.412537 -0.228193 -0.017517 0.551575 -0.384840 -0.179406 0.440613 -0.421155 -0.172485 0.572581 -0.419217 -0.127476 0.680115 -0.270247 -0.209204 0.479060 -0.317661 -0.231120 0.632018 -0.315719 -0.170269 0.754217 -0.134575 -0.199618 0.457430 -0.154242 -0.232511 0.604134 -0.145359 -0.100842 0.633331 -0.027478 -0.112336 0.420651 -0.030750 -0.099992 0.540351 -0.063096 -0.001338 0.491114 
0.000000 0.000000 0.000000 -0.057999 0.017520 -0.044194 -0.324404 -0.188479 0.224784 -0.199937 -0.175100 0.255934 -0.106447 -0.152329 0.253990 -0.021948 -0.129288 0.247334 -0.190967 0.028321 0.238735 -0.274171 0.035080 0.415774 -0.220992 -0.009709 0.554529 -0.382021 -0.176583 0.443779 -0.416843 -0.169394 0.576134 -0.414072 -0.124662 0.683766 -0.266260 -0.204183 0.482274 -0.311369 -0.223964 0.636218 -0.308859 -0.161750 0.757718 -0.128162 -0.196713 0.459592 -0.143733 -0.228540 0.607022 -0.133781 -0.096944 0.636201 -0.025039 -0.113433 0.421476 -0.027166 -0.102519 0.541341 -0.058747 -0.003091 0.493177 
0.000000 0.000000 0.000000 -0.058298 0.018841 -0.043246 -0.324489 -0.184217 0.228169 -0.199374 -0.173255 0.257624 -0.105530 -0.152129 0.254492 -0.020738 -0.130543 0.246778 -0.191071 0.030261 0.239751 -0.274152 0.037406 0.416832 -0.220738 -0.007817 0.555355 -0.382006 -0.175076 0.447323 -0.416768 -0.169552 0.579774 -0.413636 -0.125364 0.687620 -0.266143 -0.205201 0.483446 -0.311556 -0.226930 0.637037 -0.308673 -0.164481 0.758409 -0.129444 -0.195599 0.460046 -0.146592 -0.226769 0.607440 -0.135767 -0.095336 0.637040 -0.022502 -0.113952 0.420870 -0.023717 -0.102533 0.540701 -0.055014 -0.002264 0.494119 
0.000000 0.000000 0.000000 -0.058358 0.018833 -0.043169 -0.324354 -0.182801 0.229496 -0.199148 -0.172018 0.258626 -0.105266 -0.151106 0.255210 -0.020445 -0.129728 0.247232 -0.190154 0.031954 0.240210 -0.272623 0.040165 0.417531 -0.219330 -0.005407 0.555986 -0.381107 -0.173534 0.448844 -0.415406 -0.167933 0.581412 -0.412219 -0.124310 0.689486 -0.264387 -0.202688 0.485071 -0.308760 -0.223549 0.639086 -0.305255 -0.160906 0.760341 -0.128948 -0.196453 0.460385 -0.145929 -0.228970 0.607507 -0.134106 -0.097833 0.638027 -0.023781 -0.111651 0.421153 -0.026077 -0.099208 0.540866 -0.056848 0.001781 0.495506 
0.000000 0.000000 0.000000 -0.058281 0.019005 -0.043197 -0.325043 -0.181524 0.229535 -0.199808 -0.171153 0.258690 -0.105854 -0.150568 0.255285 -0.020957 -0.129488 0.247315 -0.190179 0.034041 0.240040 -0.272712 0.043449 0.417271 -0.220072 -0.002774 0.555760 -0.383228 -0.172573 0.448521 -0.418393 -0.167164 0.580869 -0.416159 -0.125136 0.689597 -0.264711 -0.202462 0.485145 -0.308854 -0.223755 0.639167 -0.305131 -0.161683 0.760709 -0.129344 -0.195775 0.460513 -0.146187 -0.228190 0.607674 -0.133388 -0.097547 0.639867 -0.024174 -0.117370 0.421755 -0.026388 -0.109030 0.541825 -0.056288 -0.006543 0.499331 
0.000000 0.000000 0.000000 -0.058384 0.020313 -0.042457 -0.325415 -0.180776 0.229599 -0.199836 -0.172333 0.257884 -0.105667 -0.152841 0.254008 -0.020585 -0.132681 0.245648 -0.189286 0.034561 0.241283 -0.271196 0.043476 0.418828 -0.218593 -0.003778 0.556983 -0.384244 -0.175526 0.448532 -0.419798 -0.172353 0.580849 -0.419045 -0.133015 0.690599 -0.265157 -0.204999 0.484027 -0.309585 -0.227217 0.637836 -0.306480 -0.165702 0.759678 -0.130989 -0.197611 0.459114 -0.149147 -0.229713 0.606187 -0.135991 -0.099584 0.640264 -0.023131 -0.122034 0.420195 -0.024883 -0.114705 0.540338 -0.054446 -0.010954 0.500779 
0.000000 0.000000 0.000000 -0.058523 0.021372 -0.041739 -0.324840 -0.184845 0.227160 -0.199112 -0.177333 0.255039 -0.104910 -0.158004 0.251147 -0.019814 -0.137886 0.242829 -0.191112 0.035086 0.241243 -0.274077 0.043668 0.418314 -0.221556 -0.003084 0.556671 -0.383892 -0.181102 0.446064 -0.419582 -0.178840 0.578363 -0.420750 -0.142220 0.689046 -0.263598 -0.216904 0.480316 -0.307458 -0.243817 0.633537 -0.306296 -0.182582 0.755554 -0.129623 -0.203818 0.456096 -0.147343 -0.236669 0.603057 -0.135005 -0.107165 0.639725 -0.018821 -0.126137 0.417320 -0.018137 -0.118050 0.537426 -0.049382 -0.012838 0.503406 
0.000000 0.000000 0.000000 -0.058607 0.022153 -0.041211 -0.323915 -0.193315 0.221356 -0.198277 -0.185764 0.249631 -0.104200 -0.165711 0.246431 -0.019228 -0.144806 0.238815 -0.197089 0.031223 0.239123 -0.283742 0.036898 0.414538 -0.232120 -0.009403 0.553384 -0.387260 -0.196268 0.439069 -0.425545 -0.198053 0.570649 -0.430034 -0.164576 0.682239 -0.265206 -0.232169 0.472883 -0.310728 -0.263730 0.624726 -0.312274 -0.200989 0.745971 -0.132245 -0.212817 0.450657 -0.152354 -0.246596 0.597100 -0.142701 -0.117963 0.637456 -0.021879 -0.138343 0.413565 -0.023703 -0.133894 0.533848 -0.056935 -0.027227 0.506999 
0.000000 0.000000 0.000000 -0.058614 0.023570 -0.040406 -0.323945 -0.200300 0.215012 -0.198280 -0.193811 0.243433 -0.104187 -0.173748 0.240838 -0.019201 -0.152678 0.233863 -0.201800 0.025759 0.237693 -0.291396 0.027129 0.411710 -0.240632 -0.018327 0.551150 -0.391135 -0.210841 0.431332 -0.431744 -0.217212 0.562070 -0.439366 -0.185714 0.674065 -0.265777 -0.243060 0.465903 -0.311685 -0.276556 0.617215 -0.315962 -0.211257 0.737036 -0.131156 -0.217593 0.445933 -0.150493 -0.249033 0.592999 -0.144110 -0.120974 0.635757 -0.020070 -0.146362 0.408636 -0.020669 -0.142014 0.528936 -0.055681 -0.034679 0.507574 
0.000000 0.000000 0.000000 -0.058586 0.022627 -0.040983 -0.321605 -0.213252 0.205873 -0.196668 -0.203720 0.236552 -0.103158 -0.180957 0.235922 -0.018705 -0.157365 0.230776 -0.208474 0.021119 0.233566 -0.302265 0.020176 0.405362 -0.253209 -0.024274 0.545735 -0.395912 -0.223318 0.419876 -0.440822 -0.229401 0.549214 -0.451082 -0.197303 0.660827 -0.268234 -0.257493 0.456691 -0.316910 -0.294065 0.606417 -0.324703 -0.227648 0.725444 -0.135225 -0.224250 0.440400 -0.158219 -0.255294 0.587023 -0.158361 -0.128086 0.632698 -0.025821 -0.149701 0.405352 -0.030719 -0.144426 0.525517 -0.067620 -0.037050 0.507858 
0.000000 0.000000 0.000000 -0.058298 0.021311 -0.042084 -0.319046 -0.227614 0.194144 -0.195313 -0.214346 0.228136 -0.102659 -0.188393 0.230251 -0.018972 -0.161844 0.227635 -0.217364 0.014371 0.227168 -0.316896 0.010029 0.395648 -0.270624 -0.032980 0.537408 -0.394565 -0.244556 0.407287 -0.440206 -0.254796 0.536105 -0.451170 -0.221684 0.647355 -0.269931 -0.271747 0.446337 -0.320682 -0.310787 0.594745 -0.333438 -0.242469 0.712258 -0.133040 -0.227435 0.435839 -0.154824 -0.255430 0.583258 -0.162959 -0.129909 0.632717 -0.029958 -0.152545 0.401931 -0.037521 -0.146145 0.521902 -0.076551 -0.039070 0.507244 
0.000000 0.000000 0.000000 -0.057720 0.019177 -0.043869 -0.315983 -0.240351 0.183513 -0.193990 -0.222425 0.221432 -0.102522 -0.192924 0.226530 -0.019882 -0.163160 0.226616 -0.222467 0.008292 0.221812 -0.325555 0.001482 0.388057 -0.282621 -0.040455 0.531183 -0.389379 -0.261180 0.397053 -0.433738 -0.273769 0.526110 -0.444877 -0.240257 0.637223 -0.269553 -0.283484 0.438311 -0.320947 -0.325013 0.585819 -0.337048 -0.254099 0.701367 -0.134972 -0.226546 0.432758 -0.158240 -0.250655 0.580637 -0.172736 -0.126989 0.633216 -0.031057 -0.152229 0.400805 -0.038749 -0.144706 0.520703 -0.079255 -0.037852 0.508671 
0.000000 0.000000 0.000000 -0.057546 0.019641 -0.043892 -0.315775 -0.245379 0.177103 -0.194132 -0.227459 0.216131 -0.102868 -0.197544 0.222353 -0.020402 -0.167324 0.223512 -0.229523 0.003738 0.216909 -0.337135 -0.006213 0.380102 -0.297758 -0.047428 0.524454 -0.395712 -0.273921 0.387378 -0.444024 -0.291170 0.514462 -0.457567 -0.258600 0.625588 -0.273605 -0.292289 0.430503 -0.327658 -0.336383 0.576307 -0.346413 -0.264148 0.690630 -0.140376 -0.226235 0.428469 -0.167272 -0.246809 0.576266 -0.185824 -0.124718 0.631200 -0.035523 -0.154037 0.397239 -0.045931 -0.144892 0.516818 -0.086707 -0.037894 0.507228 
0.000000 0.000000 0.000000 -0.057258 0.019140 -0.044487 -0.314207 -0.251895 0.170626 -0.193393 -0.232433 0.211450 -0.102702 -0.201154 0.219170 -0.020745 -0.169661 0.221711 -0.235114 0.001684 0.212240 -0.346405 -0.009238 0.372883 -0.310843 -0.049587 0.518465 -0.397411 -0.285797 0.378828 -0.447697 -0.306286 0.504659 -0.463197 -0.274887 0.615866 -0.276223 -0.296077 0.424905 -0.332560 -0.339363 0.570085 -0.352564 -0.263642 0.681913 -0.140685 -0.224040 0.425924 -0.167921 -0.240451 0.574180 -0.189778 -0.120555 0.632620 -0.044366 -0.158143 0.394615 -0.060624 -0.150215 0.513628 -0.100124 -0.042464 0.507922 
0.000000 0.000000 0.000000 -0.056755 0.017969 -0.045606 -0.312878 -0.256647 0.165921 -0.193187 -0.234930 0.208863 -0.103208 -0.202050 0.218105 -0.021868 -0.169129 0.222010 -0.237881 0.001583 0.208896 -0.351218 -0.008671 0.368147 -0.320960 -0.047119 0.515433 -0.398615 -0.293382 0.372609 -0.450432 -0.315583 0.497526 -0.466872 -0.283940 0.608528 -0.279302 -0.298310 0.421093 -0.337872 -0.341418 0.565439 -0.358135 -0.259816 0.673003 -0.145363 -0.218178 0.424688 -0.175590 -0.229743 0.572821 -0.199225 -0.112875 0.636472 -0.051530 -0.155913 0.393858 -0.071948 -0.146816 0.512144 -0.109250 -0.038134 0.512119 
0.000000 0.000000 0.000000 -0.056540 0.017511 -0.046049 -0.311779 -0.259957 0.162808 -0.192668 -0.237175 0.206795 -0.103090 -0.203451 0.216856 -0.022106 -0.169758 0.221505 -0.238021 0.000056 0.208129 -0.351579 -0.010867 0.367177 -0.328935 -0.047167 0.516363 -0.396470 -0.297071 0.369859 -0.447655 -0.319502 0.494995 -0.463913 -0.285280 0.605257 -0.278709 -0.295179 0.420587 -0.337228 -0.334631 0.565996 -0.357595 -0.247012 0.668697 -0.145957 -0.211225 0.423775 -0.176696 -0.216800 0.572149 -0.202289 -0.105319 0.644156 -0.056330 -0.155356 0.392408 -0.079887 -0.145443 0.510043 -0.116019 -0.036646 0.517834 
0.000000 0.000000 0.000000 -0.056562 0.016606 -0.046356 -0.308314 -0.265280 0.160809 -0.189852 -0.240552 0.205495 -0.100909 -0.205345 0.216095 -0.020527 -0.170307 0.221235 -0.237921 -0.003910 0.207679 -0.351404 -0.016748 0.366638 -0.337878 -0.052481 0.517061 -0.392390 -0.302698 0.368056 -0.443203 -0.325314 0.493310 -0.459935 -0.289008 0.602832 -0.275419 -0.303425 0.418097 -0.332391 -0.326183 0.567633 -0.353211 -0.232593 0.664827 -0.141549 -0.207821 0.423594 -0.170690 -0.209598 0.572384 -0.198688 -0.103137 0.650808 -0.055604 -0.157035 0.392056 -0.079748 -0.147899 0.509636 -0.116354 -0.040025 0.524675 