75
0.000000 0.000000 0.000000 -0.061017 -0.013466 -0.041467 0.073412 -0.411404 -0.129027 0.147031 -0.336018 -0.040135 0.182519 -0.255393 0.022525 0.202425 -0.179765 0.071275 -0.111872 -0.270146 0.129927 -0.143693 -0.430759 0.237174 -0.111278 -0.559119 0.318166 0.043642 -0.591976 0.004867 0.025650 -0.701108 0.085789 0.023326 -0.802029 0.144122 0.216966 -0.518304 0.095347 0.264531 -0.642285 0.187494 0.225359 -0.688730 0.309754 0.246588 -0.410099 0.151657 0.258468 -0.499482 0.273560 0.197273 -0.502781 0.394027 0.240650 -0.303078 0.189253 0.266961 -0.387957 0.270460 0.178550 -0.379166 0.343325 
0.000000 0.000000 0.000000 -0.061243 -0.013610 -0.041085 0.071065 -0.413009 -0.125153 0.145375 -0.337061 -0.037321 0.181473 -0.255968 0.024379 0.201910 -0.179941 0.072282 -0.113787 -0.267845 0.133414 -0.146666 -0.426929 0.242604 -0.113421 -0.554474 0.324542 0.039946 -0.590336 0.012712 0.021139 -0.697509 0.096034 0.018842 -0.798164 0.154825 0.214110 -0.516648 0.102317 0.260859 -0.638792 0.197290 0.221716 -0.682893 0.320425 0.251422 -0.409165 0.152252 0.261894 -0.493158 0.278055 0.201979 -0.493987 0.399206 0.241631 -0.298760 0.194309 0.268971 -0.380546 0.278303 0.179772 -0.369563 0.349899 
0.000000 0.000000 0.000000 -0.061921 -0.014601 -0.039705 0.069463 -0.415684 -0.116929 0.145168 -0.337684 -0.032138 0.182210 -0.255172 0.027072 0.203364 -0.178055 0.072874 -0.114131 -0.267022 0.137507 -0.146800 -0.424970 0.248396 -0.112189 -0.550727 0.332502 0.039235 -0.591627 0.022894 0.020966 -0.697962 0.107400 0.018978 -0.797748 0.167665 0.212507 -0.513409 0.112985 0.258307 -0.632926 0.211690 0.218579 -0.673034 0.335997 0.247645 -0.407282 0.158580 0.255126 -0.488590 0.286345 0.195125 -0.486140 0.407432 0.241240 -0.293619 0.198559 0.267311 -0.373164 0.285070 0.176689 -0.358936 0.354268 
0.000000 0.000000 0.000000 -0.061785 -0.015458 -0.039592 0.070660 -0.417594 -0.109146 0.145975 -0.337895 -0.025598 0.182685 -0.254237 0.032193 0.203554 -0.176250 0.076634 -0.113684 -0.262557 0.145055 -0.146160 -0.417176 0.260596 -0.110353 -0.540102 0.348311 0.038349 -0.588171 0.036729 0.018820 -0.691263 0.124892 0.016551 -0.789609 0.187471 0.210559 -0.509326 0.125778 0.254485 -0.625923 0.228736 0.213743 -0.661761 0.354016 0.252535 -0.404957 0.163029 0.252272 -0.474968 0.297524 0.193125 -0.468727 0.418895 0.237560 -0.288830 0.206078 0.260968 -0.366321 0.295176 0.168853 -0.348993 0.361642 
0.000000 0.000000 0.000000 -0.062210 -0.016506 -0.038488 0.068983 -0.420710 -0.097646 0.145260 -0.338733 -0.017234 0.182673 -0.253485 0.037713 0.204101 -0.174271 0.079646 -0.114823 -0.259119 0.151819 -0.147745 -0.410931 0.270901 -0.111483 -0.531099 0.362179 0.034857 -0.585573 0.054262 0.014234 -0.685212 0.146071 0.011416 -0.781638 0.211546 0.207601 -0.503406 0.142361 0.250002 -0.615407 0.250909 0.208263 -0.646212 0.377195 0.255291 -0.400870 0.170822 0.248858 -0.459803 0.310379 0.189837 -0.449086 0.431498 0.231840 -0.279328 0.216685 0.250934 -0.351642 0.311012 0.157274 -0.331124 0.374337 
0.000000 0.000000 0.000000 -0.061472 -0.016962 -0.039463 0.069156 -0.422702 -0.088491 0.144111 -0.339566 -0.008025 0.180750 -0.253473 0.046120 0.201651 -0.173588 0.087034 -0.114969 -0.254579 0.156808 -0.148444 -0.403264 0.279623 -0.111664 -0.521060 0.373742 0.031716 -0.580926 0.069571 0.009088 -0.676553 0.165098 0.006325 -0.771138 0.233210 0.202047 -0.499828 0.157607 0.241451 -0.608829 0.270260 0.198636 -0.634841 0.397262 0.259108 -0.401855 0.174791 0.244039 -0.448398 0.318310 0.184915 -0.433588 0.438946 0.228905 -0.276398 0.225864 0.247664 -0.347164 0.321423 0.153086 -0.324467 0.382602 
0.000000 0.000000 0.000000 -0.062085 -0.018280 -0.037884 0.068670 -0.425086 -0.076657 0.144766 -0.339382 -0.000049 0.182103 -0.251601 0.050809 0.203497 -0.170460 0.088900 -0.111588 -0.253343 0.162468 -0.142563 -0.400431 0.287835 -0.104826 -0.516194 0.384073 0.031420 -0.577093 0.087436 0.008906 -0.668961 0.186610 0.007369 -0.761535 0.257469 0.202572 -0.492038 0.172662 0.241888 -0.595865 0.290130 0.198722 -0.617913 0.417762 0.260181 -0.398529 0.181307 0.239811 -0.436936 0.326568 0.180789 -0.419592 0.446916 0.230733 -0.266841 0.232271 0.249480 -0.333181 0.330957 0.154993 -0.309351 0.391845 
0.000000 0.000000 0.000000 -0.060794 -0.019778 -0.039202 0.075905 -0.425559 -0.066543 0.148820 -0.337462 0.010443 0.183677 -0.248268 0.060597 0.203030 -0.166156 0.097685 -0.106557 -0.248047 0.169712 -0.135192 -0.390883 0.300437 -0.097661 -0.503534 0.400377 0.037809 -0.572778 0.101670 0.014785 -0.661752 0.203333 0.013792 -0.751762 0.277430 0.204509 -0.484990 0.188232 0.242385 -0.585329 0.309153 0.197040 -0.604087 0.436555 0.266928 -0.392743 0.190635 0.243403 -0.424111 0.337105 0.183707 -0.404406 0.456755 0.231006 -0.260907 0.241996 0.250264 -0.326126 0.341329 0.155066 -0.302024 0.400991 
0.000000 0.000000 0.000000 -0.059265 -0.021723 -0.040493 0.085555 -0.425330 -0.055360 0.154595 -0.334309 0.021796 0.186354 -0.243460 0.071030 0.203125 -0.160252 0.106913 -0.101934 -0.246441 0.172879 -0.128633 -0.387055 0.306393 -0.090480 -0.496644 0.409454 0.048050 -0.564721 0.119522 0.025383 -0.648964 0.225216 0.025234 -0.735756 0.303064 0.212014 -0.472548 0.206370 0.251067 -0.566570 0.331907 0.204332 -0.581739 0.459285 0.272722 -0.385348 0.201883 0.246113 -0.411553 0.348839 0.184938 -0.389926 0.467405 0.233932 -0.249328 0.254232 0.255137 -0.310640 0.355634 0.158918 -0.286531 0.413632 
0.000000 0.000000 0.000000 -0.057632 -0.023733 -0.041704 0.093966 -0.425118 -0.041657 0.159134 -0.331023 0.035179 0.187910 -0.238433 0.082982 0.202240 -0.154070 0.117186 -0.097153 -0.240414 0.180408 -0.121882 -0.376000 0.319391 -0.083452 -0.480859 0.427161 0.053966 -0.554979 0.139882 0.029792 -0.633463 0.249599 0.030047 -0.716134 0.331809 0.215529 -0.460329 0.226422 0.253886 -0.548276 0.356494 0.205437 -0.559357 0.483652 0.280527 -0.374540 0.215687 0.250135 -0.391607 0.363254 0.187536 -0.366411 0.480363 0.231559 -0.238913 0.267281 0.251740 -0.297312 0.370594 0.154134 -0.273027 0.426150 
0.000000 0.000000 0.000000 -0.057393 -0.025639 -0.040898 0.098243 -0.425269 -0.028013 0.162463 -0.328102 0.045736 0.190307 -0.233739 0.090528 0.203788 -0.148181 0.122000 -0.093465 -0.237183 0.186686 -0.116037 -0.369553 0.329093 -0.078028 -0.470704 0.440497 0.055857 -0.547744 0.158061 0.030240 -0.621764 0.270519 0.030031 -0.701098 0.355955 0.218099 -0.451576 0.241014 0.255940 -0.535555 0.373830 0.206241 -0.543284 0.500754 0.286773 -0.366306 0.224073 0.250468 -0.373112 0.371132 0.187094 -0.344535 0.487042 0.233778 -0.226880 0.275275 0.254420 -0.281051 0.380777 0.155807 -0.256740 0.434513 
0.000000 0.000000 0.000000 -0.056432 -0.026750 -0.041519 0.102151 -0.424821 -0.019549 0.164238 -0.325987 0.053810 0.190504 -0.230710 0.097609 0.202723 -0.144562 0.127970 -0.093137 -0.233413 0.190406 -0.116104 -0.362730 0.335530 -0.079527 -0.461058 0.449900 0.058493 -0.543423 0.168727 0.032107 -0.615103 0.282515 0.030858 -0.692303 0.369875 0.217451 -0.445388 0.252270 0.253644 -0.526597 0.387251 0.202388 -0.532181 0.513667 0.286158 -0.360442 0.234480 0.246081 -0.362931 0.380694 0.181068 -0.332731 0.495277 0.231892 -0.222736 0.281672 0.251970 -0.276545 0.387468 0.152562 -0.252370 0.439782 
0.000000 0.000000 0.000000 -0.056244 -0.027584 -0.041227 0.103784 -0.424678 -0.012946 0.165345 -0.324518 0.059045 0.191161 -0.228494 0.101460 0.202993 -0.141854 0.130547 -0.093164 -0.231138 0.193398 -0.116266 -0.358510 0.340210 -0.081101 -0.454676 0.456840 0.059133 -0.539407 0.177484 0.032147 -0.608747 0.292575 0.029668 -0.684476 0.381187 0.218118 -0.441252 0.259202 0.254011 -0.520649 0.395336 0.202684 -0.525284 0.521761 0.287695 -0.354966 0.240743 0.249353 -0.357548 0.387420 0.183742 -0.326125 0.501331 0.232085 -0.217344 0.285599 0.252109 -0.269305 0.392324 0.152297 -0.245121 0.443859 
0.000000 0.000000 0.000000 -0.054334 -0.026641 -0.044294 0.109120 -0.422841 -0.024265 0.166771 -0.324740 0.053563 0.189861 -0.230062 0.100351 0.199587 -0.144421 0.132961 -0.097239 -0.236757 0.183426 -0.124087 -0.368234 0.325919 -0.090781 -0.466617 0.441238 0.061324 -0.546282 0.159850 0.032438 -0.620886 0.271123 0.028254 -0.699276 0.357325 0.214502 -0.454371 0.246933 0.246965 -0.542538 0.378452 0.194327 -0.551230 0.504122 0.278053 -0.361215 0.240832 0.240399 -0.373805 0.387169 0.170776 -0.344385 0.499219 0.227983 -0.227244 0.284355 0.247528 -0.284253 0.388563 0.146012 -0.262070 0.437610 
0.000000 0.000000 0.000000 -0.055166 -0.023651 -0.044958 0.103553 -0.422266 -0.047526 0.163312 -0.329044 0.034591 0.188116 -0.237214 0.085953 0.199283 -0.153510 0.122850 -0.099836 -0.248855 0.167490 -0.127788 -0.389773 0.300425 -0.096472 -0.496002 0.409153 0.056138 -0.560013 0.126249 0.027482 -0.643263 0.231274 0.022196 -0.727583 0.311620 0.207712 -0.470958 0.219965 0.237910 -0.567479 0.346045 0.185010 -0.584049 0.470810 0.273973 -0.376397 0.220006 0.235742 -0.397622 0.365192 0.165665 -0.374431 0.478414 0.223882 -0.245050 0.269825 0.240814 -0.308058 0.370991 0.138966 -0.288491 0.420458 
0.000000 0.000000 0.000000 -0.054107 -0.019532 -0.048113 0.101737 -0.418177 -0.077895 0.159939 -0.332253 0.012847 0.184016 -0.244975 0.071914 0.194792 -0.164534 0.115568 -0.101231 -0.258931 0.147627 -0.130718 -0.408731 0.270108 -0.102001 -0.523696 0.370334 0.054192 -0.570356 0.083354 0.025457 -0.662329 0.180809 0.019260 -0.753048 0.253780 0.203467 -0.490257 0.184936 0.233072 -0.597722 0.301980 0.180649 -0.623725 0.425329 0.266086 -0.393657 0.197898 0.234424 -0.431641 0.341235 0.165015 -0.415903 0.456138 0.221295 -0.267225 0.254630 0.239538 -0.337909 0.350349 0.137919 -0.321886 0.401536 
0.000000 0.000000 0.000000 -0.054989 -0.016310 -0.048312 0.096344 -0.414114 -0.102555 0.156716 -0.333935 -0.008051 0.182529 -0.250317 0.055415 0.194749 -0.172542 0.103312 -0.102709 -0.269153 0.129563 -0.132568 -0.427366 0.240866 -0.107938 -0.550984 0.331413 0.050864 -0.581087 0.043977 0.023376 -0.682001 0.132537 0.016375 -0.778654 0.197363 0.202370 -0.508749 0.146320 0.233420 -0.627647 0.251314 0.181603 -0.664717 0.372062 0.254510 -0.407204 0.177558 0.235314 -0.469819 0.314312 0.165529 -0.462011 0.429799 0.221662 -0.287315 0.232498 0.240186 -0.366316 0.321419 0.139000 -0.354381 0.374542 
0.000000 0.000000 0.000000 -0.055783 -0.013368 -0.048306 0.089800 -0.410012 -0.122948 0.152346 -0.335071 -0.025602 0.180000 -0.254827 0.041348 0.193797 -0.179527 0.092650 -0.103187 -0.275649 0.115425 -0.132850 -0.439768 0.217878 -0.110223 -0.569222 0.300439 0.045358 -0.584789 0.014522 0.018498 -0.690420 0.097605 0.011557 -0.790922 0.156292 0.199692 -0.520390 0.115429 0.231895 -0.646432 0.211350 0.182140 -0.691393 0.330272 0.247107 -0.420874 0.153770 0.231300 -0.495879 0.284595 0.162749 -0.494060 0.401066 0.219384 -0.302322 0.214523 0.236997 -0.386844 0.298411 0.137005 -0.377022 0.354162 
0.000000 0.000000 0.000000 -0.057550 -0.011269 -0.046743 0.079079 -0.408048 -0.136137 0.145994 -0.336595 -0.039073 0.177125 -0.258528 0.028916 0.193815 -0.184789 0.081607 -0.104955 -0.279396 0.107229 -0.134617 -0.447171 0.203575 -0.114252 -0.580618 0.280153 0.036317 -0.588618 -0.005806 0.010472 -0.697749 0.072963 0.003087 -0.800650 0.127276 0.194701 -0.529158 0.091394 0.227829 -0.660127 0.180130 0.180689 -0.710659 0.297874 0.243482 -0.429787 0.133705 0.235685 -0.515836 0.258307 0.170009 -0.518341 0.376411 0.217888 -0.315675 0.195078 0.234457 -0.405766 0.273183 0.136077 -0.397425 0.331961 
0.000000 0.000000 0.000000 -0.059207 -0.009995 -0.044928 0.070077 -0.406803 -0.144536 0.140981 -0.337464 -0.048780 0.175217 -0.260722 0.019225 0.194459 -0.187935 0.072368 -0.107263 -0.281753 0.102330 -0.137333 -0.451801 0.194475 -0.118691 -0.587773 0.266938 0.029080 -0.591509 -0.019544 0.004303 -0.703141 0.055997 -0.003063 -0.807488 0.107481 0.190460 -0.534408 0.074668 0.224113 -0.668358 0.158630 0.178877 -0.721788 0.275840 0.231337 -0.434616 0.125643 0.232356 -0.533078 0.240947 0.169000 -0.538030 0.360235 0.218695 -0.321385 0.182776 0.235377 -0.413242 0.258772 0.138527 -0.405511 0.320119 
0.000000 0.000000 0.000000 -0.060380 -0.008554 -0.043646 0.059862 -0.406440 -0.150045 0.134101 -0.339261 -0.055281 0.171176 -0.263789 0.012656 0.192859 -0.191872 0.066044 -0.108869 -0.281138 0.101931 -0.139211 -0.451704 0.193024 -0.121260 -0.588776 0.263565 0.018529 -0.590901 -0.024801 -0.006452 -0.702383 0.050893 -0.014986 -0.806849 0.101954 0.182214 -0.538178 0.065515 0.214936 -0.673470 0.147673 0.171076 -0.727320 0.265214 0.223441 -0.439078 0.118751 0.230155 -0.543464 0.228519 0.170054 -0.548775 0.349464 0.217521 -0.326901 0.174419 0.234496 -0.419844 0.249016 0.139580 -0.410859 0.313152 
0.000000 0.000000 0.000000 -0.061462 -0.008830 -0.042052 0.054160 -0.408787 -0.145774 0.131010 -0.340708 -0.053775 0.170101 -0.264506 0.012190 0.193432 -0.191977 0.064032 -0.109971 -0.279835 0.106439 -0.140325 -0.449413 0.199354 -0.123236 -0.586392 0.270287 0.010118 -0.591780 -0.019306 -0.016500 -0.702376 0.057127 -0.026087 -0.806383 0.108933 0.177554 -0.538396 0.069625 0.209210 -0.672851 0.153555 0.164705 -0.725292 0.271490 0.216899 -0.437289 0.124749 0.226580 -0.543767 0.232265 0.168022 -0.548069 0.354004 0.215020 -0.324616 0.175957 0.229879 -0.415914 0.252997 0.135618 -0.406128 0.317975 
0.000000 0.000000 0.000000 -0.060738 -0.008792 -0.043098 0.053869 -0.410523 -0.140923 0.129501 -0.342122 -0.048156 0.167920 -0.265579 0.017807 0.190817 -0.192729 0.069393 -0.113490 -0.276111 0.110538 -0.146499 -0.443382 0.206673 -0.128976 -0.578676 0.280668 0.007224 -0.590234 -0.010736 -0.020968 -0.698846 0.067945 -0.031827 -0.801652 0.121853 0.171412 -0.538676 0.078670 0.199918 -0.672359 0.164929 0.153872 -0.722078 0.283450 0.206037 -0.433432 0.140632 0.222081 -0.545588 0.241402 0.162070 -0.547284 0.362496 0.213407 -0.324888 0.181688 0.228957 -0.415855 0.258982 0.132966 -0.404315 0.321077 
0.000000 0.000000 0.000000 -0.061212 -0.009471 -0.042276 0.049983 -0.414214 -0.131221 0.126940 -0.344019 -0.040916 0.166471 -0.266112 0.022753 0.190318 -0.192156 0.072293 -0.114199 -0.271972 0.119378 -0.147355 -0.436227 0.220531 -0.128209 -0.568894 0.298760 0.002638 -0.587506 0.007157 -0.025976 -0.692239 0.090788 -0.037714 -0.793124 0.148038 0.167312 -0.535316 0.094177 0.194772 -0.665424 0.186060 0.148841 -0.710150 0.306598 0.204118 -0.429024 0.152199 0.218994 -0.536061 0.258559 0.160457 -0.532369 0.380329 0.212894 -0.319486 0.190037 0.228434 -0.407130 0.271083 0.133341 -0.391402 0.333637 
0.000000 0.000000 0.000000 -0.061177 -0.011358 -0.041861 0.051780 -0.418731 -0.115211 0.128442 -0.344780 -0.027697 0.167641 -0.264309 0.032917 0.191170 -0.188398 0.079569 -0.115771 -0.268595 0.127534 -0.149934 -0.429558 0.233530 -0.130511 -0.559465 0.316197 0.002582 -0.588070 0.027352 -0.027152 -0.690414 0.113513 -0.039219 -0.789420 0.173889 0.166729 -0.530046 0.116126 0.192770 -0.656053 0.213945 0.144517 -0.695750 0.335334 0.211946 -0.427852 0.159425 0.213022 -0.518501 0.280967 0.152519 -0.509764 0.401513 0.208461 -0.308677 0.205347 0.220363 -0.391468 0.291923 0.124186 -0.373381 0.352140 
0.000000 0.000000 0.000000 -0.059869 -0.013599 -0.043066 0.059998 -0.421745 -0.099103 0.133339 -0.343816 -0.012197 0.169887 -0.260793 0.046603 0.191209 -0.183014 0.091193 -0.114706 -0.263695 0.136631 -0.149020 -0.420190 0.249074 -0.128065 -0.546189 0.337231 0.007773 -0.582665 0.051886 -0.023790 -0.679920 0.143139 -0.035089 -0.776066 0.208112 0.169517 -0.516892 0.146581 0.194123 -0.634608 0.254572 0.144218 -0.667594 0.377294 0.221243 -0.420045 0.175889 0.212688 -0.493402 0.308314 0.150569 -0.479585 0.427555 0.208992 -0.296947 0.222682 0.221232 -0.375369 0.313188 0.124439 -0.355594 0.371868 
0.000000 0.000000 0.000000 -0.057700 -0.016702 -0.044896 0.072918 -0.423989 -0.078781 0.140880 -0.340925 0.007741 0.173172 -0.254757 0.064471 0.190964 -0.174754 0.106607 -0.111396 -0.256352 0.148833 -0.144995 -0.406309 0.270056 -0.123836 -0.527060 0.365233 0.017968 -0.574952 0.081253 -0.015242 -0.666190 0.177974 -0.025546 -0.758503 0.248438 0.173124 -0.501966 0.179499 0.195055 -0.611496 0.296318 0.142037 -0.637871 0.419333 0.235312 -0.409955 0.193954 0.212965 -0.461217 0.334893 0.147765 -0.442738 0.451835 0.209850 -0.277624 0.246775 0.222850 -0.348432 0.343256 0.124177 -0.328240 0.398565 
0.000000 0.000000 0.000000 -0.056775 -0.019736 -0.044844 0.080233 -0.426151 -0.056991 0.145682 -0.337965 0.026339 0.175870 -0.248665 0.079258 0.191867 -0.166451 0.117695 -0.107890 -0.251281 0.159166 -0.139875 -0.396167 0.286823 -0.117613 -0.511858 0.387852 0.022750 -0.565002 0.112821 -0.011991 -0.648920 0.215451 -0.021492 -0.736835 0.291437 0.177003 -0.484517 0.210773 0.198305 -0.584193 0.336214 0.143147 -0.604172 0.459493 0.243628 -0.396827 0.214056 0.211787 -0.431046 0.358299 0.144161 -0.407850 0.473002 0.210622 -0.260243 0.264111 0.223532 -0.324802 0.364892 0.123644 -0.303630 0.417591 
0.000000 0.000000 0.000000 -0.055159 -0.022066 -0.045765 0.086493 -0.427002 -0.038446 0.148411 -0.334999 0.043444 0.176005 -0.243435 0.093850 0.189937 -0.159660 0.129629 -0.110032 -0.241768 0.170027 -0.144367 -0.379243 0.305056 -0.122105 -0.489110 0.412389 0.024632 -0.553589 0.139230 -0.012755 -0.630095 0.246613 -0.022389 -0.713169 0.327848 0.180404 -0.468739 0.237260 0.202163 -0.559701 0.369081 0.145792 -0.572842 0.492730 0.250628 -0.385202 0.231862 0.210312 -0.403055 0.376937 0.140877 -0.374713 0.489380 0.207149 -0.243720 0.282023 0.218996 -0.301580 0.386919 0.118005 -0.278556 0.436656 
0.000000 0.000000 0.000000 -0.054590 -0.023881 -0.045536 0.086262 -0.428330 -0.019566 0.147254 -0.333081 0.059252 0.174339 -0.239537 0.106179 0.187942 -0.154367 0.138635 -0.110139 -0.233192 0.180184 -0.144898 -0.364165 0.321424 -0.123070 -0.468313 0.434401 0.021396 -0.544856 0.163831 -0.017806 -0.615282 0.274670 -0.028544 -0.693479 0.360478 0.174981 -0.456887 0.260194 0.193840 -0.541092 0.396863 0.135928 -0.547480 0.520332 0.254466 -0.376808 0.245642 0.211620 -0.384211 0.390902 0.142050 -0.350259 0.501695 0.204802 -0.232711 0.294084 0.216408 -0.286637 0.401082 0.115346 -0.260768 0.449252 
0.000000 0.000000 0.000000 -0.055401 -0.025327 -0.043740 0.082491 -0.429511 -0.002349 0.145330 -0.331519 0.071497 0.173817 -0.236296 0.114010 0.188556 -0.149939 0.142604 -0.111166 -0.227347 0.188476 -0.146060 -0.353759 0.333782 -0.126067 -0.453675 0.450845 0.016461 -0.537816 0.185615 -0.023445 -0.603273 0.299215 -0.035925 -0.677872 0.387941 0.174502 -0.451476 0.274558 0.194343 -0.533065 0.412667 0.135994 -0.535344 0.536075 0.247935 -0.370292 0.259836 0.205740 -0.376986 0.405320 0.135163 -0.339382 0.514282 0.204940 -0.225542 0.299454 0.216218 -0.277581 0.407417 0.114922 -0.249980 0.454113 
0.000000 0.000000 0.000000 -0.054557 -0.025889 -0.044466 0.083872 -0.429241 0.002835 0.145116 -0.330403 0.076893 0.172564 -0.234720 0.119056 0.186535 -0.148070 0.147143 -0.113959 -0.225689 0.188767 -0.151129 -0.350711 0.334709 -0.132435 -0.448962 0.453385 0.016817 -0.536420 0.191081 -0.023708 -0.601195 0.304852 -0.037545 -0.674523 0.394433 0.172472 -0.449948 0.280449 0.191078 -0.531255 0.418896 0.132055 -0.532922 0.541993 0.245118 -0.366584 0.267588 0.200818 -0.370952 0.412533 0.128963 -0.332143 0.520231 0.202930 -0.224710 0.303488 0.214216 -0.277463 0.411103 0.112351 -0.249650 0.456414 
0.000000 0.000000 0.000000 -0.054852 -0.025391 -0.044390 0.083812 -0.429255 -0.002458 0.145559 -0.331247 0.072284 0.173299 -0.236040 0.115320 0.187470 -0.149707 0.144271 -0.114771 -0.229368 0.185064 -0.152265 -0.357004 0.328642 -0.132922 -0.455498 0.447012 0.018333 -0.540776 0.183810 -0.021241 -0.608176 0.296386 -0.035308 -0.682792 0.384860 0.170083 -0.454776 0.273813 0.186763 -0.538792 0.410880 0.127675 -0.542137 0.533912 0.241202 -0.369562 0.264567 0.198222 -0.379485 0.409636 0.125168 -0.341377 0.516775 0.201834 -0.229663 0.299148 0.211720 -0.284699 0.405753 0.109430 -0.256800 0.450041 
0.000000 0.000000 0.000000 -0.053898 -0.023009 -0.046791 0.084136 -0.428573 -0.023174 0.144247 -0.334637 0.057865 0.171021 -0.241824 0.106393 0.184527 -0.157129 0.140111 -0.115653 -0.238087 0.171781 -0.154294 -0.372669 0.308550 -0.135755 -0.477034 0.421913 0.016780 -0.549955 0.156129 -0.023928 -0.623316 0.264495 -0.038996 -0.702560 0.348676 0.165222 -0.469710 0.252261 0.179489 -0.561579 0.384477 0.120276 -0.571516 0.507092 0.238925 -0.379939 0.251399 0.196312 -0.396490 0.395971 0.122600 -0.362957 0.504185 0.196178 -0.243711 0.291617 0.204197 -0.303308 0.395902 0.101845 -0.276716 0.440847 
0.000000 0.000000 0.000000 -0.055270 -0.019538 -0.046770 0.075684 -0.428123 -0.047672 0.139185 -0.339709 0.036915 0.168670 -0.250099 0.089705 0.184437 -0.167574 0.127566 -0.119474 -0.247350 0.157743 -0.159650 -0.389900 0.285714 -0.142827 -0.501759 0.391975 0.009546 -0.563475 0.121815 -0.030426 -0.645278 0.224248 -0.046438 -0.730352 0.302346 0.160027 -0.490026 0.219794 0.174203 -0.592262 0.344178 0.115543 -0.609745 0.466214 0.233722 -0.396559 0.227660 0.194350 -0.424155 0.371462 0.121910 -0.396203 0.482093 0.194760 -0.265502 0.272099 0.201866 -0.332908 0.371584 0.100119 -0.307707 0.418652 
0.000000 0.000000 0.000000 -0.055045 -0.015612 -0.048478 0.069293 -0.425473 -0.073902 0.133253 -0.343657 0.016761 0.163582 -0.258068 0.075419 0.180251 -0.178375 0.118588 -0.121884 -0.256024 0.140151 -0.163707 -0.406457 0.258184 -0.149459 -0.525868 0.356291 0.002864 -0.573222 0.084773 -0.037283 -0.662516 0.180673 -0.054400 -0.752895 0.252310 0.152763 -0.509722 0.185628 0.166032 -0.622670 0.300481 0.107532 -0.648310 0.421145 0.217739 -0.417426 0.203425 0.181188 -0.462170 0.343614 0.109408 -0.440588 0.456085 0.191536 -0.286515 0.255572 0.199303 -0.360950 0.349861 0.098214 -0.337379 0.399141 
0.000000 0.000000 0.000000 -0.056567 -0.013004 -0.047486 0.061027 -0.423249 -0.091796 0.128620 -0.345824 0.000079 0.161783 -0.262953 0.061061 0.180784 -0.185197 0.106727 -0.121338 -0.264007 0.127580 -0.161867 -0.421069 0.237126 -0.149489 -0.546486 0.327702 -0.002063 -0.582575 0.056713 -0.040193 -0.678868 0.146468 -0.057317 -0.773684 0.212117 0.152042 -0.524592 0.154895 0.167971 -0.646179 0.260192 0.111101 -0.679298 0.379809 0.210669 -0.427836 0.184094 0.185668 -0.492911 0.318746 0.116014 -0.477327 0.433522 0.189915 -0.302730 0.235912 0.196201 -0.383630 0.324833 0.096164 -0.361886 0.377014 
0.000000 0.000000 0.000000 -0.056992 -0.010286 -0.047644 0.053861 -0.420325 -0.108243 0.123112 -0.347547 -0.013838 0.157877 -0.267604 0.050089 0.178327 -0.191963 0.098593 -0.123209 -0.266374 0.119330 -0.164643 -0.426618 0.223812 -0.154155 -0.556298 0.308427 -0.008905 -0.584650 0.034858 -0.046839 -0.683964 0.121344 -0.064105 -0.781585 0.182704 0.147628 -0.533235 0.132427 0.164302 -0.659529 0.231908 0.109622 -0.698092 0.350913 0.200577 -0.437046 0.169168 0.183384 -0.516338 0.297262 0.116600 -0.505435 0.414262 0.188341 -0.316405 0.221069 0.195233 -0.402060 0.305372 0.097232 -0.381497 0.361729 
0.000000 0.000000 0.000000 -0.058556 -0.008672 -0.046042 0.045351 -0.418685 -0.118054 0.118366 -0.348611 -0.024444 0.156061 -0.270365 0.039921 0.178921 -0.195948 0.089235 -0.126925 -0.269022 0.113300 -0.169706 -0.431932 0.213006 -0.160699 -0.564536 0.293143 -0.016197 -0.588800 0.018667 -0.053395 -0.691613 0.101298 -0.070644 -0.791239 0.159352 0.144900 -0.539929 0.114004 0.162947 -0.670052 0.208168 0.109823 -0.712479 0.326562 0.188914 -0.440870 0.160597 0.181769 -0.536428 0.278106 0.117014 -0.529075 0.396516 0.188415 -0.324674 0.207241 0.194949 -0.413280 0.288467 0.098603 -0.393141 0.347756 
0.000000 0.000000 0.000000 -0.060140 -0.007763 -0.044122 0.037161 -0.418254 -0.122363 0.113956 -0.349578 -0.030761 0.154561 -0.272173 0.032845 0.179801 -0.198341 0.081877 -0.127040 -0.270577 0.111760 -0.168903 -0.435029 0.209302 -0.160405 -0.569136 0.286954 -0.022659 -0.590963 0.011851 -0.058813 -0.695343 0.092967 -0.076308 -0.795694 0.149682 0.140844 -0.545673 0.100762 0.159132 -0.679045 0.190216 0.107681 -0.723123 0.308746 0.184762 -0.443675 0.152798 0.182372 -0.545615 0.265018 0.119702 -0.539476 0.384612 0.188898 -0.329634 0.197053 0.195159 -0.420006 0.276332 0.100049 -0.399794 0.337558 
0.000000 0.000000 0.000000 -0.060759 -0.007403 -0.043330 0.032429 -0.418791 -0.121871 0.110909 -0.350499 -0.031420 0.152911 -0.273264 0.031483 0.179335 -0.199517 0.080018 -0.127240 -0.268409 0.115738 -0.168840 -0.431730 0.215272 -0.160325 -0.565659 0.293228 -0.027677 -0.590618 0.013344 -0.064003 -0.694466 0.095064 -0.081962 -0.794468 0.152249 0.138850 -0.546125 0.100581 0.157854 -0.679178 0.190360 0.107228 -0.722824 0.309403 0.177630 -0.440287 0.158786 0.182994 -0.549127 0.264218 0.122147 -0.542798 0.384741 0.190150 -0.330303 0.195623 0.197593 -0.420325 0.275196 0.103681 -0.399772 0.338134 
0.000000 0.000000 0.000000 -0.061588 -0.007846 -0.042063 0.029203 -0.420487 -0.116738 0.109536 -0.351160 -0.028734 0.152894 -0.273178 0.032300 0.180395 -0.198842 0.079313 -0.129430 -0.267184 0.119144 -0.171881 -0.429460 0.220017 -0.164340 -0.563109 0.298553 -0.031906 -0.590711 0.020045 -0.068839 -0.693590 0.102713 -0.087615 -0.792923 0.160795 0.133294 -0.546373 0.104689 0.149452 -0.679146 0.195436 0.097831 -0.721406 0.314552 0.168285 -0.433480 0.169341 0.179322 -0.548425 0.267608 0.118974 -0.541142 0.388327 0.187821 -0.327092 0.197986 0.192932 -0.415369 0.279670 0.099318 -0.393912 0.342750 
0.000000 0.000000 0.000000 -0.060335 -0.008057 -0.043802 0.030882 -0.421840 -0.111299 0.108844 -0.351881 -0.021677 0.150691 -0.273414 0.039789 0.177092 -0.198682 0.086805 -0.130195 -0.263797 0.122220 -0.173908 -0.423822 0.226106 -0.166609 -0.555996 0.307121 -0.033073 -0.588635 0.028378 -0.071726 -0.689441 0.112794 -0.091067 -0.787637 0.172599 0.130452 -0.543552 0.117138 0.145149 -0.673916 0.211552 0.092505 -0.712697 0.331402 0.166600 -0.430874 0.180028 0.178007 -0.543782 0.280589 0.117640 -0.533483 0.401078 0.184808 -0.325795 0.206675 0.190119 -0.413290 0.289185 0.096476 -0.390114 0.351610 
0.000000 0.000000 0.000000 -0.060703 -0.009482 -0.043002 0.031749 -0.424527 -0.100294 0.110225 -0.351867 -0.013307 0.152285 -0.271609 0.045647 0.178785 -0.195536 0.090403 -0.133254 -0.260398 0.129114 -0.178651 -0.417405 0.236813 -0.171612 -0.547811 0.320667 -0.034579 -0.587656 0.042568 -0.074666 -0.686247 0.128910 -0.094345 -0.782993 0.190927 0.127788 -0.536763 0.134949 0.139732 -0.662518 0.235783 0.085300 -0.697201 0.356089 0.168899 -0.425449 0.189770 0.169573 -0.524462 0.304603 0.107726 -0.510029 0.423912 0.182759 -0.313547 0.219414 0.185495 -0.394777 0.308215 0.091582 -0.369289 0.369321 
0.000000 0.000000 0.000000 -0.059563 -0.011524 -0.044083 0.039666 -0.426690 -0.087479 0.115144 -0.350540 -0.000826 0.154769 -0.268086 0.056770 0.179219 -0.190428 0.099943 -0.129659 -0.257430 0.136093 -0.173520 -0.411302 0.248835 -0.164393 -0.538764 0.336909 -0.028003 -0.584027 0.061135 -0.068900 -0.679118 0.150953 -0.087636 -0.773689 0.216514 0.131384 -0.526936 0.157588 0.142429 -0.646910 0.265332 0.087045 -0.676568 0.386544 0.177973 -0.420132 0.201881 0.169079 -0.502538 0.328850 0.105829 -0.483746 0.446809 0.182780 -0.301831 0.234713 0.185230 -0.378512 0.327478 0.090408 -0.351976 0.386705 
0.000000 0.000000 0.000000 -0.058965 -0.014379 -0.044049 0.049853 -0.428440 -0.072417 0.122970 -0.347665 0.012045 0.160313 -0.262402 0.067017 0.182701 -0.182771 0.107639 -0.125090 -0.252577 0.147617 -0.166466 -0.401625 0.267549 -0.153959 -0.524646 0.361338 -0.016178 -0.578572 0.084173 -0.056086 -0.669308 0.178811 -0.072674 -0.760876 0.249048 0.140882 -0.512423 0.182364 0.153064 -0.624481 0.298204 0.097616 -0.648553 0.420619 0.207361 -0.419286 0.200761 0.180283 -0.467998 0.341775 0.116303 -0.445134 0.458616 0.190920 -0.287521 0.247447 0.196577 -0.359622 0.343679 0.101126 -0.332684 0.401701 
0.000000 0.000000 0.000000 -0.057216 -0.017186 -0.045330 0.062250 -0.429104 -0.057315 0.130778 -0.343977 0.026721 0.164365 -0.256162 0.080072 0.183585 -0.174787 0.118817 -0.121249 -0.248124 0.155702 -0.161316 -0.392631 0.281494 -0.146760 -0.510938 0.380884 -0.005297 -0.570859 0.106278 -0.046121 -0.656532 0.205150 -0.061478 -0.744430 0.280192 0.149089 -0.497561 0.207140 0.161542 -0.602020 0.329851 0.104793 -0.620774 0.452599 0.217189 -0.409941 0.215258 0.183805 -0.446841 0.358488 0.117638 -0.420933 0.473460 0.191660 -0.271629 0.264222 0.197219 -0.338287 0.364307 0.100445 -0.310410 0.419633 
0.000000 0.000000 0.000000 -0.056684 -0.020170 -0.044766 0.068944 -0.430345 -0.036606 0.135700 -0.340318 0.043664 0.167662 -0.249582 0.092975 0.185442 -0.166186 0.127923 -0.115729 -0.242103 0.167615 -0.152675 -0.380974 0.300510 -0.135535 -0.493118 0.406419 0.003091 -0.558840 0.138244 -0.036709 -0.636498 0.243919 -0.050866 -0.719182 0.324889 0.157933 -0.479702 0.234851 0.173054 -0.574502 0.364884 0.116804 -0.586566 0.488697 0.226931 -0.395711 0.233855 0.191666 -0.421499 0.379052 0.124752 -0.390580 0.492342 0.197895 -0.255601 0.277710 0.206466 -0.317147 0.380812 0.108927 -0.287928 0.434061 
0.000000 0.000000 0.000000 -0.055884 -0.022754 -0.044532 0.073993 -0.430738 -0.016727 0.138744 -0.336525 0.060316 0.169100 -0.243356 0.105969 0.185538 -0.158309 0.137422 -0.113571 -0.234019 0.178818 -0.149668 -0.366216 0.318576 -0.131073 -0.471928 0.430675 0.005240 -0.547547 0.165067 -0.036312 -0.618143 0.274939 -0.050862 -0.695633 0.360826 0.159456 -0.464847 0.259261 0.173543 -0.552124 0.394571 0.116001 -0.558100 0.518234 0.233640 -0.384545 0.249545 0.195312 -0.400369 0.395392 0.127298 -0.364813 0.506648 0.197015 -0.243110 0.289946 0.204916 -0.301479 0.394931 0.106551 -0.270713 0.445735 
0.000000 0.000000 0.000000 -0.055564 -0.024569 -0.043965 0.075312 -0.430835 -0.000240 0.139354 -0.333618 0.073598 0.169184 -0.238720 0.115914 0.185200 -0.152510 0.144266 -0.114111 -0.226405 0.187726 -0.150747 -0.352701 0.332703 -0.132039 -0.453312 0.449383 0.007639 -0.538599 0.187450 -0.033261 -0.603729 0.300884 -0.047669 -0.677154 0.390295 0.161333 -0.455335 0.276517 0.176282 -0.538120 0.414531 0.118754 -0.539494 0.538337 0.234738 -0.375621 0.263136 0.193452 -0.382708 0.408862 0.125111 -0.342941 0.518481 0.198537 -0.228975 0.300987 0.207717 -0.281608 0.408861 0.109375 -0.248792 0.458410 
0.000000 0.000000 0.000000 -0.055383 -0.025045 -0.043924 0.074458 -0.430943 0.005883 0.138309 -0.332875 0.078755 0.168106 -0.237479 0.119960 0.184146 -0.150930 0.147246 -0.114037 -0.222581 0.191417 -0.150739 -0.346187 0.338678 -0.132162 -0.444255 0.457525 0.005570 -0.534031 0.195744 -0.036064 -0.596335 0.310491 -0.051155 -0.667739 0.401414 0.161647 -0.451978 0.283069 0.177520 -0.532984 0.422031 0.120091 -0.532249 0.545889 0.237849 -0.372637 0.266868 0.195901 -0.374762 0.412561 0.127744 -0.332639 0.521412 0.196312 -0.227209 0.304153 0.204686 -0.279713 0.412155 0.106323 -0.245886 0.460979 
0.000000 0.000000 0.000000 -0.056786 -0.024841 -0.042215 0.071284 -0.431475 0.006149 0.137908 -0.333529 0.076663 0.169583 -0.238154 0.116493 0.187047 -0.151592 0.142845 -0.113939 -0.226753 0.189758 -0.149701 -0.353096 0.334912 -0.129539 -0.450255 0.454246 0.004661 -0.536681 0.195657 -0.035604 -0.600265 0.310190 -0.051008 -0.671587 0.401124 0.160759 -0.453218 0.280689 0.176301 -0.534625 0.419455 0.119709 -0.533563 0.543695 0.237085 -0.372843 0.264871 0.195967 -0.375797 0.410787 0.127894 -0.332847 0.519366 0.200396 -0.230052 0.298575 0.209584 -0.284058 0.405768 0.111593 -0.249320 0.454698 
0.000000 0.000000 0.000000 -0.055444 -0.022639 -0.045137 0.072020 -0.431162 -0.014245 0.136291 -0.336989 0.063249 0.166549 -0.243805 0.108935 0.183027 -0.158726 0.140280 -0.117327 -0.232363 0.178542 -0.156049 -0.363595 0.318506 -0.136089 -0.465539 0.433813 0.003039 -0.546090 0.168657 -0.038652 -0.615549 0.279198 -0.054770 -0.691044 0.366571 0.154366 -0.469319 0.259811 0.166661 -0.559323 0.393500 0.110427 -0.564168 0.517813 0.229342 -0.386036 0.252257 0.192311 -0.402253 0.398395 0.124381 -0.363507 0.508633 0.195872 -0.248893 0.289582 0.204714 -0.310957 0.392350 0.107026 -0.277483 0.442744 
0.000000 0.000000 0.000000 -0.056495 -0.019898 -0.045125 0.066674 -0.430788 -0.035586 0.133407 -0.341047 0.045022 0.165564 -0.250434 0.094433 0.183593 -0.167098 0.129395 -0.118641 -0.243974 0.164097 -0.157528 -0.384186 0.295015 -0.138638 -0.493173 0.403881 0.001159 -0.559934 0.138911 -0.038437 -0.637986 0.244372 -0.055106 -0.718812 0.326728 0.154870 -0.487469 0.230964 0.169468 -0.587057 0.357430 0.114367 -0.599323 0.481739 0.223754 -0.399953 0.232171 0.190085 -0.429586 0.377013 0.122359 -0.396523 0.489209 0.195665 -0.267205 0.272291 0.203975 -0.336111 0.370648 0.106772 -0.304614 0.423208 
0.000000 0.000000 0.000000 -0.056899 -0.016666 -0.045920 0.061169 -0.428929 -0.059736 0.129303 -0.344631 0.025446 0.162763 -0.257306 0.079676 0.181955 -0.176268 0.119135 -0.122741 -0.250332 0.151339 -0.163941 -0.396545 0.274771 -0.146565 -0.512084 0.376927 -0.003431 -0.571261 0.104546 -0.042473 -0.657283 0.203834 -0.060028 -0.743488 0.280342 0.148827 -0.505515 0.199255 0.162107 -0.614940 0.317469 0.107003 -0.635282 0.440714 0.213544 -0.412802 0.213676 0.187045 -0.461367 0.354850 0.119810 -0.434646 0.469014 0.190595 -0.283106 0.257328 0.196542 -0.356645 0.352449 0.099614 -0.327211 0.406688 
0.000000 0.000000 0.000000 -0.056622 -0.013346 -0.047326 0.056768 -0.425579 -0.083370 0.125014 -0.347071 0.007094 0.158938 -0.263368 0.066499 0.178672 -0.184933 0.110668 -0.124167 -0.258684 0.134589 -0.166432 -0.412200 0.248420 -0.150709 -0.534429 0.342758 -0.008003 -0.579020 0.070515 -0.047149 -0.671756 0.163519 -0.065324 -0.762729 0.234135 0.144846 -0.519699 0.169208 0.158334 -0.637109 0.279468 0.103682 -0.664753 0.401486 0.209311 -0.428243 0.188943 0.182957 -0.485403 0.326889 0.116485 -0.464814 0.442758 0.187421 -0.301068 0.241138 0.193443 -0.381006 0.330943 0.097313 -0.353728 0.387670 
0.000000 0.000000 0.000000 -0.058072 -0.010859 -0.046191 0.048381 -0.422983 -0.100177 0.120176 -0.348735 -0.008869 0.156898 -0.267708 0.052551 0.178946 -0.191202 0.098952 -0.126614 -0.264465 0.123609 -0.169503 -0.423155 0.229860 -0.155259 -0.550493 0.317432 -0.014758 -0.583827 0.046665 -0.052918 -0.681037 0.135413 -0.071266 -0.775357 0.201444 0.141524 -0.531084 0.142021 0.156043 -0.655106 0.244648 0.102741 -0.689011 0.365680 0.203995 -0.439170 0.166991 0.180754 -0.507419 0.300380 0.115688 -0.492441 0.417896 0.187436 -0.314736 0.222457 0.193279 -0.399766 0.307468 0.098528 -0.374554 0.367383 
0.000000 0.000000 0.000000 -0.059516 -0.009235 -0.044682 0.040429 -0.421307 -0.110256 0.115727 -0.349801 -0.019582 0.155178 -0.270498 0.042391 0.179473 -0.195233 0.089692 -0.128426 -0.266839 0.118836 -0.171545 -0.428030 0.221155 -0.158693 -0.558520 0.304186 -0.019882 -0.587794 0.031394 -0.056333 -0.688414 0.117003 -0.074820 -0.785010 0.179619 0.140130 -0.538685 0.122551 0.156727 -0.667153 0.219221 0.105399 -0.705551 0.339763 0.200713 -0.444832 0.153060 0.183629 -0.523131 0.281778 0.120847 -0.512187 0.400970 0.189683 -0.323919 0.207684 0.196710 -0.412496 0.288900 0.103628 -0.389315 0.352156 
0.000000 0.000000 0.000000 -0.060148 -0.008486 -0.043979 0.034721 -0.421368 -0.111955 0.111852 -0.350917 -0.022000 0.152873 -0.272211 0.039716 0.178519 -0.197343 0.086934 -0.129691 -0.267287 0.117366 -0.173205 -0.429228 0.218325 -0.161316 -0.560689 0.299956 -0.026070 -0.590889 0.025839 -0.062810 -0.693342 0.109119 -0.081747 -0.790675 0.170445 0.136203 -0.543663 0.114859 0.152765 -0.674758 0.207942 0.103284 -0.715429 0.328511 0.193674 -0.446758 0.151886 0.183774 -0.535170 0.274671 0.123180 -0.526197 0.395153 0.188343 -0.328953 0.201689 0.195104 -0.419542 0.280677 0.103665 -0.397957 0.346829 
0.000000 0.000000 0.000000 -0.060569 -0.007942 -0.043499 0.029202 -0.422042 -0.110987 0.107788 -0.352197 -0.021822 0.150144 -0.273778 0.039354 0.176975 -0.199067 0.086160 -0.133440 -0.265737 0.117987 -0.179038 -0.427049 0.219034 -0.169053 -0.558922 0.300254 -0.032591 -0.590797 0.027301 -0.069937 -0.692788 0.110879 -0.089807 -0.790002 0.172098 0.131034 -0.546092 0.113599 0.146845 -0.677968 0.205704 0.097935 -0.718971 0.326394 0.186253 -0.446780 0.155458 0.181627 -0.542039 0.273335 0.122298 -0.533691 0.394490 0.185831 -0.330339 0.201379 0.191926 -0.420695 0.280687 0.101543 -0.399268 0.348325 
0.000000 0.000000 0.000000 -0.061111 -0.007908 -0.042742 0.024817 -0.423312 -0.107152 0.104914 -0.353197 -0.019558 0.148535 -0.274507 0.040369 0.176444 -0.199547 0.086137 -0.133490 -0.263606 0.122262 -0.178781 -0.423604 0.225511 -0.169211 -0.554858 0.307777 -0.036056 -0.591261 0.032518 -0.072845 -0.692765 0.116930 -0.093306 -0.789369 0.178916 0.130025 -0.546084 0.116964 0.147104 -0.677275 0.209818 0.099199 -0.717317 0.331231 0.167766 -0.434544 0.177233 0.181555 -0.549301 0.275373 0.123695 -0.540143 0.397178 0.186790 -0.330488 0.201608 0.193911 -0.420618 0.281089 0.104822 -0.398426 0.350182 
0.000000 0.000000 0.000000 -0.061433 -0.008423 -0.042177 0.022874 -0.425067 -0.100426 0.103785 -0.353772 -0.014549 0.148049 -0.274246 0.043783 0.176490 -0.198635 0.088128 -0.134001 -0.261201 0.127184 -0.179409 -0.419373 0.233160 -0.170032 -0.549157 0.317748 -0.039286 -0.591410 0.040592 -0.076853 -0.691944 0.125820 -0.097941 -0.787236 0.189599 0.129965 -0.545211 0.123799 0.147771 -0.675416 0.217895 0.100016 -0.713346 0.340043 0.168333 -0.432250 0.182840 0.182879 -0.545549 0.282552 0.126354 -0.534227 0.404801 0.187049 -0.328250 0.205068 0.194318 -0.417466 0.285559 0.106224 -0.393951 0.355486 
0.000000 0.000000 0.000000 -0.061220 -0.009610 -0.042233 0.025745 -0.426807 -0.091998 0.105907 -0.353368 -0.007232 0.149480 -0.272456 0.049696 0.177308 -0.195825 0.092658 -0.135034 -0.257382 0.133854 -0.181222 -0.412422 0.244038 -0.172131 -0.540893 0.330636 -0.037811 -0.590985 0.050922 -0.076222 -0.690210 0.137300 -0.097224 -0.784449 0.202654 0.130564 -0.540763 0.136816 0.147335 -0.668217 0.234788 0.097871 -0.703384 0.357082 0.168624 -0.425018 0.194858 0.182351 -0.534415 0.298948 0.125208 -0.520589 0.420650 0.187219 -0.321833 0.213530 0.194041 -0.408566 0.296729 0.105890 -0.384016 0.366226 
0.000000 0.000000 0.000000 -0.061681 -0.010748 -0.041278 0.026233 -0.428635 -0.082910 0.107123 -0.353074 -0.000740 0.151069 -0.270781 0.053874 0.179120 -0.193128 0.094809 -0.139313 -0.255459 0.137429 -0.187890 -0.408583 0.249252 -0.178677 -0.535533 0.338054 -0.038808 -0.590450 0.062024 -0.078117 -0.688246 0.149618 -0.099764 -0.780972 0.216896 0.131135 -0.535046 0.150205 0.147467 -0.658812 0.252868 0.095659 -0.690883 0.375043 0.166670 -0.416492 0.206315 0.177857 -0.520976 0.315625 0.119025 -0.504156 0.436140 0.186108 -0.313015 0.221949 0.190918 -0.395535 0.309462 0.102223 -0.369398 0.377677 
0.000000 0.000000 0.000000 -0.061657 -0.012156 -0.040920 0.028155 -0.430619 -0.071167 0.108748 -0.352467 0.008842 0.152349 -0.268509 0.061149 0.180069 -0.189637 0.099922 -0.139631 -0.251521 0.144743 -0.188422 -0.401300 0.260919 -0.177181 -0.525403 0.353434 -0.036917 -0.587720 0.078850 -0.076245 -0.682667 0.169517 -0.097297 -0.772702 0.240535 0.130995 -0.525780 0.169908 0.146125 -0.643657 0.279456 0.093462 -0.670299 0.402566 0.175328 -0.416052 0.210871 0.176688 -0.505359 0.333399 0.117631 -0.483743 0.453036 0.186963 -0.302293 0.233515 0.191709 -0.379836 0.325471 0.103047 -0.350987 0.392626 
0.000000 0.000000 0.000000 -0.059503 -0.013898 -0.043476 0.038180 -0.431285 -0.061851 0.113753 -0.350406 0.020320 0.153565 -0.264826 0.073016 0.178221 -0.184832 0.111560 -0.141820 -0.246135 0.149230 -0.193330 -0.391454 0.269813 -0.178748 -0.511845 0.366665 -0.030894 -0.581466 0.093374 -0.072641 -0.672231 0.187187 -0.093281 -0.759566 0.261617 0.130751 -0.511294 0.194390 0.142312 -0.620720 0.312783 0.086185 -0.641924 0.435418 0.181441 -0.409293 0.224890 0.173635 -0.482929 0.357207 0.110986 -0.457310 0.474198 0.181901 -0.290728 0.250696 0.184433 -0.363618 0.346466 0.093508 -0.333437 0.409908 
0.000000 0.000000 0.000000 -0.060199 -0.015759 -0.041853 0.040580 -0.432760 -0.048601 0.117023 -0.348678 0.029444 0.157115 -0.261127 0.078572 0.181832 -0.179737 0.114030 -0.142523 -0.244558 0.154921 -0.194037 -0.387725 0.278049 -0.173305 -0.503535 0.379268 -0.027936 -0.577323 0.112108 -0.069344 -0.664693 0.209236 -0.088799 -0.748133 0.288308 0.134266 -0.499363 0.212395 0.145995 -0.601850 0.336828 0.088609 -0.617904 0.459663 0.193847 -0.406421 0.227750 0.171466 -0.456739 0.369023 0.106825 -0.426731 0.483867 0.185434 -0.277865 0.258750 0.187914 -0.345409 0.358365 0.095817 -0.313428 0.419181 
0.000000 0.000000 0.000000 -0.059099 -0.017084 -0.042888 0.046392 -0.432968 -0.040946 0.120192 -0.346832 0.037404 0.158241 -0.258086 0.086010 0.181284 -0.175884 0.120714 -0.145567 -0.239004 0.159895 -0.199673 -0.377867 0.286783 -0.173764 -0.488517 0.392482 -0.023823 -0.570814 0.124851 -0.066260 -0.654124 0.225054 -0.086127 -0.733549 0.308061 0.136046 -0.488049 0.227879 0.146829 -0.584096 0.357429 0.087408 -0.596099 0.479758 0.202276 -0.401656 0.234880 0.171978 -0.437472 0.379067 0.104981 -0.404074 0.491601 0.184532 -0.269075 0.268671 0.186767 -0.333219 0.370513 0.092326 -0.301342 0.427678 
0.000000 0.000000 0.000000 -0.058364 -0.018719 -0.043210 0.052686 -0.433006 -0.031944 0.124409 -0.344363 0.045535 0.160697 -0.254179 0.092822 0.182228 -0.171012 0.126171 -0.146809 -0.236169 0.163525 -0.202153 -0.372235 0.292886 -0.169721 -0.476650 0.403034 -0.019911 -0.563181 0.138949 -0.063786 -0.641855 0.242232 -0.084763 -0.716716 0.329117 0.142047 -0.478727 0.240753 0.154042 -0.570112 0.373528 0.092956 -0.578988 0.495302 0.211548 -0.397711 0.239541 0.171454 -0.418887 0.384230 0.101799 -0.382759 0.494279 0.186745 -0.258339 0.277629 0.189855 -0.318448 0.381882 0.092715 -0.288135 0.435249 
0.000000 0.000000 0.000000 -0.057935 -0.019790 -0.043311 0.056657 -0.432902 -0.026002 0.127131 -0.342637 0.050745 0.162342 -0.251532 0.097072 0.182944 -0.167754 0.129465 -0.151342 -0.234705 0.163892 -0.209790 -0.369184 0.293546 -0.173109 -0.469000 0.406587 -0.017037 -0.563552 0.144056 -0.061575 -0.642513 0.246835 -0.084677 -0.713803 0.336151 0.140863 -0.477403 0.245998 0.150201 -0.569063 0.378798 0.087346 -0.576426 0.499771 0.213200 -0.393156 0.245631 0.174477 -0.417480 0.390198 0.102589 -0.380553 0.498533 0.190722 -0.253380 0.281761 0.196075 -0.312318 0.386589 0.095704 -0.286659 0.436291 
0.000000 0.000000 0.000000 -0.056159 -0.020262 -0.045382 0.064281 -0.431706 -0.028072 0.130763 -0.341111 0.051786 0.162992 -0.249926 0.100083 0.181197 -0.166158 0.133904 -0.151826 -0.235656 0.160286 -0.211688 -0.370436 0.288980 -0.173206 -0.468648 0.402823 -0.012548 -0.564036 0.139279 -0.058982 -0.644012 0.240421 -0.085021 -0.713168 0.330602 0.144069 -0.476856 0.246389 0.153119 -0.569183 0.378747 0.088665 -0.577366 0.498822 0.214291 -0.390332 0.249643 0.172395 -0.416430 0.393012 0.096089 -0.381733 0.499037 0.193693 -0.249697 0.287043 0.202294 -0.307198 0.392451 0.097979 -0.291468 0.437992 
0.000000 0.000000 0.000000 -0.055061 -0.019817 -0.046899 0.069461 -0.430276 -0.036440 0.133424 -0.340816 0.046687 0.163740 -0.250412 0.097619 0.180391 -0.167241 0.133644 -0.156485 -0.241972 0.148566 -0.219950 -0.380982 0.270875 -0.176533 -0.477323 0.384542 -0.010590 -0.575454 0.118271 -0.058970 -0.663195 0.211774 -0.087822 -0.733906 0.299869 0.143426 -0.484198 0.235938 0.150228 -0.581718 0.364655 0.084518 -0.590809 0.483982 0.212778 -0.394368 0.244539 0.170324 -0.427641 0.386248 0.090048 -0.393910 0.489621 0.197452 -0.251680 0.285846 0.209195 -0.309800 0.390609 0.105129 -0.308744 0.439316 
0.000000 0.000000 0.000000 -0.053099 -0.018467 -0.049632 0.074656 -0.428065 -0.049767 0.134675 -0.341294 0.038963 0.162260 -0.252631 0.094317 0.176807 -0.170743 0.134004 -0.161925 -0.245687 0.135770 -0.230021 -0.387867 0.251783 -0.181724 -0.484136 0.363526 -0.007632 -0.587476 0.088931 -0.057364 -0.683820 0.172756 -0.087894 -0.763860 0.251842 0.141066 -0.497903 0.217589 0.145413 -0.604418 0.339080 0.075685 -0.615295 0.455952 0.208409 -0.401462 0.237261 0.175719 -0.457478 0.374318 0.087237 -0.422918 0.470466 0.197843 -0.257016 0.284672 0.212322 -0.316400 0.388379 0.115599 -0.336136 0.447186 
0.000000 0.000000 0.000000 -0.050426 -0.016500 -0.052998 0.078980 -0.425441 -0.063655 0.134029 -0.342313 0.031548 0.158373 -0.255975 0.091875 0.170523 -0.175782 0.135623 -0.163041 -0.248754 0.123701 -0.233507 -0.394083 0.234268 -0.181760 -0.492601 0.342450 -0.004907 -0.600212 0.053981 -0.055606 -0.705839 0.125077 -0.084913 -0.798954 0.188824 0.142528 -0.514325 0.195299 0.148308 -0.631317 0.306672 0.073628 -0.640233 0.420614 0.182399 -0.395771 0.248698 0.185942 -0.487816 0.369139 0.087436 -0.447865 0.452618 0.193048 -0.261538 0.286371 0.208553 -0.320566 0.390133 0.134862 -0.359609 0.469180 
0.000000 0.000000 0.000000 -0.048991 -0.014547 -0.054883 0.079473 -0.423403 -0.075528 0.132112 -0.343678 0.023858 0.155030 -0.259475 0.087661 0.166200 -0.180820 0.134362 -0.163351 -0.254296 0.110308 -0.234910 -0.404316 0.213674 -0.176846 -0.502437 0.318971 0.000035 -0.613488 0.019221 -0.047975 -0.728371 0.076485 -0.073411 -0.832415 0.122538 0.146653 -0.534033 0.165379 0.156542 -0.663501 0.261632 0.074709 -0.662510 0.370910 0.179461 -0.408061 0.236117 0.196979 -0.514606 0.342569 0.092752 -0.477182 0.420056 0.184747 -0.270620 0.283285 0.197514 -0.332432 0.385791 0.146283 -0.380540 0.476699 