60
0.000000 0.000000 0.000000 0.044196 -0.027116 -0.054179 0.135521 -0.370116 0.189575 0.046780 -0.283536 0.231422 -0.014204 -0.204206 0.239049 -0.053408 -0.143950 0.234088 -0.019199 -0.323306 0.023916 -0.058868 -0.508642 0.072782 -0.045284 -0.661510 0.095888 0.083846 -0.569337 0.284763 0.003476 -0.675602 0.316864 -0.105171 -0.669552 0.275002 -0.032966 -0.448298 0.382976 -0.163937 -0.542096 0.396139 -0.254693 -0.524862 0.295612 -0.108841 -0.342883 0.367603 -0.246325 -0.378054 0.314201 -0.295829 -0.325057 0.200145 -0.166347 -0.257111 0.304979 -0.274037 -0.289674 0.262157 -0.303568 -0.239147 0.163272 
0.000000 0.000000 0.000000 0.041288 -0.028085 -0.055950 0.132721 -0.374403 0.183025 0.048074 -0.285621 0.228575 -0.010384 -0.204701 0.238822 -0.048099 -0.143387 0.235580 -0.017688 -0.324641 0.024189 -0.054591 -0.510207 0.074335 -0.029480 -0.663325 0.077682 0.085338 -0.575278 0.276961 0.002426 -0.679740 0.308510 -0.106426 -0.666303 0.268965 -0.032426 -0.448982 0.381243 -0.164020 -0.541791 0.395179 -0.257191 -0.527208 0.296458 -0.105027 -0.342942 0.367841 -0.242996 -0.380065 0.317074 -0.294342 -0.328492 0.203180 -0.160880 -0.256205 0.307267 -0.268994 -0.287517 0.264579 -0.299789 -0.236915 0.166120 
0.000000 0.000000 0.000000 0.041040 -0.028065 -0.056142 0.130951 -0.375935 0.181149 0.046870 -0.286890 0.227232 -0.011123 -0.205695 0.237933 -0.048504 -0.144160 0.235024 -0.017960 -0.324246 0.025356 -0.054879 -0.509577 0.076352 -0.026125 -0.662075 0.078428 0.086286 -0.580030 0.269300 -0.000001 -0.682603 0.297855 -0.108410 -0.661163 0.260692 -0.043321 -0.451786 0.372661 -0.172659 -0.546927 0.391218 -0.267517 -0.534164 0.293861 -0.108295 -0.342604 0.366491 -0.245999 -0.380742 0.315757 -0.299067 -0.331997 0.201408 -0.159073 -0.257369 0.309485 -0.267102 -0.286962 0.265379 -0.298275 -0.236201 0.167121 
0.000000 0.000000 0.000000 0.039285 -0.028313 -0.057262 0.129214 -0.379143 0.175626 0.047626 -0.289123 0.224225 -0.008827 -0.207114 0.236795 -0.045298 -0.144989 0.235154 -0.019962 -0.322785 0.030046 -0.057035 -0.507046 0.084678 -0.025848 -0.658963 0.090635 0.086333 -0.585156 0.260125 -0.001516 -0.685984 0.290098 -0.111968 -0.662700 0.260918 -0.040415 -0.451882 0.373332 -0.171896 -0.544143 0.391365 -0.271285 -0.535183 0.298195 -0.107547 -0.342562 0.365722 -0.246019 -0.381866 0.318063 -0.304699 -0.337156 0.204812 -0.156707 -0.256918 0.310295 -0.265781 -0.286816 0.269062 -0.299466 -0.236943 0.171178 
0.000000 0.000000 0.000000 0.036224 -0.029133 -0.058847 0.126029 -0.383026 0.169406 0.048835 -0.291067 0.221433 -0.004892 -0.207649 0.236441 -0.039749 -0.144582 0.236405 -0.023493 -0.321102 0.036201 -0.060860 -0.503797 0.095675 -0.031157 -0.656040 0.100848 0.086204 -0.591866 0.248274 0.003012 -0.695619 0.281383 -0.111406 -0.680824 0.264568 -0.039252 -0.454138 0.370171 -0.166324 -0.549593 0.399591 -0.272855 -0.546567 0.314261 -0.104906 -0.341667 0.365863 -0.243828 -0.386127 0.324453 -0.312212 -0.350051 0.213592 -0.149381 -0.258135 0.311724 -0.259582 -0.291764 0.276852 -0.297151 -0.241718 0.180482 
0.000000 0.000000 0.000000 0.033496 -0.029743 -0.060144 0.122995 -0.386393 0.163899 0.049768 -0.292883 0.218815 -0.001486 -0.208316 0.235899 -0.034869 -0.144472 0.237241 -0.026658 -0.320314 0.038831 -0.064298 -0.502134 0.100764 -0.036160 -0.654695 0.105287 0.056796 -0.593349 0.228760 0.016787 -0.718428 0.267961 -0.098797 -0.733492 0.265412 -0.046356 -0.456303 0.362093 -0.164451 -0.557070 0.407082 -0.277541 -0.562459 0.330787 -0.107683 -0.338174 0.364634 -0.247554 -0.384925 0.329403 -0.326542 -0.358761 0.222892 -0.144552 -0.256373 0.314920 -0.255791 -0.290421 0.283970 -0.295866 -0.241358 0.188105 
0.000000 0.000000 0.000000 0.034257 -0.029213 -0.059975 0.123548 -0.386623 0.162938 0.049252 -0.293838 0.217648 -0.002645 -0.209658 0.234697 -0.036401 -0.146010 0.236066 -0.029517 -0.317641 0.042925 -0.069423 -0.498121 0.107312 -0.041930 -0.650694 0.114548 0.053288 -0.593161 0.224792 0.010825 -0.717987 0.262175 -0.100352 -0.752991 0.264921 -0.047059 -0.456399 0.361776 -0.166669 -0.555891 0.405586 -0.281424 -0.563804 0.332047 -0.111925 -0.338414 0.361951 -0.252226 -0.383756 0.326589 -0.332957 -0.358496 0.221173 -0.145156 -0.257576 0.315513 -0.256570 -0.290662 0.284153 -0.296932 -0.241799 0.188307 
0.000000 0.000000 0.000000 0.031461 -0.030115 -0.061051 0.119001 -0.389580 0.159237 0.048991 -0.294888 0.216283 -0.000128 -0.209394 0.234948 -0.032175 -0.144899 0.237361 -0.029436 -0.318551 0.043559 -0.067540 -0.499035 0.109016 -0.041154 -0.651768 0.116964 0.047595 -0.596367 0.218908 0.004440 -0.721343 0.254972 -0.105505 -0.759939 0.258931 -0.044508 -0.458886 0.360633 -0.168523 -0.555809 0.397387 -0.281850 -0.558896 0.321316 -0.103645 -0.343496 0.361496 -0.244439 -0.386380 0.325042 -0.322773 -0.353491 0.219923 -0.142896 -0.256529 0.313948 -0.254176 -0.290422 0.282975 -0.294532 -0.241397 0.187209 
0.000000 0.000000 0.000000 0.030819 -0.030055 -0.061407 0.118416 -0.390689 0.156938 0.049329 -0.295860 0.214874 0.000775 -0.210196 0.234229 -0.030941 -0.145558 0.237122 -0.031023 -0.318377 0.042960 -0.069719 -0.498790 0.108267 -0.044732 -0.651711 0.117069 0.037629 -0.593973 0.216683 -0.011198 -0.716831 0.252791 -0.124579 -0.743945 0.254452 -0.037961 -0.460608 0.362228 -0.166210 -0.553712 0.393980 -0.271698 -0.540215 0.308368 -0.093393 -0.349558 0.362386 -0.235852 -0.387130 0.326541 -0.301155 -0.336189 0.219730 -0.138086 -0.256671 0.319342 -0.249867 -0.289804 0.289369 -0.286536 -0.238867 0.193120 
0.000000 0.000000 0.000000 0.030656 -0.030185 -0.061424 0.118810 -0.390365 0.157447 0.049877 -0.295412 0.215364 0.001378 -0.209705 0.234666 -0.030328 -0.145059 0.237506 -0.029170 -0.320173 0.039442 -0.066606 -0.501629 0.102558 -0.041343 -0.654489 0.111631 0.053154 -0.597675 0.221728 -0.024788 -0.705863 0.253389 -0.141162 -0.702356 0.247235 -0.027314 -0.461851 0.366406 -0.162787 -0.548217 0.384088 -0.258927 -0.521566 0.290888 -0.087411 -0.351070 0.364458 -0.229383 -0.382244 0.321294 -0.280324 -0.320719 0.212264 -0.137195 -0.256154 0.320111 -0.248243 -0.284358 0.283177 -0.279230 -0.230765 0.186374 
0.000000 0.000000 0.000000 0.030669 -0.030314 -0.061354 0.119182 -0.389863 0.158409 0.050181 -0.294822 0.216100 0.001612 -0.209109 0.235196 -0.030149 -0.144483 0.237880 -0.024150 -0.321420 0.039136 -0.058452 -0.503576 0.102016 -0.030399 -0.655786 0.113496 0.061562 -0.597070 0.230277 -0.034665 -0.690284 0.259148 -0.146025 -0.659918 0.242721 -0.028696 -0.460994 0.366565 -0.171048 -0.537390 0.371479 -0.253940 -0.495572 0.271381 -0.088685 -0.349951 0.364516 -0.230150 -0.370205 0.313838 -0.267392 -0.299730 0.204685 -0.139329 -0.255039 0.318151 -0.249464 -0.276420 0.274510 -0.273854 -0.218544 0.178289 
0.000000 0.000000 0.000000 0.031291 -0.029706 -0.061337 0.124141 -0.388594 0.157714 0.053623 -0.294697 0.215443 0.003791 -0.209730 0.234617 -0.028884 -0.145565 0.237377 -0.018820 -0.321276 0.040261 -0.050177 -0.503722 0.103834 -0.017726 -0.654736 0.118946 0.071564 -0.594172 0.237673 -0.037094 -0.673572 0.263580 -0.136709 -0.619544 0.236177 -0.018283 -0.462902 0.367136 -0.168085 -0.522730 0.356900 -0.231756 -0.460075 0.253654 -0.087826 -0.350527 0.363054 -0.228597 -0.359538 0.307439 -0.252706 -0.280953 0.200149 -0.140496 -0.254215 0.316903 -0.249103 -0.264573 0.266025 -0.266514 -0.201880 0.171317 
0.000000 0.000000 0.000000 0.030815 -0.029323 -0.061762 0.128257 -0.388283 0.155166 0.057778 -0.295006 0.213940 0.007625 -0.210412 0.233912 -0.025419 -0.146463 0.237221 -0.011681 -0.322244 0.039418 -0.038273 -0.505536 0.102731 -0.001629 -0.655023 0.122670 0.074343 -0.590579 0.242287 -0.043622 -0.656653 0.264656 -0.130067 -0.587312 0.228431 -0.014053 -0.464220 0.364544 -0.168203 -0.509612 0.347161 -0.213665 -0.431977 0.244471 -0.088551 -0.348295 0.362178 -0.227632 -0.346021 0.301827 -0.240814 -0.263412 0.195666 -0.140898 -0.252082 0.315295 -0.245827 -0.251075 0.256303 -0.255456 -0.185151 0.162685 
0.000000 0.000000 0.000000 0.031611 -0.028918 -0.061550 0.131016 -0.387152 0.155686 0.059107 -0.294690 0.214013 0.007924 -0.210646 0.233692 -0.025806 -0.147046 0.236818 -0.002780 -0.322581 0.040555 -0.024299 -0.506337 0.104445 0.015290 -0.653321 0.134696 0.068279 -0.583302 0.250605 -0.057682 -0.635192 0.265550 -0.128250 -0.555466 0.218041 -0.022835 -0.463682 0.359620 -0.178996 -0.491176 0.328277 -0.205674 -0.404027 0.226627 -0.097309 -0.346478 0.356937 -0.230803 -0.329246 0.287129 -0.230974 -0.242458 0.183515 -0.149864 -0.247960 0.307615 -0.249206 -0.235148 0.240844 -0.247527 -0.165322 0.149605 
0.000000 0.000000 0.000000 0.033166 -0.027859 -0.061219 0.138242 -0.384548 0.155893 0.063287 -0.294131 0.213587 0.009795 -0.211449 0.232894 -0.025519 -0.148705 0.235811 0.003729 -0.321169 0.043419 -0.014691 -0.504703 0.108894 0.027769 -0.647828 0.151311 0.065427 -0.574017 0.256985 -0.065687 -0.613325 0.263769 -0.121627 -0.527978 0.207378 -0.026103 -0.463462 0.354338 -0.181720 -0.473210 0.311762 -0.192417 -0.379220 0.213321 -0.102271 -0.346312 0.351076 -0.229761 -0.314280 0.275505 -0.218812 -0.223448 0.176017 -0.153855 -0.246728 0.302948 -0.244830 -0.219855 0.228835 -0.234733 -0.146656 0.140840 
0.000000 0.000000 0.000000 0.032531 -0.026467 -0.062170 0.153969 -0.380845 0.150138 0.077635 -0.293149 0.210176 0.022060 -0.212299 0.231276 -0.015123 -0.150715 0.235430 0.014469 -0.319720 0.045176 0.003167 -0.503218 0.112346 0.049147 -0.641184 0.166549 0.073232 -0.563410 0.257709 -0.060526 -0.593230 0.258951 -0.102513 -0.504682 0.195787 -0.020726 -0.462858 0.344334 -0.175374 -0.455894 0.297856 -0.170309 -0.355844 0.205100 -0.092484 -0.347394 0.346788 -0.214248 -0.301143 0.269166 -0.194070 -0.206876 0.174431 -0.144089 -0.248092 0.302302 -0.228723 -0.209299 0.225991 -0.213583 -0.132614 0.141768 
0.000000 0.000000 0.000000 0.032681 -0.025667 -0.062426 0.159152 -0.379820 0.147300 0.081898 -0.293467 0.208104 0.025377 -0.213454 0.229869 -0.012561 -0.152368 0.234515 0.016197 -0.318632 0.045954 0.005882 -0.501950 0.113771 0.053457 -0.637027 0.173583 0.069130 -0.553601 0.261828 -0.066246 -0.574572 0.257899 -0.096544 -0.485866 0.188571 -0.026837 -0.460599 0.337401 -0.177639 -0.435411 0.284972 -0.157717 -0.333180 0.196704 -0.095724 -0.346412 0.341091 -0.212643 -0.290547 0.262353 -0.181406 -0.195105 0.171891 -0.146298 -0.246912 0.295850 -0.224195 -0.198972 0.217587 -0.200297 -0.119848 0.137765 
0.000000 0.000000 0.000000 0.033585 -0.024212 -0.062528 0.161677 -0.380690 0.142218 0.082896 -0.296241 0.203732 0.025308 -0.217223 0.226318 -0.013323 -0.156629 0.231649 0.013545 -0.317734 0.043724 0.001006 -0.501401 0.110209 0.049432 -0.635455 0.171621 0.060245 -0.546261 0.259342 -0.075655 -0.561301 0.250009 -0.093749 -0.472947 0.176122 -0.039026 -0.459641 0.325838 -0.183349 -0.417837 0.266274 -0.146667 -0.315637 0.183515 -0.103140 -0.347678 0.332131 -0.212294 -0.279629 0.251846 -0.168695 -0.183895 0.166981 -0.152948 -0.246322 0.286840 -0.218427 -0.183935 0.207394 -0.184925 -0.102425 0.133659 
0.000000 0.000000 0.000000 0.031613 -0.022813 -0.064063 0.163595 -0.384905 0.127967 0.087117 -0.301626 0.193829 0.030659 -0.222911 0.220038 -0.007457 -0.162279 0.227993 0.010178 -0.317352 0.039056 -0.003235 -0.501656 0.103581 0.046307 -0.635204 0.165204 0.056364 -0.542700 0.250532 -0.080200 -0.547895 0.240276 -0.088672 -0.459734 0.164453 -0.043618 -0.460991 0.312089 -0.183426 -0.404405 0.253984 -0.133261 -0.303795 0.176523 -0.102823 -0.350282 0.323349 -0.204001 -0.268741 0.245215 -0.151148 -0.173619 0.165051 -0.150367 -0.248055 0.280959 -0.208147 -0.174268 0.205406 -0.167282 -0.090924 0.137680 
0.000000 0.000000 0.000000 0.028563 -0.022117 -0.065718 0.159214 -0.391281 0.113316 0.087340 -0.307739 0.183864 0.033825 -0.228345 0.213917 -0.002502 -0.167044 0.224636 0.002655 -0.318298 0.031501 -0.013556 -0.503629 0.092335 0.035665 -0.638087 0.152212 0.045762 -0.543630 0.237166 -0.090911 -0.542089 0.227156 -0.091146 -0.453711 0.151113 -0.052186 -0.461765 0.299115 -0.186765 -0.391554 0.243585 -0.124755 -0.294357 0.170463 -0.105508 -0.352746 0.313036 -0.202750 -0.263557 0.238335 -0.140549 -0.170092 0.163081 -0.149313 -0.248480 0.273638 -0.202693 -0.168766 0.200922 -0.156554 -0.084942 0.137299 
0.000000 0.000000 0.000000 0.025427 -0.021176 -0.067298 0.152313 -0.398263 0.097355 0.085534 -0.314653 0.172669 0.035447 -0.234640 0.206721 0.001289 -0.172673 0.220348 -0.004855 -0.319145 0.022945 -0.023802 -0.505594 0.079413 0.024890 -0.640861 0.137883 0.036720 -0.546738 0.223899 -0.099514 -0.536608 0.212964 -0.093024 -0.448503 0.136881 -0.062217 -0.462325 0.285970 -0.189705 -0.379062 0.231759 -0.117358 -0.286762 0.161859 -0.108983 -0.354143 0.304561 -0.198368 -0.254162 0.233817 -0.128395 -0.163676 0.161816 -0.149108 -0.247499 0.269013 -0.199057 -0.162038 0.200510 -0.149166 -0.078542 0.139335 
0.000000 0.000000 0.000000 0.019435 -0.020226 -0.069549 0.136375 -0.408871 0.074272 0.079786 -0.324400 0.156640 0.036733 -0.243020 0.196566 0.007112 -0.179812 0.214448 -0.019279 -0.319683 0.012138 -0.043503 -0.507064 0.063252 0.002861 -0.643816 0.120139 0.016842 -0.550791 0.204621 -0.118229 -0.528851 0.197087 -0.104254 -0.441195 0.121495 -0.075848 -0.462971 0.270879 -0.194711 -0.365664 0.220606 -0.113242 -0.280204 0.152058 -0.114043 -0.355189 0.293511 -0.197568 -0.246436 0.228802 -0.120137 -0.160244 0.159208 -0.146742 -0.246085 0.264679 -0.195673 -0.155636 0.202101 -0.142957 -0.072742 0.142497 
0.000000 0.000000 0.000000 0.013115 -0.018795 -0.071405 0.120422 -0.417312 0.051375 0.074556 -0.333002 0.140315 0.038836 -0.251009 0.185829 0.013913 -0.187069 0.207804 -0.035332 -0.319103 0.001495 -0.065647 -0.507017 0.047110 -0.021037 -0.645163 0.101996 -0.001148 -0.554121 0.185256 -0.134688 -0.523385 0.183127 -0.116832 -0.436019 0.108017 -0.085206 -0.463634 0.258154 -0.197631 -0.356123 0.214259 -0.111268 -0.276417 0.144778 -0.115165 -0.356013 0.285687 -0.192073 -0.238833 0.227852 -0.110370 -0.156776 0.158143 -0.140506 -0.247661 0.263209 -0.186868 -0.152490 0.205899 -0.132706 -0.070251 0.146685 
0.000000 0.000000 0.000000 0.006300 -0.017511 -0.072647 0.101260 -0.424291 0.031840 0.067338 -0.340140 0.126127 0.039903 -0.257653 0.176263 0.020341 -0.193116 0.201653 -0.048843 -0.318353 -0.007078 -0.083348 -0.506601 0.033950 -0.040411 -0.646484 0.085680 -0.015635 -0.559904 0.170997 -0.146244 -0.518435 0.172858 -0.125800 -0.431351 0.098082 -0.095327 -0.464097 0.247160 -0.201276 -0.348108 0.209134 -0.111352 -0.273444 0.138578 -0.115630 -0.357311 0.279179 -0.184895 -0.233854 0.224850 -0.099496 -0.156126 0.154611 -0.136699 -0.244089 0.259326 -0.181171 -0.145595 0.206293 -0.124789 -0.064781 0.147189 
0.000000 0.000000 0.000000 0.002528 -0.015228 -0.073387 0.084239 -0.428966 0.013497 0.057887 -0.346802 0.111868 0.036110 -0.265039 0.165821 0.020398 -0.200666 0.194134 -0.067514 -0.313773 -0.011650 -0.111341 -0.500583 0.026981 -0.071698 -0.643167 0.073725 -0.036667 -0.557868 0.155576 -0.165262 -0.511746 0.166441 -0.143224 -0.424791 0.091967 -0.108071 -0.460898 0.238021 -0.208610 -0.337873 0.208330 -0.116154 -0.269057 0.135149 -0.121802 -0.356109 0.272982 -0.186509 -0.226950 0.226920 -0.098318 -0.153931 0.155096 -0.135674 -0.243835 0.260195 -0.176561 -0.140659 0.213568 -0.118458 -0.061580 0.153788 
0.000000 0.000000 0.000000 -0.004786 -0.013251 -0.073657 0.058784 -0.433381 -0.003981 0.046129 -0.352651 0.098218 0.034143 -0.271322 0.155772 0.024903 -0.206972 0.186852 -0.085213 -0.310451 -0.018437 -0.135539 -0.496421 0.016117 -0.099849 -0.641942 0.056572 -0.056390 -0.562809 0.142318 -0.180931 -0.508229 0.159428 -0.158061 -0.420882 0.085668 -0.118434 -0.461435 0.230729 -0.209088 -0.329887 0.206202 -0.115238 -0.266508 0.129948 -0.122373 -0.357672 0.268732 -0.180136 -0.223818 0.227049 -0.090212 -0.155537 0.152757 -0.130332 -0.244079 0.258346 -0.170502 -0.138903 0.215735 -0.111283 -0.061543 0.154810 
0.000000 0.000000 0.000000 -0.011547 -0.011037 -0.073272 0.036058 -0.435481 -0.018623 0.036057 -0.356974 0.086062 0.033051 -0.276715 0.146227 0.029715 -0.212839 0.179410 -0.099305 -0.307019 -0.022881 -0.154218 -0.492226 0.008651 -0.121948 -0.640016 0.043343 -0.073225 -0.566926 0.130372 -0.193768 -0.504912 0.150511 -0.170862 -0.417108 0.077306 -0.126670 -0.461446 0.224192 -0.208818 -0.323982 0.202288 -0.114271 -0.265451 0.123077 -0.123687 -0.357452 0.262968 -0.178956 -0.221240 0.225787 -0.087673 -0.156974 0.149593 -0.124043 -0.245453 0.256096 -0.163982 -0.138532 0.217831 -0.103955 -0.062532 0.155993 
0.000000 0.000000 0.000000 -0.015016 -0.008660 -0.072962 0.020024 -0.435789 -0.031268 0.027193 -0.360180 0.075287 0.029538 -0.281518 0.137554 0.029840 -0.218484 0.172469 -0.111153 -0.302324 -0.024325 -0.171309 -0.486079 0.006109 -0.142553 -0.635839 0.034955 -0.087964 -0.565706 0.119993 -0.205456 -0.500838 0.147739 -0.182392 -0.412501 0.075230 -0.133510 -0.462549 0.217307 -0.212612 -0.322295 0.203306 -0.118412 -0.266351 0.121845 -0.124532 -0.361266 0.258452 -0.176400 -0.222214 0.227385 -0.084954 -0.160414 0.149369 -0.121799 -0.247294 0.254699 -0.160724 -0.138229 0.221820 -0.099939 -0.063265 0.159461 
0.000000 0.000000 0.000000 -0.017041 -0.006933 -0.072701 0.009204 -0.435457 -0.039785 0.020788 -0.362065 0.067926 0.026506 -0.284672 0.131550 0.029136 -0.222335 0.167599 -0.118846 -0.298919 -0.025519 -0.182548 -0.481625 0.004004 -0.156216 -0.632550 0.028805 -0.096784 -0.564610 0.113532 -0.211474 -0.496854 0.145739 -0.187878 -0.408616 0.073280 -0.139052 -0.462300 0.212421 -0.212653 -0.318726 0.202711 -0.119042 -0.264067 0.119712 -0.127170 -0.361333 0.254921 -0.174478 -0.219660 0.228817 -0.083075 -0.159229 0.149687 -0.121390 -0.248830 0.252607 -0.157258 -0.138219 0.221463 -0.095880 -0.063921 0.158888 
0.000000 0.000000 0.000000 -0.018197 -0.006168 -0.072489 0.000988 -0.435287 -0.042596 0.015396 -0.362801 0.065387 0.023380 -0.285930 0.129398 0.027618 -0.223880 0.165789 -0.125153 -0.296292 -0.025219 -0.192080 -0.477833 0.004360 -0.168449 -0.629561 0.026878 -0.106252 -0.561304 0.112451 -0.219825 -0.492543 0.146439 -0.194884 -0.405385 0.073128 -0.144580 -0.460123 0.211711 -0.215796 -0.315247 0.203723 -0.121826 -0.262903 0.119646 -0.130301 -0.360524 0.254023 -0.175516 -0.218101 0.228291 -0.083382 -0.159794 0.148419 -0.122471 -0.247351 0.252440 -0.157353 -0.136038 0.222705 -0.094935 -0.063022 0.159652 
0.000000 0.000000 0.000000 -0.019555 -0.005010 -0.072225 -0.005873 -0.434693 -0.047934 0.011450 -0.363768 0.060656 0.021638 -0.287820 0.125451 0.027387 -0.226294 0.162518 -0.130360 -0.293667 -0.024838 -0.199695 -0.474289 0.004813 -0.177925 -0.626647 0.024813 -0.112515 -0.559291 0.108664 -0.224160 -0.488320 0.144450 -0.198720 -0.401579 0.070815 -0.148430 -0.458343 0.208873 -0.216606 -0.311907 0.203117 -0.123002 -0.260761 0.117901 -0.132020 -0.360013 0.251511 -0.176041 -0.216607 0.229429 -0.083875 -0.159321 0.148857 -0.121953 -0.246019 0.251371 -0.156239 -0.133808 0.224451 -0.093396 -0.061427 0.161088 
0.000000 0.000000 0.000000 -0.019985 -0.004529 -0.072139 -0.008203 -0.434396 -0.050227 0.010067 -0.364139 0.058641 0.020981 -0.288589 0.123783 0.027230 -0.227292 0.161146 -0.131888 -0.292610 -0.023832 -0.201909 -0.472872 0.006396 -0.181478 -0.625590 0.025015 -0.113774 -0.558229 0.107699 -0.224405 -0.487014 0.146055 -0.198714 -0.400658 0.072058 -0.149445 -0.458521 0.207377 -0.215256 -0.310927 0.204279 -0.121587 -0.260547 0.118680 -0.132651 -0.359763 0.250453 -0.173603 -0.215287 0.229467 -0.081241 -0.158638 0.148670 -0.120783 -0.248010 0.251971 -0.152459 -0.134967 0.225341 -0.089362 -0.062930 0.161838 
0.000000 0.000000 0.000000 -0.021299 -0.004509 -0.071763 -0.014238 -0.434418 -0.048666 0.006770 -0.364053 0.059637 0.019720 -0.288442 0.124333 0.027351 -0.227110 0.161381 -0.134119 -0.292072 -0.022510 -0.204714 -0.472010 0.008309 -0.186804 -0.625094 0.026516 -0.119213 -0.557254 0.110430 -0.228508 -0.483505 0.147817 -0.201780 -0.398217 0.072953 -0.153898 -0.455363 0.209044 -0.218443 -0.307234 0.205024 -0.123995 -0.258958 0.119067 -0.134457 -0.357983 0.251246 -0.175427 -0.213656 0.229294 -0.082025 -0.159193 0.148190 -0.121753 -0.244370 0.251139 -0.154920 -0.131780 0.224407 -0.090708 -0.061175 0.160416 
0.000000 0.000000 0.000000 -0.020218 -0.004446 -0.072079 -0.013551 -0.434375 -0.049247 0.005834 -0.364105 0.059420 0.017817 -0.288550 0.124368 0.024896 -0.227251 0.161580 -0.134785 -0.291201 -0.022159 -0.206473 -0.470634 0.009078 -0.188766 -0.623713 0.027525 -0.120048 -0.555938 0.109815 -0.229827 -0.483091 0.147550 -0.202716 -0.398018 0.072578 -0.154992 -0.455155 0.208817 -0.220185 -0.307317 0.204514 -0.125606 -0.259256 0.118582 -0.136746 -0.357166 0.251316 -0.176408 -0.212493 0.229239 -0.082723 -0.158530 0.148126 -0.124104 -0.244170 0.251574 -0.155910 -0.131255 0.224557 -0.091252 -0.061055 0.160568 
0.000000 0.000000 0.000000 -0.020031 -0.004587 -0.072122 -0.013289 -0.434471 -0.048464 0.005793 -0.363991 0.060121 0.017585 -0.288310 0.124957 0.024549 -0.226939 0.162072 -0.134699 -0.291241 -0.021856 -0.206452 -0.470611 0.009597 -0.188530 -0.623520 0.029205 -0.119231 -0.555649 0.111262 -0.228747 -0.482707 0.149572 -0.201045 -0.398294 0.074073 -0.154749 -0.455902 0.209295 -0.218674 -0.307483 0.206126 -0.123507 -0.260516 0.120239 -0.137184 -0.356435 0.251918 -0.174675 -0.211123 0.230242 -0.080485 -0.157963 0.149185 -0.124753 -0.242064 0.251884 -0.155637 -0.128893 0.224868 -0.090549 -0.059054 0.160921 
0.000000 0.000000 0.000000 -0.019940 -0.004584 -0.072148 -0.013914 -0.434468 -0.048310 0.005134 -0.363976 0.060272 0.016958 -0.288288 0.125094 0.023969 -0.226913 0.162194 -0.135380 -0.291017 -0.022385 -0.207615 -0.470248 0.008754 -0.189402 -0.623023 0.029118 -0.121070 -0.555382 0.110805 -0.230491 -0.481412 0.147373 -0.202449 -0.396953 0.072052 -0.156305 -0.454228 0.209491 -0.219473 -0.305552 0.204041 -0.124198 -0.258707 0.118206 -0.138824 -0.354650 0.251750 -0.175692 -0.209304 0.229254 -0.081094 -0.156674 0.148326 -0.125424 -0.242270 0.251815 -0.155386 -0.128996 0.224200 -0.089873 -0.059504 0.160310 
0.000000 0.000000 0.000000 -0.019918 -0.004561 -0.072155 -0.012263 -0.434452 -0.048905 0.006511 -0.364036 0.059775 0.018044 -0.288392 0.124701 0.024820 -0.227042 0.161885 -0.134802 -0.291365 -0.023252 -0.206688 -0.470828 0.007349 -0.187092 -0.623321 0.028533 -0.118262 -0.557326 0.109481 -0.227824 -0.483654 0.146233 -0.199703 -0.398931 0.071238 -0.155396 -0.454421 0.208405 -0.219296 -0.306073 0.202558 -0.123901 -0.258812 0.117086 -0.137884 -0.355286 0.250896 -0.175529 -0.210250 0.227694 -0.080942 -0.157237 0.147004 -0.124967 -0.242729 0.250789 -0.155465 -0.129565 0.223309 -0.089905 -0.059806 0.159759 
0.000000 0.000000 0.000000 -0.019899 -0.004933 -0.072136 -0.013350 -0.434698 -0.046365 0.005557 -0.363694 0.061909 0.017255 -0.287702 0.126397 0.024171 -0.226152 0.163224 -0.136107 -0.291080 -0.022518 -0.208823 -0.470132 0.008530 -0.189233 -0.622354 0.031586 -0.121170 -0.555341 0.112507 -0.230469 -0.480478 0.147599 -0.201446 -0.396603 0.071996 -0.157167 -0.451565 0.211155 -0.219119 -0.302440 0.204217 -0.123263 -0.256735 0.118415 -0.138743 -0.354642 0.252482 -0.176455 -0.209859 0.227855 -0.081430 -0.157668 0.147143 -0.125518 -0.242604 0.252155 -0.154940 -0.129367 0.223820 -0.088950 -0.060069 0.160210 
0.000000 0.000000 0.000000 -0.019980 -0.005123 -0.072100 -0.013718 -0.434818 -0.045119 0.005357 -0.363522 0.062932 0.017180 -0.287356 0.127192 0.024181 -0.225707 0.163837 -0.135469 -0.291609 -0.022763 -0.207736 -0.470873 0.008108 -0.187920 -0.622982 0.031713 -0.120944 -0.555908 0.113814 -0.230195 -0.480842 0.148618 -0.201156 -0.397065 0.072913 -0.157234 -0.451445 0.212291 -0.219548 -0.302485 0.205039 -0.123554 -0.257170 0.119186 -0.138692 -0.354393 0.253381 -0.176991 -0.209773 0.228701 -0.081731 -0.158151 0.147900 -0.125763 -0.242879 0.252200 -0.156866 -0.130082 0.223902 -0.090620 -0.061071 0.160247 
0.000000 0.000000 0.000000 -0.020035 -0.005231 -0.072077 -0.013592 -0.434885 -0.044504 0.005542 -0.363432 0.063434 0.017389 -0.287172 0.127578 0.024396 -0.225470 0.164131 -0.135528 -0.291393 -0.020902 -0.207796 -0.470455 0.011119 -0.187891 -0.622460 0.035306 -0.121072 -0.554713 0.115213 -0.229514 -0.478535 0.150132 -0.200436 -0.394996 0.074179 -0.157432 -0.450247 0.213024 -0.218762 -0.300893 0.205491 -0.122751 -0.255859 0.119507 -0.138211 -0.354482 0.253958 -0.175085 -0.209516 0.229139 -0.079850 -0.157966 0.148264 -0.125527 -0.241570 0.252732 -0.156046 -0.128646 0.224305 -0.089849 -0.059747 0.160477 
0.000000 0.000000 0.000000 -0.020032 -0.005376 -0.072067 -0.014345 -0.434971 -0.043417 0.004896 -0.363281 0.064344 0.016865 -0.286882 0.128299 0.023974 -0.225101 0.164700 -0.136209 -0.291262 -0.020897 -0.208904 -0.470152 0.011123 -0.189235 -0.622108 0.035805 -0.121908 -0.554476 0.116486 -0.230393 -0.478144 0.150932 -0.201207 -0.394838 0.074766 -0.158137 -0.449403 0.214269 -0.219634 -0.300152 0.206093 -0.123492 -0.255717 0.119944 -0.139700 -0.351263 0.255012 -0.174649 -0.205906 0.229702 -0.079249 -0.155041 0.148587 -0.125821 -0.240165 0.253697 -0.154264 -0.126913 0.224434 -0.087885 -0.058378 0.160404 
0.000000 0.000000 0.000000 -0.021279 -0.005292 -0.071715 -0.015821 -0.434916 -0.043451 0.005393 -0.363333 0.064010 0.018590 -0.286998 0.127800 0.026429 -0.225254 0.164113 -0.136200 -0.292049 -0.022624 -0.208111 -0.471483 0.008093 -0.188002 -0.623461 0.032285 -0.121999 -0.558022 0.114635 -0.230936 -0.482056 0.148456 -0.202433 -0.397550 0.073359 -0.155587 -0.453759 0.213619 -0.219994 -0.305758 0.205136 -0.124644 -0.259319 0.119164 -0.137614 -0.352869 0.254193 -0.175818 -0.208474 0.228089 -0.080768 -0.156814 0.147066 -0.124122 -0.240969 0.251714 -0.155543 -0.128459 0.222634 -0.089295 -0.059645 0.158767 
0.000000 0.000000 0.000000 -0.020141 -0.005303 -0.072042 -0.011870 -0.434931 -0.044545 0.007159 -0.363415 0.063369 0.018803 -0.287116 0.127504 0.025620 -0.225391 0.164054 -0.134717 -0.292233 -0.023156 -0.206412 -0.471775 0.007434 -0.185098 -0.623589 0.031620 -0.118773 -0.559115 0.112204 -0.229080 -0.487000 0.149805 -0.202736 -0.400323 0.076415 -0.152179 -0.455113 0.213959 -0.219248 -0.308182 0.207815 -0.125387 -0.259864 0.121243 -0.135568 -0.355489 0.254815 -0.174047 -0.210988 0.229724 -0.080427 -0.157438 0.148264 -0.124080 -0.243621 0.252619 -0.154984 -0.130916 0.223740 -0.089607 -0.061132 0.160028 
0.000000 0.000000 0.000000 -0.020619 -0.005448 -0.071896 -0.008593 -0.435002 -0.044611 0.010626 -0.363362 0.063188 0.022103 -0.286987 0.127263 0.028674 -0.225219 0.163785 -0.131694 -0.293980 -0.024378 -0.201197 -0.474525 0.005355 -0.178533 -0.626140 0.029563 -0.112916 -0.564411 0.109629 -0.223421 -0.493424 0.148763 -0.200378 -0.403584 0.078116 -0.143977 -0.462433 0.214042 -0.216619 -0.318135 0.208963 -0.125555 -0.265040 0.122201 -0.128171 -0.361619 0.255955 -0.171113 -0.218299 0.231333 -0.080555 -0.160798 0.149109 -0.119520 -0.249376 0.253457 -0.154322 -0.137495 0.225840 -0.091121 -0.065721 0.162143 
0.000000 0.000000 0.000000 -0.021793 -0.005339 -0.071557 0.001192 -0.434685 -0.048352 0.020631 -0.363518 0.059721 0.031416 -0.287435 0.124260 0.037147 -0.225837 0.161210 -0.121431 -0.298822 -0.029298 -0.183778 -0.482465 -0.002854 -0.158235 -0.634259 0.016973 -0.093401 -0.577657 0.100078 -0.205757 -0.510576 0.140800 -0.189508 -0.415677 0.075048 -0.124477 -0.478322 0.208845 -0.207542 -0.339679 0.207147 -0.123112 -0.275224 0.121378 -0.111408 -0.376366 0.252348 -0.167077 -0.236784 0.232132 -0.083348 -0.168809 0.150666 -0.109325 -0.259877 0.250505 -0.153251 -0.150586 0.225659 -0.095590 -0.073456 0.162975 
0.000000 0.000000 0.000000 -0.020032 -0.005720 -0.072041 0.018880 -0.434012 -0.050672 0.033255 -0.362831 0.058180 0.039730 -0.286797 0.123351 0.042303 -0.225257 0.160750 -0.110509 -0.302515 -0.032387 -0.167123 -0.488231 -0.007574 -0.142460 -0.640742 0.007217 -0.069661 -0.587540 0.090784 -0.186698 -0.533849 0.137705 -0.183225 -0.432521 0.080141 -0.101481 -0.491138 0.206024 -0.199971 -0.363060 0.210532 -0.126335 -0.285074 0.126062 -0.092633 -0.390115 0.251878 -0.164239 -0.257521 0.235080 -0.091369 -0.177776 0.153848 -0.099450 -0.274151 0.250760 -0.157258 -0.170546 0.230371 -0.108264 -0.087046 0.168481 
0.000000 0.000000 0.000000 -0.021820 -0.006345 -0.071467 0.023439 -0.433965 -0.049148 0.039674 -0.362059 0.058963 0.046809 -0.285622 0.123592 0.049520 -0.223869 0.160628 -0.106222 -0.305066 -0.032889 -0.159036 -0.491986 -0.008749 -0.143883 -0.646291 -0.001876 -0.057003 -0.598903 0.084061 -0.176947 -0.563224 0.139939 -0.191721 -0.456650 0.095029 -0.076589 -0.508373 0.205761 -0.191501 -0.395913 0.222267 -0.138077 -0.300386 0.140659 -0.069113 -0.403802 0.255157 -0.160730 -0.283304 0.246367 -0.105786 -0.190673 0.164704 -0.083076 -0.286605 0.255859 -0.157131 -0.192489 0.243632 -0.122308 -0.102425 0.181350 
0.000000 0.000000 0.000000 -0.024473 -0.007754 -0.070462 0.025610 -0.434519 -0.042750 0.045288 -0.360640 0.063442 0.054170 -0.283053 0.126463 0.057715 -0.220656 0.162330 -0.107395 -0.307049 -0.033147 -0.159282 -0.494329 -0.009798 -0.157551 -0.649514 -0.010933 -0.040370 -0.614607 0.078226 -0.160004 -0.601766 0.143838 -0.198150 -0.494645 0.118088 -0.049168 -0.525026 0.206725 -0.178645 -0.434665 0.241294 -0.151796 -0.323098 0.167326 -0.043994 -0.412638 0.261685 -0.148634 -0.302907 0.262265 -0.114477 -0.199916 0.181678 -0.063734 -0.295363 0.263598 -0.147055 -0.208892 0.255125 -0.126231 -0.115183 0.191975 
0.000000 0.000000 0.000000 -0.028059 -0.009495 -0.068894 0.021959 -0.435610 -0.032435 0.047269 -0.359049 0.070618 0.059609 -0.279868 0.131022 0.065184 -0.216564 0.164991 -0.115376 -0.307804 -0.033769 -0.170014 -0.494466 -0.011791 -0.180362 -0.649125 -0.019557 -0.023817 -0.630012 0.074955 -0.137763 -0.644350 0.149740 -0.201464 -0.546713 0.148229 -0.021612 -0.539538 0.209014 -0.162286 -0.483543 0.265583 -0.171085 -0.361117 0.205801 -0.021899 -0.421970 0.264728 -0.142084 -0.331372 0.283123 -0.135611 -0.217131 0.211185 -0.044079 -0.300663 0.272579 -0.140253 -0.228271 0.273687 -0.137975 -0.131987 0.211018 
0.000000 0.000000 0.000000 -0.030906 -0.011125 -0.067416 0.019337 -0.436375 -0.022212 0.049102 -0.357330 0.077729 0.064156 -0.276695 0.135537 0.071312 -0.212574 0.167625 -0.125829 -0.307100 -0.032277 -0.185225 -0.492302 -0.010290 -0.205739 -0.645750 -0.021233 -0.016856 -0.638510 0.073972 -0.118635 -0.683859 0.153763 -0.200882 -0.604230 0.175851 0.000805 -0.546452 0.213281 -0.140313 -0.529112 0.290156 -0.186260 -0.406997 0.249956 -0.001419 -0.427126 0.268894 -0.131868 -0.361756 0.310134 -0.157106 -0.242178 0.252408 -0.033440 -0.298001 0.278601 -0.142587 -0.251649 0.299330 -0.164372 -0.154552 0.241879 
0.000000 0.000000 0.000000 -0.034141 -0.012452 -0.065599 0.013675 -0.436992 -0.011891 0.048915 -0.355816 0.084498 0.067504 -0.273936 0.139457 0.076829 -0.209118 0.169523 -0.134123 -0.306402 -0.027607 -0.196684 -0.490337 -0.003834 -0.226214 -0.642293 -0.014978 -0.006390 -0.646451 0.072633 -0.087457 -0.723585 0.151757 -0.182265 -0.672097 0.195957 0.018878 -0.552446 0.214532 -0.111508 -0.573843 0.307624 -0.188905 -0.462389 0.292555 0.014980 -0.430439 0.271601 -0.117831 -0.393886 0.334972 -0.170674 -0.275941 0.295418 -0.020419 -0.298305 0.284304 -0.131651 -0.277170 0.325196 -0.175100 -0.182111 0.277455 
0.000000 0.000000 0.000000 -0.033557 -0.013850 -0.065620 0.017034 -0.437016 -0.004166 0.050945 -0.353910 0.091047 0.068512 -0.270948 0.144705 0.077127 -0.205548 0.173703 -0.140190 -0.303484 -0.014748 -0.206914 -0.484718 0.017085 -0.241198 -0.636048 0.013807 -0.005480 -0.644119 0.085396 -0.057345 -0.748402 0.157626 -0.155983 -0.725895 0.215568 0.033256 -0.550388 0.223554 -0.081831 -0.597512 0.326796 -0.178498 -0.501147 0.329720 0.032243 -0.432120 0.276696 -0.097765 -0.414006 0.352595 -0.168159 -0.301860 0.325464 -0.012256 -0.300174 0.290506 -0.119122 -0.300031 0.345923 -0.176300 -0.208147 0.307307 
0.000000 0.000000 0.000000 -0.033972 -0.015534 -0.065027 0.020971 -0.436837 0.004900 0.054911 -0.351437 0.098050 0.072167 -0.267206 0.149797 0.080427 -0.201132 0.177337 -0.141722 -0.300986 0.003914 -0.209145 -0.479604 0.047053 -0.244163 -0.630322 0.059088 -0.002893 -0.637635 0.107519 -0.017316 -0.758992 0.169539 -0.111673 -0.764926 0.237764 0.046741 -0.542713 0.238838 -0.052363 -0.607216 0.349031 -0.162362 -0.527823 0.364402 0.050625 -0.428862 0.284397 -0.074800 -0.426325 0.369561 -0.157828 -0.321553 0.349631 -0.002352 -0.296996 0.297936 -0.103180 -0.307999 0.362774 -0.166701 -0.218481 0.328790 
0.000000 0.000000 0.000000 -0.034356 -0.017060 -0.064440 0.023803 -0.436508 0.013571 0.057890 -0.349028 0.104716 0.074990 -0.263659 0.154617 0.083032 -0.196991 0.180752 -0.142402 -0.297832 0.021232 -0.210010 -0.473520 0.074840 -0.240751 -0.620603 0.113678 0.018100 -0.641599 0.110138 0.014653 -0.765551 0.168501 -0.070457 -0.798266 0.241158 0.054262 -0.536450 0.250778 -0.025786 -0.618056 0.365047 -0.144471 -0.557852 0.395523 0.062102 -0.425746 0.289804 -0.056410 -0.445815 0.382231 -0.153531 -0.352377 0.371984 0.005132 -0.299176 0.299395 -0.083148 -0.334319 0.373307 -0.153618 -0.247694 0.346231 
0.000000 0.000000 0.000000 -0.031559 -0.018452 -0.065479 0.029907 -0.435861 0.020528 0.059085 -0.346653 0.111703 0.072929 -0.260372 0.161041 0.078930 -0.193244 0.186541 -0.144401 -0.289570 0.042262 -0.215009 -0.459218 0.109680 -0.234952 -0.594202 0.183628 0.036331 -0.642550 0.113579 0.040213 -0.767467 0.169816 -0.030990 -0.823751 0.242997 0.049829 -0.523594 0.270072 -0.001111 -0.621671 0.388016 -0.123206 -0.578571 0.431314 0.081928 -0.424481 0.294086 -0.018604 -0.471280 0.397498 -0.126852 -0.390346 0.397806 0.017740 -0.305473 0.305901 -0.048456 -0.363055 0.388325 -0.121033 -0.276117 0.368896 
0.000000 0.000000 0.000000 -0.029964 -0.019570 -0.065902 0.033004 -0.435288 0.026933 0.059447 -0.344657 0.117536 0.071502 -0.257626 0.166020 0.076395 -0.190124 0.190756 -0.147116 -0.282782 0.055923 -0.220423 -0.447482 0.132152 -0.229155 -0.566757 0.231067 0.049567 -0.641061 0.120758 0.059578 -0.765425 0.177463 0.003256 -0.838957 0.248274 0.047303 -0.514853 0.282945 0.010302 -0.617454 0.402230 -0.112049 -0.586565 0.454339 0.092128 -0.421879 0.297584 0.004054 -0.483293 0.404645 -0.110558 -0.411969 0.411350 0.016309 -0.301970 0.311032 -0.025050 -0.378957 0.393820 -0.098697 -0.292106 0.378453 
0.000000 0.000000 0.000000 -0.027334 -0.020968 -0.066612 0.037484 -0.434354 0.034952 0.059521 -0.342008 0.125000 0.068735 -0.254094 0.172504 0.071890 -0.186163 0.196332 -0.148133 -0.277126 0.066192 -0.223721 -0.437413 0.149292 -0.225063 -0.544001 0.262093 0.065183 -0.636480 0.133937 0.081923 -0.758639 0.193761 0.040060 -0.843022 0.262465 0.039903 -0.505165 0.296666 0.026561 -0.616135 0.413423 -0.094981 -0.595044 0.471921 0.091374 -0.413988 0.309016 0.023565 -0.492003 0.419950 -0.098132 -0.435269 0.435409 0.031088 -0.307396 0.315597 0.003004 -0.390842 0.397690 -0.080712 -0.312567 0.389454 
0.000000 0.000000 0.000000 -0.027553 -0.022377 -0.066061 0.037057 -0.433539 0.044288 0.059468 -0.339283 0.132241 0.068928 -0.250368 0.177794 0.072235 -0.181939 0.200129 -0.149971 -0.274748 0.072392 -0.226573 -0.432665 0.159026 -0.219399 -0.526571 0.282384 0.073040 -0.630428 0.150870 0.094787 -0.749423 0.215286 0.061308 -0.836168 0.285624 0.043430 -0.501267 0.305384 0.032522 -0.611440 0.423145 -0.088846 -0.590998 0.482231 0.102945 -0.410541 0.311591 0.046837 -0.496239 0.423387 -0.076965 -0.445285 0.441960 0.045650 -0.307565 0.318862 0.027351 -0.394036 0.400589 -0.060096 -0.320045 0.391556 
0.000000 0.000000 0.000000 -0.025529 -0.023240 -0.066574 0.041279 -0.432675 0.048774 0.060200 -0.337458 0.136512 0.067352 -0.248077 0.181570 0.069219 -0.179438 0.203425 -0.150461 -0.270722 0.078309 -0.228635 -0.425580 0.168968 -0.216774 -0.514254 0.295787 0.076530 -0.625073 0.163492 0.097834 -0.741354 0.232825 0.068133 -0.828301 0.304596 0.040051 -0.496510 0.311928 0.026347 -0.604689 0.431235 -0.097185 -0.575091 0.481267 0.107120 -0.407549 0.314614 0.051814 -0.492670 0.427249 -0.070988 -0.437885 0.440897 0.048587 -0.307721 0.320489 0.034385 -0.396021 0.401067 -0.052088 -0.321268 0.389338 
0.000000 0.000000 0.000000 -0.024435 -0.023569 -0.066868 0.043819 -0.432252 0.050284 0.060819 -0.336714 0.138066 0.066685 -0.247188 0.183023 0.067740 -0.178492 0.204751 -0.146858 -0.268000 0.085159 -0.223463 -0.420950 0.180288 -0.210681 -0.509555 0.307065 0.079808 -0.620370 0.171678 0.101558 -0.734064 0.245045 0.076758 -0.822073 0.317381 0.034030 -0.494492 0.313744 0.015810 -0.601804 0.433230 -0.108393 -0.567648 0.478464 0.111154 -0.406061 0.315294 0.049448 -0.486333 0.428164 -0.072841 -0.429879 0.439408 0.047186 -0.304017 0.324782 0.033038 -0.390418 0.407401 -0.053229 -0.315662 0.394265 