63
0.000000 0.000000 0.000000 0.022929 -0.068162 -0.021263 -0.263560 -0.247333 0.246277 -0.262221 -0.119304 0.230530 -0.239675 -0.030290 0.201704 -0.215133 0.048781 0.172364 -0.220798 -0.254578 0.039502 -0.373307 -0.371226 0.077524 -0.478571 -0.476094 0.122345 -0.458038 -0.348114 0.304945 -0.575575 -0.409023 0.340402 -0.663061 -0.402770 0.263589 -0.482819 -0.186198 0.288289 -0.632857 -0.231695 0.327573 -0.703063 -0.250970 0.212079 -0.445849 -0.051600 0.243559 -0.589745 -0.074084 0.201376 -0.581168 -0.087319 0.067140 -0.389493 0.048294 0.158767 -0.509507 0.047960 0.149409 -0.486969 -0.010544 0.053115 
0.000000 0.000000 0.000000 0.022953 -0.068141 -0.021304 -0.263135 -0.247575 0.246490 -0.261899 -0.119540 0.230773 -0.239444 -0.030503 0.201946 -0.214987 0.048591 0.172600 -0.220325 -0.254664 0.040916 -0.372552 -0.371378 0.079849 -0.477729 -0.476211 0.124956 -0.457454 -0.348009 0.306266 -0.574895 -0.408709 0.342393 -0.662401 -0.402320 0.265614 -0.482102 -0.186722 0.289693 -0.631871 -0.232417 0.329767 -0.701827 -0.251359 0.214066 -0.445984 -0.052482 0.241597 -0.590698 -0.074964 0.202314 -0.581420 -0.087964 0.068102 -0.389366 0.047707 0.159287 -0.509395 0.047098 0.150124 -0.486163 -0.011550 0.054083 
0.000000 0.000000 0.000000 0.022089 -0.068100 -0.022324 -0.264218 -0.247932 0.244967 -0.261712 -0.119725 0.230889 -0.238488 -0.030567 0.203065 -0.213370 0.048635 0.174582 -0.221319 -0.254318 0.040297 -0.373628 -0.370841 0.079481 -0.478872 -0.475500 0.124838 -0.452455 -0.352304 0.316334 -0.574739 -0.409128 0.340825 -0.662342 -0.402553 0.264172 -0.481795 -0.187820 0.289207 -0.631483 -0.234134 0.328872 -0.700969 -0.252197 0.212748 -0.444085 -0.052389 0.247418 -0.586440 -0.075594 0.200647 -0.576628 -0.088355 0.066449 -0.387617 0.047860 0.159625 -0.507555 0.047326 0.149331 -0.483733 -0.011402 0.053484 
0.000000 0.000000 0.000000 0.022943 -0.068072 -0.021533 -0.262781 -0.248366 0.246071 -0.261594 -0.120285 0.230732 -0.239194 -0.031158 0.202142 -0.214790 0.048029 0.173002 -0.221946 -0.252920 0.039348 -0.375182 -0.368587 0.077444 -0.480559 -0.473090 0.122849 -0.457297 -0.349102 0.304688 -0.574857 -0.409984 0.340115 -0.662563 -0.402417 0.263673 -0.482427 -0.185990 0.288958 -0.632624 -0.230678 0.328560 -0.702092 -0.247830 0.212288 -0.445527 -0.051407 0.243740 -0.589487 -0.072808 0.201215 -0.579219 -0.085232 0.067020 -0.389057 0.049460 0.158327 -0.509008 0.050445 0.148226 -0.484538 -0.008213 0.052499 
0.000000 0.000000 0.000000 0.022007 -0.067991 -0.022734 -0.264166 -0.249093 0.243842 -0.261565 -0.120811 0.230490 -0.238294 -0.031516 0.203147 -0.213139 0.047826 0.175087 -0.223837 -0.251461 0.038467 -0.377670 -0.366265 0.076763 -0.483428 -0.470466 0.121976 -0.458440 -0.349741 0.303406 -0.575854 -0.410570 0.339405 -0.663594 -0.402376 0.263065 -0.482748 -0.185942 0.288028 -0.633183 -0.230241 0.327162 -0.702325 -0.246330 0.210543 -0.445427 -0.050713 0.241111 -0.590719 -0.070710 0.202624 -0.579454 -0.082914 0.068489 -0.387197 0.049360 0.158121 -0.507004 0.050416 0.146443 -0.481552 -0.008098 0.050884 
0.000000 0.000000 0.000000 0.022825 -0.068023 -0.021814 -0.263409 -0.248918 0.244839 -0.261965 -0.120774 0.230055 -0.239376 -0.031568 0.201863 -0.214802 0.047696 0.173079 -0.223957 -0.250797 0.037674 -0.378376 -0.365165 0.074898 -0.484487 -0.469142 0.119800 -0.459552 -0.347168 0.302238 -0.578096 -0.406549 0.336928 -0.665645 -0.398046 0.260404 -0.483718 -0.184666 0.286782 -0.634541 -0.228122 0.325365 -0.703305 -0.243483 0.208426 -0.446739 -0.049585 0.239141 -0.591605 -0.068694 0.198649 -0.579081 -0.080528 0.064593 -0.388900 0.050323 0.156672 -0.508736 0.052131 0.145379 -0.482424 -0.006172 0.049924 
0.000000 0.000000 0.000000 0.022832 -0.068031 -0.021779 -0.264098 -0.248815 0.244201 -0.262544 -0.120669 0.229449 -0.239839 -0.031470 0.201328 -0.215154 0.047786 0.172617 -0.223452 -0.251560 0.037449 -0.377560 -0.366400 0.074510 -0.483802 -0.470337 0.119192 -0.460352 -0.346630 0.301964 -0.578962 -0.405747 0.336875 -0.666375 -0.396835 0.260241 -0.480764 -0.185130 0.297998 -0.634069 -0.229495 0.323572 -0.702757 -0.244127 0.206494 -0.446347 -0.050021 0.242848 -0.589672 -0.070008 0.197578 -0.576708 -0.081461 0.063531 -0.389351 0.049874 0.157216 -0.509255 0.051312 0.146616 -0.482649 -0.006784 0.051116 
0.000000 0.000000 0.000000 0.021862 -0.067947 -0.023003 -0.264950 -0.249479 0.242594 -0.262032 -0.121148 0.229781 -0.238527 -0.031796 0.202830 -0.213161 0.047602 0.175122 -0.224846 -0.250467 0.037559 -0.379220 -0.364677 0.075454 -0.485556 -0.468425 0.120351 -0.460740 -0.348210 0.300376 -0.579070 -0.407879 0.335299 -0.666485 -0.398105 0.258774 -0.480289 -0.185210 0.298590 -0.633383 -0.229185 0.326032 -0.702258 -0.243005 0.208966 -0.445183 -0.051318 0.243153 -0.589317 -0.071362 0.200557 -0.575718 -0.082021 0.066507 -0.387342 0.048569 0.159434 -0.507235 0.049234 0.148636 -0.479793 -0.008416 0.053102 
0.000000 0.000000 0.000000 0.021799 -0.067869 -0.023292 -0.264621 -0.250286 0.242122 -0.261680 -0.121910 0.229780 -0.238189 -0.032466 0.203121 -0.212843 0.047026 0.175663 -0.225263 -0.249794 0.037621 -0.379858 -0.363630 0.075737 -0.486228 -0.467388 0.120532 -0.457835 -0.349830 0.306772 -0.579204 -0.406397 0.335955 -0.666599 -0.396244 0.259456 -0.477683 -0.184732 0.306398 -0.632137 -0.228015 0.326278 -0.700835 -0.241352 0.209052 -0.444382 -0.050639 0.246339 -0.587979 -0.069872 0.201607 -0.573469 -0.080104 0.067619 -0.387035 0.049343 0.160233 -0.506934 0.050938 0.149612 -0.478132 -0.006732 0.054492 
0.000000 0.000000 0.000000 0.021728 -0.067894 -0.023284 -0.264748 -0.249989 0.242289 -0.261697 -0.121619 0.229915 -0.238136 -0.032202 0.203225 -0.212729 0.047260 0.175738 -0.225153 -0.250094 0.037542 -0.379634 -0.364103 0.075602 -0.485971 -0.467916 0.120348 -0.455945 -0.351442 0.309900 -0.578483 -0.407174 0.335601 -0.665612 -0.396723 0.258838 -0.481070 -0.186707 0.294050 -0.632887 -0.231152 0.327230 -0.700862 -0.243951 0.209523 -0.445210 -0.051329 0.241541 -0.590526 -0.070500 0.202724 -0.574692 -0.080494 0.068868 -0.386898 0.049328 0.160020 -0.506783 0.050751 0.149200 -0.477328 -0.006901 0.054270 
0.000000 0.000000 0.000000 0.021768 -0.067877 -0.023295 -0.265048 -0.250168 0.241776 -0.261996 -0.121790 0.229484 -0.238410 -0.032355 0.202879 -0.212975 0.047127 0.175476 -0.226425 -0.248024 0.038297 -0.381729 -0.360747 0.076837 -0.487879 -0.464509 0.122140 -0.461341 -0.347883 0.299579 -0.579974 -0.406940 0.334514 -0.666212 -0.395586 0.256878 -0.481987 -0.185779 0.292599 -0.633938 -0.229458 0.326178 -0.700952 -0.241814 0.207874 -0.445396 -0.049892 0.242413 -0.589700 -0.068297 0.199653 -0.571407 -0.078174 0.066102 -0.387112 0.050191 0.159562 -0.506974 0.052300 0.148607 -0.475519 -0.005065 0.054146 
0.000000 0.000000 0.000000 0.021749 -0.067870 -0.023335 -0.265287 -0.250225 0.241455 -0.262169 -0.121838 0.229260 -0.238528 -0.032395 0.202734 -0.213043 0.047096 0.175402 -0.227087 -0.246769 0.039292 -0.382793 -0.358712 0.078480 -0.488576 -0.462415 0.124765 -0.456886 -0.350578 0.309567 -0.581722 -0.403358 0.329871 -0.666015 -0.390206 0.250404 -0.479175 -0.185992 0.301835 -0.633480 -0.229797 0.321726 -0.697486 -0.240634 0.201621 -0.445381 -0.049770 0.243029 -0.588762 -0.068143 0.197256 -0.562628 -0.076874 0.064935 -0.387054 0.049675 0.158082 -0.506828 0.051449 0.146160 -0.471314 -0.004985 0.052581 
0.000000 0.000000 0.000000 0.021732 -0.067857 -0.023387 -0.265304 -0.250350 0.241306 -0.262162 -0.121956 0.229206 -0.238507 -0.032497 0.202743 -0.213009 0.047009 0.175466 -0.226739 -0.246783 0.040597 -0.382216 -0.358743 0.080634 -0.486829 -0.462857 0.128628 -0.451051 -0.355274 0.318179 -0.579319 -0.403045 0.325058 -0.660831 -0.387331 0.243193 -0.478228 -0.184441 0.305921 -0.633606 -0.227106 0.318658 -0.691831 -0.236248 0.195509 -0.443791 -0.048189 0.250969 -0.580686 -0.067742 0.188772 -0.542784 -0.076455 0.059329 -0.386810 0.049880 0.156191 -0.506440 0.051855 0.142925 -0.464078 -0.004754 0.052349 
0.000000 0.000000 0.000000 0.021864 -0.067791 -0.023456 -0.265158 -0.251094 0.240693 -0.262207 -0.122679 0.228768 -0.238666 -0.033148 0.202450 -0.213267 0.046435 0.175306 -0.227480 -0.245160 0.041462 -0.383504 -0.356145 0.082083 -0.486393 -0.461075 0.131986 -0.448139 -0.358703 0.320433 -0.577928 -0.402592 0.317181 -0.655095 -0.383482 0.231898 -0.476146 -0.185582 0.310911 -0.632038 -0.228266 0.311488 -0.681400 -0.235012 0.184377 -0.445297 -0.049511 0.244277 -0.581126 -0.070404 0.180209 -0.527780 -0.078703 0.056300 -0.386549 0.048245 0.151721 -0.505823 0.049490 0.135488 -0.454067 -0.007109 0.049925 
0.000000 0.000000 0.000000 0.022818 -0.067788 -0.022539 -0.264524 -0.251470 0.240999 -0.262879 -0.123163 0.227734 -0.240091 -0.033658 0.200674 -0.215326 0.045911 0.172910 -0.228135 -0.242587 0.043144 -0.385165 -0.351964 0.084244 -0.486182 -0.457869 0.135884 -0.447661 -0.359206 0.320205 -0.578248 -0.399026 0.308224 -0.649723 -0.376143 0.219000 -0.480044 -0.183751 0.302854 -0.636260 -0.225031 0.298722 -0.670772 -0.228958 0.166689 -0.446764 -0.044925 0.243949 -0.575724 -0.065152 0.166806 -0.505724 -0.074083 0.051532 -0.387665 0.049448 0.143359 -0.506288 0.051881 0.123018 -0.443531 -0.005119 0.045458 
0.000000 0.000000 0.000000 0.020360 -0.067579 -0.025347 -0.271260 -0.251714 0.233127 -0.265364 -0.123113 0.224861 -0.239742 -0.033430 0.201128 -0.212486 0.046291 0.176290 -0.231160 -0.240908 0.042043 -0.388545 -0.349365 0.084211 -0.488184 -0.455575 0.137861 -0.442952 -0.363539 0.330273 -0.571992 -0.389877 0.292365 -0.636715 -0.364312 0.198820 -0.478957 -0.181480 0.311150 -0.632681 -0.220871 0.280458 -0.652367 -0.222217 0.145366 -0.446383 -0.040403 0.245453 -0.560259 -0.062246 0.147750 -0.474820 -0.072031 0.043479 -0.382356 0.048928 0.134776 -0.499282 0.050744 0.106202 -0.425547 -0.006934 0.039572 
0.000000 0.000000 0.000000 0.018681 -0.067262 -0.027400 -0.275401 -0.252187 0.227699 -0.266671 -0.123564 0.223060 -0.239188 -0.033831 0.201719 -0.210303 0.045942 0.178978 -0.232992 -0.238713 0.044093 -0.390473 -0.345997 0.088828 -0.488427 -0.452237 0.145440 -0.444055 -0.364568 0.329417 -0.570248 -0.386127 0.280504 -0.626650 -0.357685 0.182509 -0.478503 -0.182739 0.313060 -0.627689 -0.221262 0.264233 -0.631791 -0.218526 0.127796 -0.445879 -0.039307 0.246023 -0.547178 -0.064521 0.136052 -0.449118 -0.074156 0.043536 -0.377190 0.049971 0.126834 -0.492061 0.052745 0.090943 -0.409880 -0.005668 0.035831 
0.000000 0.000000 0.000000 0.017905 -0.066974 -0.028597 -0.275068 -0.253571 0.226560 -0.265412 -0.124961 0.223783 -0.237461 -0.035121 0.203531 -0.208197 0.044773 0.181715 -0.233314 -0.237136 0.047432 -0.390511 -0.343613 0.095005 -0.487195 -0.448887 0.155472 -0.441395 -0.363256 0.334841 -0.561764 -0.378152 0.271032 -0.606346 -0.347542 0.167743 -0.477220 -0.184995 0.313268 -0.619727 -0.222469 0.246845 -0.607473 -0.215986 0.111025 -0.444587 -0.037414 0.246042 -0.529215 -0.066610 0.123664 -0.419499 -0.076672 0.045375 -0.377537 0.066920 0.144036 -0.470264 0.039724 0.072249 -0.380896 -0.019276 0.030590 
0.000000 0.000000 0.000000 0.018242 -0.066729 -0.028955 -0.273912 -0.256145 0.225061 -0.264883 -0.127476 0.222989 -0.237364 -0.037391 0.203240 -0.208482 0.042762 0.181873 -0.232878 -0.235445 0.050542 -0.390013 -0.341016 0.100287 -0.484908 -0.445914 0.164149 -0.441249 -0.363031 0.334577 -0.553809 -0.374470 0.257238 -0.586476 -0.343692 0.149633 -0.477847 -0.186931 0.310087 -0.609529 -0.222358 0.223316 -0.578865 -0.212657 0.090632 -0.444963 -0.033901 0.243292 -0.506136 -0.067435 0.108666 -0.386205 -0.078469 0.047324 -0.374600 0.081888 0.143659 -0.440595 0.037697 0.053199 -0.345968 -0.022223 0.027542 
0.000000 0.000000 0.000000 0.019711 -0.066535 -0.028433 -0.267665 -0.260425 0.227649 -0.261569 -0.131606 0.224496 -0.236137 -0.041086 0.203954 -0.209120 0.039523 0.181874 -0.232375 -0.232555 0.053644 -0.390114 -0.336439 0.105002 -0.483146 -0.440187 0.173326 -0.438836 -0.353581 0.343593 -0.541635 -0.359963 0.253185 -0.563162 -0.332697 0.141891 -0.477093 -0.185278 0.309016 -0.597956 -0.216588 0.206369 -0.550430 -0.205631 0.078852 -0.444891 -0.029727 0.235682 -0.482953 -0.063792 0.092917 -0.355702 -0.076643 0.049212 -0.370499 0.090545 0.137833 -0.411913 0.035573 0.039070 -0.314848 -0.024806 0.027408 
0.000000 0.000000 0.000000 0.021080 -0.066460 -0.027614 -0.260109 -0.263282 0.233058 -0.257037 -0.134414 0.228040 -0.233849 -0.043631 0.206052 -0.208854 0.037259 0.182655 -0.231200 -0.228905 0.060777 -0.389060 -0.330552 0.116086 -0.481466 -0.430435 0.190728 -0.435968 -0.343456 0.351658 -0.529636 -0.349778 0.251815 -0.541797 -0.328072 0.137911 -0.475535 -0.178448 0.310464 -0.580904 -0.205448 0.190910 -0.515643 -0.195731 0.071386 -0.443025 -0.022164 0.228373 -0.458160 -0.057070 0.081597 -0.326493 -0.073458 0.055843 -0.365363 0.096678 0.132053 -0.386684 0.032434 0.032507 -0.289311 -0.028567 0.033206 
0.000000 0.000000 0.000000 0.021715 -0.066288 -0.027536 -0.254762 -0.265720 0.236177 -0.253402 -0.136844 0.230647 -0.231575 -0.045855 0.208127 -0.207823 0.035260 0.184221 -0.229733 -0.227989 0.064515 -0.387072 -0.329171 0.122114 -0.477729 -0.427913 0.200333 -0.433582 -0.330352 0.359733 -0.519974 -0.338658 0.253669 -0.525734 -0.324213 0.138121 -0.474063 -0.173388 0.310946 -0.564383 -0.200131 0.179600 -0.486120 -0.193139 0.067952 -0.440933 -0.017476 0.216914 -0.431136 -0.062847 0.072566 -0.297878 -0.082569 0.061555 -0.358172 0.101173 0.123915 -0.359085 0.030452 0.026504 -0.262905 -0.031287 0.038374 
0.000000 0.000000 0.000000 0.022593 -0.066281 -0.026837 -0.248859 -0.266701 0.241309 -0.249610 -0.137902 0.234127 -0.229401 -0.046872 0.210296 -0.207119 0.034298 0.185193 -0.228724 -0.225894 0.069131 -0.385982 -0.325769 0.129182 -0.474650 -0.423298 0.211114 -0.429406 -0.322600 0.366601 -0.511548 -0.332584 0.257354 -0.514193 -0.322442 0.141236 -0.471645 -0.167119 0.313631 -0.549911 -0.195268 0.175043 -0.462405 -0.191616 0.070311 -0.437970 -0.012078 0.211783 -0.417114 -0.062135 0.070184 -0.283756 -0.084127 0.070008 -0.353183 0.103530 0.118421 -0.344883 0.028860 0.024363 -0.250176 -0.033208 0.043893 
0.000000 0.000000 0.000000 0.025112 -0.066524 -0.023830 -0.242531 -0.264847 0.249650 -0.247523 -0.136552 0.237115 -0.230107 -0.045947 0.209728 -0.210275 0.034831 0.181500 -0.229116 -0.220899 0.073035 -0.388195 -0.317496 0.133646 -0.476863 -0.412138 0.218898 -0.430082 -0.305392 0.370483 -0.509812 -0.316398 0.259560 -0.507971 -0.311574 0.143084 -0.473217 -0.150258 0.310247 -0.533975 -0.179762 0.163405 -0.435020 -0.183352 0.069415 -0.436232 -0.000870 0.195783 -0.396535 -0.057378 0.060794 -0.264955 -0.083526 0.077257 -0.348761 0.111225 0.106855 -0.328049 0.032245 0.018399 -0.236818 -0.030228 0.049660 
0.000000 0.000000 0.000000 0.025755 -0.066734 -0.022520 -0.241988 -0.262311 0.252834 -0.247876 -0.134297 0.238032 -0.230986 -0.044051 0.209168 -0.211599 0.036373 0.179650 -0.231324 -0.216305 0.074358 -0.392187 -0.309896 0.134978 -0.481211 -0.401512 0.223116 -0.434182 -0.292635 0.369291 -0.513234 -0.303653 0.257885 -0.508248 -0.301832 0.141416 -0.475624 -0.136097 0.305869 -0.525806 -0.166277 0.155219 -0.420365 -0.175309 0.068963 -0.434752 0.007371 0.185746 -0.389031 -0.050315 0.053184 -0.259701 -0.078927 0.080071 -0.344645 0.116224 0.098973 -0.321587 0.034499 0.013647 -0.233531 -0.028049 0.052853 
0.000000 0.000000 0.000000 0.026951 -0.066726 -0.021099 -0.240401 -0.261417 0.255262 -0.248051 -0.133786 0.238137 -0.232235 -0.043819 0.207829 -0.213771 0.036354 0.177063 -0.232861 -0.211913 0.075158 -0.395434 -0.302761 0.135389 -0.484462 -0.392042 0.225886 -0.434210 -0.282570 0.371067 -0.509175 -0.292761 0.256793 -0.502169 -0.293413 0.140416 -0.477201 -0.127876 0.300825 -0.516945 -0.158173 0.147114 -0.407410 -0.170623 0.066575 -0.434060 0.011089 0.176759 -0.379323 -0.047619 0.048121 -0.252134 -0.077385 0.082835 -0.342432 0.116952 0.090249 -0.314883 0.033697 0.007781 -0.229243 -0.028291 0.052797 
0.000000 0.000000 0.000000 0.027760 -0.067023 -0.019007 -0.244809 -0.257084 0.255474 -0.252713 -0.129904 0.235368 -0.236669 -0.040538 0.203447 -0.217918 0.039043 0.171344 -0.232432 -0.212822 0.075275 -0.395243 -0.304054 0.134270 -0.484552 -0.391235 0.226521 -0.440301 -0.276205 0.368776 -0.508655 -0.289238 0.250708 -0.498544 -0.292686 0.134609 -0.483233 -0.117828 0.291842 -0.510040 -0.154054 0.136620 -0.396385 -0.170694 0.062830 -0.435412 0.017419 0.160367 -0.372856 -0.048994 0.039261 -0.248477 -0.079434 0.082522 -0.341471 0.119429 0.077222 -0.310150 0.031120 0.001645 -0.227773 -0.029850 0.053605 
0.000000 0.000000 0.000000 0.028087 -0.066941 -0.018811 -0.243451 -0.257518 0.256333 -0.251995 -0.130441 0.235841 -0.236405 -0.041093 0.203643 -0.218059 0.038481 0.171291 -0.232121 -0.211957 0.076627 -0.394943 -0.302698 0.136346 -0.483320 -0.386989 0.232114 -0.438818 -0.273570 0.370325 -0.507122 -0.286894 0.252261 -0.496479 -0.291382 0.136245 -0.482813 -0.115659 0.290422 -0.502256 -0.154335 0.134696 -0.387328 -0.172699 0.063327 -0.434120 0.017465 0.156813 -0.367877 -0.046656 0.036434 -0.244957 -0.077141 0.083653 -0.338979 0.118854 0.073798 -0.303425 0.030272 0.000447 -0.222531 -0.029985 0.055479 
0.000000 0.000000 0.000000 0.029074 -0.066578 -0.018601 -0.238099 -0.260071 0.258771 -0.248779 -0.133254 0.237675 -0.234776 -0.043835 0.204951 -0.217861 0.035856 0.172111 -0.231150 -0.211430 0.077043 -0.393981 -0.302069 0.136891 -0.482843 -0.382568 0.235431 -0.435352 -0.270170 0.370168 -0.505162 -0.282300 0.252858 -0.493339 -0.287655 0.136993 -0.479973 -0.113142 0.288854 -0.499509 -0.149877 0.132670 -0.382817 -0.170106 0.064751 -0.430766 0.017938 0.155095 -0.366136 -0.051252 0.036662 -0.244893 -0.082120 0.087801 -0.336282 0.117775 0.072854 -0.302505 0.028935 -0.001024 -0.223509 -0.030817 0.057221 
0.000000 0.000000 0.000000 0.028730 -0.066443 -0.019590 -0.243802 -0.263158 0.250198 -0.253082 -0.135843 0.231588 -0.237858 -0.045902 0.200905 -0.219806 0.034290 0.169944 -0.233311 -0.210763 0.071800 -0.397280 -0.301069 0.128987 -0.487396 -0.379637 0.227946 -0.440593 -0.269408 0.362689 -0.506096 -0.279761 0.242755 -0.492325 -0.284989 0.127100 -0.484732 -0.112423 0.279172 -0.495191 -0.148182 0.121894 -0.376923 -0.169492 0.057102 -0.431956 0.016649 0.144986 -0.362855 -0.049775 0.027497 -0.243796 -0.081271 0.083184 -0.334092 0.116297 0.066022 -0.297632 0.030850 -0.010534 -0.220945 -0.028605 0.051006 
0.000000 0.000000 0.000000 0.028653 -0.066241 -0.020371 -0.244956 -0.265880 0.246160 -0.253943 -0.138318 0.229168 -0.238466 -0.048019 0.199686 -0.220179 0.032530 0.169806 -0.234190 -0.209660 0.070132 -0.398661 -0.299401 0.126762 -0.488923 -0.377692 0.225808 -0.441872 -0.269736 0.358541 -0.506538 -0.277777 0.237977 -0.492419 -0.282128 0.122327 -0.485661 -0.112933 0.275395 -0.494817 -0.146761 0.117609 -0.375944 -0.168474 0.054072 -0.432401 0.014446 0.143111 -0.360116 -0.046408 0.024526 -0.241892 -0.078386 0.081695 -0.333332 0.116394 0.066126 -0.297520 0.032156 -0.012058 -0.221852 -0.027354 0.050680 
0.000000 0.000000 0.000000 0.028205 -0.066403 -0.020469 -0.246262 -0.264537 0.246304 -0.254469 -0.136907 0.229432 -0.238467 -0.046682 0.200001 -0.219717 0.033774 0.170161 -0.236211 -0.207102 0.069722 -0.401665 -0.295142 0.126158 -0.492609 -0.371943 0.225746 -0.443454 -0.267889 0.358215 -0.509136 -0.275909 0.238200 -0.495322 -0.280406 0.122519 -0.485941 -0.108050 0.274847 -0.497573 -0.143892 0.117670 -0.378384 -0.167813 0.055533 -0.430511 0.019853 0.141640 -0.363135 -0.047756 0.023825 -0.246094 -0.080818 0.082785 -0.331325 0.118739 0.065705 -0.300876 0.032485 -0.012553 -0.226651 -0.026952 0.051953 
0.000000 0.000000 0.000000 0.028698 -0.066460 -0.019579 -0.246545 -0.263279 0.247367 -0.255316 -0.135878 0.229103 -0.239591 -0.045880 0.198840 -0.221064 0.034361 0.168289 -0.236983 -0.205449 0.069537 -0.403229 -0.292420 0.125301 -0.494036 -0.370082 0.224344 -0.443761 -0.265812 0.359257 -0.509123 -0.273448 0.239043 -0.495476 -0.277937 0.123342 -0.486848 -0.106053 0.273575 -0.494781 -0.143303 0.116496 -0.375192 -0.167908 0.055402 -0.431307 0.021917 0.140858 -0.361929 -0.045809 0.024279 -0.245593 -0.079089 0.084498 -0.331720 0.118708 0.062331 -0.296826 0.031664 -0.013148 -0.223089 -0.027460 0.052201 
0.000000 0.000000 0.000000 0.028894 -0.066377 -0.019573 -0.248506 -0.264270 0.244328 -0.257181 -0.136809 0.226448 -0.241242 -0.046696 0.196641 -0.222495 0.033662 0.166535 -0.236530 -0.206908 0.067875 -0.402616 -0.294844 0.122595 -0.493458 -0.374322 0.220153 -0.445172 -0.265961 0.357199 -0.508307 -0.273066 0.235768 -0.494151 -0.277419 0.120123 -0.489004 -0.106228 0.268842 -0.493236 -0.144469 0.111857 -0.372692 -0.169465 0.052835 -0.431690 0.020462 0.133927 -0.360208 -0.048643 0.019447 -0.244976 -0.081450 0.082004 -0.331302 0.116921 0.057837 -0.294725 0.029500 -0.016399 -0.222065 -0.029091 0.050614 
0.000000 0.000000 0.000000 0.028540 -0.066414 -0.019963 -0.248252 -0.264216 0.244645 -0.256533 -0.136658 0.227272 -0.240405 -0.046498 0.197711 -0.221507 0.033897 0.167800 -0.238190 -0.203136 0.069529 -0.405092 -0.288688 0.125527 -0.495532 -0.368982 0.222790 -0.443676 -0.261933 0.359643 -0.508494 -0.266969 0.238998 -0.495679 -0.271069 0.123187 -0.487472 -0.102726 0.271886 -0.492735 -0.138760 0.114411 -0.372377 -0.164741 0.055434 -0.431237 0.021317 0.136901 -0.360200 -0.044855 0.020430 -0.245246 -0.077977 0.083332 -0.330430 0.118244 0.060061 -0.295135 0.031518 -0.015596 -0.222641 -0.027018 0.051645 
0.000000 0.000000 0.000000 0.028616 -0.066389 -0.019938 -0.243897 -0.264006 0.249210 -0.253020 -0.136591 0.231216 -0.237703 -0.046526 0.200945 -0.219573 0.033787 0.170345 -0.238112 -0.200614 0.073258 -0.405014 -0.284603 0.131574 -0.494903 -0.365752 0.228640 -0.437737 -0.263215 0.366877 -0.504241 -0.267815 0.247134 -0.493437 -0.271191 0.131096 -0.482985 -0.101103 0.279499 -0.490309 -0.137992 0.122304 -0.370807 -0.164867 0.062002 -0.428935 0.023358 0.143845 -0.360451 -0.043617 0.026307 -0.245123 -0.077433 0.088145 -0.330050 0.120387 0.066031 -0.297601 0.033136 -0.010294 -0.224589 -0.025406 0.056378 
0.000000 0.000000 0.000000 0.028646 -0.066402 -0.019852 -0.244945 -0.263915 0.248276 -0.253925 -0.136490 0.230282 -0.238444 -0.046427 0.200088 -0.220155 0.033882 0.169572 -0.238378 -0.200596 0.072539 -0.405465 -0.284566 0.130352 -0.495739 -0.367141 0.225845 -0.439658 -0.262220 0.364484 -0.505826 -0.266509 0.244544 -0.494615 -0.269943 0.128546 -0.484268 -0.100446 0.276296 -0.488233 -0.137119 0.118930 -0.368108 -0.164163 0.059958 -0.429216 0.024053 0.142187 -0.360189 -0.044900 0.026120 -0.245143 -0.078697 0.088491 -0.329817 0.120393 0.064328 -0.295783 0.034180 -0.012485 -0.223408 -0.023785 0.055374 
0.000000 0.000000 0.000000 0.027864 -0.066396 -0.020955 -0.246630 -0.264990 0.245447 -0.254353 -0.137227 0.229370 -0.238060 -0.046894 0.200437 -0.219062 0.033663 0.171026 -0.238219 -0.200912 0.073658 -0.404717 -0.285084 0.132860 -0.494363 -0.368252 0.228429 -0.439133 -0.263933 0.365288 -0.503867 -0.267419 0.244543 -0.492975 -0.270086 0.128494 -0.484779 -0.101994 0.275595 -0.489489 -0.138811 0.118283 -0.369350 -0.165486 0.059169 -0.428802 0.022256 0.140861 -0.357023 -0.045440 0.025728 -0.242014 -0.079073 0.088258 -0.328627 0.118552 0.064370 -0.295216 0.032549 -0.012950 -0.222649 -0.025216 0.054876 
0.000000 0.000000 0.000000 0.029369 -0.066102 -0.019797 -0.237974 -0.265876 0.252921 -0.249041 -0.138713 0.234254 -0.235255 -0.048627 0.203314 -0.218523 0.031745 0.172079 -0.235408 -0.202274 0.076099 -0.401090 -0.287481 0.136104 -0.489294 -0.370820 0.232859 -0.430503 -0.271005 0.372613 -0.499824 -0.275175 0.254463 -0.491316 -0.276548 0.138192 -0.478755 -0.106747 0.286063 -0.487534 -0.142695 0.128725 -0.368753 -0.167565 0.066180 -0.427783 0.019396 0.148364 -0.358803 -0.048843 0.031848 -0.242227 -0.081369 0.092016 -0.331399 0.115751 0.068213 -0.296467 0.028838 -0.007399 -0.221994 -0.027455 0.059594 
0.000000 0.000000 0.000000 0.030649 -0.065725 -0.019100 -0.233067 -0.267799 0.255449 -0.246552 -0.141069 0.235476 -0.234467 -0.051055 0.203629 -0.219249 0.029301 0.171588 -0.231460 -0.205723 0.078603 -0.395470 -0.293325 0.139740 -0.482141 -0.378079 0.236651 -0.425116 -0.276343 0.375716 -0.496192 -0.280140 0.258602 -0.488339 -0.280229 0.142277 -0.476382 -0.117629 0.291181 -0.487740 -0.154453 0.134211 -0.369282 -0.175083 0.069547 -0.429804 0.011904 0.152703 -0.358465 -0.051921 0.035111 -0.240195 -0.081842 0.093290 -0.336244 0.108532 0.068530 -0.301424 0.019997 -0.005228 -0.224266 -0.033157 0.061289 
0.000000 0.000000 0.000000 0.032405 -0.064876 -0.019101 -0.221427 -0.273169 0.260075 -0.239055 -0.147042 0.239518 -0.230152 -0.056907 0.206973 -0.217823 0.023670 0.174253 -0.226314 -0.209686 0.080602 -0.388203 -0.300299 0.142991 -0.472513 -0.387306 0.239988 -0.410556 -0.289415 0.384118 -0.485663 -0.292200 0.269517 -0.480901 -0.289253 0.153062 -0.467513 -0.131159 0.302993 -0.487084 -0.163286 0.145800 -0.370298 -0.178924 0.076837 -0.430128 -0.002498 0.164985 -0.360704 -0.060264 0.043189 -0.238960 -0.085574 0.096160 -0.342984 0.098219 0.077488 -0.303207 0.016588 -0.001540 -0.221201 -0.031755 0.062811 
0.000000 0.000000 0.000000 0.033491 -0.064463 -0.018621 -0.213549 -0.274187 0.265534 -0.233844 -0.148693 0.243608 -0.227019 -0.058812 0.209880 -0.216585 0.021577 0.176058 -0.220400 -0.215479 0.084238 -0.379269 -0.309975 0.148600 -0.461018 -0.399468 0.245527 -0.400956 -0.305315 0.389348 -0.480080 -0.309398 0.277524 -0.478606 -0.302781 0.161132 -0.460775 -0.143571 0.313968 -0.490787 -0.177140 0.158736 -0.377031 -0.187918 0.084019 -0.429523 -0.008385 0.175773 -0.369871 -0.074027 0.052795 -0.244609 -0.095756 0.098679 -0.349467 0.087867 0.083676 -0.316194 0.002662 0.005417 -0.228849 -0.041044 0.065944 
0.000000 0.000000 0.000000 0.032695 -0.064592 -0.019566 -0.212711 -0.274560 0.265822 -0.232167 -0.148714 0.245194 -0.224964 -0.058613 0.212137 -0.214235 0.021966 0.178863 -0.217694 -0.219115 0.086615 -0.374371 -0.315806 0.153056 -0.453108 -0.412727 0.245217 -0.395404 -0.318202 0.392860 -0.479596 -0.322378 0.284804 -0.482593 -0.311792 0.168734 -0.455763 -0.153917 0.325518 -0.496772 -0.184180 0.172133 -0.388576 -0.189374 0.089031 -0.431196 -0.017628 0.189733 -0.381652 -0.080728 0.061068 -0.251922 -0.098881 0.094365 -0.356320 0.076484 0.092689 -0.330775 -0.003938 0.006833 -0.236520 -0.043225 0.059518 
0.000000 0.000000 0.000000 0.033190 -0.064381 -0.019427 -0.210572 -0.275604 0.266444 -0.230997 -0.149956 0.245542 -0.224490 -0.059876 0.212285 -0.214385 0.020710 0.178834 -0.217165 -0.220134 0.085024 -0.373821 -0.317595 0.150382 -0.450486 -0.421787 0.236132 -0.392046 -0.323922 0.393537 -0.481309 -0.327635 0.289613 -0.488660 -0.315035 0.173939 -0.451833 -0.162629 0.332407 -0.507885 -0.188658 0.183058 -0.405783 -0.189516 0.092428 -0.432386 -0.021750 0.206015 -0.395020 -0.077853 0.070195 -0.262919 -0.095391 0.092777 -0.363604 0.071647 0.103169 -0.341931 -0.004744 0.012692 -0.242808 -0.043020 0.056426 
0.000000 0.000000 0.000000 0.032269 -0.064458 -0.020684 -0.211532 -0.277176 0.264041 -0.230661 -0.150997 0.245220 -0.223380 -0.060502 0.213277 -0.212615 0.020462 0.180963 -0.218120 -0.221157 0.082258 -0.374797 -0.319210 0.146672 -0.449521 -0.429943 0.225673 -0.391428 -0.334207 0.389759 -0.486966 -0.339655 0.291652 -0.499546 -0.324997 0.176674 -0.449370 -0.172446 0.335668 -0.519252 -0.194465 0.191597 -0.424440 -0.190334 0.093450 -0.430945 -0.020316 0.217225 -0.403281 -0.075893 0.078890 -0.270199 -0.096621 0.090183 -0.365269 0.069123 0.110856 -0.351649 -0.004810 0.016836 -0.250013 -0.044936 0.052377 
0.000000 0.000000 0.000000 0.029579 -0.064668 -0.023812 -0.216005 -0.279878 0.257489 -0.231048 -0.152475 0.243937 -0.221210 -0.061102 0.215357 -0.208231 0.020649 0.185969 -0.218082 -0.226669 0.077511 -0.373052 -0.328038 0.140912 -0.445745 -0.444147 0.213860 -0.390744 -0.342499 0.387739 -0.490715 -0.348468 0.294187 -0.509155 -0.332384 0.180194 -0.446088 -0.183386 0.340253 -0.529589 -0.203253 0.203295 -0.444324 -0.194065 0.097066 -0.428531 -0.022532 0.230986 -0.419348 -0.072374 0.088080 -0.286127 -0.094925 0.084638 -0.365721 0.064584 0.123895 -0.368308 -0.002518 0.023986 -0.263731 -0.044266 0.046872 
0.000000 0.000000 0.000000 0.028951 -0.064873 -0.024024 -0.218378 -0.278585 0.256888 -0.232242 -0.151009 0.243715 -0.221576 -0.059650 0.215388 -0.207861 0.022060 0.186221 -0.217267 -0.228359 0.078423 -0.371334 -0.330658 0.142527 -0.444314 -0.445233 0.217583 -0.390215 -0.344251 0.389479 -0.494212 -0.352690 0.300623 -0.517766 -0.337379 0.187469 -0.445025 -0.186409 0.343439 -0.540595 -0.207557 0.214817 -0.463558 -0.197044 0.102594 -0.428588 -0.023990 0.239646 -0.431570 -0.076470 0.097422 -0.299443 -0.099628 0.080870 -0.368759 0.061763 0.130350 -0.380244 -0.003241 0.029682 -0.274381 -0.045948 0.042807 
0.000000 0.000000 0.000000 0.029658 -0.064740 -0.023515 -0.215866 -0.278983 0.258575 -0.231031 -0.151656 0.244463 -0.221270 -0.060397 0.215495 -0.208358 0.021240 0.185760 -0.213439 -0.233972 0.077036 -0.365554 -0.339867 0.139954 -0.436637 -0.455920 0.214557 -0.385140 -0.347677 0.392915 -0.495632 -0.359334 0.312681 -0.526666 -0.345034 0.201211 -0.441622 -0.190896 0.347352 -0.549956 -0.212736 0.229406 -0.482478 -0.200986 0.111305 -0.427576 -0.029435 0.250037 -0.445343 -0.074592 0.106384 -0.314917 -0.096209 0.078283 -0.372678 0.055530 0.136675 -0.396065 -0.005598 0.035642 -0.289259 -0.047829 0.039135 
0.000000 0.000000 0.000000 0.029998 -0.064564 -0.023568 -0.213701 -0.280244 0.259009 -0.229651 -0.153010 0.244919 -0.220490 -0.061696 0.215926 -0.208122 0.020013 0.186161 -0.210980 -0.238394 0.074202 -0.361769 -0.347166 0.135380 -0.428442 -0.468830 0.204946 -0.380527 -0.354668 0.393359 -0.496049 -0.369193 0.321069 -0.534255 -0.354897 0.211849 -0.436767 -0.199879 0.351600 -0.555694 -0.224852 0.245030 -0.499003 -0.210933 0.121613 -0.426113 -0.038613 0.259515 -0.462601 -0.078769 0.117928 -0.335422 -0.097436 0.076153 -0.374873 0.050217 0.142940 -0.406821 -0.008021 0.042546 -0.300074 -0.050220 0.037321 
0.000000 0.000000 0.000000 0.028614 -0.064611 -0.025111 -0.217925 -0.281576 0.253996 -0.231445 -0.153780 0.242739 -0.220632 -0.062055 0.215678 -0.206806 0.020023 0.187621 -0.210744 -0.242234 0.069780 -0.360518 -0.353378 0.129156 -0.421537 -0.480955 0.193092 -0.378195 -0.358756 0.394626 -0.499415 -0.374358 0.332624 -0.548303 -0.360349 0.227710 -0.434304 -0.203694 0.356014 -0.565587 -0.228228 0.264979 -0.524615 -0.213113 0.135627 -0.424111 -0.046281 0.271007 -0.483727 -0.074694 0.134517 -0.363451 -0.089871 0.074757 -0.375430 0.041737 0.146626 -0.435144 -0.004020 0.052648 -0.330378 -0.047301 0.033831 
0.000000 0.000000 0.000000 0.028712 -0.064706 -0.024751 -0.219037 -0.280610 0.254108 -0.232492 -0.152855 0.242323 -0.221553 -0.061232 0.214968 -0.207596 0.020741 0.186668 -0.210345 -0.243562 0.068570 -0.359931 -0.355479 0.126964 -0.418359 -0.485040 0.189309 -0.378143 -0.356977 0.396494 -0.502522 -0.373591 0.341396 -0.555567 -0.360108 0.238451 -0.433799 -0.203399 0.358059 -0.569644 -0.229271 0.274385 -0.534152 -0.214729 0.143357 -0.424138 -0.049558 0.274437 -0.490314 -0.080052 0.141464 -0.372674 -0.093719 0.076332 -0.377427 0.042271 0.150885 -0.441833 -0.003028 0.059830 -0.338199 -0.047048 0.036909 
0.000000 0.000000 0.000000 0.027546 -0.065077 -0.025102 -0.222788 -0.277926 0.253797 -0.234158 -0.149919 0.242552 -0.221792 -0.058385 0.215512 -0.206574 0.023455 0.187479 -0.210733 -0.245807 0.066582 -0.359833 -0.358896 0.123952 -0.416649 -0.489888 0.184779 -0.378417 -0.357842 0.398064 -0.505676 -0.376526 0.350754 -0.564454 -0.363149 0.250958 -0.431865 -0.203454 0.363052 -0.571972 -0.232181 0.287756 -0.547242 -0.218692 0.154167 -0.423769 -0.049404 0.277469 -0.499510 -0.077852 0.149232 -0.386702 -0.090991 0.075954 -0.376725 0.040300 0.150721 -0.449133 -0.002111 0.064410 -0.347524 -0.047567 0.035909 
0.000000 0.000000 0.000000 0.027312 -0.065237 -0.024941 -0.224555 -0.276541 0.253753 -0.235336 -0.148503 0.242283 -0.222508 -0.057066 0.215128 -0.206867 0.024662 0.186999 -0.211142 -0.246677 0.064866 -0.360351 -0.360211 0.121063 -0.414657 -0.493133 0.179965 -0.376208 -0.358675 0.400979 -0.506128 -0.377577 0.361666 -0.574091 -0.364668 0.267818 -0.431372 -0.203572 0.364806 -0.580040 -0.232823 0.308532 -0.573439 -0.219931 0.172776 -0.422834 -0.052548 0.282676 -0.515609 -0.074320 0.164737 -0.413022 -0.085070 0.077397 -0.377910 0.035272 0.152099 -0.469369 0.005022 0.079907 -0.373280 -0.042138 0.038121 
0.000000 0.000000 0.000000 0.027848 -0.065379 -0.023956 -0.224668 -0.274703 0.255642 -0.236100 -0.146879 0.242529 -0.223611 -0.055709 0.214338 -0.208249 0.025757 0.185311 -0.210495 -0.247176 0.065423 -0.359634 -0.360933 0.121351 -0.412319 -0.494777 0.179635 -0.381490 -0.363107 0.393526 -0.514434 -0.389024 0.372642 -0.588438 -0.375872 0.283515 -0.431378 -0.203396 0.365601 -0.585451 -0.234457 0.327898 -0.595108 -0.223021 0.192195 -0.423588 -0.055830 0.283062 -0.533791 -0.074299 0.180569 -0.442938 -0.083218 0.080898 -0.376686 0.020872 0.138499 -0.492624 0.017509 0.106277 -0.404265 -0.031311 0.051393 
0.000000 0.000000 0.000000 0.026863 -0.065864 -0.023752 -0.229551 -0.270546 0.255737 -0.238930 -0.142588 0.242319 -0.224937 -0.051689 0.213957 -0.208223 0.029459 0.184787 -0.212247 -0.246678 0.065575 -0.361866 -0.359819 0.121469 -0.412961 -0.493788 0.180870 -0.384603 -0.356376 0.397201 -0.518449 -0.382244 0.383129 -0.598996 -0.371220 0.299559 -0.435866 -0.199964 0.362312 -0.593019 -0.234014 0.345932 -0.619922 -0.226151 0.212315 -0.424634 -0.052588 0.283486 -0.550750 -0.067519 0.200645 -0.476708 -0.077034 0.087972 -0.380124 0.025505 0.152841 -0.498447 0.022783 0.130851 -0.422805 -0.027137 0.060216 
0.000000 0.000000 0.000000 0.027251 -0.066289 -0.022068 -0.233413 -0.265758 0.257258 -0.242624 -0.138084 0.241254 -0.228222 -0.047735 0.211381 -0.211084 0.032852 0.180930 -0.213433 -0.245912 0.065413 -0.364037 -0.358309 0.120153 -0.413921 -0.490846 0.183654 -0.398603 -0.350225 0.387632 -0.531395 -0.382765 0.397091 -0.618100 -0.373040 0.319755 -0.447398 -0.192639 0.348798 -0.603514 -0.227943 0.371296 -0.651411 -0.224537 0.243493 -0.430171 -0.050762 0.274003 -0.573013 -0.062241 0.224455 -0.523930 -0.072481 0.098940 -0.385431 0.034690 0.167302 -0.505438 0.035955 0.157922 -0.448386 -0.015611 0.072546 
0.000000 0.000000 0.000000 0.025201 -0.066857 -0.022781 -0.240636 -0.261149 0.255315 -0.246061 -0.133108 0.240569 -0.229034 -0.042944 0.211531 -0.209566 0.037387 0.181812 -0.213912 -0.247842 0.066190 -0.363533 -0.361091 0.121861 -0.412546 -0.491507 0.190245 -0.408451 -0.346351 0.381802 -0.537669 -0.383776 0.407956 -0.628804 -0.374354 0.335854 -0.459723 -0.188648 0.328537 -0.605042 -0.226423 0.388369 -0.668890 -0.227140 0.267694 -0.434450 -0.050018 0.261210 -0.585193 -0.059761 0.248079 -0.559016 -0.070410 0.115908 -0.384389 0.038417 0.177117 -0.504723 0.039126 0.173885 -0.462237 -0.014528 0.081585 
0.000000 0.000000 0.000000 0.024411 -0.067302 -0.022327 -0.246693 -0.256662 0.254081 -0.250099 -0.128609 0.238847 -0.231490 -0.038810 0.209649 -0.210578 0.041119 0.179826 -0.214446 -0.247788 0.068326 -0.363908 -0.360725 0.125050 -0.412165 -0.489506 0.196977 -0.421516 -0.343693 0.369333 -0.542866 -0.389002 0.414090 -0.637107 -0.380126 0.346023 -0.461394 -0.182939 0.333064 -0.605104 -0.219892 0.397145 -0.682239 -0.224608 0.284596 -0.440173 -0.048786 0.242291 -0.589812 -0.055939 0.265697 -0.581895 -0.065862 0.131135 -0.385460 0.041383 0.178301 -0.505835 0.041564 0.177252 -0.473837 -0.013603 0.081670 
0.000000 0.000000 0.000000 0.024010 -0.067560 -0.021979 -0.250533 -0.253939 0.253058 -0.252781 -0.125904 0.237460 -0.233235 -0.036340 0.208152 -0.211462 0.043333 0.178261 -0.214941 -0.248522 0.067474 -0.364460 -0.361756 0.123447 -0.412220 -0.489929 0.196779 -0.424347 -0.342757 0.368471 -0.543403 -0.390033 0.417182 -0.640004 -0.381788 0.352426 -0.463147 -0.180079 0.333822 -0.606225 -0.216926 0.399362 -0.696493 -0.223994 0.297180 -0.441449 -0.048616 0.242932 -0.590752 -0.057419 0.267871 -0.602121 -0.066087 0.133470 -0.386339 0.043032 0.180349 -0.506710 0.042825 0.181787 -0.484463 -0.012460 0.083543 
0.000000 0.000000 0.000000 0.023778 -0.067751 -0.021640 -0.253931 -0.251870 0.251736 -0.255308 -0.123860 0.235826 -0.235014 -0.034482 0.206460 -0.212548 0.044991 0.176551 -0.213408 -0.251449 0.066929 -0.361823 -0.366396 0.122349 -0.409359 -0.494326 0.196247 -0.434804 -0.340446 0.355945 -0.544118 -0.393979 0.418925 -0.642458 -0.387275 0.356656 -0.462981 -0.178374 0.337682 -0.604227 -0.215451 0.406959 -0.706199 -0.224360 0.316617 -0.442070 -0.048053 0.247168 -0.590543 -0.057785 0.276357 -0.624490 -0.066912 0.145849 -0.387303 0.044988 0.183387 -0.507591 0.044986 0.188092 -0.497045 -0.009878 0.087684 
0.000000 0.000000 0.000000 0.022178 -0.067663 -0.023532 -0.257952 -0.252789 0.246676 -0.256631 -0.124409 0.234094 -0.234560 -0.034756 0.206929 -0.210536 0.044965 0.178952 -0.212288 -0.255327 0.063957 -0.359001 -0.372755 0.118701 -0.405298 -0.500930 0.192962 -0.436405 -0.344094 0.352685 -0.544258 -0.399276 0.416753 -0.644715 -0.394913 0.357741 -0.462720 -0.183952 0.336351 -0.602889 -0.224450 0.405901 -0.713607 -0.234047 0.326600 -0.440699 -0.050911 0.251198 -0.588512 -0.062496 0.282942 -0.640330 -0.071934 0.158467 -0.385097 0.043724 0.189594 -0.505251 0.042870 0.196919 -0.505299 -0.009208 0.094493 
0.000000 0.000000 0.000000 0.021479 -0.067617 -0.024302 -0.259607 -0.252944 0.244773 -0.257123 -0.124458 0.233528 -0.234292 -0.034735 0.207236 -0.209603 0.045048 0.180023 -0.210499 -0.257412 0.065198 -0.355656 -0.376174 0.121201 -0.400407 -0.504212 0.196636 -0.433666 -0.349670 0.353252 -0.538863 -0.408128 0.418813 -0.641772 -0.406386 0.364042 -0.461669 -0.185175 0.338164 -0.600789 -0.226471 0.409332 -0.717148 -0.237146 0.338720 -0.439303 -0.051428 0.256283 -0.586309 -0.063398 0.291452 -0.654422 -0.074251 0.175216 -0.383606 0.044774 0.197606 -0.503376 0.044586 0.209708 -0.514104 -0.004850 0.106538 
0.000000 0.000000 0.000000 0.022831 -0.067604 -0.023072 -0.256194 -0.253574 0.247700 -0.255995 -0.125267 0.234333 -0.234670 -0.035587 0.206663 -0.211302 0.044172 0.178246 -0.207808 -0.258732 0.067051 -0.352127 -0.378328 0.123444 -0.394375 -0.506531 0.200034 -0.428266 -0.353089 0.356824 -0.532262 -0.413234 0.422775 -0.637926 -0.415820 0.373566 -0.457667 -0.188310 0.343092 -0.594832 -0.231189 0.417063 -0.718579 -0.243877 0.360804 -0.438579 -0.055497 0.258995 -0.584794 -0.069772 0.296520 -0.668018 -0.081946 0.190720 -0.384788 0.040971 0.200123 -0.504202 0.038768 0.215181 -0.525872 -0.007646 0.112325 