29
0.000000 0.000000 0.000000 -0.059448 0.024792 -0.038408 -0.319486 -0.244940 0.170949 -0.188181 -0.237742 0.210248 -0.089070 -0.211426 0.215434 0.003500 -0.181055 0.213490 -0.261849 -0.052708 0.187144 -0.388499 -0.101202 0.328280 -0.489683 -0.118795 0.444638 -0.430986 -0.284947 0.364307 -0.498373 -0.309127 0.481167 -0.527005 -0.243838 0.573421 -0.288114 -0.356503 0.390202 -0.356082 -0.437278 0.512596 -0.412801 -0.391065 0.627863 -0.172328 -0.319677 0.376876 -0.232028 -0.397300 0.492640 -0.313089 -0.357745 0.593301 -0.062958 -0.251325 0.359201 -0.108702 -0.299694 0.459497 -0.173447 -0.273695 0.550795 
0.000000 0.000000 0.000000 -0.059191 0.027967 -0.036580 -0.325932 -0.232755 0.175738 -0.193513 -0.232000 0.211816 -0.093218 -0.210227 0.214852 0.000554 -0.184010 0.210977 -0.262437 -0.041345 0.190870 -0.389614 -0.084717 0.333193 -0.490032 -0.099872 0.450554 -0.434757 -0.273075 0.370549 -0.500529 -0.297444 0.488288 -0.525222 -0.228483 0.578995 -0.294691 -0.349066 0.392185 -0.363506 -0.428688 0.514862 -0.417337 -0.384610 0.632329 -0.178572 -0.318788 0.374986 -0.239776 -0.396633 0.489812 -0.318288 -0.359355 0.593322 -0.066311 -0.253629 0.356814 -0.112335 -0.301550 0.457197 -0.174674 -0.275530 0.550148 
0.000000 0.000000 0.000000 -0.059078 0.027751 -0.036927 -0.326346 -0.232517 0.175284 -0.194077 -0.231452 0.211900 -0.093823 -0.209536 0.215263 -0.000070 -0.183211 0.211672 -0.264465 -0.043227 0.188072 -0.392983 -0.087641 0.328861 -0.494632 -0.104618 0.444905 -0.432851 -0.275178 0.370878 -0.497219 -0.300960 0.489089 -0.523574 -0.230203 0.577926 -0.297642 -0.346511 0.392205 -0.368081 -0.424767 0.514839 -0.423215 -0.381494 0.632001 -0.180749 -0.316359 0.375720 -0.243081 -0.392957 0.490777 -0.322715 -0.357202 0.593967 -0.067670 -0.252206 0.357467 -0.114201 -0.299696 0.457820 -0.176783 -0.273226 0.550481 
0.000000 0.000000 0.000000 -0.059199 0.027518 -0.036907 -0.324637 -0.237929 0.171147 -0.192562 -0.235841 0.208413 -0.092568 -0.212886 0.212502 0.000910 -0.185515 0.209654 -0.263914 -0.047533 0.187382 -0.392010 -0.094495 0.327728 -0.493317 -0.113130 0.443816 -0.430963 -0.282455 0.366422 -0.495224 -0.309366 0.484441 -0.523646 -0.239485 0.573334 -0.296961 -0.352655 0.387102 -0.367968 -0.432105 0.508635 -0.423803 -0.389197 0.625600 -0.179655 -0.319721 0.372863 -0.242102 -0.396329 0.487852 -0.322873 -0.360536 0.590140 -0.069274 -0.254387 0.354280 -0.117584 -0.301794 0.453830 -0.181480 -0.273629 0.545083 
0.000000 0.000000 0.000000 -0.059641 0.027116 -0.036491 -0.321666 -0.240912 0.172577 -0.189389 -0.237835 0.209054 -0.089562 -0.214079 0.212592 0.003672 -0.185946 0.209241 -0.262575 -0.047655 0.189504 -0.389558 -0.094441 0.330916 -0.489663 -0.111926 0.448220 -0.422697 -0.285843 0.370551 -0.483758 -0.312998 0.490202 -0.509661 -0.233112 0.571074 -0.293304 -0.352169 0.389619 -0.363980 -0.429933 0.512429 -0.419287 -0.385049 0.628902 -0.176727 -0.318942 0.374207 -0.239230 -0.394136 0.490095 -0.319604 -0.357886 0.592536 -0.064776 -0.252926 0.355579 -0.111890 -0.299029 0.456306 -0.175558 -0.271358 0.547870 
0.000000 0.000000 0.000000 -0.060061 0.024816 -0.037426 -0.318315 -0.236897 0.183972 -0.185976 -0.230712 0.219823 -0.086423 -0.205673 0.221982 0.006466 -0.176637 0.217092 -0.261342 -0.040212 0.193017 -0.387291 -0.080902 0.337213 -0.486430 -0.091603 0.456140 -0.415492 -0.273075 0.385635 -0.474223 -0.294940 0.507515 -0.496373 -0.200494 0.572186 -0.288838 -0.337391 0.405601 -0.358798 -0.409947 0.531957 -0.414513 -0.358519 0.645492 -0.172362 -0.306641 0.386705 -0.233985 -0.379042 0.504821 -0.314758 -0.340555 0.606126 -0.061887 -0.242020 0.364194 -0.108936 -0.287025 0.465448 -0.173285 -0.257743 0.556028 
0.000000 0.000000 0.000000 -0.060121 0.020020 -0.040106 -0.315135 -0.227743 0.200284 -0.183461 -0.215269 0.236936 -0.084553 -0.187729 0.238023 0.007693 -0.156979 0.231667 -0.259528 -0.030157 0.195617 -0.384303 -0.061554 0.343118 -0.481630 -0.065490 0.463944 -0.409234 -0.253252 0.405015 -0.466105 -0.268669 0.528748 -0.488243 -0.164493 0.576186 -0.283875 -0.308279 0.431205 -0.352172 -0.371538 0.563336 -0.409040 -0.311435 0.671931 -0.168811 -0.276460 0.410479 -0.229229 -0.340085 0.534141 -0.311253 -0.294363 0.631350 -0.060375 -0.212952 0.382730 -0.107228 -0.251480 0.486709 -0.172602 -0.215949 0.574270 
0.000000 0.000000 0.000000 -0.060217 0.016324 -0.041609 -0.312276 -0.220166 0.212840 -0.181075 -0.202991 0.249286 -0.082681 -0.173649 0.249111 0.009042 -0.141700 0.241268 -0.257128 -0.022969 0.198243 -0.380341 -0.047557 0.348326 -0.475016 -0.048684 0.471298 -0.403528 -0.239453 0.419531 -0.458679 -0.251109 0.544450 -0.482950 -0.143196 0.581314 -0.279440 -0.281909 0.450708 -0.346343 -0.335585 0.587703 -0.403043 -0.267433 0.691528 -0.164767 -0.247291 0.429534 -0.223627 -0.300097 0.558908 -0.306170 -0.246571 0.651589 -0.059092 -0.186387 0.396017 -0.105991 -0.217146 0.502533 -0.171861 -0.174594 0.586519 
0.000000 0.000000 0.000000 -0.060728 0.014686 -0.041477 -0.309447 -0.212201 0.224730 -0.177845 -0.193549 0.258935 -0.079498 -0.164153 0.256477 0.012085 -0.132448 0.246339 -0.253744 -0.015773 0.202783 -0.374522 -0.034832 0.355625 -0.466524 -0.032115 0.480586 -0.396754 -0.227085 0.433479 -0.449519 -0.236080 0.559641 -0.474804 -0.125875 0.588077 -0.275008 -0.262225 0.464647 -0.341093 -0.308935 0.604559 -0.396884 -0.234754 0.704678 -0.161101 -0.228105 0.440772 -0.219615 -0.273964 0.572923 -0.301784 -0.215128 0.662670 -0.054533 -0.170542 0.403491 -0.100388 -0.196764 0.511663 -0.165829 -0.150426 0.593964 
0.000000 0.000000 0.000000 -0.061484 0.013103 -0.040888 -0.304200 -0.208352 0.235250 -0.172229 -0.187797 0.266846 -0.074168 -0.157744 0.262035 0.016991 -0.125641 0.249593 -0.246715 -0.011096 0.210011 -0.362620 -0.026238 0.367008 -0.450517 -0.020414 0.494784 -0.385714 -0.218042 0.446630 -0.434979 -0.223898 0.574383 -0.459502 -0.112898 0.600284 -0.263821 -0.251681 0.476617 -0.326117 -0.295132 0.619291 -0.379368 -0.218149 0.718676 -0.151967 -0.216756 0.449594 -0.207753 -0.259072 0.584086 -0.287693 -0.197348 0.673907 -0.045030 -0.159896 0.409487 -0.087721 -0.183474 0.519546 -0.151234 -0.134425 0.601786 
0.000000 0.000000 0.000000 -0.062337 0.013938 -0.039290 -0.301229 -0.201793 0.244604 -0.168118 -0.183345 0.272503 -0.069725 -0.155012 0.264870 0.021599 -0.124554 0.249782 -0.241184 -0.006691 0.216511 -0.353094 -0.019600 0.376576 -0.437172 -0.011950 0.506803 -0.377792 -0.210282 0.457879 -0.424065 -0.215411 0.586776 -0.445907 -0.104034 0.613443 -0.254901 -0.245980 0.484683 -0.313926 -0.288580 0.628995 -0.363044 -0.210380 0.729550 -0.142121 -0.210500 0.455641 -0.194033 -0.250288 0.592436 -0.270240 -0.185872 0.683601 -0.036231 -0.155919 0.411825 -0.076037 -0.177509 0.523363 -0.136731 -0.125826 0.606117 
0.000000 0.000000 0.000000 -0.063036 0.015302 -0.037633 -0.299046 -0.194699 0.252891 -0.164856 -0.179231 0.277193 -0.066088 -0.153133 0.266887 0.025463 -0.124758 0.249315 -0.235861 -0.002406 0.222490 -0.344004 -0.013487 0.385258 -0.425739 -0.005226 0.516932 -0.372771 -0.205423 0.467063 -0.417327 -0.211905 0.596503 -0.434107 -0.100118 0.625053 -0.246435 -0.238807 0.492298 -0.301919 -0.279327 0.638600 -0.345708 -0.199415 0.740266 -0.134026 -0.205827 0.460075 -0.182741 -0.243611 0.598603 -0.254211 -0.175511 0.690920 -0.028882 -0.153021 0.413127 -0.066290 -0.172474 0.525881 -0.123311 -0.117481 0.609113 
0.000000 0.000000 0.000000 -0.063586 0.016608 -0.036124 -0.297163 -0.185436 0.261912 -0.162049 -0.173149 0.282660 -0.062964 -0.149593 0.269636 0.028778 -0.123630 0.249517 -0.230916 0.003888 0.227856 -0.335620 -0.004071 0.393037 -0.415404 0.005588 0.525808 -0.366143 -0.198136 0.477552 -0.407834 -0.205811 0.607879 -0.419681 -0.093181 0.635577 -0.239135 -0.226191 0.501106 -0.291565 -0.262267 0.649680 -0.329381 -0.178664 0.750774 -0.127737 -0.192678 0.466262 -0.174183 -0.223573 0.607255 -0.240423 -0.148375 0.697951 -0.021054 -0.147282 0.415479 -0.055355 -0.163562 0.529715 -0.108085 -0.103537 0.612296 
0.000000 0.000000 0.000000 -0.064067 0.017668 -0.034743 -0.294717 -0.175709 0.271216 -0.158888 -0.166300 0.288507 -0.059647 -0.145166 0.272792 0.032133 -0.121535 0.250136 -0.226560 0.009230 0.232411 -0.328237 0.003950 0.399578 -0.405991 0.014723 0.533463 -0.357730 -0.191130 0.488499 -0.395812 -0.200450 0.619819 -0.405438 -0.087351 0.646446 -0.233022 -0.209787 0.510064 -0.283444 -0.239364 0.660754 -0.314696 -0.150282 0.759380 -0.122761 -0.173653 0.472589 -0.168018 -0.194080 0.615855 -0.228268 -0.108634 0.701512 -0.015272 -0.134981 0.417939 -0.047903 -0.144236 0.533442 -0.096680 -0.075939 0.611925 
0.000000 0.000000 0.000000 -0.064605 0.019164 -0.032906 -0.290875 -0.164496 0.282175 -0.154355 -0.158831 0.295101 -0.055099 -0.140716 0.276060 0.036555 -0.119958 0.250290 -0.223138 0.016749 0.236737 -0.322338 0.015238 0.405463 -0.399742 0.028294 0.539347 -0.348182 -0.185283 0.500588 -0.382816 -0.197846 0.632591 -0.389608 -0.084356 0.658418 -0.220790 -0.196599 0.520122 -0.265975 -0.222287 0.673168 -0.291357 -0.130987 0.771450 -0.111841 -0.159484 0.478895 -0.152529 -0.172941 0.624339 -0.206783 -0.081645 0.707943 -0.006001 -0.126509 0.419796 -0.035294 -0.131017 0.536470 -0.079420 -0.057225 0.612697 
0.000000 0.000000 0.000000 -0.064741 0.022521 -0.030419 -0.288089 -0.151297 0.292240 -0.151072 -0.152490 0.300102 -0.051808 -0.139231 0.277447 0.039752 -0.122921 0.248357 -0.220335 0.023594 0.240940 -0.317696 0.024265 0.410738 -0.395708 0.039450 0.544044 -0.340723 -0.177929 0.511193 -0.372532 -0.194025 0.643523 -0.372896 -0.080425 0.669753 -0.211751 -0.190651 0.526677 -0.253021 -0.216606 0.680780 -0.271990 -0.126011 0.781140 -0.103086 -0.156622 0.481853 -0.139856 -0.169092 0.628425 -0.188012 -0.076269 0.714057 0.001694 -0.127374 0.418998 -0.024501 -0.130439 0.536453 -0.063595 -0.054541 0.613357 
0.000000 0.000000 0.000000 -0.064833 0.025495 -0.027760 -0.282867 -0.140806 0.302408 -0.145828 -0.147942 0.304934 -0.047032 -0.138806 0.278509 0.043957 -0.126244 0.245970 -0.215271 0.026525 0.246491 -0.309406 0.027170 0.418099 -0.385566 0.041150 0.552602 -0.332275 -0.174746 0.521102 -0.362137 -0.195258 0.653274 -0.354825 -0.081917 0.679608 -0.200691 -0.184907 0.533184 -0.238006 -0.210048 0.688426 -0.250011 -0.119242 0.789666 -0.092469 -0.153777 0.484482 -0.125049 -0.164513 0.632178 -0.165476 -0.068549 0.718345 0.010996 -0.128898 0.417705 -0.011692 -0.130724 0.535913 -0.045362 -0.052750 0.613305 
0.000000 0.000000 0.000000 -0.065494 0.025891 -0.025769 -0.274399 -0.139435 0.310731 -0.137390 -0.147362 0.309105 -0.039387 -0.138771 0.279709 0.050646 -0.126706 0.244442 -0.206707 0.023240 0.253334 -0.295068 0.021581 0.427978 -0.367962 0.030915 0.564676 -0.317257 -0.176270 0.530336 -0.343158 -0.198532 0.663060 -0.330189 -0.085172 0.687028 -0.184009 -0.181792 0.539573 -0.215717 -0.205210 0.696324 -0.220373 -0.112688 0.796610 -0.076812 -0.147450 0.487646 -0.103647 -0.153674 0.636750 -0.137250 -0.052563 0.719909 0.025361 -0.129272 0.417474 0.007957 -0.131038 0.536576 -0.020788 -0.050169 0.612977 
0.000000 0.000000 0.000000 -0.065605 0.028679 -0.022302 -0.265911 -0.139388 0.318045 -0.129417 -0.151616 0.310485 -0.032469 -0.145316 0.277264 0.056397 -0.135124 0.238605 -0.200979 0.016625 0.259433 -0.285687 0.009082 0.435725 -0.354003 0.009244 0.575079 -0.304452 -0.182832 0.537242 -0.327746 -0.209088 0.669719 -0.309927 -0.095939 0.691462 -0.169610 -0.187467 0.541945 -0.196946 -0.211850 0.699370 -0.194996 -0.119370 0.799784 -0.063422 -0.150362 0.486382 -0.085617 -0.153982 0.636332 -0.113333 -0.049844 0.717911 0.035587 -0.138401 0.412220 0.021264 -0.140658 0.531724 -0.003272 -0.059064 0.608819 
0.000000 0.000000 0.000000 -0.066009 0.029654 -0.019680 -0.258388 -0.148406 0.320158 -0.122197 -0.160957 0.308704 -0.026098 -0.154000 0.273220 0.061799 -0.142945 0.232634 -0.194713 0.007108 0.264526 -0.275247 -0.007000 0.442364 -0.333756 -0.020904 0.585438 -0.289774 -0.197449 0.539316 -0.308743 -0.227089 0.671768 -0.285595 -0.114575 0.691715 -0.153931 -0.201454 0.540711 -0.175515 -0.228997 0.698509 -0.166663 -0.138170 0.800054 -0.048642 -0.162230 0.483310 -0.064807 -0.168132 0.633957 -0.086517 -0.064355 0.717785 0.047986 -0.152907 0.406692 0.038479 -0.159764 0.526500 0.018527 -0.079596 0.606364 
0.000000 0.000000 0.000000 -0.066030 0.031280 -0.016895 -0.252696 -0.157169 0.320520 -0.117015 -0.171104 0.305234 -0.021712 -0.164078 0.267681 0.065331 -0.152649 0.225391 -0.190983 -0.002763 0.267840 -0.269171 -0.024066 0.446009 -0.317810 -0.050255 0.591044 -0.277988 -0.212812 0.538887 -0.293274 -0.246442 0.670862 -0.265773 -0.134684 0.689491 -0.143338 -0.217391 0.536836 -0.161241 -0.248873 0.694357 -0.146840 -0.160171 0.797138 -0.038159 -0.177215 0.478087 -0.049952 -0.186635 0.628961 -0.067028 -0.084356 0.715654 0.055858 -0.169097 0.399247 0.049337 -0.180419 0.518916 0.032881 -0.102550 0.601794 
0.000000 0.000000 0.000000 -0.065935 0.032853 -0.014040 -0.248025 -0.168228 0.318549 -0.112901 -0.183194 0.299717 -0.018322 -0.175700 0.260461 0.067958 -0.163489 0.216850 -0.186852 -0.013924 0.270631 -0.262515 -0.043195 0.448759 -0.300988 -0.081976 0.594026 -0.268710 -0.231542 0.535305 -0.281212 -0.269808 0.666307 -0.250279 -0.158879 0.684502 -0.133445 -0.235913 0.530527 -0.147418 -0.271770 0.687510 -0.128236 -0.186481 0.792377 -0.029550 -0.195927 0.470648 -0.037602 -0.210432 0.621365 -0.050389 -0.110162 0.711089 0.063100 -0.186081 0.390206 0.059756 -0.201631 0.509531 0.046794 -0.126264 0.595291 
0.000000 0.000000 0.000000 -0.065819 0.034200 -0.011049 -0.245207 -0.185641 0.310968 -0.110491 -0.200515 0.289349 -0.016387 -0.191373 0.249307 0.069403 -0.177185 0.205328 -0.182770 -0.029059 0.272089 -0.255950 -0.068641 0.449258 -0.287696 -0.119800 0.592303 -0.261703 -0.256777 0.525649 -0.271673 -0.299770 0.655395 -0.239530 -0.189479 0.675291 -0.127031 -0.263417 0.517919 -0.138280 -0.306200 0.673379 -0.115247 -0.225954 0.781404 -0.022384 -0.219343 0.458820 -0.026684 -0.239399 0.609053 -0.036144 -0.142123 0.702412 0.067634 -0.209420 0.377212 0.066416 -0.231609 0.495523 0.056181 -0.160511 0.585209 
0.000000 0.000000 0.000000 -0.065898 0.034915 -0.007892 -0.243436 -0.210524 0.296156 -0.108828 -0.223453 0.272695 -0.014945 -0.210993 0.233034 0.070602 -0.193193 0.189902 -0.181691 -0.049072 0.270289 -0.254146 -0.101626 0.444357 -0.280857 -0.165450 0.583280 -0.259004 -0.293409 0.506651 -0.268413 -0.343503 0.633868 -0.236822 -0.234494 0.660553 -0.123974 -0.300772 0.496897 -0.134276 -0.353359 0.649387 -0.109547 -0.279780 0.761699 -0.019536 -0.254769 0.439858 -0.022829 -0.286159 0.588164 -0.031330 -0.195721 0.688248 0.070399 -0.240333 0.358319 0.070259 -0.272780 0.474243 0.061132 -0.209981 0.570035 
0.000000 0.000000 0.000000 -0.065730 0.035716 -0.005275 -0.245815 -0.233689 0.276143 -0.111124 -0.245135 0.252383 -0.016979 -0.229761 0.214402 0.068868 -0.208740 0.173367 -0.183679 -0.069102 0.264813 -0.257484 -0.134690 0.433816 -0.283112 -0.210653 0.566706 -0.262782 -0.333005 0.479289 -0.273037 -0.393029 0.602066 -0.241348 -0.287664 0.640628 -0.126998 -0.339000 0.470126 -0.137795 -0.402842 0.618221 -0.112502 -0.337640 0.735475 -0.023555 -0.289716 0.417073 -0.028270 -0.332708 0.562401 -0.036439 -0.250559 0.669419 0.067847 -0.270268 0.337072 0.067145 -0.312620 0.449754 0.058321 -0.258792 0.550886 
0.000000 0.000000 0.000000 -0.065098 0.037147 -0.002509 -0.252055 -0.253639 0.251845 -0.117353 -0.265143 0.228177 -0.022629 -0.247966 0.192476 0.063917 -0.224751 0.154183 -0.188566 -0.089341 0.255567 -0.265824 -0.168488 0.417054 -0.290789 -0.256745 0.542250 -0.270713 -0.368222 0.446634 -0.281989 -0.437473 0.564359 -0.247752 -0.336945 0.612473 -0.136612 -0.377825 0.436519 -0.149710 -0.454464 0.578221 -0.123610 -0.400168 0.700737 -0.030141 -0.326123 0.388814 -0.035528 -0.382166 0.529601 -0.042948 -0.310600 0.644018 0.061940 -0.302442 0.310857 0.060579 -0.355919 0.418698 0.052683 -0.313727 0.525284 
0.000000 0.000000 0.000000 -0.063916 0.039193 -0.001620 -0.268760 -0.267132 0.218400 -0.133575 -0.280601 0.198892 -0.037060 -0.263230 0.168472 0.051554 -0.239368 0.135706 -0.198671 -0.106296 0.240290 -0.282991 -0.197334 0.391661 -0.309652 -0.296770 0.507801 -0.297899 -0.392432 0.405138 -0.315509 -0.468161 0.517997 -0.278786 -0.370875 0.570722 -0.161852 -0.408643 0.397084 -0.181085 -0.495730 0.531882 -0.158112 -0.451220 0.658888 -0.055670 -0.359434 0.355854 -0.069015 -0.428418 0.490219 -0.080827 -0.368696 0.610891 0.042110 -0.332132 0.283666 0.035609 -0.395982 0.385509 0.024474 -0.366993 0.496138 
0.000000 0.000000 0.000000 -0.062511 0.041296 -0.003309 -0.293480 -0.276842 0.168874 -0.157498 -0.292990 0.159651 -0.058289 -0.276151 0.139245 0.033421 -0.252374 0.116455 -0.214876 -0.120993 0.216449 -0.310215 -0.222543 0.353959 -0.345021 -0.331072 0.459300 -0.341071 -0.412460 0.344268 -0.369833 -0.494424 0.450271 -0.332522 -0.401408 0.509846 -0.209160 -0.440372 0.338771 -0.244298 -0.540613 0.460598 -0.232591 -0.511674 0.593507 -0.099662 -0.392565 0.310854 -0.129329 -0.476042 0.433908 -0.150539 -0.432275 0.560014 0.008377 -0.361608 0.250719 -0.008862 -0.436796 0.343136 -0.029424 -0.425135 0.455583 
0.000000 0.000000 0.000000 -0.061081 0.043464 -0.001953 -0.310171 -0.284328 0.119340 -0.174363 -0.303845 0.115814 -0.073715 -0.288109 0.102982 0.019776 -0.264962 0.088177 -0.231806 -0.134438 0.190531 -0.338635 -0.245758 0.310975 -0.385124 -0.361420 0.403430 -0.370592 -0.429487 0.282735 -0.407110 -0.517217 0.381487 -0.368826 -0.425236 0.442041 -0.243374 -0.466849 0.274375 -0.290312 -0.577715 0.382219 -0.287453 -0.561031 0.517691 -0.131029 -0.420649 0.257455 -0.172126 -0.515689 0.368222 -0.202707 -0.485260 0.496312 -0.016271 -0.387181 0.207967 -0.041082 -0.471306 0.290420 -0.069859 -0.475294 0.401592 