45
0.000000 0.000000 0.000000 -0.002585 -0.016336 -0.073146 0.107714 -0.423884 0.003212 0.084886 -0.341392 0.111279 0.062007 -0.255561 0.172888 0.041020 -0.175789 0.213978 -0.217542 -0.205146 0.053307 -0.352048 -0.323291 0.132434 -0.474105 -0.397846 0.192688 0.006562 -0.614514 0.072846 -0.054572 -0.729725 0.114931 -0.143922 -0.770491 0.177762 0.009903 -0.523118 0.244799 -0.041097 -0.646717 0.335611 -0.145741 -0.700990 0.404484 -0.030350 -0.399029 0.297790 -0.096576 -0.501905 0.387352 -0.188584 -0.567046 0.461912 -0.060390 -0.272675 0.318454 -0.130193 -0.339364 0.390367 -0.207615 -0.397894 0.451874 
0.000000 0.000000 0.000000 -0.002682 -0.016706 -0.073059 0.117475 -0.421274 0.004271 0.093452 -0.338863 0.112141 0.069000 -0.253316 0.173540 0.046447 -0.173872 0.214435 -0.214753 -0.205861 0.057680 -0.347453 -0.324222 0.139488 -0.470914 -0.397630 0.198272 -0.001602 -0.595723 0.086783 -0.073569 -0.701155 0.136652 -0.167769 -0.725852 0.200758 0.015975 -0.515843 0.250524 -0.036721 -0.636214 0.344644 -0.141508 -0.686342 0.416380 -0.025888 -0.391495 0.302445 -0.093929 -0.490577 0.394878 -0.186336 -0.551935 0.472106 -0.058765 -0.268233 0.317452 -0.131185 -0.333185 0.388361 -0.212037 -0.389742 0.447245 
0.000000 0.000000 0.000000 -0.002571 -0.017728 -0.072822 0.123389 -0.419489 0.009729 0.098394 -0.335974 0.116524 0.072846 -0.249956 0.176809 0.049248 -0.170291 0.216672 -0.214463 -0.204660 0.061358 -0.347052 -0.321631 0.145319 -0.474067 -0.391974 0.200144 0.002549 -0.590803 0.096153 -0.070484 -0.694340 0.148385 -0.165593 -0.716599 0.212041 0.016768 -0.507887 0.258852 -0.038749 -0.624812 0.355656 -0.145012 -0.670273 0.428325 -0.028577 -0.379325 0.309816 -0.101304 -0.472090 0.405190 -0.196878 -0.527332 0.483177 -0.062061 -0.259754 0.317632 -0.138677 -0.321332 0.387125 -0.225094 -0.374185 0.441365 
0.000000 0.000000 0.000000 -0.001934 -0.019254 -0.072453 0.131014 -0.416860 0.018796 0.104036 -0.331658 0.123760 0.076659 -0.244914 0.182172 0.051434 -0.164900 0.220303 -0.213985 -0.204813 0.063371 -0.346673 -0.320924 0.148361 -0.475412 -0.389910 0.200842 0.012744 -0.586853 0.111178 -0.058735 -0.689593 0.167011 -0.153197 -0.710314 0.232132 0.018956 -0.497560 0.271112 -0.038910 -0.610395 0.371332 -0.147121 -0.650434 0.444316 -0.030647 -0.368686 0.315888 -0.107592 -0.457438 0.411770 -0.205705 -0.508706 0.489315 -0.063961 -0.253432 0.317424 -0.143389 -0.314370 0.384274 -0.232922 -0.366017 0.434470 
0.000000 0.000000 0.000000 -0.001949 -0.019603 -0.072359 0.134242 -0.415755 0.020420 0.106848 -0.330277 0.125050 0.078938 -0.243476 0.183125 0.053188 -0.163481 0.220944 -0.214846 -0.204507 0.063036 -0.348062 -0.320208 0.147758 -0.478227 -0.388255 0.197894 0.015691 -0.583094 0.117184 -0.055959 -0.684229 0.175666 -0.150805 -0.702954 0.240833 0.017225 -0.492749 0.273526 -0.043731 -0.603254 0.374510 -0.153325 -0.638786 0.447762 -0.032998 -0.363041 0.316871 -0.113264 -0.448776 0.412775 -0.213428 -0.497042 0.489624 -0.064471 -0.251420 0.315861 -0.145458 -0.311949 0.381195 -0.236944 -0.362503 0.428923 
0.000000 0.000000 0.000000 -0.001227 -0.020750 -0.072054 0.136650 -0.414523 0.028071 0.107858 -0.327587 0.131113 0.078928 -0.240062 0.187581 0.052369 -0.159648 0.223922 -0.215707 -0.202900 0.064568 -0.349915 -0.316877 0.150057 -0.481340 -0.383663 0.198576 0.016778 -0.578302 0.129200 -0.055669 -0.677286 0.190320 -0.151249 -0.697128 0.254069 0.013392 -0.484777 0.282248 -0.050858 -0.591689 0.385041 -0.161989 -0.623381 0.457738 -0.038181 -0.354726 0.321190 -0.122157 -0.436947 0.416995 -0.224973 -0.481349 0.492660 -0.068349 -0.244946 0.317398 -0.151442 -0.303658 0.381739 -0.244631 -0.352783 0.427626 
0.000000 0.000000 0.000000 0.000874 -0.022428 -0.071555 0.140138 -0.412242 0.041334 0.107762 -0.323258 0.141524 0.076463 -0.234767 0.195152 0.048132 -0.153827 0.228892 -0.215143 -0.203062 0.064660 -0.350313 -0.316090 0.149893 -0.482462 -0.382076 0.197532 0.019834 -0.574169 0.144903 -0.052875 -0.672033 0.207498 -0.148635 -0.696616 0.269294 0.010315 -0.477300 0.294002 -0.055964 -0.582070 0.397708 -0.168711 -0.612331 0.468501 -0.044175 -0.345939 0.328572 -0.130680 -0.425655 0.424243 -0.235991 -0.467527 0.497893 -0.074174 -0.238908 0.320483 -0.158359 -0.297472 0.383526 -0.252497 -0.346555 0.427480 
0.000000 0.000000 0.000000 0.002817 -0.023726 -0.071085 0.141086 -0.410649 0.052464 0.105715 -0.320029 0.150144 0.072614 -0.230746 0.201320 0.043027 -0.149359 0.232834 -0.214369 -0.202550 0.065658 -0.350270 -0.314446 0.151223 -0.481927 -0.380870 0.199608 0.019749 -0.571143 0.157054 -0.053583 -0.668142 0.220266 -0.149708 -0.694686 0.280669 0.006072 -0.471097 0.304170 -0.061700 -0.573845 0.408929 -0.175637 -0.603818 0.477916 -0.050081 -0.339263 0.335049 -0.138061 -0.417077 0.430942 -0.245253 -0.456995 0.502944 -0.081044 -0.231367 0.324852 -0.166445 -0.287816 0.388189 -0.262160 -0.334415 0.431434 
0.000000 0.000000 0.000000 0.003903 -0.025586 -0.070385 0.139637 -0.409279 0.065440 0.102863 -0.316089 0.160138 0.069089 -0.225459 0.208425 0.039128 -0.143242 0.237323 -0.213793 -0.201228 0.069630 -0.350014 -0.311133 0.157243 -0.481650 -0.375661 0.208185 0.017127 -0.568207 0.171048 -0.056916 -0.664259 0.234875 -0.152821 -0.691536 0.295301 0.003192 -0.464853 0.316373 -0.064599 -0.566034 0.422634 -0.179537 -0.595436 0.490194 -0.054189 -0.330910 0.344059 -0.142587 -0.406525 0.441316 -0.252214 -0.443153 0.511376 -0.086938 -0.220627 0.330625 -0.173711 -0.273892 0.394847 -0.271646 -0.317118 0.436601 
0.000000 0.000000 0.000000 0.006657 -0.027308 -0.069526 0.140960 -0.406072 0.080784 0.099961 -0.310905 0.171706 0.063648 -0.219435 0.216434 0.031915 -0.136823 0.242140 -0.212015 -0.200589 0.071903 -0.348847 -0.309017 0.160400 -0.479866 -0.371964 0.214793 0.014877 -0.563054 0.185090 -0.061324 -0.657929 0.248130 -0.157903 -0.685450 0.307361 -0.001410 -0.458411 0.328040 -0.070356 -0.558736 0.434370 -0.186772 -0.589451 0.498737 -0.059946 -0.323137 0.353123 -0.148571 -0.397498 0.451138 -0.259602 -0.433948 0.519047 -0.095319 -0.211657 0.335936 -0.182897 -0.263166 0.400497 -0.282627 -0.304113 0.440252 
0.000000 0.000000 0.000000 0.006930 -0.029421 -0.068632 0.137237 -0.404533 0.093859 0.096344 -0.306388 0.181608 0.060430 -0.213352 0.223328 0.029161 -0.129773 0.246333 -0.214037 -0.197728 0.075217 -0.352304 -0.303044 0.165228 -0.482905 -0.363543 0.223281 0.009697 -0.560597 0.197770 -0.067385 -0.654918 0.260570 -0.166730 -0.673046 0.318839 -0.006133 -0.449969 0.340849 -0.075832 -0.547623 0.449155 -0.193881 -0.577984 0.510653 -0.064838 -0.312912 0.361565 -0.154663 -0.384302 0.460690 -0.266124 -0.419954 0.528316 -0.100370 -0.202698 0.338473 -0.189530 -0.252893 0.401894 -0.290443 -0.293004 0.439455 
0.000000 0.000000 0.000000 0.007719 -0.031119 -0.067793 0.133680 -0.402835 0.105564 0.092118 -0.302372 0.190323 0.056144 -0.208162 0.229265 0.025022 -0.123886 0.249794 -0.216034 -0.193603 0.078424 -0.356044 -0.295275 0.169918 -0.486581 -0.351746 0.232031 0.004009 -0.560074 0.204968 -0.074361 -0.655105 0.265046 -0.174760 -0.658874 0.324199 -0.011674 -0.442388 0.351869 -0.082268 -0.537619 0.461742 -0.202793 -0.565850 0.519327 -0.071342 -0.303295 0.368588 -0.162758 -0.371510 0.468491 -0.274231 -0.406422 0.536483 -0.105683 -0.194584 0.342012 -0.195650 -0.243247 0.405488 -0.297197 -0.282280 0.442470 
0.000000 0.000000 0.000000 0.009002 -0.032823 -0.066824 0.129936 -0.400517 0.118294 0.087010 -0.297837 0.199649 0.050596 -0.202568 0.235483 0.019376 -0.117705 0.253261 -0.217351 -0.188946 0.082294 -0.358988 -0.286637 0.175602 -0.488712 -0.339981 0.242033 0.001156 -0.557615 0.219070 -0.076675 -0.652562 0.279976 -0.179663 -0.642080 0.333612 -0.016873 -0.434010 0.364390 -0.087529 -0.526628 0.476436 -0.209827 -0.553489 0.530851 -0.076982 -0.294881 0.376607 -0.168464 -0.361074 0.477802 -0.279648 -0.395488 0.546518 -0.112124 -0.183641 0.347846 -0.202639 -0.229026 0.412952 -0.305459 -0.265369 0.449148 
0.000000 0.000000 0.000000 0.007031 -0.035312 -0.065784 0.118905 -0.400276 0.130119 0.080371 -0.293612 0.208494 0.047476 -0.196084 0.241543 0.019194 -0.109720 0.256835 -0.222465 -0.182919 0.087154 -0.366068 -0.275282 0.182852 -0.495687 -0.323749 0.253115 -0.009019 -0.553963 0.237058 -0.086333 -0.646848 0.301688 -0.190062 -0.614730 0.344135 -0.022816 -0.423993 0.378282 -0.092996 -0.512670 0.493762 -0.218698 -0.533879 0.542636 -0.081101 -0.281184 0.386249 -0.173299 -0.342206 0.490011 -0.286513 -0.372226 0.557461 -0.113971 -0.172585 0.351183 -0.205630 -0.215855 0.416125 -0.309907 -0.249268 0.450954 
0.000000 0.000000 0.000000 0.006413 -0.036442 -0.065228 0.114788 -0.399461 0.136181 0.077724 -0.291119 0.212946 0.046046 -0.192704 0.244522 0.018795 -0.105789 0.258508 -0.224542 -0.180803 0.088610 -0.369058 -0.271135 0.184872 -0.497799 -0.318135 0.257698 -0.012282 -0.552946 0.244420 -0.089079 -0.645708 0.309837 -0.191927 -0.607272 0.349057 -0.022175 -0.422097 0.384234 -0.090120 -0.511180 0.500734 -0.217748 -0.531132 0.544918 -0.081942 -0.275917 0.390838 -0.173717 -0.335586 0.495756 -0.287957 -0.363627 0.562323 -0.114273 -0.167001 0.354072 -0.205866 -0.209134 0.419851 -0.310963 -0.240940 0.453704 
0.000000 0.000000 0.000000 0.006717 -0.037434 -0.064633 0.112296 -0.397821 0.142892 0.075131 -0.288208 0.217781 0.043623 -0.189214 0.247672 0.016616 -0.101998 0.260176 -0.224967 -0.177523 0.092032 -0.369940 -0.265181 0.190063 -0.497231 -0.310795 0.266242 -0.013678 -0.550175 0.253974 -0.089813 -0.642253 0.321108 -0.191545 -0.597488 0.356319 -0.023440 -0.417329 0.391234 -0.090483 -0.505149 0.509207 -0.219308 -0.524125 0.550237 -0.083023 -0.269606 0.396708 -0.173836 -0.327252 0.503576 -0.287662 -0.354618 0.571124 -0.116685 -0.160276 0.357237 -0.208438 -0.200390 0.424046 -0.314117 -0.230743 0.457419 
0.000000 0.000000 0.000000 0.004511 -0.039140 -0.063809 0.103248 -0.397426 0.150607 0.070565 -0.285025 0.223424 0.042448 -0.184470 0.251427 0.018187 -0.096229 0.262260 -0.229110 -0.174417 0.094202 -0.375295 -0.259064 0.193075 -0.501053 -0.302244 0.273121 -0.021198 -0.547869 0.265934 -0.096410 -0.638792 0.335635 -0.196675 -0.586755 0.364483 -0.027231 -0.412272 0.398692 -0.093746 -0.498818 0.517898 -0.223958 -0.517000 0.554688 -0.084737 -0.261707 0.401667 -0.175937 -0.317091 0.509398 -0.289870 -0.342615 0.577485 -0.115370 -0.153549 0.359539 -0.207300 -0.193003 0.426498 -0.313128 -0.222556 0.460117 
0.000000 0.000000 0.000000 0.004468 -0.040068 -0.063234 0.097407 -0.396523 0.156754 0.065596 -0.282743 0.227795 0.038509 -0.181481 0.254220 0.015247 -0.092813 0.263675 -0.231649 -0.173868 0.092306 -0.379396 -0.257591 0.189632 -0.503106 -0.300604 0.272894 -0.025551 -0.547183 0.273385 -0.099864 -0.638238 0.343874 -0.199052 -0.581156 0.366159 -0.029897 -0.411336 0.403349 -0.094847 -0.498798 0.522750 -0.226541 -0.517685 0.553397 -0.089684 -0.256871 0.404542 -0.181606 -0.310930 0.512332 -0.295515 -0.336666 0.580379 -0.118506 -0.149874 0.360837 -0.210571 -0.189150 0.427715 -0.316547 -0.218879 0.460705 
0.000000 0.000000 0.000000 0.005037 -0.040985 -0.062600 0.093360 -0.394747 0.163551 0.061277 -0.279807 0.232573 0.034402 -0.178042 0.257223 0.011494 -0.089131 0.265131 -0.233173 -0.170616 0.093279 -0.382229 -0.251731 0.190818 -0.504182 -0.292551 0.277696 -0.030385 -0.543768 0.281450 -0.105174 -0.633832 0.352704 -0.201398 -0.569716 0.367640 -0.033246 -0.406878 0.409754 -0.097535 -0.493304 0.530261 -0.230392 -0.511220 0.556091 -0.092303 -0.251917 0.409546 -0.183157 -0.304891 0.518770 -0.296481 -0.331208 0.587568 -0.122063 -0.145170 0.363154 -0.213993 -0.183742 0.430625 -0.320331 -0.213015 0.462847 
0.000000 0.000000 0.000000 0.005610 -0.041542 -0.062183 0.090785 -0.393491 0.167969 0.058220 -0.277886 0.235642 0.031304 -0.175854 0.259117 0.008504 -0.086830 0.266006 -0.234176 -0.169820 0.092393 -0.384219 -0.250088 0.189116 -0.505472 -0.289760 0.277495 -0.032762 -0.541040 0.287907 -0.107431 -0.630216 0.360394 -0.203844 -0.565240 0.369107 -0.036360 -0.405611 0.412321 -0.100687 -0.492482 0.532488 -0.234032 -0.510512 0.555582 -0.096138 -0.248879 0.411234 -0.187522 -0.301243 0.520311 -0.300590 -0.327948 0.589380 -0.125118 -0.142568 0.364112 -0.217092 -0.180933 0.431641 -0.323983 -0.209662 0.462499 
0.000000 0.000000 0.000000 0.004876 -0.041973 -0.061955 0.086398 -0.393614 0.169983 0.055520 -0.277214 0.237081 0.029970 -0.174715 0.260044 0.008316 -0.085372 0.266484 -0.235617 -0.170250 0.091519 -0.386102 -0.250518 0.187552 -0.506769 -0.290090 0.276773 -0.036289 -0.539944 0.292276 -0.110438 -0.628382 0.366186 -0.206934 -0.562959 0.367421 -0.039046 -0.405090 0.413658 -0.103364 -0.492064 0.533755 -0.237293 -0.510410 0.552885 -0.097925 -0.247564 0.411864 -0.189634 -0.299802 0.520729 -0.302224 -0.327435 0.590213 -0.125571 -0.141412 0.364054 -0.217728 -0.179985 0.431215 -0.324784 -0.208825 0.461387 
0.000000 0.000000 0.000000 0.004854 -0.042473 -0.061615 0.082518 -0.392979 0.173346 0.052212 -0.275844 0.239418 0.027343 -0.172982 0.261488 0.006349 -0.083430 0.267152 -0.236644 -0.167427 0.093018 -0.387758 -0.245615 0.189778 -0.507201 -0.283228 0.281459 -0.039582 -0.536943 0.298989 -0.113376 -0.623951 0.374924 -0.208225 -0.556263 0.371039 -0.040055 -0.403279 0.417524 -0.102809 -0.489952 0.538661 -0.237181 -0.507390 0.555381 -0.099457 -0.244029 0.415071 -0.190380 -0.294974 0.525200 -0.302126 -0.322833 0.595943 -0.127278 -0.138793 0.365463 -0.219257 -0.176900 0.433133 -0.326277 -0.205325 0.463821 
0.000000 0.000000 0.000000 0.003288 -0.043137 -0.061256 0.079341 -0.392463 0.175979 0.051777 -0.274253 0.241334 0.028767 -0.170822 0.262752 0.009185 -0.080917 0.267842 -0.237395 -0.166765 0.095697 -0.387998 -0.244124 0.193907 -0.506448 -0.280569 0.287332 -0.040120 -0.535116 0.305591 -0.112319 -0.621331 0.383925 -0.207353 -0.554122 0.377238 -0.038969 -0.399429 0.421807 -0.100689 -0.484566 0.544554 -0.235093 -0.502181 0.560821 -0.097958 -0.240715 0.416925 -0.188827 -0.290833 0.527477 -0.299689 -0.318841 0.599542 -0.124837 -0.135438 0.366086 -0.217086 -0.172966 0.433710 -0.323906 -0.201154 0.465304 
0.000000 0.000000 0.000000 0.003384 -0.043466 -0.061018 0.078548 -0.391598 0.178247 0.050955 -0.273014 0.242908 0.028001 -0.169448 0.263723 0.008498 -0.079497 0.268289 -0.237198 -0.166504 0.096552 -0.387739 -0.243494 0.195148 -0.505765 -0.279670 0.289212 -0.040737 -0.533073 0.309304 -0.112829 -0.618578 0.388511 -0.208343 -0.552370 0.379200 -0.039600 -0.398058 0.423568 -0.101190 -0.483107 0.546442 -0.235676 -0.500919 0.561790 -0.099386 -0.237878 0.418007 -0.190730 -0.286947 0.528638 -0.300790 -0.315377 0.601758 -0.124758 -0.133873 0.367649 -0.216481 -0.171301 0.436040 -0.323027 -0.199615 0.468434 
0.000000 0.000000 0.000000 0.004788 -0.043470 -0.060921 0.079980 -0.390610 0.179771 0.050127 -0.272284 0.243898 0.025748 -0.168955 0.264268 0.005215 -0.079215 0.268457 -0.236778 -0.164390 0.096783 -0.387934 -0.240054 0.195464 -0.505673 -0.275747 0.290071 -0.040140 -0.530681 0.311571 -0.112738 -0.615335 0.391228 -0.208208 -0.549484 0.379300 -0.039677 -0.397176 0.425038 -0.100756 -0.482120 0.548238 -0.235334 -0.500002 0.562669 -0.102156 -0.236582 0.418478 -0.193871 -0.285075 0.529057 -0.303560 -0.313699 0.602657 -0.127992 -0.131972 0.368751 -0.219681 -0.168285 0.437785 -0.326067 -0.196578 0.470717 
0.000000 0.000000 0.000000 0.005161 -0.043647 -0.060764 0.081609 -0.389582 0.181263 0.050982 -0.271202 0.244924 0.026012 -0.167936 0.264891 0.004998 -0.078292 0.268731 -0.235157 -0.166483 0.097365 -0.385533 -0.243346 0.196312 -0.502933 -0.278958 0.291369 -0.035806 -0.531100 0.313953 -0.106768 -0.616629 0.394147 -0.203274 -0.552453 0.381456 -0.036913 -0.396232 0.426903 -0.096694 -0.481270 0.550674 -0.230965 -0.501342 0.565088 -0.100006 -0.237061 0.419987 -0.190369 -0.286629 0.531200 -0.298495 -0.316571 0.606567 -0.126923 -0.132297 0.370056 -0.217727 -0.169469 0.439800 -0.323498 -0.198613 0.473949 
0.000000 0.000000 0.000000 0.005464 -0.043666 -0.060723 0.085122 -0.388680 0.181583 0.053561 -0.270497 0.245153 0.027735 -0.167425 0.265039 0.005963 -0.077959 0.268808 -0.233141 -0.169148 0.097922 -0.382444 -0.247666 0.197192 -0.499498 -0.284339 0.292273 -0.030358 -0.530971 0.315141 -0.100150 -0.616969 0.395859 -0.198586 -0.555969 0.382348 -0.033823 -0.395420 0.427452 -0.093256 -0.480385 0.551440 -0.227114 -0.502928 0.566039 -0.098562 -0.238089 0.419213 -0.189125 -0.288759 0.529764 -0.295588 -0.320144 0.606892 -0.125779 -0.133248 0.369672 -0.216460 -0.171305 0.439097 -0.321684 -0.201297 0.474192 
0.000000 0.000000 0.000000 0.006540 -0.043000 -0.061091 0.093478 -0.388259 0.178346 0.059177 -0.271371 0.242885 0.031021 -0.169081 0.263620 0.007250 -0.080159 0.268129 -0.229863 -0.172623 0.097520 -0.377789 -0.253733 0.196769 -0.494846 -0.292493 0.291014 -0.017506 -0.533522 0.312515 -0.084581 -0.621315 0.393603 -0.185582 -0.564196 0.382225 -0.025943 -0.397817 0.425204 -0.083837 -0.483818 0.549207 -0.217022 -0.509795 0.564251 -0.094306 -0.241934 0.417565 -0.184174 -0.294174 0.527954 -0.288714 -0.327457 0.606894 -0.123449 -0.137187 0.369380 -0.213412 -0.176441 0.439073 -0.317934 -0.207478 0.475336 
0.000000 0.000000 0.000000 0.009298 -0.041751 -0.061598 0.107941 -0.386417 0.174129 0.067607 -0.272126 0.239821 0.034680 -0.171490 0.261600 0.006953 -0.083774 0.267029 -0.219702 -0.182173 0.098673 -0.362996 -0.270041 0.198960 -0.482678 -0.311838 0.288492 0.012327 -0.552605 0.295207 -0.045460 -0.653044 0.368383 -0.144061 -0.592307 0.354892 -0.012812 -0.402375 0.421597 -0.067509 -0.490962 0.545230 -0.196672 -0.526681 0.571311 -0.088288 -0.247654 0.415845 -0.176464 -0.302268 0.526449 -0.276437 -0.338045 0.610076 -0.121969 -0.144186 0.368596 -0.210708 -0.185769 0.438507 -0.314346 -0.218801 0.475538 
0.000000 0.000000 0.000000 0.010295 -0.040007 -0.062589 0.126168 -0.385117 0.164491 0.081872 -0.274048 0.233092 0.045016 -0.175376 0.257416 0.013698 -0.089044 0.265056 -0.208558 -0.193676 0.099693 -0.345502 -0.289832 0.201238 -0.469367 -0.337224 0.281850 0.035166 -0.555978 0.282580 -0.019833 -0.659243 0.353950 -0.115838 -0.595262 0.337142 0.002525 -0.408342 0.412379 -0.051442 -0.499681 0.534318 -0.178231 -0.540174 0.564718 -0.077877 -0.258000 0.408361 -0.165999 -0.317247 0.516598 -0.261860 -0.356581 0.603382 -0.112523 -0.155520 0.366226 -0.199403 -0.201277 0.435864 -0.301163 -0.238868 0.473745 
0.000000 0.000000 0.000000 0.011935 -0.038668 -0.063137 0.134800 -0.384356 0.159342 0.086937 -0.275658 0.229330 0.047252 -0.178413 0.254916 0.013586 -0.093076 0.263673 -0.205405 -0.195614 0.098039 -0.341402 -0.293820 0.198892 -0.466201 -0.342122 0.277499 0.046144 -0.556673 0.277099 -0.007438 -0.660817 0.348269 -0.103927 -0.597779 0.330686 0.007057 -0.413454 0.405697 -0.047273 -0.507176 0.525652 -0.173273 -0.548685 0.557905 -0.076586 -0.262698 0.404161 -0.165386 -0.323135 0.511178 -0.259688 -0.363798 0.599052 -0.110443 -0.162135 0.365819 -0.195815 -0.209669 0.436129 -0.296079 -0.249102 0.476071 
0.000000 0.000000 0.000000 0.011196 -0.038494 -0.063378 0.133597 -0.385825 0.156784 0.086973 -0.277103 0.227567 0.048108 -0.179711 0.253842 0.015055 -0.094198 0.263194 -0.207209 -0.194517 0.097253 -0.343872 -0.292146 0.197766 -0.467352 -0.340996 0.278099 0.048107 -0.557790 0.277365 -0.003560 -0.661721 0.350240 -0.103312 -0.603472 0.334440 0.006843 -0.415691 0.403201 -0.047656 -0.509950 0.522656 -0.173407 -0.551378 0.555968 -0.075777 -0.264472 0.402777 -0.164611 -0.325251 0.509573 -0.257647 -0.367226 0.598175 -0.107526 -0.163382 0.366991 -0.191901 -0.211003 0.438436 -0.290766 -0.250840 0.481354 
0.000000 0.000000 0.000000 0.010593 -0.038465 -0.063499 0.130543 -0.387394 0.155482 0.085214 -0.278385 0.226666 0.047369 -0.180686 0.253288 0.015159 -0.094886 0.262941 -0.208177 -0.194274 0.096842 -0.345070 -0.291769 0.197174 -0.468169 -0.341738 0.277402 0.050730 -0.561578 0.276768 0.002494 -0.666850 0.350070 -0.101006 -0.614507 0.338194 0.003356 -0.417341 0.401208 -0.052320 -0.511851 0.519921 -0.177371 -0.553557 0.555446 -0.075730 -0.268277 0.401236 -0.163999 -0.331084 0.507323 -0.257280 -0.375346 0.594544 -0.106266 -0.162799 0.368913 -0.189845 -0.209545 0.441856 -0.287703 -0.249042 0.487321 
0.000000 0.000000 0.000000 0.010642 -0.038373 -0.063546 0.128644 -0.388192 0.155073 0.083504 -0.279164 0.226345 0.045938 -0.181381 0.253055 0.014016 -0.095482 0.262789 -0.209647 -0.193710 0.095166 -0.347490 -0.290909 0.194478 -0.470328 -0.341817 0.274516 0.048790 -0.563292 0.275005 0.000529 -0.669118 0.347488 -0.104661 -0.619873 0.337329 -0.000153 -0.418696 0.399570 -0.057051 -0.513597 0.517387 -0.181942 -0.555594 0.553134 -0.077588 -0.270471 0.399745 -0.166164 -0.334355 0.504930 -0.260083 -0.380315 0.590574 -0.107334 -0.163503 0.368778 -0.190861 -0.210323 0.441732 -0.288344 -0.250090 0.487764 
0.000000 0.000000 0.000000 0.010651 -0.037952 -0.063797 0.127307 -0.389630 0.152551 0.082337 -0.280985 0.224512 0.044993 -0.183290 0.251847 0.013288 -0.097374 0.262131 -0.208676 -0.195568 0.093999 -0.345916 -0.294193 0.192738 -0.468118 -0.345711 0.273357 0.053019 -0.569210 0.269396 0.008122 -0.677743 0.340014 -0.099284 -0.632803 0.333899 -0.000587 -0.422682 0.396325 -0.056987 -0.519056 0.513182 -0.181454 -0.561641 0.549706 -0.075784 -0.274955 0.399238 -0.162389 -0.340685 0.504926 -0.256940 -0.387515 0.589395 -0.106539 -0.167596 0.368418 -0.189018 -0.215931 0.441576 -0.285853 -0.256684 0.488109 
0.000000 0.000000 0.000000 0.010585 -0.037782 -0.063909 0.128017 -0.389859 0.151367 0.083046 -0.281444 0.223674 0.045635 -0.183861 0.251314 0.013849 -0.098008 0.261866 -0.208111 -0.196689 0.093466 -0.344956 -0.296123 0.191941 -0.466611 -0.347302 0.273596 0.060232 -0.573573 0.265710 0.019264 -0.684604 0.334817 -0.091689 -0.648800 0.335662 0.001733 -0.424467 0.395158 -0.053571 -0.521743 0.511792 -0.177041 -0.565574 0.550177 -0.073162 -0.277352 0.399167 -0.158347 -0.344391 0.505186 -0.253993 -0.391310 0.588364 -0.104757 -0.169434 0.368717 -0.186396 -0.218599 0.442265 -0.282501 -0.260222 0.489536 
0.000000 0.000000 0.000000 0.010810 -0.037626 -0.063963 0.128581 -0.389875 0.150847 0.083205 -0.281712 0.223278 0.045510 -0.184271 0.251036 0.013505 -0.098513 0.261695 -0.207338 -0.198104 0.092577 -0.343841 -0.298520 0.190529 -0.464991 -0.350495 0.272432 0.067409 -0.578242 0.261282 0.030440 -0.692087 0.328027 -0.083629 -0.669718 0.337036 0.001783 -0.426251 0.393434 -0.053595 -0.524559 0.509165 -0.175945 -0.570647 0.548480 -0.072146 -0.279518 0.398680 -0.156513 -0.347816 0.504550 -0.252591 -0.395557 0.586756 -0.104295 -0.170854 0.368821 -0.185380 -0.220648 0.442558 -0.280908 -0.263303 0.490076 
0.000000 0.000000 0.000000 0.011145 -0.037431 -0.064020 0.128534 -0.390096 0.150315 0.082677 -0.282205 0.222850 0.044712 -0.184900 0.250717 0.012527 -0.099222 0.261475 -0.206445 -0.201641 0.089394 -0.342598 -0.304393 0.185391 -0.462828 -0.359164 0.266826 0.079214 -0.584547 0.256034 0.049407 -0.702068 0.319928 -0.065284 -0.702502 0.340879 0.003311 -0.429923 0.391238 -0.050669 -0.530393 0.505766 -0.172361 -0.578373 0.544861 -0.070523 -0.283499 0.398070 -0.153154 -0.354200 0.503731 -0.248936 -0.404396 0.584813 -0.103175 -0.174704 0.368720 -0.182815 -0.226661 0.442539 -0.276715 -0.271654 0.491136 
0.000000 0.000000 0.000000 0.012617 -0.036716 -0.064161 0.127157 -0.391094 0.148886 0.079350 -0.284157 0.221575 0.040394 -0.187309 0.249660 0.007617 -0.101883 0.260640 -0.205673 -0.206700 0.081789 -0.342264 -0.313065 0.173115 -0.461523 -0.373019 0.252295 0.089173 -0.591547 0.247860 0.066217 -0.712695 0.307678 -0.041646 -0.742954 0.339974 0.001248 -0.439493 0.383579 -0.051873 -0.545142 0.493765 -0.171020 -0.598045 0.534318 -0.069287 -0.296501 0.393746 -0.147934 -0.374798 0.497066 -0.241595 -0.431326 0.576440 -0.101108 -0.185979 0.368774 -0.175946 -0.243864 0.443205 -0.263988 -0.296203 0.495283 
0.000000 0.000000 0.000000 0.016297 -0.035773 -0.063864 0.124329 -0.391363 0.150559 0.071586 -0.285900 0.221977 0.030058 -0.189872 0.249182 -0.004290 -0.104981 0.259484 -0.204695 -0.210981 0.071454 -0.342978 -0.320615 0.156127 -0.461846 -0.386534 0.231040 0.091815 -0.595362 0.244085 0.072164 -0.718654 0.300609 -0.020215 -0.778063 0.339722 -0.010849 -0.449026 0.373862 -0.066917 -0.559974 0.477164 -0.181981 -0.619863 0.519742 -0.074223 -0.311532 0.387160 -0.148999 -0.398769 0.486099 -0.238266 -0.464651 0.563295 -0.104762 -0.199065 0.367372 -0.173918 -0.263824 0.441635 -0.253983 -0.325051 0.496807 
0.000000 0.000000 0.000000 0.018962 -0.035525 -0.063264 0.114542 -0.393111 0.153735 0.059314 -0.287678 0.223294 0.017255 -0.191507 0.249145 -0.016935 -0.106429 0.258374 -0.206766 -0.215134 0.057707 -0.348012 -0.327521 0.133402 -0.467219 -0.398296 0.203169 0.084817 -0.598947 0.244113 0.066852 -0.723349 0.298734 -0.008251 -0.802090 0.340595 -0.026796 -0.458678 0.364072 -0.085364 -0.574983 0.459820 -0.195536 -0.642819 0.503406 -0.080878 -0.325050 0.380485 -0.151245 -0.420808 0.474663 -0.234697 -0.496498 0.549329 -0.109095 -0.210156 0.364833 -0.172531 -0.281554 0.438111 -0.242534 -0.351070 0.497018 
0.000000 0.000000 0.000000 0.022733 -0.034617 -0.062520 0.105060 -0.395413 0.154600 0.045752 -0.290953 0.222239 0.002218 -0.195130 0.246912 -0.032462 -0.110163 0.255306 -0.209100 -0.217917 0.039955 -0.354165 -0.332614 0.104077 -0.473089 -0.408956 0.168233 0.068244 -0.602057 0.240407 0.045993 -0.726947 0.292267 -0.017248 -0.815496 0.334134 -0.043998 -0.470208 0.349859 -0.105041 -0.592127 0.436659 -0.210887 -0.667382 0.478763 -0.090496 -0.342188 0.367294 -0.156978 -0.447638 0.453614 -0.233022 -0.535568 0.522560 -0.114373 -0.225801 0.357799 -0.170755 -0.305396 0.428347 -0.226935 -0.385462 0.488649 
0.000000 0.000000 0.000000 0.023513 -0.034636 -0.062220 0.092311 -0.398862 0.153878 0.033673 -0.293619 0.220887 -0.008317 -0.197034 0.245264 -0.041291 -0.111376 0.253498 -0.212784 -0.217161 0.031023 -0.360644 -0.331373 0.089369 -0.481174 -0.408443 0.149531 0.046514 -0.604679 0.237317 0.018836 -0.729069 0.287745 -0.044194 -0.818198 0.328688 -0.058212 -0.477433 0.340235 -0.120707 -0.602452 0.421409 -0.225558 -0.680549 0.460734 -0.094402 -0.356039 0.354903 -0.156131 -0.470055 0.433519 -0.225125 -0.567207 0.497310 -0.110984 -0.236000 0.354484 -0.158954 -0.321781 0.423995 -0.202480 -0.408881 0.485006 
0.000000 0.000000 0.000000 0.022517 -0.035383 -0.062169 0.072845 -0.403286 0.152788 0.018368 -0.295810 0.219764 -0.019466 -0.197543 0.244221 -0.048635 -0.110526 0.252566 -0.221638 -0.212607 0.020453 -0.374414 -0.323502 0.072153 -0.497412 -0.399526 0.128531 -0.002105 -0.600730 0.235363 -0.047403 -0.720060 0.285268 -0.123291 -0.800857 0.321406 -0.076986 -0.482471 0.331745 -0.141840 -0.609427 0.407908 -0.248497 -0.687026 0.443150 -0.104302 -0.361775 0.346908 -0.165134 -0.479540 0.420540 -0.231263 -0.580592 0.481231 -0.112613 -0.239035 0.352459 -0.156650 -0.327491 0.421216 -0.191908 -0.417422 0.483445 
0.000000 0.000000 0.000000 0.023100 -0.035485 -0.061896 0.059912 -0.405900 0.151481 0.006440 -0.297626 0.217979 -0.029641 -0.198663 0.242282 -0.056956 -0.111043 0.250593 -0.226303 -0.210101 0.009893 -0.382362 -0.319365 0.054814 -0.507633 -0.394918 0.106638 -0.027988 -0.599720 0.229758 -0.081112 -0.716860 0.277067 -0.163069 -0.793528 0.308659 -0.093970 -0.484893 0.324389 -0.162263 -0.612261 0.396763 -0.271718 -0.687875 0.427447 -0.113744 -0.365067 0.342033 -0.174052 -0.484388 0.413560 -0.239400 -0.586860 0.472697 -0.121671 -0.240765 0.348421 -0.166217 -0.330055 0.415758 -0.199917 -0.420914 0.477500 