15
0.000000 0.000000 0.000000 -0.044465 0.029706 -0.052577 -0.357831 -0.248019 0.041636 -0.245207 -0.248179 0.120075 -0.152501 -0.225491 0.157935 -0.063780 -0.197973 0.187376 -0.329755 -0.048892 0.048806 -0.508271 -0.098073 0.112244 -0.654995 -0.112219 0.160811 -0.531029 -0.357768 0.138476 -0.635705 -0.424096 0.197004 -0.700440 -0.367699 0.275882 -0.413033 -0.359184 0.246513 -0.527179 -0.434683 0.332509 -0.605703 -0.352059 0.407652 -0.306696 -0.290124 0.287396 -0.417263 -0.336471 0.380228 -0.517818 -0.262678 0.432299 -0.188751 -0.238095 0.302957 -0.274770 -0.265711 0.382513 -0.357171 -0.196161 0.422213 
0.000000 0.000000 0.000000 -0.045132 0.030718 -0.051413 -0.355224 -0.252398 0.037435 -0.242011 -0.253654 0.115011 -0.149232 -0.231147 0.152799 -0.060544 -0.203619 0.182332 -0.326056 -0.058608 0.053223 -0.501840 -0.114503 0.118698 -0.646467 -0.135055 0.171117 -0.530264 -0.343192 0.149406 -0.636053 -0.398066 0.217080 -0.693393 -0.331475 0.293701 -0.410397 -0.360403 0.244337 -0.524923 -0.433008 0.332297 -0.600030 -0.346739 0.406835 -0.302816 -0.298339 0.281681 -0.412946 -0.346521 0.374097 -0.512293 -0.271036 0.426061 -0.186695 -0.243688 0.296641 -0.273527 -0.271268 0.375323 -0.354985 -0.200009 0.413923 
0.000000 0.000000 0.000000 -0.045046 0.030510 -0.051613 -0.352225 -0.257275 0.032208 -0.239739 -0.257635 0.110845 -0.147623 -0.234203 0.149676 -0.059585 -0.205744 0.180251 -0.324827 -0.062342 0.053016 -0.499896 -0.120443 0.118486 -0.644046 -0.141771 0.171898 -0.527136 -0.339750 0.150632 -0.632846 -0.389596 0.222205 -0.688394 -0.319043 0.296569 -0.409207 -0.362799 0.240056 -0.524469 -0.434325 0.327938 -0.597995 -0.345756 0.401346 -0.301572 -0.302982 0.277280 -0.411962 -0.352300 0.368781 -0.510481 -0.274791 0.419322 -0.185965 -0.248256 0.293418 -0.272956 -0.277519 0.371314 -0.354611 -0.205895 0.408805 
0.000000 0.000000 0.000000 -0.045730 0.030999 -0.050712 -0.352316 -0.256720 0.035477 -0.238684 -0.257924 0.112440 -0.145949 -0.234991 0.150080 -0.057403 -0.206960 0.179565 -0.323667 -0.060181 0.060121 -0.497581 -0.117235 0.129473 -0.641039 -0.135731 0.185727 -0.523515 -0.336053 0.161244 -0.626984 -0.383999 0.237254 -0.681804 -0.310516 0.309282 -0.405995 -0.363318 0.244249 -0.519790 -0.435001 0.333897 -0.592018 -0.347846 0.410229 -0.298384 -0.303614 0.279573 -0.407689 -0.352820 0.372427 -0.504081 -0.274075 0.425113 -0.181621 -0.249583 0.295061 -0.267123 -0.278921 0.374560 -0.347548 -0.206497 0.413156 
0.000000 0.000000 0.000000 -0.046623 0.031930 -0.049302 -0.355672 -0.250483 0.045236 -0.239891 -0.253895 0.118857 -0.145706 -0.232709 0.153826 -0.055854 -0.206331 0.180773 -0.321773 -0.054984 0.071465 -0.493944 -0.109368 0.147034 -0.635668 -0.125694 0.208144 -0.521363 -0.329781 0.178196 -0.621502 -0.377707 0.258554 -0.675442 -0.300221 0.326961 -0.404850 -0.358182 0.254456 -0.517045 -0.429112 0.346683 -0.588129 -0.347387 0.429794 -0.295200 -0.300817 0.286967 -0.402397 -0.349655 0.382437 -0.495640 -0.270764 0.440317 -0.176786 -0.248419 0.299896 -0.260026 -0.277390 0.381891 -0.337887 -0.204321 0.424339 
0.000000 0.000000 0.000000 -0.047503 0.031835 -0.048517 -0.358622 -0.242868 0.060792 -0.240754 -0.247018 0.130984 -0.145190 -0.226923 0.162702 -0.054103 -0.201712 0.186430 -0.318879 -0.047817 0.085111 -0.488689 -0.097658 0.168727 -0.627044 -0.111551 0.237660 -0.515535 -0.323216 0.203420 -0.610369 -0.371775 0.289620 -0.664484 -0.290212 0.352962 -0.402063 -0.346862 0.274109 -0.511777 -0.414769 0.371455 -0.581986 -0.336192 0.458263 -0.291132 -0.294062 0.300204 -0.395782 -0.342204 0.398802 -0.487603 -0.264975 0.461033 -0.171458 -0.242722 0.309443 -0.252236 -0.270949 0.394116 -0.327994 -0.197761 0.440022 
0.000000 0.000000 0.000000 -0.048509 0.033082 -0.046651 -0.360705 -0.237002 0.070795 -0.240664 -0.243833 0.136980 -0.143754 -0.225701 0.165650 -0.051491 -0.202308 0.186525 -0.318520 -0.042647 0.091932 -0.487476 -0.090033 0.178649 -0.627482 -0.096321 0.245325 -0.506085 -0.337030 0.213201 -0.593948 -0.397484 0.299267 -0.654407 -0.333362 0.375597 -0.397749 -0.345132 0.283736 -0.504589 -0.414028 0.383550 -0.574647 -0.341658 0.475712 -0.287621 -0.293178 0.305159 -0.390783 -0.341563 0.405195 -0.480098 -0.265551 0.472375 -0.167953 -0.240798 0.311189 -0.248117 -0.267292 0.396998 -0.320801 -0.192505 0.445238 
0.000000 0.000000 0.000000 -0.049414 0.036405 -0.043091 -0.364723 -0.228543 0.077690 -0.242179 -0.241704 0.138079 -0.143570 -0.227713 0.163035 -0.049773 -0.208010 0.180625 -0.319616 -0.033705 0.098053 -0.488691 -0.077575 0.186371 -0.632194 -0.070286 0.245029 -0.506629 -0.340275 0.214798 -0.592394 -0.407803 0.297662 -0.652882 -0.352522 0.380597 -0.395791 -0.346267 0.286215 -0.500268 -0.417385 0.386969 -0.568303 -0.349900 0.484213 -0.284646 -0.297351 0.304322 -0.385807 -0.347285 0.405632 -0.471744 -0.272842 0.478716 -0.163152 -0.247556 0.307777 -0.241193 -0.274775 0.395299 -0.310954 -0.200336 0.448170 
0.000000 0.000000 0.000000 -0.048517 0.036218 -0.044252 -0.367957 -0.223601 0.076817 -0.246288 -0.237044 0.138888 -0.147846 -0.223656 0.164820 -0.054070 -0.204625 0.183238 -0.321768 -0.028510 0.093554 -0.492750 -0.069012 0.179784 -0.638472 -0.056296 0.231651 -0.513691 -0.326776 0.216590 -0.601768 -0.389133 0.301065 -0.659421 -0.328218 0.382050 -0.402620 -0.338926 0.286043 -0.508948 -0.408221 0.386129 -0.575581 -0.338003 0.482404 -0.289998 -0.292819 0.305259 -0.391931 -0.342413 0.405962 -0.477532 -0.267394 0.478850 -0.167160 -0.246959 0.309748 -0.245002 -0.276098 0.396827 -0.315271 -0.202942 0.450805 
0.000000 0.000000 0.000000 -0.046412 0.035533 -0.046981 -0.371861 -0.220850 0.065075 -0.253037 -0.233520 0.132582 -0.155749 -0.219974 0.162481 -0.062774 -0.200913 0.184566 -0.324572 -0.025189 0.082581 -0.498626 -0.063185 0.163653 -0.645915 -0.047590 0.210016 -0.525353 -0.320378 0.199069 -0.618120 -0.380530 0.280052 -0.674928 -0.314098 0.357206 -0.416585 -0.328406 0.276537 -0.527822 -0.392941 0.374447 -0.595231 -0.316611 0.465381 -0.304803 -0.284758 0.297757 -0.411684 -0.331212 0.394758 -0.499455 -0.253250 0.461737 -0.181869 -0.238039 0.307139 -0.263845 -0.263593 0.391509 -0.334216 -0.187066 0.440445 
0.000000 0.000000 0.000000 -0.044509 0.037391 -0.047379 -0.372860 -0.225391 0.038275 -0.257091 -0.240515 0.110427 -0.161335 -0.227856 0.145255 -0.069577 -0.209356 0.172338 -0.326490 -0.028568 0.070866 -0.502936 -0.069841 0.144856 -0.650611 -0.053302 0.189638 -0.533413 -0.325479 0.163275 -0.630448 -0.385969 0.238822 -0.687153 -0.321901 0.318024 -0.426729 -0.341515 0.242700 -0.542107 -0.410210 0.332665 -0.612337 -0.334657 0.422102 -0.315620 -0.295521 0.273048 -0.426252 -0.344042 0.364684 -0.516470 -0.267118 0.429580 -0.194774 -0.247050 0.288489 -0.280950 -0.272995 0.368438 -0.352317 -0.195649 0.414564 
0.000000 0.000000 0.000000 -0.043772 0.039730 -0.046145 -0.368171 -0.235945 0.008393 -0.254619 -0.253668 0.083419 -0.160472 -0.241422 0.122517 -0.070198 -0.222877 0.154173 -0.327384 -0.040293 0.058769 -0.504849 -0.090366 0.124419 -0.652672 -0.081756 0.170907 -0.535182 -0.345917 0.115321 -0.636119 -0.412381 0.179945 -0.693068 -0.352796 0.262405 -0.426230 -0.370430 0.199138 -0.542949 -0.449844 0.277844 -0.618768 -0.383719 0.370139 -0.318788 -0.320256 0.238426 -0.432311 -0.376784 0.321540 -0.525802 -0.304707 0.387360 -0.198495 -0.273365 0.261769 -0.286804 -0.308117 0.335830 -0.361279 -0.234841 0.383655 
0.000000 0.000000 0.000000 -0.042968 0.041218 -0.045593 -0.361891 -0.244826 -0.019646 -0.250925 -0.264038 0.058805 -0.158728 -0.251768 0.102297 -0.070276 -0.232882 0.138559 -0.325602 -0.052625 0.050104 -0.502456 -0.111346 0.109986 -0.650034 -0.113678 0.157965 -0.529960 -0.363148 0.076128 -0.631537 -0.434659 0.134010 -0.689930 -0.381738 0.219933 -0.423808 -0.388179 0.164515 -0.541393 -0.472613 0.236412 -0.618729 -0.411500 0.330878 -0.317405 -0.338478 0.211917 -0.431187 -0.400654 0.290522 -0.525314 -0.331421 0.358455 -0.200394 -0.289723 0.240659 -0.289958 -0.328848 0.310936 -0.363678 -0.254743 0.358653 
0.000000 0.000000 0.000000 -0.042756 0.043450 -0.043680 -0.360618 -0.244840 -0.036033 -0.250248 -0.267822 0.042245 -0.158486 -0.257552 0.087151 -0.070434 -0.240302 0.125160 -0.324843 -0.059066 0.044432 -0.501354 -0.123214 0.099567 -0.649335 -0.132084 0.145500 -0.529804 -0.368017 0.051281 -0.632055 -0.442462 0.104052 -0.692012 -0.395769 0.192471 -0.424795 -0.393990 0.142692 -0.543510 -0.479802 0.211010 -0.620432 -0.421577 0.307614 -0.316580 -0.352339 0.190763 -0.429943 -0.420306 0.265059 -0.525575 -0.355864 0.335556 -0.200700 -0.305060 0.222234 -0.290366 -0.349633 0.289052 -0.364649 -0.278097 0.339724 
0.000000 0.000000 0.000000 -0.042649 0.045476 -0.041676 -0.354836 -0.248450 -0.060452 -0.245758 -0.274577 0.018646 -0.155213 -0.265648 0.066229 -0.068365 -0.249363 0.107311 -0.324228 -0.068435 0.033050 -0.500422 -0.139713 0.079809 -0.649424 -0.154016 0.120802 -0.525338 -0.376576 0.016572 -0.628385 -0.454012 0.063124 -0.687983 -0.412574 0.154360 -0.421804 -0.405361 0.110176 -0.541540 -0.494312 0.172430 -0.618502 -0.440263 0.271400 -0.314537 -0.369631 0.158517 -0.428782 -0.444194 0.224693 -0.525793 -0.387091 0.299501 -0.200004 -0.323630 0.195298 -0.290614 -0.374750 0.255862 -0.365609 -0.307577 0.311240 