94
0.000000 0.000000 0.000000 0.006769 -0.067738 -0.031458 0.102027 -0.236367 0.353570 0.067670 -0.112329 0.344877 0.040830 -0.026360 0.310941 0.016371 0.049949 0.274969 -0.120182 -0.205060 0.219285 -0.199620 -0.290987 0.376184 -0.202425 -0.441370 0.414448 0.071076 -0.289111 0.571928 -0.021710 -0.315553 0.669260 -0.137585 -0.322431 0.680162 0.048608 -0.182527 0.571115 -0.052171 -0.229838 0.688289 -0.187707 -0.246247 0.688549 -0.053493 -0.015414 0.499878 -0.189903 -0.036676 0.437181 -0.271941 -0.056946 0.331697 -0.060669 0.054225 0.431918 -0.158103 0.042763 0.501679 -0.233150 0.016043 0.418872 
0.000000 0.000000 0.000000 0.005764 -0.068012 -0.031064 0.099938 -0.235565 0.354700 0.067219 -0.111132 0.345353 0.041429 -0.025018 0.310973 0.017884 0.051392 0.274609 -0.120656 -0.202097 0.221692 -0.199761 -0.285998 0.379851 -0.204276 -0.436012 0.419376 0.060410 -0.288647 0.571587 -0.026267 -0.315207 0.674367 -0.142315 -0.320046 0.684492 0.056883 -0.183230 0.571559 -0.045627 -0.230458 0.687256 -0.181382 -0.244948 0.687370 -0.052841 -0.015050 0.499990 -0.194058 -0.034338 0.448256 -0.276034 -0.053275 0.342476 -0.059817 0.057200 0.431182 -0.155303 0.048265 0.503942 -0.230956 0.022359 0.421428 
0.000000 0.000000 0.000000 0.001343 -0.068646 -0.030162 0.093982 -0.235900 0.356102 0.068031 -0.109976 0.345564 0.046357 -0.023036 0.310430 0.026345 0.054065 0.273412 -0.126791 -0.193244 0.226554 -0.206969 -0.271208 0.387191 -0.214025 -0.420401 0.429363 0.073053 -0.284722 0.576553 -0.022341 -0.305810 0.672664 -0.138373 -0.308021 0.683832 0.063460 -0.176772 0.573581 -0.041564 -0.219173 0.688893 -0.177581 -0.230901 0.689962 -0.046996 -0.009376 0.499671 -0.187867 -0.026132 0.446140 -0.271231 -0.044112 0.341282 -0.062219 0.057487 0.424180 -0.149703 0.052236 0.506705 -0.226364 0.027583 0.424739 
0.000000 0.000000 0.000000 0.000406 -0.068676 -0.030123 0.095612 -0.236499 0.355270 0.070686 -0.110353 0.344910 0.049424 -0.023245 0.309941 0.029718 0.054008 0.273077 -0.129171 -0.187052 0.228804 -0.210251 -0.261124 0.390824 -0.220696 -0.409706 0.434427 0.071292 -0.274101 0.577564 -0.026227 -0.288046 0.672841 -0.142111 -0.287355 0.685631 0.060758 -0.170805 0.574522 -0.043695 -0.207327 0.692336 -0.179952 -0.215522 0.694818 -0.044191 -0.000187 0.498138 -0.185491 -0.012353 0.444499 -0.270269 -0.029619 0.340660 -0.070513 0.061302 0.416210 -0.144839 0.064973 0.510832 -0.222855 0.041594 0.429776 
0.000000 0.000000 0.000000 -0.005064 -0.069041 -0.028837 0.087280 -0.236491 0.357414 0.070927 -0.109109 0.345256 0.054945 -0.021340 0.309147 0.039786 0.056459 0.271294 -0.128519 -0.187060 0.233226 -0.205768 -0.260908 0.397208 -0.220133 -0.408756 0.442169 0.078017 -0.278061 0.580138 -0.015377 -0.291768 0.679495 -0.131068 -0.288141 0.693475 0.068959 -0.177450 0.572853 -0.029673 -0.216165 0.694908 -0.166067 -0.220347 0.699220 -0.032041 -0.002116 0.500922 -0.175287 -0.013836 0.452611 -0.261375 -0.029690 0.349628 -0.060681 0.061612 0.414355 -0.129834 0.065159 0.512826 -0.209040 0.042900 0.432614 
0.000000 0.000000 0.000000 -0.003714 -0.069196 -0.028670 0.090196 -0.233947 0.358362 0.071599 -0.106912 0.345804 0.054175 -0.019540 0.309402 0.037758 0.057874 0.271286 -0.132206 -0.176538 0.235553 -0.212608 -0.243706 0.400886 -0.229185 -0.390596 0.448165 0.071805 -0.274560 0.580697 -0.026527 -0.285265 0.675555 -0.142124 -0.279451 0.689582 0.068198 -0.173724 0.573837 -0.039483 -0.207598 0.689518 -0.175925 -0.208921 0.694121 -0.034287 0.004012 0.500015 -0.174346 -0.006234 0.442837 -0.261246 -0.021451 0.340441 -0.062613 0.068320 0.414125 -0.131700 0.075510 0.512443 -0.211857 0.053944 0.432989 
0.000000 0.000000 0.000000 -0.001956 -0.069326 -0.028530 0.093449 -0.231028 0.359421 0.072013 -0.104482 0.346461 0.052799 -0.017613 0.309755 0.034831 0.059320 0.271365 -0.137115 -0.176009 0.232615 -0.221688 -0.242764 0.396024 -0.241029 -0.389090 0.443997 0.068041 -0.266747 0.581905 -0.029074 -0.275103 0.678241 -0.144546 -0.268028 0.692713 0.057176 -0.167097 0.575226 -0.048086 -0.198094 0.693901 -0.184527 -0.197319 0.698645 -0.032227 0.009642 0.501436 -0.171230 0.000236 0.441599 -0.258732 -0.014971 0.339716 -0.050733 0.077630 0.422791 -0.137225 0.084004 0.506276 -0.217698 0.062582 0.427102 
0.000000 0.000000 0.000000 -0.003784 -0.069405 -0.028152 0.088141 -0.231420 0.360508 0.069933 -0.104437 0.346900 0.052886 -0.017302 0.309758 0.036828 0.059860 0.270983 -0.135944 -0.171701 0.236263 -0.218642 -0.235712 0.401716 -0.240638 -0.381492 0.450208 0.033768 -0.260391 0.578738 -0.037842 -0.271667 0.695044 -0.153202 -0.262642 0.709318 0.056615 -0.162672 0.576913 -0.039668 -0.191871 0.703410 -0.176031 -0.189079 0.709464 -0.030022 0.016361 0.501348 -0.172846 0.011161 0.450701 -0.260386 -0.003786 0.348812 -0.058536 0.077366 0.416535 -0.130032 0.088229 0.512773 -0.210666 0.067542 0.433568 
0.000000 0.000000 0.000000 -0.005701 -0.069214 -0.028299 0.084336 -0.234506 0.359423 0.069267 -0.107069 0.346231 0.054217 -0.019434 0.309401 0.039891 0.058209 0.270909 -0.137424 -0.174114 0.235313 -0.219848 -0.239753 0.400264 -0.243352 -0.385607 0.447816 0.054876 -0.262897 0.582461 -0.036214 -0.267135 0.684769 -0.151357 -0.256182 0.699440 0.062992 -0.168141 0.575807 -0.041257 -0.195181 0.696329 -0.177541 -0.190098 0.702676 -0.035269 0.011379 0.498495 -0.178428 0.007668 0.448670 -0.265712 -0.005424 0.346307 -0.035212 0.082595 0.426957 -0.130202 0.090493 0.500481 -0.211351 0.070969 0.421508 
0.000000 0.000000 0.000000 -0.005613 -0.069083 -0.028635 0.082355 -0.236169 0.358793 0.067452 -0.108662 0.346093 0.052654 -0.020853 0.309579 0.038582 0.056972 0.271361 -0.139785 -0.174943 0.233352 -0.223742 -0.241184 0.397287 -0.248859 -0.387271 0.443271 0.034400 -0.273210 0.577307 -0.052922 -0.282205 0.682550 -0.168170 -0.268564 0.693731 0.055535 -0.175718 0.573768 -0.042858 -0.206874 0.698157 -0.179145 -0.200007 0.702395 -0.036553 0.009413 0.498893 -0.180205 0.007083 0.450422 -0.266839 -0.004990 0.347384 -0.043829 0.078942 0.424044 -0.134553 0.087545 0.502698 -0.215585 0.069160 0.423332 
0.000000 0.000000 0.000000 -0.004991 -0.068636 -0.029800 0.078729 -0.241572 0.355998 0.063503 -0.113933 0.345143 0.048833 -0.025605 0.309848 0.034948 0.052769 0.272700 -0.143989 -0.171413 0.230896 -0.230965 -0.235724 0.394023 -0.261015 -0.381615 0.437607 0.027733 -0.283475 0.572940 -0.047913 -0.297759 0.686323 -0.163153 -0.281378 0.693001 0.045759 -0.180811 0.572491 -0.059444 -0.209384 0.691824 -0.195524 -0.199006 0.688117 -0.043103 -0.000448 0.498604 -0.187553 0.000145 0.452510 -0.270601 -0.008579 0.346232 -0.065891 0.071156 0.414403 -0.135300 0.083812 0.511940 -0.215036 0.067518 0.430824 
0.000000 0.000000 0.000000 -0.006070 -0.068151 -0.030699 0.076380 -0.247433 0.352467 0.062955 -0.119455 0.343372 0.049443 -0.030460 0.309312 0.036568 0.048596 0.273262 -0.148273 -0.169639 0.228771 -0.237254 -0.233144 0.391131 -0.277682 -0.375287 0.438541 0.047982 -0.284464 0.574374 -0.055651 -0.285106 0.664051 -0.170808 -0.266943 0.662636 0.055377 -0.186356 0.571278 -0.062110 -0.209120 0.679921 -0.197060 -0.194092 0.665709 -0.050574 -0.005238 0.493904 -0.193753 -0.000678 0.444208 -0.270984 -0.006655 0.333449 -0.060074 0.069698 0.417489 -0.141524 0.082103 0.505257 -0.219575 0.067374 0.422226 
0.000000 0.000000 0.000000 -0.005161 -0.067485 -0.032295 0.073448 -0.254752 0.347847 0.059214 -0.126698 0.341436 0.045511 -0.037058 0.309195 0.032545 0.042697 0.274752 -0.156865 -0.169606 0.221483 -0.251790 -0.233506 0.380282 -0.300633 -0.372740 0.428398 0.048960 -0.305919 0.567397 -0.069230 -0.304427 0.636758 -0.183345 -0.283357 0.625489 0.040047 -0.200805 0.566414 -0.086947 -0.221311 0.664275 -0.218747 -0.198928 0.636580 -0.064649 -0.012855 0.488060 -0.202816 -0.003034 0.426383 -0.269674 -0.004571 0.308928 -0.054701 0.062277 0.425056 -0.157182 0.070316 0.487700 -0.231675 0.058788 0.400977 
0.000000 0.000000 0.000000 -0.008038 -0.066272 -0.034167 0.064071 -0.267333 0.340174 0.055092 -0.138673 0.337449 0.044978 -0.047665 0.307817 0.035186 0.033501 0.275700 -0.167068 -0.166931 0.215680 -0.266580 -0.229917 0.372017 -0.322877 -0.364551 0.424850 0.037020 -0.311407 0.560958 -0.083800 -0.304771 0.625306 -0.195815 -0.280685 0.603727 0.024144 -0.213842 0.560757 -0.113195 -0.227753 0.644834 -0.238887 -0.197817 0.600735 -0.073159 -0.023274 0.481490 -0.205189 -0.006765 0.408781 -0.261023 -0.003503 0.285737 -0.047892 0.051467 0.428545 -0.160684 0.058123 0.470078 -0.231999 0.049937 0.380355 
0.000000 0.000000 0.000000 -0.009413 -0.065178 -0.035877 0.059172 -0.277398 0.332925 0.052770 -0.148557 0.333592 0.044442 -0.056619 0.306375 0.036235 0.025542 0.276416 -0.169665 -0.168887 0.211933 -0.269940 -0.233782 0.366997 -0.338072 -0.358965 0.428431 0.019243 -0.311507 0.553521 -0.104933 -0.299303 0.610208 -0.213582 -0.273071 0.577033 0.013023 -0.206327 0.560654 -0.133242 -0.203910 0.629395 -0.248895 -0.168936 0.565830 -0.078604 -0.029823 0.476243 -0.207780 -0.005592 0.400631 -0.249433 0.000625 0.272200 -0.051492 0.048374 0.425978 -0.164293 0.060911 0.466105 -0.231361 0.055432 0.372966 
0.000000 0.000000 0.000000 -0.006327 -0.064302 -0.038068 0.051647 -0.285565 0.327224 0.042146 -0.156976 0.331239 0.032783 -0.064497 0.306287 0.023890 0.018294 0.278327 -0.181173 -0.156567 0.204342 -0.290580 -0.214300 0.356026 -0.367864 -0.333926 0.417701 -0.010319 -0.299197 0.544927 -0.136858 -0.279241 0.593629 -0.242313 -0.252639 0.551622 -0.019873 -0.198462 0.556865 -0.172825 -0.183511 0.606932 -0.279315 -0.147128 0.529630 -0.099881 -0.030789 0.467462 -0.230765 0.003314 0.398926 -0.258896 0.011081 0.266955 -0.082388 0.053698 0.412631 -0.189365 0.077010 0.462669 -0.250752 0.072189 0.365656 
0.000000 0.000000 0.000000 -0.010616 -0.063588 -0.038312 0.041994 -0.290245 0.324476 0.039723 -0.161359 0.329428 0.035030 -0.068332 0.305205 0.030210 0.015016 0.277908 -0.189477 -0.152141 0.202548 -0.301397 -0.207553 0.353262 -0.382688 -0.324544 0.414838 -0.013629 -0.305825 0.543755 -0.144998 -0.284501 0.576463 -0.248624 -0.258968 0.529530 -0.033994 -0.182889 0.554320 -0.191010 -0.157456 0.583023 -0.289411 -0.124618 0.494264 -0.106461 -0.029910 0.457578 -0.231186 0.005238 0.378845 -0.254636 0.012555 0.245936 -0.073195 0.054447 0.413330 -0.188292 0.078491 0.439134 -0.248108 0.073295 0.341164 
0.000000 0.000000 0.000000 -0.007576 -0.063712 -0.038824 0.062967 -0.290540 0.320799 0.053519 -0.162042 0.327132 0.043246 -0.069198 0.303953 0.033348 0.014006 0.277602 -0.174619 -0.153961 0.209768 -0.279143 -0.210433 0.365321 -0.359644 -0.326109 0.430325 -0.001954 -0.284561 0.537984 -0.131140 -0.261903 0.577730 -0.234007 -0.241595 0.526749 -0.014032 -0.168381 0.554885 -0.171959 -0.140226 0.574657 -0.263405 -0.114738 0.476538 -0.093639 -0.030058 0.460300 -0.216965 0.004244 0.379031 -0.239674 0.010050 0.245919 -0.071296 0.055092 0.411572 -0.183803 0.080089 0.446335 -0.243769 0.073004 0.348575 
0.000000 0.000000 0.000000 -0.004970 -0.063683 -0.039290 0.079149 -0.289862 0.317814 0.063835 -0.161992 0.325302 0.049083 -0.069541 0.302987 0.035122 0.013324 0.277417 -0.162952 -0.159702 0.213036 -0.261807 -0.219784 0.370925 -0.340431 -0.336285 0.436748 0.035775 -0.285309 0.540341 -0.096123 -0.265922 0.572107 -0.197327 -0.250358 0.516352 0.003529 -0.164994 0.555146 -0.156363 -0.141396 0.556723 -0.237188 -0.123786 0.448112 -0.084710 -0.035858 0.463232 -0.209360 -0.006878 0.381909 -0.232262 -0.002785 0.248767 -0.051702 0.052488 0.424094 -0.168746 0.073028 0.443333 -0.229527 0.064338 0.346208 
0.000000 0.000000 0.000000 -0.000229 -0.063313 -0.040191 0.097575 -0.288018 0.314349 0.073223 -0.161665 0.323481 0.052106 -0.070179 0.302334 0.032474 0.011846 0.277806 -0.154752 -0.164189 0.212382 -0.251442 -0.227310 0.370426 -0.327789 -0.345778 0.435413 0.055524 -0.272835 0.536658 -0.079328 -0.254055 0.552290 -0.176478 -0.243737 0.488662 0.018090 -0.156362 0.554580 -0.141382 -0.136506 0.537290 -0.209670 -0.127276 0.419430 -0.085775 -0.038542 0.459502 -0.215027 -0.010812 0.385234 -0.237384 -0.007063 0.251989 -0.060206 0.049013 0.421386 -0.174863 0.068608 0.452389 -0.235194 0.058481 0.355123 
0.000000 0.000000 0.000000 0.003901 -0.062875 -0.040686 0.104872 -0.285563 0.314238 0.073936 -0.160692 0.323804 0.048692 -0.070202 0.302898 0.025486 0.010946 0.278571 -0.151175 -0.172002 0.208089 -0.248211 -0.240287 0.363756 -0.323033 -0.361776 0.424822 0.049696 -0.283391 0.534173 -0.085995 -0.271754 0.549488 -0.177510 -0.262924 0.477793 0.005029 -0.153345 0.551119 -0.154045 -0.139133 0.526258 -0.208373 -0.134862 0.401080 -0.089632 -0.043512 0.460594 -0.217259 -0.018308 0.382704 -0.238291 -0.013843 0.249265 -0.061983 0.043011 0.426581 -0.179784 0.056901 0.447107 -0.238680 0.046098 0.349038 
0.000000 0.000000 0.000000 0.001111 -0.063118 -0.040482 0.104364 -0.287229 0.312887 0.077240 -0.161488 0.322634 0.054078 -0.070395 0.301938 0.032604 0.011288 0.277814 -0.149780 -0.182624 0.206088 -0.244197 -0.257403 0.360375 -0.316269 -0.382801 0.416660 0.061986 -0.302972 0.535095 -0.074137 -0.294231 0.548370 -0.171150 -0.281826 0.484907 0.020765 -0.188689 0.551862 -0.140559 -0.180207 0.546656 -0.213682 -0.161809 0.432841 -0.083971 -0.053696 0.461241 -0.208540 -0.034765 0.376890 -0.231518 -0.029283 0.243811 -0.062736 0.038848 0.421818 -0.180559 0.048948 0.444332 -0.238575 0.037038 0.345867 
0.000000 0.000000 0.000000 0.003911 -0.062486 -0.041281 0.120889 -0.285513 0.308478 0.087661 -0.161399 0.320005 0.059863 -0.071318 0.300627 0.034190 0.009491 0.277691 -0.138058 -0.189092 0.207037 -0.226894 -0.268314 0.362418 -0.293752 -0.398374 0.414391 0.083908 -0.320794 0.529403 -0.046765 -0.319602 0.570698 -0.154929 -0.305772 0.529437 0.053558 -0.212715 0.549522 -0.104336 -0.210418 0.584002 -0.214487 -0.185320 0.507346 -0.068226 -0.057318 0.468289 -0.194933 -0.040698 0.386681 -0.227152 -0.035235 0.255532 -0.052012 0.034175 0.427844 -0.168526 0.042192 0.457026 -0.227999 0.029883 0.359484 
0.000000 0.000000 0.000000 0.007752 -0.063009 -0.039921 0.105206 -0.278564 0.320350 0.069086 -0.154939 0.327656 0.041039 -0.065695 0.305035 0.015512 0.014266 0.279154 -0.147237 -0.182383 0.204158 -0.244219 -0.257080 0.356886 -0.310340 -0.387018 0.410093 0.053417 -0.319712 0.537248 -0.077545 -0.319023 0.577629 -0.186687 -0.303673 0.539610 0.031287 -0.209750 0.555782 -0.126230 -0.210222 0.592015 -0.244155 -0.187615 0.527039 -0.088960 -0.049807 0.471051 -0.215314 -0.032313 0.389078 -0.249022 -0.026729 0.258308 -0.070777 0.041212 0.428869 -0.187454 0.050689 0.456938 -0.244415 0.037895 0.357969 
0.000000 0.000000 0.000000 0.010075 -0.063588 -0.038457 0.081685 -0.274637 0.330443 0.045862 -0.150750 0.333629 0.019922 -0.061692 0.307967 -0.003336 0.018028 0.279347 -0.159550 -0.178514 0.197902 -0.265690 -0.250427 0.345801 -0.332726 -0.380320 0.397964 0.015192 -0.311933 0.544003 -0.113788 -0.307966 0.590159 -0.224899 -0.290001 0.559751 -0.010606 -0.208145 0.557217 -0.165258 -0.213833 0.603854 -0.291609 -0.195341 0.555556 -0.116021 -0.042353 0.468775 -0.242545 -0.024747 0.387090 -0.277897 -0.020010 0.256722 -0.107608 0.044313 0.417270 -0.220550 0.056117 0.457221 -0.272064 0.043208 0.355324 
0.000000 0.000000 0.000000 0.005635 -0.064429 -0.037961 0.063654 -0.276922 0.332495 0.036340 -0.150866 0.334748 0.016448 -0.060457 0.308416 -0.001410 0.020430 0.279198 -0.164622 -0.183110 0.196077 -0.271158 -0.257373 0.342523 -0.332756 -0.389310 0.396235 -0.020791 -0.316725 0.539147 -0.135524 -0.319733 0.614042 -0.249854 -0.300982 0.601001 -0.041436 -0.207853 0.551953 -0.182380 -0.221699 0.629848 -0.317082 -0.208727 0.611782 -0.124028 -0.038334 0.464912 -0.255741 -0.021656 0.391670 -0.302498 -0.017598 0.264921 -0.136950 0.043256 0.387339 -0.230244 0.058967 0.461774 -0.280200 0.044839 0.359265 
0.000000 0.000000 0.000000 0.001941 -0.065247 -0.036918 0.033112 -0.275712 0.337901 0.015190 -0.147961 0.337660 0.002854 -0.056747 0.309545 -0.008077 0.024779 0.278733 -0.178274 -0.177195 0.192943 -0.291041 -0.247245 0.336776 -0.354977 -0.378569 0.389246 -0.055061 -0.311597 0.543711 -0.163708 -0.314388 0.627198 -0.278732 -0.295417 0.625548 -0.052950 -0.202157 0.558780 -0.188901 -0.214404 0.645337 -0.324813 -0.205878 0.655059 -0.138064 -0.031810 0.465218 -0.267535 -0.015034 0.388104 -0.323672 -0.010251 0.265247 -0.131995 0.050218 0.399495 -0.239177 0.063789 0.452589 -0.288566 0.049161 0.349877 
0.000000 0.000000 0.000000 -0.003253 -0.065052 -0.037169 -0.003458 -0.278340 0.337351 -0.009010 -0.149457 0.337222 -0.011695 -0.057420 0.309213 -0.013836 0.024845 0.278500 -0.194621 -0.178349 0.182805 -0.314366 -0.249243 0.320450 -0.382310 -0.380286 0.368391 -0.070284 -0.325017 0.548953 -0.188150 -0.323482 0.618863 -0.302831 -0.306661 0.631452 -0.082239 -0.221044 0.551668 -0.213054 -0.238954 0.644896 -0.345615 -0.233475 0.677094 -0.157077 -0.034924 0.461107 -0.279134 -0.018295 0.372697 -0.345154 -0.010030 0.255049 -0.155286 0.049619 0.378322 -0.252649 0.066670 0.447031 -0.299728 0.054051 0.342976 
0.000000 0.000000 0.000000 -0.001710 -0.064537 -0.038156 -0.008522 -0.283206 0.333185 -0.015394 -0.154397 0.334757 -0.018366 -0.061995 0.308002 -0.020630 0.020679 0.278420 -0.199362 -0.175483 0.177415 -0.323040 -0.244906 0.312305 -0.391112 -0.376969 0.357165 -0.104320 -0.322238 0.534975 -0.203484 -0.330946 0.629170 -0.316150 -0.318847 0.656615 -0.095706 -0.222110 0.547922 -0.216011 -0.243966 0.653626 -0.343812 -0.243241 0.701645 -0.167406 -0.035999 0.455736 -0.297167 -0.016419 0.379778 -0.374303 -0.005757 0.269305 -0.162616 0.049405 0.376405 -0.260349 0.069176 0.443849 -0.308241 0.058506 0.339947 
0.000000 0.000000 0.000000 -0.005667 -0.063830 -0.038955 -0.021430 -0.286669 0.329624 -0.021052 -0.157709 0.332899 -0.019074 -0.064940 0.307352 -0.016960 0.018115 0.278846 -0.205060 -0.175045 0.174868 -0.329827 -0.244636 0.308663 -0.396157 -0.377838 0.352758 -0.145129 -0.330700 0.514502 -0.219889 -0.357311 0.626238 -0.331555 -0.349700 0.658885 -0.106363 -0.238025 0.539650 -0.219109 -0.270056 0.650946 -0.342791 -0.275651 0.708486 -0.166489 -0.047729 0.457971 -0.296720 -0.031100 0.382115 -0.382329 -0.019800 0.278136 -0.158492 0.031327 0.380730 -0.255911 0.040420 0.450859 -0.308214 0.033388 0.348790 
0.000000 0.000000 0.000000 -0.007816 -0.063268 -0.039496 -0.032763 -0.288380 0.327191 -0.027783 -0.159548 0.331527 -0.022405 -0.066705 0.306749 -0.017227 0.016450 0.278933 -0.205791 -0.178819 0.173343 -0.329671 -0.251123 0.306523 -0.394167 -0.386090 0.347890 -0.147694 -0.345284 0.514201 -0.217156 -0.379675 0.627225 -0.327628 -0.377452 0.664428 -0.105229 -0.251051 0.536718 -0.215857 -0.289289 0.648181 -0.337938 -0.299541 0.708435 -0.164975 -0.058157 0.462679 -0.294711 -0.044496 0.385396 -0.384804 -0.033761 0.285216 -0.155505 0.023560 0.385774 -0.250685 0.028454 0.459314 -0.305928 0.023035 0.358705 
0.000000 0.000000 0.000000 -0.008895 -0.062830 -0.039965 -0.036286 -0.290402 0.325024 -0.029319 -0.161699 0.330350 -0.022585 -0.068758 0.306282 -0.016208 0.014524 0.279101 -0.206520 -0.187463 0.168018 -0.330181 -0.265451 0.298161 -0.391720 -0.403489 0.333448 -0.132196 -0.354978 0.520091 -0.214994 -0.385519 0.624942 -0.322898 -0.388592 0.668992 -0.120635 -0.249952 0.531216 -0.213170 -0.298965 0.654340 -0.332598 -0.314658 0.718605 -0.160028 -0.065017 0.466934 -0.290560 -0.052934 0.390734 -0.383630 -0.042709 0.293259 -0.153357 0.016466 0.387603 -0.247759 0.017804 0.462287 -0.305746 0.013575 0.363177 
0.000000 0.000000 0.000000 -0.008516 -0.062278 -0.040900 -0.033187 -0.295610 0.320630 -0.027199 -0.166953 0.327909 -0.021245 -0.073606 0.305249 -0.015582 0.010129 0.279331 -0.205265 -0.189690 0.166228 -0.328378 -0.269417 0.295836 -0.387778 -0.409481 0.326499 -0.111450 -0.360792 0.523229 -0.211497 -0.383204 0.614170 -0.319092 -0.388039 0.658814 -0.118257 -0.256163 0.528469 -0.214721 -0.304602 0.648773 -0.334097 -0.322071 0.712675 -0.158052 -0.072033 0.466479 -0.285910 -0.058492 0.386107 -0.379689 -0.046594 0.289505 -0.151053 0.015523 0.389806 -0.244301 0.019236 0.465848 -0.304168 0.016514 0.367809 
0.000000 0.000000 0.000000 -0.008387 -0.062066 -0.041248 -0.028691 -0.297943 0.318900 -0.023550 -0.169297 0.326988 -0.018421 -0.075762 0.304905 -0.013542 0.008179 0.279501 -0.204169 -0.186038 0.168863 -0.326677 -0.263612 0.300336 -0.386467 -0.403674 0.330247 -0.107782 -0.364448 0.520746 -0.208198 -0.387739 0.611058 -0.317776 -0.391452 0.650708 -0.126071 -0.269278 0.516639 -0.218088 -0.328168 0.635759 -0.341535 -0.344494 0.691737 -0.151044 -0.070008 0.469501 -0.275411 -0.054905 0.384087 -0.369292 -0.042211 0.287685 -0.146826 0.013724 0.392597 -0.238568 0.017541 0.470444 -0.299578 0.016389 0.373081 
0.000000 0.000000 0.000000 -0.008530 -0.061977 -0.041352 -0.018011 -0.299718 0.318017 -0.014273 -0.171057 0.326608 -0.010781 -0.077367 0.304868 -0.007492 0.006742 0.279767 -0.201271 -0.183578 0.172916 -0.321876 -0.259668 0.306990 -0.381796 -0.399489 0.337754 -0.121314 -0.367847 0.508036 -0.216800 -0.396137 0.602185 -0.332296 -0.387613 0.615639 -0.106472 -0.262422 0.525672 -0.226469 -0.302447 0.626287 -0.360072 -0.305166 0.654254 -0.142634 -0.076223 0.470177 -0.272352 -0.059859 0.393390 -0.360139 -0.045614 0.291613 -0.140656 0.017110 0.392666 -0.232315 0.024246 0.470376 -0.293306 0.023816 0.372995 
0.000000 0.000000 0.000000 -0.008398 -0.062121 -0.041162 -0.010730 -0.299458 0.318591 -0.008255 -0.170753 0.326975 -0.006042 -0.077060 0.305076 -0.003972 0.007045 0.279832 -0.200259 -0.181628 0.175064 -0.320313 -0.256407 0.310365 -0.383186 -0.393977 0.345128 -0.122589 -0.358481 0.506803 -0.224418 -0.379856 0.595999 -0.338942 -0.360434 0.585988 -0.092904 -0.259385 0.530576 -0.223946 -0.291209 0.619682 -0.359368 -0.276736 0.610162 -0.140663 -0.069289 0.467958 -0.273541 -0.048888 0.397830 -0.347754 -0.033485 0.285923 -0.135719 0.012018 0.394741 -0.226404 0.015441 0.473836 -0.285764 0.016300 0.375455 
0.000000 0.000000 0.000000 -0.011842 -0.061835 -0.040744 -0.015995 -0.297901 0.319827 -0.008058 -0.169384 0.327691 -0.002485 -0.075921 0.305411 0.002476 0.007959 0.279824 -0.205059 -0.177661 0.176276 -0.325961 -0.250138 0.312073 -0.395365 -0.383308 0.351259 -0.092144 -0.356481 0.525229 -0.214013 -0.358693 0.587880 -0.324922 -0.332587 0.563169 -0.101090 -0.247380 0.531985 -0.236859 -0.271206 0.616387 -0.367197 -0.246407 0.584197 -0.139133 -0.074835 0.466780 -0.269071 -0.053956 0.391475 -0.332710 -0.036694 0.273491 -0.131686 0.017876 0.391576 -0.224033 0.024702 0.468496 -0.280053 0.025331 0.368174 
0.000000 0.000000 0.000000 -0.006357 -0.062438 -0.041048 -0.003346 -0.298904 0.319273 -0.004730 -0.170163 0.327352 -0.005193 -0.076498 0.305233 -0.005500 0.007573 0.279792 -0.213927 -0.156259 0.173332 -0.343811 -0.214965 0.307477 -0.428667 -0.332330 0.363259 -0.100897 -0.340443 0.519719 -0.223291 -0.334096 0.581049 -0.329773 -0.301542 0.546481 -0.101499 -0.235432 0.534355 -0.246826 -0.241503 0.604838 -0.367622 -0.204379 0.553172 -0.148859 -0.057467 0.459218 -0.269236 -0.026581 0.372348 -0.319130 -0.007678 0.248166 -0.124809 0.029109 0.405838 -0.231371 0.045353 0.459430 -0.284038 0.046858 0.357317 
0.000000 0.000000 0.000000 -0.010207 -0.061889 -0.041103 -0.006997 -0.300188 0.318007 -0.002622 -0.171551 0.326651 0.000299 -0.077834 0.304939 0.002869 0.006308 0.279863 -0.212962 -0.161081 0.175456 -0.339833 -0.223149 0.310964 -0.432720 -0.322875 0.385217 -0.093440 -0.348841 0.521921 -0.223424 -0.332879 0.562311 -0.325226 -0.295468 0.519533 -0.103913 -0.234392 0.532237 -0.252868 -0.233494 0.594976 -0.359559 -0.187440 0.523315 -0.145587 -0.062357 0.457227 -0.264038 -0.028040 0.369009 -0.297940 -0.007544 0.239785 -0.125113 0.029411 0.396795 -0.234064 0.046600 0.445019 -0.282128 0.048113 0.340661 
0.000000 0.000000 0.000000 -0.011117 -0.061262 -0.041800 -0.013577 -0.303364 0.314764 -0.006988 -0.174921 0.324794 -0.002336 -0.081046 0.304093 0.001811 0.003298 0.279923 -0.216668 -0.151544 0.176018 -0.345288 -0.208037 0.312314 -0.442849 -0.291458 0.399546 -0.106333 -0.337854 0.518791 -0.236879 -0.313359 0.552552 -0.333574 -0.273220 0.501250 -0.113018 -0.224883 0.531520 -0.268819 -0.207769 0.570988 -0.359869 -0.159243 0.481577 -0.156515 -0.057879 0.446942 -0.270942 -0.018248 0.355691 -0.289718 0.001606 0.223324 -0.128893 0.036732 0.391210 -0.239092 0.061278 0.432983 -0.282075 0.062253 0.326425 
0.000000 0.000000 0.000000 -0.008839 -0.061345 -0.042221 -0.014378 -0.304636 0.313498 -0.010763 -0.176117 0.324044 -0.007637 -0.082095 0.303724 -0.004732 0.002398 0.279898 -0.221733 -0.139484 0.173225 -0.354949 -0.188377 0.308036 -0.454163 -0.261310 0.402504 -0.123070 -0.316323 0.512167 -0.253131 -0.285656 0.542594 -0.345915 -0.246455 0.483879 -0.130304 -0.198967 0.528157 -0.286866 -0.167989 0.553718 -0.366835 -0.123368 0.452459 -0.170019 -0.049526 0.435196 -0.287711 -0.005026 0.350586 -0.297969 0.013500 0.217096 -0.148109 0.045114 0.370477 -0.246799 0.074517 0.432823 -0.287283 0.074529 0.325287 
0.000000 0.000000 0.000000 -0.006440 -0.061586 -0.042304 -0.007261 -0.305060 0.313331 -0.007951 -0.176495 0.323919 -0.007719 -0.082414 0.303636 -0.007364 0.002138 0.279843 -0.216314 -0.136340 0.177266 -0.347639 -0.183116 0.314659 -0.441571 -0.254853 0.415243 -0.118665 -0.297559 0.510696 -0.247954 -0.263818 0.541157 -0.337560 -0.229427 0.474967 -0.130860 -0.180790 0.527265 -0.287743 -0.144842 0.542100 -0.354368 -0.109255 0.428372 -0.164948 -0.042158 0.439180 -0.280015 0.004303 0.352049 -0.287289 0.018978 0.217886 -0.149353 0.051593 0.369173 -0.247086 0.085633 0.430660 -0.287359 0.082556 0.323088 
0.000000 0.000000 0.000000 -0.005018 -0.061816 -0.042161 0.009028 -0.304817 0.313521 0.004003 -0.176345 0.324073 0.000566 -0.082335 0.303755 -0.002475 0.002154 0.279929 -0.204913 -0.136314 0.186614 -0.329995 -0.182931 0.329766 -0.418784 -0.258707 0.432046 -0.088708 -0.293925 0.517847 -0.219914 -0.260941 0.539736 -0.307075 -0.232724 0.467625 -0.110361 -0.167066 0.532182 -0.266825 -0.126892 0.526754 -0.320967 -0.101543 0.404013 -0.158643 -0.042683 0.437148 -0.274549 -0.000240 0.349084 -0.280800 0.011562 0.214586 -0.129844 0.050876 0.389426 -0.240802 0.083802 0.422525 -0.282200 0.077842 0.315502 
0.000000 0.000000 0.000000 -0.001323 -0.061696 -0.042611 0.032292 -0.305876 0.310946 0.018866 -0.178104 0.322584 0.009006 -0.084379 0.303060 0.000137 -0.000103 0.279948 -0.189882 -0.143358 0.193234 -0.307870 -0.194457 0.340811 -0.391313 -0.275195 0.443794 -0.062847 -0.289855 0.516158 -0.195286 -0.258340 0.531929 -0.278945 -0.235433 0.454023 -0.086684 -0.166004 0.535156 -0.241838 -0.128667 0.509506 -0.281860 -0.111933 0.380055 -0.148747 -0.040403 0.436827 -0.269134 0.003853 0.355960 -0.275999 0.013977 0.221356 -0.125127 0.052345 0.390150 -0.235123 0.087336 0.424325 -0.278261 0.079908 0.318085 
0.000000 0.000000 0.000000 -0.001274 -0.061259 -0.043239 0.050426 -0.308231 0.306172 0.034284 -0.180962 0.319710 0.021467 -0.087311 0.301599 0.009750 -0.003043 0.279762 -0.180816 -0.156365 0.194596 -0.293161 -0.215876 0.343418 -0.372014 -0.300502 0.446896 -0.026806 -0.293481 0.518863 -0.160543 -0.263670 0.521616 -0.240933 -0.244770 0.439316 -0.066998 -0.162382 0.533886 -0.220282 -0.126720 0.497052 -0.247496 -0.117736 0.363567 -0.131484 -0.049709 0.442687 -0.250738 -0.008924 0.358392 -0.259341 0.001593 0.223917 -0.107298 0.038712 0.402817 -0.221297 0.065408 0.430797 -0.266437 0.058260 0.325372 
0.000000 0.000000 0.000000 0.002556 -0.060757 -0.043886 0.066342 -0.308087 0.303268 0.042749 -0.182123 0.318027 0.024626 -0.089183 0.300809 0.008168 -0.005505 0.279775 -0.173548 -0.161661 0.194132 -0.283742 -0.224799 0.343067 -0.359295 -0.308631 0.449608 -0.022432 -0.298315 0.511700 -0.156646 -0.272835 0.522630 -0.235421 -0.254698 0.438614 -0.063993 -0.167128 0.529818 -0.218742 -0.136147 0.494928 -0.244664 -0.127499 0.361164 -0.123712 -0.056213 0.447856 -0.242954 -0.017070 0.362768 -0.254208 -0.005532 0.228573 -0.099518 0.034681 0.411589 -0.215729 0.059596 0.430712 -0.262032 0.052655 0.325778 
0.000000 0.000000 0.000000 0.002153 -0.060583 -0.044147 0.072033 -0.308937 0.301098 0.048156 -0.183125 0.316676 0.029409 -0.090196 0.300077 0.012308 -0.006508 0.279602 -0.170762 -0.162162 0.195912 -0.278962 -0.225723 0.346125 -0.352875 -0.309131 0.454137 -0.011735 -0.302797 0.511728 -0.146221 -0.277585 0.519467 -0.226188 -0.258538 0.436789 -0.055314 -0.171983 0.530321 -0.210117 -0.141555 0.495184 -0.238400 -0.131080 0.362032 -0.120200 -0.057982 0.445999 -0.241160 -0.019570 0.363029 -0.254199 -0.007731 0.229022 -0.102031 0.033057 0.405886 -0.216777 0.058067 0.432327 -0.263488 0.051319 0.327563 
0.000000 0.000000 0.000000 0.000769 -0.060755 -0.043956 0.071057 -0.308938 0.301328 0.049175 -0.182744 0.316739 0.031578 -0.089610 0.300032 0.015448 -0.005753 0.279463 -0.170997 -0.158353 0.198566 -0.278477 -0.219424 0.350321 -0.352100 -0.299394 0.461097 -0.014270 -0.301910 0.511304 -0.147320 -0.274494 0.529414 -0.229943 -0.252652 0.450107 -0.046600 -0.181160 0.534223 -0.201509 -0.148939 0.501218 -0.236282 -0.132183 0.370262 -0.115332 -0.058657 0.448939 -0.236454 -0.021054 0.365835 -0.250683 -0.009350 0.231937 -0.094553 0.033028 0.409778 -0.209464 0.057644 0.435869 -0.256743 0.051122 0.331344 
0.000000 0.000000 0.000000 -0.000528 -0.062246 -0.041821 0.056691 -0.300315 0.312870 0.038634 -0.173033 0.323580 0.024274 -0.080032 0.303401 0.011141 0.003522 0.279704 -0.174422 -0.151554 0.202373 -0.283234 -0.207438 0.355174 -0.359905 -0.283567 0.466587 -0.025106 -0.303841 0.524334 -0.155792 -0.277601 0.556187 -0.247771 -0.249914 0.490108 -0.062988 -0.198829 0.536845 -0.221867 -0.175129 0.554741 -0.287876 -0.140558 0.440342 -0.122805 -0.049348 0.452195 -0.249431 -0.012667 0.377287 -0.263853 -0.002146 0.243311 -0.123123 0.040471 0.385509 -0.215538 0.065903 0.458336 -0.262032 0.058583 0.353512 
0.000000 0.000000 0.000000 0.000088 -0.063712 -0.039557 0.048241 -0.289070 0.324657 0.030587 -0.161410 0.330376 0.017143 -0.069137 0.306549 0.004955 0.013562 0.279576 -0.177769 -0.151006 0.202503 -0.289060 -0.205629 0.353968 -0.370007 -0.282617 0.461706 -0.049470 -0.307933 0.528414 -0.175769 -0.291095 0.578882 -0.275098 -0.259997 0.526349 -0.062470 -0.194009 0.546599 -0.218926 -0.175397 0.582649 -0.317357 -0.139022 0.495314 -0.129257 -0.041373 0.456583 -0.255475 -0.013106 0.377457 -0.273488 -0.006527 0.243665 -0.114467 0.043617 0.403759 -0.223693 0.062032 0.450893 -0.269236 0.052679 0.345815 
0.000000 0.000000 0.000000 -0.004831 -0.064831 -0.037384 0.020904 -0.280662 0.334787 0.013876 -0.151858 0.335982 0.008383 -0.059669 0.308894 0.003376 0.022772 0.279000 -0.189795 -0.144087 0.202101 -0.305534 -0.193681 0.351955 -0.391493 -0.277287 0.450484 -0.060608 -0.299978 0.545506 -0.188702 -0.277274 0.588618 -0.290744 -0.244417 0.542781 -0.069999 -0.187256 0.555496 -0.224230 -0.171373 0.601161 -0.334027 -0.136176 0.528052 -0.134874 -0.026632 0.460880 -0.257092 -0.000201 0.375119 -0.276970 0.003123 0.241471 -0.120924 0.057159 0.397125 -0.230153 0.077936 0.443262 -0.274616 0.066083 0.337973 
0.000000 0.000000 0.000000 -0.003655 -0.065257 -0.036771 0.007702 -0.276722 0.338609 0.001036 -0.147893 0.338029 -0.003169 -0.056018 0.309674 -0.006815 0.026075 0.278648 -0.203992 -0.152198 0.187177 -0.329350 -0.206600 0.327309 -0.421081 -0.300775 0.409792 -0.092145 -0.299716 0.540901 -0.216936 -0.281809 0.594648 -0.323041 -0.247828 0.560296 -0.091649 -0.188784 0.552999 -0.244023 -0.175241 0.605185 -0.364282 -0.139136 0.551580 -0.154818 -0.020749 0.452756 -0.278387 0.004247 0.368515 -0.302124 0.006870 0.235482 -0.139106 0.062020 0.387246 -0.246805 0.084409 0.436143 -0.289560 0.071499 0.330272 
0.000000 0.000000 0.000000 -0.001310 -0.065087 -0.037228 0.001117 -0.278584 0.337164 -0.007725 -0.149886 0.337063 -0.012551 -0.057926 0.309085 -0.016561 0.024279 0.278401 -0.210322 -0.151943 0.178680 -0.341109 -0.206291 0.313782 -0.434699 -0.300955 0.393572 -0.118300 -0.298605 0.528890 -0.230446 -0.289043 0.607082 -0.340300 -0.253712 0.590438 -0.127737 -0.186200 0.538937 -0.261750 -0.186021 0.629297 -0.390162 -0.150688 0.599275 -0.168381 -0.019287 0.446699 -0.300021 0.010791 0.377728 -0.333773 0.016938 0.246995 -0.155536 0.065907 0.376071 -0.251195 0.094559 0.443299 -0.293629 0.081926 0.337266 
0.000000 0.000000 0.000000 -0.002943 -0.064280 -0.038513 -0.007154 -0.285124 0.331577 -0.012573 -0.156260 0.334009 -0.014881 -0.063669 0.307849 -0.016626 0.019204 0.278794 -0.214152 -0.162139 0.170438 -0.346313 -0.223373 0.301186 -0.442868 -0.290271 0.402619 -0.117579 -0.310004 0.528064 -0.233342 -0.296198 0.600109 -0.343673 -0.259744 0.590548 -0.104929 -0.219385 0.543675 -0.247121 -0.219393 0.620525 -0.377020 -0.183215 0.599151 -0.168129 -0.034307 0.450560 -0.296876 -0.003933 0.376448 -0.334931 0.008197 0.247325 -0.156187 0.055277 0.377829 -0.252249 0.080106 0.445996 -0.295035 0.069952 0.339839 
0.000000 0.000000 0.000000 -0.006976 -0.062930 -0.040187 -0.014851 -0.293730 0.323716 -0.013687 -0.164877 0.329796 -0.011834 -0.071580 0.306239 -0.009970 0.012071 0.279510 -0.219298 -0.165358 0.165420 -0.352155 -0.229451 0.294075 -0.452033 -0.272256 0.404886 -0.140232 -0.316511 0.511282 -0.239020 -0.316911 0.606270 -0.350368 -0.282396 0.608146 -0.109154 -0.228521 0.537906 -0.243757 -0.234455 0.627189 -0.376162 -0.201730 0.621077 -0.158161 -0.045299 0.456610 -0.287300 -0.010758 0.385048 -0.332481 0.006944 0.258900 -0.149601 0.046273 0.379108 -0.245712 0.069816 0.447662 -0.292148 0.062363 0.342823 
0.000000 0.000000 0.000000 -0.006762 -0.062319 -0.041165 -0.013845 -0.298796 0.319092 -0.013120 -0.170051 0.327182 -0.011585 -0.076391 0.305084 -0.010006 0.007672 0.279664 -0.220159 -0.175192 0.157752 -0.353688 -0.245820 0.282222 -0.453874 -0.275414 0.396999 -0.117352 -0.335353 0.517510 -0.231005 -0.326208 0.593547 -0.342712 -0.293396 0.599717 -0.101814 -0.238580 0.536733 -0.240323 -0.242292 0.619955 -0.373237 -0.211163 0.617874 -0.153862 -0.049472 0.459182 -0.280871 -0.009703 0.386532 -0.327101 0.012159 0.261420 -0.148588 0.040064 0.381310 -0.243978 0.062361 0.451275 -0.293786 0.058594 0.347795 
0.000000 0.000000 0.000000 -0.009380 -0.061529 -0.041833 -0.015612 -0.302679 0.315328 -0.011079 -0.174128 0.325106 -0.007359 -0.080252 0.304223 -0.003936 0.004078 0.279891 -0.223136 -0.178996 0.154014 -0.356891 -0.252499 0.276563 -0.457088 -0.274567 0.393012 -0.114912 -0.342535 0.515256 -0.229712 -0.333937 0.589614 -0.341835 -0.302963 0.597502 -0.100494 -0.248045 0.532508 -0.239085 -0.255381 0.615353 -0.372430 -0.226106 0.614210 -0.150994 -0.061100 0.458222 -0.281237 -0.017593 0.393919 -0.326559 0.010595 0.269745 -0.136946 0.033633 0.389532 -0.228499 0.053977 0.465000 -0.284014 0.054305 0.364396 
0.000000 0.000000 0.000000 -0.010863 -0.061012 -0.042230 -0.013180 -0.305520 0.312689 -0.006995 -0.177129 0.323595 -0.002593 -0.083103 0.303535 0.001339 0.001415 0.279942 -0.220423 -0.182348 0.155782 -0.351552 -0.258272 0.279684 -0.451385 -0.283850 0.395727 -0.127273 -0.356595 0.501882 -0.232016 -0.364264 0.589928 -0.344119 -0.337064 0.606845 -0.108340 -0.258031 0.522739 -0.231049 -0.284276 0.624613 -0.365169 -0.260926 0.634917 -0.145951 -0.078676 0.458914 -0.281550 -0.038906 0.403940 -0.331450 -0.006455 0.282594 -0.131419 0.016402 0.392800 -0.222800 0.026719 0.470482 -0.282401 0.030438 0.372314 
0.000000 0.000000 0.000000 -0.010360 -0.060652 -0.042871 -0.007893 -0.309204 0.309227 -0.003177 -0.180881 0.321573 0.000000 -0.086586 0.302571 0.002803 -0.001764 0.279929 -0.219728 -0.174430 0.159777 -0.350737 -0.245624 0.286580 -0.445219 -0.255858 0.409280 -0.108281 -0.363060 0.505293 -0.212477 -0.368571 0.594146 -0.323859 -0.342742 0.616950 -0.092955 -0.260448 0.526716 -0.220345 -0.280021 0.624252 -0.354285 -0.258675 0.639858 -0.133828 -0.078358 0.466082 -0.269462 -0.032299 0.416354 -0.323017 0.003265 0.297463 -0.123425 0.017098 0.399499 -0.210311 0.030081 0.481801 -0.273169 0.036191 0.385808 
0.000000 0.000000 0.000000 -0.010411 -0.059927 -0.043867 -0.006880 -0.314406 0.303961 -0.002246 -0.186306 0.318469 0.000804 -0.091700 0.301059 0.003478 -0.006504 0.279851 -0.218784 -0.175621 0.158721 -0.349171 -0.248015 0.285486 -0.439078 -0.245971 0.411975 -0.102835 -0.362012 0.503827 -0.206137 -0.364188 0.593861 -0.317145 -0.338112 0.618158 -0.088095 -0.261305 0.526986 -0.218743 -0.275118 0.621140 -0.352541 -0.253000 0.636893 -0.128845 -0.085038 0.467974 -0.263884 -0.035500 0.420003 -0.317273 0.003108 0.301990 -0.118603 0.011018 0.403850 -0.202633 0.023079 0.489200 -0.266155 0.031558 0.393826 
0.000000 0.000000 0.000000 -0.009252 -0.059879 -0.044191 -0.002578 -0.315959 0.302413 -0.000154 -0.187872 0.317555 0.001356 -0.093144 0.300614 0.002662 -0.007812 0.279827 -0.218423 -0.172218 0.159461 -0.349308 -0.242512 0.286892 -0.438120 -0.238579 0.414108 -0.111490 -0.363340 0.495580 -0.203534 -0.376025 0.596322 -0.314056 -0.349821 0.622616 -0.084985 -0.262431 0.526647 -0.209086 -0.278910 0.628881 -0.342209 -0.255421 0.648007 -0.124634 -0.087476 0.470343 -0.260366 -0.037566 0.424771 -0.315365 0.001572 0.307676 -0.117574 0.006916 0.405972 -0.200335 0.017055 0.492800 -0.264861 0.026250 0.398169 
0.000000 0.000000 0.000000 -0.011720 -0.059442 -0.044195 -0.005254 -0.316901 0.301391 0.000920 -0.188983 0.316894 0.004660 -0.094267 0.300230 0.007867 -0.008925 0.279695 -0.218035 -0.173076 0.161638 -0.347134 -0.244181 0.290436 -0.433470 -0.234488 0.419040 -0.112618 -0.362063 0.495950 -0.202729 -0.374610 0.598443 -0.313140 -0.349006 0.625773 -0.100058 -0.262850 0.518938 -0.212076 -0.290484 0.632132 -0.345054 -0.267794 0.653142 -0.119360 -0.085493 0.471273 -0.254470 -0.036011 0.423446 -0.312228 0.001485 0.307144 -0.112455 0.004713 0.405882 -0.195274 0.014101 0.492738 -0.260529 0.022845 0.398566 
0.000000 0.000000 0.000000 -0.010314 -0.059643 -0.044275 -0.002485 -0.316882 0.301446 0.001366 -0.188874 0.316957 0.003633 -0.094112 0.300293 0.005561 -0.008732 0.279757 -0.216535 -0.176112 0.160063 -0.345575 -0.248991 0.287925 -0.431079 -0.236277 0.416821 -0.109633 -0.362283 0.496070 -0.200284 -0.374624 0.598109 -0.310709 -0.349416 0.625751 -0.092787 -0.262751 0.522267 -0.209041 -0.286224 0.632078 -0.342007 -0.264056 0.653711 -0.117571 -0.086314 0.473390 -0.251478 -0.038921 0.420348 -0.310446 -0.003300 0.304063 -0.112797 0.006487 0.407608 -0.194265 0.016962 0.495611 -0.259615 0.024041 0.401364 
0.000000 0.000000 0.000000 -0.009634 -0.059829 -0.044176 -0.000723 -0.316227 0.302143 0.001943 -0.188156 0.317381 0.003429 -0.093414 0.300513 0.004673 -0.008066 0.279793 -0.217908 -0.180073 0.155847 -0.348233 -0.255313 0.281009 -0.440726 -0.256854 0.405626 -0.111695 -0.361114 0.494732 -0.201720 -0.374877 0.597143 -0.312145 -0.351015 0.625952 -0.085565 -0.268030 0.523383 -0.206850 -0.289816 0.627978 -0.339727 -0.268797 0.651239 -0.117399 -0.087916 0.473960 -0.253694 -0.045486 0.422830 -0.315081 -0.012745 0.306953 -0.114327 0.011560 0.406442 -0.196238 0.025070 0.493617 -0.262552 0.030021 0.399909 
0.000000 0.000000 0.000000 -0.012890 -0.059520 -0.043762 -0.008532 -0.314937 0.303368 -0.000277 -0.187039 0.318046 0.004849 -0.092497 0.300777 0.009273 -0.007342 0.279698 -0.219074 -0.183994 0.155839 -0.348090 -0.261883 0.280736 -0.442308 -0.265598 0.404009 -0.090760 -0.368947 0.507676 -0.197854 -0.368405 0.593190 -0.308130 -0.344936 0.622882 -0.078266 -0.274238 0.524900 -0.204542 -0.294039 0.623828 -0.337353 -0.273898 0.648223 -0.118474 -0.088105 0.472492 -0.254688 -0.048549 0.418901 -0.317438 -0.017360 0.303326 -0.112500 0.008918 0.404170 -0.196320 0.020110 0.489846 -0.262900 0.024805 0.396315 
0.000000 0.000000 0.000000 -0.010332 -0.060150 -0.043579 -0.005624 -0.313039 0.305393 -0.001283 -0.184865 0.319313 0.001506 -0.090331 0.301470 0.003935 -0.005226 0.279872 -0.217961 -0.179880 0.157421 -0.347882 -0.254800 0.283193 -0.441186 -0.252107 0.407185 -0.096045 -0.364429 0.506896 -0.197627 -0.368535 0.598800 -0.307970 -0.344859 0.628074 -0.079183 -0.269606 0.527219 -0.202244 -0.290848 0.629832 -0.335135 -0.270285 0.653419 -0.117546 -0.087144 0.476200 -0.254451 -0.048185 0.423950 -0.317175 -0.017539 0.308215 -0.116540 0.010440 0.405675 -0.199466 0.021224 0.492268 -0.265453 0.025038 0.398277 
0.000000 0.000000 0.000000 -0.009079 -0.060534 -0.043325 -0.004589 -0.311318 0.307166 -0.002103 -0.183018 0.320371 -0.000392 -0.088560 0.301999 0.001124 -0.003556 0.279924 -0.217770 -0.175673 0.159251 -0.348356 -0.247720 0.286010 -0.442558 -0.247823 0.409350 -0.104924 -0.347176 0.507334 -0.198475 -0.351479 0.607392 -0.309395 -0.324724 0.631356 -0.101189 -0.251914 0.525089 -0.212111 -0.277229 0.639894 -0.345218 -0.254110 0.659576 -0.119882 -0.078970 0.476193 -0.258146 -0.038508 0.428899 -0.320222 -0.009112 0.312492 -0.117398 0.016286 0.406986 -0.198980 0.029943 0.494447 -0.264806 0.032779 0.400309 
0.000000 0.000000 0.000000 -0.010388 -0.060603 -0.042933 -0.006292 -0.309707 0.308759 -0.001776 -0.181396 0.321294 0.001162 -0.087065 0.302431 0.003730 -0.002202 0.279915 -0.220405 -0.171854 0.160445 -0.351820 -0.241466 0.287705 -0.451081 -0.268527 0.403902 -0.115227 -0.350800 0.503348 -0.211236 -0.356431 0.600982 -0.320945 -0.316979 0.601729 -0.101447 -0.257379 0.523201 -0.215317 -0.283747 0.634838 -0.346530 -0.246346 0.629972 -0.118461 -0.072850 0.476218 -0.253667 -0.029327 0.423154 -0.310316 -0.000413 0.303894 -0.115471 0.016989 0.406442 -0.197519 0.030199 0.493533 -0.263340 0.032811 0.399385 
0.000000 0.000000 0.000000 -0.011851 -0.060737 -0.042362 -0.009440 -0.307107 0.311266 -0.002465 -0.178806 0.322738 0.002050 -0.084696 0.303098 0.005991 -0.000074 0.279884 -0.223827 -0.170291 0.159902 -0.356467 -0.238844 0.286465 -0.454473 -0.283514 0.398207 -0.094804 -0.358090 0.515064 -0.212623 -0.341068 0.582969 -0.317246 -0.293364 0.563694 -0.097175 -0.252787 0.527753 -0.225725 -0.262370 0.625260 -0.346582 -0.208455 0.591704 -0.124757 -0.074432 0.472002 -0.259769 -0.030321 0.418929 -0.301628 -0.001157 0.293768 -0.115875 0.025171 0.402757 -0.199757 0.042547 0.487333 -0.262169 0.045143 0.390890 
0.000000 0.000000 0.000000 -0.012376 -0.060384 -0.042714 -0.014411 -0.308503 0.309691 -0.005983 -0.180351 0.321831 -0.000279 -0.086205 0.302680 0.004756 -0.001522 0.279904 -0.221455 -0.169802 0.162614 -0.352284 -0.238269 0.291096 -0.445776 -0.299642 0.398704 -0.106007 -0.362090 0.510088 -0.229360 -0.339572 0.565396 -0.329010 -0.287818 0.534018 -0.091491 -0.253377 0.531187 -0.236105 -0.239357 0.602004 -0.343722 -0.176354 0.546430 -0.138751 -0.074014 0.462024 -0.269334 -0.026426 0.401410 -0.293776 0.002737 0.271717 -0.119797 0.027408 0.399218 -0.205529 0.047321 0.481344 -0.262740 0.048749 0.381705 
0.000000 0.000000 0.000000 -0.013674 -0.059896 -0.043004 -0.024063 -0.309123 0.308471 -0.012428 -0.181272 0.321128 -0.004208 -0.087237 0.302355 0.003122 -0.002631 0.279919 -0.230641 -0.156425 0.160597 -0.366405 -0.216827 0.287998 -0.461238 -0.299195 0.379152 -0.116279 -0.338230 0.513578 -0.239725 -0.303855 0.562173 -0.334618 -0.251399 0.519313 -0.110598 -0.238571 0.529824 -0.261393 -0.206034 0.578062 -0.357053 -0.140105 0.506355 -0.150171 -0.068245 0.454169 -0.276897 -0.013898 0.391101 -0.287779 0.015267 0.259575 -0.125398 0.034630 0.392527 -0.213861 0.060278 0.470037 -0.265701 0.058587 0.367505 
0.000000 0.000000 0.000000 -0.018492 -0.059343 -0.041957 -0.036319 -0.303721 0.312609 -0.016257 -0.176753 0.323468 -0.002510 -0.083637 0.303389 0.009659 0.000088 0.279782 -0.235697 -0.152371 0.163016 -0.371610 -0.210582 0.291274 -0.467237 -0.306899 0.366542 -0.120769 -0.314382 0.522787 -0.246822 -0.267055 0.548340 -0.338070 -0.217168 0.495632 -0.117557 -0.199691 0.537212 -0.268141 -0.145385 0.559566 -0.352361 -0.084724 0.470872 -0.155389 -0.053992 0.446438 -0.276836 0.003190 0.375929 -0.279352 0.028356 0.243157 -0.128466 0.051932 0.373696 -0.223541 0.087616 0.438339 -0.272726 0.079071 0.334845 
0.000000 0.000000 0.000000 -0.014904 -0.061075 -0.040886 -0.024594 -0.298628 0.318601 -0.011200 -0.170597 0.326969 -0.001993 -0.077334 0.305060 0.006163 0.006398 0.279807 -0.228776 -0.149924 0.169378 -0.362603 -0.205520 0.300948 -0.456182 -0.309321 0.368439 -0.106941 -0.282465 0.529262 -0.230306 -0.231622 0.560537 -0.320399 -0.186834 0.501627 -0.107414 -0.176342 0.544188 -0.257566 -0.118419 0.559145 -0.333480 -0.066723 0.458130 -0.152305 -0.037001 0.448215 -0.267265 0.022355 0.369148 -0.268269 0.042964 0.235572 -0.110931 0.074411 0.390485 -0.217968 0.117005 0.425414 -0.267633 0.101689 0.322934 
0.000000 0.000000 0.000000 -0.014271 -0.061831 -0.039964 -0.014302 -0.295268 0.322340 -0.003305 -0.166911 0.329040 0.003766 -0.073751 0.305929 0.009926 0.009820 0.279600 -0.221828 -0.149570 0.176988 -0.351704 -0.204472 0.312743 -0.442500 -0.313318 0.375952 -0.088775 -0.272668 0.535326 -0.214005 -0.221260 0.556698 -0.302053 -0.181910 0.491184 -0.095702 -0.144182 0.546803 -0.243260 -0.078504 0.540665 -0.308760 -0.040155 0.427182 -0.146995 -0.024750 0.445871 -0.263503 0.036071 0.370256 -0.264861 0.053411 0.236220 -0.107490 0.084650 0.385430 -0.212568 0.131285 0.421138 -0.263015 0.112767 0.319574 
0.000000 0.000000 0.000000 -0.007009 -0.063023 -0.040035 0.015206 -0.295068 0.322481 0.011960 -0.166280 0.329158 0.008964 -0.072907 0.306024 0.006148 0.010836 0.279671 -0.208947 -0.157455 0.179396 -0.335306 -0.216545 0.316702 -0.422380 -0.330992 0.375069 -0.063952 -0.268992 0.533370 -0.190460 -0.222229 0.557677 -0.275633 -0.189299 0.485190 -0.070883 -0.143112 0.550686 -0.219739 -0.083824 0.529439 -0.274811 -0.057082 0.407409 -0.141213 -0.029977 0.448563 -0.263388 0.026919 0.379087 -0.265204 0.043534 0.244965 -0.095232 0.079691 0.404440 -0.207407 0.117384 0.426514 -0.259575 0.098133 0.325960 
0.000000 0.000000 0.000000 -0.007482 -0.062689 -0.040472 0.031365 -0.298261 0.318350 0.026387 -0.169620 0.326604 0.021124 -0.076061 0.304655 0.016074 0.007907 0.279375 -0.200543 -0.168238 0.181863 -0.321349 -0.234284 0.320986 -0.404247 -0.353001 0.376851 -0.032493 -0.280663 0.535220 -0.161913 -0.238324 0.550708 -0.244274 -0.210005 0.473198 -0.051108 -0.147015 0.550117 -0.201210 -0.095696 0.519132 -0.249300 -0.077362 0.392678 -0.124645 -0.038218 0.453090 -0.245556 0.018264 0.381111 -0.252715 0.038228 0.247627 -0.097494 0.068148 0.397949 -0.206307 0.102769 0.436057 -0.259839 0.083524 0.336222 
0.000000 0.000000 0.000000 -0.001634 -0.062575 -0.041299 0.054401 -0.298490 0.315015 0.038165 -0.170888 0.324774 0.024968 -0.077865 0.303908 0.012848 0.005665 0.279596 -0.192085 -0.173102 0.180868 -0.311257 -0.242262 0.319886 -0.390452 -0.364986 0.372364 -0.014125 -0.283327 0.530640 -0.144667 -0.244985 0.547087 -0.225498 -0.219083 0.467159 -0.050629 -0.148916 0.544108 -0.203027 -0.103330 0.515447 -0.248765 -0.087335 0.387809 -0.120510 -0.044547 0.453706 -0.243581 0.008621 0.382871 -0.253981 0.029198 0.249693 -0.095055 0.064980 0.403794 -0.206396 0.097280 0.436215 -0.259908 0.077957 0.336384 
0.000000 0.000000 0.000000 -0.000547 -0.062568 -0.041338 0.066911 -0.297130 0.313890 0.047397 -0.170015 0.324015 0.031411 -0.077367 0.303437 0.016704 0.005824 0.279389 -0.183967 -0.180314 0.183027 -0.298740 -0.253991 0.323419 -0.374018 -0.380551 0.372434 -0.003624 -0.287450 0.529184 -0.133534 -0.251926 0.554553 -0.218238 -0.224389 0.479319 -0.028509 -0.164519 0.549143 -0.183199 -0.123062 0.527301 -0.237298 -0.101273 0.403860 -0.113627 -0.048483 0.454577 -0.239787 0.000692 0.386341 -0.252196 0.020749 0.253255 -0.091253 0.061265 0.405317 -0.200634 0.091459 0.445508 -0.253356 0.070551 0.345576 
0.000000 0.000000 0.000000 0.003378 -0.062723 -0.040967 0.077691 -0.291559 0.316619 0.051357 -0.165601 0.325693 0.030826 -0.074032 0.304327 0.012125 0.008141 0.279567 -0.173047 -0.182786 0.187737 -0.283442 -0.257914 0.330845 -0.355526 -0.384763 0.383759 0.004767 -0.294102 0.531318 -0.126176 -0.262426 0.556468 -0.217819 -0.231920 0.491168 -0.024075 -0.169239 0.551018 -0.179695 -0.126216 0.543547 -0.250021 -0.095067 0.430750 -0.112039 -0.051379 0.458568 -0.235449 -0.006943 0.382501 -0.247846 0.012436 0.249314 -0.089534 0.058868 0.412528 -0.205566 0.080784 0.435928 -0.257052 0.059430 0.335448 
0.000000 0.000000 0.000000 0.001565 -0.063417 -0.039997 0.068541 -0.288852 0.321180 0.045958 -0.162042 0.328280 0.028192 -0.070242 0.305479 0.011980 0.012063 0.279432 -0.178096 -0.185705 0.184977 -0.290517 -0.262225 0.325752 -0.362166 -0.389345 0.378606 -0.009065 -0.307233 0.533452 -0.137256 -0.282705 0.575256 -0.236822 -0.248926 0.524869 -0.019226 -0.193611 0.554618 -0.176131 -0.162124 0.577294 -0.270555 -0.121841 0.487290 -0.117245 -0.048605 0.457445 -0.245662 -0.007112 0.388319 -0.257622 0.010738 0.254878 -0.098486 0.055723 0.407796 -0.210577 0.076865 0.446265 -0.259699 0.056190 0.344468 
0.000000 0.000000 0.000000 0.004429 -0.063755 -0.039237 0.068710 -0.283363 0.325998 0.042271 -0.157204 0.331115 0.022427 -0.066207 0.306855 0.004496 0.015310 0.279493 -0.175226 -0.185252 0.186170 -0.287642 -0.261278 0.327216 -0.356831 -0.389967 0.379549 -0.023582 -0.301712 0.532312 -0.143816 -0.283942 0.595638 -0.247445 -0.249305 0.554964 -0.034295 -0.186385 0.554186 -0.186555 -0.162567 0.602911 -0.294242 -0.123215 0.528789 -0.121537 -0.044825 0.460252 -0.251614 -0.007854 0.391665 -0.266262 0.007028 0.258129 -0.107402 0.059672 0.406368 -0.215006 0.083436 0.454824 -0.263126 0.062249 0.352654 
0.000000 0.000000 0.000000 0.004803 -0.064472 -0.038003 0.059650 -0.277993 0.332344 0.034028 -0.151583 0.334667 0.015373 -0.060897 0.308385 -0.001374 0.020244 0.279212 -0.181416 -0.184706 0.182706 -0.297940 -0.259940 0.320811 -0.366043 -0.389432 0.372588 -0.035290 -0.299216 0.537176 -0.156766 -0.281333 0.598051 -0.262839 -0.246339 0.564627 -0.044564 -0.187372 0.556065 -0.195082 -0.171699 0.612840 -0.311117 -0.135344 0.550764 -0.127773 -0.031716 0.461262 -0.256554 0.005638 0.390474 -0.275422 0.017663 0.257179 -0.113310 0.064606 0.406052 -0.221618 0.088104 0.453046 -0.268945 0.066808 0.350529 
0.000000 0.000000 0.000000 0.002347 -0.065450 -0.036533 0.034444 -0.273529 0.339538 0.015783 -0.145888 0.338533 0.002941 -0.054912 0.309874 -0.008438 0.026366 0.278576 -0.190951 -0.184123 0.178870 -0.311905 -0.258381 0.313656 -0.380888 -0.388094 0.363681 -0.060496 -0.295075 0.544336 -0.181297 -0.276759 0.606416 -0.288040 -0.240959 0.576129 -0.062063 -0.177932 0.560767 -0.213641 -0.160630 0.614145 -0.334178 -0.126546 0.559847 -0.139707 -0.029297 0.463852 -0.271004 0.004918 0.396167 -0.291919 0.016577 0.263145 -0.145020 0.062354 0.381709 -0.239032 0.087126 0.452698 -0.283019 0.066832 0.348503 
0.000000 0.000000 0.000000 0.001958 -0.065703 -0.036099 0.011122 -0.272457 0.341956 -0.003579 -0.144318 0.339554 -0.012369 -0.053166 0.309946 -0.019878 0.028236 0.277811 -0.205019 -0.177227 0.170225 -0.334532 -0.247011 0.299329 -0.404968 -0.377598 0.344854 -0.096831 -0.293518 0.540255 -0.216264 -0.276643 0.605317 -0.323716 -0.239496 0.579487 -0.098194 -0.178857 0.554797 -0.246920 -0.165525 0.616664 -0.371159 -0.130813 0.571954 -0.162869 -0.023741 0.455540 -0.292479 0.010381 0.384632 -0.314967 0.021691 0.251838 -0.160158 0.059713 0.377395 -0.256716 0.081379 0.445940 -0.297690 0.063328 0.340118 
0.000000 0.000000 0.000000 -0.001612 -0.065411 -0.036642 -0.011281 -0.275291 0.339673 -0.017874 -0.146466 0.338179 -0.020468 -0.054712 0.309247 -0.022357 0.027250 0.277721 -0.214654 -0.178703 0.162417 -0.347961 -0.249594 0.286975 -0.419124 -0.380702 0.329792 -0.123002 -0.299946 0.535456 -0.243565 -0.283286 0.598457 -0.351567 -0.245408 0.576230 -0.121954 -0.201281 0.544667 -0.270890 -0.196677 0.607288 -0.396950 -0.160386 0.569456 -0.172809 -0.028935 0.453613 -0.298792 0.002558 0.375337 -0.322923 0.014637 0.242899 -0.168067 0.059492 0.368909 -0.268362 0.081685 0.431675 -0.306538 0.064726 0.324633 
0.000000 0.000000 0.000000 0.002293 -0.065180 -0.037016 -0.019570 -0.277802 0.337244 -0.030148 -0.149240 0.336089 -0.034189 -0.057418 0.307539 -0.037086 0.024656 0.276383 -0.224464 -0.174488 0.148670 -0.366354 -0.242886 0.264861 -0.439457 -0.373862 0.304709 -0.178491 -0.286263 0.498776 -0.274538 -0.291376 0.596402 -0.381899 -0.251617 0.574359 -0.147536 -0.192366 0.538164 -0.291796 -0.187372 0.610888 -0.418306 -0.150232 0.575457 -0.194077 -0.030071 0.443192 -0.323047 0.003324 0.370787 -0.346413 0.016814 0.238348 -0.184454 0.059959 0.363691 -0.285891 0.084259 0.423786 -0.322231 0.069736 0.315751 
0.000000 0.000000 0.000000 0.001532 -0.064896 -0.037551 -0.038992 -0.279994 0.333726 -0.045635 -0.151164 0.333473 -0.045961 -0.059017 0.305697 -0.045354 0.023375 0.275259 -0.236393 -0.168402 0.137161 -0.385271 -0.233170 0.246484 -0.459853 -0.364282 0.283007 -0.182728 -0.297024 0.508283 -0.298992 -0.286318 0.580047 -0.405371 -0.244970 0.556236 -0.163496 -0.193806 0.535376 -0.314912 -0.181041 0.590464 -0.440896 -0.143188 0.553932 -0.212330 -0.027561 0.432368 -0.335635 0.007893 0.351561 -0.356564 0.022183 0.218799 -0.193967 0.061445 0.359231 -0.296260 0.087649 0.417031 -0.330561 0.075166 0.308078 
0.000000 0.000000 0.000000 -0.002002 -0.064709 -0.037850 -0.051847 -0.279187 0.332651 -0.051821 -0.150186 0.333010 -0.047512 -0.058014 0.305652 -0.042789 0.024380 0.275583 -0.238558 -0.175370 0.134317 -0.386580 -0.244614 0.242048 -0.460956 -0.376407 0.276481 -0.200651 -0.299240 0.502578 -0.315021 -0.293125 0.577840 -0.421096 -0.251023 0.553991 -0.184174 -0.189358 0.526460 -0.332284 -0.181662 0.590714 -0.458416 -0.144239 0.554250 -0.215297 -0.033100 0.431911 -0.340899 -0.001177 0.353198 -0.362085 0.013358 0.220503 -0.194302 0.054135 0.357710 -0.298591 0.074616 0.414240 -0.332455 0.063276 0.305025 
0.000000 0.000000 0.000000 -0.001482 -0.064681 -0.037921 -0.057923 -0.279305 0.331548 -0.057672 -0.150305 0.331994 -0.052739 -0.058123 0.304773 -0.047365 0.024281 0.274842 -0.242834 -0.176512 0.126668 -0.393856 -0.246488 0.229657 -0.467380 -0.379454 0.261299 -0.199561 -0.298143 0.507628 -0.321282 -0.282434 0.568614 -0.427627 -0.241304 0.544279 -0.191742 -0.194824 0.523089 -0.340578 -0.189512 0.585892 -0.467184 -0.152504 0.550668 -0.219111 -0.032466 0.432742 -0.340747 -0.001067 0.347832 -0.362698 0.012908 0.215201 -0.200158 0.057661 0.353112 -0.305329 0.080637 0.406987 -0.338255 0.069148 0.297502 
0.000000 0.000000 0.000000 -0.005776 -0.063832 -0.038936 -0.078318 -0.279746 0.326954 -0.069196 -0.151091 0.329425 -0.057827 -0.059058 0.303668 -0.046678 0.023234 0.275050 -0.250981 -0.178205 0.118033 -0.404415 -0.249771 0.216254 -0.477281 -0.384172 0.242972 -0.221335 -0.299797 0.501780 -0.344972 -0.283472 0.558608 -0.451576 -0.243148 0.534059 -0.224281 -0.183696 0.506512 -0.368972 -0.181914 0.578527 -0.496419 -0.146685 0.544537 -0.230250 -0.030675 0.422741 -0.355752 0.001043 0.343786 -0.377049 0.014397 0.210985 -0.203031 0.050317 0.348579 -0.310652 0.068959 0.399190 -0.341242 0.058321 0.288944 
0.000000 0.000000 0.000000 -0.005024 -0.064003 -0.038759 -0.089108 -0.277600 0.326019 -0.079345 -0.148985 0.328093 -0.066740 -0.057151 0.302201 -0.054328 0.024928 0.273493 -0.254866 -0.178916 0.110304 -0.411202 -0.250821 0.203579 -0.481908 -0.387062 0.226509 -0.230776 -0.295106 0.502211 -0.358449 -0.273694 0.547191 -0.466138 -0.235605 0.523834 -0.234806 -0.181932 0.504787 -0.383805 -0.177703 0.567285 -0.513195 -0.145875 0.537543 -0.243527 -0.026636 0.414134 -0.365194 0.002082 0.328323 -0.388651 0.013121 0.195674 -0.212530 0.052104 0.342917 -0.321424 0.070809 0.390703 -0.349934 0.059423 0.279975 
0.000000 0.000000 0.000000 -0.005409 -0.063886 -0.038900 -0.099642 -0.276246 0.324114 -0.087743 -0.147816 0.326480 -0.073122 -0.056193 0.300901 -0.058807 0.025681 0.272495 -0.259897 -0.179258 0.101709 -0.419140 -0.251451 0.189692 -0.488135 -0.389121 0.209017 -0.267983 -0.283361 0.475873 -0.383427 -0.277746 0.549516 -0.491196 -0.240440 0.525281 -0.246641 -0.172281 0.501486 -0.395842 -0.165911 0.563317 -0.526878 -0.137430 0.537669 -0.251909 -0.024266 0.409205 -0.375480 0.003360 0.325791 -0.399729 0.012865 0.193165 -0.218923 0.056375 0.335797 -0.329133 0.077503 0.379369 -0.355485 0.064940 0.268234 
0.000000 0.000000 0.000000 -0.004530 -0.064203 -0.038489 -0.108575 -0.273311 0.323733 -0.096478 -0.144888 0.325326 -0.081011 -0.053512 0.299366 -0.065797 0.028093 0.270652 -0.260909 -0.183267 0.095449 -0.421335 -0.257770 0.179259 -0.489310 -0.396343 0.195500 -0.273397 -0.278536 0.479381 -0.395534 -0.265713 0.540211 -0.504294 -0.230629 0.517114 -0.265394 -0.161730 0.491633 -0.414470 -0.155220 0.553750 -0.547376 -0.130587 0.534551 -0.262269 -0.025605 0.404629 -0.378237 -0.002641 0.309682 -0.405173 0.006159 0.177526 -0.226702 0.056601 0.332969 -0.337455 0.076224 0.375862 -0.361327 0.062778 0.264271 
0.000000 0.000000 0.000000 -0.003868 -0.064426 -0.038186 -0.114206 -0.271414 0.323391 -0.102126 -0.142984 0.324443 -0.086201 -0.051761 0.298222 -0.070483 0.029675 0.269300 -0.264283 -0.182126 0.089002 -0.427234 -0.255775 0.168588 -0.493294 -0.395490 0.182827 -0.294143 -0.263015 0.461131 -0.408590 -0.254231 0.536009 -0.518719 -0.221119 0.516817 -0.258739 -0.162458 0.502115 -0.412177 -0.152313 0.551898 -0.546661 -0.130880 0.542195 -0.272294 -0.017717 0.392688 -0.393365 0.006851 0.304772 -0.424527 0.014934 0.173503 -0.233991 0.057126 0.324957 -0.346537 0.076021 0.363267 -0.368558 0.061642 0.251413 