64
0.000000 0.000000 0.000000 -0.030447 -0.066112 -0.018056 -0.038138 -0.209167 0.382211 0.007571 -0.060774 0.363850 0.035006 0.038157 0.310427 0.053455 0.109953 0.251841 -0.310474 -0.049368 0.120330 -0.425817 0.064548 0.230014 -0.362484 0.201105 0.267802 -0.089332 -0.114704 0.581901 -0.185939 -0.019860 0.603204 -0.267867 0.043877 0.550113 -0.046941 0.017466 0.581522 -0.173101 0.110140 0.541276 -0.259672 0.163411 0.450134 -0.104493 0.188036 0.363248 -0.174087 0.207679 0.229975 -0.237253 0.226534 0.111981 -0.083553 0.216746 0.272101 -0.155663 0.245010 0.179946 -0.207577 0.255681 0.077994 
0.000000 0.000000 0.000000 -0.032000 -0.065234 -0.018558 -0.041410 -0.211885 0.380369 0.007568 -0.064392 0.363227 0.037028 0.034400 0.310631 0.056872 0.106317 0.252653 -0.312098 -0.058413 0.120528 -0.421744 0.057023 0.234385 -0.356961 0.192286 0.274309 -0.088588 -0.130892 0.586850 -0.186116 -0.037376 0.609765 -0.268473 0.029102 0.560864 -0.046145 -0.002802 0.586377 -0.174653 0.092171 0.562079 -0.264568 0.152407 0.478855 -0.112315 0.171116 0.371614 -0.181265 0.193311 0.238407 -0.244313 0.214664 0.120776 -0.081506 0.209258 0.281653 -0.154448 0.238586 0.190490 -0.206718 0.251115 0.088933 
0.000000 0.000000 0.000000 -0.031358 -0.065345 -0.019250 -0.043926 -0.214274 0.378745 0.004220 -0.066360 0.362927 0.033551 0.032921 0.311186 0.053506 0.105292 0.253814 -0.302835 -0.016065 0.128120 -0.424718 0.089853 0.238742 -0.358505 0.223923 0.280313 -0.102843 -0.131208 0.581350 -0.200126 -0.039736 0.612186 -0.284656 0.029630 0.571736 -0.035519 0.003081 0.586698 -0.161327 0.103602 0.572828 -0.259014 0.172546 0.506924 -0.108815 0.175499 0.375351 -0.179314 0.201604 0.243672 -0.241998 0.224702 0.126177 -0.080505 0.213626 0.283665 -0.154426 0.247226 0.194793 -0.206414 0.261170 0.093275 
0.000000 0.000000 0.000000 -0.032024 -0.065328 -0.018182 -0.045601 -0.207813 0.382132 0.003984 -0.060650 0.363927 0.034233 0.037505 0.310592 0.054836 0.108759 0.252063 -0.302675 -0.017903 0.131301 -0.429769 0.080314 0.243157 -0.361993 0.213433 0.285260 -0.107822 -0.121388 0.582330 -0.205069 -0.030800 0.615780 -0.292171 0.040876 0.586305 -0.040994 0.015416 0.584529 -0.168345 0.113662 0.568584 -0.273602 0.189497 0.526047 -0.112509 0.176433 0.372876 -0.182576 0.201404 0.240748 -0.245797 0.224445 0.123529 -0.082843 0.213087 0.279385 -0.159296 0.247139 0.192860 -0.212082 0.260932 0.091733 
0.000000 0.000000 0.000000 -0.029600 -0.067090 -0.015707 -0.036499 -0.195639 0.389466 0.007450 -0.047462 0.365827 0.033809 0.049798 0.308907 0.051523 0.119645 0.247793 -0.295527 -0.000727 0.135043 -0.432191 0.089975 0.241848 -0.363413 0.223495 0.280949 -0.071134 -0.111753 0.597273 -0.168392 -0.020601 0.629118 -0.257588 0.054391 0.625453 -0.013420 0.025328 0.591083 -0.141590 0.123508 0.583481 -0.249969 0.206157 0.575567 -0.114140 0.187370 0.371344 -0.184172 0.207681 0.238401 -0.249219 0.228430 0.121755 -0.086061 0.224127 0.275001 -0.166306 0.258219 0.191996 -0.220852 0.269422 0.091485 
0.000000 0.000000 0.000000 -0.033182 -0.065778 -0.014003 -0.040599 -0.186282 0.393625 0.010430 -0.040992 0.366535 0.040830 0.053730 0.307396 0.061150 0.121443 0.244711 -0.302972 -0.016878 0.136558 -0.424521 0.089378 0.247221 -0.356149 0.223835 0.283738 -0.070079 -0.109901 0.605090 -0.171529 -0.022095 0.633017 -0.259955 0.052263 0.648664 0.002680 0.023754 0.595057 -0.128255 0.118375 0.589811 -0.234991 0.201434 0.608462 -0.108005 0.187431 0.375850 -0.177779 0.200682 0.241884 -0.245700 0.218000 0.126320 -0.077457 0.221500 0.281629 -0.154235 0.245726 0.192133 -0.211258 0.254380 0.092751 
0.000000 0.000000 0.000000 -0.029301 -0.067790 -0.013035 -0.030881 -0.182193 0.396412 0.011772 -0.034642 0.367149 0.036829 0.060747 0.306594 0.053387 0.128539 0.242896 -0.300625 -0.026487 0.137044 -0.426575 0.075127 0.247146 -0.360546 0.211122 0.282251 -0.067166 -0.105614 0.606743 -0.170568 -0.020921 0.637027 -0.259195 0.051094 0.660528 -0.003553 0.015710 0.598891 -0.135014 0.109743 0.599368 -0.240105 0.190444 0.632273 -0.110048 0.200490 0.366701 -0.187532 0.214959 0.237172 -0.257113 0.228402 0.122082 -0.080752 0.236377 0.273945 -0.159429 0.260509 0.186088 -0.217444 0.265666 0.087038 
0.000000 0.000000 0.000000 -0.027992 -0.068400 -0.012716 -0.027508 -0.180850 0.397275 0.012319 -0.032650 0.367314 0.035562 0.062911 0.306307 0.050838 0.130702 0.242288 -0.294276 -0.024355 0.145396 -0.424558 0.069016 0.257733 -0.361196 0.206449 0.292147 -0.058635 -0.095746 0.605141 -0.161473 -0.012911 0.641812 -0.250303 0.057389 0.669383 -0.001789 0.030656 0.595935 -0.136489 0.119982 0.594817 -0.241981 0.198697 0.631079 -0.110909 0.201204 0.370612 -0.187163 0.209979 0.239849 -0.258455 0.221256 0.125576 -0.085998 0.234889 0.274024 -0.165721 0.255918 0.186312 -0.224530 0.258740 0.087638 
0.000000 0.000000 0.000000 -0.028522 -0.068259 -0.012291 -0.029767 -0.177812 0.398481 0.011322 -0.030155 0.367559 0.035462 0.064782 0.305928 0.051415 0.131993 0.241465 -0.301258 -0.050286 0.139821 -0.417648 0.058650 0.253388 -0.356369 0.197061 0.287653 -0.049038 -0.101318 0.611078 -0.155884 -0.020574 0.640171 -0.245549 0.048354 0.668495 0.003058 0.012437 0.601209 -0.132803 0.099847 0.596147 -0.241982 0.175692 0.627241 -0.112420 0.199776 0.373907 -0.181519 0.199019 0.238942 -0.253834 0.208747 0.125171 -0.090684 0.225328 0.282484 -0.168366 0.240257 0.191743 -0.227473 0.242217 0.093226 
0.000000 0.000000 0.000000 -0.024772 -0.069644 -0.012649 -0.019082 -0.181541 0.397453 0.013794 -0.031676 0.367347 0.032562 0.064805 0.306245 0.044667 0.133171 0.242160 -0.294868 -0.029333 0.139893 -0.430000 0.061481 0.248536 -0.371098 0.200855 0.283067 -0.044432 -0.113539 0.612286 -0.154936 -0.035144 0.632902 -0.246974 0.031977 0.657741 -0.002843 0.011670 0.600411 -0.139791 0.096494 0.587194 -0.252354 0.170748 0.608534 -0.118715 0.197037 0.372151 -0.194046 0.201469 0.240636 -0.266617 0.210613 0.126979 -0.095276 0.230960 0.280104 -0.169986 0.242941 0.186476 -0.229555 0.244160 0.088226 
0.000000 0.000000 0.000000 -0.022963 -0.070224 -0.012852 -0.012327 -0.183754 0.396702 0.016393 -0.032932 0.367130 0.032286 0.064287 0.306384 0.042254 0.133236 0.242557 -0.294233 -0.039049 0.139750 -0.428364 0.051587 0.249773 -0.371083 0.191494 0.284871 -0.046348 -0.124372 0.612889 -0.156507 -0.047027 0.638673 -0.251417 0.018641 0.655197 -0.015651 0.006107 0.599344 -0.152636 0.089168 0.577885 -0.268557 0.161220 0.581060 -0.124351 0.186785 0.378306 -0.195937 0.188648 0.244655 -0.269128 0.198165 0.131427 -0.099462 0.227023 0.283874 -0.168989 0.233612 0.185823 -0.228917 0.234788 0.087791 
0.000000 0.000000 0.000000 -0.024364 -0.069638 -0.013449 -0.012986 -0.187843 0.394762 0.018344 -0.037265 0.366623 0.035629 0.060302 0.306823 0.046438 0.129751 0.243679 -0.291308 -0.029272 0.144532 -0.431555 0.050925 0.255032 -0.374793 0.190900 0.290695 -0.054616 -0.113873 0.605037 -0.163149 -0.033482 0.628269 -0.259456 0.031762 0.620440 -0.021307 0.021953 0.593328 -0.157456 0.107250 0.575645 -0.271492 0.176645 0.547017 -0.118995 0.187492 0.374853 -0.194254 0.192044 0.243300 -0.267047 0.201229 0.129789 -0.095475 0.224928 0.280942 -0.171778 0.237899 0.188741 -0.231340 0.239078 0.090487 
0.000000 0.000000 0.000000 -0.025894 -0.069120 -0.013260 -0.014028 -0.187518 0.394880 0.020203 -0.037622 0.366488 0.039070 0.059565 0.306548 0.050858 0.128774 0.243314 -0.292179 -0.031838 0.146579 -0.428488 0.053100 0.258457 -0.371832 0.193594 0.292197 -0.065958 -0.092078 0.593914 -0.167558 -0.004717 0.622680 -0.259494 0.057201 0.586524 -0.018837 0.044313 0.586117 -0.150756 0.136723 0.572609 -0.254311 0.195562 0.505874 -0.118274 0.182975 0.375300 -0.199839 0.194997 0.248046 -0.270531 0.203965 0.133197 -0.093419 0.221872 0.276525 -0.175276 0.240284 0.190202 -0.233581 0.241120 0.091193 
0.000000 0.000000 0.000000 -0.026068 -0.069097 -0.013036 -0.015334 -0.185908 0.395592 0.019386 -0.036225 0.366673 0.038649 0.060668 0.306385 0.050760 0.129591 0.242900 -0.297619 -0.044674 0.140293 -0.417895 0.063550 0.250440 -0.360699 0.204450 0.281467 -0.063896 -0.094099 0.597168 -0.165949 -0.004106 0.613555 -0.252021 0.055260 0.561975 -0.033039 0.047868 0.582670 -0.163645 0.139505 0.556798 -0.253676 0.187435 0.466044 -0.111990 0.195063 0.369311 -0.184259 0.201966 0.236194 -0.251830 0.211158 0.119499 -0.089983 0.229530 0.271005 -0.170443 0.250357 0.183921 -0.227556 0.251807 0.084226 
0.000000 0.000000 0.000000 -0.026052 -0.069190 -0.012567 -0.004963 -0.186854 0.395413 0.028356 -0.036945 0.366017 0.045716 0.060171 0.305509 0.055978 0.129290 0.241913 -0.298708 -0.047378 0.139187 -0.408001 0.072960 0.248206 -0.346058 0.212497 0.276122 -0.056076 -0.087096 0.592532 -0.154549 0.006519 0.610453 -0.237070 0.065106 0.552564 -0.012752 0.055982 0.580840 -0.137664 0.143940 0.528067 -0.221648 0.185496 0.428774 -0.104192 0.197557 0.363531 -0.174446 0.202616 0.229256 -0.241847 0.211893 0.112470 -0.077479 0.239337 0.267707 -0.149942 0.252721 0.172516 -0.209367 0.255096 0.074200 
0.000000 0.000000 0.000000 -0.028523 -0.068221 -0.012497 -0.006805 -0.188044 0.394821 0.031241 -0.039241 0.365543 0.051193 0.057456 0.305163 0.063070 0.126423 0.241683 -0.300304 -0.049881 0.141271 -0.402492 0.074945 0.252119 -0.337731 0.213274 0.279649 -0.041264 -0.091855 0.597257 -0.139433 0.003397 0.605734 -0.221309 0.062179 0.547132 -0.009851 0.054876 0.579850 -0.133276 0.142696 0.523470 -0.215231 0.183205 0.422071 -0.096088 0.198381 0.361394 -0.169727 0.208087 0.229205 -0.236940 0.218403 0.112397 -0.068388 0.239811 0.262855 -0.145538 0.260007 0.172681 -0.205875 0.263514 0.074956 
0.000000 0.000000 0.000000 -0.029975 -0.067573 -0.012622 -0.010244 -0.188824 0.394374 0.030897 -0.040787 0.365403 0.052807 0.055614 0.305229 0.066052 0.124470 0.241899 -0.300440 -0.039621 0.142018 -0.405852 0.082763 0.252570 -0.340271 0.220661 0.280323 -0.047684 -0.108142 0.602962 -0.148209 -0.015481 0.612479 -0.230423 0.046140 0.557370 -0.019740 0.046870 0.580406 -0.145617 0.137348 0.534652 -0.230429 0.183927 0.438337 -0.095725 0.193474 0.365617 -0.168161 0.203256 0.232771 -0.235343 0.214623 0.116042 -0.067931 0.234040 0.266985 -0.149790 0.259692 0.182531 -0.210142 0.263948 0.084845 
0.000000 0.000000 0.000000 -0.028063 -0.068276 -0.013216 -0.009076 -0.190883 0.393410 0.028434 -0.041682 0.365502 0.048379 0.055543 0.305975 0.060419 0.125022 0.243085 -0.298488 -0.038746 0.141201 -0.411827 0.075171 0.252953 -0.347243 0.213017 0.283190 -0.055391 -0.100330 0.596080 -0.155781 -0.008695 0.613597 -0.241932 0.054705 0.567212 -0.017785 0.032515 0.586483 -0.147569 0.124266 0.557112 -0.242844 0.181228 0.477630 -0.095324 0.198002 0.367363 -0.171701 0.211642 0.237089 -0.238902 0.222838 0.120356 -0.069607 0.238505 0.271387 -0.149226 0.262354 0.184305 -0.209535 0.266540 0.086588 
0.000000 0.000000 0.000000 -0.027527 -0.068524 -0.013063 -0.015078 -0.187271 0.394959 0.022252 -0.038164 0.366314 0.042801 0.058597 0.306236 0.055625 0.127544 0.242919 -0.295590 -0.031280 0.143786 -0.422414 0.067041 0.255857 -0.361195 0.205728 0.289095 -0.063737 -0.109305 0.602260 -0.168878 -0.022911 0.618491 -0.259463 0.042552 0.585296 -0.015044 0.028874 0.591234 -0.147343 0.117321 0.562975 -0.254604 0.183736 0.510787 -0.105640 0.194259 0.371620 -0.176280 0.200649 0.237605 -0.244182 0.211171 0.121215 -0.079537 0.232217 0.279810 -0.153426 0.245173 0.185662 -0.213966 0.247857 0.088036 
0.000000 0.000000 0.000000 -0.022845 -0.070263 -0.012850 -0.005516 -0.185735 0.395933 0.022086 -0.034642 0.366673 0.036629 0.062941 0.306175 0.045326 0.132244 0.242545 -0.295727 -0.044942 0.137950 -0.420135 0.057236 0.249276 -0.360650 0.196240 0.284293 -0.068945 -0.097817 0.595099 -0.173731 -0.014805 0.625282 -0.268425 0.052528 0.615660 -0.032206 0.043794 0.584330 -0.167349 0.128778 0.559060 -0.281638 0.201491 0.542023 -0.113636 0.198738 0.366948 -0.187141 0.203064 0.234399 -0.256871 0.211086 0.118894 -0.092406 0.235862 0.272199 -0.173427 0.252427 0.184720 -0.234757 0.251873 0.087553 
0.000000 0.000000 0.000000 -0.023278 -0.070196 -0.012431 -0.010649 -0.182095 0.397515 0.018413 -0.031493 0.367160 0.034285 0.065422 0.305926 0.044118 0.134076 0.241761 -0.299538 -0.050358 0.132941 -0.422770 0.055680 0.241941 -0.365600 0.195573 0.277273 -0.063119 -0.107495 0.605125 -0.175063 -0.029839 0.619963 -0.271121 0.035806 0.627494 -0.021765 0.041452 0.589734 -0.159514 0.123843 0.570723 -0.273714 0.197863 0.581619 -0.117191 0.200346 0.365625 -0.191709 0.202273 0.233587 -0.262195 0.207972 0.118403 -0.094348 0.237350 0.269111 -0.173021 0.249163 0.178766 -0.234687 0.246863 0.081837 
0.000000 0.000000 0.000000 -0.025458 -0.069556 -0.011736 -0.016780 -0.177530 0.399364 0.017029 -0.028238 0.367491 0.036001 0.067489 0.305279 0.048053 0.135131 0.240420 -0.300380 -0.047004 0.135761 -0.428519 0.053441 0.244400 -0.372611 0.194070 0.278817 -0.061339 -0.100359 0.607882 -0.171065 -0.022953 0.635279 -0.266344 0.042383 0.650965 -0.015999 0.022891 0.597207 -0.153684 0.106278 0.582578 -0.265692 0.179362 0.610006 -0.123826 0.192132 0.365554 -0.204216 0.197643 0.237110 -0.274722 0.201542 0.121863 -0.099286 0.226204 0.264571 -0.187179 0.243708 0.184199 -0.248295 0.239819 0.086973 
0.000000 0.000000 0.000000 -0.025526 -0.069533 -0.011722 -0.018985 -0.176722 0.399624 0.015242 -0.027553 0.367622 0.034679 0.068019 0.305315 0.047158 0.135513 0.240382 -0.300884 -0.051348 0.135566 -0.428818 0.048809 0.244711 -0.373322 0.189596 0.279152 -0.059682 -0.100197 0.609166 -0.169786 -0.022546 0.634255 -0.264611 0.043177 0.651045 -0.018855 0.026099 0.596605 -0.156861 0.109185 0.583356 -0.268383 0.182098 0.613118 -0.122612 0.195643 0.366022 -0.201159 0.199042 0.236370 -0.271954 0.202777 0.121295 -0.098539 0.228632 0.266604 -0.182918 0.242623 0.181895 -0.244078 0.238456 0.084708 
0.000000 0.000000 0.000000 -0.024882 -0.069786 -0.011605 -0.019069 -0.175638 0.400097 0.014005 -0.026281 0.367764 0.032871 0.069261 0.305235 0.045030 0.136658 0.240142 -0.299465 -0.047835 0.136614 -0.434731 0.042991 0.245080 -0.378844 0.183693 0.279229 -0.066222 -0.102489 0.609491 -0.174415 -0.023311 0.637900 -0.268594 0.043730 0.653034 -0.015390 0.037797 0.594710 -0.153538 0.120777 0.582292 -0.265462 0.195004 0.606840 -0.123141 0.198872 0.365028 -0.199034 0.200454 0.233771 -0.270689 0.205566 0.119283 -0.099795 0.229710 0.271017 -0.182590 0.241925 0.184488 -0.243907 0.237985 0.087392 
0.000000 0.000000 0.000000 -0.024250 -0.069961 -0.011885 -0.016606 -0.177688 0.399301 0.014999 -0.027877 0.367607 0.032841 0.068131 0.305493 0.044235 0.135944 0.240694 -0.294775 -0.024478 0.138427 -0.431984 0.066265 0.244496 -0.374022 0.206215 0.278282 -0.057376 -0.107782 0.611129 -0.166028 -0.027638 0.634663 -0.259635 0.040304 0.649312 -0.009953 0.036791 0.594917 -0.146920 0.121617 0.581912 -0.259528 0.197106 0.598048 -0.124001 0.196843 0.365056 -0.206729 0.205958 0.238313 -0.278567 0.212295 0.124001 -0.098880 0.231718 0.271217 -0.184167 0.248159 0.187868 -0.245763 0.245322 0.090909 
0.000000 0.000000 0.000000 -0.024682 -0.069750 -0.012232 -0.017062 -0.179785 0.398342 0.015384 -0.029991 0.367425 0.033702 0.066250 0.305813 0.045401 0.134351 0.241371 -0.294006 -0.031003 0.142072 -0.428751 0.058899 0.251947 -0.369789 0.198205 0.286647 -0.052274 -0.106996 0.610196 -0.160517 -0.025879 0.632225 -0.253969 0.042692 0.644795 0.002696 0.016588 0.600113 -0.133326 0.102769 0.586128 -0.247024 0.177971 0.593656 -0.122401 0.192814 0.371595 -0.203236 0.201104 0.243580 -0.275557 0.208734 0.129653 -0.096380 0.230282 0.277171 -0.176534 0.242215 0.188153 -0.238648 0.240748 0.091495 
0.000000 0.000000 0.000000 -0.026140 -0.069139 -0.012662 -0.018936 -0.182536 0.397004 0.016394 -0.033188 0.367106 0.036381 0.063147 0.306162 0.049169 0.131503 0.242199 -0.295670 -0.039206 0.143234 -0.426287 0.052827 0.256285 -0.366645 0.191560 0.292099 -0.070436 -0.112690 0.606502 -0.178437 -0.031645 0.629943 -0.272894 0.036598 0.633677 -0.013919 0.021068 0.596479 -0.149515 0.107332 0.579250 -0.264080 0.181011 0.569998 -0.118050 0.190574 0.374185 -0.199064 0.199344 0.246316 -0.271634 0.207487 0.132582 -0.090932 0.230584 0.275974 -0.172976 0.245319 0.189124 -0.235262 0.244076 0.092573 
0.000000 0.000000 0.000000 -0.027890 -0.068406 -0.012908 -0.022431 -0.183861 0.396210 0.016535 -0.035302 0.366903 0.038757 0.060788 0.306348 0.053077 0.129102 0.242665 -0.298146 -0.046243 0.143031 -0.422704 0.051987 0.257693 -0.363448 0.190911 0.293409 -0.065133 -0.105753 0.604767 -0.172674 -0.022290 0.620604 -0.267002 0.043843 0.602663 -0.022189 0.008130 0.597312 -0.157038 0.093847 0.572960 -0.268363 0.163203 0.535068 -0.114853 0.188990 0.374774 -0.189855 0.192593 0.243045 -0.262127 0.200711 0.129121 -0.088245 0.225949 0.277810 -0.170314 0.240595 0.190969 -0.232335 0.239602 0.094245 
0.000000 0.000000 0.000000 -0.025888 -0.069111 -0.013318 -0.017950 -0.186475 0.395216 0.016792 -0.036709 0.366753 0.036370 0.060291 0.306738 0.048852 0.129316 0.243438 -0.295897 -0.052364 0.143721 -0.418967 0.048136 0.258022 -0.361902 0.188623 0.291093 -0.056920 -0.097085 0.599937 -0.159655 -0.009052 0.621795 -0.250741 0.052323 0.582686 -0.034431 0.031911 0.588433 -0.168584 0.119933 0.568951 -0.269018 0.176930 0.496124 -0.119446 0.185554 0.375618 -0.187435 0.185632 0.240089 -0.256636 0.192987 0.124222 -0.090078 0.229615 0.278434 -0.171795 0.245886 0.191550 -0.231775 0.244224 0.093556 
0.000000 0.000000 0.000000 -0.028183 -0.068229 -0.013209 -0.020020 -0.186749 0.394987 0.019156 -0.038086 0.366497 0.041206 0.058390 0.306495 0.055251 0.127136 0.243218 -0.302702 -0.083398 0.135975 -0.409711 0.035579 0.248689 -0.354100 0.177262 0.279024 -0.050999 -0.112786 0.607095 -0.155960 -0.026112 0.622995 -0.243918 0.031724 0.572878 -0.014505 0.048793 0.585114 -0.143841 0.137115 0.545164 -0.235107 0.181879 0.454026 -0.115605 0.185467 0.369544 -0.189722 0.191262 0.237393 -0.256805 0.197321 0.120213 -0.085945 0.225223 0.275298 -0.164476 0.238368 0.185013 -0.223860 0.236786 0.086656 
0.000000 0.000000 0.000000 -0.025404 -0.069243 -0.013561 -0.002586 -0.192753 0.392594 0.029247 -0.042110 0.365388 0.045582 0.056058 0.306310 0.055086 0.126212 0.243736 -0.298222 -0.066807 0.139443 -0.416069 0.041835 0.251783 -0.359093 0.183245 0.280833 -0.041389 -0.097480 0.594677 -0.143315 -0.007443 0.611597 -0.230549 0.048419 0.558092 -0.016774 0.054091 0.577761 -0.145943 0.141677 0.535706 -0.233278 0.181239 0.438511 -0.109332 0.188089 0.363610 -0.186604 0.196231 0.233404 -0.254018 0.202098 0.116404 -0.085928 0.226750 0.268092 -0.170774 0.247842 0.185342 -0.230626 0.246662 0.087263 
0.000000 0.000000 0.000000 -0.023248 -0.069948 -0.013811 0.005702 -0.194837 0.391531 0.032550 -0.043108 0.364992 0.045418 0.055848 0.306373 0.052334 0.126604 0.244139 -0.293904 -0.077163 0.142839 -0.405831 0.034190 0.258529 -0.348291 0.175404 0.287421 -0.040611 -0.104003 0.594075 -0.143806 -0.015958 0.613598 -0.231086 0.040017 0.560286 -0.014480 0.051389 0.577908 -0.144619 0.140124 0.541651 -0.231954 0.179531 0.444394 -0.107880 0.189646 0.363919 -0.183152 0.195789 0.232438 -0.250900 0.201892 0.115643 -0.088766 0.226310 0.271264 -0.168462 0.241636 0.182354 -0.228861 0.241308 0.084605 
0.000000 0.000000 0.000000 -0.023134 -0.069934 -0.014069 0.003089 -0.195398 0.391281 0.030078 -0.043624 0.365143 0.043318 0.055420 0.306755 0.050638 0.126266 0.244671 -0.292693 -0.066606 0.144592 -0.410054 0.039263 0.260045 -0.352817 0.180505 0.289397 -0.047181 -0.101666 0.591549 -0.149838 -0.013352 0.612627 -0.237154 0.042933 0.559702 -0.024006 0.049385 0.577036 -0.154924 0.137771 0.542783 -0.243370 0.179452 0.447498 -0.105905 0.191387 0.369679 -0.180244 0.196994 0.237645 -0.247796 0.203261 0.120745 -0.090487 0.225478 0.273429 -0.169357 0.240471 0.183730 -0.229569 0.240679 0.085864 
0.000000 0.000000 0.000000 -0.023991 -0.069670 -0.013945 -0.004939 -0.192956 0.392472 0.024651 -0.041767 0.365767 0.040130 0.056699 0.306954 0.049318 0.127038 0.244541 -0.295972 -0.067097 0.140541 -0.412373 0.042174 0.253774 -0.356182 0.183707 0.283738 -0.056915 -0.102459 0.593790 -0.160253 -0.015118 0.615583 -0.247334 0.040873 0.561963 -0.029160 0.040930 0.581961 -0.161684 0.126955 0.547877 -0.249814 0.169061 0.452486 -0.115035 0.186681 0.368129 -0.190824 0.195537 0.237101 -0.256475 0.201688 0.119117 -0.086717 0.232316 0.276119 -0.159885 0.242512 0.181073 -0.219572 0.242272 0.082887 
0.000000 0.000000 0.000000 -0.024908 -0.069414 -0.013611 -0.008158 -0.190755 0.393492 0.023515 -0.040125 0.366025 0.040414 0.057805 0.306711 0.050649 0.127675 0.243936 -0.300204 -0.063876 0.134807 -0.424436 0.040232 0.244529 -0.368705 0.181931 0.274566 -0.068694 -0.097759 0.591248 -0.172589 -0.011180 0.613425 -0.259549 0.044568 0.559356 -0.036108 0.038785 0.582110 -0.170225 0.123421 0.550904 -0.258584 0.165806 0.455847 -0.116947 0.185719 0.366621 -0.191695 0.193619 0.234935 -0.256890 0.199388 0.116680 -0.091492 0.225971 0.270778 -0.172038 0.242711 0.182896 -0.231114 0.242102 0.084343 
0.000000 0.000000 0.000000 -0.022370 -0.070148 -0.014239 -0.004435 -0.193505 0.392207 0.022169 -0.041687 0.365934 0.036084 0.057160 0.307371 0.044343 0.127756 0.245119 -0.294682 -0.040895 0.136879 -0.428373 0.053606 0.244150 -0.372802 0.195348 0.274281 -0.070219 -0.093560 0.584830 -0.171611 -0.006019 0.613783 -0.258916 0.049945 0.560500 -0.035154 0.049442 0.577793 -0.166761 0.137939 0.546608 -0.256152 0.181129 0.452889 -0.116001 0.191810 0.366135 -0.192082 0.200960 0.235296 -0.257414 0.206701 0.117115 -0.095327 0.230289 0.268899 -0.176201 0.249295 0.181781 -0.234872 0.248841 0.082985 
0.000000 0.000000 0.000000 -0.024672 -0.069403 -0.014086 -0.014596 -0.191138 0.393120 0.017504 -0.040478 0.366323 0.035361 0.057511 0.307389 0.046617 0.127444 0.244859 -0.299525 -0.059677 0.134936 -0.418444 0.050599 0.244520 -0.362633 0.192111 0.275284 -0.073335 -0.108887 0.596109 -0.179760 -0.024351 0.613698 -0.266973 0.032629 0.561350 -0.037147 0.037150 0.584180 -0.169852 0.122731 0.549689 -0.260328 0.168692 0.458359 -0.120772 0.190205 0.359624 -0.196509 0.200342 0.228659 -0.260551 0.206087 0.109774 -0.095227 0.224862 0.276105 -0.170118 0.237023 0.182645 -0.228491 0.237169 0.083672 
0.000000 0.000000 0.000000 -0.025895 -0.068807 -0.014797 -0.026736 -0.191821 0.392148 0.009190 -0.041831 0.366474 0.030379 0.055901 0.308218 0.044427 0.125736 0.246146 -0.306122 -0.057969 0.123773 -0.425513 0.055957 0.229024 -0.369742 0.196990 0.261980 -0.083210 -0.112685 0.597010 -0.190639 -0.028611 0.610150 -0.278793 0.029815 0.561074 -0.050034 0.035654 0.583184 -0.182803 0.122522 0.552349 -0.277249 0.173856 0.468182 -0.126704 0.187758 0.359717 -0.195310 0.194953 0.224690 -0.257984 0.202760 0.105195 -0.096156 0.226778 0.270909 -0.171302 0.242278 0.178151 -0.228148 0.243216 0.078297 
0.000000 0.000000 0.000000 -0.027440 -0.068064 -0.015436 -0.044317 -0.189768 0.391554 -0.003235 -0.040973 0.366672 0.022584 0.055919 0.308884 0.040565 0.125125 0.247122 -0.307198 -0.048356 0.123104 -0.432443 0.058887 0.228574 -0.376198 0.199044 0.264343 -0.089089 -0.112334 0.599928 -0.194870 -0.026780 0.616445 -0.284369 0.033788 0.572688 -0.056126 0.039515 0.583924 -0.188109 0.129696 0.559997 -0.288712 0.188017 0.488464 -0.135445 0.185147 0.364027 -0.202977 0.195396 0.228656 -0.263310 0.204652 0.108065 -0.100218 0.224733 0.276189 -0.177265 0.244215 0.185770 -0.232291 0.246175 0.084917 
0.000000 0.000000 0.000000 -0.028140 -0.067640 -0.016028 -0.054406 -0.189466 0.390427 -0.010693 -0.041265 0.366497 0.017617 0.055293 0.309320 0.037761 0.124286 0.247989 -0.312427 -0.049277 0.113160 -0.438769 0.059439 0.215775 -0.382072 0.198692 0.254254 -0.119029 -0.106162 0.591187 -0.225808 -0.021256 0.604280 -0.316477 0.043235 0.569452 -0.066120 0.030869 0.586040 -0.198387 0.119069 0.556868 -0.305538 0.186316 0.505529 -0.142348 0.183741 0.360564 -0.214180 0.200908 0.228139 -0.273241 0.211845 0.107060 -0.108506 0.218238 0.267098 -0.191232 0.244171 0.183581 -0.244726 0.247199 0.081933 
0.000000 0.000000 0.000000 -0.028308 -0.067284 -0.017189 -0.060878 -0.193587 0.387438 -0.015980 -0.045386 0.365817 0.013675 0.051648 0.310148 0.035062 0.121216 0.249897 -0.312592 -0.040802 0.110590 -0.442580 0.064174 0.212542 -0.384983 0.202236 0.253875 -0.116564 -0.133501 0.598883 -0.226080 -0.051112 0.598334 -0.318946 0.017348 0.581536 -0.081740 0.014134 0.586288 -0.213909 0.102505 0.557193 -0.325592 0.177204 0.532975 -0.148851 0.177532 0.359670 -0.220214 0.196932 0.227300 -0.278522 0.209729 0.106038 -0.111427 0.214642 0.269867 -0.191332 0.239571 0.183350 -0.244178 0.244107 0.081420 
0.000000 0.000000 0.000000 -0.027441 -0.067268 -0.018599 -0.066605 -0.199149 0.383658 -0.022496 -0.050332 0.364826 0.007423 0.047655 0.310999 0.029382 0.118176 0.252076 -0.313876 -0.049650 0.105864 -0.445822 0.051821 0.208843 -0.389225 0.189356 0.253201 -0.123820 -0.135272 0.593578 -0.232063 -0.053264 0.612028 -0.325899 0.015077 0.601190 -0.084438 0.006351 0.587143 -0.217403 0.095402 0.564455 -0.330296 0.171723 0.556106 -0.154151 0.172665 0.365589 -0.216954 0.186473 0.228272 -0.274714 0.200242 0.106854 -0.114276 0.215028 0.275913 -0.189647 0.237616 0.184807 -0.241707 0.242488 0.082488 
0.000000 0.000000 0.000000 -0.026017 -0.067367 -0.020214 -0.070316 -0.206633 0.379010 -0.028267 -0.056843 0.363465 0.001043 0.042499 0.311832 0.022928 0.114344 0.254501 -0.313373 -0.046706 0.101632 -0.453329 0.046652 0.201669 -0.401565 0.185047 0.249148 -0.138648 -0.139633 0.584586 -0.248693 -0.060542 0.605004 -0.344272 0.006004 0.599567 -0.085320 -0.017750 0.590822 -0.221535 0.068501 0.579392 -0.336390 0.141490 0.590370 -0.165368 0.162410 0.363240 -0.233513 0.181932 0.229203 -0.290574 0.196481 0.107546 -0.126352 0.204578 0.267135 -0.213138 0.237203 0.190356 -0.263969 0.242653 0.087450 
0.000000 0.000000 0.000000 -0.023069 -0.068279 -0.020727 -0.064610 -0.211224 0.377492 -0.028646 -0.059756 0.362968 -0.003061 0.040963 0.312024 0.016280 0.113929 0.255198 -0.310224 -0.056249 0.102737 -0.453100 0.031136 0.204037 -0.405589 0.170577 0.252884 -0.134851 -0.141752 0.581600 -0.244877 -0.065890 0.611954 -0.342332 -0.001906 0.610664 -0.088074 -0.009878 0.587590 -0.227269 0.072236 0.585022 -0.343345 0.141990 0.602346 -0.173176 0.154006 0.366760 -0.239492 0.171364 0.231514 -0.297287 0.185904 0.110203 -0.133455 0.202302 0.274058 -0.211124 0.225264 0.184998 -0.262267 0.230170 0.082220 
0.000000 0.000000 0.000000 -0.021182 -0.068821 -0.020950 -0.064195 -0.212491 0.376851 -0.031670 -0.060218 0.362640 -0.007865 0.041052 0.311928 0.010431 0.114427 0.255282 -0.311830 -0.074883 0.094518 -0.453038 0.015629 0.195411 -0.409505 0.156099 0.245007 -0.138357 -0.150560 0.581996 -0.250817 -0.078206 0.611993 -0.349798 -0.016599 0.611339 -0.089424 -0.023390 0.590198 -0.230193 0.055828 0.584437 -0.348128 0.122597 0.600949 -0.178921 0.151368 0.369235 -0.236883 0.162029 0.229529 -0.294580 0.175596 0.108059 -0.142630 0.196666 0.275170 -0.222115 0.219064 0.187582 -0.272024 0.223085 0.084160 
0.000000 0.000000 0.000000 -0.020831 -0.068709 -0.021659 -0.070073 -0.214565 0.374622 -0.037368 -0.062211 0.361761 -0.012795 0.039340 0.311985 0.006372 0.113027 0.256038 -0.312484 -0.076573 0.091135 -0.461756 0.003695 0.189044 -0.422194 0.144691 0.240442 -0.146330 -0.156615 0.580162 -0.260985 -0.086530 0.607076 -0.361113 -0.026810 0.606002 -0.113682 -0.027408 0.584110 -0.255259 0.049824 0.573359 -0.374959 0.114515 0.584600 -0.188939 0.144708 0.362823 -0.252312 0.160245 0.225953 -0.307562 0.173310 0.103296 -0.149022 0.192001 0.270256 -0.229156 0.214818 0.183370 -0.277191 0.218566 0.079055 
0.000000 0.000000 0.000000 -0.020126 -0.068662 -0.022460 -0.076189 -0.217134 0.371938 -0.043899 -0.064570 0.360612 -0.018827 0.037384 0.311920 0.001075 0.111489 0.256788 -0.313324 -0.073951 0.086411 -0.464794 0.005108 0.181897 -0.426949 0.145916 0.235073 -0.157736 -0.163563 0.576634 -0.272842 -0.094827 0.605058 -0.373239 -0.035567 0.603637 -0.112993 -0.029502 0.585269 -0.254438 0.046741 0.567809 -0.374528 0.111266 0.575171 -0.193846 0.147257 0.356749 -0.257280 0.164881 0.220161 -0.310181 0.178161 0.096495 -0.153263 0.193042 0.267534 -0.233891 0.218523 0.181854 -0.279817 0.222448 0.076599 
0.000000 0.000000 0.000000 -0.021114 -0.068097 -0.023257 -0.084574 -0.218655 0.369226 -0.049357 -0.066626 0.359530 -0.021842 0.035233 0.311974 0.000069 0.109397 0.257689 -0.315273 -0.067943 0.083124 -0.472403 0.004065 0.174973 -0.435215 0.144389 0.229863 -0.170333 -0.172492 0.574004 -0.287275 -0.103658 0.593204 -0.387539 -0.044212 0.590674 -0.129093 -0.034405 0.581067 -0.269191 0.042878 0.558170 -0.389182 0.107937 0.561128 -0.196840 0.144719 0.357824 -0.255103 0.161540 0.218852 -0.306445 0.176145 0.094680 -0.156591 0.187039 0.261639 -0.239819 0.214809 0.179218 -0.283931 0.219593 0.073225 
0.000000 0.000000 0.000000 -0.023930 -0.066624 -0.024750 -0.096230 -0.222155 0.364249 -0.054350 -0.071649 0.357840 -0.022131 0.029848 0.312515 0.003320 0.104062 0.259868 -0.321517 -0.089711 0.068820 -0.463572 0.003515 0.165982 -0.425427 0.142864 0.222669 -0.170355 -0.174856 0.573267 -0.286796 -0.104128 0.588132 -0.386489 -0.043753 0.585063 -0.128249 -0.045453 0.582178 -0.267375 0.033637 0.559522 -0.386656 0.100033 0.561240 -0.197807 0.137909 0.359147 -0.257461 0.159118 0.221370 -0.307340 0.175915 0.096879 -0.151286 0.185766 0.262664 -0.232362 0.215422 0.178768 -0.275766 0.221828 0.072569 
0.000000 0.000000 0.000000 -0.020766 -0.067335 -0.025664 -0.088275 -0.230513 0.361056 -0.053168 -0.078215 0.356641 -0.025278 0.025151 0.312689 -0.002882 0.101046 0.261060 -0.316237 -0.067514 0.077015 -0.469354 0.009736 0.171349 -0.429352 0.147460 0.230669 -0.181186 -0.177647 0.561038 -0.295188 -0.107328 0.590035 -0.394067 -0.045627 0.587016 -0.139476 -0.044593 0.575490 -0.278991 0.036090 0.563226 -0.397535 0.103801 0.564550 -0.201006 0.133002 0.359611 -0.259962 0.157867 0.222146 -0.309479 0.178110 0.098024 -0.156712 0.183795 0.269728 -0.236268 0.215305 0.185056 -0.279265 0.224692 0.078913 
0.000000 0.000000 0.000000 -0.026198 -0.064505 -0.027870 -0.103246 -0.236139 0.353368 -0.056312 -0.086996 0.354116 -0.020736 0.015430 0.313653 0.007146 0.091204 0.264579 -0.322930 -0.075875 0.070449 -0.466350 0.011873 0.170660 -0.425233 0.147914 0.233021 -0.182733 -0.190722 0.560827 -0.296646 -0.118442 0.584942 -0.394772 -0.055552 0.581912 -0.140669 -0.067445 0.575421 -0.278240 0.015651 0.558270 -0.396067 0.084593 0.560029 -0.195558 0.123774 0.362769 -0.253741 0.152730 0.225776 -0.302792 0.176764 0.102146 -0.146989 0.173737 0.268691 -0.231650 0.211508 0.191898 -0.274314 0.224112 0.085954 
0.000000 0.000000 0.000000 -0.025412 -0.064044 -0.029605 -0.104285 -0.245231 0.346809 -0.058618 -0.095767 0.351468 -0.023559 0.007873 0.313734 0.004103 0.085007 0.266699 -0.324120 -0.076097 0.062453 -0.465898 0.013604 0.163269 -0.423377 0.147476 0.229276 -0.186579 -0.203604 0.553969 -0.299671 -0.130889 0.580514 -0.397021 -0.066777 0.578089 -0.142509 -0.074381 0.572781 -0.279538 0.010181 0.558753 -0.396513 0.080561 0.560461 -0.198696 0.115567 0.363158 -0.255760 0.148864 0.226682 -0.303936 0.176881 0.103547 -0.149817 0.167979 0.269910 -0.236522 0.210127 0.197819 -0.278320 0.226028 0.091974 
0.000000 0.000000 0.000000 -0.025247 -0.063328 -0.031242 -0.107377 -0.252823 0.340354 -0.061575 -0.103563 0.348741 -0.026090 0.000851 0.313632 0.002043 0.078985 0.268567 -0.323072 -0.080510 0.062839 -0.468343 0.000292 0.166177 -0.426379 0.132213 0.236340 -0.192436 -0.222989 0.548429 -0.305591 -0.151636 0.578204 -0.402603 -0.086988 0.576616 -0.149065 -0.087858 0.569135 -0.286247 -0.002844 0.560293 -0.402927 0.068040 0.561121 -0.199641 0.110033 0.365333 -0.258781 0.148362 0.231079 -0.305819 0.178968 0.108121 -0.150669 0.164072 0.273619 -0.235763 0.208323 0.200872 -0.276642 0.226617 0.095054 
0.000000 0.000000 0.000000 -0.024858 -0.062924 -0.032351 -0.111016 -0.257324 0.335783 -0.065401 -0.108165 0.346641 -0.029590 -0.003283 0.313305 -0.001003 0.075450 0.269587 -0.324997 -0.079807 0.054125 -0.469450 0.004185 0.156055 -0.427973 0.135128 0.228307 -0.192862 -0.235691 0.546148 -0.307129 -0.162923 0.566880 -0.404107 -0.098218 0.565576 -0.155127 -0.102569 0.566624 -0.291298 -0.016473 0.553603 -0.407775 0.054747 0.553299 -0.204764 0.104350 0.362728 -0.260442 0.143575 0.227257 -0.306051 0.176106 0.104255 -0.153365 0.160937 0.277593 -0.231855 0.203042 0.196613 -0.271781 0.222989 0.090730 
0.000000 0.000000 0.000000 -0.024578 -0.062444 -0.033474 -0.114579 -0.261886 0.331025 -0.068965 -0.112934 0.344423 -0.032743 -0.007628 0.312915 -0.003660 0.071682 0.270591 -0.326384 -0.080699 0.046689 -0.471082 0.004061 0.147631 -0.429959 0.133987 0.221895 -0.206031 -0.233744 0.536609 -0.319882 -0.162193 0.563076 -0.416786 -0.097395 0.561109 -0.161171 -0.102011 0.563177 -0.297098 -0.015748 0.548784 -0.413361 0.055804 0.547187 -0.207127 0.101517 0.361814 -0.266344 0.145494 0.229336 -0.310375 0.179339 0.106114 -0.156663 0.156363 0.272925 -0.239531 0.202366 0.198710 -0.277725 0.223703 0.092460 
0.000000 0.000000 0.000000 -0.025418 -0.061609 -0.034382 -0.120807 -0.263994 0.327113 -0.072805 -0.115999 0.342609 -0.034661 -0.010931 0.312611 -0.004024 0.068398 0.271434 -0.327095 -0.074313 0.047324 -0.474559 0.007442 0.146731 -0.434111 0.136912 0.222152 -0.208292 -0.243789 0.535339 -0.322685 -0.171686 0.557644 -0.419549 -0.106826 0.555712 -0.167308 -0.110873 0.560594 -0.303479 -0.024782 0.547542 -0.419815 0.046633 0.545270 -0.211483 0.095388 0.358915 -0.266393 0.138588 0.224344 -0.309344 0.173610 0.101069 -0.157292 0.152632 0.271392 -0.241878 0.200371 0.200278 -0.278974 0.222632 0.093828 
0.000000 0.000000 0.000000 -0.025090 -0.061298 -0.035170 -0.126110 -0.265950 0.323507 -0.077945 -0.118198 0.340722 -0.039106 -0.013027 0.312005 -0.007682 0.066506 0.271825 -0.327900 -0.074106 0.042217 -0.474716 0.009216 0.141281 -0.434739 0.137868 0.218336 -0.215341 -0.243533 0.530765 -0.329360 -0.171585 0.555368 -0.425941 -0.106346 0.552379 -0.171321 -0.111997 0.559164 -0.307236 -0.025505 0.546102 -0.423216 0.046450 0.542861 -0.215952 0.092994 0.358895 -0.272140 0.139527 0.225972 -0.312948 0.175682 0.102297 -0.160712 0.151130 0.269222 -0.245049 0.200126 0.198667 -0.280492 0.223350 0.091861 
0.000000 0.000000 0.000000 -0.025893 -0.060427 -0.036084 -0.136310 -0.266081 0.319235 -0.085252 -0.119557 0.338490 -0.043777 -0.014990 0.311296 -0.010100 0.064208 0.272298 -0.330127 -0.077519 0.034594 -0.479750 0.003026 0.131737 -0.440928 0.130807 0.210804 -0.229220 -0.248103 0.525304 -0.343650 -0.175934 0.547201 -0.439907 -0.110297 0.542779 -0.186564 -0.117881 0.553449 -0.321968 -0.030778 0.539186 -0.437557 0.041674 0.533781 -0.221537 0.090529 0.355802 -0.276877 0.138874 0.223171 -0.315226 0.175794 0.098936 -0.163366 0.148190 0.265764 -0.249574 0.198934 0.198797 -0.282872 0.223045 0.091499 
0.000000 0.000000 0.000000 -0.026598 -0.059703 -0.036770 -0.142996 -0.266406 0.316023 -0.089716 -0.120894 0.336858 -0.046348 -0.016797 0.310831 -0.011099 0.062155 0.272735 -0.331668 -0.083774 0.028032 -0.476583 0.001970 0.127825 -0.438060 0.129237 0.207862 -0.233545 -0.253878 0.523541 -0.348124 -0.181641 0.544406 -0.444217 -0.115806 0.539387 -0.190867 -0.121826 0.551897 -0.325841 -0.034280 0.536325 -0.441152 0.038521 0.529807 -0.224492 0.088751 0.353701 -0.276069 0.136383 0.219307 -0.313048 0.173805 0.094807 -0.164263 0.146155 0.264300 -0.249562 0.197110 0.196336 -0.281580 0.221650 0.088745 
0.000000 0.000000 0.000000 -0.025436 -0.059885 -0.037292 -0.143147 -0.269423 0.313386 -0.091933 -0.123339 0.335370 -0.049588 -0.018607 0.310227 -0.014911 0.060931 0.272830 -0.331495 -0.081444 0.023608 -0.478946 0.002699 0.121021 -0.440582 0.129113 0.202473 -0.239280 -0.253089 0.518109 -0.353678 -0.180544 0.538901 -0.449514 -0.114357 0.533612 -0.197240 -0.124659 0.548403 -0.331183 -0.036208 0.529426 -0.446291 0.036881 0.522522 -0.227532 0.087664 0.352135 -0.278045 0.136376 0.217724 -0.314042 0.174731 0.093220 -0.167448 0.146142 0.265220 -0.248560 0.196530 0.191918 -0.279859 0.221789 0.084282 
0.000000 0.000000 0.000000 -0.025255 -0.059412 -0.038161 -0.146667 -0.272380 0.309173 -0.095271 -0.126679 0.333186 -0.052428 -0.021798 0.309552 -0.017209 0.058041 0.273324 -0.332002 -0.078057 0.020192 -0.479864 0.006388 0.116717 -0.441788 0.131912 0.199667 -0.247463 -0.257935 0.511785 -0.361953 -0.186033 0.534239 -0.457562 -0.119531 0.528815 -0.201094 -0.128806 0.545957 -0.334710 -0.039874 0.526919 -0.449546 0.033618 0.519790 -0.228588 0.088271 0.349127 -0.278724 0.138766 0.215234 -0.313668 0.178077 0.090729 -0.168897 0.144218 0.261053 -0.254049 0.197864 0.195004 -0.283983 0.224252 0.087251 
0.000000 0.000000 0.000000 -0.026051 -0.058402 -0.039172 -0.150261 -0.275695 0.304474 -0.096920 -0.131131 0.330981 -0.052681 -0.026439 0.309147 -0.016401 0.053537 0.274292 -0.332852 -0.080353 0.017729 -0.478149 0.005439 0.116923 -0.440547 0.130017 0.201499 -0.250400 -0.258377 0.507187 -0.364514 -0.186760 0.532306 -0.460101 -0.120196 0.527249 -0.203494 -0.134526 0.543360 -0.337064 -0.045420 0.524815 -0.451769 0.028263 0.517545 -0.230445 0.080495 0.350118 -0.280921 0.133070 0.217156 -0.315086 0.173914 0.092929 -0.167766 0.140226 0.261639 -0.252388 0.194638 0.195536 -0.281972 0.222168 0.087972 
0.000000 0.000000 0.000000 -0.026014 -0.057686 -0.040244 -0.145405 -0.283605 0.299526 -0.092829 -0.139296 0.328811 -0.049538 -0.033819 0.308947 -0.014156 0.047187 0.275580 -0.332157 -0.081597 0.019342 -0.479455 -0.001231 0.120119 -0.441988 0.121751 0.207059 -0.245089 -0.273843 0.502966 -0.359846 -0.203212 0.527952 -0.456013 -0.137346 0.525373 -0.199291 -0.147765 0.541104 -0.333619 -0.059259 0.525372 -0.448798 0.013835 0.519876 -0.227734 0.071165 0.352971 -0.280744 0.126388 0.222085 -0.316294 0.169314 0.098952 -0.165540 0.133733 0.262203 -0.251975 0.189335 0.199524 -0.282546 0.218516 0.092673 
0.000000 0.000000 0.000000 -0.023893 -0.058189 -0.040829 -0.134389 -0.291958 0.296632 -0.087192 -0.146106 0.327396 -0.047884 -0.038886 0.308612 -0.015583 0.043729 0.276073 -0.328741 -0.080934 0.025476 -0.478849 -0.007836 0.127631 -0.441049 0.113308 0.216973 -0.232211 -0.284637 0.501076 -0.347018 -0.215307 0.529265 -0.443684 -0.150123 0.529264 -0.192409 -0.153802 0.540339 -0.328560 -0.067049 0.532504 -0.444122 0.005555 0.528869 -0.225876 0.064188 0.357687 -0.281508 0.122065 0.229055 -0.318747 0.167177 0.107210 -0.167516 0.130284 0.272769 -0.252522 0.186409 0.208619 -0.284487 0.217612 0.102752 