119
0.000000 0.000000 0.000000 -0.042488 -0.026570 -0.055791 -0.010359 -0.426342 0.097032 0.043890 -0.324100 0.170792 0.073670 -0.230621 0.201079 0.098386 -0.138790 0.222326 -0.193628 -0.248133 0.105183 -0.210590 -0.380085 0.248752 -0.229622 -0.486062 0.360527 -0.065852 -0.573385 0.260492 -0.144363 -0.523454 0.361115 -0.208012 -0.450781 0.426389 -0.022540 -0.453070 0.359016 -0.131886 -0.343130 0.404636 -0.185691 -0.221950 0.372082 0.006091 -0.311678 0.384318 -0.113591 -0.220928 0.363551 -0.162273 -0.130277 0.275912 0.049741 -0.210344 0.374312 -0.057800 -0.173758 0.334466 -0.055989 -0.121107 0.232350 
0.000000 0.000000 0.000000 -0.041600 -0.027032 -0.056237 -0.017707 -0.424425 0.104117 0.036197 -0.321564 0.177267 0.066468 -0.227933 0.206579 0.091852 -0.136045 0.226773 -0.198919 -0.242140 0.107548 -0.220184 -0.372664 0.251848 -0.235249 -0.475761 0.366874 -0.076060 -0.568674 0.269063 -0.154816 -0.521241 0.370698 -0.218451 -0.448040 0.435393 -0.033079 -0.447158 0.366744 -0.141715 -0.336800 0.413047 -0.194546 -0.215276 0.380181 -0.001539 -0.307286 0.390404 -0.120724 -0.215869 0.369700 -0.169452 -0.125259 0.282045 0.043270 -0.207744 0.378712 -0.065634 -0.172668 0.341285 -0.065259 -0.119863 0.239233 
0.000000 0.000000 0.000000 -0.044379 -0.025984 -0.054582 -0.042013 -0.419240 0.117317 0.019737 -0.317893 0.186258 0.056409 -0.225542 0.212120 0.087905 -0.134889 0.229017 -0.216285 -0.236939 0.099667 -0.239017 -0.360890 0.249435 -0.250918 -0.457384 0.370406 -0.103996 -0.560820 0.283249 -0.185185 -0.501786 0.376551 -0.249997 -0.425389 0.436182 -0.065492 -0.433041 0.375866 -0.170274 -0.316049 0.414053 -0.215352 -0.193025 0.375681 -0.021389 -0.296445 0.395516 -0.136112 -0.200984 0.368745 -0.178970 -0.110770 0.277682 0.030860 -0.202911 0.379700 -0.079612 -0.168524 0.346463 -0.079021 -0.116309 0.244109 
0.000000 0.000000 0.000000 -0.045451 -0.025843 -0.053761 -0.062835 -0.411912 0.132931 0.003622 -0.311153 0.198262 0.044707 -0.219788 0.220773 0.080563 -0.130205 0.234366 -0.228601 -0.233524 0.091741 -0.263037 -0.350524 0.244831 -0.270484 -0.435632 0.374399 -0.131764 -0.549566 0.299425 -0.216016 -0.477891 0.380335 -0.281513 -0.394743 0.429219 -0.100124 -0.417949 0.383480 -0.199870 -0.292651 0.405287 -0.235009 -0.169248 0.358636 -0.046605 -0.281586 0.401209 -0.155042 -0.183719 0.360535 -0.188390 -0.096428 0.262882 0.011826 -0.192298 0.382710 -0.099564 -0.159244 0.351231 -0.095305 -0.109121 0.247923 
0.000000 0.000000 0.000000 -0.045412 -0.026403 -0.053521 -0.074396 -0.405985 0.144677 -0.006309 -0.304866 0.207735 0.036703 -0.213854 0.227960 0.074552 -0.124774 0.239258 -0.240955 -0.229219 0.082401 -0.275988 -0.337731 0.241489 -0.273344 -0.409636 0.379001 -0.149621 -0.533386 0.316521 -0.233338 -0.447961 0.383423 -0.298010 -0.359244 0.422667 -0.121770 -0.402151 0.391254 -0.213313 -0.269023 0.395869 -0.238583 -0.147031 0.340023 -0.064578 -0.267243 0.405739 -0.164655 -0.167494 0.350734 -0.187085 -0.084394 0.246527 0.003184 -0.181536 0.388493 -0.107282 -0.148020 0.354360 -0.095121 -0.102092 0.249737 
0.000000 0.000000 0.000000 -0.046172 -0.026565 -0.052786 -0.085084 -0.399917 0.155298 -0.014230 -0.299049 0.215649 0.031235 -0.208726 0.233461 0.071475 -0.120431 0.242402 -0.246613 -0.228468 0.077232 -0.281727 -0.333120 0.238868 -0.269990 -0.395712 0.380400 -0.164719 -0.521237 0.329539 -0.244594 -0.424554 0.384805 -0.304984 -0.329342 0.414485 -0.138366 -0.383581 0.399820 -0.216767 -0.243202 0.383342 -0.232361 -0.124449 0.317814 -0.078903 -0.245239 0.410238 -0.163923 -0.143267 0.336998 -0.175079 -0.066957 0.226001 -0.001794 -0.166817 0.394277 -0.108302 -0.133029 0.349492 -0.088387 -0.095468 0.242741 
0.000000 0.000000 0.000000 -0.044844 -0.028119 -0.053125 -0.075652 -0.401285 0.156646 -0.008276 -0.298166 0.217177 0.034474 -0.206522 0.234960 0.072155 -0.117097 0.243830 -0.242822 -0.229115 0.081972 -0.271021 -0.331860 0.246165 -0.251397 -0.391382 0.388147 -0.156143 -0.514456 0.335904 -0.234346 -0.414729 0.388068 -0.293576 -0.318063 0.415280 -0.132049 -0.376092 0.404479 -0.207984 -0.234904 0.383884 -0.222155 -0.117871 0.315022 -0.072491 -0.241059 0.414067 -0.153835 -0.139505 0.336216 -0.163083 -0.065815 0.223290 -0.001272 -0.156211 0.397664 -0.104379 -0.121643 0.346036 -0.082424 -0.089207 0.238013 
0.000000 0.000000 0.000000 -0.039659 -0.031132 -0.055514 -0.041630 -0.410382 0.145410 0.012682 -0.302593 0.210746 0.045366 -0.207632 0.232114 0.073588 -0.115167 0.244321 -0.223242 -0.239272 0.088781 -0.244868 -0.347934 0.250138 -0.220426 -0.412451 0.389160 -0.124168 -0.517982 0.327151 -0.205958 -0.428122 0.390537 -0.266239 -0.332756 0.419945 -0.101148 -0.386334 0.401808 -0.184207 -0.248257 0.389133 -0.203343 -0.131361 0.321247 -0.049301 -0.252599 0.415771 -0.135055 -0.151844 0.341707 -0.148165 -0.077233 0.229772 0.009582 -0.158834 0.401109 -0.093166 -0.122166 0.350222 -0.074203 -0.087543 0.242311 
0.000000 0.000000 0.000000 -0.036342 -0.032009 -0.057259 -0.008801 -0.418033 0.128300 0.035649 -0.308884 0.198638 0.060079 -0.212497 0.224236 0.080366 -0.118589 0.240518 -0.195751 -0.250052 0.100514 -0.209928 -0.372026 0.252936 -0.184211 -0.452308 0.383244 -0.071039 -0.547394 0.303835 -0.152262 -0.473608 0.385935 -0.214646 -0.385488 0.429938 -0.050780 -0.420289 0.389932 -0.144614 -0.288894 0.397359 -0.176483 -0.169072 0.340208 -0.008457 -0.279651 0.412669 -0.106146 -0.180191 0.353041 -0.133917 -0.099616 0.248139 0.026939 -0.175151 0.397147 -0.077756 -0.137567 0.351128 -0.072758 -0.093807 0.244999 
0.000000 0.000000 0.000000 -0.036107 -0.031832 -0.057506 0.003427 -0.420532 0.120131 0.045775 -0.311642 0.192149 0.067965 -0.215164 0.219389 0.085978 -0.121090 0.237310 -0.187105 -0.251648 0.105977 -0.194711 -0.378363 0.254962 -0.167511 -0.465874 0.380217 -0.050663 -0.556355 0.293470 -0.129323 -0.490461 0.384314 -0.191457 -0.406929 0.436802 -0.027066 -0.431767 0.383822 -0.124775 -0.304758 0.404952 -0.163767 -0.183567 0.355641 0.017052 -0.292254 0.409596 -0.089708 -0.194647 0.364144 -0.127902 -0.111277 0.264852 0.039253 -0.183440 0.393884 -0.066462 -0.141889 0.354022 -0.073145 -0.092463 0.250506 
0.000000 0.000000 0.000000 -0.035888 -0.031302 -0.057932 0.007166 -0.422190 0.113992 0.048646 -0.313999 0.187551 0.070032 -0.217740 0.216174 0.087252 -0.123786 0.235447 -0.184102 -0.252872 0.105731 -0.187937 -0.382574 0.252271 -0.162456 -0.475187 0.374174 -0.048347 -0.558511 0.286489 -0.126210 -0.497349 0.381245 -0.187941 -0.415660 0.437006 -0.020282 -0.434680 0.380319 -0.119476 -0.310818 0.411035 -0.160925 -0.188894 0.365693 0.023521 -0.299656 0.405489 -0.087394 -0.203569 0.367330 -0.128844 -0.118635 0.270706 0.043862 -0.188887 0.391861 -0.062671 -0.145281 0.356641 -0.073603 -0.093154 0.254825 
0.000000 0.000000 0.000000 -0.035711 -0.030561 -0.058435 0.007026 -0.423632 0.108522 0.048252 -0.316388 0.183597 0.069514 -0.220500 0.213527 0.086641 -0.126797 0.234066 -0.186352 -0.251158 0.104324 -0.187191 -0.382514 0.249432 -0.164310 -0.479031 0.368796 -0.048995 -0.559183 0.281460 -0.125948 -0.502124 0.379462 -0.187151 -0.421342 0.437096 -0.019537 -0.439908 0.374965 -0.120122 -0.318941 0.412036 -0.162396 -0.196333 0.369381 0.026090 -0.304505 0.402660 -0.086196 -0.208351 0.368939 -0.129518 -0.122253 0.274185 0.043651 -0.193193 0.390046 -0.062409 -0.148066 0.355317 -0.075021 -0.094519 0.254437 
0.000000 0.000000 0.000000 -0.040134 -0.029138 -0.056251 -0.003897 -0.423501 0.109190 0.045750 -0.317953 0.181522 0.072490 -0.222978 0.209933 0.094489 -0.130027 0.229207 -0.187606 -0.254330 0.103081 -0.192366 -0.389454 0.244609 -0.170823 -0.488529 0.362111 -0.054104 -0.570833 0.274092 -0.129944 -0.515122 0.373724 -0.190082 -0.435067 0.433455 -0.019968 -0.446968 0.369965 -0.120447 -0.325930 0.407089 -0.163179 -0.202818 0.366386 0.026160 -0.310532 0.396753 -0.089399 -0.217118 0.366573 -0.133455 -0.129996 0.273103 0.046538 -0.197155 0.383417 -0.062583 -0.156876 0.352408 -0.078598 -0.102695 0.252353 
0.000000 0.000000 0.000000 -0.040894 -0.027726 -0.056417 -0.008832 -0.425056 0.102664 0.042703 -0.321312 0.176273 0.070899 -0.227154 0.205963 0.094267 -0.134813 0.226518 -0.191822 -0.251655 0.101453 -0.193657 -0.387684 0.242179 -0.174339 -0.489434 0.357767 -0.062243 -0.574129 0.264975 -0.135206 -0.518932 0.367012 -0.192278 -0.438989 0.429823 -0.020595 -0.452372 0.364132 -0.118370 -0.330590 0.405771 -0.160344 -0.206181 0.368355 0.026383 -0.317686 0.391801 -0.088493 -0.222322 0.365344 -0.132317 -0.133016 0.273847 0.053300 -0.203772 0.381929 -0.058175 -0.165191 0.357925 -0.078701 -0.110292 0.259092 
0.000000 0.000000 0.000000 -0.042597 -0.025845 -0.056048 -0.020346 -0.425674 0.098379 0.035495 -0.324364 0.172237 0.067038 -0.231442 0.202452 0.093557 -0.140089 0.223592 -0.200095 -0.252434 0.091255 -0.202741 -0.388630 0.231807 -0.188542 -0.491511 0.347135 -0.073256 -0.578519 0.257309 -0.145411 -0.519367 0.357692 -0.201586 -0.439182 0.421000 -0.031499 -0.459108 0.356166 -0.128553 -0.336225 0.396227 -0.168061 -0.210961 0.358981 0.016228 -0.322196 0.386560 -0.095701 -0.224410 0.356548 -0.135400 -0.133954 0.264300 0.049569 -0.208293 0.378510 -0.062525 -0.169383 0.358207 -0.084230 -0.113599 0.260124 
0.000000 0.000000 0.000000 -0.040626 -0.025585 -0.057609 -0.022931 -0.426268 0.095185 0.030197 -0.325302 0.171476 0.060535 -0.232508 0.203277 0.086163 -0.141239 0.225829 -0.202012 -0.255177 0.080551 -0.206484 -0.390448 0.221948 -0.194800 -0.492346 0.338426 -0.080424 -0.576844 0.254689 -0.156357 -0.515830 0.351092 -0.214823 -0.433917 0.409957 -0.046378 -0.455874 0.354674 -0.143989 -0.331302 0.387515 -0.179971 -0.206563 0.345270 0.002032 -0.318532 0.387372 -0.104982 -0.217865 0.349891 -0.138485 -0.128472 0.254212 0.040408 -0.211132 0.379477 -0.072060 -0.172481 0.360815 -0.091543 -0.115531 0.262937 
0.000000 0.000000 0.000000 -0.042286 -0.024555 -0.056858 -0.030599 -0.425848 0.094909 0.026224 -0.326248 0.170328 0.059230 -0.234219 0.201691 0.087316 -0.143590 0.223895 -0.207480 -0.257256 0.071236 -0.215217 -0.393667 0.211390 -0.204418 -0.495444 0.328059 -0.088701 -0.580379 0.250359 -0.165383 -0.516286 0.344135 -0.223785 -0.433119 0.401280 -0.053356 -0.458133 0.351292 -0.148455 -0.330023 0.377148 -0.182125 -0.205180 0.333332 -0.003031 -0.324089 0.382690 -0.108960 -0.223933 0.340994 -0.140112 -0.133939 0.245085 0.032448 -0.215109 0.373764 -0.081504 -0.179013 0.359505 -0.103901 -0.119296 0.263926 
0.000000 0.000000 0.000000 -0.046223 -0.022564 -0.054573 -0.044940 -0.424106 0.096979 0.020139 -0.327250 0.169232 0.058849 -0.236838 0.198723 0.092116 -0.147594 0.219321 -0.211530 -0.257781 0.068685 -0.216953 -0.393660 0.209464 -0.206563 -0.495487 0.326127 -0.099151 -0.581223 0.251236 -0.172694 -0.514473 0.345670 -0.228136 -0.429072 0.402469 -0.058383 -0.457777 0.351637 -0.149992 -0.327005 0.376760 -0.182082 -0.201765 0.332891 -0.007084 -0.322590 0.380418 -0.111618 -0.220834 0.339077 -0.144142 -0.130089 0.244338 0.034249 -0.218546 0.368330 -0.080999 -0.183871 0.370939 -0.112052 -0.120048 0.280576 
0.000000 0.000000 0.000000 -0.049225 -0.021466 -0.052345 -0.051967 -0.422431 0.100706 0.018891 -0.327159 0.169550 0.061316 -0.237744 0.196887 0.097875 -0.149375 0.215589 -0.212689 -0.252428 0.081006 -0.222686 -0.393003 0.216836 -0.214648 -0.499586 0.329363 -0.101031 -0.581969 0.254201 -0.170909 -0.514712 0.351029 -0.223818 -0.429206 0.410041 -0.056275 -0.459527 0.352043 -0.149414 -0.330777 0.381591 -0.183850 -0.205306 0.340230 -0.003635 -0.321886 0.379685 -0.112489 -0.221810 0.346122 -0.150416 -0.130134 0.254334 0.042032 -0.220490 0.365291 -0.073179 -0.187352 0.376223 -0.114400 -0.121857 0.291285 
0.000000 0.000000 0.000000 -0.050765 -0.021073 -0.051017 -0.053358 -0.421764 0.102752 0.020160 -0.327071 0.169574 0.064127 -0.238024 0.195649 0.101996 -0.149981 0.213246 -0.214722 -0.248455 0.087770 -0.218929 -0.391959 0.220812 -0.215732 -0.504254 0.327893 -0.098607 -0.584499 0.254047 -0.166921 -0.521743 0.354928 -0.219019 -0.437914 0.416990 -0.047543 -0.458024 0.355967 -0.141981 -0.332100 0.392700 -0.181246 -0.206828 0.355221 0.004523 -0.321704 0.380470 -0.107584 -0.222989 0.354428 -0.152068 -0.130571 0.266405 0.048131 -0.223254 0.362630 -0.067069 -0.192950 0.380008 -0.116895 -0.126196 0.300861 
0.000000 0.000000 0.000000 -0.052483 -0.020358 -0.049548 -0.057199 -0.420661 0.105182 0.019632 -0.327024 0.169727 0.065713 -0.238640 0.194368 0.105449 -0.151178 0.210706 -0.212636 -0.248252 0.092796 -0.220624 -0.393928 0.223279 -0.217996 -0.507655 0.328854 -0.098459 -0.586223 0.254536 -0.165910 -0.525214 0.357055 -0.217763 -0.442242 0.420459 -0.045476 -0.462555 0.353756 -0.141496 -0.339448 0.395583 -0.181915 -0.213793 0.360708 0.008695 -0.324532 0.378990 -0.105259 -0.226881 0.357325 -0.151898 -0.133690 0.271253 0.049508 -0.224426 0.359338 -0.065366 -0.197110 0.382771 -0.117895 -0.129516 0.306123 
0.000000 0.000000 0.000000 -0.051962 -0.020418 -0.050070 -0.060592 -0.419695 0.107120 0.015893 -0.326024 0.172026 0.062101 -0.237710 0.196681 0.102063 -0.150341 0.212960 -0.216695 -0.246923 0.089232 -0.222271 -0.389636 0.223071 -0.211055 -0.498855 0.332763 -0.103267 -0.582391 0.259203 -0.172039 -0.518707 0.359188 -0.225257 -0.435856 0.421611 -0.051277 -0.460897 0.355798 -0.146406 -0.335815 0.393607 -0.185921 -0.210222 0.357489 0.002110 -0.322118 0.381045 -0.111020 -0.223894 0.357712 -0.155739 -0.130902 0.270416 0.045537 -0.220975 0.362632 -0.069023 -0.190352 0.383359 -0.121150 -0.123123 0.306118 
0.000000 0.000000 0.000000 -0.051497 -0.020958 -0.050326 -0.066609 -0.416583 0.115378 0.010006 -0.322329 0.179279 0.056835 -0.233992 0.202642 0.097523 -0.146715 0.217566 -0.219089 -0.250711 0.079954 -0.232640 -0.388164 0.218642 -0.207706 -0.483316 0.338688 -0.111786 -0.577236 0.268903 -0.184396 -0.499305 0.355138 -0.239932 -0.411152 0.407464 -0.072462 -0.447802 0.363481 -0.162112 -0.314616 0.382164 -0.193577 -0.189954 0.336246 -0.017592 -0.308306 0.386087 -0.121487 -0.206530 0.343210 -0.156507 -0.116908 0.248292 0.034472 -0.214924 0.365750 -0.080664 -0.184037 0.382513 -0.123957 -0.117626 0.299336 
0.000000 0.000000 0.000000 -0.050011 -0.022292 -0.051243 -0.072538 -0.412431 0.126209 0.002564 -0.316569 0.189512 0.049133 -0.227758 0.211562 0.089823 -0.140244 0.225021 -0.218999 -0.253332 0.074892 -0.248112 -0.384659 0.217078 -0.219571 -0.461816 0.348679 -0.131890 -0.561258 0.286672 -0.206686 -0.471246 0.357984 -0.261319 -0.375490 0.395920 -0.099756 -0.423658 0.375353 -0.180000 -0.283680 0.365788 -0.201227 -0.163124 0.305331 -0.042127 -0.286271 0.393115 -0.132785 -0.183667 0.327967 -0.153501 -0.101189 0.222914 0.020333 -0.204674 0.372011 -0.094686 -0.169406 0.376279 -0.120704 -0.106071 0.284003 
0.000000 0.000000 0.000000 -0.046385 -0.024256 -0.053703 -0.067076 -0.413328 0.126299 0.001473 -0.314667 0.192665 0.044058 -0.224287 0.216334 0.081294 -0.135459 0.231113 -0.224360 -0.249167 0.071141 -0.243206 -0.371783 0.222539 -0.211398 -0.443346 0.356531 -0.133576 -0.544917 0.298584 -0.206518 -0.447268 0.361243 -0.259799 -0.348438 0.392657 -0.105309 -0.405831 0.384397 -0.178569 -0.263381 0.362820 -0.195992 -0.145998 0.295315 -0.049423 -0.269792 0.400465 -0.128086 -0.166660 0.321935 -0.142490 -0.089736 0.211739 0.016594 -0.197988 0.381081 -0.095123 -0.154802 0.369015 -0.109667 -0.095699 0.271555 
0.000000 0.000000 0.000000 -0.044669 -0.025808 -0.054429 -0.056049 -0.415043 0.126048 0.008191 -0.314143 0.193350 0.047474 -0.222415 0.217541 0.081612 -0.132423 0.232755 -0.217517 -0.250710 0.077440 -0.236430 -0.374738 0.227675 -0.203753 -0.447809 0.360640 -0.124585 -0.542381 0.300713 -0.197419 -0.445873 0.365239 -0.249877 -0.346423 0.396074 -0.094360 -0.404411 0.387797 -0.167738 -0.262156 0.365349 -0.186764 -0.145422 0.297154 -0.042535 -0.264704 0.404152 -0.120028 -0.162642 0.323103 -0.136250 -0.087363 0.212027 0.022086 -0.190745 0.386513 -0.088923 -0.146183 0.373002 -0.099806 -0.091253 0.272665 
0.000000 0.000000 0.000000 -0.043501 -0.026894 -0.054848 -0.034139 -0.419998 0.117162 0.025097 -0.317398 0.186456 0.059710 -0.224312 0.212520 0.089237 -0.133032 0.229587 -0.202110 -0.258977 0.082364 -0.205425 -0.386465 0.230847 -0.170263 -0.467893 0.358204 -0.086852 -0.558392 0.288884 -0.159800 -0.471074 0.365280 -0.213493 -0.374677 0.402932 -0.058123 -0.421907 0.382993 -0.137867 -0.281870 0.370547 -0.166443 -0.163401 0.309002 -0.012848 -0.279615 0.403284 -0.098918 -0.179618 0.328562 -0.128868 -0.100950 0.222815 0.036521 -0.193868 0.384849 -0.076700 -0.154995 0.372156 -0.089024 -0.101898 0.271002 
0.000000 0.000000 0.000000 -0.041792 -0.027399 -0.055916 -0.014550 -0.424293 0.105138 0.039203 -0.320957 0.177727 0.069102 -0.227085 0.206648 0.094070 -0.135006 0.226485 -0.184743 -0.265228 0.088474 -0.183983 -0.400118 0.230303 -0.147495 -0.490161 0.351330 -0.058223 -0.570952 0.272482 -0.130111 -0.493727 0.359948 -0.184902 -0.402451 0.407486 -0.026032 -0.443210 0.370790 -0.113387 -0.307391 0.377640 -0.150257 -0.186155 0.326830 0.016417 -0.299078 0.398364 -0.082068 -0.200676 0.338293 -0.125142 -0.117849 0.240556 0.054173 -0.204210 0.382065 -0.059907 -0.167353 0.371173 -0.079421 -0.111326 0.272769 
0.000000 0.000000 0.000000 -0.039720 -0.028020 -0.057106 -0.001279 -0.426086 0.098687 0.047351 -0.322012 0.173792 0.073310 -0.227583 0.204641 0.094575 -0.134984 0.226288 -0.175108 -0.266859 0.092803 -0.171773 -0.403547 0.232861 -0.135656 -0.497030 0.351366 -0.038307 -0.575020 0.265623 -0.109822 -0.507945 0.361376 -0.166184 -0.421244 0.415222 -0.007429 -0.448802 0.367177 -0.101049 -0.318310 0.385388 -0.144674 -0.197277 0.339701 0.034389 -0.304934 0.397555 -0.070068 -0.209414 0.343191 -0.122569 -0.126596 0.250170 0.057486 -0.206770 0.381392 -0.056859 -0.169868 0.374001 -0.083282 -0.111520 0.278604 
0.000000 0.000000 0.000000 -0.038985 -0.028613 -0.057319 0.008929 -0.426603 0.096021 0.054970 -0.321858 0.171822 0.078616 -0.227025 0.203286 0.097621 -0.134077 0.225532 -0.166158 -0.268846 0.097475 -0.162958 -0.407598 0.235492 -0.127064 -0.503428 0.352176 -0.026705 -0.575932 0.262909 -0.098430 -0.515478 0.362823 -0.155918 -0.431464 0.419656 0.007175 -0.451948 0.364868 -0.091851 -0.326918 0.391059 -0.140602 -0.206735 0.348413 0.045181 -0.308601 0.395487 -0.065876 -0.216873 0.348126 -0.123708 -0.134459 0.257952 0.065492 -0.210386 0.379580 -0.049683 -0.175879 0.373646 -0.082060 -0.116006 0.281071 
0.000000 0.000000 0.000000 -0.038137 -0.028754 -0.057816 0.012241 -0.426898 0.094331 0.056494 -0.322025 0.171013 0.078887 -0.227097 0.203101 0.096748 -0.134061 0.225917 -0.166333 -0.268638 0.096676 -0.162412 -0.406909 0.235157 -0.127860 -0.503231 0.351840 -0.026043 -0.573289 0.263222 -0.097901 -0.516378 0.365103 -0.155709 -0.433169 0.422789 0.009705 -0.452358 0.364141 -0.090239 -0.328883 0.393968 -0.139711 -0.208616 0.352403 0.048340 -0.310365 0.395056 -0.064021 -0.218626 0.350904 -0.122465 -0.135708 0.261589 0.066748 -0.210369 0.380395 -0.047864 -0.174086 0.374160 -0.081807 -0.113896 0.282355 
0.000000 0.000000 0.000000 -0.039001 -0.028890 -0.057168 0.007381 -0.425937 0.099062 0.053665 -0.320809 0.174181 0.077582 -0.225834 0.205003 0.096866 -0.132793 0.226615 -0.166974 -0.269434 0.096481 -0.167631 -0.407355 0.235364 -0.134224 -0.501683 0.353993 -0.030651 -0.574783 0.265851 -0.102914 -0.520220 0.368725 -0.160823 -0.436776 0.425968 0.003398 -0.450307 0.366997 -0.095797 -0.325782 0.394897 -0.143118 -0.205285 0.351532 0.043143 -0.309621 0.396072 -0.066501 -0.214654 0.351912 -0.118110 -0.130366 0.259716 0.065965 -0.207883 0.381511 -0.048585 -0.171895 0.372876 -0.076800 -0.113140 0.278246 
0.000000 0.000000 0.000000 -0.039456 -0.029409 -0.056588 -0.001238 -0.423633 0.108737 0.046975 -0.317755 0.181555 0.072709 -0.222593 0.210266 0.093789 -0.129483 0.229802 -0.170117 -0.268116 0.097662 -0.178769 -0.402919 0.239311 -0.144082 -0.489149 0.363601 -0.040573 -0.566374 0.280487 -0.114733 -0.497608 0.372972 -0.172891 -0.409187 0.421888 -0.012509 -0.442260 0.375036 -0.107075 -0.312331 0.392369 -0.147612 -0.191887 0.342475 0.027677 -0.299593 0.401987 -0.074733 -0.201392 0.348512 -0.117001 -0.118464 0.250510 0.059888 -0.198389 0.386929 -0.054124 -0.161939 0.374119 -0.073513 -0.107586 0.274756 
0.000000 0.000000 0.000000 -0.040968 -0.030108 -0.055127 -0.016019 -0.418720 0.125327 0.036654 -0.311947 0.193605 0.066116 -0.216760 0.218380 0.090778 -0.123808 0.234099 -0.186785 -0.265635 0.090169 -0.189579 -0.387485 0.243322 -0.153580 -0.460457 0.375481 -0.061738 -0.552729 0.302447 -0.136829 -0.466695 0.378220 -0.193738 -0.371708 0.414716 -0.043124 -0.414301 0.392687 -0.126660 -0.276276 0.382912 -0.157487 -0.158971 0.320234 0.001990 -0.275462 0.411139 -0.085897 -0.176418 0.337268 -0.116239 -0.099135 0.230615 0.046747 -0.185085 0.391872 -0.064433 -0.145409 0.368289 -0.073425 -0.095562 0.265151 
0.000000 0.000000 0.000000 -0.038335 -0.032258 -0.055801 -0.019881 -0.414149 0.139195 0.029242 -0.304747 0.205941 0.057172 -0.208583 0.228628 0.080721 -0.114997 0.242138 -0.191615 -0.258736 0.096052 -0.202359 -0.372982 0.254620 -0.167738 -0.436078 0.392123 -0.081394 -0.525403 0.326969 -0.157059 -0.432200 0.393075 -0.212378 -0.332921 0.419088 -0.061889 -0.390868 0.407814 -0.138041 -0.251176 0.379325 -0.162018 -0.138377 0.306246 -0.020444 -0.247616 0.421413 -0.097083 -0.151288 0.332880 -0.119169 -0.081052 0.219534 0.032438 -0.166979 0.401991 -0.072433 -0.119005 0.367469 -0.073864 -0.073995 0.261756 
0.000000 0.000000 0.000000 -0.039435 -0.032870 -0.054666 -0.019897 -0.411879 0.145774 0.030939 -0.301772 0.210033 0.059780 -0.205442 0.230795 0.084075 -0.111803 0.242493 -0.192364 -0.259523 0.097279 -0.199038 -0.370187 0.258586 -0.163507 -0.430713 0.397010 -0.076285 -0.523808 0.334751 -0.151029 -0.426330 0.395525 -0.206300 -0.326385 0.418960 -0.059812 -0.382759 0.414189 -0.134243 -0.243685 0.378931 -0.158233 -0.133036 0.302638 -0.017955 -0.238981 0.424563 -0.091534 -0.145691 0.330361 -0.113484 -0.078604 0.215098 0.033838 -0.160617 0.402742 -0.070456 -0.113914 0.364890 -0.070317 -0.071319 0.258172 
0.000000 0.000000 0.000000 -0.037697 -0.034150 -0.055105 -0.002982 -0.413355 0.142895 0.042741 -0.301619 0.208175 0.067313 -0.204287 0.229743 0.087505 -0.109776 0.242205 -0.180963 -0.263937 0.101481 -0.179239 -0.376263 0.261766 -0.141908 -0.441659 0.397474 -0.058061 -0.526683 0.331424 -0.134721 -0.434388 0.397658 -0.191633 -0.335926 0.423340 -0.036223 -0.389948 0.414177 -0.116039 -0.252971 0.382692 -0.146625 -0.142238 0.308922 -0.000564 -0.242681 0.426294 -0.080014 -0.150991 0.335347 -0.109264 -0.083280 0.222088 0.042675 -0.161605 0.403109 -0.063362 -0.117491 0.367033 -0.065906 -0.074205 0.260624 
0.000000 0.000000 0.000000 -0.035685 -0.034438 -0.056254 0.023690 -0.417643 0.127686 0.062527 -0.305689 0.196931 0.080991 -0.207848 0.222005 0.095225 -0.112765 0.237881 -0.160512 -0.270406 0.106790 -0.149595 -0.393544 0.258543 -0.110004 -0.473479 0.385546 -0.013436 -0.548563 0.309074 -0.089725 -0.472983 0.394219 -0.149392 -0.380680 0.433118 0.008153 -0.415127 0.400748 -0.085587 -0.283520 0.396649 -0.128599 -0.169451 0.335186 0.037498 -0.267619 0.420120 -0.059047 -0.177944 0.345098 -0.105064 -0.105536 0.240659 0.067074 -0.174048 0.399244 -0.044547 -0.137885 0.372330 -0.058315 -0.091228 0.268231 
0.000000 0.000000 0.000000 -0.033735 -0.034494 -0.057411 0.037853 -0.419183 0.118926 0.071692 -0.307414 0.191035 0.086199 -0.209530 0.218434 0.096687 -0.114356 0.236528 -0.148785 -0.270656 0.112404 -0.135357 -0.399340 0.259275 -0.094241 -0.486116 0.381202 0.009114 -0.554179 0.298843 -0.064760 -0.490654 0.395225 -0.125553 -0.403762 0.443671 0.033643 -0.427184 0.392732 -0.065370 -0.300373 0.408218 -0.116039 -0.184460 0.356874 0.067182 -0.279608 0.417032 -0.041788 -0.190335 0.360937 -0.099737 -0.115471 0.264473 0.080405 -0.183292 0.396431 -0.033281 -0.146834 0.381014 -0.058263 -0.094899 0.281606 
0.000000 0.000000 0.000000 -0.032820 -0.034723 -0.057802 0.043184 -0.419120 0.117318 0.074867 -0.307198 0.190163 0.087739 -0.209237 0.218101 0.096698 -0.114003 0.236693 -0.141759 -0.270485 0.116538 -0.132968 -0.402600 0.260689 -0.091856 -0.491487 0.381087 0.015962 -0.556456 0.295694 -0.057847 -0.497546 0.395012 -0.119369 -0.412508 0.445773 0.041159 -0.429805 0.390925 -0.061423 -0.306953 0.413487 -0.115225 -0.191372 0.364642 0.070451 -0.283084 0.415487 -0.042849 -0.196461 0.364006 -0.104243 -0.121412 0.269844 0.081970 -0.184952 0.395865 -0.031876 -0.148042 0.382904 -0.062546 -0.094191 0.286144 
0.000000 0.000000 0.000000 -0.033026 -0.034682 -0.057709 0.043911 -0.419216 0.116704 0.075810 -0.307350 0.189542 0.088729 -0.209411 0.217533 0.097701 -0.114191 0.236191 -0.142618 -0.269877 0.116988 -0.132916 -0.401902 0.261164 -0.092327 -0.491604 0.381134 0.013245 -0.555695 0.295179 -0.060821 -0.502545 0.397509 -0.122798 -0.418238 0.448931 0.041425 -0.430958 0.389575 -0.062844 -0.309884 0.413945 -0.117789 -0.194414 0.366124 0.071755 -0.283640 0.414803 -0.043711 -0.197802 0.366947 -0.106331 -0.122639 0.273688 0.081296 -0.186124 0.394755 -0.032651 -0.149376 0.382232 -0.065404 -0.094550 0.286710 
0.000000 0.000000 0.000000 -0.032888 -0.034776 -0.057732 0.042280 -0.418960 0.118216 0.074195 -0.306950 0.190826 0.087272 -0.208958 0.218556 0.096431 -0.113704 0.236946 -0.146878 -0.269146 0.115251 -0.133078 -0.398969 0.261083 -0.093702 -0.488790 0.381368 0.012549 -0.554967 0.297208 -0.061434 -0.501055 0.399199 -0.123499 -0.416799 0.450600 0.038284 -0.430268 0.390769 -0.066611 -0.309941 0.416130 -0.121590 -0.194429 0.368448 0.071650 -0.283092 0.415973 -0.044035 -0.196983 0.369142 -0.106819 -0.121760 0.276042 0.079962 -0.185512 0.395561 -0.033851 -0.148000 0.384131 -0.066889 -0.092821 0.288910 
0.000000 0.000000 0.000000 -0.034206 -0.034829 -0.056928 0.037899 -0.418412 0.121595 0.072459 -0.306207 0.192677 0.087344 -0.208162 0.219285 0.098140 -0.112885 0.236636 -0.146593 -0.268603 0.117901 -0.136752 -0.399191 0.263369 -0.097736 -0.488523 0.384134 0.008363 -0.555259 0.299978 -0.065473 -0.502474 0.402663 -0.127450 -0.418167 0.454085 0.035511 -0.430148 0.392045 -0.069778 -0.310286 0.417963 -0.124419 -0.194656 0.370178 0.070049 -0.284232 0.415825 -0.046541 -0.198640 0.370309 -0.107897 -0.123101 0.276515 0.078244 -0.183282 0.395490 -0.036464 -0.147990 0.386119 -0.069368 -0.093528 0.290441 
0.000000 0.000000 0.000000 -0.032114 -0.035021 -0.058018 0.037901 -0.418297 0.121990 0.069233 -0.305928 0.194299 0.082402 -0.207807 0.221523 0.091796 -0.112471 0.239364 -0.147811 -0.265590 0.118896 -0.142044 -0.392626 0.267690 -0.100485 -0.475218 0.392342 0.003215 -0.546786 0.305586 -0.071677 -0.489453 0.405015 -0.133744 -0.403270 0.453113 0.025502 -0.423941 0.395880 -0.075367 -0.299951 0.419888 -0.124811 -0.183169 0.369324 0.063126 -0.281914 0.418628 -0.047416 -0.190805 0.368926 -0.102540 -0.113975 0.272352 0.076970 -0.181005 0.399581 -0.035805 -0.140715 0.387339 -0.065191 -0.087249 0.289969 
0.000000 0.000000 0.000000 -0.032759 -0.035833 -0.057156 0.024909 -0.415293 0.134912 0.059054 -0.301722 0.203995 0.074911 -0.203236 0.228319 0.086972 -0.107712 0.243321 -0.155470 -0.265590 0.116049 -0.158877 -0.386114 0.270236 -0.114720 -0.452725 0.403277 -0.017504 -0.530740 0.325420 -0.095747 -0.457137 0.410525 -0.157468 -0.364691 0.445702 -0.001866 -0.402355 0.410480 -0.093598 -0.269279 0.409767 -0.132796 -0.154857 0.346439 0.035049 -0.264939 0.426605 -0.062763 -0.170816 0.359045 -0.103383 -0.097253 0.253184 0.060294 -0.169316 0.404812 -0.048140 -0.124090 0.378585 -0.065395 -0.074449 0.276403 
0.000000 0.000000 0.000000 -0.032877 -0.037468 -0.056028 0.015021 -0.409877 0.151873 0.050742 -0.294292 0.216690 0.068346 -0.195235 0.237188 0.082191 -0.099439 0.248450 -0.165395 -0.263438 0.114919 -0.170475 -0.375566 0.275271 -0.127942 -0.432711 0.413156 -0.034872 -0.516543 0.345659 -0.114825 -0.431765 0.417785 -0.175461 -0.335297 0.442492 -0.022657 -0.383370 0.424421 -0.109106 -0.248669 0.401908 -0.141874 -0.138794 0.327793 0.010909 -0.238323 0.436081 -0.073677 -0.148201 0.348252 -0.104880 -0.082154 0.234532 0.045119 -0.152053 0.411066 -0.057101 -0.103632 0.369862 -0.065226 -0.059304 0.264164 
0.000000 0.000000 0.000000 -0.032399 -0.038372 -0.055694 0.020034 -0.408282 0.155547 0.054311 -0.291689 0.219329 0.070686 -0.192242 0.238941 0.083346 -0.096185 0.249345 -0.163107 -0.263730 0.117440 -0.167142 -0.374757 0.278586 -0.123819 -0.430668 0.416730 -0.028149 -0.513825 0.350378 -0.108676 -0.429877 0.422835 -0.169881 -0.333425 0.446161 -0.013308 -0.378564 0.429935 -0.098549 -0.244163 0.401741 -0.132528 -0.136344 0.325191 0.017871 -0.233239 0.439549 -0.065264 -0.145578 0.347925 -0.096740 -0.082308 0.232711 0.052823 -0.148974 0.413260 -0.048080 -0.101876 0.367527 -0.054018 -0.059849 0.260749 
0.000000 0.000000 0.000000 -0.030662 -0.038969 -0.056260 0.043189 -0.409576 0.147215 0.071548 -0.292573 0.213117 0.082653 -0.192790 0.234620 0.090168 -0.096411 0.246872 -0.147435 -0.270299 0.118945 -0.132379 -0.382386 0.278698 -0.085531 -0.447635 0.411494 0.007348 -0.525745 0.338632 -0.072519 -0.447284 0.417671 -0.135632 -0.354050 0.447957 0.019248 -0.390297 0.423330 -0.073824 -0.259155 0.407075 -0.115028 -0.150599 0.335262 0.045377 -0.241689 0.436940 -0.045475 -0.156042 0.350909 -0.086253 -0.091757 0.239228 0.070194 -0.153330 0.411029 -0.034634 -0.110819 0.369858 -0.043570 -0.068309 0.263480 
0.000000 0.000000 0.000000 -0.026236 -0.038788 -0.058575 0.068626 -0.410987 0.132931 0.086676 -0.294969 0.204004 0.089966 -0.195581 0.229566 0.090173 -0.099474 0.245652 -0.127013 -0.268022 0.128888 -0.113058 -0.391209 0.280352 -0.062849 -0.467911 0.405582 0.037349 -0.531941 0.322172 -0.039609 -0.469313 0.416708 -0.103715 -0.381435 0.458673 0.052321 -0.403360 0.412680 -0.048934 -0.277540 0.419116 -0.099335 -0.166997 0.356831 0.079177 -0.257171 0.431566 -0.027326 -0.172819 0.364242 -0.080921 -0.106523 0.259358 0.089288 -0.163287 0.408481 -0.022020 -0.124924 0.383378 -0.039197 -0.079559 0.279214 
0.000000 0.000000 0.000000 -0.025024 -0.038545 -0.059262 0.075011 -0.411253 0.128586 0.090331 -0.295799 0.201198 0.091584 -0.196685 0.227977 0.089896 -0.100792 0.245216 -0.128168 -0.265624 0.129530 -0.107596 -0.389161 0.279951 -0.058681 -0.471480 0.402090 0.038883 -0.532731 0.316623 -0.037912 -0.476569 0.415266 -0.102484 -0.391426 0.461895 0.060118 -0.406606 0.409244 -0.043901 -0.283584 0.422292 -0.098624 -0.172582 0.364644 0.084190 -0.260195 0.429535 -0.027347 -0.178277 0.367572 -0.086911 -0.111637 0.266185 0.092739 -0.166871 0.407116 -0.019793 -0.129544 0.386270 -0.042271 -0.082449 0.283899 
0.000000 0.000000 0.000000 -0.025640 -0.037785 -0.059488 0.070234 -0.413107 0.125300 0.087152 -0.298402 0.198741 0.089694 -0.199516 0.226262 0.089230 -0.103743 0.244226 -0.132657 -0.261366 0.131313 -0.119109 -0.389631 0.278540 -0.075620 -0.478707 0.397959 0.032966 -0.534806 0.312971 -0.042448 -0.485171 0.416079 -0.106958 -0.401992 0.466206 0.056267 -0.417200 0.402230 -0.051173 -0.299400 0.428770 -0.106901 -0.186469 0.376041 0.086496 -0.269579 0.425748 -0.030218 -0.185924 0.377060 -0.091016 -0.116025 0.278644 0.086885 -0.170668 0.405787 -0.026505 -0.133992 0.388790 -0.055745 -0.084728 0.289184 
0.000000 0.000000 0.000000 -0.026624 -0.036563 -0.059818 0.056800 -0.415936 0.122725 0.077082 -0.302310 0.196988 0.082643 -0.203738 0.225183 0.085135 -0.108119 0.243790 -0.141068 -0.256923 0.130420 -0.133011 -0.387580 0.275936 -0.094965 -0.480993 0.393890 0.014756 -0.539029 0.308468 -0.059694 -0.494905 0.414733 -0.123269 -0.412797 0.467739 0.044669 -0.422646 0.399332 -0.061990 -0.306110 0.433503 -0.116147 -0.191578 0.382623 0.074297 -0.281846 0.421507 -0.045251 -0.196561 0.383749 -0.101423 -0.122520 0.285613 0.080026 -0.177462 0.404263 -0.033515 -0.140183 0.389774 -0.065362 -0.088513 0.292208 
0.000000 0.000000 0.000000 -0.031739 -0.035549 -0.057903 0.034488 -0.416990 0.127358 0.065721 -0.303924 0.198615 0.079152 -0.205553 0.224787 0.088882 -0.110059 0.241574 -0.153961 -0.256541 0.126679 -0.148045 -0.387111 0.272376 -0.114521 -0.481238 0.391132 -0.002203 -0.549352 0.307786 -0.077323 -0.499143 0.410829 -0.140305 -0.416344 0.463468 0.026178 -0.426668 0.398227 -0.080086 -0.309114 0.430061 -0.130987 -0.193455 0.378376 0.060975 -0.285926 0.419527 -0.057647 -0.199503 0.381437 -0.108890 -0.123492 0.282117 0.075255 -0.179527 0.401495 -0.039446 -0.145431 0.388365 -0.071656 -0.093285 0.291172 
0.000000 0.000000 0.000000 -0.035923 -0.034685 -0.055950 0.020577 -0.416626 0.131490 0.060221 -0.304336 0.199726 0.079398 -0.206409 0.223914 0.094329 -0.111294 0.238929 -0.160991 -0.257324 0.124704 -0.156673 -0.387666 0.270661 -0.125390 -0.481457 0.390292 -0.018688 -0.549718 0.310836 -0.094186 -0.498067 0.412885 -0.156459 -0.413976 0.464306 0.015548 -0.426612 0.398541 -0.090706 -0.308729 0.429168 -0.140121 -0.192606 0.377082 0.054327 -0.287666 0.417518 -0.065140 -0.201745 0.380969 -0.114451 -0.124655 0.281502 0.074528 -0.179872 0.398588 -0.041176 -0.148604 0.387352 -0.074613 -0.096712 0.290437 
0.000000 0.000000 0.000000 -0.035052 -0.034797 -0.056431 0.023628 -0.416981 0.129843 0.061494 -0.304599 0.198935 0.079446 -0.206592 0.223728 0.093266 -0.111397 0.239297 -0.161889 -0.255804 0.124994 -0.159260 -0.385745 0.271348 -0.127747 -0.478855 0.391449 -0.015687 -0.547317 0.311190 -0.090465 -0.494613 0.413232 -0.152339 -0.410310 0.464786 0.015413 -0.423421 0.399515 -0.090077 -0.304999 0.430707 -0.139430 -0.188823 0.378681 0.054779 -0.286656 0.417880 -0.064046 -0.199618 0.381886 -0.113421 -0.122388 0.282560 0.073822 -0.178740 0.399526 -0.041883 -0.146908 0.390015 -0.075616 -0.095314 0.293044 
0.000000 0.000000 0.000000 -0.031611 -0.036358 -0.057469 0.041289 -0.415653 0.129684 0.071374 -0.301711 0.200033 0.083571 -0.202996 0.225510 0.092047 -0.107271 0.241643 -0.148991 -0.258869 0.128427 -0.144632 -0.387576 0.275827 -0.108408 -0.477446 0.397062 0.002695 -0.539127 0.315922 -0.072979 -0.486984 0.417591 -0.136855 -0.403547 0.468102 0.031307 -0.417117 0.403873 -0.075013 -0.298755 0.432350 -0.127261 -0.184578 0.378749 0.067459 -0.277833 0.422623 -0.051034 -0.191270 0.384455 -0.103216 -0.117359 0.284044 0.080697 -0.173855 0.402963 -0.034159 -0.140211 0.390027 -0.067413 -0.090005 0.292167 
0.000000 0.000000 0.000000 -0.029894 -0.037281 -0.057796 0.056292 -0.414346 0.128213 0.081651 -0.299651 0.199198 0.089958 -0.200656 0.225147 0.094712 -0.104749 0.241720 -0.137708 -0.263619 0.129271 -0.126878 -0.391243 0.277278 -0.084903 -0.478263 0.398737 0.021645 -0.534313 0.317495 -0.054827 -0.480967 0.417935 -0.120567 -0.398687 0.467949 0.044161 -0.413642 0.404320 -0.064204 -0.297069 0.432468 -0.118981 -0.184267 0.378482 0.076886 -0.271252 0.424041 -0.041003 -0.185928 0.381465 -0.096091 -0.114347 0.280919 0.086487 -0.169842 0.403835 -0.027278 -0.134263 0.387010 -0.060719 -0.085115 0.288677 
0.000000 0.000000 0.000000 -0.027318 -0.037975 -0.058613 0.071400 -0.412773 0.125739 0.090720 -0.297763 0.198102 0.094431 -0.198745 0.225010 0.094882 -0.102876 0.242456 -0.130550 -0.265951 0.129047 -0.112793 -0.391017 0.278561 -0.065337 -0.474409 0.400546 0.041312 -0.532580 0.315901 -0.035336 -0.481414 0.417337 -0.102553 -0.400391 0.467439 0.058282 -0.413119 0.403321 -0.051557 -0.298032 0.431867 -0.108752 -0.186210 0.378351 0.087123 -0.266792 0.425085 -0.031350 -0.182648 0.381785 -0.089501 -0.112870 0.281697 0.093516 -0.167827 0.404832 -0.019425 -0.130588 0.386152 -0.053778 -0.082009 0.287852 
0.000000 0.000000 0.000000 -0.024575 -0.038724 -0.059333 0.084043 -0.410337 0.125899 0.097436 -0.294989 0.199060 0.096836 -0.196016 0.226378 0.093305 -0.100271 0.244153 -0.119963 -0.267142 0.131907 -0.107937 -0.394088 0.280403 -0.057101 -0.474791 0.402835 0.048263 -0.526326 0.317436 -0.028932 -0.482211 0.421729 -0.097515 -0.402093 0.471434 0.067789 -0.407668 0.406180 -0.043310 -0.293832 0.434865 -0.102619 -0.183351 0.380866 0.092990 -0.265240 0.426145 -0.027350 -0.184303 0.381892 -0.087554 -0.116046 0.281970 0.096721 -0.166720 0.405891 -0.016907 -0.130977 0.388507 -0.051262 -0.082433 0.290189 
0.000000 0.000000 0.000000 -0.022944 -0.039132 -0.059717 0.089639 -0.408800 0.127033 0.099781 -0.293272 0.200432 0.096940 -0.194343 0.227771 0.091375 -0.098691 0.245524 -0.119272 -0.266884 0.131846 -0.102509 -0.390927 0.282323 -0.050247 -0.469579 0.405487 0.055328 -0.524510 0.319007 -0.023137 -0.478112 0.421343 -0.092721 -0.398487 0.470445 0.073449 -0.406403 0.407753 -0.038182 -0.292712 0.434908 -0.098565 -0.183046 0.380443 0.095357 -0.262130 0.428061 -0.024861 -0.182038 0.381977 -0.086024 -0.115001 0.281812 0.096738 -0.165561 0.407035 -0.016221 -0.128192 0.388724 -0.050091 -0.079361 0.290381 
0.000000 0.000000 0.000000 -0.022999 -0.039131 -0.059697 0.089304 -0.408840 0.127141 0.099576 -0.293297 0.200497 0.096834 -0.194357 0.227805 0.091363 -0.098693 0.245527 -0.117800 -0.267495 0.131900 -0.101302 -0.392070 0.281966 -0.048489 -0.470650 0.404941 0.057942 -0.523099 0.320484 -0.019962 -0.475755 0.422814 -0.089646 -0.396198 0.471886 0.073609 -0.405135 0.408565 -0.037307 -0.290609 0.435139 -0.097793 -0.180910 0.380854 0.096114 -0.261626 0.428274 -0.024014 -0.180904 0.383063 -0.085168 -0.113787 0.282946 0.097570 -0.166814 0.406484 -0.015399 -0.129433 0.388264 -0.049174 -0.080000 0.290189 
0.000000 0.000000 0.000000 -0.024536 -0.039150 -0.059069 0.085255 -0.409337 0.128315 0.098421 -0.293510 0.200755 0.097589 -0.194373 0.227469 0.093825 -0.098531 0.244662 -0.119147 -0.267889 0.132173 -0.103747 -0.392732 0.282134 -0.049990 -0.470291 0.405347 0.057827 -0.528725 0.319141 -0.020222 -0.478805 0.420127 -0.089451 -0.398914 0.469301 0.071578 -0.406867 0.407888 -0.038880 -0.291769 0.433893 -0.098539 -0.181575 0.379694 0.095842 -0.264395 0.426987 -0.023866 -0.183644 0.380728 -0.084142 -0.115675 0.280653 0.099153 -0.167024 0.405493 -0.014572 -0.131791 0.387704 -0.048011 -0.082554 0.289415 
0.000000 0.000000 0.000000 -0.024252 -0.039255 -0.059117 0.084490 -0.409119 0.129513 0.097330 -0.293157 0.201799 0.096395 -0.193970 0.228319 0.092575 -0.098095 0.245313 -0.118432 -0.268104 0.132207 -0.109025 -0.393348 0.282329 -0.054519 -0.467285 0.407426 0.051497 -0.527839 0.319874 -0.027523 -0.480625 0.421406 -0.097013 -0.399855 0.468738 0.067954 -0.405158 0.409326 -0.041276 -0.288262 0.432322 -0.098914 -0.177954 0.376203 0.091729 -0.260686 0.428921 -0.026414 -0.178129 0.381833 -0.084306 -0.110500 0.280132 0.095606 -0.165815 0.406530 -0.017641 -0.129751 0.387407 -0.048699 -0.080824 0.288187 
0.000000 0.000000 0.000000 -0.023597 -0.039756 -0.059047 0.077572 -0.408290 0.136279 0.090366 -0.291545 0.207299 0.090042 -0.192017 0.232526 0.086971 -0.095893 0.248217 -0.123616 -0.268887 0.128945 -0.119459 -0.389163 0.283307 -0.063731 -0.450394 0.414578 0.039335 -0.514002 0.333213 -0.042954 -0.457438 0.427081 -0.113340 -0.372579 0.465000 0.049470 -0.394609 0.417489 -0.055432 -0.272069 0.427690 -0.106113 -0.162555 0.363835 0.073705 -0.254570 0.433856 -0.035985 -0.168875 0.373729 -0.084517 -0.102147 0.266677 0.084032 -0.160507 0.410706 -0.024875 -0.117655 0.382523 -0.048417 -0.069835 0.280728 
0.000000 0.000000 0.000000 -0.024001 -0.041260 -0.057840 0.065902 -0.404913 0.151633 0.080923 -0.286038 0.218566 0.082854 -0.185688 0.240211 0.082049 -0.089014 0.252420 -0.134308 -0.267687 0.127657 -0.131959 -0.379449 0.288327 -0.078060 -0.429726 0.424907 0.022660 -0.503672 0.351125 -0.063599 -0.435521 0.432958 -0.134161 -0.346986 0.460810 0.026989 -0.376936 0.431411 -0.072669 -0.250117 0.420938 -0.116839 -0.143762 0.347610 0.047668 -0.233583 0.443144 -0.052247 -0.148265 0.367457 -0.092019 -0.086091 0.254229 0.066045 -0.147743 0.416374 -0.036038 -0.100536 0.373458 -0.052601 -0.055178 0.269192 
0.000000 0.000000 0.000000 -0.023742 -0.042263 -0.057219 0.061711 -0.402186 0.160401 0.076921 -0.282081 0.225057 0.079337 -0.181328 0.244687 0.079080 -0.084424 0.254931 -0.138080 -0.266674 0.128288 -0.140869 -0.376900 0.290009 -0.087454 -0.422123 0.428532 0.015389 -0.497240 0.360998 -0.072566 -0.423578 0.435962 -0.143200 -0.333808 0.459316 0.013435 -0.367347 0.437598 -0.085623 -0.240987 0.419018 -0.126827 -0.136581 0.341294 0.036359 -0.225487 0.446966 -0.058286 -0.143216 0.361732 -0.094706 -0.083525 0.246067 0.055894 -0.141579 0.418583 -0.043413 -0.095608 0.368422 -0.057144 -0.051248 0.263319 
0.000000 0.000000 0.000000 -0.022355 -0.042502 -0.057600 0.063765 -0.401537 0.161221 0.076583 -0.281299 0.226148 0.077540 -0.180535 0.245847 0.076016 -0.083645 0.256117 -0.134272 -0.264245 0.132534 -0.141119 -0.375594 0.293362 -0.087941 -0.420384 0.432117 0.015404 -0.492914 0.363042 -0.072323 -0.420747 0.439709 -0.142817 -0.330667 0.462279 0.014542 -0.365288 0.439622 -0.084078 -0.238644 0.420647 -0.125354 -0.134625 0.342444 0.036373 -0.223590 0.448739 -0.058684 -0.141237 0.364045 -0.095371 -0.082119 0.248170 0.057026 -0.140620 0.420372 -0.041974 -0.093074 0.371079 -0.055668 -0.049045 0.265831 
0.000000 0.000000 0.000000 -0.021719 -0.042353 -0.057952 0.078603 -0.401593 0.154387 0.088403 -0.281965 0.220948 0.086393 -0.181520 0.242142 0.081908 -0.084890 0.253882 -0.126002 -0.266363 0.133857 -0.121055 -0.379330 0.293623 -0.067321 -0.434777 0.428253 0.033534 -0.499471 0.353908 -0.053286 -0.433744 0.437121 -0.124439 -0.345607 0.464728 0.036427 -0.370630 0.435217 -0.067400 -0.247154 0.425309 -0.116325 -0.142368 0.352743 0.058281 -0.227006 0.446726 -0.043892 -0.147429 0.367865 -0.091398 -0.088071 0.256116 0.066038 -0.142459 0.418260 -0.035444 -0.096754 0.372394 -0.053462 -0.052318 0.267972 
0.000000 0.000000 0.000000 -0.019153 -0.041407 -0.059519 0.096071 -0.402295 0.142196 0.099584 -0.284582 0.212682 0.092630 -0.185089 0.237082 0.083470 -0.089213 0.251883 -0.114079 -0.264504 0.138125 -0.107212 -0.385036 0.292190 -0.052662 -0.453195 0.420508 0.056272 -0.506645 0.339546 -0.026466 -0.453723 0.435126 -0.097950 -0.369879 0.473250 0.061860 -0.383240 0.425562 -0.049067 -0.266008 0.434321 -0.107886 -0.159692 0.372060 0.080375 -0.232701 0.442743 -0.033141 -0.156488 0.377195 -0.095461 -0.096789 0.273174 0.077792 -0.149021 0.416130 -0.028775 -0.106848 0.379303 -0.056608 -0.061414 0.277499 
0.000000 0.000000 0.000000 -0.018393 -0.040900 -0.060106 0.107956 -0.401861 0.134697 0.108696 -0.285311 0.207171 0.099177 -0.186477 0.233316 0.087490 -0.091153 0.249815 -0.098065 -0.266064 0.141883 -0.094661 -0.393963 0.290009 -0.038817 -0.468997 0.413857 0.074022 -0.514024 0.328831 -0.005717 -0.469249 0.430905 -0.077068 -0.388648 0.475689 0.086140 -0.392527 0.418051 -0.029217 -0.281301 0.439173 -0.095864 -0.175384 0.384594 0.101236 -0.240037 0.437866 -0.021612 -0.167775 0.386124 -0.093402 -0.108183 0.288333 0.090829 -0.154772 0.412689 -0.020910 -0.118792 0.386022 -0.057449 -0.072362 0.287471 
0.000000 0.000000 0.000000 -0.017126 -0.040845 -0.060516 0.119592 -0.399788 0.130988 0.116838 -0.283965 0.204572 0.104393 -0.185709 0.231648 0.089895 -0.090931 0.249041 -0.092492 -0.266306 0.142791 -0.083334 -0.393570 0.291219 -0.024811 -0.468890 0.413649 0.087158 -0.511926 0.325393 0.009391 -0.474690 0.431919 -0.062781 -0.396399 0.479404 0.100209 -0.390567 0.416313 -0.017452 -0.282833 0.442266 -0.087765 -0.178423 0.389409 0.113112 -0.238941 0.436108 -0.012438 -0.169126 0.387590 -0.088140 -0.111039 0.291866 0.098635 -0.154005 0.411926 -0.013827 -0.118228 0.388188 -0.054377 -0.072162 0.291045 
0.000000 0.000000 0.000000 -0.015824 -0.041182 -0.060643 0.132372 -0.396163 0.129704 0.125928 -0.280721 0.203655 0.110350 -0.182999 0.231043 0.092827 -0.088790 0.248738 -0.075850 -0.267203 0.147101 -0.070015 -0.396275 0.294131 -0.006395 -0.466576 0.417001 0.104084 -0.506021 0.326048 0.025825 -0.467684 0.431822 -0.047858 -0.390796 0.479279 0.112917 -0.386672 0.415974 -0.006540 -0.281170 0.442880 -0.078644 -0.178346 0.389330 0.122186 -0.235865 0.435441 -0.004067 -0.167683 0.386429 -0.080514 -0.110981 0.290467 0.108311 -0.151174 0.411387 -0.004000 -0.115122 0.387350 -0.045748 -0.069965 0.290288 
0.000000 0.000000 0.000000 -0.015777 -0.041452 -0.060471 0.136628 -0.394679 0.129815 0.129540 -0.279142 0.203559 0.113228 -0.181507 0.230827 0.094952 -0.087422 0.248420 -0.072455 -0.270594 0.144779 -0.065963 -0.399182 0.292204 0.000677 -0.461902 0.417552 0.108141 -0.502412 0.327305 0.028368 -0.462322 0.431282 -0.046277 -0.384504 0.475618 0.117156 -0.382137 0.417366 -0.000934 -0.273099 0.434405 -0.072058 -0.171287 0.377705 0.122471 -0.232038 0.435948 0.000718 -0.161948 0.378901 -0.071896 -0.105505 0.279858 0.106785 -0.147132 0.412374 -0.002083 -0.106785 0.380574 -0.040574 -0.062362 0.281841 
0.000000 0.000000 0.000000 -0.014338 -0.041445 -0.060833 0.143007 -0.392583 0.129299 0.132895 -0.277584 0.203528 0.114391 -0.180425 0.231101 0.094093 -0.086807 0.248962 -0.072646 -0.272008 0.142359 -0.061898 -0.396823 0.292748 0.004871 -0.453985 0.420659 0.113807 -0.496916 0.328502 0.032685 -0.454382 0.430444 -0.042688 -0.375765 0.472056 0.116379 -0.378179 0.418195 -0.002194 -0.269288 0.432604 -0.072170 -0.168138 0.373347 0.122198 -0.230420 0.436414 0.002214 -0.160236 0.375842 -0.068077 -0.104337 0.274834 0.108473 -0.146110 0.412861 0.001429 -0.103000 0.378589 -0.034609 -0.058845 0.278816 
0.000000 0.000000 0.000000 -0.013951 -0.041508 -0.060880 0.151194 -0.390243 0.127046 0.139406 -0.275698 0.201727 0.119258 -0.178996 0.229748 0.097321 -0.085835 0.248057 -0.067367 -0.274452 0.140937 -0.055561 -0.400821 0.289942 0.012163 -0.457695 0.417480 0.121843 -0.494831 0.326093 0.040460 -0.455482 0.429101 -0.036049 -0.377976 0.470722 0.126067 -0.374867 0.417278 0.006058 -0.267417 0.430573 -0.066153 -0.167853 0.371312 0.126885 -0.224528 0.436103 0.006109 -0.156571 0.374574 -0.066012 -0.102914 0.273640 0.110967 -0.145365 0.411935 0.004416 -0.102767 0.375554 -0.032114 -0.058579 0.275974 
0.000000 0.000000 0.000000 -0.012068 -0.040796 -0.061757 0.162581 -0.387483 0.121305 0.146446 -0.274781 0.197955 0.122944 -0.179313 0.227548 0.097852 -0.087260 0.247350 -0.052415 -0.271099 0.146039 -0.046993 -0.404259 0.289392 0.022164 -0.468709 0.412479 0.136622 -0.498452 0.317346 0.058089 -0.467634 0.425350 -0.018559 -0.393364 0.472277 0.143397 -0.378268 0.411860 0.019546 -0.276696 0.433514 -0.058890 -0.178797 0.379638 0.141500 -0.229159 0.432206 0.014211 -0.166378 0.378850 -0.065222 -0.114217 0.282737 0.121728 -0.149107 0.409187 0.010672 -0.112872 0.380122 -0.032702 -0.068986 0.283189 
0.000000 0.000000 0.000000 -0.012776 -0.040357 -0.061903 0.164551 -0.388146 0.116430 0.149219 -0.276035 0.194102 0.125962 -0.180819 0.224687 0.101000 -0.088949 0.245476 -0.055300 -0.272648 0.143227 -0.036592 -0.403267 0.287795 0.030484 -0.476141 0.407282 0.141364 -0.504776 0.309511 0.067333 -0.483960 0.422949 -0.008585 -0.412971 0.475771 0.152684 -0.385212 0.405154 0.025730 -0.291215 0.439385 -0.057771 -0.194192 0.391915 0.153622 -0.235157 0.427162 0.018993 -0.178291 0.386760 -0.067714 -0.127524 0.296358 0.129706 -0.153580 0.405429 0.014325 -0.124841 0.386648 -0.036745 -0.080766 0.293631 
0.000000 0.000000 0.000000 -0.011808 -0.040053 -0.062291 0.168643 -0.386878 0.114782 0.151315 -0.275553 0.193162 0.126621 -0.180872 0.224274 0.100336 -0.089484 0.245553 -0.047706 -0.268899 0.147917 -0.036409 -0.403291 0.289769 0.025675 -0.484295 0.406691 0.142680 -0.501195 0.308889 0.072263 -0.487985 0.425718 -0.003295 -0.419037 0.481666 0.159712 -0.385479 0.403686 0.032926 -0.294773 0.446376 -0.053376 -0.198028 0.403576 0.158421 -0.238180 0.425317 0.020504 -0.182886 0.395116 -0.068488 -0.131521 0.307308 0.125869 -0.152832 0.406554 0.010636 -0.122651 0.389179 -0.045648 -0.078541 0.299238 
0.000000 0.000000 0.000000 -0.011259 -0.040316 -0.062223 0.169049 -0.385930 0.117349 0.150841 -0.274374 0.195200 0.125643 -0.179657 0.225795 0.098931 -0.088275 0.246559 -0.030563 -0.262918 0.156688 -0.042643 -0.402207 0.293669 0.017734 -0.485352 0.409980 0.138846 -0.497787 0.312275 0.069474 -0.487675 0.430034 -0.005856 -0.419401 0.487106 0.160182 -0.385791 0.404899 0.033800 -0.296844 0.452234 -0.052713 -0.199672 0.410853 0.160422 -0.238413 0.425925 0.021927 -0.182618 0.399527 -0.067283 -0.130466 0.312407 0.126440 -0.150870 0.407529 0.010962 -0.120512 0.392217 -0.047360 -0.076664 0.303453 
0.000000 0.000000 0.000000 -0.013418 -0.041108 -0.061270 0.161068 -0.388088 0.121390 0.147163 -0.274725 0.197500 0.124984 -0.178850 0.226799 0.101030 -0.086443 0.246357 -0.054804 -0.269603 0.148309 -0.043542 -0.402116 0.291922 0.020155 -0.478833 0.410851 0.137468 -0.503254 0.315297 0.064685 -0.483747 0.429771 -0.010853 -0.415143 0.486168 0.153177 -0.388270 0.406177 0.027942 -0.295552 0.449121 -0.055507 -0.196548 0.405834 0.157222 -0.241286 0.426239 0.020831 -0.181366 0.397991 -0.064210 -0.126050 0.308681 0.126048 -0.150013 0.407352 0.010156 -0.120865 0.392835 -0.047708 -0.076687 0.303935 
0.000000 0.000000 0.000000 -0.014870 -0.042043 -0.060292 0.146915 -0.390645 0.130776 0.137083 -0.275077 0.204153 0.118367 -0.177794 0.231138 0.097755 -0.084144 0.248465 -0.063010 -0.270591 0.147782 -0.059445 -0.400340 0.294286 0.009005 -0.458172 0.421002 0.122593 -0.501314 0.327197 0.040925 -0.463613 0.430595 -0.036490 -0.389368 0.476285 0.127798 -0.381309 0.416527 0.006249 -0.277367 0.439901 -0.068301 -0.176555 0.385877 0.133419 -0.234931 0.434171 0.007424 -0.166660 0.384620 -0.065995 -0.109668 0.286490 0.121600 -0.147086 0.409884 0.008527 -0.112329 0.387572 -0.040869 -0.067417 0.294052 
0.000000 0.000000 0.000000 -0.016171 -0.043454 -0.058942 0.129991 -0.391549 0.145196 0.124391 -0.273221 0.214509 0.109480 -0.174389 0.238010 0.092589 -0.079440 0.251968 -0.083753 -0.270961 0.144823 -0.081500 -0.390142 0.300071 -0.014174 -0.427677 0.434774 0.096314 -0.484237 0.349390 0.009360 -0.432893 0.442044 -0.068734 -0.352349 0.473779 0.096442 -0.363353 0.432614 -0.018914 -0.250165 0.430188 -0.083187 -0.151040 0.361758 0.100615 -0.217555 0.444824 -0.011111 -0.145291 0.372119 -0.070311 -0.090872 0.263482 0.102624 -0.135054 0.417475 -0.002654 -0.091863 0.378202 -0.038090 -0.049462 0.277457 
0.000000 0.000000 0.000000 -0.014703 -0.044172 -0.058792 0.126956 -0.389610 0.152893 0.119554 -0.270481 0.220645 0.103964 -0.171401 0.242610 0.086628 -0.076319 0.255034 -0.088867 -0.269017 0.145636 -0.091481 -0.385579 0.302854 -0.023891 -0.414558 0.439524 0.089489 -0.475050 0.359572 0.000148 -0.417871 0.446352 -0.078039 -0.335057 0.471289 0.082335 -0.349186 0.441766 -0.030986 -0.234590 0.429487 -0.091217 -0.138062 0.354028 0.085925 -0.202766 0.450947 -0.017306 -0.131260 0.365970 -0.069872 -0.080967 0.252060 0.091137 -0.126090 0.422631 -0.008007 -0.080918 0.371433 -0.036784 -0.042008 0.267216 
0.000000 0.000000 0.000000 -0.013991 -0.044454 -0.058754 0.127283 -0.388483 0.155468 0.118767 -0.269136 0.222705 0.102555 -0.170044 0.244159 0.084699 -0.074993 0.256073 -0.089499 -0.267916 0.146696 -0.090962 -0.381150 0.306343 -0.024129 -0.406906 0.444027 0.087036 -0.468853 0.363653 -0.003317 -0.410642 0.448682 -0.082083 -0.327683 0.471196 0.078978 -0.340102 0.445987 -0.033077 -0.225303 0.426248 -0.093223 -0.130901 0.348081 0.080366 -0.196492 0.452778 -0.021207 -0.126943 0.364253 -0.072438 -0.078924 0.248765 0.083915 -0.119132 0.425299 -0.011149 -0.073211 0.367458 -0.037953 -0.036828 0.261813 
0.000000 0.000000 0.000000 -0.011560 -0.044181 -0.059483 0.142455 -0.384836 0.151323 0.128246 -0.266918 0.220102 0.107615 -0.168921 0.242757 0.085599 -0.074897 0.255801 -0.083782 -0.274309 0.139694 -0.076721 -0.386150 0.300171 -0.010531 -0.414203 0.437716 0.100983 -0.468864 0.357816 0.008736 -0.416530 0.444612 -0.072797 -0.336995 0.469507 0.091091 -0.340558 0.442972 -0.027029 -0.231631 0.425447 -0.092147 -0.139705 0.348319 0.088553 -0.194440 0.451800 -0.015704 -0.131826 0.361242 -0.072594 -0.087053 0.247106 0.083547 -0.120155 0.424721 -0.011673 -0.079352 0.363406 -0.039115 -0.043725 0.257666 
0.000000 0.000000 0.000000 -0.007803 -0.044066 -0.060177 0.160099 -0.378144 0.150550 0.137911 -0.261978 0.220194 0.111420 -0.165526 0.243378 0.083975 -0.073007 0.256884 -0.064212 -0.275801 0.142217 -0.066203 -0.399025 0.294279 -0.000756 -0.426193 0.432357 0.121762 -0.469623 0.354467 0.026519 -0.420296 0.439777 -0.057935 -0.344556 0.466685 0.107788 -0.344945 0.440837 -0.015780 -0.242441 0.422171 -0.085745 -0.153086 0.346278 0.092670 -0.193163 0.452180 -0.013896 -0.136612 0.360330 -0.073549 -0.094540 0.246578 0.083255 -0.118826 0.425663 -0.011823 -0.082608 0.361322 -0.040225 -0.048189 0.255436 
0.000000 0.000000 0.000000 -0.007454 -0.043938 -0.060314 0.166629 -0.376264 0.148156 0.143052 -0.260729 0.218389 0.115222 -0.164784 0.242108 0.086447 -0.072749 0.256136 -0.057508 -0.278084 0.140973 -0.058032 -0.403820 0.290979 0.007854 -0.431339 0.428778 0.126195 -0.467605 0.351729 0.030835 -0.421814 0.438859 -0.054498 -0.347268 0.466324 0.116584 -0.343711 0.439496 -0.007867 -0.242175 0.421410 -0.080041 -0.153488 0.346813 0.099256 -0.194055 0.450919 -0.008725 -0.138147 0.360336 -0.070004 -0.096036 0.247466 0.088627 -0.117694 0.425137 -0.007632 -0.083373 0.361518 -0.037338 -0.050048 0.255640 
0.000000 0.000000 0.000000 -0.007725 -0.043107 -0.060877 0.179074 -0.374401 0.138010 0.154253 -0.260664 0.210707 0.124619 -0.165847 0.236667 0.093919 -0.074799 0.252894 -0.041039 -0.271060 0.150721 -0.048894 -0.405874 0.292405 0.022565 -0.436402 0.426750 0.137141 -0.463505 0.342270 0.047056 -0.426404 0.438655 -0.037409 -0.352719 0.470741 0.136397 -0.343864 0.432593 0.009365 -0.244183 0.425436 -0.066646 -0.155549 0.354687 0.119143 -0.193005 0.446300 0.005094 -0.137709 0.363077 -0.062016 -0.096666 0.253170 0.102487 -0.118687 0.421970 0.004021 -0.082473 0.362944 -0.029671 -0.049093 0.258284 
0.000000 0.000000 0.000000 -0.008594 -0.043210 -0.060687 0.180818 -0.374244 0.136149 0.157066 -0.260369 0.208987 0.127842 -0.165492 0.235191 0.097414 -0.074402 0.251686 -0.038621 -0.273332 0.149047 -0.042736 -0.408864 0.290204 0.030769 -0.442956 0.422573 0.144928 -0.469245 0.338897 0.056572 -0.433685 0.437440 -0.027235 -0.360452 0.472178 0.142197 -0.348017 0.429375 0.014343 -0.249169 0.426708 -0.063041 -0.159539 0.358756 0.128683 -0.196517 0.444358 0.012390 -0.141352 0.364210 -0.057671 -0.099393 0.256512 0.111410 -0.120873 0.419707 0.009519 -0.088773 0.364218 -0.026809 -0.055310 0.260470 
0.000000 0.000000 0.000000 -0.010709 -0.042523 -0.060836 0.175299 -0.379130 0.129696 0.155442 -0.265363 0.203857 0.128794 -0.170095 0.231357 0.100671 -0.078508 0.249144 -0.032313 -0.268415 0.154461 -0.045831 -0.409763 0.289180 0.029243 -0.452053 0.418262 0.144556 -0.481189 0.329843 0.059615 -0.447943 0.432126 -0.022111 -0.374845 0.471758 0.145864 -0.359241 0.421961 0.019201 -0.259043 0.428399 -0.059029 -0.166195 0.365960 0.137963 -0.208719 0.439053 0.015226 -0.149283 0.372767 -0.057972 -0.103004 0.268996 0.122533 -0.125070 0.416298 0.015449 -0.092118 0.372270 -0.025872 -0.058075 0.270600 
0.000000 0.000000 0.000000 -0.012671 -0.041229 -0.061348 0.166483 -0.385818 0.121320 0.150737 -0.272762 0.197527 0.127082 -0.177258 0.226883 0.101725 -0.085236 0.246491 -0.035955 -0.267359 0.153523 -0.050524 -0.408857 0.287974 0.024997 -0.462083 0.412676 0.134862 -0.493732 0.318233 0.054973 -0.468221 0.426625 -0.024092 -0.395509 0.471956 0.146043 -0.375194 0.411910 0.021213 -0.274853 0.433678 -0.057397 -0.177601 0.378889 0.145895 -0.227916 0.431318 0.018306 -0.163578 0.380598 -0.057704 -0.110955 0.282002 0.130407 -0.137327 0.410960 0.018669 -0.104138 0.380886 -0.029587 -0.066393 0.283676 
0.000000 0.000000 0.000000 -0.013509 -0.040507 -0.061649 0.155998 -0.390742 0.119481 0.142903 -0.277789 0.196339 0.121621 -0.181887 0.226211 0.098583 -0.089363 0.246306 -0.041881 -0.266617 0.152630 -0.059634 -0.408101 0.286713 0.014130 -0.467154 0.409832 0.124461 -0.499657 0.315856 0.046316 -0.474468 0.425587 -0.031213 -0.401768 0.473515 0.138343 -0.384301 0.408728 0.014509 -0.284409 0.437209 -0.063685 -0.185077 0.385651 0.143253 -0.239138 0.428617 0.013879 -0.172436 0.386145 -0.062442 -0.116254 0.289777 0.128012 -0.145817 0.409196 0.014290 -0.113637 0.386325 -0.037620 -0.073261 0.292100 
0.000000 0.000000 0.000000 -0.014635 -0.040618 -0.061318 0.146234 -0.393656 0.122232 0.136139 -0.279826 0.198245 0.117346 -0.183191 0.227414 0.096696 -0.089961 0.246836 -0.048357 -0.266300 0.152638 -0.069457 -0.407517 0.286517 0.002595 -0.466752 0.410560 0.117216 -0.499493 0.320668 0.038904 -0.470308 0.429284 -0.038549 -0.397199 0.476711 0.128867 -0.384283 0.411576 0.006378 -0.282823 0.440332 -0.070095 -0.182673 0.387784 0.134145 -0.240871 0.430157 0.005776 -0.171432 0.389042 -0.067396 -0.113543 0.291252 0.125392 -0.146271 0.409907 0.011976 -0.111743 0.389026 -0.040734 -0.070466 0.295641 
0.000000 0.000000 0.000000 -0.016500 -0.041997 -0.059899 0.130029 -0.395124 0.135128 0.124919 -0.278495 0.207299 0.110264 -0.180238 0.233243 0.093582 -0.085629 0.249562 -0.076758 -0.270463 0.145084 -0.083769 -0.399468 0.292121 -0.013760 -0.441719 0.424032 0.097820 -0.490482 0.338326 0.012516 -0.444671 0.435314 -0.066003 -0.366138 0.470820 0.099416 -0.372023 0.424270 -0.017774 -0.260890 0.430625 -0.084871 -0.160493 0.366923 0.106643 -0.227751 0.439260 -0.009919 -0.153963 0.376337 -0.071172 -0.097604 0.269849 0.113763 -0.140961 0.414235 0.004156 -0.102024 0.383227 -0.040037 -0.060537 0.285611 
0.000000 0.000000 0.000000 -0.016794 -0.043898 -0.058436 0.122099 -0.392024 0.150663 0.118505 -0.272729 0.218433 0.105383 -0.173339 0.240612 0.090241 -0.077917 0.253291 -0.089906 -0.268890 0.146209 -0.094952 -0.387778 0.301616 -0.026794 -0.417294 0.437888 0.084186 -0.475386 0.358108 -0.005375 -0.418420 0.444803 -0.084150 -0.336311 0.470210 0.081889 -0.347731 0.440938 -0.030631 -0.232572 0.426719 -0.092507 -0.136269 0.352311 0.084308 -0.204584 0.448682 -0.021985 -0.132562 0.368026 -0.074373 -0.082005 0.254151 0.100396 -0.125878 0.421169 -0.003222 -0.084444 0.376027 -0.036282 -0.047274 0.272448 
0.000000 0.000000 0.000000 -0.014961 -0.044657 -0.058359 0.130298 -0.387866 0.154509 0.122834 -0.268307 0.221496 0.106903 -0.169160 0.242905 0.089168 -0.074086 0.254816 -0.086875 -0.269007 0.147412 -0.087858 -0.385081 0.305010 -0.018280 -0.412640 0.440974 0.091001 -0.468025 0.362957 0.000436 -0.409700 0.447681 -0.078742 -0.327213 0.470484 0.087400 -0.338921 0.445622 -0.025593 -0.225276 0.424594 -0.088363 -0.131907 0.347255 0.088566 -0.193927 0.452104 -0.015244 -0.125270 0.365498 -0.067338 -0.078929 0.249711 0.099371 -0.115693 0.424378 0.000164 -0.072367 0.371727 -0.028142 -0.039334 0.265375 
0.000000 0.000000 0.000000 -0.010532 -0.044170 -0.059682 0.157642 -0.380456 0.147285 0.139860 -0.263589 0.217019 0.115936 -0.166552 0.240553 0.090678 -0.073471 0.254461 -0.064200 -0.267658 0.152496 -0.061979 -0.388874 0.306161 0.010012 -0.424359 0.438995 0.111176 -0.458350 0.355115 0.021797 -0.409909 0.447022 -0.058633 -0.329424 0.472444 0.115426 -0.338048 0.441370 -0.003610 -0.229637 0.427160 -0.073206 -0.138341 0.353263 0.109633 -0.190569 0.450546 0.000989 -0.125850 0.366888 -0.059175 -0.081445 0.254298 0.107718 -0.115630 0.423336 0.006370 -0.074803 0.372809 -0.022306 -0.042936 0.266201 
0.000000 0.000000 0.000000 -0.009087 -0.042314 -0.061244 0.183792 -0.375523 0.128425 0.160386 -0.262873 0.203252 0.131072 -0.168529 0.231223 0.100462 -0.077829 0.249441 -0.026007 -0.263333 0.159460 -0.036595 -0.401633 0.297562 0.037597 -0.456440 0.422376 0.145246 -0.470481 0.330706 0.063684 -0.442142 0.437133 -0.016702 -0.367257 0.476164 0.156174 -0.351603 0.423669 0.029953 -0.251297 0.435136 -0.049795 -0.159140 0.373600 0.149335 -0.206595 0.438422 0.024242 -0.145327 0.378514 -0.050172 -0.099013 0.275627 0.133582 -0.123064 0.415101 0.024986 -0.085557 0.379165 -0.013098 -0.052594 0.275888 
0.000000 0.000000 0.000000 -0.007678 -0.040796 -0.062455 0.195037 -0.373240 0.118080 0.168052 -0.263557 0.196045 0.135802 -0.171001 0.226633 0.102387 -0.081843 0.247365 -0.017341 -0.262740 0.157757 -0.023388 -0.401619 0.295552 0.048551 -0.473646 0.412700 0.148603 -0.470317 0.317679 0.077916 -0.466166 0.435017 -0.000704 -0.396979 0.486254 0.178618 -0.364774 0.410796 0.049857 -0.273829 0.446493 -0.037663 -0.180797 0.398277 0.174521 -0.218506 0.429014 0.039115 -0.159961 0.393960 -0.046221 -0.111716 0.300911 0.143520 -0.128560 0.410803 0.029343 -0.094509 0.393616 -0.022586 -0.059619 0.297235 
0.000000 0.000000 0.000000 -0.006041 -0.039321 -0.063571 0.200362 -0.372474 0.111395 0.170237 -0.265336 0.191712 0.135831 -0.174201 0.224165 0.100460 -0.086234 0.246663 -0.013800 -0.261725 0.156253 -0.018656 -0.400892 0.293804 0.045382 -0.487463 0.405569 0.147024 -0.468734 0.309660 0.085297 -0.483265 0.431154 0.008388 -0.418494 0.490170 0.187454 -0.370692 0.404028 0.057851 -0.289429 0.456221 -0.035256 -0.197783 0.416581 0.183566 -0.230677 0.422270 0.042444 -0.176476 0.410533 -0.048475 -0.126071 0.324155 0.144650 -0.134587 0.408822 0.029708 -0.101619 0.394939 -0.033422 -0.065051 0.306167 
0.000000 0.000000 0.000000 -0.007441 -0.038803 -0.063740 0.196167 -0.376151 0.106394 0.168680 -0.269112 0.187784 0.136062 -0.177694 0.221265 0.102303 -0.089361 0.244785 -0.014055 -0.261054 0.156275 -0.018193 -0.400125 0.293947 0.035768 -0.498335 0.401323 0.125361 -0.457149 0.306008 0.082568 -0.506102 0.426650 0.008070 -0.443914 0.491271 0.190066 -0.379413 0.397190 0.061519 -0.304907 0.460824 -0.034590 -0.213557 0.428307 0.186487 -0.239855 0.416987 0.043751 -0.188747 0.419321 -0.050469 -0.136369 0.337791 0.143023 -0.140658 0.406948 0.027188 -0.110471 0.394214 -0.040743 -0.072844 0.309522 
0.000000 0.000000 0.000000 -0.009882 -0.038973 -0.063304 0.188978 -0.380392 0.104306 0.166085 -0.272215 0.185612 0.136567 -0.179802 0.219242 0.105604 -0.090504 0.242957 -0.014365 -0.261849 0.156133 -0.017171 -0.401310 0.293442 0.030425 -0.505670 0.397991 0.125153 -0.466099 0.304308 0.086578 -0.517897 0.425184 0.015512 -0.456575 0.494338 0.193146 -0.388229 0.391241 0.068029 -0.317536 0.465221 -0.028236 -0.224739 0.437637 0.193279 -0.247375 0.411417 0.050393 -0.198250 0.424113 -0.045627 -0.144096 0.345912 0.150678 -0.144161 0.403193 0.033944 -0.115725 0.395708 -0.036209 -0.077461 0.313139 
0.000000 0.000000 0.000000 -0.013101 -0.039431 -0.062430 0.179513 -0.385094 0.103770 0.162698 -0.275183 0.184231 0.137279 -0.181417 0.217459 0.110008 -0.090843 0.240867 -0.018652 -0.262470 0.156817 -0.022125 -0.402033 0.294007 0.022680 -0.508672 0.397484 0.135944 -0.494272 0.297681 0.084411 -0.519199 0.422201 0.015480 -0.457581 0.493228 0.188654 -0.391200 0.390000 0.065406 -0.318901 0.465547 -0.029869 -0.224636 0.439546 0.192186 -0.251415 0.409290 0.049665 -0.201835 0.424138 -0.046200 -0.146018 0.346922 0.153727 -0.145785 0.401043 0.036725 -0.118055 0.395310 -0.034157 -0.079198 0.313646 
0.000000 0.000000 0.000000 -0.014630 -0.039632 -0.061961 0.174136 -0.387453 0.104151 0.160333 -0.276701 0.184030 0.137008 -0.182272 0.216914 0.111644 -0.091069 0.240027 -0.021515 -0.262396 0.157527 -0.025823 -0.401787 0.294869 0.019624 -0.507681 0.398829 0.131540 -0.496469 0.298371 0.080152 -0.520067 0.423209 0.011839 -0.458393 0.494782 0.184044 -0.393989 0.389349 0.061677 -0.319719 0.464415 -0.031943 -0.223825 0.438361 0.192638 -0.253992 0.407899 0.050740 -0.202672 0.422799 -0.044304 -0.145442 0.345601 0.156959 -0.146584 0.399561 0.039786 -0.119156 0.396495 -0.031503 -0.079981 0.315338 
0.000000 0.000000 0.000000 -0.013062 -0.040243 -0.061917 0.172341 -0.386079 0.111945 0.156409 -0.274614 0.190423 0.132119 -0.179931 0.221846 0.106030 -0.088571 0.243483 -0.024890 -0.262134 0.158243 -0.032292 -0.400980 0.296005 0.026310 -0.493071 0.406332 0.133025 -0.496244 0.306209 0.069260 -0.498169 0.427503 -0.003186 -0.433609 0.492131 0.171017 -0.389178 0.398115 0.047108 -0.303987 0.457392 -0.040425 -0.205721 0.421047 0.180933 -0.248668 0.415769 0.041427 -0.189357 0.412452 -0.044900 -0.131631 0.325946 0.150886 -0.141809 0.403920 0.033925 -0.113428 0.401479 -0.032710 -0.074966 0.316135 
0.000000 0.000000 0.000000 -0.011196 -0.042468 -0.060787 0.169989 -0.381260 0.130518 0.151563 -0.267123 0.204478 0.126163 -0.171462 0.231797 0.099252 -0.079477 0.249406 -0.032294 -0.261883 0.161155 -0.045496 -0.399179 0.300031 0.023152 -0.468526 0.420719 0.130679 -0.478298 0.331660 0.053115 -0.454604 0.442134 -0.025287 -0.383588 0.491154 0.148579 -0.365361 0.420846 0.023047 -0.268214 0.451318 -0.057764 -0.171799 0.398279 0.153195 -0.221543 0.435451 0.021937 -0.156027 0.397115 -0.053133 -0.104030 0.297472 0.142127 -0.127460 0.412027 0.027736 -0.093245 0.396686 -0.025572 -0.057539 0.301364 
0.000000 0.000000 0.000000 -0.011130 -0.045783 -0.058343 0.163345 -0.375209 0.154361 0.145700 -0.256729 0.221357 0.121325 -0.159318 0.242785 0.095492 -0.066121 0.254717 -0.042745 -0.256911 0.170287 -0.062528 -0.389021 0.313350 0.005778 -0.435071 0.444881 0.124238 -0.463479 0.359542 0.037367 -0.423689 0.457787 -0.044417 -0.348380 0.492904 0.127800 -0.337126 0.444270 0.003081 -0.234366 0.447515 -0.072249 -0.142619 0.380083 0.126063 -0.193506 0.451405 0.004366 -0.130479 0.386533 -0.061518 -0.084996 0.277636 0.122409 -0.107332 0.422536 0.012614 -0.072493 0.387572 -0.029238 -0.040968 0.285309 
0.000000 0.000000 0.000000 -0.012118 -0.048914 -0.055538 0.154743 -0.368924 0.176748 0.139725 -0.246300 0.236539 0.117535 -0.147263 0.252082 0.093800 -0.052964 0.258394 -0.051434 -0.251098 0.179881 -0.076036 -0.377611 0.327192 -0.009868 -0.406838 0.464503 0.110410 -0.439388 0.387674 0.018597 -0.387601 0.475256 -0.064328 -0.308810 0.497804 0.111020 -0.309548 0.463805 -0.011664 -0.205759 0.446450 -0.082732 -0.119691 0.367831 0.107098 -0.161891 0.462773 -0.004091 -0.103113 0.378080 -0.062789 -0.065532 0.262278 0.106359 -0.082803 0.430261 0.002239 -0.049969 0.379542 -0.031390 -0.025209 0.272495 
0.000000 0.000000 0.000000 -0.012899 -0.051207 -0.053248 0.154821 -0.361713 0.191008 0.140967 -0.236547 0.245583 0.119388 -0.136821 0.257047 0.096149 -0.042220 0.259507 -0.054092 -0.247495 0.186795 -0.079869 -0.370319 0.336998 -0.012899 -0.391171 0.475443 0.103226 -0.418944 0.404275 0.009796 -0.364317 0.488350 -0.073706 -0.284553 0.504420 0.106901 -0.288750 0.474906 -0.015459 -0.187314 0.445521 -0.085871 -0.106144 0.361302 0.098109 -0.139978 0.467406 -0.010246 -0.087241 0.375379 -0.067398 -0.055301 0.257136 0.097790 -0.061108 0.433366 -0.002858 -0.030894 0.374642 -0.034175 -0.011850 0.265740 
0.000000 0.000000 0.000000 -0.014172 -0.051272 -0.052861 0.167609 -0.359749 0.183790 0.153975 -0.234940 0.239233 0.131339 -0.135584 0.251820 0.106774 -0.041357 0.255460 -0.049912 -0.248668 0.187147 -0.072275 -0.372186 0.337328 -0.001051 -0.393335 0.473587 0.111968 -0.414083 0.396797 0.022306 -0.367156 0.489212 -0.060742 -0.287247 0.506839 0.122404 -0.285923 0.469186 -0.002775 -0.186303 0.446148 -0.075987 -0.105779 0.363715 0.113513 -0.140368 0.462469 0.001112 -0.089003 0.374613 -0.060671 -0.056881 0.258773 0.108207 -0.060866 0.429252 0.003135 -0.033531 0.377253 -0.030712 -0.014618 0.269087 
0.000000 0.000000 0.000000 -0.017269 -0.050083 -0.053079 0.184742 -0.361957 0.161704 0.173548 -0.238834 0.221307 0.150637 -0.140171 0.238132 0.125226 -0.046431 0.246036 -0.035988 -0.255743 0.181867 -0.047702 -0.384432 0.328881 0.033130 -0.409759 0.458926 0.131287 -0.422991 0.373453 0.048232 -0.387041 0.476367 -0.033570 -0.308271 0.502766 0.153333 -0.295846 0.451123 0.024531 -0.198521 0.443216 -0.055197 -0.116493 0.368689 0.145582 -0.151800 0.449208 0.024154 -0.100273 0.374436 -0.046902 -0.065880 0.264726 0.136441 -0.070873 0.418845 0.026779 -0.044217 0.376954 -0.014915 -0.022621 0.272081 
0.000000 0.000000 0.000000 -0.020930 -0.049711 -0.052102 0.187391 -0.365145 0.151143 0.181436 -0.241958 0.211363 0.161066 -0.142968 0.229486 0.137637 -0.048845 0.238833 -0.032170 -0.262264 0.177116 -0.039203 -0.395266 0.320547 0.044937 -0.424169 0.447715 0.137147 -0.437519 0.360088 0.055439 -0.404808 0.465140 -0.025052 -0.326745 0.497084 0.167181 -0.307742 0.439275 0.036831 -0.212172 0.439194 -0.045467 -0.128513 0.369428 0.158915 -0.157459 0.440435 0.034282 -0.105827 0.371214 -0.041015 -0.069955 0.264858 0.151436 -0.077766 0.410762 0.039309 -0.053764 0.374119 -0.005936 -0.030396 0.271114 
0.000000 0.000000 0.000000 -0.019512 -0.048762 -0.053530 0.189410 -0.366247 0.145869 0.181027 -0.244532 0.208736 0.159180 -0.146223 0.228750 0.134471 -0.052618 0.239833 -0.034857 -0.265759 0.171242 -0.044459 -0.401543 0.311890 0.035409 -0.437308 0.440065 0.127880 -0.437667 0.352105 0.048897 -0.417869 0.462340 -0.031904 -0.341373 0.497162 0.163199 -0.316747 0.434438 0.031283 -0.223424 0.438138 -0.051635 -0.138482 0.370694 0.154812 -0.168656 0.438967 0.028332 -0.117944 0.372469 -0.047607 -0.080068 0.267271 0.144585 -0.084974 0.411406 0.031288 -0.063829 0.376647 -0.013610 -0.039332 0.273753 
0.000000 0.000000 0.000000 -0.015663 -0.047301 -0.056046 0.199941 -0.363778 0.137766 0.184344 -0.245174 0.205048 0.157697 -0.148745 0.228151 0.128683 -0.056765 0.242053 -0.028527 -0.270691 0.162536 -0.036577 -0.410473 0.299310 0.038441 -0.453469 0.428191 0.124052 -0.435214 0.339156 0.048570 -0.436614 0.453535 -0.035583 -0.365083 0.490880 0.164993 -0.326390 0.427542 0.028982 -0.239425 0.435447 -0.057076 -0.155125 0.371204 0.150555 -0.179476 0.437241 0.021819 -0.131939 0.372756 -0.055453 -0.093177 0.268859 0.137080 -0.093955 0.412736 0.022309 -0.078268 0.379982 -0.023239 -0.052896 0.277587 
0.000000 0.000000 0.000000 -0.010922 -0.045025 -0.058969 0.214606 -0.359358 0.126873 0.189958 -0.245506 0.199449 0.157155 -0.152008 0.226367 0.122579 -0.062584 0.243780 -0.021712 -0.276099 0.151590 -0.028464 -0.420690 0.283343 0.043943 -0.468232 0.412122 0.121121 -0.424419 0.322954 0.059211 -0.456999 0.440801 -0.028774 -0.391872 0.480929 0.169111 -0.337185 0.417703 0.028089 -0.259840 0.433670 -0.061438 -0.176759 0.372663 0.149026 -0.195142 0.433217 0.016179 -0.152244 0.374039 -0.062696 -0.112197 0.271848 0.130879 -0.106376 0.412894 0.015176 -0.095909 0.381358 -0.031657 -0.068815 0.279989 
0.000000 0.000000 0.000000 -0.009011 -0.043484 -0.060430 0.222962 -0.357101 0.118563 0.194371 -0.246228 0.194240 0.158705 -0.154521 0.223567 0.121486 -0.066642 0.243251 -0.014635 -0.281767 0.142143 -0.018155 -0.430870 0.268899 0.053153 -0.480569 0.397476 0.126463 -0.429479 0.310578 0.068142 -0.473223 0.426626 -0.022931 -0.413289 0.467938 0.171699 -0.347958 0.407808 0.027172 -0.277544 0.424495 -0.064492 -0.195542 0.365227 0.148939 -0.204650 0.428763 0.014573 -0.164568 0.371056 -0.064509 -0.123807 0.269309 0.128146 -0.115610 0.411013 0.011954 -0.108642 0.380316 -0.035050 -0.079951 0.279467 
0.000000 0.000000 0.000000 -0.007499 -0.041952 -0.061707 0.230911 -0.354741 0.110133 0.199039 -0.246809 0.188695 0.160900 -0.156882 0.220330 0.121373 -0.070542 0.242206 -0.009276 -0.283317 0.137255 -0.010388 -0.434348 0.261752 0.060589 -0.487302 0.389208 0.136104 -0.433276 0.300564 0.078806 -0.480740 0.415656 -0.013709 -0.424198 0.458517 0.178048 -0.352040 0.400733 0.031956 -0.286113 0.421597 -0.061437 -0.204970 0.363865 0.152155 -0.211832 0.424335 0.016964 -0.173033 0.367689 -0.063121 -0.131488 0.267049 0.128289 -0.121575 0.409341 0.011906 -0.114976 0.379296 -0.036061 -0.085382 0.279164 
0.000000 0.000000 0.000000 -0.008059 -0.040411 -0.062657 0.237891 -0.354131 0.096382 0.205977 -0.248789 0.178367 0.167175 -0.160293 0.213084 0.126852 -0.075146 0.237976 -0.003825 -0.284051 0.133475 -0.001175 -0.436505 0.256201 0.070901 -0.496371 0.379926 0.149473 -0.438769 0.287272 0.096036 -0.489921 0.402641 0.004111 -0.435559 0.449412 0.189597 -0.356407 0.389612 0.043201 -0.294517 0.418980 -0.052794 -0.213703 0.365191 0.163260 -0.218695 0.416278 0.024976 -0.180327 0.367326 -0.058451 -0.137469 0.270007 0.138431 -0.127755 0.404363 0.021058 -0.120539 0.378620 -0.030953 -0.089980 0.280824 
0.000000 0.000000 0.000000 -0.010603 -0.040336 -0.062325 0.237878 -0.356278 0.088152 0.209797 -0.250649 0.171165 0.173032 -0.161805 0.207184 0.134377 -0.076295 0.233438 -0.001729 -0.286042 0.131056 0.003824 -0.439788 0.252061 0.075953 -0.505791 0.372593 0.153362 -0.445918 0.278525 0.102283 -0.500094 0.393581 0.011323 -0.446911 0.443491 0.198043 -0.362429 0.380549 0.051690 -0.302721 0.414319 -0.045947 -0.221723 0.363866 0.172761 -0.224564 0.409112 0.032177 -0.187482 0.366079 -0.054256 -0.143614 0.271882 0.147852 -0.132028 0.398660 0.029488 -0.127176 0.377264 -0.026041 -0.095894 0.281655 