136
0.000000 0.000000 0.000000 -0.032759 -0.041575 -0.053125 -0.193360 -0.310194 0.240171 -0.126486 -0.197437 0.284881 -0.074562 -0.111381 0.284747 -0.031653 -0.040671 0.275164 -0.296541 -0.045651 0.114949 -0.461599 -0.048201 0.220118 -0.484013 -0.039209 0.373427 -0.352230 -0.296668 0.401408 -0.435407 -0.195134 0.440836 -0.474713 -0.085879 0.430283 -0.298786 -0.163468 0.444985 -0.385347 -0.026970 0.444671 -0.393596 0.089831 0.374466 -0.213053 -0.091223 0.443264 -0.320499 0.012907 0.418705 -0.310025 0.075703 0.299478 -0.169162 -0.000139 0.375336 -0.250839 0.071978 0.324159 -0.240022 0.111904 0.216957 
0.000000 0.000000 0.000000 -0.032995 -0.041625 -0.052939 -0.195386 -0.307828 0.241571 -0.127830 -0.195277 0.285769 -0.075371 -0.109546 0.285246 -0.032019 -0.039151 0.275342 -0.292043 -0.041425 0.122391 -0.454137 -0.041300 0.232102 -0.481760 -0.036306 0.384742 -0.352228 -0.294181 0.404771 -0.435519 -0.194880 0.449313 -0.475423 -0.085551 0.442391 -0.294028 -0.159892 0.451903 -0.381440 -0.024085 0.458255 -0.393556 0.093875 0.390595 -0.211565 -0.092850 0.446138 -0.319487 0.010670 0.421096 -0.309059 0.072861 0.301549 -0.169857 -0.002529 0.376563 -0.251263 0.068988 0.324127 -0.238868 0.109184 0.217198 
0.000000 0.000000 0.000000 -0.035222 -0.040166 -0.052630 -0.199306 -0.304388 0.242725 -0.127681 -0.194230 0.286547 -0.072803 -0.110031 0.285726 -0.027653 -0.040811 0.275574 -0.289221 -0.036530 0.129902 -0.448156 -0.034255 0.244118 -0.477502 -0.031921 0.396500 -0.352552 -0.290855 0.409316 -0.433705 -0.190729 0.455911 -0.473190 -0.081126 0.451318 -0.292458 -0.154466 0.453107 -0.383402 -0.021700 0.468166 -0.396529 0.096715 0.401496 -0.205441 -0.090307 0.449224 -0.313276 0.013769 0.426183 -0.303005 0.073334 0.305293 -0.164935 -0.004909 0.377804 -0.246027 0.067515 0.326132 -0.232493 0.108109 0.219492 
0.000000 0.000000 0.000000 -0.037411 -0.038282 -0.052524 -0.204681 -0.301264 0.242149 -0.128801 -0.194069 0.286155 -0.071273 -0.111656 0.285481 -0.024109 -0.043773 0.275452 -0.289271 -0.034189 0.132937 -0.446868 -0.031627 0.248987 -0.477902 -0.031135 0.401052 -0.355147 -0.288479 0.411314 -0.434697 -0.186937 0.457604 -0.473980 -0.077246 0.453355 -0.290964 -0.154818 0.455380 -0.380225 -0.020732 0.468725 -0.393216 0.097062 0.400937 -0.205081 -0.089884 0.447762 -0.313567 0.014116 0.427626 -0.302265 0.073330 0.306655 -0.162253 -0.002333 0.374373 -0.244484 0.071312 0.326354 -0.230554 0.111474 0.219602 
0.000000 0.000000 0.000000 -0.038275 -0.037758 -0.052281 -0.207433 -0.298278 0.243500 -0.129769 -0.192161 0.287004 -0.071082 -0.110573 0.285950 -0.023023 -0.043369 0.275609 -0.289343 -0.035256 0.134279 -0.446445 -0.033690 0.251017 -0.477953 -0.034408 0.402982 -0.356666 -0.288468 0.413950 -0.435240 -0.185485 0.458702 -0.474456 -0.075780 0.454219 -0.292533 -0.150872 0.455163 -0.382939 -0.017540 0.468358 -0.394926 0.099009 0.398273 -0.205474 -0.089234 0.447805 -0.313516 0.014625 0.424760 -0.301439 0.073110 0.303509 -0.162234 -0.002226 0.373148 -0.245442 0.070320 0.325139 -0.231258 0.109887 0.218198 
0.000000 0.000000 0.000000 -0.038052 -0.037939 -0.052312 -0.209089 -0.296930 0.243731 -0.131511 -0.190723 0.287170 -0.072712 -0.109217 0.286061 -0.024511 -0.042122 0.275674 -0.288061 -0.033950 0.135641 -0.444500 -0.031455 0.253249 -0.476041 -0.032577 0.405206 -0.357423 -0.286254 0.414912 -0.436064 -0.183699 0.460522 -0.474939 -0.073895 0.455528 -0.291575 -0.150794 0.458225 -0.379814 -0.015910 0.470254 -0.390316 0.100008 0.398895 -0.204990 -0.088364 0.449711 -0.311987 0.016664 0.427097 -0.299348 0.074809 0.305740 -0.162057 0.000929 0.374740 -0.244498 0.074335 0.326717 -0.229927 0.112694 0.219388 
0.000000 0.000000 0.000000 -0.037692 -0.037883 -0.052612 -0.211769 -0.296362 0.242103 -0.134333 -0.190300 0.286143 -0.075351 -0.108921 0.285490 -0.026921 -0.041934 0.275478 -0.290223 -0.031652 0.131874 -0.448241 -0.027754 0.247314 -0.477607 -0.028462 0.399708 -0.359666 -0.283752 0.413531 -0.436685 -0.179421 0.457860 -0.473424 -0.068977 0.451113 -0.293370 -0.148576 0.457726 -0.376837 -0.010448 0.466585 -0.380848 0.103753 0.391876 -0.207411 -0.088487 0.449369 -0.311808 0.018957 0.425965 -0.295962 0.077004 0.304939 -0.163271 -0.000437 0.376832 -0.245254 0.072978 0.328044 -0.229263 0.110334 0.220564 
0.000000 0.000000 0.000000 -0.039679 -0.035085 -0.053090 -0.225327 -0.289663 0.237936 -0.142623 -0.188300 0.283442 -0.079710 -0.109919 0.283920 -0.028073 -0.045234 0.274840 -0.299532 -0.027185 0.120865 -0.462131 -0.022242 0.229715 -0.486321 -0.017799 0.382953 -0.374033 -0.276865 0.408649 -0.443619 -0.163188 0.440542 -0.475307 -0.051643 0.428425 -0.306783 -0.144171 0.449509 -0.379637 -0.000001 0.443849 -0.371492 0.110372 0.363906 -0.217883 -0.085973 0.442187 -0.316178 0.025863 0.413524 -0.291862 0.083401 0.293665 -0.165157 -0.004809 0.375637 -0.245439 0.068588 0.324071 -0.225157 0.104169 0.216713 
0.000000 0.000000 0.000000 -0.039867 -0.034152 -0.053555 -0.235150 -0.283960 0.235290 -0.150577 -0.184595 0.281759 -0.085796 -0.107759 0.282972 -0.032502 -0.044348 0.274496 -0.306981 -0.022953 0.108836 -0.474124 -0.015945 0.210450 -0.494763 -0.007797 0.364055 -0.389598 -0.271140 0.400825 -0.456632 -0.154385 0.426454 -0.483991 -0.042237 0.410103 -0.322728 -0.132353 0.437031 -0.395136 0.011952 0.429421 -0.376821 0.118516 0.346067 -0.229513 -0.081038 0.435763 -0.323199 0.034191 0.405167 -0.291133 0.091400 0.286985 -0.168835 -0.001450 0.375290 -0.251231 0.072919 0.328691 -0.227593 0.106027 0.221228 
0.000000 0.000000 0.000000 -0.041420 -0.032115 -0.053637 -0.241575 -0.279987 0.233536 -0.153518 -0.183974 0.280576 -0.086377 -0.109200 0.282242 -0.031226 -0.047348 0.274143 -0.312773 -0.021620 0.101616 -0.482568 -0.015052 0.198763 -0.499022 -0.005236 0.352775 -0.397438 -0.270228 0.397949 -0.460528 -0.150217 0.417928 -0.485445 -0.037786 0.399722 -0.327601 -0.131667 0.433657 -0.393485 0.015135 0.418394 -0.370388 0.119763 0.333784 -0.233998 -0.083777 0.431492 -0.327249 0.031136 0.398475 -0.291586 0.088070 0.281195 -0.170601 -0.001932 0.369527 -0.258002 0.070884 0.330155 -0.230677 0.101586 0.222853 
0.000000 0.000000 0.000000 -0.039233 -0.034204 -0.053988 -0.238196 -0.283458 0.232818 -0.154130 -0.184082 0.280170 -0.089317 -0.107286 0.282061 -0.035881 -0.043923 0.274143 -0.312210 -0.022743 0.098324 -0.483020 -0.015571 0.193631 -0.498336 -0.004536 0.347678 -0.397930 -0.267434 0.392969 -0.464313 -0.149715 0.415722 -0.488602 -0.037283 0.396690 -0.328624 -0.129937 0.432139 -0.393069 0.017337 0.415348 -0.368882 0.121412 0.330362 -0.237668 -0.081268 0.430482 -0.330105 0.034028 0.396526 -0.293304 0.090521 0.279384 -0.173693 0.000372 0.372285 -0.258591 0.074278 0.329603 -0.229758 0.104156 0.222463 
0.000000 0.000000 0.000000 -0.039870 -0.033264 -0.054109 -0.239797 -0.283360 0.231290 -0.154473 -0.185315 0.279167 -0.088874 -0.109200 0.281466 -0.034842 -0.046303 0.273885 -0.312554 -0.023327 0.098832 -0.483182 -0.017110 0.194533 -0.499685 -0.006451 0.348483 -0.396827 -0.269427 0.394285 -0.458769 -0.148447 0.411865 -0.483366 -0.036083 0.392827 -0.329517 -0.134018 0.431491 -0.393235 0.013390 0.413170 -0.370442 0.118610 0.329215 -0.235693 -0.084848 0.431682 -0.325946 0.031445 0.395335 -0.289649 0.088375 0.278247 -0.171380 -0.002321 0.373932 -0.252904 0.072732 0.326897 -0.223992 0.102679 0.219797 
0.000000 0.000000 0.000000 -0.040891 -0.032016 -0.054100 -0.234756 -0.289339 0.229048 -0.148634 -0.192325 0.277591 -0.083109 -0.116165 0.280437 -0.029326 -0.053001 0.273317 -0.308344 -0.025427 0.107985 -0.475699 -0.021304 0.209408 -0.493711 -0.015202 0.363437 -0.386890 -0.279636 0.396921 -0.451584 -0.161660 0.422966 -0.477660 -0.049073 0.407562 -0.320167 -0.145408 0.435228 -0.387360 0.001188 0.424304 -0.370466 0.110462 0.344222 -0.226619 -0.093242 0.434038 -0.319704 0.022709 0.404349 -0.288000 0.082551 0.287379 -0.166100 -0.010060 0.373492 -0.249318 0.064569 0.328810 -0.220717 0.095108 0.221794 
0.000000 0.000000 0.000000 -0.038806 -0.034317 -0.054225 -0.222868 -0.298557 0.229094 -0.141927 -0.197201 0.277680 -0.080133 -0.117984 0.280543 -0.029354 -0.052380 0.273433 -0.301289 -0.031962 0.115903 -0.465534 -0.030490 0.222357 -0.481198 -0.028434 0.376750 -0.374814 -0.284434 0.396822 -0.445681 -0.172842 0.432979 -0.473673 -0.060423 0.419880 -0.307527 -0.155706 0.442995 -0.376319 -0.009563 0.437136 -0.363712 0.101382 0.358575 -0.217323 -0.100505 0.440504 -0.313209 0.013837 0.413624 -0.286786 0.074553 0.295796 -0.163987 -0.010624 0.376955 -0.245775 0.065099 0.331478 -0.217798 0.096161 0.224448 
0.000000 0.000000 0.000000 -0.038743 -0.034833 -0.053940 -0.217703 -0.301044 0.230800 -0.137681 -0.198669 0.278769 -0.076837 -0.118705 0.281161 -0.026908 -0.052494 0.273663 -0.298947 -0.032726 0.119656 -0.461766 -0.031408 0.228281 -0.472113 -0.028016 0.383098 -0.369100 -0.287910 0.399104 -0.441801 -0.178409 0.437913 -0.470376 -0.066119 0.424973 -0.302033 -0.155339 0.444857 -0.373772 -0.010524 0.442289 -0.360862 0.099054 0.361881 -0.210982 -0.102869 0.443851 -0.307606 0.010563 0.415781 -0.283664 0.070687 0.297122 -0.161806 -0.013008 0.377727 -0.244019 0.061838 0.331570 -0.215882 0.093098 0.224639 
0.000000 0.000000 0.000000 -0.038519 -0.034612 -0.054242 -0.219087 -0.301615 0.228735 -0.139198 -0.199481 0.277432 -0.078291 -0.119584 0.280386 -0.028263 -0.053397 0.273352 -0.302278 -0.035666 0.113914 -0.467321 -0.036326 0.219135 -0.473580 -0.029765 0.374069 -0.368301 -0.287474 0.398898 -0.434564 -0.171499 0.429575 -0.460859 -0.058917 0.414508 -0.304805 -0.155566 0.442114 -0.367850 -0.007338 0.428765 -0.348964 0.099191 0.345493 -0.213215 -0.104670 0.442518 -0.302254 0.011877 0.404051 -0.272874 0.069712 0.285477 -0.158954 -0.008672 0.380617 -0.230153 0.071040 0.325229 -0.195917 0.097427 0.218764 
0.000000 0.000000 0.000000 -0.038022 -0.034848 -0.054441 -0.220992 -0.300779 0.228001 -0.141579 -0.198415 0.276992 -0.080732 -0.118481 0.280162 -0.030669 -0.052301 0.273304 -0.306739 -0.032966 0.105665 -0.474885 -0.031788 0.205848 -0.479771 -0.022117 0.360669 -0.373764 -0.284132 0.394745 -0.439738 -0.167502 0.423504 -0.464027 -0.054745 0.406502 -0.310009 -0.151903 0.438058 -0.370107 -0.002904 0.420393 -0.347061 0.101502 0.335495 -0.219790 -0.099934 0.438379 -0.305744 0.017828 0.396727 -0.271175 0.073385 0.278463 -0.163480 -0.008189 0.378192 -0.235482 0.071009 0.323103 -0.196397 0.094829 0.217708 
0.000000 0.000000 0.000000 -0.036938 -0.035813 -0.054561 -0.219135 -0.302104 0.228042 -0.141710 -0.198236 0.277052 -0.082040 -0.117420 0.280229 -0.032851 -0.050588 0.273373 -0.306472 -0.032845 0.104149 -0.475129 -0.030988 0.203460 -0.479142 -0.020440 0.358249 -0.373833 -0.280832 0.392468 -0.439535 -0.163589 0.419293 -0.463520 -0.050919 0.401313 -0.312365 -0.147369 0.434418 -0.374066 0.001097 0.417824 -0.349748 0.104965 0.332622 -0.221973 -0.097508 0.437506 -0.308021 0.020865 0.397826 -0.271582 0.075670 0.279773 -0.166865 -0.006339 0.376662 -0.238191 0.072866 0.320712 -0.196930 0.095842 0.215962 
0.000000 0.000000 0.000000 -0.037491 -0.035183 -0.054594 -0.217915 -0.303832 0.226913 -0.139819 -0.200639 0.276282 -0.079926 -0.120000 0.279746 -0.030633 -0.053221 0.273130 -0.306953 -0.035943 0.104265 -0.475564 -0.036419 0.203669 -0.479786 -0.025273 0.358410 -0.373206 -0.288252 0.391419 -0.439372 -0.171348 0.418576 -0.463626 -0.058622 0.401324 -0.310632 -0.151451 0.434009 -0.373777 -0.003304 0.420227 -0.351063 0.102472 0.336952 -0.219707 -0.101951 0.437382 -0.307157 0.015707 0.398652 -0.271223 0.071036 0.280688 -0.165305 -0.010915 0.376378 -0.238522 0.066769 0.320739 -0.197554 0.089828 0.215891 
0.000000 0.000000 0.000000 -0.035700 -0.036243 -0.055099 -0.207627 -0.313547 0.223316 -0.133953 -0.207739 0.273931 -0.077258 -0.124866 0.278363 -0.030544 -0.056186 0.272546 -0.303683 -0.044031 0.106054 -0.471370 -0.048904 0.206893 -0.477210 -0.040215 0.361739 -0.363764 -0.298287 0.387048 -0.433554 -0.184442 0.417882 -0.460765 -0.072053 0.402994 -0.304147 -0.166012 0.434453 -0.368862 -0.018620 0.419890 -0.351529 0.089819 0.338772 -0.216604 -0.109993 0.436714 -0.305726 0.006933 0.399613 -0.271684 0.064459 0.282139 -0.163152 -0.010455 0.376997 -0.232647 0.068285 0.318161 -0.193146 0.090575 0.212586 
0.000000 0.000000 0.000000 -0.034606 -0.037230 -0.055138 -0.197134 -0.320588 0.222827 -0.126807 -0.212601 0.273602 -0.072787 -0.127967 0.278160 -0.028305 -0.057812 0.272448 -0.300873 -0.048710 0.108620 -0.467485 -0.055893 0.211089 -0.473493 -0.048093 0.365976 -0.351225 -0.307575 0.388679 -0.424017 -0.196426 0.422284 -0.454355 -0.084709 0.408425 -0.293214 -0.175382 0.439125 -0.359209 -0.028652 0.423651 -0.346928 0.080543 0.342625 -0.208007 -0.116731 0.440342 -0.296138 0.000347 0.401400 -0.263386 0.057406 0.283334 -0.159404 -0.009643 0.377705 -0.225809 0.070522 0.317246 -0.185915 0.091928 0.211637 
0.000000 0.000000 0.000000 -0.036869 -0.036189 -0.054359 -0.197870 -0.317519 0.226539 -0.123906 -0.211325 0.275910 -0.067985 -0.127885 0.279410 -0.022182 -0.058661 0.272833 -0.301115 -0.053478 0.112138 -0.466463 -0.064296 0.216322 -0.470349 -0.054886 0.371187 -0.349533 -0.310903 0.394986 -0.420539 -0.197839 0.425918 -0.451389 -0.086253 0.412132 -0.290314 -0.174692 0.441562 -0.360066 -0.029488 0.428340 -0.348894 0.079195 0.346470 -0.201096 -0.115694 0.443259 -0.290207 -0.000056 0.402296 -0.257514 0.053608 0.282632 -0.152931 -0.013564 0.379871 -0.216446 0.065474 0.314985 -0.175553 0.086478 0.209678 
0.000000 0.000000 0.000000 -0.037720 -0.035933 -0.053943 -0.201372 -0.313185 0.229467 -0.125528 -0.207848 0.277811 -0.068330 -0.125247 0.280518 -0.021522 -0.056766 0.273287 -0.300876 -0.044869 0.114923 -0.465542 -0.050459 0.220588 -0.465962 -0.039952 0.375430 -0.354050 -0.298224 0.396457 -0.425233 -0.186368 0.431145 -0.453656 -0.074160 0.417195 -0.288945 -0.164905 0.444919 -0.353668 -0.017469 0.430852 -0.340970 0.091079 0.349025 -0.204277 -0.107813 0.441540 -0.295460 0.006790 0.402261 -0.262050 0.058830 0.282079 -0.154039 -0.011442 0.378030 -0.218022 0.067299 0.313245 -0.176579 0.088734 0.208239 
0.000000 0.000000 0.000000 -0.038166 -0.035578 -0.053866 -0.201757 -0.312919 0.229491 -0.125156 -0.208108 0.277785 -0.067540 -0.125798 0.280463 -0.020432 -0.057524 0.273212 -0.301502 -0.042924 0.114794 -0.466281 -0.047520 0.220331 -0.463695 -0.037075 0.375157 -0.351873 -0.297948 0.398788 -0.419650 -0.183286 0.431051 -0.447127 -0.070840 0.417126 -0.290216 -0.167141 0.443771 -0.356021 -0.020006 0.431708 -0.341610 0.088534 0.350155 -0.202403 -0.108857 0.442447 -0.292547 0.006643 0.403402 -0.259184 0.059013 0.283350 -0.152118 -0.012780 0.379246 -0.216158 0.064295 0.312541 -0.175838 0.084812 0.206917 
0.000000 0.000000 0.000000 -0.038212 -0.036096 -0.053486 -0.196771 -0.314409 0.231773 -0.120878 -0.208704 0.279228 -0.064089 -0.125802 0.281269 -0.017741 -0.057068 0.273495 -0.298398 -0.048276 0.119723 -0.461205 -0.055896 0.228106 -0.452776 -0.045642 0.382737 -0.345951 -0.300701 0.402001 -0.413817 -0.186377 0.435260 -0.440966 -0.073859 0.421268 -0.281573 -0.171298 0.450261 -0.342565 -0.022454 0.434452 -0.326427 0.084369 0.350979 -0.192300 -0.111249 0.448793 -0.281211 0.003970 0.406246 -0.251491 0.055313 0.284802 -0.148105 -0.011938 0.380989 -0.210876 0.064701 0.312597 -0.171256 0.084509 0.206573 
0.000000 0.000000 0.000000 -0.035176 -0.039357 -0.053269 -0.178693 -0.322731 0.234955 -0.110351 -0.211575 0.281418 -0.059070 -0.125142 0.282659 -0.017178 -0.053681 0.274216 -0.292532 -0.050515 0.124183 -0.453570 -0.057498 0.235221 -0.442381 -0.047241 0.389676 -0.326440 -0.308159 0.406357 -0.397523 -0.197624 0.445231 -0.425952 -0.085318 0.432107 -0.269729 -0.172084 0.453213 -0.335042 -0.024739 0.441043 -0.320768 0.081530 0.356529 -0.183509 -0.113677 0.453239 -0.275700 -0.000533 0.412130 -0.248818 0.050374 0.289843 -0.146591 -0.009888 0.383398 -0.208271 0.065852 0.313040 -0.169631 0.085837 0.206688 
0.000000 0.000000 0.000000 -0.036202 -0.038846 -0.052955 -0.177824 -0.322497 0.235933 -0.108018 -0.212068 0.281951 -0.056083 -0.126023 0.282877 -0.013780 -0.054834 0.274180 -0.290415 -0.054476 0.128642 -0.449485 -0.064255 0.242275 -0.440694 -0.054941 0.396945 -0.322184 -0.311285 0.410445 -0.393645 -0.201241 0.450017 -0.424349 -0.089401 0.438096 -0.265737 -0.178110 0.456439 -0.334929 -0.032288 0.447884 -0.324958 0.075862 0.365158 -0.179915 -0.114689 0.453906 -0.275699 -0.003118 0.416917 -0.250900 0.048231 0.294376 -0.145100 -0.009733 0.380515 -0.209865 0.065874 0.312835 -0.173925 0.088073 0.205977 
0.000000 0.000000 0.000000 -0.035408 -0.039077 -0.053321 -0.179718 -0.322577 0.234383 -0.110856 -0.211822 0.281033 -0.059216 -0.125605 0.282423 -0.017039 -0.054297 0.274103 -0.291561 -0.051186 0.125803 -0.451845 -0.058763 0.237887 -0.451642 -0.050639 0.392873 -0.328980 -0.306549 0.404337 -0.405397 -0.202179 0.449607 -0.437621 -0.090600 0.439369 -0.271635 -0.172339 0.451519 -0.343436 -0.027585 0.447569 -0.337605 0.084516 0.369859 -0.188884 -0.113491 0.449017 -0.285358 -0.001130 0.416485 -0.260152 0.054700 0.296004 -0.148219 -0.007984 0.380090 -0.212432 0.068710 0.313111 -0.178306 0.092786 0.206065 
0.000000 0.000000 0.000000 -0.038517 -0.036096 -0.053267 -0.195706 -0.314209 0.232942 -0.119503 -0.208529 0.279950 -0.062658 -0.125658 0.281656 -0.016314 -0.056952 0.273608 -0.298438 -0.047166 0.120413 -0.461080 -0.054093 0.229091 -0.461709 -0.042045 0.383821 -0.343511 -0.306209 0.404726 -0.411029 -0.190842 0.434956 -0.441761 -0.079003 0.423096 -0.285572 -0.169182 0.445320 -0.351793 -0.022111 0.434866 -0.342356 0.090710 0.358565 -0.197384 -0.110029 0.443886 -0.287324 0.006380 0.407135 -0.258079 0.063994 0.288419 -0.149357 -0.009782 0.376859 -0.215309 0.065056 0.309473 -0.181568 0.088315 0.202124 
0.000000 0.000000 0.000000 -0.036924 -0.037742 -0.053254 -0.194480 -0.313213 0.235299 -0.120960 -0.205366 0.281657 -0.065582 -0.121499 0.282813 -0.020283 -0.052156 0.274298 -0.301154 -0.047117 0.113902 -0.466491 -0.052982 0.218497 -0.461742 -0.034170 0.372479 -0.346999 -0.292802 0.401856 -0.416672 -0.178849 0.432557 -0.444510 -0.066850 0.415993 -0.287815 -0.156331 0.443611 -0.346751 -0.007017 0.424729 -0.331815 0.102491 0.344578 -0.201412 -0.102282 0.443732 -0.284112 0.016558 0.398695 -0.251594 0.072127 0.279856 -0.152777 -0.005792 0.378615 -0.219455 0.069551 0.312519 -0.183732 0.091621 0.205562 
0.000000 0.000000 0.000000 -0.035624 -0.039513 -0.052854 -0.185209 -0.316190 0.238772 -0.115160 -0.205562 0.283936 -0.062405 -0.120013 0.284163 -0.019253 -0.049410 0.274880 -0.297576 -0.051481 0.117686 -0.461489 -0.058969 0.224400 -0.450753 -0.036653 0.377610 -0.336001 -0.293655 0.406624 -0.403727 -0.177574 0.433465 -0.431323 -0.065833 0.414876 -0.281446 -0.155743 0.446237 -0.340379 -0.006682 0.425444 -0.322332 0.099382 0.341396 -0.197517 -0.100084 0.445599 -0.282439 0.016637 0.399174 -0.250957 0.070093 0.279093 -0.152003 -0.003683 0.379152 -0.216796 0.072065 0.311658 -0.179188 0.093789 0.205278 
0.000000 0.000000 0.000000 -0.035589 -0.039825 -0.052644 -0.177008 -0.320526 0.239210 -0.108285 -0.208978 0.284147 -0.056972 -0.122556 0.284219 -0.015123 -0.051189 0.274813 -0.295170 -0.057331 0.121016 -0.457599 -0.068285 0.229680 -0.443955 -0.046533 0.382741 -0.327168 -0.300625 0.407959 -0.394488 -0.184173 0.434209 -0.422614 -0.072468 0.416208 -0.271327 -0.167745 0.452050 -0.328253 -0.018507 0.427312 -0.311531 0.086978 0.342266 -0.185099 -0.108635 0.451859 -0.270119 0.005790 0.400195 -0.244952 0.060055 0.278993 -0.147215 -0.010902 0.382121 -0.209895 0.061642 0.309320 -0.174099 0.084293 0.202509 
0.000000 0.000000 0.000000 -0.033218 -0.041164 -0.053160 -0.161273 -0.331324 0.235597 -0.098652 -0.216751 0.281823 -0.051897 -0.127786 0.282884 -0.013767 -0.054266 0.274293 -0.288292 -0.066181 0.126166 -0.447900 -0.081834 0.238377 -0.436900 -0.065346 0.392306 -0.309129 -0.313617 0.406608 -0.383985 -0.205546 0.445332 -0.416140 -0.094434 0.430729 -0.257963 -0.183430 0.454982 -0.324180 -0.036901 0.438578 -0.315327 0.071228 0.355698 -0.178730 -0.118704 0.451836 -0.269963 -0.005739 0.408176 -0.247264 0.050867 0.287559 -0.144183 -0.009336 0.381807 -0.208920 0.063783 0.311422 -0.179133 0.087918 0.203101 
0.000000 0.000000 0.000000 -0.031728 -0.042579 -0.052956 -0.142847 -0.339276 0.236171 -0.085345 -0.221943 0.282125 -0.042907 -0.130839 0.282996 -0.008436 -0.055550 0.274252 -0.281813 -0.076954 0.131765 -0.438301 -0.098464 0.247351 -0.430772 -0.085711 0.401842 -0.286080 -0.331072 0.411776 -0.366307 -0.229882 0.457670 -0.404628 -0.120353 0.446355 -0.243398 -0.202185 0.458487 -0.325003 -0.062729 0.454357 -0.327530 0.048624 0.375406 -0.167118 -0.126522 0.454071 -0.267716 -0.017349 0.423215 -0.250453 0.042154 0.303093 -0.133683 -0.012485 0.388466 -0.199553 0.060668 0.319176 -0.175063 0.086210 0.209855 
0.000000 0.000000 0.000000 -0.031976 -0.043300 -0.052217 -0.131067 -0.341616 0.239604 -0.074965 -0.223078 0.284172 -0.034342 -0.131145 0.284021 -0.001571 -0.055201 0.274448 -0.274648 -0.079474 0.141815 -0.426496 -0.102109 0.263227 -0.419667 -0.091094 0.417884 -0.271492 -0.332267 0.417406 -0.355293 -0.239853 0.474144 -0.397125 -0.131264 0.466958 -0.224953 -0.200516 0.467118 -0.308427 -0.062112 0.466217 -0.320470 0.050716 0.390295 -0.150057 -0.131767 0.461005 -0.252442 -0.024100 0.430740 -0.242830 0.037026 0.310577 -0.125559 -0.018459 0.392189 -0.195231 0.053630 0.325553 -0.174761 0.082392 0.216206 
0.000000 0.000000 0.000000 -0.033723 -0.043166 -0.051219 -0.128649 -0.339235 0.244253 -0.070206 -0.221123 0.286903 -0.028632 -0.129629 0.285347 0.004690 -0.054078 0.274636 -0.269036 -0.076830 0.152106 -0.416280 -0.097895 0.279333 -0.412250 -0.087742 0.434148 -0.263234 -0.334455 0.426693 -0.344812 -0.239525 0.482507 -0.388961 -0.131672 0.479097 -0.215786 -0.194170 0.472791 -0.303917 -0.058895 0.480422 -0.323688 0.055275 0.408216 -0.142672 -0.125988 0.463378 -0.249487 -0.021307 0.438414 -0.244874 0.038675 0.317382 -0.120188 -0.018622 0.391830 -0.187495 0.052998 0.322320 -0.169755 0.084536 0.213262 
0.000000 0.000000 0.000000 -0.034106 -0.043603 -0.050591 -0.129097 -0.335889 0.248601 -0.069992 -0.217548 0.289674 -0.028042 -0.126255 0.286914 0.005553 -0.050972 0.275213 -0.265502 -0.071234 0.158068 -0.410294 -0.088525 0.288634 -0.406854 -0.077889 0.443430 -0.262000 -0.316554 0.431312 -0.343205 -0.224911 0.492870 -0.387278 -0.117016 0.489794 -0.210250 -0.183055 0.478387 -0.296921 -0.047031 0.488891 -0.319011 0.067402 0.417783 -0.137724 -0.117042 0.467465 -0.242114 -0.010388 0.440660 -0.239741 0.047631 0.318610 -0.118673 -0.016368 0.393351 -0.186951 0.056430 0.326047 -0.170190 0.089507 0.217289 
0.000000 0.000000 0.000000 -0.034567 -0.043569 -0.050306 -0.129736 -0.334469 0.250180 -0.069817 -0.216322 0.290633 -0.027399 -0.125261 0.287411 0.006540 -0.050192 0.275335 -0.268622 -0.071498 0.155326 -0.415078 -0.088974 0.283997 -0.404459 -0.074167 0.438123 -0.263063 -0.319299 0.432974 -0.343301 -0.224409 0.490763 -0.385325 -0.115800 0.485161 -0.211646 -0.181837 0.478169 -0.294501 -0.043109 0.481924 -0.310679 0.069461 0.406388 -0.138443 -0.115363 0.467091 -0.241375 -0.007839 0.438204 -0.236581 0.049398 0.315857 -0.115942 -0.015390 0.395223 -0.184008 0.057259 0.327544 -0.167343 0.089343 0.218475 
0.000000 0.000000 0.000000 -0.035601 -0.043081 -0.050005 -0.137384 -0.329689 0.252430 -0.074702 -0.212711 0.292080 -0.030170 -0.122689 0.288242 0.005507 -0.048515 0.275658 -0.278726 -0.070732 0.144859 -0.430857 -0.088035 0.266793 -0.411700 -0.060946 0.418404 -0.273167 -0.311038 0.433082 -0.350417 -0.206948 0.477578 -0.387958 -0.097594 0.462562 -0.222380 -0.170558 0.473433 -0.292805 -0.026234 0.455122 -0.297476 0.081362 0.371213 -0.148407 -0.107372 0.462882 -0.243884 0.003081 0.421952 -0.229369 0.056186 0.298513 -0.118009 -0.009357 0.393117 -0.184641 0.064904 0.325761 -0.162275 0.093484 0.216738 
0.000000 0.000000 0.000000 -0.035892 -0.042870 -0.049978 -0.145108 -0.325317 0.253777 -0.080801 -0.209100 0.293063 -0.034722 -0.119873 0.288913 0.002311 -0.046413 0.276065 -0.288455 -0.076817 0.131422 -0.446492 -0.098059 0.244931 -0.421552 -0.055953 0.392212 -0.283555 -0.308876 0.432613 -0.352917 -0.192967 0.455767 -0.385102 -0.083433 0.432109 -0.237472 -0.164832 0.466179 -0.296223 -0.018254 0.431714 -0.289187 0.085412 0.343153 -0.159186 -0.097941 0.458446 -0.242960 0.015361 0.402451 -0.220349 0.065140 0.278844 -0.123002 -0.009343 0.392291 -0.183939 0.064686 0.319505 -0.155011 0.091274 0.211526 
0.000000 0.000000 0.000000 -0.033435 -0.044239 -0.050487 -0.140551 -0.328264 0.252544 -0.080755 -0.209890 0.292510 -0.037377 -0.119300 0.288819 -0.002360 -0.044796 0.276331 -0.287289 -0.075255 0.129631 -0.446134 -0.094662 0.242337 -0.420843 -0.050071 0.388825 -0.283876 -0.302404 0.426352 -0.356252 -0.189228 0.453460 -0.387383 -0.079731 0.428272 -0.241969 -0.161258 0.460198 -0.299977 -0.014665 0.424561 -0.291333 0.089220 0.336399 -0.162804 -0.096338 0.457504 -0.243576 0.017917 0.399087 -0.219940 0.068063 0.275820 -0.127167 -0.011088 0.394115 -0.186961 0.062441 0.319889 -0.157228 0.089375 0.212215 
0.000000 0.000000 0.000000 -0.033571 -0.043755 -0.050817 -0.132937 -0.334480 0.248478 -0.074081 -0.216084 0.289753 -0.031895 -0.124896 0.287106 0.002011 -0.049741 0.275487 -0.281513 -0.079889 0.136442 -0.436658 -0.102498 0.253617 -0.414895 -0.063881 0.402352 -0.271847 -0.313233 0.426446 -0.345142 -0.202075 0.458911 -0.378996 -0.092469 0.438091 -0.230086 -0.170085 0.463019 -0.294216 -0.024098 0.436572 -0.292741 0.083184 0.352145 -0.153434 -0.107139 0.459230 -0.241583 0.005536 0.408985 -0.225545 0.060126 0.286385 -0.121033 -0.013842 0.394472 -0.184517 0.058913 0.322586 -0.159276 0.085892 0.213782 
0.000000 0.000000 0.000000 -0.032680 -0.044340 -0.050891 -0.120353 -0.340462 0.246762 -0.064776 -0.220663 0.288529 -0.025428 -0.128204 0.286292 0.006054 -0.051949 0.275020 -0.272292 -0.089254 0.145106 -0.422227 -0.117358 0.267748 -0.407104 -0.091188 0.419976 -0.255132 -0.335925 0.429064 -0.331932 -0.231028 0.472427 -0.370633 -0.121660 0.460854 -0.213420 -0.192454 0.471788 -0.290282 -0.050657 0.461278 -0.300199 0.060696 0.382912 -0.138062 -0.124444 0.465215 -0.236634 -0.015569 0.427525 -0.229602 0.043962 0.306386 -0.116456 -0.018021 0.395130 -0.186138 0.052373 0.326716 -0.167084 0.081077 0.217098 
0.000000 0.000000 0.000000 -0.030191 -0.046447 -0.050548 -0.101058 -0.344895 0.249248 -0.052212 -0.221898 0.290125 -0.018074 -0.127410 0.287204 0.009106 -0.049602 0.275369 -0.256758 -0.088693 0.160944 -0.398530 -0.115128 0.293282 -0.385636 -0.096300 0.446794 -0.234036 -0.332761 0.432524 -0.316345 -0.243386 0.495922 -0.359617 -0.135201 0.491841 -0.189888 -0.198626 0.482422 -0.277635 -0.063044 0.488937 -0.299851 0.049703 0.415222 -0.117834 -0.124662 0.473629 -0.224676 -0.020823 0.445468 -0.228966 0.036931 0.323345 -0.110817 -0.017778 0.398624 -0.180759 0.051804 0.329647 -0.169938 0.084600 0.220055 
0.000000 0.000000 0.000000 -0.031636 -0.046616 -0.049498 -0.099142 -0.341674 0.254402 -0.048349 -0.218776 0.293150 -0.013412 -0.124642 0.288671 0.014236 -0.047201 0.275573 -0.252703 -0.087576 0.167983 -0.391032 -0.113206 0.304069 -0.378768 -0.095932 0.457816 -0.227431 -0.334474 0.441245 -0.308780 -0.245081 0.505846 -0.353531 -0.137434 0.504246 -0.180175 -0.197311 0.489709 -0.268932 -0.062442 0.497267 -0.295474 0.050108 0.424690 -0.112494 -0.119234 0.475399 -0.225069 -0.020681 0.450805 -0.232705 0.033578 0.327251 -0.108116 -0.015344 0.396410 -0.179548 0.054615 0.329369 -0.170612 0.089701 0.220318 
0.000000 0.000000 0.000000 -0.031848 -0.046932 -0.049061 -0.102069 -0.338192 0.257873 -0.050512 -0.215233 0.295399 -0.014914 -0.121397 0.289977 0.013298 -0.044296 0.276102 -0.256771 -0.082464 0.165400 -0.397513 -0.104698 0.299596 -0.380145 -0.081331 0.452040 -0.229562 -0.327058 0.445068 -0.309397 -0.232798 0.504424 -0.352939 -0.124767 0.499264 -0.181007 -0.187565 0.492071 -0.261357 -0.047491 0.485145 -0.282483 0.062549 0.407144 -0.113350 -0.114689 0.477004 -0.220397 -0.012930 0.442695 -0.224885 0.040132 0.318469 -0.107194 -0.014926 0.399412 -0.174401 0.055288 0.328387 -0.164681 0.090977 0.219598 
0.000000 0.000000 0.000000 -0.031471 -0.047595 -0.048664 -0.108605 -0.332551 0.262498 -0.056657 -0.209309 0.298525 -0.020246 -0.115862 0.291912 0.008778 -0.039248 0.277044 -0.266086 -0.086404 0.154550 -0.412892 -0.110688 0.281709 -0.385046 -0.070391 0.428976 -0.241401 -0.316150 0.445573 -0.318679 -0.211177 0.487892 -0.356510 -0.102362 0.469966 -0.200305 -0.170854 0.483892 -0.271242 -0.027635 0.459786 -0.277098 0.076580 0.371786 -0.128730 -0.103857 0.473021 -0.223857 0.000910 0.418565 -0.215943 0.049773 0.292796 -0.116276 -0.006303 0.394783 -0.176310 0.065897 0.319454 -0.155360 0.098235 0.211203 
0.000000 0.000000 0.000000 -0.032313 -0.047252 -0.048446 -0.114606 -0.329298 0.264043 -0.060457 -0.206840 0.299499 -0.022372 -0.114095 0.292452 0.008026 -0.038086 0.277229 -0.274263 -0.086496 0.145890 -0.425659 -0.111052 0.267493 -0.392235 -0.058660 0.409707 -0.246167 -0.307288 0.447420 -0.315555 -0.191221 0.469685 -0.349654 -0.082738 0.443959 -0.211623 -0.159620 0.476681 -0.273356 -0.014913 0.439619 -0.268558 0.084394 0.346054 -0.137739 -0.092600 0.468355 -0.223408 0.014504 0.403700 -0.207513 0.059288 0.277170 -0.119126 0.000320 0.390999 -0.166877 0.073793 0.308459 -0.137278 0.102877 0.201309 
0.000000 0.000000 0.000000 -0.031630 -0.047625 -0.048531 -0.112035 -0.330339 0.263846 -0.059328 -0.207286 0.299416 -0.022212 -0.114143 0.292445 0.007427 -0.037824 0.277282 -0.275560 -0.089367 0.142785 -0.428196 -0.115486 0.262499 -0.392611 -0.060023 0.403014 -0.246318 -0.309445 0.445372 -0.314398 -0.191789 0.462814 -0.347102 -0.083381 0.435042 -0.211496 -0.159423 0.475565 -0.265873 -0.014669 0.428513 -0.258626 0.083317 0.333721 -0.138546 -0.091521 0.467569 -0.222517 0.016222 0.401758 -0.204619 0.060124 0.275187 -0.121983 -0.001795 0.389271 -0.165473 0.069272 0.302383 -0.133431 0.097703 0.195762 
0.000000 0.000000 0.000000 -0.033489 -0.046048 -0.048806 -0.110210 -0.334817 0.258923 -0.054898 -0.213357 0.295977 -0.016640 -0.120593 0.290218 0.013700 -0.044354 0.276073 -0.282764 -0.099139 0.132548 -0.426796 -0.122734 0.262968 -0.393078 -0.069588 0.404832 -0.245748 -0.319535 0.440075 -0.315132 -0.203127 0.460498 -0.348204 -0.094335 0.434736 -0.207087 -0.166680 0.472426 -0.266437 -0.022077 0.431289 -0.261642 0.077409 0.337914 -0.134385 -0.098760 0.464497 -0.220294 0.008347 0.400166 -0.203831 0.053791 0.273944 -0.114879 -0.005617 0.388113 -0.160670 0.065866 0.302762 -0.131538 0.094823 0.195450 
0.000000 0.000000 0.000000 -0.032335 -0.046245 -0.049393 -0.094892 -0.343871 0.253058 -0.043647 -0.221235 0.292040 -0.008884 -0.127026 0.287805 0.018478 -0.049447 0.274927 -0.269181 -0.103164 0.146848 -0.417384 -0.138779 0.269643 -0.384609 -0.090972 0.413612 -0.228039 -0.336493 0.436463 -0.299318 -0.222295 0.462157 -0.335609 -0.113374 0.441852 -0.189697 -0.186139 0.476192 -0.253898 -0.043051 0.437094 -0.257924 0.059302 0.346833 -0.123950 -0.112067 0.464581 -0.214496 -0.005017 0.406853 -0.202271 0.044827 0.281817 -0.105301 -0.012065 0.392687 -0.157174 0.056920 0.308773 -0.133628 0.084472 0.199734 
0.000000 0.000000 0.000000 -0.031030 -0.047229 -0.049299 -0.078251 -0.348741 0.252084 -0.031485 -0.224374 0.291209 -0.000547 -0.128832 0.287138 0.023559 -0.050156 0.274409 -0.259601 -0.110527 0.154649 -0.402627 -0.150134 0.282267 -0.367875 -0.105557 0.426807 -0.206954 -0.343026 0.438694 -0.282492 -0.234973 0.476119 -0.321749 -0.126456 0.459510 -0.170831 -0.193478 0.481215 -0.242542 -0.051557 0.452223 -0.252702 0.052152 0.364016 -0.103326 -0.119566 0.471703 -0.193935 -0.012151 0.414758 -0.187401 0.038500 0.289619 -0.094532 -0.014062 0.398256 -0.148674 0.054603 0.315522 -0.129222 0.082077 0.205659 
0.000000 0.000000 0.000000 -0.030552 -0.048195 -0.048659 -0.068881 -0.348378 0.255302 -0.024230 -0.222824 0.293087 0.004759 -0.126720 0.288038 0.027170 -0.047676 0.274518 -0.252771 -0.104616 0.164136 -0.391821 -0.139922 0.297289 -0.353194 -0.094000 0.440419 -0.192539 -0.342586 0.445289 -0.266573 -0.233729 0.483383 -0.307009 -0.125320 0.469050 -0.158161 -0.190481 0.486712 -0.228377 -0.048107 0.456316 -0.241152 0.055828 0.368717 -0.090499 -0.114954 0.476455 -0.183248 -0.009532 0.419231 -0.181493 0.038251 0.292813 -0.090106 -0.016512 0.400459 -0.142418 0.050599 0.315308 -0.124860 0.080119 0.205656 
0.000000 0.000000 0.000000 -0.032390 -0.047708 -0.047946 -0.076713 -0.343929 0.259072 -0.028068 -0.219409 0.295312 0.003671 -0.124244 0.289130 0.028261 -0.046015 0.274691 -0.256536 -0.102453 0.163260 -0.396792 -0.136710 0.295419 -0.356873 -0.089136 0.437652 -0.199065 -0.338551 0.449915 -0.271439 -0.227366 0.484292 -0.311616 -0.118933 0.469417 -0.161963 -0.185596 0.488712 -0.229785 -0.042539 0.456162 -0.241497 0.061402 0.368422 -0.095580 -0.109978 0.475300 -0.186924 -0.003426 0.417909 -0.182059 0.043829 0.291373 -0.088203 -0.014864 0.401388 -0.137408 0.053065 0.315041 -0.118797 0.082981 0.205671 
0.000000 0.000000 0.000000 -0.031633 -0.048330 -0.047827 -0.080374 -0.340731 0.262170 -0.032361 -0.215726 0.297577 -0.000595 -0.120619 0.290684 0.024157 -0.042555 0.275639 -0.262657 -0.094944 0.157847 -0.407216 -0.124113 0.286544 -0.362519 -0.071477 0.425535 -0.211434 -0.320336 0.446092 -0.284128 -0.209026 0.479374 -0.320914 -0.100091 0.460057 -0.174100 -0.171470 0.483120 -0.238939 -0.027609 0.448125 -0.245008 0.075066 0.358345 -0.109047 -0.097535 0.470736 -0.196117 0.011137 0.410736 -0.185213 0.056706 0.283958 -0.092328 -0.006821 0.401100 -0.140269 0.064367 0.316689 -0.117029 0.092119 0.207635 
0.000000 0.000000 0.000000 -0.032652 -0.048016 -0.047458 -0.080997 -0.339809 0.263172 -0.031314 -0.215295 0.298001 0.001352 -0.120523 0.290721 0.026740 -0.042722 0.275374 -0.264364 -0.094996 0.157356 -0.409354 -0.124393 0.285516 -0.360802 -0.067953 0.421692 -0.209152 -0.318217 0.448995 -0.277950 -0.202388 0.474142 -0.314239 -0.093576 0.453254 -0.173548 -0.168553 0.482552 -0.233120 -0.024445 0.440024 -0.237400 0.077272 0.349059 -0.106876 -0.094885 0.470562 -0.191377 0.012809 0.405350 -0.181210 0.057423 0.278173 -0.092066 -0.004070 0.397756 -0.137800 0.064096 0.309704 -0.113359 0.089349 0.200305 
0.000000 0.000000 0.000000 -0.030734 -0.049308 -0.047414 -0.065969 -0.343111 0.263085 -0.021463 -0.216648 0.297893 0.007178 -0.120583 0.290610 0.029239 -0.041774 0.275266 -0.256484 -0.099194 0.163287 -0.397743 -0.130410 0.295130 -0.345569 -0.075821 0.430720 -0.195851 -0.323644 0.447941 -0.266015 -0.209232 0.475672 -0.302458 -0.100300 0.455701 -0.160464 -0.173548 0.485764 -0.219271 -0.028993 0.443692 -0.224500 0.073520 0.353675 -0.091884 -0.100851 0.476382 -0.179302 0.001486 0.406554 -0.180545 0.048601 0.279878 -0.088061 -0.000405 0.398212 -0.132907 0.063825 0.306808 -0.111652 0.087180 0.196328 
0.000000 0.000000 0.000000 -0.030469 -0.049608 -0.047271 -0.057452 -0.345182 0.262372 -0.014601 -0.218157 0.297207 0.012404 -0.121613 0.290005 0.033016 -0.042396 0.274743 -0.250026 -0.101191 0.169478 -0.387410 -0.133469 0.305106 -0.335344 -0.084479 0.442860 -0.183255 -0.334748 0.450746 -0.255015 -0.222870 0.484151 -0.294613 -0.114161 0.469749 -0.147665 -0.182978 0.490935 -0.212663 -0.039072 0.456425 -0.224442 0.065830 0.369845 -0.078861 -0.106839 0.480179 -0.171107 -0.005782 0.414841 -0.179857 0.043688 0.289365 -0.082526 -0.003768 0.400219 -0.133576 0.059142 0.311182 -0.118125 0.083916 0.200048 
0.000000 0.000000 0.000000 -0.030564 -0.049777 -0.047032 -0.058439 -0.343681 0.264118 -0.015296 -0.216583 0.298321 0.011948 -0.120143 0.290636 0.032762 -0.041058 0.274976 -0.251200 -0.097717 0.169458 -0.389259 -0.127715 0.304924 -0.343104 -0.081925 0.445849 -0.183347 -0.330809 0.452937 -0.258823 -0.223722 0.493159 -0.301221 -0.115880 0.480284 -0.148594 -0.179979 0.491625 -0.219378 -0.037658 0.462317 -0.235779 0.068023 0.377453 -0.079599 -0.106598 0.480766 -0.173378 -0.006225 0.416567 -0.182481 0.043327 0.291148 -0.084351 -0.002523 0.399016 -0.137473 0.060287 0.311128 -0.125090 0.087013 0.200063 
0.000000 0.000000 0.000000 -0.033031 -0.049084 -0.046082 -0.072411 -0.336480 0.269867 -0.023404 -0.210932 0.301823 0.008112 -0.115953 0.292464 0.032380 -0.038144 0.275441 -0.257423 -0.096372 0.166657 -0.397833 -0.125962 0.299776 -0.358212 -0.079134 0.442339 -0.193846 -0.322022 0.460824 -0.266258 -0.209402 0.490069 -0.310340 -0.102320 0.476528 -0.160872 -0.170658 0.491441 -0.231547 -0.029631 0.456217 -0.250044 0.075778 0.371446 -0.094210 -0.095987 0.476435 -0.186849 0.005844 0.412878 -0.189079 0.053732 0.286506 -0.086502 0.002232 0.397191 -0.136400 0.065103 0.307476 -0.123449 0.092524 0.196645 
0.000000 0.000000 0.000000 -0.028367 -0.051634 -0.046402 -0.064681 -0.335342 0.273226 -0.024016 -0.206724 0.304673 0.002569 -0.110306 0.294741 0.023182 -0.031564 0.277196 -0.252905 -0.094870 0.167045 -0.393406 -0.121924 0.300606 -0.358473 -0.071188 0.443057 -0.194629 -0.311277 0.457493 -0.273594 -0.205048 0.493019 -0.319952 -0.099191 0.477577 -0.163214 -0.158725 0.491205 -0.236123 -0.018550 0.457148 -0.256604 0.086490 0.372374 -0.102767 -0.084399 0.476254 -0.196084 0.018272 0.415087 -0.197494 0.065033 0.288283 -0.094854 0.005994 0.400658 -0.148190 0.068558 0.312725 -0.136541 0.096175 0.201798 
0.000000 0.000000 0.000000 -0.025117 -0.053511 -0.046148 -0.051578 -0.335051 0.276352 -0.017819 -0.204211 0.306786 0.004051 -0.106700 0.296049 0.020943 -0.027228 0.277833 -0.250741 -0.101038 0.165232 -0.391922 -0.130777 0.297500 -0.361939 -0.078254 0.440431 -0.184277 -0.310182 0.458541 -0.269115 -0.209412 0.496356 -0.319451 -0.105827 0.478199 -0.164204 -0.162811 0.489357 -0.248332 -0.027712 0.461161 -0.274029 0.076697 0.377031 -0.105599 -0.085936 0.475658 -0.203866 0.013592 0.417104 -0.206399 0.062097 0.290973 -0.094710 0.020009 0.400222 -0.155475 0.078274 0.314175 -0.149739 0.099662 0.201424 
0.000000 0.000000 0.000000 -0.022660 -0.054389 -0.046392 -0.042316 -0.336706 0.275915 -0.013664 -0.204724 0.306657 0.004760 -0.106483 0.296116 0.018946 -0.026449 0.278052 -0.244080 -0.114141 0.166327 -0.382630 -0.151529 0.299432 -0.355793 -0.101262 0.443792 -0.174028 -0.332370 0.460450 -0.260515 -0.231303 0.493426 -0.313007 -0.128615 0.476310 -0.158019 -0.176373 0.493292 -0.245558 -0.043410 0.465324 -0.275441 0.061494 0.383218 -0.098537 -0.095777 0.480314 -0.198373 0.003326 0.423726 -0.203907 0.054857 0.298898 -0.084711 0.020158 0.410977 -0.150427 0.072612 0.324830 -0.152435 0.089142 0.211138 
0.000000 0.000000 0.000000 -0.022453 -0.053743 -0.047238 -0.038255 -0.341853 0.270117 -0.010509 -0.210207 0.303051 0.007075 -0.111649 0.294161 0.020530 -0.031197 0.277446 -0.240356 -0.121060 0.166850 -0.376705 -0.163182 0.300812 -0.350840 -0.117975 0.447011 -0.166054 -0.349586 0.457274 -0.252330 -0.249677 0.494106 -0.304843 -0.146484 0.480438 -0.151547 -0.188832 0.493119 -0.241490 -0.056287 0.471524 -0.274014 0.050542 0.392980 -0.091887 -0.112055 0.481030 -0.196938 -0.013191 0.434329 -0.205943 0.043280 0.311863 -0.074891 0.006628 0.419045 -0.140467 0.057061 0.331595 -0.149419 0.077282 0.218838 
0.000000 0.000000 0.000000 -0.021790 -0.053383 -0.047952 -0.035893 -0.345408 0.265886 -0.009501 -0.213910 0.300482 0.007178 -0.115092 0.292829 0.019925 -0.034322 0.277121 -0.239376 -0.120198 0.166614 -0.375528 -0.162007 0.300874 -0.350320 -0.120170 0.448187 -0.166997 -0.345996 0.450903 -0.255278 -0.252223 0.497756 -0.307560 -0.148692 0.485882 -0.147263 -0.193696 0.493063 -0.236703 -0.060496 0.473492 -0.271434 0.047726 0.397855 -0.086852 -0.115378 0.482228 -0.189884 -0.013232 0.438167 -0.202559 0.046277 0.317477 -0.067639 0.004290 0.423504 -0.137257 0.058440 0.341575 -0.151669 0.080863 0.229804 
0.000000 0.000000 0.000000 -0.021876 -0.054432 -0.046717 -0.044520 -0.337098 0.275088 -0.016745 -0.205038 0.306294 0.001445 -0.106720 0.296066 0.015559 -0.026619 0.278245 -0.240164 -0.112036 0.169797 -0.376754 -0.148081 0.305278 -0.355834 -0.105758 0.453122 -0.173798 -0.344009 0.461259 -0.260569 -0.246705 0.503505 -0.312209 -0.142880 0.491394 -0.151290 -0.184980 0.501153 -0.239760 -0.051517 0.479124 -0.276383 0.056513 0.404107 -0.087381 -0.109495 0.487940 -0.192492 -0.007906 0.447665 -0.209304 0.052741 0.328051 -0.068356 0.014630 0.426039 -0.143927 0.070729 0.350985 -0.163112 0.093343 0.239973 
0.000000 0.000000 0.000000 -0.021822 -0.055457 -0.045521 -0.055208 -0.328047 0.283949 -0.025956 -0.195557 0.311803 -0.006013 -0.097877 0.299049 0.009714 -0.018566 0.279163 -0.241374 -0.096902 0.173398 -0.378755 -0.122836 0.310383 -0.364836 -0.081884 0.459433 -0.185851 -0.326397 0.469287 -0.271837 -0.227600 0.509630 -0.323662 -0.123920 0.497069 -0.159669 -0.169734 0.506555 -0.250242 -0.037136 0.488153 -0.289517 0.070784 0.414327 -0.091272 -0.093880 0.492514 -0.197158 0.008540 0.456611 -0.218031 0.068361 0.337222 -0.071520 0.022113 0.428604 -0.147718 0.081105 0.356457 -0.168243 0.105913 0.246156 
0.000000 0.000000 0.000000 -0.019810 -0.056566 -0.045075 -0.061916 -0.322722 0.288630 -0.034743 -0.189431 0.314716 -0.015215 -0.091850 0.300630 0.000496 -0.012817 0.279654 -0.241339 -0.091004 0.173065 -0.379957 -0.112553 0.309564 -0.374056 -0.076567 0.460418 -0.195960 -0.311866 0.471208 -0.283462 -0.216389 0.516037 -0.336773 -0.113238 0.505511 -0.170417 -0.163837 0.508137 -0.263708 -0.032553 0.494502 -0.306414 0.076773 0.424764 -0.101192 -0.091985 0.493818 -0.209555 0.008152 0.458877 -0.230084 0.067802 0.339343 -0.083691 0.015396 0.430329 -0.154799 0.078007 0.356068 -0.170597 0.109773 0.246777 
0.000000 0.000000 0.000000 -0.022282 -0.056255 -0.044304 -0.074568 -0.316160 0.292870 -0.041772 -0.183804 0.317189 -0.018218 -0.087312 0.301813 0.000727 -0.009278 0.279794 -0.243475 -0.083771 0.175155 -0.381884 -0.100989 0.312479 -0.384973 -0.068952 0.464304 -0.203410 -0.311600 0.479415 -0.288366 -0.211222 0.517999 -0.343621 -0.108803 0.510902 -0.176396 -0.157853 0.511295 -0.269242 -0.026413 0.496198 -0.317021 0.084216 0.432030 -0.105464 -0.089239 0.494421 -0.214222 0.009763 0.457524 -0.233575 0.068901 0.337540 -0.085731 0.012433 0.430259 -0.154816 0.076723 0.355523 -0.167137 0.111203 0.246608 
0.000000 0.000000 0.000000 -0.023372 -0.056282 -0.043704 -0.082159 -0.310989 0.296355 -0.046580 -0.179091 0.319208 -0.020908 -0.083318 0.302766 -0.000225 -0.005977 0.279885 -0.243330 -0.072551 0.178107 -0.380966 -0.082731 0.316901 -0.389196 -0.052732 0.468951 -0.214372 -0.299130 0.480201 -0.299623 -0.200102 0.521524 -0.355477 -0.097861 0.517024 -0.179937 -0.142385 0.512452 -0.273170 -0.010665 0.503400 -0.323578 0.101115 0.443370 -0.107712 -0.079735 0.495551 -0.215002 0.021423 0.460242 -0.233906 0.079650 0.339742 -0.089466 0.012477 0.429156 -0.155922 0.077022 0.352288 -0.167630 0.113962 0.244114 
0.000000 0.000000 0.000000 -0.024698 -0.056047 -0.043274 -0.090468 -0.306307 0.298801 -0.051631 -0.175154 0.320613 -0.023535 -0.080198 0.303415 -0.000876 -0.003596 0.279924 -0.244146 -0.062514 0.179542 -0.381462 -0.066562 0.318966 -0.395329 -0.039392 0.471138 -0.226234 -0.285027 0.479175 -0.312861 -0.190395 0.527368 -0.369348 -0.088419 0.525556 -0.185814 -0.137560 0.513113 -0.280147 -0.006360 0.509585 -0.333295 0.107053 0.455252 -0.113486 -0.074661 0.494705 -0.220033 0.026890 0.458290 -0.238025 0.085350 0.337763 -0.089060 0.013539 0.429978 -0.154278 0.078685 0.352558 -0.166084 0.116606 0.244735 
0.000000 0.000000 0.000000 -0.026733 -0.055277 -0.043055 -0.098395 -0.302943 0.299724 -0.055263 -0.173072 0.321137 -0.024256 -0.079079 0.303652 0.000693 -0.003265 0.279929 -0.243461 -0.055238 0.182500 -0.379076 -0.055214 0.323638 -0.396001 -0.030599 0.475936 -0.228699 -0.285259 0.484463 -0.311946 -0.184621 0.525982 -0.368886 -0.082882 0.526206 -0.185645 -0.133941 0.515929 -0.277126 -0.000825 0.509929 -0.331914 0.113598 0.459481 -0.113399 -0.068846 0.495126 -0.217777 0.035794 0.461266 -0.234744 0.094172 0.340551 -0.085925 0.013373 0.430947 -0.149884 0.079262 0.353106 -0.160892 0.117341 0.245255 
0.000000 0.000000 0.000000 -0.026838 -0.055364 -0.042876 -0.100243 -0.301254 0.300812 -0.056676 -0.171453 0.321759 -0.025275 -0.077654 0.303936 0.000015 -0.002039 0.279941 -0.243364 -0.054290 0.182871 -0.378851 -0.053617 0.324129 -0.396635 -0.029626 0.476428 -0.229700 -0.278295 0.485566 -0.314075 -0.180152 0.530630 -0.371640 -0.078765 0.530187 -0.188020 -0.128261 0.515040 -0.280364 0.004322 0.510683 -0.335677 0.118533 0.460329 -0.115541 -0.066621 0.494839 -0.219188 0.038530 0.460322 -0.234667 0.096500 0.339211 -0.085928 0.014898 0.431312 -0.151607 0.082066 0.356040 -0.161380 0.119595 0.247877 
0.000000 0.000000 0.000000 -0.027326 -0.055229 -0.042743 -0.106883 -0.297907 0.301857 -0.061577 -0.168630 0.322350 -0.028673 -0.075411 0.304199 -0.002101 -0.000322 0.279940 -0.252805 -0.051651 0.174035 -0.393895 -0.049412 0.309681 -0.403557 -0.014754 0.460652 -0.237365 -0.261769 0.483760 -0.319987 -0.158046 0.518363 -0.375824 -0.056044 0.509945 -0.201497 -0.123959 0.509168 -0.288752 0.010945 0.491504 -0.337705 0.124653 0.433940 -0.123131 -0.056871 0.492475 -0.220234 0.051466 0.449755 -0.230021 0.107149 0.326988 -0.091714 0.022391 0.428399 -0.157993 0.091126 0.355092 -0.164133 0.126524 0.245948 
0.000000 0.000000 0.000000 -0.026534 -0.055875 -0.042401 -0.105936 -0.296143 0.303919 -0.061987 -0.166258 0.323501 -0.029856 -0.072899 0.304698 -0.003845 0.002215 0.279913 -0.256627 -0.056114 0.169503 -0.400604 -0.056264 0.302099 -0.404395 -0.015944 0.451922 -0.236006 -0.260351 0.486185 -0.316788 -0.152467 0.511032 -0.371484 -0.050349 0.497864 -0.202384 -0.112358 0.507506 -0.284863 0.023734 0.479205 -0.329251 0.135196 0.414050 -0.129756 -0.053214 0.490025 -0.226459 0.052651 0.440711 -0.233536 0.106075 0.316760 -0.097884 0.026409 0.425370 -0.161788 0.093109 0.348178 -0.165553 0.127062 0.238469 
0.000000 0.000000 0.000000 -0.023708 -0.057086 -0.042462 -0.097950 -0.298800 0.303997 -0.059512 -0.167167 0.323498 -0.030911 -0.072676 0.304645 -0.007613 0.003312 0.279825 -0.251932 -0.056291 0.171453 -0.394740 -0.055794 0.305307 -0.395142 -0.015437 0.455167 -0.228503 -0.260410 0.485387 -0.310255 -0.153888 0.512804 -0.364893 -0.051838 0.498890 -0.198427 -0.114457 0.508967 -0.281107 0.021532 0.480762 -0.324335 0.132230 0.413556 -0.128111 -0.051681 0.491260 -0.225497 0.055027 0.445216 -0.232981 0.107621 0.320934 -0.096446 0.025080 0.428893 -0.157217 0.091667 0.349115 -0.161082 0.125657 0.239421 
0.000000 0.000000 0.000000 -0.024341 -0.056809 -0.042475 -0.092363 -0.301182 0.303395 -0.053790 -0.169635 0.323215 -0.025648 -0.074964 0.304580 -0.002883 0.001241 0.279931 -0.246041 -0.060404 0.178166 -0.384767 -0.062654 0.316228 -0.386773 -0.030577 0.468064 -0.218892 -0.274935 0.489732 -0.301856 -0.170288 0.520526 -0.358667 -0.068961 0.510606 -0.182849 -0.123594 0.517375 -0.268677 0.010914 0.491574 -0.317076 0.120698 0.426425 -0.115329 -0.057461 0.495275 -0.215445 0.046847 0.449586 -0.228619 0.099219 0.325684 -0.091363 0.022689 0.429255 -0.152750 0.087272 0.348311 -0.159191 0.121271 0.238740 
0.000000 0.000000 0.000000 -0.024115 -0.056946 -0.042421 -0.084860 -0.303577 0.303199 -0.047747 -0.171625 0.323113 -0.021048 -0.076524 0.304544 0.000440 0.000067 0.279948 -0.239994 -0.060707 0.183915 -0.375078 -0.063062 0.325541 -0.379207 -0.036969 0.478476 -0.204326 -0.280522 0.494554 -0.289102 -0.180224 0.533739 -0.348842 -0.080286 0.527674 -0.174021 -0.129558 0.519988 -0.267060 0.001786 0.505257 -0.321185 0.111204 0.444121 -0.108828 -0.064221 0.496526 -0.215801 0.035821 0.457295 -0.232979 0.088327 0.333942 -0.088894 0.021758 0.428727 -0.154899 0.086795 0.351884 -0.163156 0.121103 0.242532 
0.000000 0.000000 0.000000 -0.024004 -0.056936 -0.042497 -0.083013 -0.304593 0.302691 -0.046342 -0.172551 0.322825 -0.020040 -0.077309 0.304414 0.001106 -0.000581 0.279946 -0.237641 -0.060424 0.185961 -0.371321 -0.062607 0.328916 -0.374128 -0.036294 0.481843 -0.203194 -0.280523 0.493472 -0.288628 -0.181461 0.534336 -0.348791 -0.081764 0.528500 -0.172201 -0.130000 0.519861 -0.266640 0.000776 0.509688 -0.320983 0.110332 0.448996 -0.106154 -0.063425 0.497042 -0.213368 0.037540 0.460959 -0.230761 0.089602 0.337448 -0.088243 0.020987 0.428734 -0.156811 0.086392 0.354491 -0.165108 0.120355 0.245034 
0.000000 0.000000 0.000000 -0.021090 -0.057780 -0.042902 -0.078306 -0.307166 0.301343 -0.046771 -0.173891 0.322043 -0.023501 -0.077784 0.304045 -0.004600 -0.000368 0.279910 -0.241848 -0.061229 0.178685 -0.379984 -0.063386 0.317339 -0.370919 -0.024878 0.467411 -0.196293 -0.277829 0.492755 -0.277735 -0.171244 0.520842 -0.334636 -0.070235 0.508483 -0.173216 -0.116728 0.514964 -0.258428 0.018378 0.490268 -0.303812 0.126130 0.419776 -0.108542 -0.062360 0.497032 -0.207265 0.040340 0.445095 -0.220104 0.090038 0.320062 -0.096071 0.027323 0.426377 -0.158650 0.091410 0.345953 -0.165151 0.123506 0.235813 
0.000000 0.000000 0.000000 -0.019414 -0.058430 -0.042812 -0.072341 -0.307991 0.301991 -0.044234 -0.173906 0.322393 -0.023252 -0.077314 0.304184 -0.006143 0.000465 0.279881 -0.243413 -0.065019 0.175425 -0.383576 -0.069141 0.311984 -0.367980 -0.027786 0.460757 -0.193643 -0.272014 0.490171 -0.275995 -0.166569 0.519863 -0.331811 -0.065433 0.504077 -0.170087 -0.121077 0.516930 -0.251098 0.014827 0.483888 -0.291605 0.120928 0.408118 -0.105542 -0.056694 0.497877 -0.200999 0.046056 0.440247 -0.214810 0.093699 0.314520 -0.093953 0.031628 0.427882 -0.152916 0.095620 0.344699 -0.159018 0.126295 0.234132 
0.000000 0.000000 0.000000 -0.018197 -0.058963 -0.042616 -0.064141 -0.308894 0.302920 -0.039087 -0.174146 0.322928 -0.020416 -0.077135 0.304433 -0.005200 0.000965 0.279898 -0.238355 -0.067937 0.179412 -0.376114 -0.073552 0.318343 -0.357928 -0.035705 0.467754 -0.189511 -0.272273 0.488288 -0.274156 -0.170817 0.524678 -0.329952 -0.069653 0.509002 -0.164487 -0.124645 0.518630 -0.247612 0.010724 0.488799 -0.287954 0.116322 0.412242 -0.100603 -0.062185 0.499524 -0.202433 0.036769 0.446329 -0.219804 0.084519 0.321085 -0.092569 0.029672 0.428656 -0.153053 0.091015 0.344572 -0.161304 0.121341 0.234049 
0.000000 0.000000 0.000000 -0.019550 -0.058577 -0.042549 -0.059447 -0.310317 0.302423 -0.033030 -0.175866 0.322673 -0.014117 -0.078869 0.304346 0.001079 -0.000724 0.279945 -0.230372 -0.066627 0.188396 -0.362290 -0.071664 0.332906 -0.348939 -0.044619 0.485147 -0.178864 -0.282419 0.493162 -0.264677 -0.184856 0.536747 -0.323897 -0.084859 0.527430 -0.151962 -0.136319 0.524578 -0.243234 -0.003904 0.508450 -0.292232 0.103205 0.439412 -0.087838 -0.067993 0.502236 -0.195195 0.028805 0.456461 -0.219479 0.078124 0.332986 -0.087074 0.026389 0.428539 -0.156809 0.087168 0.351505 -0.171637 0.118901 0.242069 
0.000000 0.000000 0.000000 -0.018474 -0.058866 -0.042631 -0.055143 -0.311418 0.302106 -0.030989 -0.176562 0.322494 -0.013621 -0.079259 0.304267 0.000355 -0.000861 0.279947 -0.223005 -0.065109 0.193959 -0.350986 -0.069016 0.342001 -0.348852 -0.050697 0.496101 -0.174493 -0.283125 0.492829 -0.262107 -0.192134 0.545994 -0.324627 -0.093784 0.542600 -0.147035 -0.140379 0.526697 -0.242203 -0.010004 0.518330 -0.300159 0.099415 0.460815 -0.086378 -0.070301 0.502610 -0.196954 0.026965 0.466512 -0.225414 0.079719 0.345372 -0.084039 0.022503 0.431334 -0.155109 0.083233 0.355491 -0.175255 0.117853 0.247793 
0.000000 0.000000 0.000000 -0.018714 -0.058637 -0.042841 -0.061461 -0.310941 0.301378 -0.036017 -0.176370 0.322077 -0.017403 -0.079255 0.304076 -0.002331 -0.001004 0.279937 -0.223346 -0.059898 0.193739 -0.351392 -0.060687 0.341776 -0.358035 -0.043611 0.495890 -0.181269 -0.282576 0.491803 -0.269190 -0.193795 0.548105 -0.332839 -0.096113 0.547844 -0.157648 -0.132495 0.521464 -0.255262 -0.003669 0.521335 -0.316450 0.107050 0.469988 -0.093173 -0.066044 0.501048 -0.201901 0.034137 0.467394 -0.229990 0.088708 0.346974 -0.085577 0.026683 0.431231 -0.154504 0.088617 0.354389 -0.175736 0.123836 0.247095 
0.000000 0.000000 0.000000 -0.017434 -0.058759 -0.043213 -0.061783 -0.312335 0.299866 -0.038230 -0.177518 0.321190 -0.020539 -0.080147 0.303646 -0.006081 -0.001668 0.279877 -0.225788 -0.064380 0.190032 -0.356163 -0.067898 0.335981 -0.364372 -0.045110 0.489279 -0.184032 -0.281998 0.488427 -0.272274 -0.192874 0.543674 -0.336168 -0.095352 0.543994 -0.162273 -0.131432 0.518583 -0.259055 -0.001981 0.518509 -0.320253 0.109701 0.469303 -0.102205 -0.065092 0.498113 -0.210525 0.035791 0.465247 -0.237253 0.091832 0.345192 -0.089138 0.027353 0.431025 -0.157920 0.089979 0.354617 -0.179214 0.125365 0.247390 
0.000000 0.000000 0.000000 -0.016011 -0.058017 -0.044739 -0.048220 -0.322775 0.291173 -0.028808 -0.187936 0.316208 -0.014482 -0.089569 0.301353 -0.002845 -0.010001 0.279755 -0.224546 -0.075707 0.187739 -0.355034 -0.086776 0.333209 -0.355796 -0.059364 0.485967 -0.170859 -0.289386 0.478963 -0.258710 -0.200362 0.534991 -0.321825 -0.102338 0.534175 -0.152761 -0.143587 0.514055 -0.246676 -0.012227 0.507050 -0.306306 0.099787 0.456686 -0.094858 -0.075699 0.496446 -0.200278 0.026826 0.459485 -0.226339 0.084000 0.339819 -0.083638 0.025766 0.430684 -0.152999 0.087433 0.354019 -0.174296 0.119104 0.245637 
0.000000 0.000000 0.000000 -0.013131 -0.058065 -0.045607 -0.033300 -0.328872 0.286399 -0.020406 -0.193634 0.313411 -0.010770 -0.094492 0.300003 -0.002909 -0.014155 0.279575 -0.219213 -0.078119 0.188859 -0.348166 -0.090666 0.335573 -0.342984 -0.065362 0.488608 -0.163630 -0.281978 0.465941 -0.252408 -0.206816 0.538406 -0.315417 -0.108719 0.538240 -0.141745 -0.154983 0.514053 -0.236324 -0.024043 0.508199 -0.295996 0.087789 0.457483 -0.091331 -0.079508 0.494936 -0.197372 0.023687 0.461816 -0.223723 0.081352 0.342450 -0.074175 0.028586 0.433460 -0.142618 0.089936 0.355723 -0.165003 0.117548 0.246454 
0.000000 0.000000 0.000000 -0.014126 -0.057891 -0.045530 -0.028975 -0.329637 0.285989 -0.015211 -0.194517 0.313160 -0.005545 -0.095362 0.299869 0.002166 -0.014986 0.279539 -0.213588 -0.077000 0.194669 -0.338399 -0.088957 0.344971 -0.327871 -0.064690 0.497899 -0.144903 -0.298857 0.478430 -0.229748 -0.208912 0.537533 -0.291727 -0.110212 0.540703 -0.125550 -0.154371 0.519770 -0.217891 -0.021810 0.514742 -0.277916 0.090243 0.464938 -0.071276 -0.086377 0.500649 -0.174355 0.017859 0.461913 -0.203004 0.074507 0.342589 -0.069485 0.027599 0.433288 -0.132967 0.087010 0.350032 -0.155078 0.115612 0.240962 
0.000000 0.000000 0.000000 -0.013392 -0.058128 -0.045450 -0.028203 -0.329041 0.286752 -0.015656 -0.193742 0.313618 -0.006676 -0.094552 0.300102 0.000538 -0.014177 0.279589 -0.217208 -0.074058 0.191303 -0.344742 -0.084026 0.339447 -0.329949 -0.054772 0.491144 -0.149581 -0.290720 0.474419 -0.235364 -0.206542 0.540278 -0.296483 -0.107261 0.541233 -0.131985 -0.147608 0.515642 -0.224108 -0.014872 0.511259 -0.281741 0.097243 0.458839 -0.077048 -0.081069 0.499049 -0.179174 0.024365 0.461037 -0.204962 0.080106 0.340638 -0.067680 0.027977 0.435010 -0.128673 0.090014 0.351808 -0.148640 0.119316 0.242511 
0.000000 0.000000 0.000000 -0.013705 -0.058401 -0.045004 -0.033812 -0.326023 0.289579 -0.019978 -0.190623 0.315279 -0.009821 -0.091667 0.300910 -0.001585 -0.011570 0.279705 -0.224085 -0.072561 0.186050 -0.355728 -0.081422 0.330629 -0.332306 -0.042650 0.479071 -0.155829 -0.284623 0.476174 -0.240654 -0.193075 0.532794 -0.298442 -0.092022 0.526315 -0.135991 -0.140262 0.516474 -0.220075 -0.003644 0.496727 -0.270489 0.107791 0.436064 -0.082120 -0.072869 0.498731 -0.177516 0.035423 0.452219 -0.197511 0.088751 0.329646 -0.070787 0.026717 0.435690 -0.130984 0.088533 0.351748 -0.146379 0.115902 0.241217 
0.000000 0.000000 0.000000 -0.013582 -0.058480 -0.044939 -0.031664 -0.326021 0.289824 -0.018330 -0.190552 0.315422 -0.008626 -0.091562 0.300979 -0.000783 -0.011441 0.279713 -0.225035 -0.074108 0.185039 -0.357348 -0.083887 0.328944 -0.329631 -0.043257 0.476144 -0.153264 -0.277320 0.474924 -0.237438 -0.186366 0.533439 -0.294255 -0.084970 0.524286 -0.137002 -0.143091 0.515769 -0.219719 -0.006261 0.492101 -0.266432 0.104086 0.426674 -0.079653 -0.074119 0.499384 -0.175395 0.032141 0.449053 -0.195661 0.083937 0.325868 -0.070747 0.028289 0.434997 -0.129257 0.088142 0.348478 -0.143147 0.113508 0.237272 
0.000000 0.000000 0.000000 -0.011351 -0.058867 -0.045053 -0.018610 -0.327631 0.289140 -0.010524 -0.191801 0.315022 -0.004694 -0.092477 0.300786 0.000000 -0.012067 0.279688 -0.216235 -0.074083 0.190822 -0.344439 -0.083604 0.338417 -0.317629 -0.050082 0.487563 -0.141880 -0.278416 0.472994 -0.226843 -0.196073 0.542153 -0.284875 -0.095125 0.536251 -0.124992 -0.144494 0.517836 -0.211700 -0.008828 0.503657 -0.261061 0.101437 0.440060 -0.068936 -0.077700 0.501705 -0.169440 0.027547 0.459128 -0.194721 0.079657 0.337008 -0.067346 0.031354 0.435141 -0.130411 0.092599 0.352902 -0.148067 0.117671 0.242165 
0.000000 0.000000 0.000000 -0.011930 -0.058698 -0.045123 -0.019257 -0.328132 0.288529 -0.010206 -0.192410 0.314661 -0.003831 -0.093094 0.300608 0.001261 -0.012669 0.279659 -0.209478 -0.071422 0.197074 -0.333090 -0.079383 0.348625 -0.316391 -0.054918 0.500971 -0.138226 -0.287504 0.477250 -0.222868 -0.204954 0.546556 -0.283533 -0.105394 0.547305 -0.123416 -0.143642 0.517835 -0.216412 -0.011458 0.519760 -0.273843 0.100464 0.466709 -0.065308 -0.079990 0.502505 -0.168417 0.026109 0.469306 -0.199093 0.082363 0.350300 -0.065062 0.030546 0.435608 -0.130004 0.091364 0.354522 -0.152026 0.118475 0.245054 
0.000000 0.000000 0.000000 -0.012148 -0.058731 -0.045022 -0.021643 -0.327397 0.289194 -0.011919 -0.191669 0.315053 -0.004980 -0.092419 0.300799 0.000589 -0.012068 0.279688 -0.211880 -0.071709 0.195363 -0.336860 -0.079830 0.345780 -0.327010 -0.058419 0.499180 -0.141493 -0.288913 0.477807 -0.226727 -0.204792 0.544448 -0.288685 -0.106101 0.548242 -0.126645 -0.141511 0.517034 -0.221534 -0.010735 0.521320 -0.283085 0.101570 0.474010 -0.071422 -0.079215 0.501111 -0.176474 0.025385 0.469268 -0.208617 0.083344 0.351474 -0.067974 0.028274 0.435437 -0.134165 0.087773 0.354382 -0.157636 0.115988 0.245496 
0.000000 0.000000 0.000000 -0.011981 -0.058664 -0.045154 -0.021793 -0.327960 0.288544 -0.012299 -0.192268 0.314673 -0.005461 -0.092983 0.300617 0.000044 -0.012585 0.279665 -0.209842 -0.073879 0.196643 -0.333650 -0.083400 0.347944 -0.324470 -0.060769 0.501209 -0.143643 -0.285715 0.475060 -0.229088 -0.207176 0.547950 -0.291398 -0.108733 0.552374 -0.124110 -0.146056 0.519215 -0.218114 -0.014590 0.521376 -0.280329 0.098062 0.475789 -0.070540 -0.081132 0.501460 -0.175089 0.023626 0.468503 -0.207518 0.081983 0.350984 -0.065048 0.026565 0.437198 -0.131512 0.085788 0.356165 -0.156311 0.114117 0.247603 
0.000000 0.000000 0.000000 -0.011242 -0.058355 -0.045740 -0.014349 -0.331492 0.284952 -0.007041 -0.195956 0.312552 -0.002007 -0.096417 0.299576 0.001980 -0.015707 0.279500 -0.206660 -0.076273 0.197851 -0.328940 -0.087486 0.350276 -0.314600 -0.060889 0.502505 -0.135238 -0.286190 0.471376 -0.219414 -0.212629 0.550654 -0.281308 -0.113934 0.555304 -0.115895 -0.150264 0.518798 -0.209730 -0.018704 0.522233 -0.271014 0.093600 0.474574 -0.064374 -0.082461 0.501144 -0.168007 0.023325 0.468584 -0.200796 0.080952 0.350805 -0.060376 0.033076 0.435444 -0.126079 0.093056 0.354347 -0.152193 0.119569 0.245635 
0.000000 0.000000 0.000000 -0.011888 -0.058342 -0.045594 -0.010747 -0.331522 0.285075 -0.002988 -0.195994 0.312593 0.001933 -0.096456 0.299564 0.005701 -0.015746 0.279447 -0.206191 -0.083417 0.198258 -0.327773 -0.099108 0.350845 -0.303156 -0.067200 0.500720 -0.123896 -0.298296 0.478759 -0.207604 -0.211757 0.544227 -0.268181 -0.112144 0.545145 -0.106672 -0.153252 0.522110 -0.195962 -0.019063 0.510053 -0.252786 0.091253 0.453126 -0.053235 -0.087503 0.503501 -0.155894 0.016616 0.463361 -0.186954 0.070589 0.343402 -0.056424 0.032386 0.435684 -0.120417 0.088848 0.350783 -0.145935 0.113476 0.241488 
0.000000 0.000000 0.000000 -0.010109 -0.058580 -0.045718 -0.005037 -0.331883 0.284814 -0.000773 -0.196226 0.312461 0.001849 -0.096589 0.299522 0.003830 -0.015798 0.279476 -0.209093 -0.080618 0.194628 -0.333604 -0.094408 0.345021 -0.299737 -0.053634 0.490888 -0.121166 -0.292841 0.475628 -0.204830 -0.204165 0.538230 -0.262873 -0.103193 0.532881 -0.110953 -0.150628 0.518023 -0.198103 -0.015459 0.501936 -0.247706 0.093131 0.435701 -0.055404 -0.081425 0.502514 -0.151974 0.024079 0.452174 -0.178468 0.075108 0.329855 -0.057910 0.036215 0.434618 -0.118173 0.092218 0.346736 -0.140644 0.114798 0.236335 
0.000000 0.000000 0.000000 -0.009961 -0.058660 -0.045648 -0.005439 -0.331435 0.285327 -0.001341 -0.195732 0.312769 0.001237 -0.096114 0.299678 0.003203 -0.015353 0.279509 -0.212266 -0.079921 0.191979 -0.338856 -0.093225 0.340671 -0.302602 -0.050017 0.485258 -0.123878 -0.288208 0.473804 -0.207832 -0.201380 0.538572 -0.264847 -0.099996 0.530593 -0.113153 -0.145565 0.516375 -0.198164 -0.009427 0.497290 -0.244950 0.098569 0.428100 -0.059076 -0.077267 0.501472 -0.154031 0.029305 0.450317 -0.178655 0.079805 0.327388 -0.059337 0.040093 0.433134 -0.117065 0.094518 0.342599 -0.138787 0.116068 0.231843 
0.000000 0.000000 0.000000 -0.010134 -0.058791 -0.045440 -0.004555 -0.330590 0.286321 -0.000321 -0.194809 0.313348 0.002241 -0.095230 0.299954 0.004161 -0.014529 0.279540 -0.211705 -0.080591 0.192762 -0.337835 -0.094233 0.341814 -0.301242 -0.051621 0.486493 -0.122014 -0.288812 0.475735 -0.205875 -0.200451 0.538520 -0.262973 -0.099131 0.530325 -0.111580 -0.144917 0.517325 -0.196411 -0.008824 0.497151 -0.243510 0.099068 0.428011 -0.057839 -0.077094 0.501883 -0.153797 0.028716 0.451019 -0.179140 0.079169 0.328217 -0.057104 0.040796 0.433722 -0.116591 0.095150 0.344289 -0.139920 0.116666 0.233853 
0.000000 0.000000 0.000000 -0.008735 -0.058645 -0.045917 0.007920 -0.333236 0.283163 0.008266 -0.197646 0.311456 0.007693 -0.097915 0.298998 0.006990 -0.017007 0.279344 -0.201903 -0.080902 0.199108 -0.322775 -0.094828 0.352429 -0.289544 -0.062699 0.500585 -0.113030 -0.287502 0.469441 -0.196454 -0.219922 0.554620 -0.256130 -0.119771 0.553297 -0.094922 -0.151016 0.520387 -0.186214 -0.017657 0.517969 -0.240966 0.091572 0.457054 -0.044232 -0.085089 0.503578 -0.146476 0.020121 0.465269 -0.179602 0.073638 0.345658 -0.050031 0.043407 0.433243 -0.116775 0.101069 0.351318 -0.145858 0.122540 0.242248 
0.000000 0.000000 0.000000 -0.008798 -0.058534 -0.046046 0.016343 -0.334402 0.281423 0.015579 -0.198947 0.310346 0.013653 -0.099174 0.298370 0.011699 -0.018190 0.279112 -0.193408 -0.081944 0.205385 -0.308926 -0.096592 0.362713 -0.277264 -0.069209 0.512161 -0.095321 -0.286342 0.472842 -0.175190 -0.216429 0.559533 -0.236924 -0.117594 0.563227 -0.081008 -0.159804 0.523919 -0.175664 -0.028841 0.527582 -0.236349 0.080684 0.473168 -0.033653 -0.086699 0.504088 -0.139166 0.017879 0.473734 -0.177463 0.072548 0.356206 -0.041865 0.039280 0.435363 -0.109884 0.093943 0.352438 -0.142114 0.115360 0.244245 
0.000000 0.000000 0.000000 -0.007292 -0.058438 -0.046429 0.022844 -0.335643 0.279485 0.018898 -0.200418 0.309213 0.014755 -0.100643 0.297824 0.011038 -0.019610 0.279043 -0.190521 -0.083826 0.205819 -0.305173 -0.099711 0.363660 -0.273498 -0.072433 0.513124 -0.092660 -0.287896 0.468692 -0.173154 -0.223150 0.558751 -0.235374 -0.124694 0.564074 -0.076994 -0.161920 0.523215 -0.171896 -0.031122 0.526396 -0.233700 0.078500 0.473458 -0.031934 -0.087212 0.503624 -0.137391 0.017792 0.474572 -0.176226 0.072575 0.357275 -0.037985 0.041862 0.435260 -0.106203 0.097105 0.352884 -0.139808 0.117507 0.244913 
0.000000 0.000000 0.000000 -0.005742 -0.058189 -0.046958 0.030487 -0.337429 0.276591 0.023137 -0.202609 0.307492 0.016559 -0.102871 0.296967 0.010886 -0.021791 0.278887 -0.190458 -0.091938 0.203217 -0.306042 -0.113056 0.359759 -0.272839 -0.080395 0.507806 -0.089746 -0.290779 0.463106 -0.171620 -0.231152 0.555428 -0.234208 -0.132913 0.560437 -0.074046 -0.164768 0.521029 -0.168736 -0.033795 0.518891 -0.230617 0.075310 0.464982 -0.031325 -0.092132 0.502650 -0.136204 0.012539 0.470476 -0.174318 0.068295 0.353400 -0.037919 0.040040 0.435032 -0.103858 0.090894 0.348099 -0.138376 0.110681 0.240302 
0.000000 0.000000 0.000000 -0.005613 -0.057857 -0.047381 0.035994 -0.339362 0.273548 0.027669 -0.204871 0.305613 0.020081 -0.105116 0.295962 0.013504 -0.023949 0.278595 -0.189130 -0.094126 0.203322 -0.303964 -0.116820 0.360196 -0.271510 -0.085537 0.508705 -0.089400 -0.283919 0.454165 -0.168573 -0.239740 0.556936 -0.231901 -0.142007 0.562493 -0.070757 -0.167587 0.518678 -0.168154 -0.038670 0.523008 -0.231525 0.070056 0.470073 -0.029766 -0.096079 0.501260 -0.136514 0.007529 0.471914 -0.175696 0.064489 0.355774 -0.033801 0.038095 0.435117 -0.099134 0.085896 0.346022 -0.135537 0.105382 0.238792 
0.000000 0.000000 0.000000 -0.005053 -0.057817 -0.047492 0.037761 -0.339546 0.273080 0.028351 -0.205176 0.305347 0.020049 -0.105463 0.295841 0.012918 -0.024317 0.278591 -0.177732 -0.091092 0.211199 -0.285782 -0.111913 0.373072 -0.260337 -0.090290 0.524636 -0.079221 -0.303232 0.463911 -0.160399 -0.246978 0.558925 -0.224785 -0.150663 0.572006 -0.064394 -0.172838 0.521742 -0.164996 -0.047016 0.534888 -0.234805 0.061898 0.491256 -0.023482 -0.097415 0.502611 -0.132811 0.005879 0.483421 -0.177694 0.064533 0.370226 -0.029399 0.036466 0.437024 -0.097725 0.086855 0.351679 -0.138443 0.109294 0.246600 
0.000000 0.000000 0.000000 -0.006039 -0.057925 -0.047246 0.038259 -0.338971 0.273725 0.030252 -0.204431 0.305663 0.022610 -0.104687 0.295932 0.015907 -0.023544 0.278503 -0.174308 -0.088048 0.214717 -0.279600 -0.106897 0.378636 -0.257239 -0.090392 0.531327 -0.083730 -0.286544 0.457546 -0.157457 -0.254859 0.568643 -0.222234 -0.159471 0.585911 -0.054321 -0.172790 0.525483 -0.154847 -0.047818 0.545519 -0.227786 0.061509 0.508550 -0.016541 -0.098338 0.503635 -0.127120 0.003985 0.486522 -0.175395 0.063197 0.375026 -0.028133 0.037227 0.436470 -0.097337 0.087469 0.351747 -0.140477 0.111877 0.248083 
0.000000 0.000000 0.000000 -0.005962 -0.057978 -0.047191 0.038769 -0.338659 0.274039 0.030575 -0.204101 0.305852 0.022790 -0.104377 0.296027 0.015970 -0.023260 0.278523 -0.176108 -0.089702 0.213367 -0.282575 -0.109554 0.376407 -0.254646 -0.088299 0.527586 -0.081271 -0.282404 0.458012 -0.153819 -0.248405 0.569200 -0.218350 -0.152685 0.585532 -0.057828 -0.169872 0.523769 -0.158204 -0.044601 0.542646 -0.229189 0.064556 0.501594 -0.017387 -0.094476 0.503395 -0.127092 0.008519 0.484750 -0.174817 0.066844 0.372551 -0.027587 0.039220 0.435957 -0.096959 0.089718 0.351526 -0.140385 0.113909 0.247930 
0.000000 0.000000 0.000000 -0.007511 -0.058271 -0.046604 0.036137 -0.336901 0.276555 0.030632 -0.201951 0.307270 0.024451 -0.102196 0.296655 0.018825 -0.021126 0.278515 -0.188273 -0.090936 0.206585 -0.301382 -0.111376 0.365014 -0.258376 -0.072898 0.509086 -0.072625 -0.303322 0.472676 -0.154629 -0.224560 0.549187 -0.215965 -0.125474 0.552776 -0.059029 -0.163574 0.523978 -0.151991 -0.031544 0.516855 -0.212077 0.075639 0.457351 -0.016711 -0.087633 0.503555 -0.117225 0.017410 0.460501 -0.155600 0.070418 0.342241 -0.025335 0.042683 0.435245 -0.094363 0.093729 0.350861 -0.134539 0.115102 0.245351 
0.000000 0.000000 0.000000 -0.005763 -0.058572 -0.046476 0.040845 -0.335132 0.278044 0.032060 -0.200240 0.308243 0.023782 -0.100681 0.297227 0.016545 -0.019814 0.278756 -0.192313 -0.094030 0.202096 -0.309044 -0.116217 0.357637 -0.257815 -0.067845 0.495921 -0.075342 -0.289140 0.467267 -0.158116 -0.213658 0.546216 -0.217129 -0.113215 0.541532 -0.061368 -0.146678 0.520084 -0.148574 -0.011996 0.500583 -0.200998 0.092111 0.429500 -0.023090 -0.075555 0.501887 -0.118783 0.030849 0.451769 -0.151527 0.079577 0.330026 -0.027895 0.049556 0.433026 -0.088966 0.098648 0.341638 -0.123629 0.117983 0.233806 
0.000000 0.000000 0.000000 -0.005898 -0.058518 -0.046527 0.041551 -0.335453 0.277551 0.032867 -0.200594 0.307927 0.024574 -0.101021 0.297047 0.017299 -0.020133 0.278687 -0.191096 -0.096062 0.202749 -0.306981 -0.119555 0.358729 -0.254136 -0.069848 0.495928 -0.072324 -0.296506 0.469738 -0.155552 -0.215184 0.542138 -0.213937 -0.114417 0.536627 -0.061739 -0.153040 0.520677 -0.148543 -0.018179 0.500622 -0.199204 0.086115 0.428542 -0.021509 -0.076405 0.501947 -0.116583 0.030127 0.450930 -0.149213 0.078952 0.329195 -0.028221 0.048564 0.432944 -0.091416 0.100199 0.344448 -0.125362 0.119180 0.236325 
0.000000 0.000000 0.000000 -0.005954 -0.058079 -0.047067 0.047264 -0.337965 0.273562 0.037860 -0.203501 0.305436 0.028665 -0.103890 0.295688 0.020551 -0.022876 0.278254 -0.184174 -0.099079 0.206711 -0.295692 -0.124734 0.365508 -0.247690 -0.083227 0.507141 -0.064402 -0.302833 0.467769 -0.146520 -0.225711 0.545813 -0.205926 -0.125391 0.546036 -0.052613 -0.165631 0.521896 -0.144368 -0.033016 0.510993 -0.200935 0.072695 0.445688 -0.014527 -0.086585 0.501962 -0.116147 0.018008 0.460435 -0.154873 0.070311 0.341975 -0.020996 0.041967 0.435275 -0.088841 0.090443 0.348450 -0.129422 0.110459 0.242830 
0.000000 0.000000 0.000000 -0.004380 -0.057643 -0.047770 0.059629 -0.339694 0.268965 0.046134 -0.206010 0.302604 0.033712 -0.106629 0.294177 0.022917 -0.025703 0.277822 -0.169309 -0.100108 0.214606 -0.272511 -0.126680 0.378785 -0.236223 -0.104477 0.528040 -0.052947 -0.314846 0.464233 -0.133420 -0.257191 0.559007 -0.195737 -0.159650 0.572987 -0.037244 -0.182319 0.523876 -0.140727 -0.059940 0.544835 -0.211523 0.046561 0.497034 0.001866 -0.101580 0.503160 -0.108792 0.000080 0.482889 -0.158815 0.057582 0.371268 -0.016085 0.039488 0.435351 -0.087521 0.086204 0.350464 -0.133734 0.107042 0.247346 
0.000000 0.000000 0.000000 -0.006109 -0.057637 -0.047587 0.064707 -0.339956 0.267457 0.053086 -0.206162 0.301358 0.041129 -0.106701 0.293206 0.030450 -0.025710 0.277097 -0.155690 -0.098062 0.224144 -0.249288 -0.123358 0.394175 -0.217572 -0.110358 0.545542 -0.040323 -0.317004 0.467112 -0.115084 -0.269968 0.571899 -0.178931 -0.175183 0.594975 -0.012077 -0.186121 0.529012 -0.115610 -0.066725 0.562925 -0.193561 0.039524 0.527231 0.013436 -0.098040 0.502662 -0.100957 0.000691 0.490126 -0.157712 0.057045 0.381171 -0.004434 0.039807 0.435454 -0.077824 0.085661 0.351772 -0.128160 0.107497 0.250814 
0.000000 0.000000 0.000000 -0.004462 -0.057997 -0.047333 0.073126 -0.336884 0.269169 0.057868 -0.203294 0.302424 0.043285 -0.104225 0.293785 0.030490 -0.023622 0.277279 -0.153305 -0.094163 0.225402 -0.246442 -0.116793 0.396061 -0.213415 -0.102574 0.547037 -0.039761 -0.294520 0.461216 -0.107987 -0.268916 0.577283 -0.172467 -0.174559 0.600353 -0.011367 -0.177708 0.528314 -0.116382 -0.059736 0.562651 -0.195412 0.045215 0.525517 0.016526 -0.090921 0.503119 -0.098698 0.007047 0.492332 -0.156758 0.061051 0.382876 -0.006636 0.042845 0.434727 -0.081101 0.088744 0.352026 -0.132289 0.110723 0.251528 
0.000000 0.000000 0.000000 -0.005031 -0.058242 -0.046973 0.073007 -0.335712 0.270661 0.058616 -0.201859 0.303240 0.044481 -0.102768 0.294120 0.031994 -0.022197 0.277227 -0.162942 -0.103614 0.219207 -0.261752 -0.132005 0.385766 -0.214930 -0.100597 0.530362 -0.025717 -0.316137 0.473862 -0.104053 -0.247957 0.563288 -0.167092 -0.150956 0.577780 -0.012172 -0.171782 0.528093 -0.113551 -0.046356 0.538819 -0.184010 0.057172 0.484441 0.018351 -0.084380 0.503148 -0.090272 0.017883 0.476055 -0.140877 0.068466 0.361388 -0.000904 0.049639 0.433251 -0.073534 0.093495 0.347852 -0.124483 0.113272 0.246778 
0.000000 0.000000 0.000000 -0.004957 -0.058570 -0.046571 0.073611 -0.333736 0.272932 0.059025 -0.199685 0.304597 0.044733 -0.100682 0.294802 0.032118 -0.020247 0.277362 -0.168504 -0.104273 0.216127 -0.270841 -0.132871 0.380505 -0.213041 -0.084908 0.516320 -0.025539 -0.304039 0.474692 -0.105326 -0.224057 0.552274 -0.167103 -0.125276 0.556638 -0.017995 -0.163628 0.526503 -0.113945 -0.033978 0.516058 -0.174164 0.066265 0.445599 0.012326 -0.077423 0.502462 -0.089133 0.024445 0.454298 -0.129015 0.068748 0.332994 -0.000357 0.057096 0.430821 -0.067402 0.100928 0.340960 -0.111883 0.117168 0.236265 
0.000000 0.000000 0.000000 -0.004960 -0.058770 -0.046318 0.075191 -0.332456 0.274061 0.060390 -0.198311 0.305226 0.045842 -0.099382 0.295073 0.032990 -0.019048 0.277345 -0.171254 -0.104604 0.214626 -0.275310 -0.133283 0.377908 -0.213766 -0.081458 0.510622 -0.027787 -0.306165 0.474372 -0.109697 -0.222668 0.545793 -0.170889 -0.123440 0.547389 -0.020565 -0.157805 0.524953 -0.115158 -0.027301 0.512884 -0.171193 0.071309 0.436888 0.010015 -0.072249 0.501698 -0.090475 0.027897 0.448187 -0.128603 0.069785 0.325469 -0.005233 0.058841 0.429195 -0.072255 0.104016 0.339985 -0.113168 0.118229 0.233555 
0.000000 0.000000 0.000000 -0.005117 -0.058829 -0.046226 0.076237 -0.332101 0.274202 0.061526 -0.197920 0.305253 0.046924 -0.099005 0.295029 0.033994 -0.018696 0.277247 -0.171618 -0.103922 0.214715 -0.275804 -0.132137 0.377995 -0.214420 -0.080587 0.510891 -0.026768 -0.307999 0.474774 -0.109286 -0.224236 0.545176 -0.170835 -0.125225 0.546515 -0.018989 -0.157154 0.525094 -0.112931 -0.026492 0.510027 -0.168998 0.072022 0.433931 0.009730 -0.070636 0.501246 -0.090940 0.029072 0.447257 -0.129111 0.070709 0.324467 -0.004870 0.059022 0.429023 -0.071603 0.103062 0.339031 -0.112793 0.117296 0.232711 
0.000000 0.000000 0.000000 -0.004831 -0.058813 -0.046277 0.075650 -0.332117 0.274346 0.060592 -0.197976 0.305404 0.045871 -0.099080 0.295170 0.032882 -0.018782 0.277375 -0.171568 -0.102895 0.214686 -0.275902 -0.130478 0.377980 -0.220944 -0.086332 0.516246 -0.029529 -0.307111 0.473676 -0.112525 -0.232790 0.553490 -0.175588 -0.134741 0.555132 -0.021734 -0.160479 0.525156 -0.118650 -0.031225 0.520154 -0.178209 0.069783 0.450230 0.007044 -0.077782 0.501937 -0.099612 0.021262 0.459445 -0.139945 0.065693 0.338337 -0.005208 0.051362 0.432988 -0.075193 0.092393 0.344051 -0.121168 0.108657 0.240008 
0.000000 0.000000 0.000000 -0.005628 -0.058728 -0.046296 0.068506 -0.333342 0.274737 0.055636 -0.198954 0.305711 0.042691 -0.099818 0.295398 0.031191 -0.019310 0.277534 -0.174256 -0.101573 0.213657 -0.279772 -0.128384 0.376318 -0.227210 -0.085233 0.515824 -0.037798 -0.300537 0.472331 -0.119591 -0.229697 0.556436 -0.183042 -0.131896 0.557847 -0.030603 -0.164825 0.524509 -0.124631 -0.033499 0.518452 -0.182513 0.071211 0.452689 -0.000415 -0.076852 0.501136 -0.103609 0.024880 0.456499 -0.142836 0.072539 0.336258 -0.005994 0.051132 0.433231 -0.077792 0.094631 0.346952 -0.124413 0.111487 0.243292 
0.000000 0.000000 0.000000 -0.005508 -0.058699 -0.046346 0.065807 -0.333609 0.275072 0.053134 -0.199192 0.306001 0.040543 -0.100016 0.295634 0.029390 -0.019470 0.277720 -0.177533 -0.097788 0.211968 -0.285174 -0.122247 0.373604 -0.230214 -0.074112 0.510531 -0.045016 -0.289353 0.467893 -0.125815 -0.221325 0.555218 -0.188160 -0.122812 0.554061 -0.039052 -0.159116 0.521338 -0.130392 -0.025882 0.515848 -0.184510 0.080201 0.449086 -0.003167 -0.074524 0.500946 -0.102881 0.031203 0.457707 -0.139116 0.079411 0.336747 -0.007721 0.051582 0.433156 -0.080562 0.097708 0.349145 -0.126374 0.114435 0.245104 
0.000000 0.000000 0.000000 -0.005783 -0.059342 -0.045486 0.069010 -0.329652 0.279029 0.056300 -0.194851 0.308222 0.043389 -0.095855 0.296607 0.031892 -0.015587 0.277689 -0.177104 -0.098275 0.213318 -0.284305 -0.122636 0.375261 -0.225655 -0.070868 0.509302 -0.041279 -0.287618 0.472652 -0.123182 -0.215050 0.555161 -0.184843 -0.116161 0.551693 -0.036380 -0.154865 0.523364 -0.126327 -0.020995 0.512743 -0.178786 0.084369 0.443563 -0.001139 -0.069007 0.501570 -0.101546 0.033093 0.451722 -0.138650 0.079191 0.330205 -0.005469 0.056026 0.432808 -0.076403 0.097795 0.344973 -0.121608 0.112428 0.240352 
0.000000 0.000000 0.000000 -0.005600 -0.059269 -0.045604 0.077132 -0.329591 0.276968 0.063019 -0.195065 0.306782 0.048635 -0.096214 0.295675 0.035817 -0.016047 0.277184 -0.173906 -0.098875 0.215069 -0.279220 -0.123659 0.378182 -0.217753 -0.071205 0.510686 -0.033907 -0.290965 0.470871 -0.116777 -0.217211 0.551338 -0.178380 -0.118279 0.548075 -0.022992 -0.154675 0.524602 -0.111923 -0.020434 0.510634 -0.164977 0.083710 0.440074 0.011366 -0.071243 0.502318 -0.090921 0.026028 0.446941 -0.132534 0.070137 0.326149 -0.000765 0.059082 0.430819 -0.074919 0.103364 0.346964 -0.120815 0.116389 0.242431 
0.000000 0.000000 0.000000 -0.005764 -0.057940 -0.047262 0.093051 -0.336176 0.263851 0.076981 -0.202993 0.298337 0.060110 -0.104197 0.290820 0.044973 -0.023807 0.275285 -0.165046 -0.106942 0.217454 -0.264714 -0.137605 0.383096 -0.197049 -0.090674 0.514647 -0.013459 -0.311765 0.462547 -0.094639 -0.243462 0.549302 -0.155523 -0.144060 0.551657 -0.003755 -0.169881 0.519379 -0.097337 -0.038154 0.515520 -0.153756 0.065218 0.446452 0.025206 -0.082593 0.498253 -0.082741 0.014035 0.453518 -0.126254 0.057432 0.333138 0.012168 0.051928 0.429474 -0.066472 0.096427 0.349932 -0.117038 0.109413 0.247572 
0.000000 0.000000 0.000000 -0.007282 -0.057382 -0.047730 0.096983 -0.339635 0.257939 0.082650 -0.206733 0.294224 0.066283 -0.107751 0.288171 0.051332 -0.027099 0.273865 -0.161110 -0.111247 0.219256 -0.257366 -0.144952 0.386319 -0.187004 -0.098693 0.516688 -0.005582 -0.315811 0.458769 -0.084982 -0.250983 0.549736 -0.146581 -0.152037 0.552651 0.006067 -0.179850 0.517578 -0.090003 -0.049938 0.521842 -0.148091 0.053217 0.453841 0.035241 -0.093807 0.496871 -0.075104 0.003138 0.459237 -0.119181 0.048216 0.339683 0.018941 0.046692 0.429081 -0.063586 0.093886 0.355235 -0.115611 0.107123 0.253641 
0.000000 0.000000 0.000000 -0.006628 -0.057697 -0.047444 0.100280 -0.337281 0.259761 0.084513 -0.204354 0.295355 0.067112 -0.105582 0.288781 0.051329 -0.025165 0.274050 -0.160037 -0.109339 0.220222 -0.256030 -0.141653 0.387710 -0.184792 -0.093123 0.516772 0.002078 -0.317575 0.463202 -0.077563 -0.250344 0.552193 -0.140161 -0.152017 0.554692 0.014497 -0.178621 0.520987 -0.080459 -0.047901 0.516520 -0.139796 0.054108 0.447872 0.040373 -0.090454 0.497994 -0.069160 0.006124 0.457175 -0.114057 0.049684 0.337363 0.017785 0.046206 0.430150 -0.063763 0.090301 0.353358 -0.115844 0.103568 0.251797 
0.000000 0.000000 0.000000 -0.006781 -0.058300 -0.046680 0.099876 -0.334046 0.264061 0.084394 -0.200635 0.297927 0.067174 -0.101925 0.290078 0.051530 -0.021677 0.274310 -0.161550 -0.109481 0.220291 -0.258394 -0.141507 0.387344 -0.186375 -0.092778 0.515896 0.001089 -0.312345 0.467015 -0.079085 -0.243258 0.554085 -0.142096 -0.145192 0.556503 0.013797 -0.172042 0.523034 -0.080907 -0.041413 0.513458 -0.140863 0.059948 0.444388 0.039267 -0.083515 0.498875 -0.069296 0.012032 0.453315 -0.114027 0.054235 0.332957 0.016677 0.055080 0.427542 -0.061451 0.096692 0.345960 -0.113827 0.110262 0.244590 
0.000000 0.000000 0.000000 -0.006835 -0.058431 -0.046508 0.100266 -0.333299 0.264856 0.084812 -0.199797 0.298371 0.067570 -0.101110 0.290271 0.051896 -0.020909 0.274300 -0.162012 -0.106725 0.220763 -0.259112 -0.136945 0.388004 -0.186934 -0.088121 0.516431 -0.000133 -0.307050 0.466477 -0.079463 -0.240119 0.555970 -0.142541 -0.142129 0.559461 0.010144 -0.166595 0.521523 -0.085893 -0.036634 0.518098 -0.146122 0.064849 0.449447 0.038465 -0.080481 0.498696 -0.069591 0.016571 0.455159 -0.113946 0.058977 0.334733 0.019374 0.057890 0.427007 -0.060966 0.102092 0.349013 -0.113902 0.114755 0.247817 
0.000000 0.000000 0.000000 -0.007180 -0.058199 -0.046746 0.097985 -0.334987 0.263577 0.083362 -0.201523 0.297618 0.066753 -0.102698 0.289902 0.051600 -0.022335 0.274244 -0.160620 -0.112028 0.220471 -0.256633 -0.145712 0.387678 -0.186494 -0.099206 0.518079 0.000925 -0.314132 0.467452 -0.078914 -0.241830 0.552187 -0.141785 -0.143765 0.557035 0.008894 -0.174432 0.521661 -0.087360 -0.044599 0.519888 -0.147509 0.057993 0.452835 0.036254 -0.084764 0.498377 -0.072343 0.013726 0.459683 -0.115815 0.057794 0.339532 0.019412 0.054695 0.427921 -0.061017 0.098316 0.349693 -0.114095 0.111172 0.248597 
0.000000 0.000000 0.000000 -0.007929 -0.057098 -0.047967 0.088337 -0.342133 0.257744 0.076168 -0.209091 0.294307 0.061706 -0.109804 0.288412 0.048391 -0.028845 0.274221 -0.165208 -0.119528 0.215115 -0.263623 -0.158592 0.379734 -0.198978 -0.118352 0.514969 -0.014997 -0.325217 0.458881 -0.095930 -0.261736 0.549446 -0.159082 -0.163935 0.555766 -0.002920 -0.190658 0.517645 -0.100822 -0.062062 0.519253 -0.161190 0.042281 0.455161 0.028713 -0.101478 0.497113 -0.078081 -0.002469 0.454885 -0.119193 0.045989 0.335597 0.015034 0.045134 0.429143 -0.064190 0.089656 0.350196 -0.115782 0.103894 0.248516 
0.000000 0.000000 0.000000 -0.008661 -0.055356 -0.049846 0.080203 -0.351901 0.247030 0.070259 -0.219908 0.287822 0.057685 -0.120227 0.285069 0.045975 -0.038615 0.273434 -0.170801 -0.131045 0.206724 -0.272258 -0.178406 0.367268 -0.216656 -0.147880 0.508914 -0.024939 -0.353544 0.447935 -0.109106 -0.294721 0.538697 -0.173107 -0.197595 0.546659 -0.012354 -0.218992 0.510642 -0.113953 -0.093714 0.521015 -0.174720 0.012579 0.460613 0.011343 -0.117085 0.491360 -0.097845 -0.016659 0.460000 -0.135504 0.037262 0.341922 0.003831 0.023105 0.431551 -0.072465 0.071542 0.352026 -0.119168 0.091788 0.249012 
0.000000 0.000000 0.000000 -0.011073 -0.052993 -0.051895 0.062005 -0.364250 0.234024 0.058222 -0.233529 0.279663 0.050468 -0.133325 0.280577 0.042751 -0.050869 0.271948 -0.174365 -0.140256 0.200231 -0.276542 -0.194860 0.357994 -0.235454 -0.179428 0.506858 -0.050078 -0.373191 0.430945 -0.132777 -0.338204 0.534477 -0.197193 -0.241655 0.545527 -0.024942 -0.254639 0.501277 -0.130198 -0.134430 0.525682 -0.191297 -0.025213 0.471113 -0.000983 -0.142220 0.485485 -0.108940 -0.039220 0.458519 -0.143848 0.022414 0.343408 -0.003313 -0.007675 0.435039 -0.078432 0.049626 0.360441 -0.118499 0.077714 0.256475 
0.000000 0.000000 0.000000 -0.015477 -0.049964 -0.053740 0.030495 -0.376360 0.220712 0.037791 -0.247512 0.271011 0.038590 -0.147109 0.275529 0.037927 -0.064039 0.269874 -0.177080 -0.144363 0.196899 -0.278201 -0.203431 0.353732 -0.256732 -0.212085 0.507195 -0.075911 -0.414402 0.417309 -0.160031 -0.376342 0.518588 -0.222000 -0.279639 0.538628 -0.049331 -0.285682 0.488789 -0.157756 -0.179589 0.544583 -0.218684 -0.065818 0.500050 -0.020339 -0.169927 0.477322 -0.128997 -0.064816 0.465665 -0.159229 0.005831 0.354476 -0.007340 -0.043597 0.437562 -0.084271 0.025430 0.375851 -0.117966 0.063192 0.272692 
0.000000 0.000000 0.000000 -0.022169 -0.046745 -0.054290 -0.011016 -0.381436 0.213719 0.012368 -0.255343 0.266053 0.025186 -0.155849 0.272256 0.034328 -0.073196 0.268021 -0.190736 -0.142712 0.191111 -0.296215 -0.202762 0.344667 -0.297353 -0.229303 0.497576 -0.125113 -0.430997 0.403312 -0.209163 -0.404355 0.508230 -0.267402 -0.307833 0.537976 -0.074656 -0.309967 0.480337 -0.182548 -0.212000 0.550239 -0.241714 -0.094617 0.513358 -0.042878 -0.193195 0.468944 -0.153336 -0.089333 0.467307 -0.177903 -0.011274 0.359737 -0.025264 -0.067302 0.432339 -0.108538 0.006718 0.386757 -0.135987 0.051911 0.284741 