73
0.000000 0.000000 0.000000 -0.068963 -0.004530 -0.029111 -0.209488 -0.280571 0.262078 -0.065337 -0.224646 0.285311 0.031495 -0.164046 0.266727 0.102117 -0.108849 0.236844 -0.235387 0.030208 0.233458 -0.294427 -0.022621 0.412440 -0.333491 -0.074639 0.553347 -0.237367 -0.328610 0.481931 -0.282426 -0.207919 0.528678 -0.320669 -0.104724 0.567167 -0.097996 -0.326064 0.497731 -0.180926 -0.225527 0.593333 -0.250776 -0.126091 0.655564 0.007881 -0.243403 0.461300 -0.069022 -0.176304 0.573435 -0.135017 -0.124931 0.679611 0.112806 -0.143606 0.407911 0.046313 -0.136867 0.508034 -0.008996 -0.134394 0.608722 
0.000000 0.000000 0.000000 -0.065822 -0.003165 -0.035796 -0.253647 -0.241674 0.261816 -0.109073 -0.192442 0.295308 -0.006925 -0.139710 0.281921 0.069978 -0.091860 0.255021 -0.283421 0.043464 0.184028 -0.367795 0.025409 0.359716 -0.408848 -0.007552 0.505713 -0.309081 -0.276490 0.478922 -0.355748 -0.151689 0.510996 -0.393554 -0.042967 0.529530 -0.169264 -0.280639 0.507611 -0.256636 -0.176340 0.594859 -0.328813 -0.076815 0.654228 -0.062597 -0.209112 0.473748 -0.146471 -0.140020 0.579495 -0.219814 -0.087215 0.679995 0.055192 -0.118901 0.427174 -0.012836 -0.110164 0.526103 -0.074343 -0.103686 0.622944 
0.000000 0.000000 0.000000 -0.057499 -0.008196 -0.047440 -0.314698 -0.182863 0.242522 -0.176894 -0.131699 0.295806 -0.071101 -0.084790 0.294621 0.012374 -0.044589 0.276098 -0.328301 0.046199 0.099372 -0.460648 0.063943 0.242483 -0.513442 0.060021 0.388374 -0.416685 -0.198942 0.444413 -0.470546 -0.073022 0.449435 -0.502211 0.036599 0.425482 -0.263424 -0.213903 0.501304 -0.368932 -0.128319 0.588872 -0.457536 -0.048818 0.655717 -0.146148 -0.136375 0.485463 -0.242457 -0.085316 0.590859 -0.323607 -0.054804 0.694550 -0.049174 -0.018679 0.437736 -0.109555 -0.012283 0.541680 -0.169009 -0.007427 0.639888 
0.000000 0.000000 0.000000 -0.045483 -0.014651 -0.057797 -0.370570 -0.138230 0.186710 -0.246180 -0.081400 0.262501 -0.140687 -0.036794 0.279105 -0.053272 -0.001191 0.274831 -0.347371 0.036065 0.006528 -0.513328 0.066762 0.105660 -0.590272 0.084863 0.239222 -0.517353 -0.146311 0.359364 -0.576781 -0.024110 0.341549 -0.590010 0.077356 0.285667 -0.353775 -0.161669 0.458599 -0.473906 -0.090836 0.540306 -0.574983 -0.040837 0.617266 -0.223165 -0.075157 0.469996 -0.336080 -0.026458 0.558705 -0.418775 -0.015027 0.665002 -0.143807 0.047334 0.416376 -0.206708 0.070413 0.516386 -0.266621 0.075426 0.614307 
0.000000 0.000000 0.000000 -0.032894 -0.024669 -0.062716 -0.394777 -0.135015 0.131196 -0.289447 -0.061545 0.220385 -0.190759 -0.008928 0.250155 -0.105442 0.031006 0.257472 -0.344693 0.000187 -0.065922 -0.533033 0.026159 -0.019396 -0.626899 0.060691 0.099278 -0.580400 -0.148036 0.260790 -0.644373 -0.033241 0.221910 -0.637199 0.059836 0.152065 -0.417704 -0.138648 0.404992 -0.546482 -0.081089 0.483908 -0.652908 -0.053428 0.564827 -0.342153 0.037219 0.390383 -0.401556 -0.010599 0.521439 -0.485601 -0.009253 0.627281 -0.216769 0.105042 0.370216 -0.285509 0.118388 0.468134 -0.349700 0.126866 0.563059 
0.000000 0.000000 0.000000 -0.021891 -0.033634 -0.063352 -0.394560 -0.162954 0.095177 -0.309175 -0.070984 0.188439 -0.220559 -0.005819 0.224424 -0.141001 0.043326 0.237934 -0.329746 -0.049648 -0.116413 -0.523440 -0.038618 -0.090489 -0.631799 -0.000472 0.013867 -0.595711 -0.193557 0.195287 -0.662802 -0.086295 0.142602 -0.647106 0.003920 0.070435 -0.443289 -0.153344 0.366498 -0.577379 -0.097095 0.437068 -0.684355 -0.088441 0.521453 -0.380870 0.049917 0.350550 -0.441566 0.002064 0.480999 -0.526404 -0.000490 0.586184 -0.265951 0.128418 0.325872 -0.340403 0.144761 0.419045 -0.409373 0.155747 0.510289 
0.000000 0.000000 0.000000 -0.013965 -0.040127 -0.061795 -0.381119 -0.197624 0.083568 -0.312199 -0.090702 0.174478 -0.233431 -0.013997 0.210619 -0.160477 0.044278 0.225073 -0.316465 -0.081619 -0.129754 -0.511606 -0.087497 -0.115720 -0.633996 -0.061245 -0.023968 -0.587687 -0.249545 0.161374 -0.668231 -0.153168 0.106545 -0.655431 -0.060773 0.036598 -0.438024 -0.184020 0.353179 -0.574997 -0.134227 0.423063 -0.678690 -0.139913 0.511690 -0.400091 0.038688 0.329625 -0.466082 -0.000570 0.460372 -0.549557 -0.007584 0.566442 -0.292564 0.113027 0.316794 -0.383483 0.160349 0.379927 -0.455392 0.172587 0.468709 
0.000000 0.000000 0.000000 -0.005833 -0.046579 -0.058483 -0.360577 -0.233096 0.083311 -0.309397 -0.111519 0.167256 -0.241940 -0.023333 0.199917 -0.176946 0.044099 0.212407 -0.291583 -0.128645 -0.155738 -0.484459 -0.146701 -0.127737 -0.615465 -0.133775 -0.045536 -0.561871 -0.311478 0.152285 -0.646228 -0.223577 0.089520 -0.639410 -0.131030 0.018939 -0.426045 -0.217202 0.345297 -0.568125 -0.176590 0.410785 -0.671209 -0.192513 0.498872 -0.421583 0.021249 0.302165 -0.477227 -0.020734 0.436820 -0.563895 -0.028532 0.540241 -0.319698 0.123951 0.274306 -0.408112 0.149204 0.352002 -0.486216 0.162545 0.435218 
0.000000 0.000000 0.000000 -0.000388 -0.050214 -0.055698 -0.336201 -0.263304 0.094501 -0.298581 -0.132540 0.171523 -0.240773 -0.036233 0.199403 -0.183074 0.038050 0.208344 -0.272347 -0.163319 -0.161016 -0.462249 -0.193369 -0.124336 -0.596074 -0.191143 -0.045769 -0.528971 -0.361757 0.162079 -0.619048 -0.282778 0.095518 -0.619091 -0.191080 0.023514 -0.403469 -0.249936 0.349543 -0.550010 -0.210168 0.404939 -0.653050 -0.232562 0.491661 -0.431409 0.008806 0.279048 -0.490877 -0.029834 0.413068 -0.584768 -0.035560 0.510123 -0.337099 0.105861 0.255926 -0.438470 0.134299 0.314291 -0.527055 0.146483 0.386454 
0.000000 0.000000 0.000000 0.003809 -0.051627 -0.054259 -0.302883 -0.295436 0.110770 -0.278042 -0.159064 0.183107 -0.230524 -0.056219 0.206747 -0.181142 0.024157 0.212073 -0.255715 -0.178628 -0.174110 -0.440668 -0.214616 -0.121115 -0.574133 -0.224702 -0.042552 -0.479170 -0.421928 0.176668 -0.574198 -0.346829 0.112544 -0.589301 -0.252812 0.045270 -0.370001 -0.281571 0.364794 -0.521597 -0.246024 0.408146 -0.626395 -0.271328 0.491911 -0.427034 -0.007323 0.267630 -0.502690 -0.049427 0.392105 -0.608980 -0.053412 0.475500 -0.348292 0.053224 0.254525 -0.463345 0.073231 0.283745 -0.561886 0.066077 0.342412 
0.000000 0.000000 0.000000 0.007775 -0.050046 -0.055307 -0.260941 -0.331054 0.116631 -0.249663 -0.193703 0.190485 -0.213823 -0.086248 0.214213 -0.174187 -0.000622 0.219157 -0.257039 -0.162393 -0.178180 -0.439632 -0.205011 -0.122012 -0.566387 -0.222517 -0.034186 -0.422358 -0.478557 0.176697 -0.530978 -0.413624 0.124090 -0.571139 -0.321005 0.065765 -0.336817 -0.300167 0.384249 -0.497477 -0.286452 0.395410 -0.606949 -0.318116 0.470595 -0.395202 -0.025532 0.304374 -0.500496 -0.112809 0.369848 -0.618738 -0.125006 0.434175 -0.347890 0.003479 0.239076 -0.467453 0.006302 0.252787 -0.579393 -0.009462 0.273378 
0.000000 0.000000 0.000000 0.011164 -0.047700 -0.056780 -0.219133 -0.360007 0.116900 -0.220170 -0.223861 0.193776 -0.195366 -0.113665 0.218994 -0.165099 -0.024347 0.224768 -0.265829 -0.146691 -0.163185 -0.443105 -0.200002 -0.099605 -0.552351 -0.227706 0.007093 -0.346283 -0.533689 0.188229 -0.471621 -0.491311 0.152502 -0.549334 -0.417435 0.106717 -0.305587 -0.354651 0.372863 -0.466481 -0.342572 0.382442 -0.581178 -0.379288 0.446754 -0.354552 -0.166478 0.347775 -0.502014 -0.146920 0.318395 -0.637072 -0.141732 0.319112 -0.339428 -0.010767 0.221442 -0.459423 -0.001420 0.219152 -0.564866 0.000288 0.173524 
0.000000 0.000000 0.000000 0.016187 -0.046065 -0.056920 -0.166747 -0.385374 0.122364 -0.184232 -0.250204 0.198982 -0.173769 -0.137569 0.223440 -0.155532 -0.044993 0.228378 -0.274983 -0.140860 -0.120795 -0.443025 -0.201426 -0.040763 -0.518310 -0.233373 0.091139 -0.266985 -0.561487 0.224130 -0.398206 -0.529985 0.200242 -0.501889 -0.486090 0.169973 -0.289475 -0.384291 0.364569 -0.450557 -0.372065 0.359304 -0.574862 -0.404744 0.405345 -0.350291 -0.183972 0.330212 -0.488383 -0.150667 0.277181 -0.611287 -0.120797 0.229533 -0.330202 -0.036229 0.228718 -0.441764 -0.023558 0.185307 -0.521809 -0.006442 0.104666 
0.000000 0.000000 0.000000 0.019873 -0.046085 -0.055724 -0.105689 -0.398299 0.146555 -0.138384 -0.263291 0.218324 -0.142640 -0.149244 0.237542 -0.137290 -0.054911 0.237713 -0.276353 -0.146567 -0.055419 -0.423695 -0.200643 0.061530 -0.456287 -0.216988 0.212386 -0.190952 -0.552055 0.289766 -0.325970 -0.531079 0.279170 -0.438623 -0.505636 0.263200 -0.266246 -0.370933 0.387258 -0.422537 -0.341480 0.358446 -0.556643 -0.349711 0.382680 -0.331517 -0.178999 0.327840 -0.459614 -0.129051 0.263909 -0.564358 -0.078797 0.194834 -0.310859 -0.046612 0.257483 -0.406341 -0.021373 0.188652 -0.478333 0.006289 0.103476 
0.000000 0.000000 0.000000 0.018536 -0.046063 -0.056201 -0.088137 -0.399565 0.154499 -0.121134 -0.264803 0.226591 -0.127571 -0.150734 0.245053 -0.124755 -0.056295 0.244209 -0.277900 -0.140734 -0.024434 -0.413544 -0.186361 0.109096 -0.421521 -0.191896 0.263991 -0.164293 -0.539135 0.316179 -0.301050 -0.530216 0.316683 -0.417334 -0.521798 0.316181 -0.252583 -0.382380 0.385874 -0.406645 -0.339750 0.361955 -0.542344 -0.326945 0.369769 -0.320973 -0.171491 0.327990 -0.439812 -0.109295 0.257281 -0.529704 -0.046512 0.178251 -0.299196 -0.047733 0.253334 -0.398005 -0.019075 0.190830 -0.460588 0.016638 0.101326 
0.000000 0.000000 0.000000 0.020087 -0.046342 -0.055434 -0.086425 -0.399172 0.156470 -0.122267 -0.264166 0.226725 -0.130335 -0.150020 0.244034 -0.128575 -0.055567 0.242388 -0.278774 -0.130891 -0.018288 -0.418975 -0.173524 0.111470 -0.416138 -0.176831 0.266608 -0.189090 -0.522222 0.316902 -0.325830 -0.513267 0.318889 -0.441924 -0.513049 0.329622 -0.269112 -0.385486 0.368826 -0.416568 -0.324086 0.344099 -0.546869 -0.284261 0.335436 -0.330367 -0.135493 0.311042 -0.424379 -0.055586 0.222909 -0.470677 0.019713 0.120662 -0.299732 -0.025689 0.222410 -0.387508 0.016888 0.151885 -0.416164 0.065611 0.051845 
0.000000 0.000000 0.000000 0.017973 -0.046856 -0.055726 -0.102754 -0.395992 0.154668 -0.132696 -0.259967 0.225713 -0.135904 -0.145674 0.243629 -0.130172 -0.051371 0.242461 -0.285358 -0.120228 -0.034443 -0.419225 -0.153287 0.104474 -0.412152 -0.152392 0.259510 -0.250686 -0.487030 0.300436 -0.386191 -0.466527 0.300231 -0.501940 -0.454060 0.306551 -0.296449 -0.367231 0.360449 -0.432604 -0.287298 0.325849 -0.556770 -0.232738 0.310192 -0.337303 -0.109874 0.297208 -0.414982 -0.023975 0.199340 -0.436289 0.050587 0.088640 -0.294306 -0.003405 0.205783 -0.361393 0.051790 0.122452 -0.360060 0.104678 0.020451 
0.000000 0.000000 0.000000 0.013841 -0.047144 -0.056654 -0.124359 -0.390783 0.152033 -0.144204 -0.254105 0.225329 -0.139828 -0.140086 0.244684 -0.128182 -0.046322 0.244530 -0.292177 -0.109920 -0.040576 -0.428939 -0.132950 0.097544 -0.419797 -0.125117 0.252276 -0.290167 -0.463705 0.288453 -0.422488 -0.428082 0.286394 -0.536803 -0.407747 0.296961 -0.326767 -0.336383 0.353296 -0.452288 -0.243278 0.312057 -0.571546 -0.179313 0.294022 -0.338310 -0.080523 0.286768 -0.403719 0.011329 0.185399 -0.403344 0.082990 0.070802 -0.280371 0.018864 0.188177 -0.340751 0.080069 0.103919 -0.311565 0.130331 0.004797 
0.000000 0.000000 0.000000 0.009244 -0.047597 -0.057210 -0.151598 -0.381310 0.151364 -0.159659 -0.244124 0.225942 -0.146199 -0.130944 0.246020 -0.127369 -0.038356 0.246327 -0.299339 -0.097504 -0.045707 -0.441236 -0.108282 0.088681 -0.429041 -0.091763 0.242516 -0.324954 -0.420374 0.292224 -0.452597 -0.371612 0.281669 -0.564986 -0.342845 0.293259 -0.355464 -0.298054 0.349337 -0.463941 -0.189745 0.298088 -0.576384 -0.115092 0.277525 -0.339876 -0.050464 0.272962 -0.391671 0.048064 0.170004 -0.374860 0.119000 0.056191 -0.265957 0.042914 0.177228 -0.314890 0.109852 0.089956 -0.264406 0.152681 -0.003960 
0.000000 0.000000 0.000000 0.006655 -0.048626 -0.056702 -0.183139 -0.367388 0.150918 -0.182092 -0.229387 0.224413 -0.160398 -0.117405 0.243997 -0.134553 -0.026525 0.244056 -0.304310 -0.081964 -0.062677 -0.451968 -0.074236 0.065575 -0.439902 -0.045656 0.217642 -0.372146 -0.368615 0.276197 -0.489730 -0.301062 0.256379 -0.597887 -0.258714 0.266467 -0.393130 -0.244151 0.332670 -0.483031 -0.127500 0.266074 -0.586564 -0.043808 0.235814 -0.345139 -0.014539 0.245745 -0.384143 0.086892 0.140003 -0.342445 0.148251 0.027023 -0.250903 0.066965 0.152905 -0.294865 0.134478 0.063459 -0.221955 0.159230 -0.021832 
0.000000 0.000000 0.000000 0.001216 -0.046865 -0.058533 -0.218690 -0.352227 0.139286 -0.202963 -0.217943 0.217817 -0.169766 -0.109585 0.241282 -0.134745 -0.021886 0.244409 -0.311041 -0.059498 -0.072040 -0.459258 -0.038731 0.054100 -0.443774 -0.007695 0.205374 -0.418499 -0.338126 0.245578 -0.521209 -0.249223 0.227442 -0.621751 -0.190690 0.235084 -0.422648 -0.214091 0.308362 -0.484850 -0.080227 0.242514 -0.575721 0.017511 0.213721 -0.343299 0.010918 0.232390 -0.364286 0.113246 0.122484 -0.299838 0.159419 0.013019 -0.231636 0.084215 0.144705 -0.265097 0.156200 0.054207 -0.180320 0.166795 -0.022630 
0.000000 0.000000 0.000000 -0.001974 -0.044478 -0.060347 -0.237736 -0.344267 0.127485 -0.213599 -0.214367 0.211092 -0.173964 -0.109138 0.238478 -0.133871 -0.023809 0.244710 -0.313361 -0.055115 -0.088118 -0.459967 -0.029189 0.038948 -0.436971 0.004212 0.188756 -0.442958 -0.312928 0.218708 -0.533253 -0.211004 0.203200 -0.621273 -0.134551 0.202544 -0.439890 -0.193703 0.280661 -0.487238 -0.050990 0.221365 -0.556060 0.061451 0.185872 -0.340272 0.019804 0.217757 -0.347511 0.122239 0.106199 -0.265837 0.157004 0.004273 -0.222477 0.087634 0.143143 -0.238780 0.160124 0.048429 -0.146965 0.163785 -0.020562 
0.000000 0.000000 0.000000 -0.000938 -0.042460 -0.061807 -0.243847 -0.345877 0.110443 -0.220531 -0.219025 0.198826 -0.180602 -0.115145 0.230588 -0.139892 -0.030467 0.240568 -0.310975 -0.050312 -0.102569 -0.461992 -0.021247 0.018511 -0.436639 0.013422 0.167648 -0.451249 -0.297803 0.188505 -0.541680 -0.195325 0.178378 -0.610457 -0.102511 0.162618 -0.446283 -0.175301 0.258815 -0.482699 -0.031397 0.194860 -0.514245 0.090097 0.141162 -0.338559 0.022543 0.202211 -0.334933 0.128647 0.093954 -0.241415 0.157508 0.000737 -0.217135 0.087524 0.137137 -0.226093 0.163065 0.043839 -0.131874 0.165147 -0.021901 
0.000000 0.000000 0.000000 0.000864 -0.039711 -0.063609 -0.223921 -0.363099 0.096484 -0.206785 -0.239143 0.190230 -0.172274 -0.134733 0.226307 -0.136119 -0.048485 0.239775 -0.305125 -0.071924 -0.119996 -0.452154 -0.050033 0.007340 -0.423427 -0.012517 0.155172 -0.432855 -0.317417 0.171848 -0.527426 -0.218542 0.163955 -0.592585 -0.123886 0.144265 -0.433768 -0.201800 0.249886 -0.466847 -0.057250 0.185577 -0.490251 0.065040 0.129571 -0.332430 0.000062 0.196410 -0.323296 0.109321 0.091673 -0.225376 0.142598 0.004654 -0.213286 0.071890 0.139071 -0.219671 0.150611 0.048222 -0.124319 0.158572 -0.015399 
0.000000 0.000000 0.000000 0.004045 -0.037153 -0.065017 -0.187565 -0.385970 0.084478 -0.181410 -0.264374 0.182576 -0.156632 -0.158509 0.222233 -0.128702 -0.069748 0.238626 -0.297900 -0.097924 -0.119631 -0.445144 -0.088455 0.008979 -0.414317 -0.046803 0.155272 -0.394609 -0.335507 0.161980 -0.497943 -0.245509 0.164086 -0.562569 -0.150649 0.143635 -0.407027 -0.228043 0.247779 -0.449944 -0.083696 0.189070 -0.473927 0.039111 0.134457 -0.322887 -0.029812 0.199652 -0.321555 0.086728 0.102659 -0.223367 0.127706 0.019305 -0.219648 0.052508 0.152786 -0.218654 0.134938 0.065061 -0.122343 0.149043 0.004000 
0.000000 0.000000 0.000000 0.008775 -0.034101 -0.066212 -0.125323 -0.412500 0.073678 -0.136446 -0.294434 0.175579 -0.127567 -0.187282 0.218400 -0.113281 -0.095835 0.237391 -0.284884 -0.132818 -0.109400 -0.428481 -0.142744 0.023236 -0.395728 -0.096871 0.167839 -0.334608 -0.361642 0.144624 -0.458267 -0.312103 0.176817 -0.533106 -0.223253 0.166922 -0.358212 -0.273830 0.258465 -0.427749 -0.137373 0.206809 -0.463023 -0.018028 0.150666 -0.309574 -0.079641 0.219013 -0.320914 0.042262 0.129560 -0.232476 0.099004 0.044548 -0.231325 0.018390 0.177354 -0.225990 0.104091 0.092985 -0.133349 0.129429 0.029906 
0.000000 0.000000 0.000000 0.018444 -0.031739 -0.065394 -0.054078 -0.428487 0.069025 -0.091769 -0.314678 0.169392 -0.104507 -0.207821 0.211978 -0.107790 -0.115367 0.231178 -0.255950 -0.172118 -0.118757 -0.403125 -0.208254 0.005117 -0.387123 -0.162972 0.152698 -0.268769 -0.400636 0.136496 -0.398522 -0.383803 0.177274 -0.481103 -0.302309 0.165773 -0.309720 -0.322964 0.263748 -0.401846 -0.199477 0.214878 -0.454037 -0.087100 0.157547 -0.302626 -0.135979 0.229332 -0.336018 -0.013745 0.146056 -0.266596 0.063647 0.059690 -0.251593 -0.024039 0.191605 -0.245564 0.064306 0.110057 -0.159859 0.106638 0.046294 
0.000000 0.000000 0.000000 0.024407 -0.029291 -0.064577 -0.005671 -0.431930 0.068519 -0.060113 -0.323437 0.167070 -0.086885 -0.218861 0.208799 -0.101731 -0.127453 0.227547 -0.222594 -0.202479 -0.147296 -0.366901 -0.266613 -0.031653 -0.376313 -0.238094 0.120614 -0.221236 -0.432789 0.138885 -0.351517 -0.433308 0.181411 -0.439772 -0.358434 0.167340 -0.273207 -0.356707 0.266863 -0.383180 -0.246268 0.224040 -0.447358 -0.139653 0.167882 -0.292651 -0.181367 0.239915 -0.346458 -0.063075 0.161796 -0.305942 0.031742 0.074411 -0.260955 -0.061080 0.198763 -0.277509 0.030734 0.122687 -0.209413 0.094544 0.055647 
0.000000 0.000000 0.000000 0.028695 -0.027217 -0.063716 0.026725 -0.431029 0.069212 -0.039298 -0.327280 0.165773 -0.075648 -0.225199 0.206420 -0.098338 -0.135279 0.224500 -0.195545 -0.216799 -0.171521 -0.332496 -0.317622 -0.074618 -0.373305 -0.336665 0.073904 -0.184452 -0.463036 0.145370 -0.312082 -0.482380 0.191397 -0.412836 -0.425561 0.176794 -0.239091 -0.397212 0.273786 -0.363133 -0.300234 0.237272 -0.443027 -0.201573 0.187049 -0.281217 -0.228677 0.255847 -0.345118 -0.117107 0.175475 -0.319961 -0.018776 0.086221 -0.270688 -0.108085 0.212572 -0.290707 -0.015446 0.138352 -0.240476 0.063227 0.071341 
0.000000 0.000000 0.000000 0.027662 -0.025787 -0.064759 0.040635 -0.430750 0.063983 -0.025546 -0.329830 0.163392 -0.063582 -0.229206 0.206078 -0.088258 -0.140138 0.225706 -0.181823 -0.222642 -0.188090 -0.305010 -0.355814 -0.114595 -0.360258 -0.426696 0.011936 -0.101985 -0.559671 0.184229 -0.233750 -0.578535 0.216850 -0.345655 -0.547190 0.207476 -0.196916 -0.444473 0.281560 -0.341162 -0.373399 0.265244 -0.447997 -0.294066 0.234716 -0.249756 -0.289431 0.286241 -0.348694 -0.195571 0.219966 -0.359125 -0.092879 0.132710 -0.257316 -0.169127 0.259841 -0.306291 -0.087449 0.186210 -0.295979 -0.003751 0.108163 
0.000000 0.000000 0.000000 0.023670 -0.027317 -0.065707 0.029984 -0.431171 0.066954 -0.028082 -0.327173 0.168245 -0.060800 -0.224950 0.211535 -0.081659 -0.134939 0.231288 -0.176572 -0.227161 -0.199168 -0.295467 -0.373360 -0.146245 -0.360498 -0.468882 -0.042643 -0.029160 -0.605838 0.198914 -0.158272 -0.639252 0.230470 -0.272167 -0.656001 0.248922 -0.136365 -0.488138 0.305502 -0.293643 -0.450941 0.307653 -0.418430 -0.397772 0.292143 -0.209070 -0.327487 0.322060 -0.344882 -0.269821 0.287125 -0.426347 -0.184756 0.220827 -0.220933 -0.195094 0.318297 -0.312794 -0.150493 0.254550 -0.360710 -0.090759 0.168882 
0.000000 0.000000 0.000000 0.010535 -0.027503 -0.068967 -0.005299 -0.433872 0.054933 -0.036313 -0.327761 0.165503 -0.051325 -0.224162 0.214857 -0.059494 -0.133167 0.238952 -0.177388 -0.222003 -0.226133 -0.288136 -0.376263 -0.178698 -0.358439 -0.488547 -0.097848 0.005473 -0.627566 0.172350 -0.115136 -0.681667 0.208525 -0.215949 -0.730451 0.240928 -0.057461 -0.519573 0.304195 -0.215016 -0.536309 0.336149 -0.350579 -0.534641 0.352249 -0.133960 -0.364163 0.350078 -0.285253 -0.354218 0.351596 -0.411670 -0.314971 0.324275 -0.159296 -0.216400 0.355991 -0.278227 -0.221827 0.338174 -0.375992 -0.201195 0.281434 
0.000000 0.000000 0.000000 0.003621 -0.023962 -0.070969 -0.039103 -0.434529 0.030748 -0.053606 -0.333264 0.148992 -0.056392 -0.232029 0.205009 -0.055104 -0.142334 0.234682 -0.192856 -0.196746 -0.242400 -0.305023 -0.355260 -0.217845 -0.383481 -0.480680 -0.170930 -0.010672 -0.646816 0.105221 -0.124772 -0.715224 0.138142 -0.208407 -0.789520 0.170980 -0.036958 -0.537962 0.268559 -0.186099 -0.582513 0.312109 -0.312351 -0.619536 0.348565 -0.092613 -0.386545 0.344746 -0.239297 -0.413437 0.372155 -0.373144 -0.425850 0.386261 -0.147211 -0.217864 0.362736 -0.261109 -0.252587 0.380424 -0.372579 -0.280364 0.382859 
0.000000 0.000000 0.000000 0.008668 -0.023466 -0.070697 -0.054105 -0.433408 0.022809 -0.075198 -0.332747 0.140577 -0.079571 -0.231946 0.197271 -0.078082 -0.142581 0.227914 -0.201684 -0.169361 -0.250456 -0.321524 -0.324117 -0.250603 -0.408919 -0.450849 -0.230907 -0.038436 -0.653489 0.075147 -0.157210 -0.717903 0.098068 -0.235225 -0.800888 0.122975 -0.065080 -0.538307 0.259393 -0.214388 -0.586886 0.297757 -0.329759 -0.646326 0.340135 -0.128698 -0.378746 0.341319 -0.275419 -0.410877 0.362090 -0.400772 -0.451096 0.392702 -0.185109 -0.179118 0.361318 -0.288019 -0.238745 0.379904 -0.383046 -0.288414 0.421207 
0.000000 0.000000 0.000000 0.013475 -0.025400 -0.069262 -0.077948 -0.429603 0.025602 -0.103866 -0.325480 0.139327 -0.107915 -0.223374 0.193661 -0.104487 -0.133546 0.222753 -0.199156 -0.150541 -0.261548 -0.325503 -0.298073 -0.285676 -0.421236 -0.420097 -0.291347 -0.076913 -0.652949 0.064790 -0.197717 -0.715325 0.082041 -0.272530 -0.802652 0.101281 -0.098296 -0.531541 0.257573 -0.246249 -0.585681 0.293674 -0.354156 -0.656575 0.338054 -0.170906 -0.351601 0.349558 -0.317553 -0.387897 0.362525 -0.434533 -0.440777 0.404801 -0.243978 -0.141083 0.327976 -0.322668 -0.222775 0.368294 -0.409554 -0.275335 0.422066 
0.000000 0.000000 0.000000 0.019766 -0.026417 -0.067345 -0.081206 -0.429071 0.024370 -0.117260 -0.323279 0.133708 -0.126039 -0.220394 0.185975 -0.125067 -0.130161 0.213980 -0.201607 -0.144889 -0.253905 -0.338127 -0.274437 -0.307670 -0.440209 -0.389543 -0.328083 -0.090487 -0.653131 0.058002 -0.212406 -0.713989 0.072636 -0.285227 -0.803509 0.089256 -0.107310 -0.525754 0.257721 -0.254830 -0.583367 0.290019 -0.356828 -0.661678 0.335880 -0.191947 -0.341825 0.346051 -0.331930 -0.394052 0.371900 -0.437317 -0.457382 0.428032 -0.276529 -0.135030 0.301283 -0.353974 -0.211155 0.353230 -0.439706 -0.264875 0.407704 
0.000000 0.000000 0.000000 0.020007 -0.025399 -0.067665 -0.088425 -0.428073 0.014999 -0.123845 -0.323890 0.126076 -0.131470 -0.221931 0.180301 -0.129310 -0.132299 0.210112 -0.219257 -0.144825 -0.229951 -0.370149 -0.241457 -0.308722 -0.482964 -0.345319 -0.332644 -0.100788 -0.653404 0.037204 -0.221697 -0.716051 0.052644 -0.294179 -0.806259 0.066861 -0.114243 -0.528134 0.247180 -0.258494 -0.591961 0.282427 -0.356612 -0.674397 0.329507 -0.174701 -0.343554 0.347790 -0.310175 -0.406981 0.372579 -0.408897 -0.478673 0.430737 -0.286508 -0.135139 0.286708 -0.358209 -0.214242 0.342322 -0.442474 -0.269405 0.397635 
0.000000 0.000000 0.000000 0.020055 -0.022894 -0.068539 -0.072278 -0.431326 0.004914 -0.110093 -0.331415 0.119083 -0.120791 -0.231233 0.176032 -0.121571 -0.142374 0.208138 -0.241300 -0.150276 -0.183924 -0.404839 -0.229983 -0.256125 -0.524760 -0.328447 -0.259370 -0.075922 -0.657401 0.022149 -0.196979 -0.719324 0.039260 -0.266672 -0.811724 0.053343 -0.089744 -0.530881 0.246652 -0.230816 -0.600704 0.283367 -0.327401 -0.684451 0.331296 -0.152081 -0.347660 0.349754 -0.282388 -0.419659 0.378510 -0.380141 -0.494220 0.434663 -0.274469 -0.154504 0.292169 -0.333319 -0.243335 0.348178 -0.409206 -0.307229 0.406160 
0.000000 0.000000 0.000000 0.018455 -0.019088 -0.070135 -0.049532 -0.434436 -0.010124 -0.087880 -0.341236 0.109417 -0.101475 -0.244076 0.170810 -0.105581 -0.156711 0.206556 -0.259675 -0.147210 -0.133966 -0.433711 -0.227380 -0.173907 -0.552398 -0.326313 -0.159326 -0.055272 -0.660887 0.000223 -0.178371 -0.718452 0.017973 -0.250270 -0.809334 0.030776 -0.074146 -0.542426 0.235149 -0.219919 -0.604135 0.267810 -0.322229 -0.682639 0.312632 -0.130720 -0.365535 0.341415 -0.260729 -0.440076 0.364484 -0.356980 -0.518376 0.418084 -0.244097 -0.173426 0.312008 -0.292377 -0.272605 0.360213 -0.359519 -0.344832 0.419192 
0.000000 0.000000 0.000000 0.022155 -0.018882 -0.069112 -0.029888 -0.436282 -0.007421 -0.077202 -0.343803 0.109438 -0.097584 -0.246792 0.169167 -0.107005 -0.159376 0.203765 -0.253265 -0.160724 -0.112366 -0.425605 -0.249480 -0.139430 -0.538824 -0.355392 -0.146558 -0.074012 -0.658585 -0.000041 -0.200039 -0.710297 0.014969 -0.287060 -0.787134 0.025762 -0.099230 -0.546033 0.232288 -0.253649 -0.588979 0.253142 -0.370379 -0.651134 0.287055 -0.149205 -0.371577 0.331886 -0.287303 -0.433387 0.341847 -0.395469 -0.503168 0.383063 -0.246610 -0.173191 0.308196 -0.299700 -0.273956 0.347172 -0.371698 -0.345877 0.400529 
0.000000 0.000000 0.000000 0.021939 -0.018546 -0.069272 -0.036810 -0.435656 -0.011786 -0.082796 -0.343599 0.105933 -0.101708 -0.246873 0.166599 -0.109782 -0.159666 0.202054 -0.253128 -0.157833 -0.122035 -0.425247 -0.244989 -0.155051 -0.537255 -0.348164 -0.184981 -0.129267 -0.642675 -0.007899 -0.262000 -0.673063 0.007605 -0.364597 -0.727373 0.018443 -0.132628 -0.545571 0.220818 -0.293128 -0.563392 0.227666 -0.418439 -0.611487 0.252634 -0.170936 -0.368678 0.324981 -0.315361 -0.414750 0.321924 -0.434594 -0.471876 0.350001 -0.261137 -0.167909 0.289289 -0.335092 -0.256810 0.322736 -0.419672 -0.322156 0.364917 
0.000000 0.000000 0.000000 0.023767 -0.018326 -0.068725 -0.043352 -0.434893 -0.016715 -0.091476 -0.343077 0.100336 -0.110709 -0.246562 0.161236 -0.118485 -0.159530 0.197187 -0.255451 -0.150871 -0.116844 -0.430168 -0.233809 -0.146953 -0.540052 -0.331822 -0.196002 -0.181371 -0.614702 -0.022998 -0.316962 -0.632869 -0.014809 -0.428529 -0.666341 -0.009749 -0.176881 -0.540039 0.202249 -0.338330 -0.534809 0.196619 -0.470081 -0.567410 0.211388 -0.200637 -0.362758 0.313305 -0.347821 -0.396655 0.299937 -0.472834 -0.444043 0.319793 -0.265274 -0.163456 0.292180 -0.353413 -0.240166 0.321137 -0.444806 -0.298509 0.359169 
0.000000 0.000000 0.000000 0.024678 -0.018411 -0.068381 -0.047249 -0.434420 -0.018372 -0.096342 -0.342390 0.098106 -0.115615 -0.245820 0.158909 -0.123124 -0.158793 0.194926 -0.257389 -0.149102 -0.103087 -0.433889 -0.230879 -0.124803 -0.544582 -0.329186 -0.171382 -0.203103 -0.599063 -0.023077 -0.339066 -0.616239 -0.022026 -0.450437 -0.650731 -0.021998 -0.211811 -0.527673 0.191975 -0.371276 -0.506804 0.175850 -0.505673 -0.529565 0.183511 -0.228782 -0.363203 0.293549 -0.376381 -0.383414 0.265318 -0.505280 -0.423048 0.274384 -0.276046 -0.161597 0.279740 -0.373879 -0.228346 0.301297 -0.471397 -0.282401 0.329069 
0.000000 0.000000 0.000000 0.024116 -0.017397 -0.068845 -0.054406 -0.433124 -0.027096 -0.101550 -0.342727 0.091449 -0.119012 -0.247131 0.154301 -0.124964 -0.160754 0.192128 -0.261406 -0.139122 -0.107663 -0.440067 -0.215289 -0.131952 -0.553668 -0.309683 -0.179612 -0.212215 -0.595413 -0.040459 -0.348313 -0.607931 -0.030324 -0.458134 -0.646941 -0.027058 -0.224867 -0.525695 0.179709 -0.382590 -0.495839 0.160820 -0.517571 -0.515319 0.167142 -0.251973 -0.358653 0.275123 -0.398284 -0.368081 0.236459 -0.529327 -0.401085 0.239033 -0.285265 -0.157612 0.261987 -0.387597 -0.217997 0.281298 -0.488233 -0.268677 0.303817 
0.000000 0.000000 0.000000 0.019437 -0.016687 -0.070481 -0.070039 -0.430525 -0.032144 -0.107137 -0.341217 0.090717 -0.117732 -0.246470 0.156327 -0.118618 -0.160768 0.196098 -0.272882 -0.126810 -0.086879 -0.455796 -0.195718 -0.097139 -0.579795 -0.286203 -0.120022 -0.229199 -0.591125 -0.049339 -0.362915 -0.607121 -0.023921 -0.470180 -0.651761 -0.014194 -0.234425 -0.520635 0.180614 -0.389571 -0.476796 0.169106 -0.525605 -0.482309 0.179287 -0.244489 -0.355974 0.285381 -0.392627 -0.359457 0.253227 -0.525077 -0.385826 0.258657 -0.274118 -0.160580 0.276135 -0.380183 -0.213085 0.298151 -0.482609 -0.259276 0.322203 
0.000000 0.000000 0.000000 0.011109 -0.013572 -0.072913 -0.086297 -0.426433 -0.044703 -0.107012 -0.342570 0.085623 -0.107474 -0.251039 0.156445 -0.101387 -0.167472 0.200113 -0.280646 -0.126296 -0.068600 -0.463207 -0.196832 -0.065902 -0.587635 -0.289592 -0.066247 -0.243893 -0.589234 -0.053604 -0.374914 -0.599769 -0.014814 -0.481164 -0.644195 0.003363 -0.236344 -0.528304 0.158083 -0.385705 -0.467180 0.167018 -0.520155 -0.469519 0.190617 -0.232640 -0.360534 0.287052 -0.382770 -0.352067 0.267553 -0.516754 -0.366533 0.277900 -0.250784 -0.185881 0.289150 -0.358381 -0.225120 0.326225 -0.460580 -0.269984 0.353534 
0.000000 0.000000 0.000000 0.006081 -0.008575 -0.074252 -0.086341 -0.423478 -0.067097 -0.098466 -0.348693 0.069676 -0.094596 -0.262076 0.146335 -0.086036 -0.181528 0.194978 -0.282634 -0.127317 -0.054503 -0.463293 -0.201618 -0.042145 -0.580207 -0.301523 -0.021239 -0.255460 -0.573711 -0.051326 -0.385148 -0.577452 -0.007177 -0.493210 -0.611085 0.020834 -0.245489 -0.523965 0.134008 -0.384005 -0.443801 0.156634 -0.516354 -0.433473 0.188514 -0.220976 -0.373044 0.274507 -0.370339 -0.347812 0.267825 -0.504697 -0.333290 0.270083 -0.224245 -0.205794 0.299360 -0.331728 -0.254929 0.322262 -0.434339 -0.301149 0.345455 
0.000000 0.000000 0.000000 -0.002387 -0.002991 -0.074895 -0.104914 -0.415365 -0.088065 -0.099802 -0.351031 0.054349 -0.085102 -0.270617 0.136273 -0.069000 -0.194203 0.189461 -0.292737 -0.116313 -0.048410 -0.467582 -0.200707 -0.023554 -0.573311 -0.305232 0.020972 -0.274335 -0.562957 -0.057516 -0.402963 -0.550913 -0.011782 -0.513502 -0.561742 0.023674 -0.251740 -0.517058 0.130666 -0.380780 -0.423701 0.158194 -0.506363 -0.382965 0.192959 -0.220330 -0.379016 0.257421 -0.362089 -0.325233 0.255865 -0.487283 -0.274445 0.251966 -0.222145 -0.222615 0.268993 -0.327558 -0.242173 0.323737 -0.439116 -0.265683 0.338067 
0.000000 0.000000 0.000000 -0.005244 -0.000868 -0.074804 -0.135697 -0.405039 -0.093915 -0.121205 -0.344930 0.049696 -0.098222 -0.267838 0.132897 -0.075132 -0.194077 0.187244 -0.310209 -0.069880 -0.065858 -0.472968 -0.170579 -0.024863 -0.581155 -0.271628 0.021735 -0.316284 -0.539499 -0.066913 -0.441092 -0.509294 -0.019029 -0.550910 -0.499993 0.019004 -0.287001 -0.496535 0.127170 -0.402625 -0.386587 0.152996 -0.517732 -0.320198 0.184339 -0.251269 -0.352138 0.251992 -0.383319 -0.277667 0.249183 -0.495161 -0.202578 0.238188 -0.234452 -0.191178 0.259321 -0.344115 -0.189182 0.308933 -0.458847 -0.183820 0.312248 
0.000000 0.000000 0.000000 -0.005703 0.000729 -0.074772 -0.154095 -0.396846 -0.100291 -0.136130 -0.340067 0.044279 -0.109271 -0.265598 0.128701 -0.082618 -0.193936 0.184212 -0.314553 -0.047825 -0.064742 -0.477818 -0.146697 -0.021386 -0.588406 -0.245448 0.024501 -0.346399 -0.514730 -0.076999 -0.469300 -0.480645 -0.026843 -0.577053 -0.461898 0.013542 -0.317046 -0.474942 0.118793 -0.425664 -0.357756 0.143173 -0.528799 -0.272095 0.168953 -0.271543 -0.336519 0.244250 -0.396518 -0.250660 0.243729 -0.493281 -0.157870 0.226561 -0.243086 -0.175276 0.251204 -0.353540 -0.162432 0.297316 -0.463029 -0.129617 0.285554 
0.000000 0.000000 0.000000 -0.009545 0.003798 -0.074286 -0.168512 -0.389125 -0.107125 -0.141740 -0.338490 0.038362 -0.108777 -0.268009 0.124035 -0.077584 -0.199190 0.180764 -0.319309 -0.036471 -0.057818 -0.475119 -0.143312 -0.006637 -0.583176 -0.243613 0.041841 -0.355293 -0.513978 -0.076392 -0.474757 -0.475962 -0.021027 -0.580455 -0.455827 0.023868 -0.319733 -0.474092 0.118392 -0.429089 -0.358763 0.147803 -0.528007 -0.268941 0.175849 -0.268756 -0.338022 0.243277 -0.390464 -0.247687 0.247467 -0.479732 -0.147680 0.230204 -0.233886 -0.182425 0.257410 -0.344970 -0.164081 0.300016 -0.448714 -0.117105 0.284733 
0.000000 0.000000 0.000000 -0.014508 0.006623 -0.073277 -0.169527 -0.387358 -0.111825 -0.133904 -0.342171 0.033558 -0.096365 -0.274639 0.119723 -0.062488 -0.207630 0.177077 -0.322131 -0.039283 -0.040008 -0.466966 -0.158386 0.016106 -0.569034 -0.264627 0.064908 -0.353432 -0.515056 -0.075877 -0.473609 -0.486840 -0.016350 -0.577135 -0.467027 0.033478 -0.305543 -0.486547 0.112107 -0.417551 -0.376870 0.151474 -0.516210 -0.289311 0.186676 -0.254245 -0.352242 0.237048 -0.378675 -0.266746 0.251138 -0.466343 -0.164632 0.238686 -0.221242 -0.193669 0.249107 -0.330516 -0.184059 0.298688 -0.434802 -0.137305 0.286791 
0.000000 0.000000 0.000000 -0.017627 0.009467 -0.072274 -0.139087 -0.393892 -0.129591 -0.102377 -0.354068 0.017083 -0.067809 -0.288483 0.105952 -0.037864 -0.222104 0.166155 -0.314679 -0.068019 -0.012254 -0.439057 -0.205978 0.049459 -0.519796 -0.328163 0.100831 -0.307740 -0.539526 -0.087553 -0.426566 -0.530280 -0.019900 -0.526376 -0.516867 0.038847 -0.251800 -0.519616 0.099187 -0.369289 -0.424230 0.155953 -0.471165 -0.347968 0.205398 -0.198381 -0.401197 0.228263 -0.327013 -0.326871 0.258602 -0.423519 -0.232323 0.262501 -0.180525 -0.245015 0.264690 -0.288168 -0.249552 0.318391 -0.399092 -0.219581 0.317626 
0.000000 0.000000 0.000000 -0.015741 0.005542 -0.073112 -0.106314 -0.407329 -0.118620 -0.077610 -0.359663 0.027500 -0.050863 -0.288575 0.114821 -0.027789 -0.218069 0.173334 -0.304579 -0.093083 -0.004615 -0.424567 -0.233137 0.060952 -0.495076 -0.359904 0.116137 -0.267783 -0.557940 -0.067002 -0.385783 -0.555359 0.002650 -0.484562 -0.544065 0.063546 -0.217304 -0.525317 0.125064 -0.340466 -0.432804 0.174023 -0.446529 -0.358351 0.216995 -0.172959 -0.399240 0.247333 -0.303086 -0.325515 0.272278 -0.398684 -0.230200 0.265639 -0.155156 -0.251207 0.288512 -0.269244 -0.243614 0.326164 -0.379553 -0.212042 0.319984 
0.000000 0.000000 0.000000 -0.013842 0.004091 -0.073590 -0.092828 -0.411548 -0.115332 -0.069378 -0.361077 0.030783 -0.046837 -0.288087 0.117722 -0.027153 -0.216187 0.175776 -0.302215 -0.097049 -0.006823 -0.417531 -0.242593 0.055066 -0.487488 -0.371363 0.106164 -0.254309 -0.562568 -0.064965 -0.373902 -0.561125 0.001949 -0.473853 -0.548986 0.060732 -0.207765 -0.525434 0.132322 -0.333854 -0.432580 0.172375 -0.439352 -0.352444 0.205358 -0.174022 -0.392254 0.250714 -0.302786 -0.314296 0.268970 -0.389490 -0.212379 0.249903 -0.162663 -0.243813 0.282827 -0.276500 -0.231754 0.320071 -0.380172 -0.185748 0.301663 
0.000000 0.000000 0.000000 -0.016956 0.006823 -0.072731 -0.107607 -0.405338 -0.124146 -0.076569 -0.360245 0.022313 -0.048496 -0.290683 0.110443 -0.024572 -0.221194 0.169825 -0.304143 -0.086193 0.009233 -0.420118 -0.236455 0.057005 -0.502888 -0.362552 0.093554 -0.275318 -0.548315 -0.070753 -0.393981 -0.540537 -0.002631 -0.492275 -0.521828 0.057215 -0.220415 -0.520090 0.123467 -0.338815 -0.418214 0.165028 -0.425657 -0.316020 0.190604 -0.184675 -0.387638 0.239938 -0.305747 -0.299182 0.262477 -0.377482 -0.186178 0.243709 -0.162948 -0.243909 0.274335 -0.274518 -0.215445 0.309454 -0.362659 -0.145217 0.287043 
0.000000 0.000000 0.000000 -0.017009 0.008405 -0.072553 -0.114855 -0.401159 -0.131034 -0.082699 -0.359219 0.016119 -0.053225 -0.291728 0.105395 -0.027968 -0.223727 0.165937 -0.294547 -0.097789 0.025128 -0.439463 -0.225084 0.058390 -0.543677 -0.338593 0.076885 -0.292524 -0.527706 -0.069070 -0.410290 -0.512734 -0.000593 -0.506505 -0.485710 0.059454 -0.236539 -0.508587 0.118573 -0.345730 -0.396624 0.159394 -0.410856 -0.277805 0.176126 -0.197117 -0.381092 0.231977 -0.307818 -0.280531 0.256949 -0.362762 -0.158434 0.238469 -0.171341 -0.237891 0.265083 -0.278619 -0.192569 0.295554 -0.346943 -0.104241 0.268478 
0.000000 0.000000 0.000000 -0.018216 0.010052 -0.072049 -0.122124 -0.397070 -0.136789 -0.086794 -0.358459 0.010547 -0.054881 -0.293117 0.100581 -0.027700 -0.226643 0.161978 -0.289886 -0.121238 0.010441 -0.459880 -0.203391 0.062057 -0.594260 -0.279783 0.048164 -0.309332 -0.499609 -0.060245 -0.423940 -0.477219 0.011489 -0.514363 -0.438670 0.074185 -0.248760 -0.494055 0.119429 -0.346308 -0.372798 0.163082 -0.392562 -0.245016 0.176187 -0.204490 -0.369626 0.228944 -0.301277 -0.255527 0.253535 -0.338371 -0.127231 0.232744 -0.172771 -0.220109 0.259436 -0.271051 -0.157157 0.288922 -0.319178 -0.056900 0.260017 
0.000000 0.000000 0.000000 -0.019559 0.010312 -0.071659 -0.124876 -0.396535 -0.135854 -0.086767 -0.358454 0.010926 -0.053137 -0.293442 0.100572 -0.024773 -0.227194 0.161680 -0.301696 -0.104916 -0.001179 -0.478239 -0.177019 0.042924 -0.621744 -0.230243 0.017228 -0.312793 -0.489955 -0.049946 -0.422953 -0.455700 0.024036 -0.506225 -0.403666 0.086896 -0.253335 -0.484296 0.124474 -0.341698 -0.355604 0.166367 -0.376946 -0.224027 0.175546 -0.207405 -0.357774 0.230096 -0.291946 -0.233623 0.250838 -0.315149 -0.102800 0.226039 -0.169508 -0.202032 0.256574 -0.259545 -0.126518 0.282695 -0.291867 -0.021458 0.249217 
0.000000 0.000000 0.000000 -0.017057 0.009292 -0.072434 -0.112433 -0.400018 -0.136509 -0.080533 -0.359897 0.011206 -0.051469 -0.293455 0.101398 -0.026625 -0.226135 0.162865 -0.302707 -0.101909 -0.010108 -0.481449 -0.171491 0.028891 -0.624496 -0.221919 -0.003992 -0.301968 -0.481488 -0.042385 -0.411408 -0.446389 0.032266 -0.483225 -0.377196 0.092664 -0.249533 -0.476454 0.130906 -0.333089 -0.343839 0.170355 -0.359191 -0.209859 0.173078 -0.207836 -0.345054 0.234065 -0.285242 -0.215787 0.251066 -0.299424 -0.084901 0.220475 -0.170399 -0.196343 0.257879 -0.254247 -0.112259 0.277646 -0.277684 -0.006531 0.239236 
0.000000 0.000000 0.000000 -0.018018 0.009111 -0.072224 -0.112153 -0.400753 -0.134569 -0.078590 -0.360278 0.012680 -0.048719 -0.293571 0.102413 -0.023436 -0.226048 0.163476 -0.302545 -0.104262 -0.008687 -0.480584 -0.175204 0.031070 -0.621905 -0.235733 0.009828 -0.298252 -0.481973 -0.033620 -0.402295 -0.436011 0.042830 -0.463151 -0.354325 0.099549 -0.249070 -0.471293 0.135508 -0.323728 -0.332670 0.172038 -0.339710 -0.197096 0.170096 -0.207655 -0.340584 0.233726 -0.280747 -0.208506 0.248005 -0.286665 -0.078031 0.213228 -0.167141 -0.189145 0.256067 -0.247182 -0.100741 0.272481 -0.263572 0.004942 0.230460 
0.000000 0.000000 0.000000 -0.019962 0.010496 -0.071521 -0.110731 -0.399024 -0.140745 -0.073911 -0.361431 0.006490 -0.042564 -0.296377 0.096930 -0.016543 -0.229923 0.158849 -0.302676 -0.106831 -0.007077 -0.479580 -0.180247 0.033249 -0.609958 -0.264332 0.037534 -0.291712 -0.476475 -0.028196 -0.390599 -0.423256 0.050362 -0.441914 -0.332426 0.102417 -0.248140 -0.463698 0.131630 -0.315611 -0.321759 0.169385 -0.321424 -0.185418 0.165319 -0.202005 -0.335679 0.230150 -0.270666 -0.201385 0.245689 -0.269110 -0.071438 0.208550 -0.156989 -0.182845 0.251828 -0.233646 -0.091720 0.269468 -0.244288 0.013688 0.224980 
0.000000 0.000000 0.000000 -0.021629 0.011970 -0.070801 -0.106310 -0.397252 -0.148927 -0.067137 -0.362805 -0.001529 -0.035117 -0.299540 0.089938 -0.009037 -0.234236 0.153046 -0.309639 -0.096862 -0.015553 -0.480291 -0.185276 0.021486 -0.585250 -0.294824 0.054191 -0.284181 -0.473570 -0.030785 -0.379486 -0.416109 0.049198 -0.420373 -0.317491 0.096058 -0.242502 -0.462134 0.124389 -0.301526 -0.315977 0.160152 -0.298183 -0.179690 0.152798 -0.196371 -0.333205 0.222518 -0.260449 -0.196571 0.237215 -0.252751 -0.067288 0.198555 -0.148379 -0.176444 0.241535 -0.227220 -0.088344 0.264202 -0.233584 0.016529 0.217682 
0.000000 0.000000 0.000000 -0.021464 0.013489 -0.070578 -0.097046 -0.395072 -0.160595 -0.059468 -0.363945 -0.012049 -0.029321 -0.302604 0.081346 -0.004991 -0.238558 0.146411 -0.319905 -0.074951 -0.039635 -0.472812 -0.188101 0.006492 -0.547064 -0.313332 0.060258 -0.273903 -0.470773 -0.040549 -0.366237 -0.409228 0.039879 -0.399263 -0.306024 0.082908 -0.235166 -0.459774 0.116097 -0.287074 -0.310926 0.151794 -0.276185 -0.175169 0.142268 -0.189735 -0.333477 0.215613 -0.245952 -0.193223 0.228237 -0.234234 -0.064251 0.189549 -0.141951 -0.182020 0.239317 -0.213767 -0.087035 0.256970 -0.216782 0.017702 0.209810 
0.000000 0.000000 0.000000 -0.021356 0.014741 -0.070360 -0.092709 -0.392570 -0.169067 -0.055929 -0.364168 -0.019778 -0.026685 -0.304489 0.074971 -0.003190 -0.241574 0.141431 -0.322284 -0.069299 -0.055330 -0.468426 -0.189358 -0.004937 -0.518757 -0.320426 0.061207 -0.265834 -0.473192 -0.046804 -0.352766 -0.404587 0.033931 -0.379495 -0.298355 0.073848 -0.233586 -0.457798 0.107288 -0.279920 -0.306844 0.141794 -0.261848 -0.172048 0.129844 -0.188944 -0.332101 0.207724 -0.240751 -0.190089 0.219539 -0.223531 -0.061971 0.180076 -0.139611 -0.180588 0.232295 -0.208818 -0.083560 0.249239 -0.206022 0.020630 0.200867 
0.000000 0.000000 0.000000 -0.021279 0.015526 -0.070214 -0.089953 -0.390889 -0.174368 -0.053693 -0.364208 -0.024634 -0.025030 -0.305591 0.070951 -0.002069 -0.243405 0.138279 -0.321682 -0.071388 -0.063111 -0.465482 -0.193891 -0.011868 -0.493760 -0.327033 0.062699 -0.259504 -0.477157 -0.050957 -0.341268 -0.402173 0.029505 -0.362653 -0.293702 0.066516 -0.230677 -0.455727 0.104885 -0.267813 -0.301471 0.135716 -0.244664 -0.167692 0.121341 -0.188808 -0.333061 0.201856 -0.233916 -0.188651 0.211951 -0.211816 -0.061088 0.173130 -0.136987 -0.180971 0.230396 -0.200634 -0.079804 0.244735 -0.192772 0.023860 0.195797 
0.000000 0.000000 0.000000 -0.021232 0.016269 -0.070060 -0.086370 -0.389291 -0.179675 -0.050694 -0.364275 -0.029514 -0.022739 -0.306682 0.066899 -0.000445 -0.245197 0.135090 -0.322011 -0.069611 -0.068298 -0.460835 -0.196877 -0.014983 -0.477617 -0.330435 0.062266 -0.254868 -0.476071 -0.055185 -0.334256 -0.398351 0.025060 -0.354081 -0.289360 0.061406 -0.228794 -0.453637 0.099982 -0.263199 -0.298493 0.129498 -0.238713 -0.164981 0.114858 -0.188029 -0.334560 0.195800 -0.230683 -0.189441 0.206385 -0.207422 -0.061432 0.169769 -0.135390 -0.184251 0.228158 -0.196106 -0.081102 0.241004 -0.186809 0.022929 0.193105 
0.000000 0.000000 0.000000 -0.020122 0.015650 -0.070527 -0.078885 -0.391192 -0.178987 -0.046230 -0.364961 -0.028347 -0.020663 -0.306536 0.068229 -0.000281 -0.244437 0.136461 -0.318607 -0.077733 -0.064852 -0.460274 -0.202805 -0.013873 -0.476075 -0.336469 0.063399 -0.248175 -0.475397 -0.053804 -0.330612 -0.401059 0.026570 -0.352180 -0.292305 0.062631 -0.224280 -0.455623 0.100312 -0.262374 -0.301418 0.130218 -0.239610 -0.167616 0.115444 -0.186356 -0.333761 0.196752 -0.231993 -0.189568 0.207534 -0.210669 -0.061273 0.170742 -0.136025 -0.182980 0.228019 -0.199784 -0.081897 0.242453 -0.191377 0.022027 0.194161 
0.000000 0.000000 0.000000 -0.020937 0.014113 -0.070614 -0.080863 -0.394991 -0.169510 -0.046478 -0.365490 -0.019863 -0.019809 -0.304977 0.075117 0.001346 -0.241409 0.141742 -0.318540 -0.081382 -0.057970 -0.458200 -0.207614 -0.004384 -0.486018 -0.341118 0.069709 -0.250481 -0.477971 -0.043955 -0.336313 -0.408175 0.036937 -0.359570 -0.299691 0.072763 -0.222373 -0.458025 0.110415 -0.263645 -0.304464 0.139402 -0.243525 -0.170382 0.123387 -0.183433 -0.333216 0.206050 -0.230793 -0.189402 0.214136 -0.213394 -0.061021 0.175620 -0.135648 -0.182934 0.233390 -0.202358 -0.083691 0.247245 -0.197339 0.019951 0.197885 
0.000000 0.000000 0.000000 -0.023179 0.012652 -0.070190 -0.099196 -0.397132 -0.154066 -0.058250 -0.364278 -0.006788 -0.026157 -0.301829 0.085214 -0.000561 -0.236999 0.149004 -0.311810 -0.101556 -0.031522 -0.461764 -0.219071 0.013365 -0.528721 -0.348694 0.066293 -0.265247 -0.489059 -0.029983 -0.350335 -0.417351 0.050018 -0.378313 -0.310664 0.087808 -0.228871 -0.468752 0.121461 -0.274234 -0.316767 0.152567 -0.259012 -0.181770 0.139032 -0.187100 -0.344430 0.215583 -0.240579 -0.202901 0.225606 -0.229278 -0.073187 0.189349 -0.141108 -0.191833 0.242773 -0.211890 -0.095363 0.255991 -0.213971 0.009596 0.209274 
0.000000 0.000000 0.000000 -0.024262 0.011351 -0.070046 -0.124371 -0.396426 -0.136634 -0.077938 -0.360547 0.008292 -0.040172 -0.296657 0.097094 -0.009488 -0.231057 0.157777 -0.296220 -0.129428 -0.006276 -0.466393 -0.217518 0.033627 -0.585666 -0.316784 0.036282 -0.291418 -0.498219 -0.021946 -0.378308 -0.426620 0.056193 -0.416495 -0.325901 0.100809 -0.245741 -0.478829 0.127983 -0.298701 -0.330509 0.164330 -0.291454 -0.194316 0.158153 -0.200990 -0.355202 0.221287 -0.266336 -0.219513 0.238870 -0.263971 -0.087494 0.210000 -0.153376 -0.204731 0.253640 -0.235099 -0.118108 0.271220 -0.252711 -0.012246 0.230156 
0.000000 0.000000 0.000000 -0.025820 0.009413 -0.069775 -0.142481 -0.396696 -0.116712 -0.090672 -0.356757 0.025301 -0.048105 -0.290790 0.110333 -0.013350 -0.223986 0.167401 -0.302828 -0.117050 0.001781 -0.476161 -0.196181 0.046555 -0.615213 -0.254617 0.009992 -0.303905 -0.510516 -0.005322 -0.392879 -0.440194 0.071621 -0.442956 -0.347287 0.121158 -0.246811 -0.494140 0.140284 -0.314098 -0.353595 0.183227 -0.319674 -0.217184 0.182658 -0.198957 -0.372512 0.233941 -0.279437 -0.246442 0.258848 -0.292781 -0.113902 0.235975 -0.156942 -0.213354 0.266671 -0.251360 -0.142474 0.290175 -0.292046 -0.041251 0.254095 
0.000000 0.000000 0.000000 -0.024440 0.008598 -0.070375 -0.154287 -0.394320 -0.109532 -0.103254 -0.352751 0.032293 -0.059714 -0.286236 0.116401 -0.023536 -0.219296 0.172414 -0.310525 -0.099735 -0.005066 -0.489539 -0.167523 0.035800 -0.631699 -0.203353 -0.015127 -0.313784 -0.521257 -0.010194 -0.408445 -0.459259 0.067121 -0.467915 -0.375151 0.121730 -0.242102 -0.510871 0.142719 -0.329717 -0.383899 0.190951 -0.354460 -0.249703 0.195269 -0.204891 -0.387681 0.231927 -0.301687 -0.276097 0.266139 -0.333368 -0.145195 0.254790 -0.165457 -0.229344 0.274118 -0.265424 -0.165687 0.295231 -0.322809 -0.070659 0.265571 