130
0.000000 0.000000 0.000000 -0.015895 -0.028641 -0.067460 0.072848 -0.425644 0.069356 0.074659 -0.323487 0.160995 0.068932 -0.230118 0.203324 0.061616 -0.138400 0.235415 -0.071918 -0.273126 0.119449 -0.106973 -0.426108 0.236404 -0.135113 -0.547782 0.328549 0.045873 -0.617717 0.186832 0.029570 -0.733801 0.257831 -0.025108 -0.806607 0.330651 0.004476 -0.476753 0.328501 -0.143110 -0.412981 0.345124 -0.201091 -0.307085 0.281378 -0.048038 -0.313171 0.358674 -0.121751 -0.217008 0.267515 -0.176990 -0.129954 0.180118 -0.002972 -0.234235 0.366679 -0.112481 -0.198792 0.331424 -0.132812 -0.128948 0.242477 
0.000000 0.000000 0.000000 -0.013929 -0.028756 -0.067845 0.079409 -0.424379 0.069905 0.077362 -0.322452 0.161794 0.068982 -0.229321 0.204205 0.059260 -0.137844 0.236344 -0.068234 -0.274412 0.118031 -0.102215 -0.428128 0.234341 -0.127750 -0.549711 0.327359 0.047025 -0.617295 0.184600 0.027452 -0.733887 0.253919 -0.031912 -0.804649 0.325066 0.007989 -0.478122 0.327410 -0.141477 -0.418444 0.342339 -0.199586 -0.313398 0.277315 -0.049425 -0.315781 0.356580 -0.124221 -0.220995 0.264863 -0.178555 -0.134637 0.176217 -0.006071 -0.235040 0.366232 -0.116278 -0.202189 0.330645 -0.135572 -0.132343 0.241469 
0.000000 0.000000 0.000000 -0.009106 -0.028457 -0.068783 0.092025 -0.421816 0.069947 0.081031 -0.321149 0.162587 0.066739 -0.228923 0.205394 0.051727 -0.138278 0.237854 -0.062472 -0.275458 0.115577 -0.095864 -0.430016 0.230938 -0.118135 -0.551680 0.324686 0.053548 -0.615467 0.181479 0.030294 -0.732503 0.248885 -0.031746 -0.802789 0.318197 0.011267 -0.478579 0.326365 -0.140411 -0.423953 0.337958 -0.198907 -0.320433 0.270868 -0.052654 -0.318221 0.355343 -0.125554 -0.224561 0.260982 -0.179063 -0.139202 0.170878 -0.010997 -0.237497 0.367498 -0.119950 -0.204542 0.328326 -0.138869 -0.134752 0.239025 
0.000000 0.000000 0.000000 -0.003923 -0.028058 -0.069435 0.107345 -0.417950 0.071309 0.086553 -0.318949 0.164065 0.065648 -0.227963 0.206807 0.044677 -0.138473 0.239166 -0.056780 -0.276296 0.113404 -0.089854 -0.431627 0.227813 -0.109098 -0.553294 0.322225 0.065469 -0.612367 0.180253 0.040160 -0.729866 0.246096 -0.024333 -0.800056 0.313232 0.014341 -0.475495 0.327629 -0.139298 -0.426231 0.337245 -0.198964 -0.324753 0.268097 -0.052393 -0.321523 0.355221 -0.130213 -0.231282 0.261459 -0.185244 -0.147877 0.170447 -0.015734 -0.240053 0.368078 -0.125398 -0.210376 0.328274 -0.147332 -0.141084 0.239276 
0.000000 0.000000 0.000000 -0.000110 -0.027386 -0.069813 0.120647 -0.414306 0.071311 0.092409 -0.317254 0.164158 0.066326 -0.227638 0.206949 0.040642 -0.139399 0.239347 -0.050212 -0.278489 0.109862 -0.081563 -0.435613 0.222291 -0.097000 -0.557777 0.316761 0.071055 -0.609762 0.175030 0.041084 -0.727891 0.237715 -0.026987 -0.797463 0.301897 0.020515 -0.476910 0.324830 -0.134765 -0.432314 0.329693 -0.196046 -0.332572 0.259440 -0.054256 -0.324916 0.350861 -0.135842 -0.238359 0.256827 -0.192648 -0.157093 0.164974 -0.023153 -0.242939 0.365030 -0.133430 -0.217579 0.323954 -0.157887 -0.148905 0.235135 
0.000000 0.000000 0.000000 0.004519 -0.026169 -0.070133 0.136136 -0.409535 0.070978 0.098997 -0.315467 0.163761 0.066760 -0.227874 0.206549 0.035486 -0.141462 0.238957 -0.042085 -0.279201 0.107769 -0.071246 -0.437532 0.219089 -0.081965 -0.559516 0.314439 0.080589 -0.605271 0.171089 0.047017 -0.723568 0.231594 -0.023176 -0.793340 0.293221 0.028617 -0.478012 0.322191 -0.128648 -0.441063 0.327412 -0.191572 -0.342708 0.256658 -0.052763 -0.328302 0.349175 -0.136123 -0.243938 0.254705 -0.193541 -0.163930 0.162131 -0.025452 -0.247622 0.363869 -0.135867 -0.224529 0.321839 -0.161488 -0.155919 0.233300 
0.000000 0.000000 0.000000 0.009898 -0.024109 -0.070318 0.154385 -0.403247 0.069621 0.106937 -0.313692 0.162171 0.067547 -0.229075 0.204959 0.029765 -0.145323 0.237416 -0.031701 -0.279762 0.105060 -0.057731 -0.439732 0.214800 -0.063067 -0.561336 0.311086 0.087805 -0.597885 0.165033 0.047566 -0.715519 0.222698 -0.024954 -0.785809 0.280950 0.036309 -0.477607 0.319071 -0.122161 -0.445945 0.322112 -0.187152 -0.349573 0.250502 -0.049061 -0.334822 0.346146 -0.137425 -0.255249 0.252068 -0.197829 -0.178032 0.159026 -0.026302 -0.254469 0.362035 -0.137215 -0.235254 0.319370 -0.166377 -0.167615 0.231179 
0.000000 0.000000 0.000000 0.012013 -0.022057 -0.070662 0.166413 -0.399523 0.063073 0.114280 -0.313848 0.156769 0.071295 -0.231636 0.200768 0.030140 -0.149984 0.234451 -0.022591 -0.282998 0.098331 -0.044243 -0.446278 0.204076 -0.043606 -0.568678 0.299495 0.087978 -0.590402 0.157058 0.040574 -0.705764 0.213861 -0.032799 -0.777881 0.268712 0.049279 -0.483473 0.309991 -0.109972 -0.455893 0.311796 -0.177538 -0.360164 0.241724 -0.045233 -0.342030 0.338420 -0.137248 -0.266269 0.244695 -0.201015 -0.191409 0.151971 -0.026887 -0.262274 0.355799 -0.137820 -0.246666 0.311736 -0.171911 -0.180220 0.224410 
0.000000 0.000000 0.000000 0.013401 -0.018609 -0.071401 0.175349 -0.397841 0.047598 0.120010 -0.317675 0.144283 0.074502 -0.238544 0.191291 0.030960 -0.159472 0.227994 -0.017524 -0.284815 0.089919 -0.036875 -0.451390 0.190862 -0.033009 -0.576301 0.282890 0.083558 -0.583598 0.139733 0.028082 -0.695865 0.195416 -0.048069 -0.766706 0.248101 0.057605 -0.492036 0.293207 -0.102059 -0.467790 0.299846 -0.171565 -0.370610 0.233784 -0.038271 -0.352892 0.328843 -0.135581 -0.276706 0.240994 -0.202363 -0.200057 0.151926 -0.022181 -0.275053 0.348007 -0.134357 -0.259233 0.307296 -0.172892 -0.191527 0.222833 
0.000000 0.000000 0.000000 0.011447 -0.015655 -0.072442 0.170247 -0.402029 0.026066 0.118416 -0.325384 0.127438 0.075240 -0.247740 0.178913 0.033790 -0.169732 0.220047 -0.021360 -0.287997 0.077890 -0.036939 -0.457133 0.175160 -0.031803 -0.585231 0.262633 0.064610 -0.580257 0.118238 0.000766 -0.687973 0.173944 -0.079404 -0.753721 0.227265 0.058152 -0.504993 0.270907 -0.100806 -0.479068 0.284509 -0.170819 -0.378046 0.225078 -0.036570 -0.365822 0.314076 -0.140478 -0.287798 0.235934 -0.210253 -0.207196 0.152849 -0.020931 -0.288980 0.335682 -0.135604 -0.273389 0.302542 -0.178266 -0.202566 0.222747 
0.000000 0.000000 0.000000 0.007360 -0.012757 -0.073532 0.155415 -0.408823 0.000066 0.111516 -0.335003 0.107120 0.073918 -0.258236 0.164002 0.037563 -0.180698 0.210495 -0.033808 -0.292866 0.059473 -0.047312 -0.465509 0.150706 -0.041243 -0.596990 0.232941 0.041469 -0.582500 0.091022 -0.027397 -0.687465 0.145994 -0.110092 -0.749716 0.199654 0.050248 -0.521329 0.241295 -0.107333 -0.494341 0.265057 -0.176699 -0.387751 0.215396 -0.035214 -0.380878 0.297280 -0.144080 -0.299664 0.229877 -0.216866 -0.214420 0.154353 -0.019694 -0.304470 0.319987 -0.136505 -0.289166 0.295246 -0.183510 -0.214404 0.221732 
0.000000 0.000000 0.000000 0.003619 -0.008962 -0.074367 0.140792 -0.413083 -0.028815 0.104335 -0.343815 0.083923 0.072034 -0.269076 0.146478 0.040538 -0.193042 0.198652 -0.044040 -0.294495 0.044147 -0.059601 -0.471140 0.127007 -0.050242 -0.605308 0.204455 0.021231 -0.581687 0.064449 -0.051028 -0.683587 0.120815 -0.136470 -0.738551 0.178014 0.040591 -0.535268 0.209449 -0.113407 -0.506385 0.249135 -0.182613 -0.394150 0.213735 -0.037558 -0.394168 0.277073 -0.151684 -0.309215 0.224640 -0.228086 -0.218461 0.159876 -0.020168 -0.319532 0.303062 -0.138305 -0.301432 0.288667 -0.190843 -0.222431 0.223846 
0.000000 0.000000 0.000000 -0.003468 -0.005583 -0.074704 0.112808 -0.418426 -0.059026 0.090594 -0.352707 0.059398 0.068431 -0.279363 0.127749 0.046234 -0.204276 0.185755 -0.073614 -0.295041 0.020898 -0.075128 -0.471778 0.105001 -0.065515 -0.608936 0.176987 -0.009241 -0.583275 0.037664 -0.083004 -0.682905 0.096101 -0.172190 -0.722636 0.159822 0.019539 -0.547505 0.175498 -0.127665 -0.516626 0.234678 -0.196312 -0.399602 0.219439 -0.042656 -0.403418 0.258070 -0.158445 -0.312826 0.220965 -0.237952 -0.216751 0.168849 -0.017561 -0.333063 0.285405 -0.135592 -0.309640 0.282044 -0.195042 -0.226660 0.229289 
0.000000 0.000000 0.000000 -0.011381 -0.002448 -0.074084 0.073994 -0.422964 -0.083166 0.068891 -0.360388 0.038880 0.059385 -0.288299 0.111372 0.048938 -0.214072 0.173635 -0.092805 -0.291747 0.012648 -0.107231 -0.472764 0.085696 -0.100512 -0.613138 0.151549 -0.052450 -0.584109 0.014120 -0.128869 -0.681500 0.072917 -0.217756 -0.708427 0.143395 -0.011086 -0.555727 0.148064 -0.150434 -0.520139 0.221822 -0.215622 -0.400208 0.224326 -0.054912 -0.410625 0.240547 -0.172948 -0.317716 0.219906 -0.253483 -0.216947 0.179560 -0.024975 -0.341698 0.267628 -0.142542 -0.317040 0.275469 -0.207048 -0.231121 0.234725 
0.000000 0.000000 0.000000 -0.020855 0.000971 -0.072028 0.026305 -0.424599 -0.101559 0.042110 -0.365926 0.021505 0.048094 -0.295759 0.096227 0.052034 -0.223046 0.160978 -0.120516 -0.285126 0.005837 -0.139031 -0.467725 0.073849 -0.136758 -0.610796 0.133954 -0.103403 -0.580449 -0.000037 -0.181795 -0.674641 0.061320 -0.266338 -0.690003 0.140121 -0.047148 -0.560057 0.125526 -0.175869 -0.519890 0.214643 -0.232224 -0.396995 0.233627 -0.068566 -0.414234 0.226870 -0.185241 -0.317495 0.222469 -0.263821 -0.211336 0.193773 -0.030832 -0.346946 0.252456 -0.146283 -0.318073 0.270588 -0.212519 -0.228787 0.241536 
0.000000 0.000000 0.000000 -0.029952 0.003695 -0.068652 -0.014139 -0.423286 -0.109177 0.021246 -0.368178 0.011439 0.041349 -0.300027 0.085558 0.058292 -0.229009 0.150093 -0.150885 -0.276124 0.001506 -0.158604 -0.459265 0.070145 -0.159742 -0.604063 0.125993 -0.145473 -0.575319 -0.004023 -0.224847 -0.667204 0.059529 -0.302648 -0.670289 0.146309 -0.071059 -0.562557 0.112289 -0.188440 -0.510679 0.210549 -0.221930 -0.379337 0.226897 -0.075542 -0.415913 0.218302 -0.187508 -0.313809 0.223689 -0.259551 -0.201788 0.200687 -0.033244 -0.346460 0.241814 -0.146862 -0.318620 0.270226 -0.209433 -0.225001 0.247350 
0.000000 0.000000 0.000000 -0.033083 0.005302 -0.067092 -0.032148 -0.421514 -0.112173 0.010628 -0.368747 0.007087 0.036311 -0.302002 0.080762 0.058467 -0.232198 0.145041 -0.161533 -0.271207 0.002832 -0.171330 -0.454725 0.070185 -0.171827 -0.599759 0.125426 -0.165204 -0.568888 -0.002642 -0.245619 -0.657958 0.063556 -0.318781 -0.655696 0.154304 -0.083718 -0.562112 0.107998 -0.194358 -0.502158 0.209431 -0.211124 -0.366898 0.217362 -0.081408 -0.413662 0.216364 -0.184840 -0.302861 0.220345 -0.246692 -0.185487 0.194546 -0.034568 -0.346899 0.238712 -0.145991 -0.312109 0.268137 -0.200186 -0.213864 0.243357 
0.000000 0.000000 0.000000 -0.038417 0.007801 -0.063931 -0.057887 -0.417825 -0.115594 -0.003142 -0.368954 0.000388 0.031265 -0.304619 0.072635 0.061483 -0.236918 0.135871 -0.177097 -0.263884 0.005358 -0.187180 -0.447778 0.071635 -0.184964 -0.593003 0.126330 -0.188478 -0.563619 -0.001094 -0.267403 -0.651733 0.068106 -0.334690 -0.647038 0.163204 -0.099518 -0.559734 0.104260 -0.200231 -0.491096 0.210422 -0.203352 -0.354622 0.212516 -0.082222 -0.415488 0.212429 -0.173225 -0.294258 0.215951 -0.225273 -0.172109 0.190677 -0.029625 -0.350648 0.232572 -0.137145 -0.307560 0.265347 -0.178869 -0.203991 0.238222 
0.000000 0.000000 0.000000 -0.040659 0.009318 -0.062321 -0.077757 -0.415215 -0.113317 -0.016618 -0.368593 0.000373 0.023012 -0.305693 0.071193 0.058218 -0.239259 0.133180 -0.183404 -0.258147 0.014701 -0.206049 -0.441307 0.079900 -0.203367 -0.586386 0.134961 -0.209426 -0.554434 0.007934 -0.289002 -0.638574 0.081215 -0.349692 -0.626403 0.180016 -0.116246 -0.554179 0.110403 -0.208993 -0.475427 0.216801 -0.198705 -0.339623 0.207278 -0.088910 -0.411993 0.215718 -0.160962 -0.278681 0.210477 -0.204293 -0.153169 0.185235 -0.026895 -0.354195 0.233837 -0.127453 -0.295070 0.263564 -0.151231 -0.188371 0.228164 
0.000000 0.000000 0.000000 -0.043190 0.009846 -0.060511 -0.094808 -0.413932 -0.104699 -0.027198 -0.367923 0.005524 0.017435 -0.305465 0.073710 0.057348 -0.239440 0.133233 -0.196179 -0.249609 0.023892 -0.214123 -0.431775 0.093208 -0.210125 -0.576089 0.150168 -0.225318 -0.547487 0.023949 -0.304196 -0.628203 0.101701 -0.359896 -0.610156 0.202522 -0.126352 -0.549226 0.122878 -0.213167 -0.459145 0.225217 -0.195553 -0.325401 0.204203 -0.093698 -0.406893 0.222288 -0.147538 -0.266297 0.204266 -0.181649 -0.138906 0.174671 -0.028496 -0.349566 0.238539 -0.123170 -0.279387 0.263095 -0.128977 -0.174500 0.216533 
0.000000 0.000000 0.000000 -0.044705 0.010950 -0.059207 -0.110133 -0.411237 -0.100226 -0.037867 -0.366938 0.007720 0.010648 -0.305638 0.074285 0.054288 -0.240655 0.132322 -0.202901 -0.242658 0.033007 -0.224021 -0.424426 0.102470 -0.219578 -0.569080 0.158527 -0.239336 -0.539858 0.034618 -0.317423 -0.617594 0.116115 -0.367746 -0.594247 0.218661 -0.135454 -0.545640 0.130263 -0.214875 -0.448582 0.232227 -0.191843 -0.316979 0.204129 -0.098019 -0.405065 0.226007 -0.140394 -0.261082 0.204461 -0.166175 -0.132163 0.173106 -0.027618 -0.351682 0.239796 -0.117564 -0.275428 0.264012 -0.112452 -0.173037 0.212118 
0.000000 0.000000 0.000000 -0.046522 0.012174 -0.057545 -0.127182 -0.407801 -0.093879 -0.049496 -0.365466 0.011048 0.003465 -0.305524 0.075426 0.051355 -0.241777 0.131445 -0.207392 -0.237343 0.040985 -0.238656 -0.417557 0.110675 -0.234547 -0.562430 0.166190 -0.257335 -0.531367 0.044727 -0.335996 -0.606047 0.128497 -0.382183 -0.576637 0.231429 -0.149832 -0.540399 0.136768 -0.224537 -0.437671 0.236722 -0.195272 -0.308872 0.202173 -0.106138 -0.401608 0.228622 -0.138910 -0.255664 0.203783 -0.157846 -0.125901 0.171054 -0.032294 -0.349682 0.240741 -0.118143 -0.268695 0.264453 -0.104696 -0.169015 0.208898 
0.000000 0.000000 0.000000 -0.047014 0.012433 -0.057087 -0.140377 -0.405612 -0.084044 -0.059915 -0.363580 0.018893 -0.004268 -0.304001 0.081312 0.046296 -0.240628 0.135373 -0.215709 -0.228648 0.049064 -0.247000 -0.407402 0.122407 -0.245272 -0.551512 0.179993 -0.273128 -0.519897 0.059956 -0.353360 -0.588967 0.146987 -0.395722 -0.552604 0.249340 -0.163520 -0.531229 0.151688 -0.234900 -0.422843 0.248030 -0.201041 -0.297384 0.206162 -0.113872 -0.392843 0.238816 -0.139468 -0.246413 0.208916 -0.153347 -0.116930 0.172727 -0.039204 -0.342547 0.248901 -0.120340 -0.256388 0.270917 -0.101609 -0.159954 0.211311 
0.000000 0.000000 0.000000 -0.047461 0.012152 -0.056777 -0.150855 -0.404110 -0.072307 -0.068089 -0.361506 0.028547 -0.010254 -0.301760 0.088780 0.042476 -0.238306 0.140631 -0.216966 -0.223981 0.058791 -0.255288 -0.399639 0.136164 -0.256562 -0.542726 0.196257 -0.284635 -0.512488 0.075264 -0.365488 -0.577990 0.164451 -0.405327 -0.536752 0.265967 -0.173031 -0.524201 0.166357 -0.242132 -0.411613 0.259489 -0.205171 -0.289197 0.211660 -0.121222 -0.387467 0.247065 -0.143824 -0.241134 0.214405 -0.154404 -0.112225 0.175181 -0.044837 -0.336286 0.256228 -0.125953 -0.249942 0.277587 -0.104309 -0.155956 0.215126 
0.000000 0.000000 0.000000 -0.047523 0.011981 -0.056762 -0.158830 -0.402464 -0.063924 -0.074743 -0.359550 0.035700 -0.015476 -0.299791 0.094509 0.038715 -0.236386 0.144893 -0.221491 -0.217830 0.064763 -0.258633 -0.392407 0.145102 -0.261388 -0.534660 0.207097 -0.293095 -0.504033 0.087986 -0.374241 -0.565419 0.179796 -0.411715 -0.519817 0.280341 -0.181404 -0.516913 0.178300 -0.247731 -0.400615 0.268855 -0.208331 -0.280745 0.216719 -0.127415 -0.378387 0.255773 -0.148296 -0.232283 0.221012 -0.156279 -0.104201 0.178593 -0.048544 -0.330158 0.263969 -0.125941 -0.240031 0.283415 -0.103789 -0.147489 0.219007 
0.000000 0.000000 0.000000 -0.048520 0.011926 -0.055924 -0.168717 -0.400077 -0.052567 -0.081525 -0.357108 0.044326 -0.019700 -0.297539 0.100642 0.036940 -0.234375 0.148576 -0.226818 -0.211368 0.071339 -0.267088 -0.383541 0.155279 -0.271204 -0.524614 0.219841 -0.304552 -0.510491 0.091577 -0.384805 -0.554005 0.193793 -0.420306 -0.504340 0.293121 -0.190762 -0.508139 0.191741 -0.255643 -0.388915 0.279494 -0.214028 -0.271611 0.223393 -0.133459 -0.373613 0.261841 -0.155724 -0.227733 0.226996 -0.161152 -0.100836 0.180783 -0.054851 -0.321538 0.269255 -0.134987 -0.233988 0.289368 -0.113179 -0.142254 0.223700 
0.000000 0.000000 0.000000 -0.048912 0.011701 -0.055629 -0.176469 -0.397895 -0.042762 -0.087453 -0.354616 0.052316 -0.023945 -0.295082 0.106768 0.034349 -0.232026 0.152824 -0.232651 -0.206555 0.072630 -0.273342 -0.377335 0.159173 -0.278763 -0.517165 0.226292 -0.314511 -0.512796 0.095666 -0.394540 -0.545219 0.202090 -0.430289 -0.493528 0.300290 -0.198380 -0.504347 0.199796 -0.263262 -0.382600 0.284014 -0.220427 -0.266428 0.226494 -0.141121 -0.362533 0.269353 -0.163955 -0.217254 0.232430 -0.166768 -0.092113 0.181442 -0.061817 -0.312200 0.274933 -0.142233 -0.224553 0.293444 -0.121005 -0.133395 0.226791 
0.000000 0.000000 0.000000 -0.049576 0.011737 -0.055030 -0.183878 -0.395365 -0.034143 -0.092650 -0.352257 0.058895 -0.027287 -0.293046 0.111471 0.032792 -0.230346 0.155681 -0.237702 -0.203919 0.071252 -0.279166 -0.373403 0.159949 -0.288338 -0.511660 0.229861 -0.323288 -0.516166 0.097736 -0.403963 -0.540839 0.205740 -0.441238 -0.486321 0.301820 -0.206064 -0.499494 0.206992 -0.274925 -0.377108 0.287020 -0.232435 -0.261210 0.228698 -0.149065 -0.357125 0.272026 -0.174713 -0.212414 0.234719 -0.175719 -0.088739 0.180209 -0.069120 -0.303168 0.277735 -0.152076 -0.217917 0.296230 -0.131763 -0.126898 0.229103 
0.000000 0.000000 0.000000 -0.049501 0.011594 -0.055128 -0.186685 -0.394341 -0.030567 -0.095136 -0.351047 0.062069 -0.029345 -0.291831 0.114103 0.031185 -0.229164 0.157741 -0.240879 -0.202450 0.068993 -0.282664 -0.370910 0.159473 -0.296341 -0.507659 0.231581 -0.327493 -0.515826 0.099180 -0.410401 -0.539054 0.205805 -0.448787 -0.480114 0.298787 -0.212322 -0.496103 0.209380 -0.284887 -0.374511 0.287318 -0.244301 -0.256458 0.232039 -0.153678 -0.354685 0.273177 -0.186395 -0.210754 0.238473 -0.190144 -0.087344 0.183483 -0.077176 -0.295822 0.277745 -0.165787 -0.217137 0.298911 -0.150027 -0.124124 0.233312 
0.000000 0.000000 0.000000 -0.047985 0.011445 -0.056483 -0.186666 -0.394088 -0.033773 -0.097529 -0.350563 0.061081 -0.033022 -0.291248 0.114588 0.026458 -0.228508 0.159546 -0.242611 -0.201758 0.063981 -0.280836 -0.371094 0.154398 -0.301608 -0.506954 0.226493 -0.328855 -0.516815 0.093272 -0.412794 -0.539691 0.199164 -0.447738 -0.474890 0.289568 -0.218364 -0.496506 0.204518 -0.289994 -0.378121 0.288058 -0.252039 -0.255165 0.242445 -0.155959 -0.355552 0.274166 -0.196375 -0.211649 0.248686 -0.205013 -0.086403 0.198617 -0.081704 -0.296236 0.279129 -0.170685 -0.219714 0.305927 -0.163332 -0.121323 0.247034 
0.000000 0.000000 0.000000 -0.049356 0.013143 -0.054911 -0.192111 -0.391201 -0.036678 -0.099943 -0.350639 0.056578 -0.033325 -0.293164 0.109502 0.028078 -0.232032 0.154090 -0.245472 -0.202833 0.057957 -0.286695 -0.372339 0.146724 -0.309871 -0.508278 0.217930 -0.334690 -0.518934 0.084878 -0.420421 -0.546999 0.188051 -0.453885 -0.479296 0.276874 -0.223872 -0.498684 0.195138 -0.297152 -0.385099 0.283756 -0.265032 -0.256552 0.250842 -0.157253 -0.360805 0.266920 -0.214318 -0.220373 0.263284 -0.229045 -0.092602 0.221741 -0.086252 -0.293032 0.271537 -0.180437 -0.231085 0.313762 -0.187707 -0.125849 0.268201 
0.000000 0.000000 0.000000 -0.051300 0.015133 -0.052567 -0.203435 -0.385732 -0.033398 -0.106368 -0.348785 0.056324 -0.036108 -0.293732 0.107069 0.028682 -0.234780 0.149756 -0.257723 -0.199779 0.042557 -0.301499 -0.367165 0.134081 -0.319369 -0.501337 0.210011 -0.347043 -0.524288 0.074301 -0.434768 -0.547542 0.176992 -0.469500 -0.478791 0.264515 -0.236629 -0.494938 0.191030 -0.319006 -0.394942 0.287670 -0.303440 -0.259610 0.278586 -0.165329 -0.365804 0.258136 -0.246967 -0.242821 0.292796 -0.267847 -0.112034 0.265836 -0.095105 -0.286345 0.262024 -0.194150 -0.248153 0.318795 -0.223788 -0.139633 0.295386 
0.000000 0.000000 0.000000 -0.051695 0.017096 -0.051568 -0.216169 -0.378853 -0.032118 -0.116434 -0.345590 0.056107 -0.043586 -0.293127 0.105939 0.023780 -0.236540 0.147833 -0.274994 -0.191015 0.016795 -0.330112 -0.352452 0.112770 -0.325939 -0.477714 0.204307 -0.363507 -0.517216 0.070679 -0.455901 -0.573529 0.154788 -0.495089 -0.511871 0.245648 -0.245106 -0.502713 0.179517 -0.346866 -0.442918 0.289944 -0.357049 -0.308252 0.309963 -0.180496 -0.366948 0.249186 -0.290964 -0.295146 0.324233 -0.337528 -0.168274 0.326059 -0.115291 -0.249230 0.253116 -0.211017 -0.257966 0.325584 -0.254558 -0.151930 0.317609 
0.000000 0.000000 0.000000 -0.050374 0.018435 -0.052407 -0.226583 -0.372506 -0.034489 -0.127294 -0.341889 0.055184 -0.053727 -0.291415 0.106004 0.014604 -0.236683 0.148792 -0.285230 -0.185267 -0.017846 -0.373777 -0.340267 0.062439 -0.359412 -0.453074 0.168057 -0.372681 -0.517558 0.060565 -0.460979 -0.605224 0.118013 -0.517158 -0.561015 0.210115 -0.263741 -0.495977 0.173985 -0.379721 -0.529434 0.281473 -0.429660 -0.414835 0.336359 -0.211153 -0.337474 0.239455 -0.324038 -0.370501 0.335147 -0.400622 -0.262792 0.363462 -0.125188 -0.258841 0.251523 -0.221409 -0.274092 0.322235 -0.279398 -0.175405 0.332302 
0.000000 0.000000 0.000000 -0.048473 0.019368 -0.053844 -0.233971 -0.367402 -0.039541 -0.136528 -0.338696 0.052751 -0.063263 -0.289706 0.105426 0.005087 -0.236371 0.149913 -0.296742 -0.170917 -0.054280 -0.409152 -0.318128 0.008998 -0.429657 -0.432663 0.111702 -0.367464 -0.538522 0.026168 -0.448144 -0.641942 0.065881 -0.531986 -0.636953 0.146744 -0.278317 -0.493834 0.163667 -0.374754 -0.599349 0.239106 -0.468961 -0.549456 0.324400 -0.214470 -0.378478 0.223620 -0.322894 -0.442133 0.308373 -0.430572 -0.380941 0.362493 -0.132782 -0.278608 0.248880 -0.227680 -0.307680 0.317001 -0.303440 -0.226729 0.347173 
0.000000 0.000000 0.000000 -0.044890 0.021266 -0.056183 -0.243358 -0.359277 -0.054656 -0.150073 -0.334331 0.042877 -0.078156 -0.288085 0.099724 -0.010567 -0.237288 0.148169 -0.297375 -0.160897 -0.086411 -0.426828 -0.302705 -0.048415 -0.482321 -0.422537 0.033119 -0.353019 -0.556095 -0.029022 -0.419295 -0.675047 -0.013530 -0.508243 -0.721734 0.045646 -0.278784 -0.515645 0.126739 -0.366326 -0.638964 0.183777 -0.471040 -0.657280 0.269445 -0.222798 -0.405152 0.200161 -0.326516 -0.489095 0.272181 -0.447340 -0.472818 0.330532 -0.140305 -0.312228 0.238381 -0.229607 -0.363811 0.300476 -0.324660 -0.319152 0.347096 
0.000000 0.000000 0.000000 -0.040888 0.021512 -0.059070 -0.235396 -0.360699 -0.075994 -0.149674 -0.336055 0.028320 -0.082506 -0.289839 0.090731 -0.019089 -0.239015 0.144494 -0.293721 -0.157967 -0.100407 -0.430227 -0.296712 -0.079738 -0.517480 -0.416755 -0.034311 -0.320314 -0.570620 -0.087920 -0.371637 -0.697491 -0.095127 -0.447649 -0.782082 -0.069446 -0.273691 -0.526644 0.097387 -0.358039 -0.656271 0.144362 -0.461185 -0.703326 0.220428 -0.226448 -0.417416 0.178587 -0.329663 -0.508896 0.241585 -0.454480 -0.511906 0.293352 -0.145896 -0.329935 0.223488 -0.233179 -0.392517 0.277861 -0.335184 -0.369276 0.325378 
0.000000 0.000000 0.000000 -0.035150 0.022126 -0.062440 -0.225300 -0.360532 -0.102699 -0.150074 -0.336930 0.009645 -0.089413 -0.291283 0.078775 -0.031678 -0.240930 0.138997 -0.289891 -0.152273 -0.112819 -0.435921 -0.282604 -0.113245 -0.546357 -0.391265 -0.104102 -0.298278 -0.572500 -0.136815 -0.342384 -0.700607 -0.157435 -0.408405 -0.796589 -0.152764 -0.272008 -0.533725 0.063298 -0.354940 -0.667573 0.099789 -0.456742 -0.731161 0.164843 -0.232524 -0.425257 0.158046 -0.335144 -0.521325 0.214889 -0.462105 -0.535382 0.259061 -0.160876 -0.336899 0.207438 -0.249805 -0.402957 0.254547 -0.355374 -0.390652 0.298216 
0.000000 0.000000 0.000000 -0.030458 0.022294 -0.064801 -0.217047 -0.360255 -0.119987 -0.150310 -0.336955 -0.002343 -0.094916 -0.291494 0.071191 -0.041786 -0.241303 0.135638 -0.286353 -0.148429 -0.121527 -0.438994 -0.270203 -0.135052 -0.560909 -0.365367 -0.147992 -0.291410 -0.570945 -0.158720 -0.336352 -0.698280 -0.182129 -0.400766 -0.795447 -0.183784 -0.276780 -0.533452 0.040885 -0.362797 -0.667098 0.070286 -0.464784 -0.737823 0.127173 -0.234751 -0.432360 0.144108 -0.335021 -0.533369 0.196394 -0.462524 -0.556238 0.234969 -0.169257 -0.344455 0.196442 -0.256998 -0.415457 0.238294 -0.364680 -0.413001 0.278314 
0.000000 0.000000 0.000000 -0.024893 0.021957 -0.067247 -0.200363 -0.363119 -0.138887 -0.144685 -0.339050 -0.015770 -0.096700 -0.292918 0.062407 -0.050230 -0.242074 0.131333 -0.276308 -0.142278 -0.154789 -0.428062 -0.265734 -0.161152 -0.552030 -0.355043 -0.188403 -0.272474 -0.574057 -0.180422 -0.316057 -0.701543 -0.205525 -0.379542 -0.799173 -0.211088 -0.272029 -0.537386 0.014574 -0.358641 -0.672282 0.035213 -0.461336 -0.749424 0.081497 -0.234947 -0.441518 0.121733 -0.334078 -0.548073 0.164273 -0.460306 -0.587016 0.192873 -0.174882 -0.353272 0.183131 -0.260683 -0.429812 0.218784 -0.369156 -0.441454 0.254857 
0.000000 0.000000 0.000000 -0.017219 0.019334 -0.070382 -0.173924 -0.372218 -0.149982 -0.133863 -0.343126 -0.021975 -0.096604 -0.293488 0.059820 -0.059858 -0.239451 0.132104 -0.245714 -0.164974 -0.178396 -0.413300 -0.266094 -0.179378 -0.535610 -0.354907 -0.214583 -0.247262 -0.583121 -0.189498 -0.291585 -0.710585 -0.213380 -0.356531 -0.807168 -0.220230 -0.256835 -0.545263 0.000225 -0.340473 -0.682744 0.015324 -0.443133 -0.764598 0.052745 -0.227377 -0.453026 0.106294 -0.321150 -0.567425 0.139618 -0.441886 -0.625862 0.156233 -0.179643 -0.358020 0.178785 -0.262092 -0.439635 0.210917 -0.368835 -0.467993 0.242617 
0.000000 0.000000 0.000000 -0.005779 0.012895 -0.073649 -0.133964 -0.390595 -0.144152 -0.116946 -0.349653 -0.014263 -0.095602 -0.292032 0.067997 -0.073309 -0.230804 0.140450 -0.248034 -0.180906 -0.113649 -0.377169 -0.286465 -0.216083 -0.493636 -0.380256 -0.257622 -0.201169 -0.605646 -0.169771 -0.241786 -0.735618 -0.185255 -0.303624 -0.834396 -0.188744 -0.229645 -0.557918 0.005718 -0.306297 -0.699567 0.019308 -0.404292 -0.790135 0.048181 -0.214419 -0.462283 0.108132 -0.299619 -0.584363 0.136912 -0.407638 -0.665499 0.141004 -0.185776 -0.358022 0.182320 -0.263190 -0.445588 0.211140 -0.362882 -0.496381 0.237309 
0.000000 0.000000 0.000000 -0.000236 0.010670 -0.074229 -0.103310 -0.400277 -0.142814 -0.099046 -0.355178 -0.013258 -0.087295 -0.294458 0.068703 -0.073952 -0.230347 0.140863 -0.229276 -0.157200 -0.205403 -0.354187 -0.307893 -0.205666 -0.465272 -0.408358 -0.246330 -0.164383 -0.618161 -0.157527 -0.201295 -0.749845 -0.166418 -0.260928 -0.850022 -0.165185 -0.202363 -0.568513 0.003718 -0.272633 -0.713611 0.015263 -0.366353 -0.809823 0.039740 -0.197594 -0.471464 0.103586 -0.276686 -0.598388 0.128599 -0.372728 -0.693437 0.125506 -0.178640 -0.367007 0.171699 -0.250698 -0.461072 0.192925 -0.341496 -0.529599 0.209143 
0.000000 0.000000 0.000000 -0.002260 0.014297 -0.073582 -0.107548 -0.392837 -0.159383 -0.099695 -0.354144 -0.027936 -0.085647 -0.297511 0.056550 -0.070275 -0.237010 0.131374 -0.218760 -0.157780 -0.219745 -0.365612 -0.286874 -0.210775 -0.480274 -0.381857 -0.254566 -0.170178 -0.609731 -0.180709 -0.208030 -0.740815 -0.193598 -0.269457 -0.839908 -0.194169 -0.198734 -0.570031 -0.020295 -0.266095 -0.716864 -0.015097 -0.358098 -0.815614 0.005476 -0.190720 -0.478990 0.083734 -0.266064 -0.609121 0.103227 -0.356653 -0.709165 0.095957 -0.170473 -0.378712 0.152984 -0.239441 -0.476249 0.167859 -0.325875 -0.551174 0.178748 
0.000000 0.000000 0.000000 -0.007982 0.020384 -0.071726 -0.131404 -0.375941 -0.180809 -0.111547 -0.348436 -0.047819 -0.088930 -0.299301 0.039454 -0.065688 -0.245539 0.117331 -0.212269 -0.193389 -0.173778 -0.395334 -0.242215 -0.222911 -0.517645 -0.324991 -0.270607 -0.194646 -0.590607 -0.217400 -0.232867 -0.720346 -0.239514 -0.295025 -0.818756 -0.246218 -0.205796 -0.566584 -0.049650 -0.269898 -0.714954 -0.050895 -0.362739 -0.813006 -0.030749 -0.188226 -0.485099 0.057705 -0.259428 -0.618327 0.070793 -0.350954 -0.717432 0.062476 -0.164446 -0.389156 0.131738 -0.232422 -0.488010 0.141654 -0.316569 -0.565854 0.149567 
0.000000 0.000000 0.000000 -0.015525 0.026595 -0.068378 -0.156629 -0.357930 -0.196581 -0.121763 -0.342222 -0.064768 -0.088853 -0.301010 0.023328 -0.056286 -0.254376 0.102448 -0.238727 -0.179792 -0.142078 -0.419235 -0.220950 -0.205592 -0.548928 -0.293788 -0.249880 -0.228510 -0.567317 -0.245673 -0.271953 -0.693866 -0.275342 -0.338515 -0.789213 -0.283801 -0.204365 -0.564923 -0.072230 -0.260547 -0.716391 -0.077305 -0.364242 -0.800169 -0.047846 -0.181218 -0.490429 0.040732 -0.247450 -0.626254 0.053213 -0.352339 -0.711473 0.055182 -0.145371 -0.403741 0.120900 -0.206689 -0.506551 0.133601 -0.283609 -0.590280 0.150214 
0.000000 0.000000 0.000000 -0.021757 0.031614 -0.064429 -0.176957 -0.342334 -0.206844 -0.129649 -0.336486 -0.078139 -0.088262 -0.301945 0.009247 -0.048030 -0.261328 0.088159 -0.256391 -0.162532 -0.135848 -0.441291 -0.205681 -0.183402 -0.576618 -0.271742 -0.220945 -0.260980 -0.543918 -0.267866 -0.311762 -0.665751 -0.304747 -0.382763 -0.757613 -0.315396 -0.201287 -0.561913 -0.101052 -0.250010 -0.715235 -0.116636 -0.359158 -0.788726 -0.080233 -0.175722 -0.494021 0.022333 -0.238436 -0.631751 0.031716 -0.350694 -0.706499 0.040595 -0.124450 -0.414483 0.124075 -0.177051 -0.519902 0.148796 -0.241807 -0.607701 0.184866 
0.000000 0.000000 0.000000 -0.028000 0.035344 -0.059922 -0.187030 -0.332095 -0.214530 -0.128749 -0.333782 -0.090282 -0.080606 -0.304184 -0.004558 -0.034488 -0.267979 0.073273 -0.263653 -0.142642 -0.163046 -0.448801 -0.206116 -0.164614 -0.583659 -0.277793 -0.192228 -0.271958 -0.528454 -0.289700 -0.323286 -0.647128 -0.335130 -0.394409 -0.738474 -0.348936 -0.194160 -0.559329 -0.126671 -0.238649 -0.712733 -0.151420 -0.347036 -0.785567 -0.111587 -0.161787 -0.499325 0.002023 -0.220000 -0.639253 0.006742 -0.331765 -0.714249 0.019080 -0.104610 -0.423552 0.111563 -0.152877 -0.530637 0.137918 -0.208232 -0.622659 0.178794 
0.000000 0.000000 0.000000 -0.029362 0.037621 -0.057848 -0.193679 -0.323367 -0.221839 -0.132292 -0.329825 -0.099254 -0.081887 -0.303565 -0.013743 -0.033680 -0.270403 0.064179 -0.295477 -0.105192 -0.139295 -0.451604 -0.222811 -0.129220 -0.579251 -0.310914 -0.134768 -0.285340 -0.516237 -0.298126 -0.340738 -0.632802 -0.344231 -0.413300 -0.723190 -0.356800 -0.206517 -0.552521 -0.136290 -0.257000 -0.703986 -0.161480 -0.368163 -0.765424 -0.111406 -0.164048 -0.498334 -0.008408 -0.222963 -0.637995 -0.004583 -0.335544 -0.711106 0.011177 -0.105725 -0.424381 0.105249 -0.155315 -0.530366 0.133518 -0.208470 -0.622288 0.177428 
0.000000 0.000000 0.000000 -0.031451 0.039056 -0.055761 -0.220295 -0.314237 -0.209799 -0.151529 -0.323762 -0.091403 -0.094759 -0.299970 -0.009223 -0.040386 -0.269155 0.065540 -0.307491 -0.096751 -0.112372 -0.474448 -0.198587 -0.104254 -0.608060 -0.277540 -0.103231 -0.326332 -0.502671 -0.278129 -0.390417 -0.616555 -0.319426 -0.466381 -0.704673 -0.327034 -0.242932 -0.541604 -0.117189 -0.305098 -0.689767 -0.134727 -0.416837 -0.737915 -0.072796 -0.186882 -0.489580 0.007353 -0.252941 -0.625543 0.019239 -0.369980 -0.687722 0.045766 -0.126090 -0.413242 0.115340 -0.185082 -0.512420 0.149619 -0.243049 -0.597352 0.200899 
0.000000 0.000000 0.000000 -0.034322 0.039552 -0.053680 -0.240628 -0.310071 -0.192988 -0.164214 -0.320709 -0.079477 -0.101512 -0.297892 -0.001437 -0.041556 -0.268024 0.069334 -0.313045 -0.101850 -0.066524 -0.487452 -0.190331 -0.074561 -0.624263 -0.262921 -0.064544 -0.356427 -0.498117 -0.244462 -0.426413 -0.611767 -0.275571 -0.503517 -0.699200 -0.273740 -0.264594 -0.535729 -0.092312 -0.332867 -0.681973 -0.101042 -0.441738 -0.719448 -0.027680 -0.195618 -0.485669 0.023010 -0.263097 -0.620316 0.040540 -0.380681 -0.676667 0.076131 -0.129313 -0.407859 0.127050 -0.189718 -0.504110 0.166776 -0.246981 -0.585958 0.223567 
0.000000 0.000000 0.000000 -0.038950 0.038948 -0.050890 -0.246750 -0.314799 -0.176936 -0.162203 -0.324092 -0.069221 -0.094619 -0.300126 0.004266 -0.030449 -0.269148 0.070734 -0.312548 -0.112218 -0.039089 -0.483747 -0.206809 -0.031705 -0.622653 -0.273335 -0.012566 -0.361855 -0.505583 -0.219036 -0.431421 -0.620888 -0.244480 -0.506079 -0.710264 -0.238897 -0.254369 -0.543076 -0.074311 -0.317055 -0.692016 -0.077773 -0.420674 -0.726889 0.003997 -0.179080 -0.491810 0.033198 -0.239645 -0.629259 0.053945 -0.358409 -0.673218 0.101176 -0.113722 -0.408930 0.134865 -0.171041 -0.505145 0.179008 -0.228558 -0.583171 0.240708 
0.000000 0.000000 0.000000 -0.042244 0.037597 -0.049252 -0.241852 -0.323216 -0.168313 -0.152968 -0.329622 -0.063931 -0.083528 -0.303349 0.006993 -0.018019 -0.270181 0.071054 -0.306439 -0.128276 -0.026167 -0.471755 -0.232070 -0.011721 -0.610626 -0.297171 0.012021 -0.348975 -0.519381 -0.206577 -0.413717 -0.637938 -0.229703 -0.482420 -0.732035 -0.225375 -0.232956 -0.553366 -0.067846 -0.287358 -0.705543 -0.070508 -0.386814 -0.746484 0.013585 -0.157507 -0.499367 0.035588 -0.210554 -0.639924 0.056093 -0.327809 -0.682909 0.107782 -0.090845 -0.414877 0.136977 -0.140973 -0.514474 0.182352 -0.198009 -0.591230 0.246058 
0.000000 0.000000 0.000000 -0.046380 0.037081 -0.045802 -0.245073 -0.327197 -0.155473 -0.149152 -0.332551 -0.057455 -0.075677 -0.305352 0.008907 -0.006752 -0.271285 0.068776 -0.306279 -0.133461 -0.010961 -0.468908 -0.240175 0.010839 -0.610469 -0.297596 0.038225 -0.344339 -0.526105 -0.200214 -0.404333 -0.646320 -0.227255 -0.464636 -0.745922 -0.233265 -0.223062 -0.558395 -0.059933 -0.273331 -0.712001 -0.061618 -0.367584 -0.761945 0.023595 -0.146624 -0.501569 0.043247 -0.197497 -0.642269 0.067870 -0.312232 -0.681966 0.127268 -0.076948 -0.415443 0.138613 -0.125265 -0.514670 0.186683 -0.181964 -0.588689 0.253837 
0.000000 0.000000 0.000000 -0.050499 0.037269 -0.041046 -0.253674 -0.327568 -0.140140 -0.149752 -0.333382 -0.050678 -0.071234 -0.306394 0.009730 0.002122 -0.272485 0.064177 -0.313106 -0.129264 -0.007120 -0.477428 -0.233469 0.014109 -0.624800 -0.276517 0.036808 -0.352559 -0.524086 -0.195117 -0.412323 -0.642856 -0.228345 -0.470981 -0.742872 -0.240556 -0.224162 -0.559075 -0.050913 -0.274771 -0.712579 -0.051074 -0.366513 -0.760379 0.038021 -0.147490 -0.499417 0.050239 -0.202170 -0.637826 0.079286 -0.316828 -0.664418 0.145727 -0.073194 -0.410406 0.140935 -0.125034 -0.505339 0.193768 -0.189196 -0.566696 0.266719 
0.000000 0.000000 0.000000 -0.051668 0.038927 -0.037935 -0.263238 -0.320792 -0.138160 -0.155827 -0.330183 -0.053238 -0.074578 -0.305718 0.004575 0.001357 -0.274116 0.056830 -0.323565 -0.114177 -0.016094 -0.493701 -0.209980 -0.002427 -0.644526 -0.243811 0.011511 -0.376160 -0.509414 -0.193754 -0.444407 -0.623412 -0.227354 -0.509204 -0.719709 -0.238368 -0.250319 -0.548223 -0.051155 -0.314588 -0.696520 -0.049738 -0.407226 -0.728451 0.045331 -0.169703 -0.489175 0.049390 -0.237913 -0.620726 0.081525 -0.352588 -0.624635 0.152956 -0.087237 -0.402333 0.136188 -0.148218 -0.490588 0.190812 -0.225897 -0.529734 0.265889 
0.000000 0.000000 0.000000 -0.052486 0.045366 -0.028477 -0.295485 -0.290129 -0.140727 -0.181179 -0.314013 -0.068610 -0.093305 -0.300065 -0.017366 -0.010788 -0.278169 0.029612 -0.336306 -0.085334 -0.013990 -0.513903 -0.167118 -0.004926 -0.667087 -0.187314 0.009686 -0.424632 -0.462443 -0.211786 -0.502684 -0.566584 -0.254732 -0.576696 -0.654763 -0.273167 -0.291920 -0.524126 -0.076558 -0.367240 -0.667033 -0.081964 -0.451166 -0.695233 0.021962 -0.198150 -0.478976 0.024009 -0.273331 -0.607267 0.053677 -0.384114 -0.607988 0.131101 -0.105005 -0.404663 0.105167 -0.169857 -0.491732 0.157172 -0.248918 -0.528333 0.232091 
0.000000 0.000000 0.000000 -0.051603 0.048435 -0.024800 -0.313035 -0.272737 -0.137530 -0.197045 -0.303751 -0.071035 -0.106665 -0.295189 -0.023071 -0.021465 -0.278325 0.021109 -0.341180 -0.068466 -0.006746 -0.522378 -0.141615 0.004550 -0.675990 -0.154629 0.022463 -0.450644 -0.431318 -0.223178 -0.533812 -0.527160 -0.274942 -0.612427 -0.609287 -0.300786 -0.323351 -0.504985 -0.076154 -0.409257 -0.641852 -0.079636 -0.494095 -0.671438 0.023157 -0.217995 -0.470047 0.018689 -0.297826 -0.595431 0.048634 -0.404276 -0.597203 0.131900 -0.116538 -0.405804 0.093888 -0.181978 -0.493550 0.143982 -0.259705 -0.531103 0.219820 
0.000000 0.000000 0.000000 -0.053192 0.049875 -0.017521 -0.329686 -0.264061 -0.113444 -0.207852 -0.298762 -0.060629 -0.112837 -0.292956 -0.022147 -0.023246 -0.278659 0.013413 -0.346697 -0.055137 0.008434 -0.530353 -0.120846 0.024675 -0.683764 -0.126161 0.047562 -0.469544 -0.418597 -0.202765 -0.554071 -0.511994 -0.256749 -0.634277 -0.592642 -0.282364 -0.343147 -0.493942 -0.051989 -0.435167 -0.626691 -0.046113 -0.518772 -0.649969 0.059280 -0.227998 -0.461721 0.032354 -0.310575 -0.582736 0.071434 -0.412734 -0.583339 0.159928 -0.121090 -0.399704 0.093168 -0.188438 -0.483022 0.148065 -0.266035 -0.507672 0.229146 
0.000000 0.000000 0.000000 -0.053500 0.050740 -0.013678 -0.335586 -0.258161 -0.109661 -0.212028 -0.295342 -0.062886 -0.115554 -0.291396 -0.027960 -0.024558 -0.278832 0.004555 -0.348274 -0.050103 0.014345 -0.532724 -0.113204 0.031880 -0.685822 -0.117419 0.056981 -0.478843 -0.409660 -0.198799 -0.565424 -0.501221 -0.252671 -0.646312 -0.581517 -0.277226 -0.354248 -0.485110 -0.047521 -0.450978 -0.614178 -0.037071 -0.533647 -0.638873 0.068737 -0.238773 -0.450307 0.037447 -0.327128 -0.564256 0.084348 -0.426534 -0.553737 0.175320 -0.128221 -0.391729 0.088783 -0.199575 -0.469439 0.146759 -0.277104 -0.477849 0.231148 
0.000000 0.000000 0.000000 -0.053758 0.050904 -0.011946 -0.335297 -0.256239 -0.114927 -0.211337 -0.294254 -0.069917 -0.114677 -0.290928 -0.035446 -0.023539 -0.278940 -0.003112 -0.350387 -0.045878 0.010217 -0.535997 -0.106437 0.024084 -0.689264 -0.113931 0.047319 -0.482747 -0.405619 -0.200742 -0.571862 -0.495900 -0.252606 -0.654316 -0.575525 -0.273918 -0.359740 -0.478532 -0.047721 -0.460675 -0.603867 -0.032625 -0.543636 -0.634624 0.071350 -0.243424 -0.443282 0.034739 -0.335744 -0.552530 0.085066 -0.433989 -0.537427 0.176652 -0.132038 -0.385390 0.083389 -0.206721 -0.458662 0.142929 -0.282964 -0.456695 0.228873 
0.000000 0.000000 0.000000 -0.053652 0.050882 -0.012508 -0.335142 -0.256643 -0.114475 -0.211404 -0.294488 -0.068718 -0.114877 -0.291034 -0.033892 -0.023852 -0.278928 -0.001283 -0.349666 -0.047916 0.008955 -0.534893 -0.109738 0.022384 -0.687751 -0.122826 0.045832 -0.498150 -0.403985 -0.170501 -0.596667 -0.493035 -0.204361 -0.684770 -0.569337 -0.207363 -0.365204 -0.471801 -0.031563 -0.469809 -0.592398 -0.006292 -0.551338 -0.622944 0.098872 -0.244909 -0.439507 0.042011 -0.338150 -0.545971 0.096438 -0.434890 -0.526406 0.188778 -0.132059 -0.385032 0.086006 -0.206540 -0.458066 0.146088 -0.282356 -0.453556 0.232313 
0.000000 0.000000 0.000000 -0.054111 0.050958 -0.009959 -0.337451 -0.255267 -0.110707 -0.212407 -0.293664 -0.069153 -0.114974 -0.290629 -0.036906 -0.023124 -0.278915 -0.006542 -0.348886 -0.052277 0.007257 -0.533337 -0.116875 0.018030 -0.682640 -0.149300 0.045306 -0.508203 -0.401567 -0.140037 -0.611400 -0.489987 -0.157763 -0.700525 -0.563234 -0.140889 -0.372481 -0.463940 -0.026063 -0.481354 -0.579752 0.003244 -0.560128 -0.606089 0.111597 -0.247401 -0.436378 0.040127 -0.342359 -0.540888 0.095364 -0.435084 -0.514621 0.190128 -0.134479 -0.384518 0.077329 -0.211126 -0.457208 0.135059 -0.287462 -0.434078 0.217769 
0.000000 0.000000 0.000000 -0.054122 0.050877 -0.010306 -0.334230 -0.255062 -0.120515 -0.209841 -0.293529 -0.077104 -0.113051 -0.290550 -0.042969 -0.021844 -0.278889 -0.010708 -0.346857 -0.058638 0.002306 -0.530031 -0.127164 0.010198 -0.662620 -0.201675 0.041103 -0.503123 -0.405488 -0.136865 -0.605197 -0.496402 -0.146746 -0.692827 -0.568028 -0.118751 -0.374240 -0.459091 -0.031979 -0.486055 -0.571697 -0.001288 -0.561687 -0.589247 0.111012 -0.247109 -0.435059 0.033577 -0.343236 -0.538682 0.088465 -0.433088 -0.507459 0.184485 -0.131743 -0.388739 0.069552 -0.207388 -0.464351 0.124796 -0.279847 -0.427711 0.206100 
0.000000 0.000000 0.000000 -0.054817 0.049677 -0.012293 -0.323866 -0.262292 -0.132680 -0.200335 -0.298035 -0.084726 -0.104953 -0.292945 -0.047059 -0.015272 -0.279296 -0.011471 -0.347792 -0.059909 -0.013981 -0.519300 -0.153309 -0.000841 -0.626323 -0.261028 0.031243 -0.484363 -0.421776 -0.147709 -0.581363 -0.518163 -0.156792 -0.666065 -0.591936 -0.125547 -0.364213 -0.464355 -0.040498 -0.475674 -0.577475 -0.010416 -0.549914 -0.587467 0.103723 -0.240129 -0.437429 0.027542 -0.337058 -0.541033 0.081037 -0.429150 -0.508657 0.174519 -0.122970 -0.396512 0.060971 -0.197100 -0.477194 0.110835 -0.268309 -0.431597 0.188638 
0.000000 0.000000 0.000000 -0.055531 0.047361 -0.017239 -0.308017 -0.277612 -0.139095 -0.186291 -0.307440 -0.083148 -0.093323 -0.297800 -0.040645 -0.006189 -0.279879 -0.000872 -0.345859 -0.068494 -0.028786 -0.504890 -0.181426 -0.012454 -0.598646 -0.300442 0.021187 -0.457272 -0.448281 -0.142970 -0.547479 -0.551429 -0.145311 -0.627430 -0.629459 -0.111964 -0.353131 -0.468071 -0.029889 -0.466605 -0.577323 0.006334 -0.543997 -0.578430 0.118801 -0.232766 -0.435521 0.038743 -0.332755 -0.534275 0.095669 -0.428490 -0.498155 0.183977 -0.118547 -0.393307 0.070515 -0.195885 -0.471382 0.119652 -0.269541 -0.412421 0.185239 
0.000000 0.000000 0.000000 -0.055587 0.044744 -0.023063 -0.289110 -0.293178 -0.147486 -0.170744 -0.316616 -0.082087 -0.081297 -0.302151 -0.033792 0.002275 -0.279722 0.011020 -0.339709 -0.084981 -0.040170 -0.490780 -0.208554 -0.025395 -0.571028 -0.336660 0.009765 -0.426217 -0.473565 -0.138409 -0.509081 -0.582586 -0.132922 -0.584683 -0.662016 -0.093320 -0.337948 -0.474507 -0.022189 -0.451670 -0.581894 0.018550 -0.531926 -0.579043 0.128960 -0.225184 -0.434204 0.047278 -0.328360 -0.528894 0.105411 -0.429140 -0.495000 0.188853 -0.110831 -0.393798 0.080159 -0.188684 -0.472318 0.127749 -0.263478 -0.405781 0.184156 
0.000000 0.000000 0.000000 -0.055696 0.044475 -0.023320 -0.286275 -0.294479 -0.150396 -0.168230 -0.317396 -0.084236 -0.079215 -0.302535 -0.035269 0.003902 -0.279735 0.010198 -0.322874 -0.118183 -0.025407 -0.490057 -0.219963 -0.026713 -0.551575 -0.358403 0.007003 -0.428244 -0.470726 -0.136189 -0.514046 -0.577245 -0.127602 -0.591966 -0.650812 -0.081672 -0.333357 -0.480877 -0.034422 -0.450148 -0.578910 0.019188 -0.530455 -0.575945 0.129557 -0.226655 -0.430767 0.045550 -0.332379 -0.522718 0.103502 -0.433852 -0.490790 0.186880 -0.111363 -0.393010 0.077048 -0.190703 -0.470980 0.123062 -0.263422 -0.400909 0.177881 
0.000000 0.000000 0.000000 -0.054923 0.042560 -0.028213 -0.268556 -0.304756 -0.162146 -0.154893 -0.323254 -0.087477 -0.069833 -0.305101 -0.032909 0.009410 -0.279239 0.017561 -0.325682 -0.113501 -0.041660 -0.467636 -0.247837 -0.030988 -0.523760 -0.388537 0.002786 -0.415934 -0.475633 -0.139760 -0.505005 -0.578906 -0.126231 -0.587935 -0.638137 -0.069596 -0.313134 -0.498583 -0.061134 -0.433767 -0.565937 0.022745 -0.515273 -0.556902 0.131899 -0.206223 -0.450576 0.037438 -0.322444 -0.518732 0.106994 -0.425948 -0.481921 0.185733 -0.105392 -0.393441 0.083627 -0.184411 -0.472049 0.129102 -0.258239 -0.397537 0.176011 
0.000000 0.000000 0.000000 -0.054650 0.040472 -0.031612 -0.254537 -0.315276 -0.164628 -0.143705 -0.329067 -0.084859 -0.061436 -0.307447 -0.027354 0.015017 -0.278370 0.025607 -0.319494 -0.125157 -0.048065 -0.453771 -0.267063 -0.036082 -0.508378 -0.408263 -0.001916 -0.404563 -0.482806 -0.135542 -0.495235 -0.584056 -0.117963 -0.579590 -0.631993 -0.053315 -0.298431 -0.507874 -0.061142 -0.419339 -0.562708 0.031048 -0.501852 -0.548375 0.138869 -0.191151 -0.460988 0.038319 -0.311592 -0.516208 0.112046 -0.415178 -0.474908 0.188415 -0.099119 -0.393277 0.091605 -0.177681 -0.472369 0.137033 -0.251583 -0.394633 0.178249 
0.000000 0.000000 0.000000 -0.054014 0.038830 -0.034622 -0.243345 -0.323136 -0.166303 -0.135423 -0.333249 -0.082115 -0.055729 -0.308953 -0.022108 0.018215 -0.277404 0.032958 -0.312924 -0.135783 -0.052567 -0.441502 -0.282653 -0.038142 -0.500204 -0.422079 -0.003481 -0.395614 -0.488016 -0.133917 -0.487642 -0.587664 -0.114344 -0.573118 -0.622976 -0.043350 -0.287001 -0.515035 -0.060847 -0.408265 -0.557621 0.037165 -0.492067 -0.538397 0.143217 -0.181754 -0.466881 0.040263 -0.305159 -0.512330 0.115737 -0.408439 -0.466575 0.189952 -0.094874 -0.393246 0.099122 -0.172717 -0.472982 0.144663 -0.245741 -0.391752 0.180330 
0.000000 0.000000 0.000000 -0.050767 0.034160 -0.043355 -0.209686 -0.343352 -0.171557 -0.112479 -0.343381 -0.074666 -0.041569 -0.311870 -0.007426 0.023978 -0.273693 0.053742 -0.297904 -0.156795 -0.060852 -0.415344 -0.312323 -0.042692 -0.467984 -0.453470 -0.005362 -0.359887 -0.507657 -0.128389 -0.450665 -0.606959 -0.102300 -0.538171 -0.629533 -0.028637 -0.254971 -0.532413 -0.053748 -0.378092 -0.558131 0.047762 -0.465619 -0.529295 0.148493 -0.153317 -0.482320 0.048901 -0.281152 -0.508784 0.126030 -0.384493 -0.454409 0.194089 -0.085879 -0.393092 0.119023 -0.161496 -0.475276 0.163958 -0.234508 -0.389091 0.185043 
0.000000 0.000000 0.000000 -0.048206 0.026979 -0.050717 -0.174510 -0.369474 -0.155968 -0.086918 -0.354893 -0.051315 -0.024348 -0.313220 0.018619 0.033109 -0.265791 0.081424 -0.274074 -0.189414 -0.052609 -0.390744 -0.345316 -0.032759 -0.436854 -0.486397 0.012594 -0.315082 -0.538042 -0.099008 -0.400040 -0.639920 -0.064584 -0.490507 -0.658630 0.006540 -0.219140 -0.549980 -0.020769 -0.345290 -0.565518 0.079077 -0.437941 -0.528762 0.172373 -0.125252 -0.487102 0.084171 -0.256113 -0.506366 0.158301 -0.362929 -0.445803 0.214784 -0.073542 -0.385871 0.150654 -0.146953 -0.468524 0.198305 -0.222544 -0.382318 0.205891 
0.000000 0.000000 0.000000 -0.042647 0.015843 -0.059616 -0.126939 -0.400315 -0.122166 -0.055370 -0.364635 -0.010623 -0.005682 -0.308917 0.059868 0.039524 -0.248893 0.121907 -0.247606 -0.219873 -0.042993 -0.348733 -0.383594 -0.007221 -0.382486 -0.522330 0.053607 -0.251337 -0.576753 -0.052774 -0.326520 -0.683387 -0.010836 -0.420138 -0.710416 0.053180 -0.168550 -0.568226 0.036444 -0.301216 -0.572380 0.128678 -0.402376 -0.524771 0.207032 -0.095194 -0.484448 0.136616 -0.231617 -0.496691 0.201653 -0.343089 -0.430126 0.239218 -0.063195 -0.367885 0.198562 -0.133899 -0.449790 0.251324 -0.211255 -0.365825 0.238321 
0.000000 0.000000 0.000000 -0.030153 0.002703 -0.068610 -0.052664 -0.425535 -0.086238 -0.011391 -0.367480 0.031079 0.015377 -0.297557 0.101340 0.039161 -0.225008 0.161891 -0.197041 -0.258936 -0.029371 -0.283634 -0.428963 0.014259 -0.295034 -0.561245 0.094623 -0.155069 -0.614985 -0.015231 -0.216959 -0.729484 0.027683 -0.306409 -0.783852 0.079024 -0.090307 -0.582579 0.094159 -0.234041 -0.575296 0.167727 -0.344909 -0.514078 0.218716 -0.045832 -0.477796 0.193433 -0.190516 -0.481416 0.238646 -0.303834 -0.407869 0.242871 -0.056363 -0.346213 0.244176 -0.122115 -0.429640 0.300814 -0.194397 -0.350913 0.258618 
0.000000 0.000000 0.000000 -0.014849 -0.007375 -0.073137 0.017064 -0.434550 -0.046532 0.025167 -0.361510 0.069385 0.027906 -0.282796 0.135255 0.029528 -0.202736 0.190781 -0.141795 -0.285025 -0.005011 -0.221230 -0.458761 0.037617 -0.214264 -0.578251 0.136412 -0.067965 -0.630545 0.029468 -0.119355 -0.749000 0.075400 -0.191105 -0.829933 0.118929 -0.014560 -0.581174 0.150894 -0.165214 -0.577909 0.209352 -0.283495 -0.515756 0.237388 -0.004534 -0.461812 0.243027 -0.153682 -0.465521 0.270081 -0.271013 -0.400732 0.252653 -0.055357 -0.327487 0.279200 -0.113785 -0.413356 0.340061 -0.180789 -0.345095 0.276390 
0.000000 0.000000 0.000000 -0.005966 -0.011331 -0.073891 0.061837 -0.432269 -0.024699 0.050398 -0.354761 0.087989 0.038641 -0.273882 0.150140 0.026794 -0.192134 0.201836 -0.106035 -0.297836 0.001923 -0.168652 -0.477112 0.049363 -0.151293 -0.586490 0.158091 -0.006498 -0.635139 0.050095 -0.047798 -0.757749 0.095299 -0.105171 -0.851295 0.134676 0.041626 -0.574777 0.177379 -0.111446 -0.584457 0.228368 -0.233447 -0.524822 0.242470 0.031124 -0.451269 0.264991 -0.118661 -0.465893 0.283468 -0.239729 -0.412329 0.256237 -0.049117 -0.320991 0.292498 -0.101367 -0.409686 0.354903 -0.164878 -0.348191 0.281500 
0.000000 0.000000 0.000000 0.002089 -0.012462 -0.073920 0.101415 -0.425294 -0.011402 0.072603 -0.348121 0.098376 0.047981 -0.268060 0.157759 0.024186 -0.187234 0.206711 -0.073647 -0.304752 0.007791 -0.121037 -0.487648 0.058921 -0.096255 -0.588624 0.174146 0.040916 -0.629708 0.065895 0.004353 -0.753251 0.112611 -0.055770 -0.845405 0.151161 0.085902 -0.565491 0.193496 -0.066361 -0.591900 0.240859 -0.190583 -0.535359 0.244218 0.055583 -0.441436 0.278575 -0.093785 -0.464451 0.290845 -0.217295 -0.420890 0.257444 -0.041942 -0.319482 0.300113 -0.087459 -0.410511 0.364402 -0.149996 -0.354857 0.285695 
0.000000 0.000000 0.000000 0.005909 -0.012078 -0.073777 0.117690 -0.421164 -0.007751 0.081051 -0.345560 0.100778 0.050774 -0.266712 0.159162 0.021769 -0.187027 0.207167 -0.061578 -0.306393 0.007898 -0.103807 -0.490556 0.059004 -0.075627 -0.587131 0.177181 0.056828 -0.624265 0.072662 0.020046 -0.747013 0.121261 -0.054471 -0.827924 0.159911 0.100972 -0.560039 0.201160 -0.050330 -0.593931 0.246807 -0.174690 -0.537693 0.243459 0.064430 -0.437733 0.282772 -0.084128 -0.466619 0.292096 -0.208580 -0.428744 0.255421 -0.042642 -0.320283 0.300335 -0.086978 -0.412005 0.364465 -0.149883 -0.357353 0.285349 
0.000000 0.000000 0.000000 0.001037 -0.009251 -0.074413 0.106827 -0.422962 -0.031323 0.078808 -0.350974 0.082121 0.054109 -0.273883 0.145282 0.030057 -0.195568 0.198043 -0.062310 -0.307001 -0.002450 -0.101948 -0.493313 0.042579 -0.068461 -0.593079 0.156650 0.046078 -0.629102 0.041037 0.009363 -0.753688 0.084769 -0.079594 -0.815735 0.127548 0.102692 -0.570161 0.170784 -0.042614 -0.614887 0.225651 -0.162283 -0.549178 0.226621 0.072016 -0.450035 0.260882 -0.075769 -0.480312 0.276164 -0.201857 -0.441397 0.246914 -0.031250 -0.334012 0.285569 -0.073448 -0.429306 0.345816 -0.143120 -0.372232 0.274461 
0.000000 0.000000 0.000000 -0.005647 -0.004830 -0.074624 0.080535 -0.425138 -0.063734 0.066006 -0.358747 0.055506 0.050891 -0.284430 0.124722 0.035622 -0.208305 0.183606 -0.075584 -0.304056 -0.016155 -0.119346 -0.491292 0.020431 -0.087076 -0.601417 0.124921 0.007489 -0.630656 -0.001712 -0.036659 -0.754866 0.035772 -0.129077 -0.807897 0.083098 0.067162 -0.584616 0.129374 -0.068214 -0.646719 0.192154 -0.171231 -0.557171 0.194967 0.057390 -0.469539 0.226734 -0.089349 -0.498298 0.251859 -0.214841 -0.451454 0.233820 -0.026897 -0.351192 0.262732 -0.069930 -0.449544 0.317196 -0.150717 -0.396095 0.255390 
0.000000 0.000000 0.000000 -0.013086 0.001027 -0.073835 0.051057 -0.422475 -0.100988 0.051710 -0.364573 0.023447 0.047369 -0.295012 0.098844 0.041973 -0.222871 0.164128 -0.092364 -0.298091 -0.028128 -0.141972 -0.485261 0.000472 -0.113389 -0.606107 0.093564 -0.028810 -0.627424 -0.045877 -0.077079 -0.751290 -0.012569 -0.167820 -0.805408 0.036730 0.008848 -0.588542 0.090344 -0.091074 -0.700222 0.150905 -0.194486 -0.612428 0.166315 0.035666 -0.489861 0.180151 -0.103185 -0.532302 0.223853 -0.223884 -0.471499 0.222194 -0.016366 -0.372394 0.233594 -0.056523 -0.475314 0.281409 -0.161265 -0.443257 0.246703 
0.000000 0.000000 0.000000 -0.019850 0.005387 -0.072117 0.020819 -0.418574 -0.125111 0.035887 -0.367216 0.001271 0.041983 -0.301491 0.079918 0.046213 -0.232626 0.148730 -0.105176 -0.293382 -0.036021 -0.158567 -0.480332 -0.013435 -0.130458 -0.604372 0.075508 -0.068674 -0.621265 -0.076868 -0.122761 -0.743767 -0.047711 -0.208706 -0.803440 0.003725 -0.040470 -0.586310 0.052672 -0.092404 -0.735324 0.087632 -0.215638 -0.715054 0.142784 -0.019746 -0.491650 0.148787 -0.129763 -0.578300 0.206913 -0.232900 -0.491706 0.218415 -0.005590 -0.386748 0.213143 -0.041248 -0.492834 0.257479 -0.155892 -0.500416 0.259015 
0.000000 0.000000 0.000000 -0.025958 0.011018 -0.069489 -0.014051 -0.410149 -0.151231 0.015239 -0.367872 -0.023984 0.032093 -0.307746 0.057521 0.046379 -0.243763 0.129615 -0.119441 -0.286297 -0.042830 -0.177936 -0.472338 -0.026149 -0.141349 -0.593378 0.063838 -0.124170 -0.600954 -0.097499 -0.190722 -0.716272 -0.065024 -0.282293 -0.761709 -0.008959 -0.065337 -0.590098 0.000458 -0.120140 -0.741243 0.017082 -0.232569 -0.788621 0.078356 -0.061282 -0.490118 0.109820 -0.128237 -0.620891 0.147322 -0.260730 -0.620076 0.174026 0.002753 -0.404389 0.183301 -0.027276 -0.514951 0.220255 -0.134505 -0.550324 0.241556 
0.000000 0.000000 0.000000 -0.028424 0.018244 -0.066956 -0.036468 -0.393816 -0.186733 -0.000192 -0.364433 -0.057668 0.022434 -0.312659 0.028063 0.042248 -0.256092 0.104894 -0.129151 -0.277793 -0.059065 -0.192181 -0.463033 -0.054129 -0.142438 -0.583067 0.030750 -0.170257 -0.564527 -0.120563 -0.251115 -0.667701 -0.080572 -0.345912 -0.678030 -0.013491 -0.089803 -0.584381 -0.049455 -0.150750 -0.733976 -0.043869 -0.254537 -0.806097 0.007765 -0.061164 -0.504184 0.060361 -0.121110 -0.641519 0.083520 -0.247762 -0.677234 0.114372 0.001784 -0.422609 0.139839 -0.026068 -0.537226 0.163892 -0.128672 -0.582174 0.189490 
0.000000 0.000000 0.000000 -0.031477 0.024553 -0.063484 -0.066238 -0.376326 -0.212795 -0.020952 -0.358560 -0.084457 0.009194 -0.314565 0.003281 0.036232 -0.264990 0.082696 -0.151629 -0.264209 -0.068658 -0.226812 -0.444897 -0.071894 -0.174909 -0.570145 0.003642 -0.208433 -0.537983 -0.141609 -0.294371 -0.635685 -0.098586 -0.384350 -0.631676 -0.024552 -0.128599 -0.570404 -0.081503 -0.201814 -0.714488 -0.079493 -0.305054 -0.789336 -0.030723 -0.084375 -0.502415 0.029183 -0.151469 -0.637115 0.047756 -0.276463 -0.675640 0.081819 -0.020397 -0.428454 0.108368 -0.059376 -0.540969 0.126038 -0.160148 -0.587513 0.155736 
0.000000 0.000000 0.000000 -0.035190 0.029852 -0.059113 -0.097463 -0.358639 -0.230585 -0.041865 -0.351128 -0.105327 -0.003370 -0.314206 -0.017593 0.031620 -0.271053 0.062463 -0.169191 -0.252470 -0.072690 -0.253040 -0.429129 -0.081186 -0.201476 -0.559309 -0.014243 -0.244559 -0.517105 -0.162236 -0.333460 -0.612877 -0.120928 -0.420136 -0.607859 -0.043112 -0.163655 -0.555185 -0.103744 -0.246489 -0.693972 -0.102667 -0.350314 -0.764968 -0.049572 -0.111263 -0.493971 0.009931 -0.188628 -0.622874 0.029667 -0.315091 -0.644392 0.072234 -0.044958 -0.426852 0.083644 -0.097669 -0.534092 0.098223 -0.200615 -0.572397 0.131954 
0.000000 0.000000 0.000000 -0.036272 0.034298 -0.055963 -0.121189 -0.341811 -0.244477 -0.060372 -0.343137 -0.121447 -0.016926 -0.312457 -0.033619 0.022971 -0.275015 0.047014 -0.194703 -0.233882 -0.084701 -0.265583 -0.416323 -0.083200 -0.214664 -0.550175 -0.023384 -0.273631 -0.499190 -0.186057 -0.365763 -0.594306 -0.150748 -0.441857 -0.567598 -0.066549 -0.195122 -0.538872 -0.119226 -0.286771 -0.671998 -0.117715 -0.393777 -0.731522 -0.057333 -0.137116 -0.483826 -0.003605 -0.223300 -0.606707 0.017917 -0.349872 -0.604073 0.065253 -0.062735 -0.426680 0.062460 -0.121728 -0.531074 0.073091 -0.226642 -0.561801 0.108473 
0.000000 0.000000 0.000000 -0.036507 0.039633 -0.052157 -0.149732 -0.318813 -0.259285 -0.084222 -0.331115 -0.139309 -0.035661 -0.308378 -0.051746 0.009448 -0.278260 0.029207 -0.215091 -0.214235 -0.090957 -0.272761 -0.401195 -0.085385 -0.223996 -0.540956 -0.038739 -0.289067 -0.497410 -0.248839 -0.389904 -0.579776 -0.206061 -0.442859 -0.530918 -0.114400 -0.233441 -0.515957 -0.132863 -0.334931 -0.641675 -0.128479 -0.444197 -0.677029 -0.054651 -0.164838 -0.472911 -0.020827 -0.257466 -0.590891 0.001344 -0.380851 -0.564188 0.049625 -0.086202 -0.424146 0.041638 -0.152041 -0.524562 0.050194 -0.258961 -0.543302 0.087877 
0.000000 0.000000 0.000000 -0.035418 0.042361 -0.050745 -0.166004 -0.305979 -0.264783 -0.099670 -0.323876 -0.145970 -0.049178 -0.305292 -0.058520 -0.001901 -0.279033 0.022541 -0.226163 -0.202649 -0.088596 -0.284311 -0.389484 -0.083809 -0.241524 -0.533875 -0.046296 -0.287360 -0.492236 -0.309519 -0.387285 -0.579876 -0.276111 -0.420885 -0.527567 -0.177481 -0.261189 -0.497873 -0.135419 -0.371044 -0.616216 -0.128243 -0.479917 -0.646011 -0.051444 -0.185366 -0.464380 -0.029236 -0.283021 -0.578456 -0.008238 -0.403642 -0.545264 0.042917 -0.108025 -0.417067 0.038991 -0.181071 -0.512079 0.050314 -0.288755 -0.518881 0.089823 
0.000000 0.000000 0.000000 -0.035797 0.042563 -0.050307 -0.175071 -0.305121 -0.259887 -0.106752 -0.323277 -0.142244 -0.054372 -0.304908 -0.055865 -0.005224 -0.278857 0.024142 -0.232050 -0.198522 -0.085075 -0.292723 -0.384441 -0.077049 -0.256019 -0.530195 -0.038378 -0.283301 -0.492716 -0.327080 -0.376551 -0.592803 -0.318776 -0.417853 -0.548100 -0.219333 -0.275719 -0.489626 -0.126348 -0.390640 -0.602766 -0.115537 -0.499010 -0.634269 -0.038706 -0.194907 -0.459775 -0.024561 -0.295680 -0.570824 -0.002114 -0.416447 -0.538747 0.049407 -0.114625 -0.413994 0.043000 -0.189928 -0.507011 0.055979 -0.297249 -0.512801 0.096621 
0.000000 0.000000 0.000000 -0.039348 0.044505 -0.045770 -0.196330 -0.294745 -0.256653 -0.119215 -0.317459 -0.145412 -0.060208 -0.302466 -0.062733 -0.004874 -0.279549 0.014133 -0.246866 -0.185805 -0.087481 -0.305052 -0.372550 -0.080278 -0.271050 -0.519772 -0.044832 -0.305773 -0.476114 -0.337569 -0.396220 -0.578537 -0.348104 -0.446949 -0.546724 -0.248066 -0.294580 -0.476888 -0.127979 -0.413853 -0.585322 -0.116121 -0.520465 -0.615220 -0.036250 -0.208361 -0.449152 -0.027410 -0.314595 -0.554336 -0.002082 -0.434953 -0.522913 0.050782 -0.120077 -0.409496 0.034834 -0.199373 -0.498940 0.049083 -0.304984 -0.503932 0.094079 
0.000000 0.000000 0.000000 -0.038725 0.046236 -0.044571 -0.204614 -0.285332 -0.260786 -0.127161 -0.311891 -0.150638 -0.067214 -0.299805 -0.068159 -0.010812 -0.279604 0.008692 -0.254055 -0.176400 -0.088298 -0.321000 -0.360299 -0.084977 -0.284440 -0.507096 -0.050324 -0.328634 -0.462006 -0.330252 -0.411980 -0.566757 -0.359623 -0.473436 -0.547952 -0.262347 -0.310754 -0.461350 -0.129908 -0.435623 -0.563004 -0.115810 -0.540618 -0.588927 -0.032483 -0.220731 -0.440669 -0.032054 -0.330812 -0.541677 -0.006165 -0.447786 -0.508138 0.052660 -0.129444 -0.406402 0.029550 -0.211101 -0.493679 0.043907 -0.316263 -0.496373 0.090132 
0.000000 0.000000 0.000000 -0.037512 0.047043 -0.044763 -0.208847 -0.280944 -0.262190 -0.132599 -0.309143 -0.151609 -0.072904 -0.298332 -0.068772 -0.016554 -0.279332 0.008424 -0.262431 -0.165023 -0.092575 -0.337845 -0.345629 -0.090267 -0.293098 -0.488605 -0.049743 -0.341378 -0.455231 -0.321182 -0.421475 -0.560565 -0.356836 -0.492021 -0.551958 -0.264411 -0.321451 -0.451300 -0.127094 -0.449897 -0.547986 -0.110420 -0.554246 -0.572436 -0.025846 -0.230004 -0.435011 -0.032001 -0.342654 -0.533018 -0.005634 -0.456584 -0.499059 0.058668 -0.138284 -0.403503 0.027123 -0.222072 -0.488973 0.039993 -0.326936 -0.490691 0.086937 
0.000000 0.000000 0.000000 -0.037564 0.049587 -0.041881 -0.225689 -0.265801 -0.264016 -0.146683 -0.299904 -0.157095 -0.083976 -0.293620 -0.076034 -0.024556 -0.278869 -0.000225 -0.279015 -0.138919 -0.105230 -0.362856 -0.315768 -0.107728 -0.303068 -0.450879 -0.060218 -0.364055 -0.437774 -0.315982 -0.447679 -0.541710 -0.347388 -0.516788 -0.532156 -0.253976 -0.340285 -0.434861 -0.129175 -0.471961 -0.526651 -0.110187 -0.574582 -0.551945 -0.023767 -0.244360 -0.426182 -0.038376 -0.359366 -0.521237 -0.011373 -0.469563 -0.487745 0.059360 -0.151801 -0.397739 0.016054 -0.239386 -0.479560 0.027258 -0.342470 -0.478853 0.078015 
0.000000 0.000000 0.000000 -0.038148 0.050502 -0.040226 -0.234850 -0.260056 -0.261738 -0.153470 -0.296353 -0.157350 -0.088661 -0.291763 -0.077845 -0.027190 -0.278604 -0.003389 -0.293796 -0.109396 -0.123431 -0.385818 -0.282147 -0.122853 -0.323027 -0.408642 -0.058485 -0.382019 -0.429455 -0.294377 -0.470964 -0.531835 -0.314103 -0.534197 -0.511277 -0.218332 -0.346389 -0.434844 -0.148567 -0.482564 -0.504737 -0.096646 -0.584638 -0.527335 -0.008842 -0.253287 -0.417288 -0.034771 -0.371334 -0.507298 -0.003886 -0.478178 -0.472797 0.071361 -0.158726 -0.392565 0.013858 -0.249265 -0.471007 0.025730 -0.350777 -0.466386 0.079369 
0.000000 0.000000 0.000000 -0.037186 0.051222 -0.040217 -0.239166 -0.255516 -0.262300 -0.158579 -0.293381 -0.157853 -0.093795 -0.290040 -0.078266 -0.032188 -0.278067 -0.003722 -0.300189 -0.080519 -0.146612 -0.411320 -0.241527 -0.152722 -0.359179 -0.366009 -0.076091 -0.376513 -0.428934 -0.312124 -0.478031 -0.520924 -0.308389 -0.538319 -0.492252 -0.212804 -0.355706 -0.425926 -0.150992 -0.493134 -0.485472 -0.090225 -0.595834 -0.505099 -0.002436 -0.261649 -0.410766 -0.033949 -0.382011 -0.497334 -0.002172 -0.485567 -0.460490 0.076484 -0.165996 -0.389302 0.013849 -0.258098 -0.465867 0.025943 -0.359173 -0.458436 0.080088 
0.000000 0.000000 0.000000 -0.037228 0.052709 -0.038207 -0.249093 -0.245645 -0.262491 -0.166833 -0.287154 -0.160769 -0.100248 -0.286656 -0.082612 -0.036811 -0.277364 -0.009231 -0.303746 -0.050522 -0.165319 -0.421936 -0.206166 -0.176152 -0.378495 -0.331968 -0.096319 -0.384255 -0.418876 -0.318548 -0.491972 -0.501871 -0.301494 -0.546735 -0.465809 -0.205090 -0.362663 -0.421683 -0.165977 -0.498389 -0.471726 -0.093875 -0.600003 -0.488898 -0.004326 -0.270151 -0.405127 -0.040051 -0.391982 -0.490078 -0.009533 -0.491279 -0.450448 0.073157 -0.171927 -0.387208 0.007026 -0.264930 -0.462816 0.018215 -0.365541 -0.453049 0.072852 
0.000000 0.000000 0.000000 -0.036604 0.053832 -0.037232 -0.256643 -0.237909 -0.262343 -0.174116 -0.282106 -0.161979 -0.106696 -0.283747 -0.084557 -0.042303 -0.276483 -0.011782 -0.302900 -0.029844 -0.178409 -0.431570 -0.176249 -0.196318 -0.404317 -0.306273 -0.116083 -0.394517 -0.409622 -0.316432 -0.505775 -0.485036 -0.289662 -0.557111 -0.444398 -0.193193 -0.371777 -0.413811 -0.169596 -0.506165 -0.456497 -0.090586 -0.606093 -0.469684 0.001500 -0.278226 -0.399413 -0.040823 -0.401223 -0.482352 -0.009464 -0.498291 -0.440684 0.074856 -0.180079 -0.382973 0.004458 -0.274914 -0.456272 0.015635 -0.375559 -0.447621 0.070397 
0.000000 0.000000 0.000000 -0.034211 0.054075 -0.039108 -0.255177 -0.235959 -0.265515 -0.176572 -0.280459 -0.162181 -0.111371 -0.282440 -0.082888 -0.048844 -0.275524 -0.008471 -0.293767 -0.025781 -0.194350 -0.431568 -0.161253 -0.225483 -0.421739 -0.293597 -0.145015 -0.397048 -0.405420 -0.316265 -0.509987 -0.479440 -0.292856 -0.563744 -0.435803 -0.199052 -0.381154 -0.401308 -0.166194 -0.519422 -0.439860 -0.091895 -0.618390 -0.444640 0.002029 -0.286373 -0.394448 -0.043620 -0.411861 -0.474764 -0.015462 -0.512703 -0.431245 0.063309 -0.185851 -0.383440 0.004552 -0.280155 -0.457721 0.013517 -0.382978 -0.455010 0.064735 
0.000000 0.000000 0.000000 -0.034626 0.053263 -0.039849 -0.253739 -0.241548 -0.261842 -0.174730 -0.284001 -0.157956 -0.109446 -0.284382 -0.078708 -0.046904 -0.275955 -0.004459 -0.282983 -0.027824 -0.211867 -0.422386 -0.159570 -0.250867 -0.427136 -0.290560 -0.167766 -0.394546 -0.412481 -0.310582 -0.509580 -0.482958 -0.286456 -0.564445 -0.432218 -0.196966 -0.377461 -0.407680 -0.166804 -0.512877 -0.432044 -0.081990 -0.610631 -0.427813 0.013223 -0.287173 -0.396348 -0.054411 -0.414614 -0.476635 -0.036989 -0.524923 -0.431727 0.026912 -0.179771 -0.389312 0.004647 -0.271226 -0.467337 0.010915 -0.377382 -0.470127 0.054804 
0.000000 0.000000 0.000000 -0.033489 0.050444 -0.044247 -0.245255 -0.258924 -0.253177 -0.169370 -0.294271 -0.144415 -0.106525 -0.289279 -0.063372 -0.046284 -0.275834 0.012031 -0.274532 -0.039290 -0.222269 -0.415792 -0.167247 -0.266810 -0.437719 -0.297848 -0.185881 -0.386494 -0.432348 -0.290540 -0.501873 -0.502355 -0.266689 -0.559363 -0.443769 -0.183889 -0.363370 -0.431295 -0.152327 -0.496082 -0.440761 -0.060552 -0.593809 -0.424832 0.033442 -0.282582 -0.405842 -0.051936 -0.408825 -0.489426 -0.043736 -0.514800 -0.433198 0.018520 -0.175224 -0.393734 0.019801 -0.263975 -0.474887 0.025149 -0.371917 -0.478685 0.064356 
0.000000 0.000000 0.000000 -0.030824 0.044471 -0.051924 -0.225171 -0.290283 -0.237327 -0.156582 -0.311652 -0.120383 -0.099459 -0.296354 -0.036447 -0.044621 -0.273349 0.040747 -0.260861 -0.074422 -0.227406 -0.398600 -0.204343 -0.277000 -0.437278 -0.334725 -0.202224 -0.353118 -0.474078 -0.272953 -0.468959 -0.544435 -0.252638 -0.535683 -0.478992 -0.182937 -0.346192 -0.454606 -0.129688 -0.489899 -0.463446 -0.056238 -0.589207 -0.426092 0.029681 -0.267537 -0.424649 -0.034470 -0.388059 -0.516645 -0.033053 -0.494913 -0.451783 0.018360 -0.169113 -0.395798 0.050463 -0.254803 -0.480081 0.057151 -0.365610 -0.484770 0.087201 
0.000000 0.000000 0.000000 -0.027919 0.038755 -0.057814 -0.196646 -0.317425 -0.227732 -0.136983 -0.326287 -0.104449 -0.087222 -0.301850 -0.018025 -0.039434 -0.270394 0.060855 -0.244655 -0.117773 -0.220204 -0.375866 -0.249920 -0.280471 -0.422878 -0.382643 -0.215192 -0.307797 -0.511241 -0.266473 -0.411502 -0.600800 -0.263915 -0.490972 -0.537967 -0.206212 -0.314174 -0.484615 -0.107631 -0.466999 -0.514223 -0.064131 -0.545940 -0.425554 0.003291 -0.241301 -0.446523 -0.024582 -0.351786 -0.550263 -0.029283 -0.465145 -0.485119 0.004981 -0.155080 -0.401483 0.066135 -0.234681 -0.491714 0.069769 -0.347519 -0.503511 0.087979 
0.000000 0.000000 0.000000 -0.018710 0.031512 -0.065428 -0.143306 -0.347547 -0.223527 -0.105745 -0.341399 -0.091663 -0.072626 -0.306220 -0.001065 -0.040371 -0.264893 0.081076 -0.217212 -0.151808 -0.223025 -0.336355 -0.297789 -0.275994 -0.392254 -0.432834 -0.223789 -0.261543 -0.539584 -0.247239 -0.333001 -0.655646 -0.261569 -0.423818 -0.600560 -0.213496 -0.220332 -0.549124 -0.105609 -0.350969 -0.643731 -0.095213 -0.423884 -0.534016 -0.059359 -0.198725 -0.475783 -0.008865 -0.289146 -0.597371 -0.014458 -0.406758 -0.532877 0.002159 -0.139118 -0.409110 0.087130 -0.207088 -0.508377 0.091298 -0.319609 -0.530255 0.099272 
0.000000 0.000000 0.000000 -0.009546 0.025179 -0.069991 -0.076739 -0.373287 -0.214611 -0.062828 -0.354820 -0.079325 -0.048389 -0.310732 0.012272 -0.033811 -0.261190 0.094908 -0.180257 -0.181926 -0.230651 -0.280962 -0.342232 -0.280366 -0.331751 -0.481967 -0.235853 -0.165322 -0.580782 -0.237395 -0.218860 -0.706186 -0.251164 -0.323276 -0.670765 -0.213273 -0.150830 -0.575231 -0.091539 -0.210683 -0.725142 -0.099846 -0.303319 -0.627746 -0.075929 -0.142603 -0.500005 0.008670 -0.210161 -0.635726 0.006088 -0.335427 -0.584999 0.007872 -0.112672 -0.416866 0.106419 -0.166953 -0.524020 0.114342 -0.270899 -0.572865 0.117863 
0.000000 0.000000 0.000000 -0.007976 0.022392 -0.071126 -0.047937 -0.383519 -0.204708 -0.040610 -0.360045 -0.069681 -0.032315 -0.312356 0.020870 -0.023800 -0.259502 0.102290 -0.161195 -0.207705 -0.217500 -0.251578 -0.372657 -0.271656 -0.295883 -0.515440 -0.229980 -0.111486 -0.598755 -0.237192 -0.149893 -0.728838 -0.256825 -0.261858 -0.733004 -0.224581 -0.100657 -0.589814 -0.078341 -0.141498 -0.746089 -0.084231 -0.266781 -0.696857 -0.061433 -0.096349 -0.513869 0.023347 -0.142265 -0.658365 0.025124 -0.277222 -0.652650 0.020420 -0.070494 -0.426628 0.124084 -0.102634 -0.541664 0.139085 -0.179234 -0.626471 0.151053 
0.000000 0.000000 0.000000 -0.018602 0.023921 -0.068598 -0.081402 -0.378920 -0.202691 -0.053341 -0.358332 -0.069929 -0.030955 -0.312599 0.019232 -0.009712 -0.261510 0.099445 -0.183925 -0.199401 -0.212271 -0.284649 -0.354076 -0.277396 -0.346166 -0.495566 -0.260568 -0.149291 -0.590444 -0.248175 -0.190321 -0.718283 -0.275664 -0.293381 -0.767261 -0.251726 -0.101579 -0.590524 -0.085237 -0.134388 -0.748447 -0.095649 -0.265468 -0.769543 -0.063833 -0.087583 -0.516216 0.026088 -0.128190 -0.662222 0.031005 -0.255504 -0.707600 0.030804 -0.053688 -0.427763 0.131265 -0.083958 -0.542197 0.153167 -0.142687 -0.636930 0.181090 
0.000000 0.000000 0.000000 -0.035855 0.029164 -0.059058 -0.147319 -0.361745 -0.196795 -0.083181 -0.351365 -0.075900 -0.035572 -0.312634 0.006414 0.008674 -0.267889 0.080816 -0.231074 -0.163552 -0.209378 -0.351452 -0.303358 -0.274758 -0.438383 -0.431367 -0.286740 -0.236163 -0.564128 -0.247470 -0.289858 -0.686443 -0.278096 -0.383636 -0.751756 -0.255011 -0.153708 -0.577401 -0.096107 -0.201676 -0.731137 -0.109851 -0.319136 -0.786447 -0.067621 -0.110604 -0.510082 0.016307 -0.164406 -0.651666 0.023400 -0.282502 -0.716444 0.034588 -0.044362 -0.430587 0.116914 -0.080868 -0.542575 0.141760 -0.139822 -0.633857 0.179111 
0.000000 0.000000 0.000000 -0.040016 0.034601 -0.053154 -0.172298 -0.341478 -0.212123 -0.097891 -0.342323 -0.096797 -0.042531 -0.311416 -0.016036 0.008953 -0.273801 0.057652 -0.261003 -0.137696 -0.192167 -0.396362 -0.263652 -0.256387 -0.493092 -0.384131 -0.271055 -0.293481 -0.529702 -0.248271 -0.366722 -0.643459 -0.270118 -0.460412 -0.702946 -0.234390 -0.199617 -0.556246 -0.115857 -0.268805 -0.701743 -0.128821 -0.382659 -0.756296 -0.076855 -0.129071 -0.504103 -0.006220 -0.191125 -0.642272 0.000818 -0.310168 -0.703339 0.019991 -0.050005 -0.434653 0.092825 -0.090586 -0.545370 0.117035 -0.153586 -0.633194 0.156036 
0.000000 0.000000 0.000000 -0.043555 0.039575 -0.046483 -0.182925 -0.318951 -0.236853 -0.101353 -0.331203 -0.127158 -0.041208 -0.308428 -0.047118 0.014570 -0.278274 0.026874 -0.276891 -0.097588 -0.203284 -0.409989 -0.229772 -0.259173 -0.498294 -0.356774 -0.271807 -0.309250 -0.499195 -0.291389 -0.385597 -0.608130 -0.324349 -0.477168 -0.669829 -0.286919 -0.231437 -0.529667 -0.139983 -0.319913 -0.664651 -0.148706 -0.432603 -0.709574 -0.086079 -0.153217 -0.487221 -0.032950 -0.233534 -0.615427 -0.022791 -0.357337 -0.661957 0.005065 -0.062375 -0.432682 0.055581 -0.115338 -0.538963 0.075340 -0.191201 -0.615956 0.114328 
0.000000 0.000000 0.000000 -0.043966 0.042802 -0.043114 -0.190761 -0.301868 -0.252540 -0.107320 -0.321687 -0.145386 -0.045463 -0.304501 -0.065256 0.011999 -0.279534 0.009377 -0.286268 -0.080263 -0.198004 -0.422970 -0.207932 -0.255662 -0.511082 -0.334883 -0.270028 -0.330495 -0.472867 -0.304058 -0.414946 -0.576213 -0.335194 -0.506686 -0.633586 -0.291774 -0.251128 -0.510678 -0.154118 -0.348937 -0.639218 -0.160057 -0.461847 -0.671870 -0.090599 -0.170815 -0.474029 -0.049107 -0.260700 -0.595592 -0.037527 -0.385866 -0.636597 -0.007193 -0.075714 -0.428653 0.034993 -0.136088 -0.531295 0.052624 -0.219639 -0.599838 0.091667 
0.000000 0.000000 0.000000 -0.039885 0.045017 -0.044794 -0.190988 -0.291277 -0.264521 -0.113877 -0.315553 -0.153610 -0.055362 -0.301708 -0.070382 -0.000624 -0.279855 0.007217 -0.292309 -0.054063 -0.200717 -0.427828 -0.186931 -0.248588 -0.521958 -0.308697 -0.268578 -0.346254 -0.451780 -0.303912 -0.440092 -0.548784 -0.327718 -0.531619 -0.600298 -0.277100 -0.259059 -0.503486 -0.162402 -0.357804 -0.631308 -0.168382 -0.471517 -0.665998 -0.101261 -0.190242 -0.462621 -0.045317 -0.286959 -0.578005 -0.027344 -0.410517 -0.624100 0.002264 -0.098566 -0.421630 0.037107 -0.165982 -0.519217 0.057681 -0.253133 -0.581451 0.099331 
0.000000 0.000000 0.000000 -0.040712 0.046629 -0.042334 -0.197562 -0.281521 -0.270196 -0.118135 -0.309793 -0.161894 -0.057788 -0.298967 -0.079533 -0.001313 -0.279935 -0.002437 -0.296845 -0.047237 -0.195406 -0.437468 -0.173557 -0.246197 -0.536327 -0.290968 -0.269185 -0.362358 -0.435402 -0.294344 -0.461956 -0.528403 -0.308938 -0.548282 -0.568019 -0.241325 -0.267730 -0.494175 -0.171845 -0.369476 -0.619580 -0.178612 -0.483349 -0.647655 -0.108725 -0.197606 -0.455517 -0.053906 -0.297865 -0.567772 -0.035531 -0.422303 -0.611017 -0.005313 -0.114878 -0.409325 0.028343 -0.193047 -0.498387 0.049529 -0.286311 -0.549682 0.092816 
0.000000 0.000000 0.000000 -0.038225 0.045928 -0.045314 -0.185581 -0.286195 -0.273755 -0.111886 -0.312560 -0.161013 -0.055683 -0.300292 -0.075964 -0.003030 -0.279911 0.003456 -0.293904 -0.045122 -0.200828 -0.428889 -0.180279 -0.243524 -0.528992 -0.296320 -0.268031 -0.355941 -0.435275 -0.286916 -0.458901 -0.525374 -0.294869 -0.541840 -0.554933 -0.218446 -0.271171 -0.488900 -0.158372 -0.379507 -0.608836 -0.156575 -0.491912 -0.611694 -0.079140 -0.202165 -0.449937 -0.046583 -0.307201 -0.557241 -0.025514 -0.434921 -0.588450 0.005819 -0.124922 -0.401412 0.034538 -0.208823 -0.485044 0.055932 -0.308286 -0.522407 0.099684 
0.000000 0.000000 0.000000 -0.036984 0.045179 -0.047063 -0.173424 -0.290282 -0.277400 -0.103534 -0.314976 -0.161890 -0.050470 -0.301444 -0.075036 -0.000823 -0.279883 0.005992 -0.291397 -0.052650 -0.200523 -0.422527 -0.191678 -0.242798 -0.518786 -0.311064 -0.266631 -0.347042 -0.436140 -0.279062 -0.451971 -0.524292 -0.280068 -0.526505 -0.541407 -0.192063 -0.248464 -0.502857 -0.174938 -0.378329 -0.592826 -0.140800 -0.484678 -0.572211 -0.057708 -0.203650 -0.443221 -0.041143 -0.313490 -0.544885 -0.016839 -0.443600 -0.558417 0.017166 -0.124486 -0.399339 0.037991 -0.209606 -0.481563 0.060016 -0.312425 -0.509265 0.103189 
0.000000 0.000000 0.000000 -0.036246 0.044578 -0.048197 -0.165714 -0.293522 -0.278700 -0.098151 -0.316874 -0.161538 -0.047032 -0.302332 -0.073688 0.000748 -0.279827 0.008203 -0.291111 -0.057390 -0.198173 -0.417946 -0.200495 -0.239946 -0.504397 -0.328158 -0.257701 -0.336641 -0.441627 -0.295103 -0.447216 -0.517485 -0.266802 -0.511139 -0.519743 -0.169325 -0.230893 -0.512745 -0.183637 -0.370945 -0.566864 -0.123794 -0.461916 -0.513875 -0.036870 -0.207693 -0.433515 -0.032545 -0.322897 -0.527581 -0.003043 -0.448009 -0.494486 0.035941 -0.124956 -0.396953 0.040855 -0.211481 -0.477574 0.063329 -0.318384 -0.480437 0.105361 
0.000000 0.000000 0.000000 -0.034269 0.041964 -0.051851 -0.153628 -0.307782 -0.270109 -0.090961 -0.324957 -0.149218 -0.043553 -0.305824 -0.060174 0.000755 -0.279051 0.022381 -0.285949 -0.072544 -0.198109 -0.408058 -0.219994 -0.238840 -0.479933 -0.357351 -0.246180 -0.321006 -0.458643 -0.295523 -0.432735 -0.519785 -0.244923 -0.491495 -0.508905 -0.144814 -0.216251 -0.525592 -0.172084 -0.358363 -0.559968 -0.103185 -0.436155 -0.485202 -0.019532 -0.205810 -0.432889 -0.012834 -0.322158 -0.524003 0.021112 -0.433706 -0.457274 0.058156 -0.125679 -0.394108 0.059294 -0.212707 -0.473303 0.084702 -0.315159 -0.431689 0.115926 
0.000000 0.000000 0.000000 -0.033882 0.042047 -0.052038 -0.145744 -0.307022 -0.275293 -0.084876 -0.324589 -0.153541 -0.039148 -0.305734 -0.063564 0.003502 -0.279215 0.019941 -0.279936 -0.085025 -0.197489 -0.402407 -0.228772 -0.248955 -0.458049 -0.373629 -0.251653 -0.308719 -0.460435 -0.311675 -0.419260 -0.513484 -0.250449 -0.475356 -0.498793 -0.149303 -0.202352 -0.528316 -0.187739 -0.345524 -0.544568 -0.114512 -0.399498 -0.447100 -0.035606 -0.176187 -0.463528 -0.031393 -0.311868 -0.519394 0.006825 -0.417646 -0.443996 0.044163 -0.123168 -0.395393 0.052250 -0.210357 -0.475360 0.074489 -0.299166 -0.405179 0.094257 
0.000000 0.000000 0.000000 -0.033608 0.040874 -0.053139 -0.138250 -0.312744 -0.272705 -0.078944 -0.327796 -0.149851 -0.034734 -0.307077 -0.059525 0.006404 -0.278829 0.024171 -0.276381 -0.092686 -0.198291 -0.392154 -0.243120 -0.246011 -0.434384 -0.392344 -0.240031 -0.298378 -0.469023 -0.309531 -0.407776 -0.513608 -0.240058 -0.463218 -0.493281 -0.139529 -0.193190 -0.533524 -0.182985 -0.334890 -0.538189 -0.105371 -0.381051 -0.434102 -0.030041 -0.163457 -0.471793 -0.027700 -0.303807 -0.510355 0.014794 -0.404476 -0.427911 0.051356 -0.119819 -0.394555 0.059692 -0.206700 -0.474211 0.084141 -0.282777 -0.388689 0.094210 
0.000000 0.000000 0.000000 -0.033751 0.037510 -0.055477 -0.131613 -0.328720 -0.256732 -0.073095 -0.336382 -0.132821 -0.029914 -0.310270 -0.043401 0.010144 -0.277036 0.038978 -0.271637 -0.106665 -0.198551 -0.384340 -0.260971 -0.240961 -0.421000 -0.410965 -0.225311 -0.288538 -0.488909 -0.290412 -0.398353 -0.521680 -0.215254 -0.455696 -0.492260 -0.118097 -0.187352 -0.543569 -0.155031 -0.328786 -0.535154 -0.077248 -0.374711 -0.425807 -0.009620 -0.157303 -0.474724 -0.005445 -0.299794 -0.499859 0.039890 -0.397387 -0.412349 0.072841 -0.118810 -0.387587 0.080635 -0.207572 -0.463682 0.109309 -0.279768 -0.374409 0.113906 
0.000000 0.000000 0.000000 -0.035058 0.035593 -0.055928 -0.133735 -0.337179 -0.244368 -0.072889 -0.340716 -0.121395 -0.028277 -0.311636 -0.033609 0.013028 -0.275669 0.046987 -0.268968 -0.120749 -0.192638 -0.385999 -0.271456 -0.236252 -0.419209 -0.421121 -0.212076 -0.289888 -0.498951 -0.273801 -0.399777 -0.525997 -0.196503 -0.456077 -0.490239 -0.100875 -0.188974 -0.547448 -0.137542 -0.329514 -0.531862 -0.059245 -0.374035 -0.419895 0.004947 -0.157893 -0.473893 0.006216 -0.300706 -0.490906 0.054236 -0.396131 -0.401683 0.088897 -0.118406 -0.382229 0.091219 -0.208874 -0.455576 0.121664 -0.288460 -0.373321 0.131834 
0.000000 0.000000 0.000000 -0.039663 0.033821 -0.053916 -0.143668 -0.344358 -0.228183 -0.074206 -0.344344 -0.109810 -0.024102 -0.312717 -0.025954 0.022050 -0.274408 0.050843 -0.271997 -0.128426 -0.186366 -0.392454 -0.276661 -0.229115 -0.426271 -0.424903 -0.198007 -0.297145 -0.508709 -0.257402 -0.405537 -0.525378 -0.175210 -0.459629 -0.482510 -0.081245 -0.193845 -0.549414 -0.120147 -0.331567 -0.521521 -0.040277 -0.374207 -0.407299 0.021160 -0.156907 -0.471754 0.016279 -0.299008 -0.479544 0.068598 -0.391208 -0.388384 0.106768 -0.112415 -0.375794 0.098029 -0.204969 -0.445581 0.130508 -0.292916 -0.373840 0.148445 
0.000000 0.000000 0.000000 -0.042786 0.033319 -0.051799 -0.150710 -0.346135 -0.220833 -0.075312 -0.345249 -0.106153 -0.021408 -0.312996 -0.024935 0.028105 -0.274111 0.049441 -0.275862 -0.130015 -0.181583 -0.395570 -0.279801 -0.220894 -0.426850 -0.427759 -0.186011 -0.300469 -0.514496 -0.246268 -0.407123 -0.527301 -0.161162 -0.459479 -0.480415 -0.068137 -0.192869 -0.551704 -0.111722 -0.326329 -0.515020 -0.028251 -0.366661 -0.399169 0.031677 -0.154294 -0.471303 0.019718 -0.294898 -0.473808 0.076419 -0.384286 -0.381284 0.117859 -0.105639 -0.375688 0.098233 -0.197699 -0.445606 0.131817 -0.292808 -0.387064 0.158838 
0.000000 0.000000 0.000000 -0.049644 0.032811 -0.045638 -0.167127 -0.347140 -0.207008 -0.078395 -0.345722 -0.102311 -0.015897 -0.313094 -0.027667 0.041235 -0.273867 0.040836 -0.283945 -0.133598 -0.169159 -0.404277 -0.283492 -0.206079 -0.426124 -0.431056 -0.163247 -0.306339 -0.525319 -0.224120 -0.407178 -0.528719 -0.131374 -0.455598 -0.474575 -0.040175 -0.196958 -0.551596 -0.096553 -0.324870 -0.509297 -0.007258 -0.361508 -0.391628 0.051487 -0.150761 -0.465686 0.029262 -0.287166 -0.464437 0.095466 -0.371981 -0.369963 0.141824 -0.090247 -0.375343 0.095618 -0.180750 -0.445191 0.133326 -0.282770 -0.412313 0.174726 
0.000000 0.000000 0.000000 -0.051072 0.029659 -0.046215 -0.164415 -0.359740 -0.186667 -0.073821 -0.351640 -0.083886 -0.010583 -0.314304 -0.012127 0.047057 -0.270773 0.053281 -0.283379 -0.150116 -0.153735 -0.399545 -0.305761 -0.178047 -0.410058 -0.450069 -0.121908 -0.301606 -0.540030 -0.176953 -0.398500 -0.538969 -0.080037 -0.444472 -0.478208 0.008211 -0.187001 -0.558716 -0.055877 -0.309150 -0.509077 0.037612 -0.344774 -0.387958 0.089578 -0.139111 -0.464881 0.062174 -0.271591 -0.457732 0.135583 -0.355306 -0.361444 0.180173 -0.070528 -0.382131 0.119308 -0.151464 -0.458780 0.164757 -0.250906 -0.465836 0.221893 
0.000000 0.000000 0.000000 -0.053257 0.026592 -0.045612 -0.153623 -0.369933 -0.175614 -0.061182 -0.356020 -0.075124 0.002047 -0.314660 -0.005599 0.059288 -0.267470 0.057584 -0.277793 -0.168441 -0.142523 -0.386560 -0.330094 -0.161214 -0.384072 -0.472418 -0.099371 -0.279438 -0.557346 -0.154001 -0.371452 -0.554316 -0.052482 -0.416251 -0.491159 0.034681 -0.165976 -0.565334 -0.034130 -0.285171 -0.514258 0.062349 -0.323082 -0.392546 0.111219 -0.112031 -0.473225 0.075377 -0.241142 -0.462314 0.154131 -0.325690 -0.367241 0.199749 -0.050128 -0.382508 0.130938 -0.125441 -0.461690 0.181429 -0.218917 -0.481743 0.245173 
0.000000 0.000000 0.000000 -0.053655 0.024932 -0.046080 -0.139163 -0.374305 -0.178381 -0.048289 -0.357622 -0.076889 0.012780 -0.314388 -0.006577 0.067732 -0.265508 0.057349 -0.273542 -0.182191 -0.127295 -0.374455 -0.349423 -0.139993 -0.359545 -0.492230 -0.081081 -0.260073 -0.561735 -0.137504 -0.346814 -0.566340 -0.031500 -0.388550 -0.503904 0.057680 -0.136751 -0.572953 -0.029123 -0.249621 -0.524638 0.075999 -0.288990 -0.404199 0.126831 -0.087592 -0.479627 0.079069 -0.210131 -0.467270 0.167513 -0.291564 -0.372917 0.219803 -0.043101 -0.373411 0.138954 -0.119388 -0.447683 0.195125 -0.215692 -0.437646 0.256995 
0.000000 0.000000 0.000000 -0.059063 0.022805 -0.040192 -0.131625 -0.376941 -0.178552 -0.033068 -0.357510 -0.085033 0.031391 -0.312573 -0.018941 0.088842 -0.262207 0.041541 -0.270324 -0.195374 -0.115109 -0.362745 -0.367376 -0.128711 -0.334728 -0.510518 -0.075681 -0.231661 -0.577349 -0.143206 -0.308507 -0.584253 -0.029940 -0.346697 -0.525111 0.062994 -0.106936 -0.578735 -0.039455 -0.215516 -0.537412 0.072916 -0.257402 -0.420108 0.128813 -0.049970 -0.489293 0.063909 -0.165928 -0.480578 0.161215 -0.245938 -0.389918 0.221608 -0.015385 -0.372261 0.128783 -0.087127 -0.448014 0.188832 -0.180461 -0.400750 0.236350 
0.000000 0.000000 0.000000 -0.059652 0.020645 -0.040488 -0.109680 -0.379049 -0.188633 -0.013449 -0.356708 -0.093357 0.047760 -0.310032 -0.025407 0.101759 -0.258167 0.036959 -0.260717 -0.210877 -0.102266 -0.335892 -0.391468 -0.109089 -0.291687 -0.532675 -0.062256 -0.200373 -0.580274 -0.136639 -0.268167 -0.596363 -0.018626 -0.300793 -0.538193 0.077004 -0.064570 -0.584362 -0.048246 -0.162926 -0.546646 0.074343 -0.206116 -0.432489 0.135517 -0.011169 -0.496175 0.055782 -0.118116 -0.488289 0.162979 -0.195209 -0.400317 0.230696 0.014197 -0.378370 0.128994 -0.046075 -0.461108 0.192343 -0.131630 -0.394145 0.229752 