36
0.000000 0.000000 0.000000 -0.067837 -0.000514 -0.031965 -0.247766 -0.096247 0.347331 -0.119504 -0.070939 0.341795 -0.027036 -0.048746 0.309740 0.034428 -0.032237 0.275947 -0.165968 0.087684 0.251650 -0.227372 0.142872 0.429118 -0.319828 0.221984 0.525452 -0.289577 0.036022 0.526710 -0.314847 0.115962 0.635122 -0.332543 0.218703 0.687316 -0.163050 -0.000079 0.564409 -0.184618 0.139182 0.643565 -0.179996 0.260656 0.581419 -0.058986 0.019898 0.507176 -0.087849 0.152186 0.575424 -0.100528 0.270426 0.511185 -0.007985 0.093258 0.390133 -0.037179 0.179638 0.468730 -0.054813 0.247152 0.377439 
0.000000 0.000000 0.000000 -0.068004 0.000642 -0.031606 -0.247401 -0.093476 0.348347 -0.118792 -0.070149 0.342206 -0.026160 -0.049296 0.309729 0.035375 -0.033639 0.275659 -0.158848 0.092968 0.253122 -0.215692 0.150739 0.431286 -0.301996 0.234272 0.529575 -0.283802 0.043501 0.525357 -0.305801 0.126286 0.632337 -0.319987 0.230787 0.682049 -0.160443 0.001908 0.564798 -0.178776 0.141023 0.645020 -0.171837 0.263779 0.585672 -0.053010 0.017269 0.508630 -0.077982 0.151893 0.573774 -0.089163 0.269599 0.508289 -0.002881 0.091946 0.391206 -0.030526 0.183666 0.464108 -0.045945 0.247193 0.369611 
0.000000 0.000000 0.000000 -0.068463 0.002206 -0.030525 -0.243970 -0.087197 0.352371 -0.114961 -0.066914 0.344156 -0.022391 -0.048290 0.310182 0.038947 -0.034128 0.275117 -0.150936 0.095930 0.256285 -0.202542 0.154577 0.435753 -0.282547 0.242135 0.535851 -0.274433 0.054488 0.526777 -0.292844 0.140119 0.632183 -0.301223 0.247957 0.675702 -0.151800 0.007194 0.566924 -0.164557 0.149157 0.643136 -0.154751 0.271188 0.582707 -0.047372 0.020347 0.508623 -0.069250 0.155722 0.573320 -0.077405 0.271086 0.503371 0.007097 0.082995 0.401030 -0.019634 0.183920 0.460955 -0.034137 0.246015 0.365368 
0.000000 0.000000 0.000000 -0.068775 0.002635 -0.029781 -0.240335 -0.092043 0.353635 -0.111413 -0.071662 0.344368 -0.019195 -0.052578 0.309699 0.041781 -0.037939 0.274201 -0.143380 0.097022 0.258960 -0.190063 0.156084 0.439635 -0.263490 0.243558 0.544724 -0.263945 0.055260 0.524411 -0.278214 0.144285 0.627624 -0.281288 0.255004 0.664025 -0.141611 0.008718 0.565956 -0.149396 0.152689 0.639005 -0.138075 0.272938 0.575355 -0.039145 0.017440 0.508226 -0.056715 0.154577 0.570482 -0.063085 0.268255 0.497648 0.014555 0.081007 0.399488 -0.008524 0.182858 0.459364 -0.021455 0.242814 0.362198 
0.000000 0.000000 0.000000 -0.068999 0.004401 -0.029045 -0.238216 -0.102132 0.352296 -0.109171 -0.082756 0.342594 -0.017061 -0.063394 0.307793 0.043756 -0.048123 0.272288 -0.138763 0.089199 0.263852 -0.182417 0.142260 0.447127 -0.249875 0.227422 0.557959 -0.251862 0.044916 0.524374 -0.260109 0.133788 0.628373 -0.255728 0.247504 0.653723 -0.140145 -0.010540 0.566870 -0.144173 0.139368 0.627168 -0.130326 0.257558 0.560245 -0.034728 -0.009764 0.511571 -0.048738 0.134275 0.556819 -0.051820 0.243754 0.477618 0.019465 0.060194 0.407431 -0.004152 0.169543 0.451886 -0.015572 0.227974 0.353608 
0.000000 0.000000 0.000000 -0.069041 0.005800 -0.028699 -0.238056 -0.110749 0.349792 -0.108890 -0.092094 0.340292 -0.016725 -0.072416 0.305814 0.044113 -0.056565 0.270602 -0.133916 0.085464 0.266752 -0.174510 0.135312 0.451626 -0.239419 0.218149 0.565696 -0.251234 0.034424 0.523490 -0.259199 0.122163 0.628469 -0.249997 0.236956 0.646667 -0.141214 -0.022219 0.565119 -0.142998 0.127074 0.627030 -0.125983 0.245667 0.561565 -0.032837 -0.018630 0.509680 -0.045011 0.121731 0.565729 -0.046678 0.230451 0.485447 0.023428 0.050274 0.407510 0.003181 0.156687 0.460024 -0.007724 0.216832 0.362727 
0.000000 0.000000 0.000000 -0.068903 0.008817 -0.028257 -0.240461 -0.111030 0.348053 -0.110771 -0.096523 0.338453 -0.018112 -0.079145 0.304063 0.043106 -0.064515 0.268981 -0.135765 0.083864 0.267958 -0.177603 0.130823 0.453311 -0.242208 0.209740 0.570295 -0.254878 0.031309 0.523985 -0.263592 0.117335 0.630313 -0.250695 0.232816 0.639844 -0.150164 -0.030662 0.563364 -0.153072 0.118444 0.625681 -0.133360 0.237164 0.561210 -0.036443 -0.036847 0.510433 -0.048436 0.103427 0.566738 -0.047810 0.210278 0.483970 0.019802 0.044771 0.403517 -0.000754 0.147479 0.462846 -0.010215 0.208007 0.365635 
0.000000 0.000000 0.000000 -0.068600 0.008626 -0.029044 -0.244085 -0.115211 0.344150 -0.114377 -0.099851 0.336281 -0.021405 -0.081647 0.303186 0.040153 -0.066374 0.268986 -0.140736 0.077996 0.267318 -0.185874 0.121402 0.452762 -0.251812 0.196592 0.571445 -0.261340 0.023484 0.522716 -0.271768 0.107308 0.630637 -0.256771 0.222898 0.633319 -0.157290 -0.037408 0.561522 -0.160979 0.109753 0.628266 -0.138995 0.227604 0.562943 -0.041636 -0.042383 0.509978 -0.054662 0.096692 0.568962 -0.053427 0.202988 0.485490 0.018827 0.035058 0.409851 -0.001583 0.141746 0.461740 -0.010460 0.202051 0.364335 
0.000000 0.000000 0.000000 -0.068579 0.008057 -0.029256 -0.244063 -0.122129 0.341772 -0.114532 -0.105008 0.334654 -0.021662 -0.085241 0.302177 0.039842 -0.068799 0.268422 -0.139350 0.072468 0.268551 -0.183634 0.112773 0.454899 -0.251200 0.184875 0.574578 -0.265350 0.013908 0.521941 -0.278216 0.096125 0.630831 -0.262879 0.211677 0.628478 -0.160426 -0.043181 0.559477 -0.166346 0.101595 0.631096 -0.143383 0.218673 0.564727 -0.042001 -0.053242 0.510206 -0.056006 0.084176 0.572744 -0.055436 0.191817 0.491006 0.018923 0.027123 0.413155 -0.001642 0.132485 0.467626 -0.010740 0.194279 0.371179 
0.000000 0.000000 0.000000 -0.068675 0.010034 -0.028406 -0.243225 -0.127337 0.340466 -0.113482 -0.112244 0.332657 -0.020563 -0.093178 0.299902 0.040927 -0.076864 0.266060 -0.143847 0.067070 0.269826 -0.190884 0.102759 0.456441 -0.259746 0.171484 0.577362 -0.265887 0.002375 0.525077 -0.279584 0.080770 0.636651 -0.264797 0.196370 0.633289 -0.162223 -0.057032 0.558600 -0.170436 0.086634 0.632200 -0.148051 0.204020 0.566178 -0.044178 -0.068665 0.508601 -0.061573 0.065234 0.577588 -0.061895 0.175774 0.499814 0.016066 0.020459 0.409227 -0.006828 0.122770 0.468384 -0.016264 0.185882 0.372829 
0.000000 0.000000 0.000000 -0.068702 0.008322 -0.028891 -0.242237 -0.137187 0.337330 -0.112918 -0.118337 0.330731 -0.020319 -0.096347 0.298916 0.040951 -0.077992 0.265728 -0.142883 0.058697 0.270785 -0.189301 0.090217 0.458303 -0.260079 0.154551 0.580526 -0.270219 -0.011722 0.524134 -0.287130 0.064105 0.637033 -0.271844 0.179507 0.630565 -0.161790 -0.069518 0.558113 -0.170486 0.072772 0.634288 -0.148410 0.190616 0.568983 -0.046446 -0.077878 0.507937 -0.066941 0.050404 0.586133 -0.068824 0.165560 0.515396 0.019767 0.008946 0.415992 -0.002065 0.111036 0.475928 -0.012854 0.177629 0.382912 
0.000000 0.000000 0.000000 -0.068854 0.007784 -0.028679 -0.239898 -0.143619 0.336323 -0.110831 -0.123129 0.329686 -0.018568 -0.099683 0.297934 0.042410 -0.080240 0.264828 -0.145252 0.050810 0.271585 -0.193056 0.077733 0.459471 -0.265406 0.137612 0.583030 -0.267899 -0.022282 0.525831 -0.284822 0.051051 0.640365 -0.270054 0.166386 0.631826 -0.164011 -0.085888 0.558290 -0.176530 0.054936 0.636626 -0.155829 0.173603 0.572371 -0.043045 -0.086606 0.507561 -0.065414 0.035033 0.595278 -0.070806 0.154059 0.531466 0.020140 0.001471 0.417844 -0.002853 0.099868 0.483271 -0.014572 0.168886 0.392153 
0.000000 0.000000 0.000000 -0.069025 0.007965 -0.028213 -0.237516 -0.152624 0.334039 -0.108615 -0.131140 0.327326 -0.016643 -0.106389 0.295721 0.044065 -0.085814 0.262803 -0.140806 0.046384 0.273809 -0.185722 0.070424 0.462795 -0.257606 0.127207 0.588077 -0.262744 -0.034316 0.525839 -0.277991 0.037185 0.641757 -0.263036 0.152483 0.633036 -0.158219 -0.086450 0.555397 -0.171803 0.048075 0.643959 -0.151603 0.167201 0.580397 -0.037350 -0.094253 0.505810 -0.058217 0.023804 0.598643 -0.065266 0.144818 0.538861 0.023208 -0.005737 0.416877 0.001498 0.089353 0.487431 -0.010873 0.160472 0.398031 
0.000000 0.000000 0.000000 -0.069168 0.009276 -0.027451 -0.236320 -0.157660 0.332545 -0.107267 -0.137314 0.325232 -0.015310 -0.112779 0.293416 0.045333 -0.092081 0.260456 -0.141246 0.041169 0.275260 -0.186347 0.061125 0.464677 -0.258663 0.115502 0.590774 -0.262213 -0.043346 0.526664 -0.277862 0.025743 0.643983 -0.263130 0.141088 0.635518 -0.159176 -0.107229 0.555177 -0.173055 0.027465 0.643436 -0.152830 0.147547 0.581706 -0.037056 -0.105975 0.503640 -0.059460 0.007812 0.601320 -0.067616 0.130855 0.545985 0.025878 -0.017081 0.417245 0.004856 0.074263 0.492781 -0.008907 0.148954 0.406555 
0.000000 0.000000 0.000000 -0.069232 0.007902 -0.027719 -0.234437 -0.162211 0.331688 -0.105784 -0.139322 0.324864 -0.014207 -0.112985 0.293392 0.046141 -0.091101 0.260658 -0.141259 0.038323 0.275155 -0.186329 0.057359 0.464674 -0.259351 0.110531 0.590878 -0.265201 -0.051220 0.527021 -0.283794 0.015860 0.645074 -0.268227 0.130945 0.634759 -0.158991 -0.115894 0.555286 -0.172582 0.019163 0.643033 -0.151867 0.139686 0.582334 -0.038937 -0.109154 0.503362 -0.064073 0.001567 0.603859 -0.073920 0.127546 0.555896 0.025307 -0.015520 0.416990 0.004389 0.070398 0.498672 -0.009963 0.147963 0.415120 
0.000000 0.000000 0.000000 -0.069634 0.009599 -0.026132 -0.230438 -0.164121 0.333546 -0.101567 -0.143341 0.324461 -0.010202 -0.118024 0.291569 0.049842 -0.096597 0.257984 -0.134527 0.033124 0.278961 -0.175133 0.047846 0.469868 -0.246026 0.097848 0.598557 -0.254391 -0.054648 0.530680 -0.268868 0.011515 0.649823 -0.251990 0.126291 0.638215 -0.148586 -0.120694 0.556303 -0.159585 0.009856 0.650961 -0.139028 0.131255 0.591978 -0.027121 -0.105375 0.501967 -0.045545 -0.009235 0.617762 -0.056272 0.120957 0.583075 0.033081 -0.013737 0.411084 0.019921 0.052205 0.510933 0.005149 0.134488 0.432101 
0.000000 0.000000 0.000000 -0.070065 0.011897 -0.023943 -0.225198 -0.169209 0.334581 -0.096177 -0.150953 0.322646 -0.005165 -0.126626 0.288072 0.054440 -0.105487 0.253535 -0.126830 0.026734 0.283310 -0.162351 0.036018 0.475568 -0.230400 0.082716 0.607004 -0.240939 -0.067609 0.536694 -0.250452 -0.006205 0.658846 -0.231760 0.108463 0.649100 -0.135352 -0.129708 0.556074 -0.145586 -0.011105 0.665405 -0.127439 0.114559 0.615219 -0.015092 -0.106712 0.498354 -0.027978 -0.028098 0.627368 -0.040946 0.105229 0.609372 0.046201 -0.033063 0.412510 0.038634 0.027779 0.516107 0.022963 0.115394 0.443436 
0.000000 0.000000 0.000000 -0.070209 0.012697 -0.023095 -0.223116 -0.171727 0.334693 -0.094089 -0.154254 0.321699 -0.003247 -0.130154 0.286523 0.056167 -0.109017 0.251658 -0.123482 0.023916 0.284935 -0.156816 0.030936 0.477680 -0.224130 0.076059 0.610042 -0.239132 -0.074621 0.538982 -0.248811 -0.015932 0.662448 -0.228197 0.098480 0.653606 -0.130307 -0.134718 0.555753 -0.140809 -0.023768 0.672819 -0.124096 0.104424 0.628924 -0.011146 -0.115024 0.497290 -0.023776 -0.038883 0.627804 -0.039045 0.095110 0.618817 0.051941 -0.054562 0.417800 0.043037 0.017378 0.513907 0.026869 0.106725 0.443488 
0.000000 0.000000 0.000000 -0.070676 0.010396 -0.022819 -0.215864 -0.187466 0.330983 -0.087640 -0.164632 0.318360 0.002148 -0.136218 0.283701 0.060650 -0.112014 0.249290 -0.121043 0.014207 0.285879 -0.152559 0.016591 0.479043 -0.219782 0.057221 0.612898 -0.236411 -0.091922 0.535603 -0.248828 -0.034178 0.659270 -0.227425 0.080212 0.652198 -0.121389 -0.133827 0.551569 -0.134455 -0.034152 0.678134 -0.119729 0.094599 0.635174 -0.003604 -0.116809 0.494186 -0.017194 -0.038260 0.623167 -0.037331 0.095358 0.620186 0.055332 -0.050428 0.412891 0.047557 0.011952 0.515553 0.028238 0.101100 0.445677 
0.000000 0.000000 0.000000 -0.071087 0.007794 -0.022580 -0.207038 -0.204992 0.326196 -0.079969 -0.176161 0.314181 0.008436 -0.142928 0.280262 0.065774 -0.115301 0.246476 -0.120441 0.002117 0.286254 -0.151323 -0.001435 0.479502 -0.221295 0.033196 0.613634 -0.226459 -0.115542 0.533660 -0.238196 -0.061480 0.659046 -0.222552 0.053936 0.653798 -0.113384 -0.165031 0.549200 -0.130483 -0.062876 0.673283 -0.124760 0.068979 0.638343 0.004486 -0.124740 0.490897 -0.010538 -0.051200 0.622643 -0.037280 0.081194 0.627613 0.059405 -0.062682 0.413140 0.047799 0.001662 0.514217 0.023975 0.090779 0.445706 
0.000000 0.000000 0.000000 -0.070852 0.002318 -0.024464 -0.198812 -0.222982 0.319442 -0.074146 -0.184128 0.311025 0.012228 -0.143786 0.279683 0.068083 -0.111483 0.247603 -0.126315 -0.008262 0.283202 -0.161019 -0.014883 0.475719 -0.234783 0.014366 0.609099 -0.232038 -0.135744 0.526096 -0.252118 -0.083021 0.650992 -0.242944 0.033179 0.648437 -0.111158 -0.175027 0.545592 -0.137367 -0.081166 0.674541 -0.142730 0.053366 0.651920 -0.004781 -0.113982 0.488336 -0.027034 -0.052951 0.625342 -0.062276 0.077045 0.636618 0.055336 -0.066097 0.416019 0.032132 0.009808 0.506524 0.004114 0.095869 0.435732 
0.000000 0.000000 0.000000 -0.070853 -0.000313 -0.024569 -0.189428 -0.236921 0.315080 -0.066545 -0.192582 0.307606 0.018049 -0.148006 0.277155 0.072500 -0.112765 0.245762 -0.125796 -0.019694 0.282761 -0.160176 -0.031822 0.475069 -0.235548 -0.011234 0.609165 -0.225298 -0.157045 0.524253 -0.246977 -0.108769 0.650671 -0.244134 0.007744 0.647566 -0.103713 -0.182045 0.542088 -0.133641 -0.108028 0.682624 -0.149410 0.027554 0.685504 -0.002439 -0.124052 0.486248 -0.030001 -0.063497 0.622499 -0.071387 0.063996 0.639843 0.051799 -0.056817 0.410162 0.028738 0.006118 0.510156 -0.002100 0.091771 0.440044 
0.000000 0.000000 0.000000 -0.070723 -0.002358 -0.024831 -0.181541 -0.250572 0.309106 -0.060341 -0.201622 0.303059 0.022652 -0.153326 0.273906 0.075868 -0.115436 0.243495 -0.127492 -0.029050 0.281618 -0.163015 -0.045752 0.473374 -0.238949 -0.032439 0.608073 -0.222336 -0.178807 0.520307 -0.246992 -0.135434 0.647950 -0.248350 -0.018859 0.646708 -0.099431 -0.195176 0.537377 -0.131899 -0.127730 0.680630 -0.150895 0.007387 0.685289 0.001209 -0.134710 0.483446 -0.029487 -0.075656 0.619686 -0.075655 0.049896 0.639000 0.052669 -0.062480 0.408551 0.026120 0.000674 0.507536 -0.007511 0.086185 0.438542 
0.000000 0.000000 0.000000 -0.069050 -0.008922 -0.027865 -0.165687 -0.278888 0.293359 -0.050251 -0.217274 0.293946 0.028193 -0.159527 0.269820 0.078211 -0.115212 0.242859 -0.131273 -0.054886 0.275222 -0.170209 -0.083647 0.464875 -0.250526 -0.088164 0.597598 -0.219272 -0.221735 0.506155 -0.251657 -0.187193 0.634764 -0.260758 -0.070996 0.637694 -0.091912 -0.233320 0.527358 -0.134462 -0.167269 0.668608 -0.164812 -0.034160 0.668021 0.007959 -0.158353 0.480302 -0.034187 -0.088357 0.608033 -0.088360 0.035024 0.618538 0.045147 -0.068814 0.408208 0.008796 -0.008618 0.505913 -0.030580 0.075534 0.438303 
0.000000 0.000000 0.000000 -0.066218 -0.015458 -0.031626 -0.143112 -0.312522 0.270443 -0.036095 -0.237808 0.279789 0.035754 -0.169923 0.262477 0.081153 -0.118560 0.240268 -0.132121 -0.083170 0.266566 -0.173359 -0.125539 0.453155 -0.256123 -0.147423 0.582608 -0.206839 -0.274945 0.484795 -0.245354 -0.252235 0.614344 -0.266597 -0.137900 0.622673 -0.076684 -0.278950 0.510298 -0.132746 -0.205835 0.643097 -0.175612 -0.076265 0.639430 0.008345 -0.175698 0.472069 -0.044355 -0.113342 0.599840 -0.110284 0.003972 0.612435 0.035415 -0.076212 0.403672 -0.008737 -0.024986 0.503260 -0.054637 0.058192 0.438625 
0.000000 0.000000 0.000000 -0.063149 -0.020532 -0.034850 -0.123306 -0.333444 0.254757 -0.024330 -0.249378 0.270843 0.041366 -0.174513 0.258612 0.082517 -0.118404 0.239880 -0.135821 -0.104681 0.257526 -0.181295 -0.157336 0.440476 -0.264562 -0.192734 0.566573 -0.201232 -0.310007 0.466413 -0.248329 -0.295842 0.594333 -0.282217 -0.184987 0.606823 -0.073581 -0.295291 0.498748 -0.142648 -0.229671 0.629318 -0.197371 -0.104623 0.626539 0.002158 -0.189002 0.465896 -0.058654 -0.144528 0.597482 -0.136042 -0.035140 0.615189 0.017026 -0.072126 0.395301 -0.028053 -0.040271 0.502279 -0.081472 0.041765 0.442116 
0.000000 0.000000 0.000000 -0.058021 -0.026427 -0.039485 -0.105306 -0.348562 0.242292 -0.017091 -0.254920 0.266197 0.041079 -0.173433 0.259383 0.077331 -0.113048 0.244154 -0.141767 -0.121050 0.246661 -0.194170 -0.180258 0.425713 -0.277494 -0.226456 0.548226 -0.195059 -0.339415 0.450332 -0.249304 -0.333886 0.576066 -0.297098 -0.228759 0.592106 -0.078222 -0.298950 0.491583 -0.158349 -0.246807 0.621911 -0.225138 -0.127832 0.617062 -0.014316 -0.183085 0.463226 -0.078462 -0.156635 0.598046 -0.167507 -0.056162 0.613676 -0.001378 -0.076302 0.395946 -0.055556 -0.051009 0.500428 -0.113459 0.027411 0.439594 
0.000000 0.000000 0.000000 -0.052357 -0.030860 -0.043935 -0.093556 -0.358538 0.232353 -0.015727 -0.258003 0.263296 0.035648 -0.171824 0.261251 0.067691 -0.108445 0.249056 -0.149175 -0.133184 0.235354 -0.209757 -0.197212 0.410115 -0.293265 -0.250901 0.529408 -0.194004 -0.354749 0.435616 -0.254712 -0.352459 0.558463 -0.313504 -0.252629 0.571528 -0.088258 -0.306049 0.484441 -0.181474 -0.257113 0.607081 -0.256642 -0.143525 0.597764 -0.024196 -0.194489 0.462791 -0.105824 -0.162715 0.586557 -0.201946 -0.067999 0.594144 -0.014666 -0.090488 0.402291 -0.089898 -0.055076 0.489339 -0.147661 0.019626 0.423870 
0.000000 0.000000 0.000000 -0.049974 -0.032206 -0.045708 -0.087904 -0.363692 0.226476 -0.014496 -0.260864 0.260532 0.033934 -0.172973 0.260720 0.064126 -0.108428 0.250005 -0.150839 -0.140492 0.229877 -0.213953 -0.208251 0.402320 -0.298281 -0.265835 0.519194 -0.193832 -0.364574 0.426971 -0.257853 -0.365106 0.548145 -0.320718 -0.267763 0.561006 -0.088626 -0.313447 0.480109 -0.187810 -0.265127 0.598229 -0.267732 -0.154920 0.587912 -0.027500 -0.202942 0.460824 -0.116195 -0.171993 0.579846 -0.215821 -0.080763 0.584293 -0.023007 -0.093130 0.400869 -0.103696 -0.057784 0.482913 -0.161608 0.014279 0.414676 
0.000000 0.000000 0.000000 -0.048658 -0.032329 -0.047022 -0.084748 -0.368982 0.218999 -0.013774 -0.265434 0.255915 0.033029 -0.176698 0.258327 0.062198 -0.111448 0.249162 -0.153575 -0.148404 0.223838 -0.219225 -0.221035 0.393325 -0.304272 -0.282422 0.507717 -0.195249 -0.376971 0.416852 -0.262032 -0.381799 0.536429 -0.327092 -0.286292 0.551879 -0.090951 -0.325925 0.472384 -0.193544 -0.283107 0.589711 -0.275550 -0.174350 0.580414 -0.029866 -0.211548 0.457183 -0.122332 -0.182023 0.573669 -0.223451 -0.092374 0.576147 -0.039302 -0.089351 0.389860 -0.111252 -0.071775 0.484758 -0.169511 -0.000192 0.416313 
0.000000 0.000000 0.000000 -0.046309 -0.032569 -0.049180 -0.082804 -0.375004 0.209299 -0.015601 -0.270528 0.250417 0.028928 -0.180770 0.255991 0.056783 -0.114684 0.248987 -0.154612 -0.153327 0.218278 -0.222381 -0.228890 0.385636 -0.307799 -0.292893 0.498306 -0.197197 -0.386856 0.404731 -0.266333 -0.394020 0.522845 -0.333644 -0.300466 0.540455 -0.097415 -0.333477 0.464469 -0.203144 -0.292898 0.579792 -0.286591 -0.185223 0.570734 -0.035455 -0.218076 0.453922 -0.131305 -0.188198 0.567549 -0.233481 -0.099728 0.568669 -0.036136 -0.107016 0.396951 -0.121594 -0.076100 0.475896 -0.179209 -0.004308 0.407123 
0.000000 0.000000 0.000000 -0.045672 -0.032100 -0.050075 -0.081177 -0.379220 0.202219 -0.015158 -0.274913 0.245622 0.028573 -0.184899 0.253065 0.055922 -0.118474 0.247402 -0.156777 -0.158377 0.213660 -0.226299 -0.237392 0.378689 -0.309876 -0.303355 0.491607 -0.195820 -0.395202 0.397210 -0.265108 -0.404861 0.515058 -0.333991 -0.312834 0.534527 -0.093207 -0.345323 0.458754 -0.200972 -0.304234 0.571992 -0.285861 -0.197608 0.563990 -0.035774 -0.230489 0.449266 -0.134431 -0.203088 0.561100 -0.237044 -0.115123 0.561918 -0.035860 -0.116570 0.396261 -0.124120 -0.085009 0.471794 -0.181611 -0.012749 0.403410 
0.000000 0.000000 0.000000 -0.045919 -0.031148 -0.050449 -0.079527 -0.383330 0.194997 -0.013393 -0.279827 0.240114 0.030266 -0.189920 0.249119 0.057497 -0.123356 0.244639 -0.157075 -0.163431 0.210304 -0.226630 -0.246204 0.373466 -0.307659 -0.314317 0.486964 -0.194253 -0.403386 0.389563 -0.263590 -0.415507 0.507153 -0.332558 -0.324142 0.529264 -0.092606 -0.351076 0.452536 -0.199042 -0.316292 0.569095 -0.285137 -0.210514 0.562924 -0.034017 -0.237303 0.444916 -0.132426 -0.210982 0.557226 -0.234687 -0.122610 0.558237 -0.037719 -0.120145 0.391301 -0.124209 -0.092578 0.470364 -0.181481 -0.019618 0.402542 
0.000000 0.000000 0.000000 -0.045610 -0.029875 -0.051489 -0.080558 -0.388136 0.184801 -0.014724 -0.285792 0.232902 0.028852 -0.196134 0.244429 0.056088 -0.129473 0.241789 -0.159254 -0.167927 0.205168 -0.230365 -0.254311 0.365768 -0.311534 -0.324731 0.477748 -0.195643 -0.411200 0.378821 -0.265197 -0.425138 0.496081 -0.334970 -0.335105 0.520956 -0.092801 -0.362589 0.443807 -0.201223 -0.328179 0.558633 -0.288339 -0.223196 0.553277 -0.038317 -0.248680 0.437925 -0.140456 -0.220958 0.546506 -0.240801 -0.130444 0.544025 -0.042226 -0.127242 0.386411 -0.130866 -0.098832 0.462746 -0.185547 -0.024745 0.394014 
0.000000 0.000000 0.000000 -0.045273 -0.028148 -0.052744 -0.079173 -0.395222 0.169769 -0.014042 -0.294427 0.221929 0.029024 -0.205046 0.236981 0.055920 -0.138195 0.236952 -0.159715 -0.175109 0.198556 -0.231326 -0.267068 0.355803 -0.311590 -0.342047 0.465450 -0.195310 -0.424363 0.362339 -0.265501 -0.441975 0.478722 -0.337046 -0.354140 0.506279 -0.093386 -0.376257 0.430455 -0.203315 -0.343133 0.544222 -0.290587 -0.238208 0.540535 -0.038052 -0.263415 0.428834 -0.143060 -0.233923 0.534163 -0.242169 -0.142104 0.530340 -0.047678 -0.136364 0.377843 -0.135902 -0.112208 0.456100 -0.188409 -0.035830 0.388185 
0.000000 0.000000 0.000000 -0.045770 -0.026852 -0.052990 -0.074789 -0.400533 0.158967 -0.009585 -0.300928 0.213278 0.033157 -0.211771 0.230434 0.059670 -0.144787 0.232050 -0.156158 -0.179714 0.196597 -0.225232 -0.275364 0.352773 -0.300675 -0.353239 0.463817 -0.185607 -0.433183 0.354091 -0.252584 -0.452916 0.472018 -0.323862 -0.366144 0.503375 -0.085677 -0.382805 0.422994 -0.190710 -0.354537 0.542550 -0.277838 -0.249431 0.543516 -0.029498 -0.273779 0.422640 -0.131965 -0.244567 0.530520 -0.229135 -0.150650 0.528162 -0.034534 -0.152657 0.379189 -0.124572 -0.122796 0.453303 -0.176982 -0.044322 0.387742 