50
0.000000 0.000000 0.000000 -0.067494 0.015841 -0.028592 -0.258585 -0.252528 0.246280 -0.123174 -0.230755 0.260226 -0.022076 -0.195300 0.245798 0.059228 -0.158276 0.223186 -0.201629 0.055109 0.251251 -0.285562 0.079679 0.426359 -0.364268 0.140842 0.545319 -0.333551 -0.168806 0.443234 -0.378858 -0.118206 0.562268 -0.388565 -0.024132 0.630451 -0.196109 -0.156182 0.473753 -0.245715 -0.105462 0.618981 -0.262719 0.026010 0.651618 -0.084752 -0.156926 0.444073 -0.129694 -0.129409 0.586248 -0.159236 -0.004166 0.627595 0.080526 -0.216029 0.386884 0.095186 -0.255782 0.499561 0.097853 -0.294421 0.607742 
0.000000 0.000000 0.000000 -0.067979 0.015074 -0.027848 -0.253308 -0.253098 0.251130 -0.117928 -0.230077 0.263240 -0.017327 -0.193854 0.247319 0.063367 -0.156286 0.223451 -0.198633 0.052426 0.253898 -0.280387 0.075797 0.430197 -0.357547 0.133862 0.551694 -0.326599 -0.167690 0.447991 -0.370894 -0.116072 0.566968 -0.379031 -0.019452 0.631710 -0.188017 -0.152755 0.476742 -0.235687 -0.100165 0.621954 -0.252328 0.031915 0.652239 -0.077014 -0.153657 0.446154 -0.119814 -0.124833 0.588731 -0.148961 0.001062 0.628339 0.086632 -0.212536 0.387405 0.102646 -0.251254 0.500258 0.106181 -0.288318 0.608964 
0.000000 0.000000 0.000000 -0.068244 0.014532 -0.027487 -0.249959 -0.255039 0.252519 -0.114702 -0.230948 0.263902 -0.014475 -0.193936 0.247438 0.065790 -0.155737 0.223134 -0.196853 0.050481 0.255380 -0.277328 0.072974 0.432380 -0.354164 0.129658 0.554733 -0.323193 -0.167861 0.448623 -0.367454 -0.115172 0.567143 -0.374638 -0.017148 0.629855 -0.183895 -0.150618 0.476584 -0.230957 -0.095983 0.621238 -0.247108 0.036807 0.648540 -0.072779 -0.151228 0.446160 -0.114586 -0.120604 0.588656 -0.143785 0.005862 0.626363 0.090373 -0.210676 0.387340 0.107294 -0.248491 0.500366 0.111553 -0.284332 0.609456 
0.000000 0.000000 0.000000 -0.068470 0.014271 -0.027058 -0.247641 -0.254176 0.255654 -0.112346 -0.229789 0.265918 -0.012311 -0.192687 0.248529 0.067706 -0.154473 0.223439 -0.194664 0.052071 0.256654 -0.273629 0.075724 0.434182 -0.350374 0.133296 0.556176 -0.318383 -0.164937 0.451746 -0.361138 -0.111003 0.570259 -0.366431 -0.011528 0.630838 -0.177776 -0.144684 0.477933 -0.222277 -0.086800 0.622133 -0.236476 0.047321 0.643329 -0.068511 -0.147350 0.447275 -0.108810 -0.114841 0.589788 -0.136588 0.012829 0.624381 0.093697 -0.209095 0.387534 0.111587 -0.246692 0.500484 0.115530 -0.281199 0.610014 
0.000000 0.000000 0.000000 -0.068840 0.014770 -0.025822 -0.244931 -0.251509 0.260849 -0.109275 -0.228214 0.268542 -0.009278 -0.191979 0.249207 0.070570 -0.154486 0.222542 -0.194015 0.054687 0.258052 -0.272341 0.079665 0.435682 -0.349037 0.138999 0.556859 -0.314242 -0.160093 0.456448 -0.356132 -0.104843 0.574663 -0.360500 -0.004438 0.633764 -0.173819 -0.141868 0.480327 -0.217718 -0.083141 0.624370 -0.231579 0.051327 0.643493 -0.062721 -0.143573 0.447990 -0.101044 -0.108863 0.590529 -0.128800 0.019348 0.623081 0.098435 -0.206597 0.387145 0.117616 -0.242466 0.500445 0.122222 -0.275356 0.610446 
0.000000 0.000000 0.000000 -0.069040 0.014320 -0.025540 -0.242362 -0.251800 0.262959 -0.106793 -0.227779 0.269906 -0.007080 -0.191102 0.249952 0.072444 -0.153299 0.222761 -0.193066 0.054551 0.258792 -0.270674 0.079726 0.436710 -0.347380 0.140035 0.557398 -0.311483 -0.159277 0.458104 -0.353258 -0.103358 0.576045 -0.357142 -0.002536 0.634466 -0.170325 -0.140325 0.481542 -0.213535 -0.080843 0.625484 -0.227483 0.053701 0.644000 -0.059729 -0.142802 0.448972 -0.097483 -0.108168 0.591681 -0.125267 0.020145 0.623803 0.100594 -0.205571 0.387265 0.119970 -0.241552 0.500496 0.124935 -0.274150 0.610568 
0.000000 0.000000 0.000000 -0.069342 0.013637 -0.025093 -0.238555 -0.250612 0.267536 -0.103083 -0.225691 0.273084 -0.003773 -0.188606 0.251912 0.075281 -0.150592 0.223665 -0.191254 0.055795 0.259874 -0.267539 0.082175 0.438188 -0.344118 0.144163 0.558105 -0.307928 -0.157097 0.462119 -0.349855 -0.100579 0.579719 -0.353553 0.000654 0.637437 -0.165627 -0.138228 0.485011 -0.208165 -0.078741 0.629151 -0.222644 0.055681 0.648129 -0.054723 -0.140153 0.451336 -0.091258 -0.105410 0.594336 -0.119129 0.022884 0.626459 0.105283 -0.202531 0.387946 0.125933 -0.238282 0.501025 0.132216 -0.270343 0.611187 
0.000000 0.000000 0.000000 -0.069486 0.013428 -0.024804 -0.236828 -0.249952 0.269679 -0.101371 -0.224792 0.274463 -0.002226 -0.187630 0.252658 0.076625 -0.149599 0.223875 -0.189712 0.057266 0.260626 -0.264942 0.084697 0.439230 -0.341405 0.147536 0.558777 -0.305833 -0.156151 0.464255 -0.347538 -0.099460 0.581851 -0.351124 0.001990 0.639194 -0.162092 -0.136825 0.486711 -0.203391 -0.076996 0.631070 -0.218195 0.057363 0.650245 -0.050645 -0.138738 0.452606 -0.085365 -0.103681 0.595980 -0.113497 0.024575 0.628028 0.109100 -0.200508 0.388009 0.131452 -0.235550 0.500985 0.138690 -0.267017 0.611260 
0.000000 0.000000 0.000000 -0.069654 0.013351 -0.024372 -0.234743 -0.251490 0.270072 -0.099322 -0.226022 0.274202 -0.000387 -0.188545 0.251986 0.078214 -0.150221 0.222907 -0.188701 0.056137 0.261710 -0.263193 0.082910 0.440723 -0.339155 0.145170 0.560890 -0.302703 -0.155968 0.464178 -0.343777 -0.098237 0.581490 -0.345982 0.004093 0.637320 -0.159453 -0.136446 0.485944 -0.200350 -0.075521 0.629958 -0.214741 0.059116 0.647423 -0.047829 -0.138427 0.451864 -0.081848 -0.102490 0.595189 -0.110322 0.025795 0.626815 0.111226 -0.201643 0.386773 0.133950 -0.237038 0.499565 0.141407 -0.268578 0.609805 
0.000000 0.000000 0.000000 -0.069800 0.013745 -0.023725 -0.233196 -0.254962 0.268150 -0.097725 -0.229673 0.271730 0.001096 -0.191982 0.249375 0.079540 -0.153332 0.220304 -0.186197 0.051739 0.264120 -0.259030 0.075513 0.444234 -0.333779 0.135152 0.566474 -0.298904 -0.158675 0.462653 -0.338616 -0.100482 0.580205 -0.337709 0.003149 0.633618 -0.155277 -0.138778 0.483627 -0.194421 -0.076956 0.627747 -0.208128 0.058050 0.642742 -0.044674 -0.142345 0.449762 -0.077493 -0.106752 0.593452 -0.106656 0.021438 0.624838 0.114386 -0.205423 0.383578 0.138371 -0.241279 0.495963 0.145968 -0.273105 0.606111 
0.000000 0.000000 0.000000 -0.069729 0.013610 -0.024011 -0.233371 -0.259456 0.263650 -0.098079 -0.233412 0.268397 0.000656 -0.194879 0.247119 0.079052 -0.155431 0.219005 -0.184803 0.046783 0.264960 -0.256808 0.067541 0.445779 -0.330716 0.124387 0.569848 -0.298785 -0.164471 0.458891 -0.338320 -0.107065 0.576889 -0.333765 -0.002465 0.628184 -0.154812 -0.140006 0.479420 -0.193399 -0.076476 0.622946 -0.205045 0.059232 0.632273 -0.044068 -0.145630 0.447838 -0.076138 -0.110316 0.591765 -0.105919 0.017979 0.622125 0.113920 -0.209639 0.381584 0.137920 -0.246951 0.493491 0.144243 -0.278723 0.603735 
0.000000 0.000000 0.000000 -0.069530 0.014783 -0.023894 -0.236890 -0.259426 0.260522 -0.101277 -0.235186 0.265646 -0.002038 -0.197690 0.244869 0.076881 -0.158937 0.217255 -0.185164 0.044371 0.265242 -0.257521 0.062886 0.446164 -0.331131 0.116473 0.571850 -0.303439 -0.167856 0.457007 -0.343659 -0.112514 0.575757 -0.334940 -0.006802 0.624153 -0.158516 -0.141435 0.476380 -0.197447 -0.077672 0.619709 -0.206273 0.058532 0.622859 -0.047967 -0.147926 0.445188 -0.080902 -0.112242 0.588829 -0.110517 0.016481 0.617484 0.109451 -0.213721 0.380117 0.131871 -0.251430 0.492218 0.135860 -0.282882 0.602663 
0.000000 0.000000 0.000000 -0.069249 0.016154 -0.023822 -0.241398 -0.258388 0.257397 -0.105421 -0.236385 0.262956 -0.005564 -0.200264 0.242713 0.074006 -0.162486 0.215621 -0.185109 0.042445 0.265542 -0.257607 0.058896 0.446608 -0.331102 0.109855 0.573447 -0.307483 -0.169190 0.455125 -0.347423 -0.115280 0.574626 -0.334901 -0.008538 0.619820 -0.162360 -0.142519 0.473720 -0.201087 -0.078677 0.617070 -0.207459 0.057698 0.616334 -0.053262 -0.149845 0.442454 -0.087465 -0.113691 0.585681 -0.116251 0.015626 0.612444 0.103417 -0.217924 0.378863 0.123662 -0.256084 0.491225 0.125040 -0.287121 0.601850 
0.000000 0.000000 0.000000 -0.069107 0.017086 -0.023585 -0.243839 -0.257049 0.256435 -0.107607 -0.236646 0.261834 -0.007380 -0.201563 0.241586 0.072564 -0.164551 0.214542 -0.185527 0.040268 0.265820 -0.258375 0.054774 0.446911 -0.332540 0.102933 0.574453 -0.309783 -0.172637 0.456300 -0.349638 -0.121621 0.577093 -0.334272 -0.013446 0.617778 -0.165059 -0.144029 0.473010 -0.204135 -0.081036 0.616640 -0.208999 0.055383 0.614270 -0.056334 -0.151439 0.441098 -0.091437 -0.115497 0.584160 -0.119292 0.014143 0.610345 0.099393 -0.220645 0.378005 0.117860 -0.259255 0.490519 0.117345 -0.290035 0.601224 
0.000000 0.000000 0.000000 -0.068974 0.017550 -0.023632 -0.245656 -0.256590 0.255157 -0.109323 -0.236958 0.260838 -0.008873 -0.202361 0.240869 0.071318 -0.165697 0.214078 -0.184992 0.038319 0.266117 -0.257589 0.051315 0.447423 -0.332651 0.096310 0.575595 -0.310909 -0.174847 0.456354 -0.350346 -0.125445 0.577952 -0.333930 -0.015226 0.612238 -0.168820 -0.146245 0.472275 -0.209286 -0.084547 0.616082 -0.213013 0.051894 0.613013 -0.058901 -0.152032 0.440062 -0.094775 -0.115944 0.582895 -0.122257 0.013803 0.608945 0.097082 -0.221716 0.377737 0.114816 -0.260275 0.490387 0.113524 -0.290972 0.601108 
0.000000 0.000000 0.000000 -0.068840 0.017505 -0.024054 -0.247022 -0.257063 0.253356 -0.110746 -0.237305 0.259921 -0.010205 -0.202590 0.240623 0.070118 -0.165824 0.214376 -0.186425 0.035248 0.265265 -0.260003 0.046350 0.446301 -0.336464 0.086832 0.575149 -0.312165 -0.180037 0.456441 -0.351536 -0.133484 0.579179 -0.337072 -0.021602 0.608613 -0.171839 -0.148524 0.471723 -0.213391 -0.088141 0.615779 -0.217287 0.048292 0.612580 -0.061654 -0.152485 0.439510 -0.098545 -0.116558 0.582125 -0.126309 0.013144 0.608101 0.095189 -0.220483 0.378602 0.112446 -0.258105 0.491642 0.110361 -0.288117 0.602538 
0.000000 0.000000 0.000000 -0.068752 0.016747 -0.024830 -0.246964 -0.260362 0.250021 -0.111014 -0.239035 0.258216 -0.010664 -0.203122 0.240154 0.069528 -0.165380 0.214911 -0.190310 0.030754 0.263048 -0.266372 0.039519 0.443184 -0.345058 0.074605 0.572274 -0.313360 -0.187226 0.454136 -0.353488 -0.143025 0.577498 -0.341925 -0.030220 0.604598 -0.176382 -0.152734 0.469767 -0.220841 -0.094037 0.613650 -0.226605 0.042324 0.610202 -0.065538 -0.153968 0.438362 -0.104887 -0.118720 0.580489 -0.134275 0.010752 0.605813 0.092156 -0.219249 0.379751 0.107731 -0.256328 0.493214 0.103862 -0.285402 0.604312 
0.000000 0.000000 0.000000 -0.068717 0.015603 -0.025660 -0.245555 -0.264766 0.246763 -0.110097 -0.241142 0.256644 -0.010158 -0.203513 0.239845 0.069685 -0.164389 0.215618 -0.194696 0.026117 0.260461 -0.273526 0.032696 0.439497 -0.354727 0.063434 0.568137 -0.314753 -0.194765 0.451046 -0.356575 -0.152458 0.574509 -0.347651 -0.039203 0.600714 -0.180113 -0.157864 0.467919 -0.227733 -0.101223 0.611615 -0.235493 0.035027 0.607753 -0.068916 -0.154121 0.436877 -0.111048 -0.118704 0.578161 -0.142395 0.010495 0.602514 0.090389 -0.216814 0.381176 0.104640 -0.252899 0.495132 0.099172 -0.280932 0.606431 
0.000000 0.000000 0.000000 -0.068581 0.013994 -0.026920 -0.244043 -0.268873 0.243805 -0.109317 -0.242279 0.255906 -0.009935 -0.202575 0.240647 0.069455 -0.161846 0.217607 -0.199287 0.022661 0.257135 -0.281074 0.028084 0.434878 -0.365408 0.053523 0.562657 -0.316654 -0.201918 0.447925 -0.360538 -0.161453 0.571289 -0.355262 -0.047398 0.594887 -0.185159 -0.162785 0.466626 -0.236743 -0.108718 0.609946 -0.246787 0.027311 0.604069 -0.072799 -0.152976 0.436355 -0.117875 -0.117410 0.576691 -0.151990 0.011437 0.599110 0.088306 -0.209795 0.384735 0.101281 -0.242800 0.499773 0.095088 -0.268533 0.611588 
0.000000 0.000000 0.000000 -0.068163 0.011845 -0.028938 -0.243355 -0.272926 0.239958 -0.109782 -0.242549 0.255451 -0.011122 -0.200309 0.242484 0.067748 -0.157669 0.221183 -0.206503 0.018266 0.251538 -0.293067 0.022284 0.427042 -0.380179 0.041651 0.554019 -0.320187 -0.208119 0.443224 -0.366622 -0.168951 0.566073 -0.365468 -0.054111 0.586162 -0.192190 -0.165512 0.464613 -0.248239 -0.113116 0.606872 -0.259297 0.022448 0.595071 -0.080731 -0.149027 0.435457 -0.130646 -0.112255 0.573830 -0.167357 0.016355 0.593318 0.085217 -0.198790 0.390269 0.097241 -0.227095 0.506654 0.090875 -0.249766 0.619120 
0.000000 0.000000 0.000000 -0.067771 0.009947 -0.030529 -0.241811 -0.277342 0.236431 -0.109414 -0.243535 0.254670 -0.011568 -0.198928 0.243598 0.066675 -0.154470 0.223751 -0.211468 0.014504 0.247277 -0.301384 0.017355 0.421111 -0.390227 0.032779 0.547428 -0.321679 -0.213724 0.438900 -0.369949 -0.175275 0.561268 -0.371933 -0.060044 0.578901 -0.197546 -0.166140 0.461350 -0.257489 -0.113500 0.601923 -0.269611 0.021681 0.587139 -0.086890 -0.146610 0.434132 -0.140901 -0.109094 0.570756 -0.180145 0.019152 0.587515 0.079920 -0.190988 0.394272 0.089036 -0.216123 0.511644 0.080822 -0.236535 0.624423 
0.000000 0.000000 0.000000 -0.067358 0.008531 -0.031843 -0.241014 -0.280665 0.233301 -0.109635 -0.244302 0.253838 -0.012445 -0.197928 0.244368 0.065317 -0.152113 0.225758 -0.215965 0.011547 0.243390 -0.308953 0.013435 0.415613 -0.399493 0.025169 0.541118 -0.322904 -0.218226 0.435330 -0.372396 -0.180489 0.557431 -0.377186 -0.064813 0.571180 -0.202011 -0.168232 0.459154 -0.264839 -0.116493 0.598797 -0.278052 0.018278 0.581434 -0.091277 -0.143559 0.432897 -0.147805 -0.104573 0.568084 -0.189118 0.023355 0.582068 0.075139 -0.185752 0.397100 0.081900 -0.208907 0.515038 0.071254 -0.227709 0.627893 
0.000000 0.000000 0.000000 -0.066905 0.007105 -0.033124 -0.240175 -0.283465 0.230768 -0.109870 -0.244599 0.253451 -0.013371 -0.196537 0.245440 0.063884 -0.149443 0.227940 -0.221677 0.010783 0.238682 -0.318524 0.013085 0.408759 -0.410544 0.021301 0.533466 -0.327285 -0.221245 0.430670 -0.379932 -0.183641 0.551485 -0.386456 -0.067730 0.562219 -0.206355 -0.167949 0.456650 -0.271978 -0.115816 0.594854 -0.286502 0.018381 0.574369 -0.097044 -0.141015 0.431531 -0.157043 -0.101203 0.564970 -0.199976 0.026417 0.576715 0.070167 -0.181796 0.399696 0.074491 -0.204066 0.517919 0.061787 -0.221867 0.630723 
0.000000 0.000000 0.000000 -0.066229 0.005264 -0.034783 -0.238530 -0.288486 0.226208 -0.109844 -0.246230 0.251878 -0.014423 -0.195769 0.245993 0.062025 -0.146805 0.230157 -0.231052 0.005021 0.231074 -0.334187 0.004869 0.397429 -0.429161 0.008950 0.520109 -0.333771 -0.227497 0.422752 -0.391332 -0.190638 0.541538 -0.401808 -0.074848 0.550268 -0.215681 -0.170424 0.450690 -0.287665 -0.118866 0.585911 -0.305618 0.014332 0.561926 -0.105626 -0.140161 0.428485 -0.171023 -0.100286 0.559344 -0.217743 0.026272 0.567624 0.063207 -0.175787 0.402624 0.064021 -0.195735 0.521337 0.047610 -0.211811 0.633922 
0.000000 0.000000 0.000000 -0.065389 0.002986 -0.036595 -0.235730 -0.293968 0.222045 -0.109129 -0.247617 0.250826 -0.015157 -0.194312 0.247102 0.060173 -0.143154 0.232932 -0.236755 0.000187 0.225077 -0.343984 -0.001564 0.388815 -0.441000 -0.000778 0.509952 -0.336746 -0.233888 0.415969 -0.397797 -0.197577 0.533171 -0.412211 -0.082073 0.539806 -0.222048 -0.172366 0.445919 -0.298848 -0.121185 0.578609 -0.320115 0.011076 0.552266 -0.111871 -0.138110 0.426550 -0.181220 -0.097810 0.555225 -0.230832 0.027803 0.560544 0.057067 -0.168841 0.405897 0.054929 -0.186522 0.524952 0.035035 -0.201154 0.637171 
0.000000 0.000000 0.000000 -0.064500 0.000762 -0.038250 -0.231810 -0.300552 0.217308 -0.107523 -0.250074 0.249076 -0.015233 -0.193805 0.247495 0.058764 -0.140317 0.235009 -0.242714 -0.005893 0.218736 -0.354229 -0.010058 0.379541 -0.453443 -0.012347 0.498864 -0.338328 -0.241650 0.408632 -0.402704 -0.206052 0.524263 -0.420289 -0.090888 0.528862 -0.227043 -0.175286 0.440377 -0.308334 -0.124419 0.570489 -0.332756 0.006736 0.541484 -0.119129 -0.138430 0.423145 -0.193630 -0.098723 0.549097 -0.246091 0.025819 0.551353 0.050109 -0.165856 0.407807 0.044152 -0.183435 0.526747 0.020548 -0.197238 0.638351 
0.000000 0.000000 0.000000 -0.063694 -0.001480 -0.039557 -0.225753 -0.308170 0.212973 -0.103943 -0.253433 0.247194 -0.013624 -0.194032 0.247411 0.058735 -0.138046 0.236357 -0.248075 -0.012507 0.212889 -0.363448 -0.019407 0.370853 -0.464127 -0.024987 0.488833 -0.337706 -0.250960 0.401689 -0.405368 -0.216384 0.515743 -0.426904 -0.101827 0.518178 -0.230402 -0.180247 0.434614 -0.316412 -0.130471 0.562087 -0.344413 -0.000561 0.530803 -0.123781 -0.139933 0.419610 -0.202770 -0.101141 0.543087 -0.258544 0.021972 0.542356 0.045414 -0.161523 0.409151 0.036245 -0.177682 0.528088 0.008850 -0.190698 0.638918 
0.000000 0.000000 0.000000 -0.062801 -0.003457 -0.040841 -0.221161 -0.313715 0.209668 -0.101697 -0.255376 0.246126 -0.013138 -0.193407 0.247926 0.057800 -0.135408 0.238107 -0.253118 -0.017061 0.207032 -0.372206 -0.025574 0.362134 -0.473527 -0.033871 0.479403 -0.337072 -0.256908 0.396103 -0.407124 -0.222575 0.508779 -0.431784 -0.108623 0.508586 -0.234043 -0.183050 0.429778 -0.324056 -0.133857 0.554686 -0.355057 -0.005324 0.520663 -0.127579 -0.139937 0.417508 -0.209640 -0.101597 0.539110 -0.269197 0.019648 0.534564 0.040136 -0.158500 0.410563 0.027978 -0.174395 0.529268 -0.003208 -0.186629 0.639180 
0.000000 0.000000 0.000000 -0.061391 -0.005944 -0.042659 -0.215719 -0.320620 0.204838 -0.099597 -0.257777 0.244476 -0.013449 -0.192600 0.248537 0.055588 -0.132090 0.240486 -0.257191 -0.023012 0.200687 -0.379710 -0.033691 0.352957 -0.481812 -0.044753 0.469317 -0.336188 -0.265565 0.388893 -0.408996 -0.232291 0.500131 -0.436600 -0.119043 0.497695 -0.236511 -0.186180 0.425039 -0.329632 -0.137483 0.547847 -0.363137 -0.010255 0.511381 -0.133476 -0.141526 0.414967 -0.219542 -0.104903 0.534307 -0.281831 0.014865 0.527689 0.035723 -0.156761 0.412483 0.022050 -0.173742 0.530872 -0.011873 -0.186213 0.639944 
0.000000 0.000000 0.000000 -0.060688 -0.007101 -0.043479 -0.210435 -0.327286 0.199729 -0.096378 -0.261960 0.241300 -0.011894 -0.194753 0.246933 0.055752 -0.132534 0.240203 -0.260111 -0.030869 0.196337 -0.384897 -0.045741 0.346399 -0.486924 -0.060661 0.462393 -0.334988 -0.275693 0.382061 -0.410264 -0.244512 0.492257 -0.440077 -0.131881 0.487964 -0.237836 -0.193850 0.419696 -0.334047 -0.147526 0.541030 -0.370040 -0.021348 0.503306 -0.136168 -0.146516 0.411076 -0.225280 -0.111926 0.528776 -0.289723 0.006635 0.521139 0.032912 -0.158518 0.411637 0.017191 -0.176403 0.529638 -0.019077 -0.189934 0.637826 
0.000000 0.000000 0.000000 -0.060105 -0.008023 -0.044124 -0.205316 -0.333334 0.194999 -0.093078 -0.265952 0.238208 -0.010102 -0.197017 0.245211 0.056264 -0.133323 0.239646 -0.261334 -0.037931 0.193487 -0.387250 -0.056645 0.342168 -0.488924 -0.075401 0.457915 -0.331795 -0.284608 0.376792 -0.408236 -0.255160 0.486664 -0.439751 -0.143057 0.480933 -0.237746 -0.201261 0.415298 -0.336141 -0.157262 0.535743 -0.373796 -0.031876 0.497014 -0.138160 -0.151241 0.407134 -0.229986 -0.118416 0.523244 -0.296590 -0.001059 0.515557 0.031872 -0.160521 0.410677 0.015083 -0.179241 0.528401 -0.022911 -0.193856 0.635854 
0.000000 0.000000 0.000000 -0.058405 -0.010538 -0.045845 -0.196910 -0.341473 0.189508 -0.088878 -0.269462 0.235857 -0.009076 -0.197135 0.245157 0.054723 -0.130740 0.241420 -0.264387 -0.046229 0.186844 -0.393277 -0.068562 0.332445 -0.495476 -0.090858 0.447096 -0.328511 -0.297865 0.368951 -0.408048 -0.271510 0.477401 -0.442002 -0.160156 0.471036 -0.238698 -0.210678 0.410708 -0.340597 -0.170697 0.529631 -0.380569 -0.046563 0.489228 -0.142183 -0.155949 0.404216 -0.237630 -0.126416 0.518271 -0.307133 -0.010772 0.510276 0.026726 -0.158431 0.411818 0.007456 -0.177490 0.529107 -0.033086 -0.192438 0.635578 
0.000000 0.000000 0.000000 -0.056825 -0.012890 -0.047209 -0.188127 -0.348404 0.185778 -0.084111 -0.272167 0.234494 -0.007409 -0.196790 0.245490 0.053852 -0.127987 0.243085 -0.265516 -0.054559 0.182046 -0.396102 -0.080632 0.325499 -0.498031 -0.106541 0.439631 -0.323045 -0.307821 0.363458 -0.404586 -0.283295 0.470843 -0.441932 -0.173133 0.462923 -0.237882 -0.216590 0.406948 -0.342467 -0.178789 0.524240 -0.385448 -0.056369 0.481752 -0.144588 -0.157562 0.401556 -0.242954 -0.129433 0.513465 -0.314720 -0.015231 0.504767 0.022385 -0.155274 0.412942 0.000725 -0.174056 0.529858 -0.042522 -0.189027 0.635256 
0.000000 0.000000 0.000000 -0.055631 -0.015020 -0.047995 -0.179362 -0.353444 0.184924 -0.078689 -0.273543 0.234775 -0.004698 -0.195607 0.246500 0.054286 -0.124827 0.244627 -0.265988 -0.060484 0.179005 -0.397616 -0.088932 0.321046 -0.498593 -0.117877 0.435295 -0.316518 -0.314770 0.361312 -0.399412 -0.291396 0.467916 -0.439672 -0.182373 0.458626 -0.235113 -0.221665 0.405991 -0.341503 -0.186381 0.522441 -0.387280 -0.065498 0.478496 -0.144241 -0.160652 0.401482 -0.244302 -0.135587 0.512614 -0.318247 -0.022750 0.504365 0.022453 -0.153455 0.414195 0.000543 -0.173160 0.530913 -0.044012 -0.188637 0.635691 
0.000000 0.000000 0.000000 -0.055875 -0.015807 -0.047456 -0.175523 -0.353113 0.189191 -0.075048 -0.272100 0.237628 -0.001520 -0.193556 0.248153 0.056951 -0.122387 0.245253 -0.266495 -0.065369 0.178440 -0.398288 -0.096382 0.319791 -0.499101 -0.126931 0.433765 -0.315233 -0.317091 0.364130 -0.399671 -0.295320 0.469858 -0.442666 -0.187405 0.459913 -0.234267 -0.223737 0.407288 -0.342559 -0.190843 0.522681 -0.390621 -0.071195 0.477805 -0.141700 -0.160385 0.402953 -0.242217 -0.136600 0.513955 -0.318972 -0.025730 0.504748 0.022734 -0.149831 0.414553 -0.000818 -0.168722 0.531085 -0.046348 -0.183897 0.635487 
0.000000 0.000000 0.000000 -0.055158 -0.017581 -0.047670 -0.173308 -0.350807 0.195421 -0.074353 -0.267471 0.243040 -0.001898 -0.187807 0.252530 0.055739 -0.116008 0.248609 -0.268879 -0.065267 0.175703 -0.402611 -0.095106 0.315476 -0.504538 -0.124558 0.428747 -0.315941 -0.313060 0.367616 -0.402144 -0.290247 0.471686 -0.447220 -0.183319 0.460383 -0.236004 -0.217695 0.409970 -0.345950 -0.183841 0.523506 -0.395125 -0.065605 0.476164 -0.144022 -0.154709 0.405562 -0.245933 -0.130975 0.515297 -0.324419 -0.021538 0.503833 0.020610 -0.140766 0.418135 -0.003570 -0.157808 0.534824 -0.049833 -0.171539 0.639104 
0.000000 0.000000 0.000000 -0.054745 -0.018821 -0.047672 -0.170053 -0.350324 0.199112 -0.072280 -0.265245 0.246085 -0.000797 -0.184627 0.254869 0.056017 -0.112216 0.250281 -0.268112 -0.066849 0.175966 -0.401624 -0.096902 0.315904 -0.503380 -0.125988 0.429422 -0.313411 -0.313203 0.370841 -0.400052 -0.290768 0.474629 -0.446886 -0.184748 0.462004 -0.234548 -0.215711 0.412487 -0.344914 -0.182020 0.525664 -0.395415 -0.064877 0.477017 -0.142341 -0.149926 0.408084 -0.243837 -0.125043 0.517949 -0.324009 -0.017088 0.504302 0.022167 -0.134317 0.420434 -0.001132 -0.149530 0.537554 -0.047478 -0.162107 0.641943 
0.000000 0.000000 0.000000 -0.054031 -0.020481 -0.047803 -0.162008 -0.353382 0.200412 -0.066641 -0.265576 0.247316 0.002729 -0.183118 0.255942 0.057707 -0.109313 0.251181 -0.265921 -0.071196 0.176645 -0.398509 -0.102930 0.317090 -0.498594 -0.133556 0.431684 -0.304896 -0.318237 0.372946 -0.391253 -0.296996 0.477221 -0.439702 -0.191706 0.464575 -0.228177 -0.219996 0.415551 -0.338044 -0.188995 0.529975 -0.390592 -0.072533 0.481863 -0.138342 -0.150220 0.409989 -0.239499 -0.126630 0.520449 -0.321106 -0.019761 0.506765 0.025666 -0.132493 0.421540 0.003612 -0.148448 0.538802 -0.042263 -0.161186 0.643379 
0.000000 0.000000 0.000000 -0.055254 -0.020498 -0.046376 -0.158053 -0.352126 0.205711 -0.061300 -0.264433 0.249909 0.008506 -0.182154 0.256503 0.063566 -0.108535 0.250101 -0.263706 -0.072817 0.180906 -0.394141 -0.105555 0.323124 -0.491714 -0.136911 0.439671 -0.298949 -0.319516 0.380369 -0.384103 -0.299808 0.485926 -0.433967 -0.195189 0.473214 -0.220656 -0.220700 0.420694 -0.329040 -0.190955 0.536852 -0.383053 -0.075035 0.489056 -0.130195 -0.150808 0.413006 -0.229652 -0.128332 0.525229 -0.312709 -0.022498 0.512235 0.032420 -0.129744 0.420883 0.010981 -0.144342 0.538435 -0.033529 -0.156869 0.643625 
0.000000 0.000000 0.000000 -0.054839 -0.022212 -0.046078 -0.151881 -0.351633 0.211132 -0.056754 -0.261535 0.254000 0.011559 -0.177922 0.259338 0.065295 -0.103436 0.251811 -0.261307 -0.075672 0.182744 -0.390501 -0.109124 0.325925 -0.485192 -0.141208 0.444631 -0.291200 -0.319040 0.387053 -0.375400 -0.299342 0.493375 -0.426756 -0.195558 0.479791 -0.213499 -0.222143 0.428223 -0.320108 -0.195350 0.546719 -0.376535 -0.079780 0.500905 -0.125046 -0.148331 0.418011 -0.223001 -0.127111 0.531789 -0.307653 -0.022449 0.519629 0.037821 -0.124958 0.423182 0.018910 -0.139772 0.541141 -0.023775 -0.151332 0.647195 
0.000000 0.000000 0.000000 -0.055928 -0.022485 -0.044613 -0.149200 -0.348090 0.218777 -0.052701 -0.257990 0.258459 0.016152 -0.174699 0.261277 0.070109 -0.100614 0.251660 -0.259289 -0.077527 0.186603 -0.386540 -0.111969 0.331282 -0.477714 -0.144993 0.452458 -0.285473 -0.316956 0.397328 -0.367833 -0.298139 0.505239 -0.420891 -0.195587 0.489080 -0.205147 -0.226107 0.437954 -0.308831 -0.204422 0.560036 -0.368588 -0.089505 0.516880 -0.115778 -0.147372 0.424254 -0.210379 -0.127777 0.541118 -0.297512 -0.024906 0.531443 0.045591 -0.117041 0.424041 0.028714 -0.128347 0.542694 -0.012195 -0.138236 0.649614 
0.000000 0.000000 0.000000 -0.055007 -0.024716 -0.044579 -0.142804 -0.346959 0.224759 -0.048788 -0.253803 0.263327 0.018061 -0.168864 0.264962 0.070340 -0.093736 0.254238 -0.257785 -0.080288 0.187023 -0.384670 -0.115062 0.331943 -0.473059 -0.148885 0.454948 -0.278719 -0.317231 0.403822 -0.360861 -0.299264 0.512043 -0.415227 -0.197918 0.492898 -0.195929 -0.234028 0.448888 -0.296006 -0.220577 0.575096 -0.361646 -0.107148 0.536829 -0.111161 -0.148074 0.431044 -0.203822 -0.133166 0.550134 -0.293969 -0.032605 0.544762 0.047653 -0.109184 0.426960 0.032038 -0.119818 0.545848 -0.007349 -0.128425 0.653448 
0.000000 0.000000 0.000000 -0.054413 -0.026487 -0.044289 -0.137648 -0.345104 0.230752 -0.045384 -0.249639 0.267877 0.019993 -0.163546 0.268140 0.071015 -0.087742 0.256182 -0.256228 -0.084475 0.187561 -0.382510 -0.120760 0.332638 -0.467663 -0.155409 0.457679 -0.273659 -0.316754 0.409965 -0.355861 -0.299620 0.518276 -0.411806 -0.199764 0.496093 -0.187962 -0.236728 0.457559 -0.284935 -0.227946 0.586569 -0.362192 -0.119356 0.556922 -0.106431 -0.146726 0.436805 -0.197085 -0.134664 0.557748 -0.290971 -0.037436 0.557402 0.048552 -0.100315 0.429167 0.033090 -0.108969 0.548235 -0.005241 -0.116058 0.656326 
0.000000 0.000000 0.000000 -0.051930 -0.029875 -0.045107 -0.128898 -0.345534 0.235121 -0.041982 -0.245250 0.272447 0.019535 -0.156358 0.272427 0.067512 -0.078657 0.260051 -0.256059 -0.092035 0.183614 -0.383791 -0.130930 0.326733 -0.465989 -0.168017 0.453046 -0.267522 -0.320179 0.412775 -0.351302 -0.304855 0.520144 -0.410193 -0.207681 0.494025 -0.185772 -0.229242 0.460975 -0.283569 -0.218355 0.589200 -0.373641 -0.117392 0.570953 -0.109399 -0.138936 0.439119 -0.201853 -0.126443 0.558648 -0.301419 -0.035225 0.564452 0.042146 -0.087967 0.432840 0.024687 -0.094376 0.551775 -0.013640 -0.099914 0.659958 
0.000000 0.000000 0.000000 -0.050590 -0.032300 -0.044959 -0.123280 -0.342627 0.242279 -0.039366 -0.239280 0.278088 0.019921 -0.148898 0.276548 0.066107 -0.070352 0.262777 -0.256013 -0.097258 0.181818 -0.384555 -0.137903 0.323721 -0.464316 -0.176646 0.451094 -0.263781 -0.319837 0.418801 -0.348696 -0.306063 0.525486 -0.409919 -0.211765 0.494618 -0.186943 -0.218991 0.463247 -0.287315 -0.205192 0.589181 -0.384689 -0.110011 0.579256 -0.112788 -0.129981 0.440084 -0.207949 -0.116415 0.557350 -0.311169 -0.029551 0.565616 0.039551 -0.073979 0.435600 0.021272 -0.076476 0.554558 -0.016932 -0.079852 0.662873 
0.000000 0.000000 0.000000 -0.048033 -0.035658 -0.045224 -0.116437 -0.339662 0.249725 -0.037639 -0.231999 0.284424 0.018095 -0.139415 0.281571 0.061542 -0.059550 0.266528 -0.255763 -0.101421 0.179208 -0.385746 -0.142571 0.319644 -0.463854 -0.181059 0.448114 -0.259885 -0.318153 0.424024 -0.346581 -0.305154 0.529366 -0.409106 -0.212874 0.495190 -0.191460 -0.205623 0.463638 -0.296080 -0.187684 0.585529 -0.397887 -0.096783 0.582104 -0.118686 -0.119141 0.441551 -0.216766 -0.104603 0.556267 -0.322550 -0.020902 0.564749 0.034540 -0.059132 0.439320 0.015953 -0.058845 0.558256 -0.022193 -0.059823 0.666640 
0.000000 0.000000 0.000000 -0.046107 -0.038005 -0.045317 -0.109023 -0.339080 0.253829 -0.034393 -0.228270 0.287832 0.018277 -0.133936 0.284206 0.059283 -0.052930 0.268431 -0.254675 -0.107587 0.177178 -0.385183 -0.151127 0.316401 -0.461929 -0.189783 0.445639 -0.254894 -0.320665 0.426463 -0.343054 -0.309535 0.530799 -0.407317 -0.218654 0.496100 -0.194425 -0.198543 0.460981 -0.303268 -0.178325 0.578748 -0.408390 -0.091214 0.578073 -0.122547 -0.115058 0.440814 -0.223526 -0.101521 0.553112 -0.331683 -0.020916 0.561645 0.030213 -0.048207 0.440822 0.010204 -0.044955 0.559483 -0.028267 -0.044834 0.667756 
0.000000 0.000000 0.000000 -0.043658 -0.040663 -0.045436 -0.104833 -0.335674 0.260045 -0.034699 -0.221638 0.292933 0.015015 -0.125767 0.288103 0.053822 -0.043911 0.271194 -0.254905 -0.115454 0.172800 -0.387090 -0.162253 0.309359 -0.462769 -0.202692 0.438681 -0.255471 -0.324707 0.429184 -0.346512 -0.318079 0.531408 -0.413033 -0.229342 0.495440 -0.204091 -0.190867 0.456743 -0.319302 -0.169938 0.568158 -0.426757 -0.085762 0.565501 -0.130628 -0.106215 0.440154 -0.235064 -0.092195 0.549183 -0.346048 -0.015258 0.554782 0.019177 -0.034034 0.442333 -0.004670 -0.027236 0.560131 -0.044170 -0.024854 0.668007 
0.000000 0.000000 0.000000 -0.040837 -0.043532 -0.045400 -0.100132 -0.331699 0.266907 -0.035127 -0.214260 0.298322 0.011221 -0.116800 0.292024 0.047526 -0.034089 0.273771 -0.251826 -0.119622 0.172637 -0.383850 -0.167233 0.309070 -0.458723 -0.208410 0.438629 -0.253110 -0.323568 0.434095 -0.345566 -0.318653 0.535139 -0.413478 -0.231330 0.498319 -0.209150 -0.179512 0.456383 -0.327510 -0.155879 0.563887 -0.436587 -0.074015 0.557577 -0.137835 -0.096222 0.440592 -0.244718 -0.081467 0.547125 -0.357521 -0.007040 0.549123 0.010916 -0.020045 0.444207 -0.014285 -0.010379 0.561522 -0.054369 -0.005371 0.669092 
0.000000 0.000000 0.000000 -0.039773 -0.045181 -0.044729 -0.098870 -0.326190 0.274072 -0.035716 -0.207167 0.303222 0.009458 -0.109303 0.294974 0.044910 -0.026610 0.275038 -0.251637 -0.118040 0.173563 -0.384208 -0.163630 0.310157 -0.459090 -0.203770 0.440035 -0.251308 -0.318809 0.441787 -0.343437 -0.314349 0.543150 -0.412936 -0.227954 0.507111 -0.211623 -0.168554 0.458270 -0.331265 -0.142292 0.563725 -0.442091 -0.062721 0.558670 -0.140585 -0.087041 0.442301 -0.248175 -0.071079 0.547944 -0.362136 0.001569 0.549699 0.008442 -0.007356 0.444996 -0.016660 0.005897 0.561981 -0.055644 0.013272 0.669819 