76
0.000000 0.000000 0.000000 0.021423 -0.053526 -0.047957 0.027961 -0.346968 0.264805 -0.018810 -0.220241 0.295427 -0.045008 -0.123678 0.285874 -0.063906 -0.044379 0.268919 -0.152364 -0.257695 0.113162 -0.261109 -0.385451 0.213979 -0.317518 -0.500518 0.301525 -0.052185 -0.466476 0.440061 -0.100623 -0.538703 0.545981 -0.187208 -0.577519 0.613726 -0.150480 -0.323936 0.463906 -0.240033 -0.394464 0.578494 -0.351053 -0.423218 0.652569 -0.192188 -0.190374 0.422269 -0.297725 -0.238199 0.520072 -0.415970 -0.277560 0.572387 -0.208300 -0.085012 0.358840 -0.307688 -0.112981 0.420734 -0.411015 -0.150057 0.454675 
0.000000 0.000000 0.000000 0.020753 -0.053563 -0.048210 0.008471 -0.351575 0.260026 -0.034521 -0.223695 0.291387 -0.056977 -0.126117 0.282656 -0.072563 -0.045946 0.266448 -0.152392 -0.254150 0.118018 -0.260736 -0.379664 0.222033 -0.310256 -0.500675 0.305644 -0.082501 -0.474025 0.427806 -0.137482 -0.548031 0.529208 -0.225112 -0.587922 0.594956 -0.176332 -0.324427 0.453305 -0.272782 -0.392939 0.563432 -0.385973 -0.419929 0.634837 -0.212718 -0.189196 0.411028 -0.324394 -0.234428 0.503078 -0.446848 -0.270559 0.547438 -0.226478 -0.081343 0.341571 -0.332421 -0.105708 0.393279 -0.441208 -0.137658 0.411928 
0.000000 0.000000 0.000000 0.016410 -0.054614 -0.048702 -0.017795 -0.353257 0.257261 -0.050708 -0.222702 0.289776 -0.065609 -0.123618 0.281887 -0.075026 -0.042357 0.266361 -0.161325 -0.247333 0.121930 -0.272541 -0.367925 0.228701 -0.326672 -0.487391 0.311673 -0.125711 -0.472074 0.417439 -0.190932 -0.543884 0.514246 -0.282156 -0.580250 0.577085 -0.206436 -0.321147 0.439882 -0.312353 -0.388103 0.541975 -0.425591 -0.413702 0.613817 -0.230987 -0.182325 0.399858 -0.349574 -0.224422 0.484450 -0.475432 -0.256000 0.522273 -0.235244 -0.074271 0.328794 -0.345526 -0.096237 0.371767 -0.456811 -0.123593 0.380156 
0.000000 0.000000 0.000000 0.018951 -0.054688 -0.047687 -0.025509 -0.352200 0.258059 -0.060944 -0.221803 0.288490 -0.076386 -0.122898 0.279477 -0.085867 -0.041801 0.263155 -0.171317 -0.233387 0.124682 -0.290374 -0.345206 0.232539 -0.355880 -0.461650 0.311510 -0.145236 -0.468080 0.411869 -0.217596 -0.538115 0.504827 -0.315769 -0.569533 0.559307 -0.226913 -0.318138 0.428662 -0.339796 -0.383659 0.523999 -0.453646 -0.409163 0.594900 -0.245801 -0.177152 0.393796 -0.367282 -0.216056 0.475769 -0.495125 -0.244823 0.508886 -0.249721 -0.069388 0.317717 -0.362506 -0.088376 0.355272 -0.474813 -0.112647 0.354250 
0.000000 0.000000 0.000000 0.017367 -0.054909 -0.048034 -0.035096 -0.352890 0.255982 -0.066839 -0.221738 0.287232 -0.079518 -0.122388 0.278827 -0.086743 -0.040961 0.263000 -0.182934 -0.221276 0.125309 -0.308270 -0.325377 0.233776 -0.383449 -0.436147 0.312294 -0.164888 -0.462556 0.406141 -0.243331 -0.528834 0.496893 -0.349511 -0.550808 0.539743 -0.241238 -0.316438 0.417966 -0.359854 -0.380847 0.506883 -0.473867 -0.405855 0.577699 -0.254854 -0.174468 0.384934 -0.380581 -0.211813 0.461019 -0.509929 -0.237513 0.490626 -0.252403 -0.064044 0.314091 -0.366430 -0.079932 0.349257 -0.479668 -0.099246 0.346546 
0.000000 0.000000 0.000000 0.015213 -0.055051 -0.048599 -0.043283 -0.353564 0.253790 -0.070712 -0.221746 0.286297 -0.080446 -0.121997 0.278732 -0.085346 -0.040272 0.263563 -0.189076 -0.213031 0.127908 -0.316906 -0.311885 0.238354 -0.399372 -0.421463 0.311009 -0.181150 -0.457472 0.400814 -0.264473 -0.520271 0.489671 -0.375511 -0.533662 0.522598 -0.251724 -0.312943 0.410361 -0.374838 -0.374971 0.494742 -0.489170 -0.400045 0.565019 -0.258863 -0.170938 0.381132 -0.386799 -0.206032 0.454559 -0.516928 -0.228599 0.483286 -0.251413 -0.060102 0.314698 -0.365720 -0.073752 0.349895 -0.479620 -0.088717 0.347464 
0.000000 0.000000 0.000000 0.017495 -0.054889 -0.048010 -0.039825 -0.353342 0.254664 -0.071054 -0.222076 0.285956 -0.083027 -0.122626 0.277697 -0.089586 -0.041114 0.262021 -0.190623 -0.207855 0.128439 -0.320850 -0.303572 0.238850 -0.407228 -0.414364 0.304812 -0.186070 -0.454015 0.395723 -0.274456 -0.514859 0.480975 -0.388174 -0.523949 0.505032 -0.257519 -0.311678 0.402902 -0.384342 -0.372621 0.482442 -0.501413 -0.397744 0.548036 -0.265223 -0.169915 0.374042 -0.395868 -0.203824 0.443127 -0.526901 -0.225493 0.468204 -0.256000 -0.060630 0.312136 -0.370547 -0.074064 0.346631 -0.484425 -0.088921 0.342851 
0.000000 0.000000 0.000000 0.021298 -0.055148 -0.046141 -0.037420 -0.349528 0.260231 -0.074455 -0.218886 0.287546 -0.089580 -0.120110 0.276758 -0.098374 -0.039205 0.259146 -0.191356 -0.206692 0.126078 -0.324421 -0.301518 0.233841 -0.412239 -0.416336 0.290336 -0.189445 -0.452212 0.393515 -0.281324 -0.514272 0.474069 -0.396982 -0.521992 0.486593 -0.265723 -0.313290 0.392325 -0.395813 -0.377499 0.463589 -0.517216 -0.404869 0.519727 -0.277075 -0.169807 0.360958 -0.411521 -0.205442 0.421334 -0.543369 -0.230419 0.437466 -0.266905 -0.062983 0.299375 -0.382908 -0.079349 0.327066 -0.495662 -0.098515 0.316012 
0.000000 0.000000 0.000000 0.025652 -0.055571 -0.043332 -0.037999 -0.343256 0.268368 -0.081145 -0.213402 0.289849 -0.099293 -0.115614 0.275355 -0.110118 -0.035630 0.254903 -0.192156 -0.206333 0.123032 -0.328446 -0.300669 0.227131 -0.414637 -0.421297 0.273032 -0.195752 -0.450400 0.391065 -0.291093 -0.515154 0.465220 -0.407386 -0.523322 0.466762 -0.276062 -0.313398 0.381949 -0.408633 -0.381410 0.444590 -0.533084 -0.412057 0.491623 -0.290336 -0.170740 0.347309 -0.427326 -0.210268 0.398905 -0.559130 -0.239269 0.406300 -0.279944 -0.063860 0.285701 -0.396839 -0.083291 0.306899 -0.507686 -0.106502 0.287477 
0.000000 0.000000 0.000000 0.028772 -0.055849 -0.040950 -0.041934 -0.338350 0.273955 -0.088901 -0.209125 0.290690 -0.108604 -0.112117 0.273279 -0.120329 -0.032856 0.250625 -0.193267 -0.208584 0.117848 -0.332205 -0.304155 0.217213 -0.416040 -0.428773 0.256314 -0.190224 -0.456116 0.398699 -0.305583 -0.510897 0.448434 -0.421474 -0.520660 0.440253 -0.286939 -0.314390 0.369270 -0.421632 -0.385986 0.422715 -0.548319 -0.420362 0.460240 -0.302531 -0.172831 0.331757 -0.441589 -0.216368 0.373690 -0.572471 -0.250082 0.372640 -0.291175 -0.064628 0.270331 -0.408772 -0.086498 0.283896 -0.517160 -0.113269 0.256722 
0.000000 0.000000 0.000000 0.032580 -0.055725 -0.038172 -0.045174 -0.333712 0.279081 -0.096998 -0.205770 0.290495 -0.118841 -0.109846 0.269920 -0.131892 -0.031504 0.244915 -0.193995 -0.210209 0.112311 -0.335770 -0.306874 0.206474 -0.417170 -0.434241 0.241665 -0.199278 -0.454451 0.393512 -0.315383 -0.512725 0.437164 -0.430215 -0.524765 0.420978 -0.296300 -0.316481 0.357549 -0.431853 -0.391780 0.403155 -0.559573 -0.429698 0.432977 -0.314123 -0.175460 0.317599 -0.454153 -0.222510 0.351787 -0.583665 -0.260419 0.344204 -0.302385 -0.068747 0.256372 -0.419739 -0.094382 0.264259 -0.525709 -0.124642 0.231734 
0.000000 0.000000 0.000000 0.034980 -0.055771 -0.035916 -0.055307 -0.331202 0.280244 -0.108945 -0.203717 0.287694 -0.130746 -0.108259 0.265013 -0.143367 -0.030333 0.238531 -0.193546 -0.215187 0.106242 -0.336542 -0.314939 0.195195 -0.412487 -0.445736 0.230001 -0.204237 -0.459022 0.393831 -0.329040 -0.511396 0.415359 -0.442157 -0.526753 0.391659 -0.308885 -0.320314 0.341578 -0.444872 -0.399618 0.378227 -0.572683 -0.441632 0.401429 -0.326909 -0.178462 0.301141 -0.467570 -0.228802 0.327046 -0.595241 -0.271070 0.313575 -0.313099 -0.072486 0.239120 -0.429930 -0.101500 0.239526 -0.533441 -0.135176 0.202724 
0.000000 0.000000 0.000000 0.037891 -0.055542 -0.033216 -0.064582 -0.328729 0.281170 -0.120834 -0.202187 0.284002 -0.143076 -0.107438 0.258906 -0.155631 -0.030092 0.230748 -0.193668 -0.218482 0.099738 -0.338563 -0.320440 0.182933 -0.410534 -0.453534 0.217474 -0.214421 -0.460801 0.388527 -0.340986 -0.512661 0.397112 -0.452033 -0.530244 0.366248 -0.313057 -0.334092 0.330105 -0.459390 -0.398738 0.353172 -0.586977 -0.444432 0.369696 -0.339310 -0.181918 0.284577 -0.480021 -0.235324 0.302985 -0.605650 -0.281409 0.283965 -0.324145 -0.075992 0.221654 -0.440136 -0.107586 0.215395 -0.540838 -0.144722 0.174371 
0.000000 0.000000 0.000000 0.039316 -0.055649 -0.031326 -0.076805 -0.327744 0.279240 -0.133140 -0.201208 0.279153 -0.154273 -0.106555 0.252769 -0.165590 -0.029312 0.223812 -0.195187 -0.221698 0.092295 -0.341923 -0.325601 0.169650 -0.412611 -0.459620 0.203250 -0.228725 -0.461808 0.381060 -0.355656 -0.513459 0.379442 -0.464355 -0.532444 0.341795 -0.324543 -0.337438 0.314941 -0.472379 -0.401434 0.328120 -0.599884 -0.449429 0.336962 -0.350481 -0.183938 0.267864 -0.491175 -0.239427 0.278688 -0.614958 -0.287862 0.254198 -0.332406 -0.078386 0.205084 -0.447228 -0.112164 0.192192 -0.545315 -0.151448 0.147038 
0.000000 0.000000 0.000000 0.039562 -0.055872 -0.030610 -0.085349 -0.327828 0.276649 -0.140704 -0.200863 0.275669 -0.160537 -0.105987 0.249080 -0.170633 -0.028589 0.220087 -0.197348 -0.222042 0.088165 -0.345591 -0.326019 0.162487 -0.416294 -0.459597 0.197770 -0.237431 -0.463149 0.376546 -0.364714 -0.513054 0.367027 -0.471976 -0.532407 0.325633 -0.333702 -0.336394 0.304955 -0.480023 -0.404456 0.314034 -0.607733 -0.452582 0.317691 -0.356551 -0.184870 0.257428 -0.497105 -0.241433 0.263414 -0.619882 -0.290499 0.235372 -0.336252 -0.079148 0.195585 -0.450251 -0.113949 0.178721 -0.547059 -0.153584 0.131177 
0.000000 0.000000 0.000000 0.040241 -0.055676 -0.030079 -0.089117 -0.328822 0.274270 -0.144813 -0.202013 0.272685 -0.164462 -0.107121 0.246015 -0.174285 -0.029673 0.217061 -0.197652 -0.223827 0.083844 -0.346510 -0.329045 0.155130 -0.417980 -0.462148 0.190661 -0.241833 -0.465037 0.371961 -0.369191 -0.513816 0.358446 -0.475784 -0.532867 0.315225 -0.334297 -0.342637 0.300885 -0.484498 -0.402310 0.302761 -0.612534 -0.449702 0.302985 -0.360684 -0.185811 0.250311 -0.501388 -0.242236 0.253391 -0.623639 -0.291114 0.222835 -0.339632 -0.079440 0.189314 -0.453444 -0.113696 0.170216 -0.549400 -0.153017 0.120724 
0.000000 0.000000 0.000000 0.039446 -0.055602 -0.031248 -0.089142 -0.331761 0.270700 -0.143750 -0.204472 0.271412 -0.162849 -0.109060 0.246236 -0.172297 -0.031144 0.218437 -0.198701 -0.224095 0.081633 -0.347718 -0.329528 0.152267 -0.420548 -0.461989 0.187434 -0.242604 -0.468078 0.367070 -0.370328 -0.515364 0.351816 -0.476944 -0.533456 0.308240 -0.333505 -0.345134 0.297528 -0.483443 -0.405492 0.297245 -0.612135 -0.450983 0.294402 -0.359392 -0.187053 0.247554 -0.500325 -0.242979 0.248498 -0.622626 -0.291033 0.216855 -0.337400 -0.080571 0.188701 -0.451044 -0.114593 0.168233 -0.546784 -0.152831 0.117490 
0.000000 0.000000 0.000000 0.040557 -0.054900 -0.031065 -0.082881 -0.332731 0.271498 -0.139973 -0.206535 0.271824 -0.160913 -0.111582 0.246379 -0.171859 -0.033940 0.218366 -0.196157 -0.225211 0.082103 -0.344277 -0.331780 0.152915 -0.417432 -0.463969 0.188433 -0.237565 -0.468806 0.366242 -0.365207 -0.516866 0.352833 -0.472068 -0.534791 0.309790 -0.327000 -0.350150 0.301316 -0.479343 -0.404009 0.297402 -0.608357 -0.448510 0.293597 -0.357411 -0.189679 0.248111 -0.498313 -0.245679 0.249354 -0.620486 -0.293997 0.217619 -0.337220 -0.082840 0.189192 -0.451040 -0.116498 0.169112 -0.546919 -0.154777 0.118662 
0.000000 0.000000 0.000000 0.040579 -0.054815 -0.031185 -0.081145 -0.332825 0.271906 -0.138537 -0.206765 0.272384 -0.159791 -0.111873 0.246977 -0.171020 -0.034267 0.218973 -0.195531 -0.225128 0.083233 -0.343274 -0.331699 0.154829 -0.416426 -0.463662 0.191180 -0.233834 -0.469651 0.368783 -0.361754 -0.516346 0.353352 -0.468731 -0.534458 0.310678 -0.324049 -0.351971 0.303604 -0.477015 -0.403930 0.298477 -0.606027 -0.448418 0.294456 -0.355864 -0.191029 0.248815 -0.496460 -0.247789 0.250134 -0.618456 -0.296827 0.218824 -0.336309 -0.083255 0.189549 -0.450081 -0.116975 0.169297 -0.546002 -0.155653 0.119234 
0.000000 0.000000 0.000000 0.040595 -0.054810 -0.031174 -0.080862 -0.332727 0.272111 -0.138319 -0.206696 0.272547 -0.159633 -0.111828 0.247099 -0.170913 -0.034242 0.219060 -0.194908 -0.225811 0.083470 -0.342271 -0.332813 0.155207 -0.415704 -0.464462 0.192125 -0.232766 -0.470296 0.369169 -0.360564 -0.517473 0.354201 -0.467523 -0.535513 0.311453 -0.322021 -0.353997 0.304649 -0.475581 -0.403998 0.298034 -0.604534 -0.448624 0.293684 -0.355576 -0.191311 0.248633 -0.496080 -0.248304 0.249733 -0.617967 -0.297691 0.218548 -0.336087 -0.083664 0.189714 -0.449780 -0.117683 0.169514 -0.545682 -0.156586 0.119590 
0.000000 0.000000 0.000000 0.041817 -0.054481 -0.030117 -0.079110 -0.331224 0.274450 -0.138498 -0.206101 0.272907 -0.160951 -0.111831 0.246241 -0.173074 -0.034712 0.217283 -0.194492 -0.225026 0.083545 -0.342358 -0.331742 0.154667 -0.415657 -0.463357 0.191969 -0.231150 -0.469653 0.370059 -0.358716 -0.517253 0.354460 -0.465467 -0.535554 0.311305 -0.323303 -0.351723 0.306311 -0.475990 -0.404202 0.298751 -0.604821 -0.448973 0.292626 -0.356545 -0.192180 0.247152 -0.496798 -0.249794 0.247805 -0.618216 -0.300270 0.216531 -0.338242 -0.084612 0.188723 -0.451930 -0.118960 0.169064 -0.547943 -0.158289 0.119689 
0.000000 0.000000 0.000000 0.042568 -0.054121 -0.029710 -0.076379 -0.330927 0.275579 -0.137208 -0.206511 0.273248 -0.160644 -0.112625 0.246080 -0.173543 -0.035778 0.216734 -0.192530 -0.226964 0.082987 -0.339639 -0.335118 0.153504 -0.412059 -0.467114 0.191177 -0.228151 -0.470035 0.370629 -0.355146 -0.519123 0.354986 -0.461441 -0.538483 0.311172 -0.322325 -0.352387 0.303687 -0.473525 -0.409073 0.296634 -0.601896 -0.455003 0.289523 -0.355511 -0.194721 0.245146 -0.495243 -0.253588 0.244476 -0.615705 -0.306015 0.212722 -0.337619 -0.088165 0.186384 -0.450555 -0.124224 0.165493 -0.545690 -0.165068 0.115651 
0.000000 0.000000 0.000000 0.042994 -0.053864 -0.029564 -0.074163 -0.330929 0.276181 -0.135911 -0.206972 0.273547 -0.160018 -0.113318 0.246169 -0.173461 -0.036628 0.216658 -0.191212 -0.227791 0.083320 -0.337764 -0.336623 0.153956 -0.409742 -0.468803 0.191828 -0.223798 -0.471532 0.372412 -0.350612 -0.520508 0.355048 -0.456713 -0.540607 0.311095 -0.316920 -0.357442 0.306239 -0.469201 -0.410719 0.296399 -0.597285 -0.457412 0.289080 -0.354167 -0.197088 0.244551 -0.493384 -0.257156 0.243390 -0.613467 -0.310374 0.211516 -0.337089 -0.089812 0.185297 -0.449718 -0.126419 0.163710 -0.544149 -0.168206 0.113314 
0.000000 0.000000 0.000000 0.043392 -0.053577 -0.029505 -0.072981 -0.331670 0.275607 -0.135448 -0.208075 0.272939 -0.160030 -0.114533 0.245599 -0.173842 -0.037890 0.216136 -0.189573 -0.229247 0.083251 -0.335348 -0.339170 0.153806 -0.407137 -0.471523 0.191432 -0.220795 -0.473320 0.373108 -0.347534 -0.521780 0.353853 -0.453419 -0.542241 0.309547 -0.316778 -0.358353 0.304725 -0.468086 -0.414439 0.295519 -0.596152 -0.461029 0.287274 -0.353534 -0.199751 0.242817 -0.492289 -0.260858 0.240823 -0.611999 -0.314382 0.208070 -0.336735 -0.092388 0.183240 -0.448857 -0.129901 0.160597 -0.542587 -0.171897 0.109079 
0.000000 0.000000 0.000000 0.044804 -0.052867 -0.028664 -0.069710 -0.331491 0.276666 -0.134587 -0.209185 0.272517 -0.160690 -0.116309 0.244330 -0.175665 -0.040125 0.214250 -0.187993 -0.229757 0.082520 -0.333662 -0.340444 0.152091 -0.405301 -0.472991 0.189321 -0.220085 -0.472538 0.371076 -0.346219 -0.523416 0.354229 -0.451766 -0.544383 0.309359 -0.314401 -0.361083 0.305203 -0.466834 -0.413082 0.291611 -0.594859 -0.459446 0.281644 -0.354379 -0.201055 0.240271 -0.493265 -0.261824 0.237360 -0.612511 -0.315706 0.203519 -0.338458 -0.094592 0.180814 -0.450512 -0.132082 0.157799 -0.543331 -0.174579 0.105056 
0.000000 0.000000 0.000000 0.045408 -0.052588 -0.028223 -0.068524 -0.331113 0.277415 -0.134396 -0.209368 0.272470 -0.161113 -0.116811 0.243812 -0.176550 -0.040860 0.213381 -0.186519 -0.231227 0.081978 -0.331644 -0.343007 0.150936 -0.403180 -0.475587 0.188246 -0.217885 -0.473762 0.371025 -0.343584 -0.525188 0.352662 -0.448686 -0.546826 0.307072 -0.314842 -0.360935 0.303150 -0.465351 -0.418408 0.290172 -0.593184 -0.464708 0.277742 -0.353990 -0.203262 0.237622 -0.492295 -0.265252 0.233184 -0.610909 -0.319877 0.198329 -0.338555 -0.096854 0.178664 -0.450066 -0.135396 0.154768 -0.542023 -0.178622 0.101115 
0.000000 0.000000 0.000000 0.045988 -0.052263 -0.027885 -0.066553 -0.330835 0.278225 -0.133507 -0.209710 0.272644 -0.160955 -0.117491 0.243589 -0.176967 -0.041780 0.212858 -0.185211 -0.232507 0.081228 -0.329880 -0.345291 0.149505 -0.401029 -0.478019 0.187028 -0.216679 -0.472840 0.371589 -0.341927 -0.525255 0.352938 -0.446432 -0.547817 0.306433 -0.313566 -0.361914 0.302430 -0.463632 -0.420122 0.287711 -0.591252 -0.466454 0.273366 -0.353086 -0.205397 0.235106 -0.490856 -0.268430 0.229024 -0.608735 -0.324069 0.193292 -0.338085 -0.099220 0.176421 -0.448987 -0.138757 0.151341 -0.540071 -0.182610 0.096718 
0.000000 0.000000 0.000000 0.046974 -0.051726 -0.027234 -0.065003 -0.330825 0.278604 -0.133516 -0.210630 0.271929 -0.161895 -0.118882 0.242288 -0.178601 -0.043490 0.211143 -0.183072 -0.234507 0.080080 -0.327020 -0.348879 0.147231 -0.397206 -0.482130 0.184713 -0.213439 -0.474845 0.371582 -0.338000 -0.527791 0.350057 -0.441697 -0.551550 0.302352 -0.310428 -0.366599 0.301090 -0.460376 -0.424107 0.282840 -0.587432 -0.471323 0.266506 -0.353320 -0.208624 0.246366 -0.487483 -0.273217 0.217753 -0.604383 -0.330143 0.180849 -0.338383 -0.102832 0.171972 -0.448365 -0.143679 0.145010 -0.538047 -0.188472 0.088852 
0.000000 0.000000 0.000000 0.047310 -0.051256 -0.027541 -0.063367 -0.333155 0.276193 -0.132580 -0.213323 0.270284 -0.161466 -0.121536 0.241255 -0.178581 -0.046027 0.210621 -0.180226 -0.238222 0.077900 -0.322602 -0.355213 0.143878 -0.391149 -0.489521 0.180614 -0.204982 -0.480314 0.374730 -0.328688 -0.530692 0.344055 -0.431196 -0.556537 0.294889 -0.304960 -0.373881 0.301595 -0.455616 -0.426576 0.276086 -0.581845 -0.475098 0.257349 -0.352023 -0.213181 0.242991 -0.484139 -0.279623 0.209499 -0.599541 -0.338442 0.170889 -0.336443 -0.107574 0.167289 -0.445103 -0.149938 0.137463 -0.532814 -0.196145 0.079369 
0.000000 0.000000 0.000000 0.049457 -0.049880 -0.026266 -0.057474 -0.332965 0.277707 -0.130451 -0.215520 0.269575 -0.161790 -0.124954 0.239284 -0.180803 -0.050281 0.207733 -0.176356 -0.240853 0.075634 -0.317656 -0.360352 0.139397 -0.384322 -0.495674 0.175871 -0.201698 -0.479158 0.373869 -0.323993 -0.533542 0.344402 -0.424944 -0.561644 0.293292 -0.302633 -0.377030 0.296827 -0.450964 -0.435893 0.271182 -0.576191 -0.485847 0.249691 -0.351193 -0.218954 0.241262 -0.480193 -0.287805 0.201144 -0.593780 -0.349003 0.160882 -0.336883 -0.113771 0.160891 -0.444316 -0.157473 0.128648 -0.529924 -0.205496 0.068914 
0.000000 0.000000 0.000000 0.051752 -0.048133 -0.025077 -0.049639 -0.333165 0.278975 -0.126850 -0.218623 0.268795 -0.161060 -0.129500 0.237352 -0.182333 -0.055799 0.204969 -0.170918 -0.243609 0.075189 -0.310251 -0.365926 0.137928 -0.374803 -0.502087 0.175077 -0.191711 -0.481398 0.375218 -0.312238 -0.539549 0.345658 -0.411546 -0.570124 0.292779 -0.293187 -0.385485 0.299831 -0.441630 -0.440532 0.267290 -0.565723 -0.492403 0.243844 -0.348600 -0.227087 0.241693 -0.473384 -0.298047 0.192863 -0.585062 -0.361384 0.150617 -0.339668 -0.119780 0.163275 -0.439771 -0.168388 0.117363 -0.522884 -0.218335 0.055713 
0.000000 0.000000 0.000000 0.053952 -0.046302 -0.023858 -0.041058 -0.332483 0.281175 -0.122462 -0.221104 0.268800 -0.159594 -0.133639 0.236044 -0.183191 -0.061091 0.202682 -0.166239 -0.245207 0.075133 -0.304020 -0.369669 0.137076 -0.366821 -0.506299 0.175483 -0.185542 -0.478309 0.377505 -0.304694 -0.539915 0.349406 -0.402283 -0.573266 0.295025 -0.291884 -0.385386 0.296766 -0.437166 -0.449808 0.267311 -0.560232 -0.502901 0.241326 -0.347105 -0.231345 0.238697 -0.469750 -0.304802 0.188170 -0.579444 -0.370305 0.144072 -0.340424 -0.125579 0.161385 -0.437611 -0.176091 0.111440 -0.518039 -0.227695 0.047632 
0.000000 0.000000 0.000000 0.054761 -0.045446 -0.023659 -0.035232 -0.331964 0.282575 -0.118583 -0.222089 0.269725 -0.157245 -0.135430 0.236598 -0.182112 -0.063451 0.202930 -0.162533 -0.247312 0.075737 -0.298501 -0.373627 0.137933 -0.360983 -0.509939 0.177957 -0.178190 -0.477438 0.381673 -0.296294 -0.540562 0.352540 -0.392756 -0.576065 0.297515 -0.285022 -0.388805 0.301004 -0.430173 -0.451292 0.267079 -0.552501 -0.505254 0.239448 -0.342822 -0.236764 0.239135 -0.463110 -0.312073 0.185748 -0.571272 -0.379310 0.140491 -0.336980 -0.132135 0.159517 -0.432226 -0.184769 0.108047 -0.510689 -0.237680 0.042877 
0.000000 0.000000 0.000000 0.055273 -0.044890 -0.023530 -0.031655 -0.331666 0.283347 -0.116217 -0.222756 0.270205 -0.155827 -0.136611 0.236858 -0.181479 -0.064992 0.203009 -0.158930 -0.249379 0.077203 -0.292965 -0.377336 0.140236 -0.355560 -0.513218 0.181523 -0.171354 -0.476102 0.388431 -0.288958 -0.538416 0.355745 -0.384971 -0.575572 0.301026 -0.280023 -0.391084 0.306370 -0.425308 -0.450654 0.268050 -0.547250 -0.504829 0.239163 -0.342069 -0.236466 0.244385 -0.458216 -0.313024 0.184057 -0.565430 -0.381492 0.138393 -0.339665 -0.130179 0.166757 -0.427134 -0.185559 0.105328 -0.504300 -0.239768 0.039679 
0.000000 0.000000 0.000000 0.055825 -0.044324 -0.023298 -0.028935 -0.331586 0.283731 -0.114628 -0.223614 0.270175 -0.155063 -0.137949 0.236583 -0.181383 -0.066659 0.202553 -0.158024 -0.249049 0.077709 -0.291838 -0.377152 0.140912 -0.355238 -0.512449 0.182890 -0.171125 -0.474054 0.388160 -0.288385 -0.539238 0.360174 -0.383901 -0.577724 0.305507 -0.282804 -0.387655 0.305975 -0.426674 -0.451718 0.269617 -0.548204 -0.505798 0.238873 -0.342665 -0.235467 0.239698 -0.460966 -0.313054 0.185148 -0.567543 -0.382127 0.138906 -0.337873 -0.133236 0.161752 -0.429543 -0.187557 0.105741 -0.505842 -0.242172 0.039418 
0.000000 0.000000 0.000000 0.055947 -0.044130 -0.023374 -0.027470 -0.331738 0.283699 -0.113544 -0.224054 0.270268 -0.154310 -0.138520 0.236742 -0.180912 -0.067313 0.202758 -0.157173 -0.249468 0.077929 -0.290530 -0.377955 0.141317 -0.354108 -0.512970 0.183929 -0.167125 -0.474128 0.391597 -0.284148 -0.538279 0.360416 -0.379589 -0.577521 0.306155 -0.280324 -0.389217 0.307417 -0.424737 -0.450032 0.267781 -0.546351 -0.503578 0.236441 -0.341481 -0.236705 0.243107 -0.456083 -0.314282 0.181148 -0.562438 -0.383407 0.134474 -0.338360 -0.132723 0.163795 -0.426173 -0.188090 0.102847 -0.501583 -0.242814 0.035603 
0.000000 0.000000 0.000000 0.056169 -0.043900 -0.023276 -0.026659 -0.331891 0.283598 -0.113143 -0.224553 0.270022 -0.154191 -0.139180 0.236432 -0.181018 -0.068076 0.202409 -0.156353 -0.249941 0.077855 -0.289336 -0.378869 0.141135 -0.353164 -0.513635 0.184159 -0.165084 -0.474249 0.393109 -0.281721 -0.537866 0.359481 -0.376894 -0.577786 0.305245 -0.278201 -0.390923 0.309407 -0.422719 -0.448466 0.265497 -0.544114 -0.501915 0.233161 -0.340730 -0.238532 0.243224 -0.454045 -0.316070 0.178894 -0.559864 -0.385358 0.131253 -0.339616 -0.132337 0.166309 -0.422675 -0.188875 0.100007 -0.497186 -0.243761 0.031898 
0.000000 0.000000 0.000000 0.057144 -0.043167 -0.022249 -0.025684 -0.330798 0.284962 -0.113568 -0.224847 0.269599 -0.155413 -0.140275 0.234981 -0.182819 -0.069759 0.200205 -0.156754 -0.249003 0.076368 -0.290598 -0.377802 0.138076 -0.354871 -0.512403 0.180951 -0.167237 -0.473569 0.389840 -0.283693 -0.539623 0.360569 -0.378577 -0.579771 0.305995 -0.280508 -0.389678 0.307491 -0.424475 -0.448381 0.263309 -0.545595 -0.501724 0.229783 -0.342614 -0.238454 0.240500 -0.455089 -0.316149 0.174899 -0.560473 -0.385448 0.126321 -0.341994 -0.133185 0.165180 -0.423294 -0.189858 0.096845 -0.497255 -0.244614 0.028035 
0.000000 0.000000 0.000000 0.056434 -0.043759 -0.022897 -0.028208 -0.332320 0.282946 -0.114795 -0.225133 0.268839 -0.155748 -0.139795 0.235045 -0.182450 -0.068699 0.200907 -0.157807 -0.249539 0.075091 -0.291865 -0.378303 0.136406 -0.356695 -0.512681 0.179143 -0.167056 -0.475335 0.391057 -0.283226 -0.539949 0.357718 -0.377978 -0.580508 0.303218 -0.279901 -0.391969 0.305990 -0.423722 -0.449184 0.259446 -0.544671 -0.502023 0.224535 -0.343085 -0.237780 0.239249 -0.455701 -0.315371 0.173765 -0.560695 -0.384557 0.124190 -0.339062 -0.134414 0.159191 -0.425807 -0.189536 0.096516 -0.499121 -0.244039 0.026819 
0.000000 0.000000 0.000000 0.056591 -0.043710 -0.022600 -0.029191 -0.332178 0.283013 -0.115827 -0.225096 0.268427 -0.156714 -0.139825 0.234384 -0.183330 -0.068779 0.200077 -0.157249 -0.250190 0.074790 -0.291056 -0.379392 0.135730 -0.356235 -0.513528 0.178697 -0.167054 -0.474873 0.392795 -0.282920 -0.538998 0.357510 -0.377454 -0.580071 0.303017 -0.282421 -0.390137 0.306934 -0.425834 -0.446639 0.258307 -0.546513 -0.499425 0.222396 -0.344709 -0.236315 0.242203 -0.453245 -0.313891 0.170142 -0.557928 -0.383172 0.120046 -0.341423 -0.133028 0.161802 -0.423198 -0.189180 0.093602 -0.496057 -0.243670 0.023420 
0.000000 0.000000 0.000000 0.056700 -0.043619 -0.022503 -0.029012 -0.332121 0.283098 -0.115816 -0.225197 0.268347 -0.156803 -0.140010 0.234214 -0.183495 -0.069024 0.199841 -0.156627 -0.250594 0.074963 -0.290113 -0.380105 0.135950 -0.355450 -0.514012 0.179388 -0.165835 -0.474290 0.394846 -0.281640 -0.538757 0.359988 -0.376213 -0.580384 0.305985 -0.283181 -0.389394 0.307109 -0.426230 -0.447143 0.258871 -0.546718 -0.499927 0.222322 -0.344867 -0.236467 0.240685 -0.454017 -0.314064 0.169581 -0.558573 -0.383291 0.119146 -0.341744 -0.132698 0.161250 -0.423484 -0.188779 0.092951 -0.496020 -0.243288 0.022450 
0.000000 0.000000 0.000000 0.056689 -0.043579 -0.022608 -0.028519 -0.332352 0.282876 -0.115385 -0.225452 0.268319 -0.156450 -0.140256 0.234303 -0.183215 -0.069254 0.200019 -0.156994 -0.250008 0.075231 -0.290703 -0.379179 0.136452 -0.356203 -0.512835 0.180414 -0.163032 -0.474524 0.397391 -0.278809 -0.538933 0.362329 -0.373608 -0.581033 0.309094 -0.282326 -0.390127 0.306882 -0.425679 -0.446868 0.258352 -0.546377 -0.499283 0.221966 -0.345187 -0.235355 0.241270 -0.455079 -0.312895 0.171257 -0.559618 -0.381915 0.120501 -0.341708 -0.132812 0.162250 -0.423026 -0.188698 0.093290 -0.495338 -0.242917 0.022336 
0.000000 0.000000 0.000000 0.056562 -0.043628 -0.022832 -0.027711 -0.332344 0.282967 -0.114538 -0.225365 0.268754 -0.155659 -0.140130 0.234904 -0.182494 -0.069102 0.200729 -0.156081 -0.250934 0.075421 -0.289139 -0.380652 0.136902 -0.355186 -0.513807 0.181561 -0.161450 -0.474589 0.398294 -0.277270 -0.539542 0.364398 -0.372271 -0.582044 0.311847 -0.283031 -0.388536 0.306962 -0.426374 -0.446936 0.260415 -0.547182 -0.499209 0.224187 -0.344491 -0.234962 0.242851 -0.454648 -0.312316 0.173047 -0.559157 -0.381198 0.122046 -0.340831 -0.132839 0.162609 -0.422570 -0.188572 0.094023 -0.494467 -0.242761 0.022626 
0.000000 0.000000 0.000000 0.056544 -0.043633 -0.022867 -0.027601 -0.332371 0.282945 -0.114422 -0.225381 0.268791 -0.155551 -0.140137 0.234972 -0.182394 -0.069101 0.200819 -0.156065 -0.250910 0.075520 -0.289102 -0.380610 0.137085 -0.355889 -0.512969 0.182991 -0.160325 -0.474396 0.399708 -0.276171 -0.538643 0.364580 -0.371421 -0.581467 0.312747 -0.281331 -0.389437 0.310037 -0.424926 -0.444291 0.260077 -0.545771 -0.496789 0.224305 -0.344218 -0.235288 0.243000 -0.454075 -0.312531 0.172604 -0.558422 -0.381391 0.121241 -0.340546 -0.133297 0.162699 -0.423037 -0.189011 0.095005 -0.494347 -0.243374 0.023152 
0.000000 0.000000 0.000000 0.056521 -0.043584 -0.023015 -0.026728 -0.332518 0.282857 -0.113654 -0.225580 0.268949 -0.154918 -0.140349 0.235263 -0.181889 -0.069317 0.201203 -0.154729 -0.252006 0.075877 -0.286916 -0.382424 0.137757 -0.355043 -0.513946 0.184096 -0.160080 -0.474528 0.398918 -0.276104 -0.540656 0.368136 -0.371542 -0.583740 0.316866 -0.281796 -0.388390 0.310125 -0.425372 -0.445357 0.262528 -0.546279 -0.497947 0.227102 -0.343264 -0.235990 0.244867 -0.452826 -0.312943 0.173696 -0.557044 -0.381711 0.121951 -0.340064 -0.133976 0.163975 -0.423192 -0.189607 0.096996 -0.494186 -0.243955 0.024820 
0.000000 0.000000 0.000000 0.056665 -0.043379 -0.023049 -0.027046 -0.333913 0.281178 -0.114107 -0.227054 0.267513 -0.155410 -0.141731 0.234108 -0.182394 -0.070581 0.200305 -0.155384 -0.252307 0.073027 -0.288070 -0.383041 0.133146 -0.357940 -0.513700 0.179332 -0.159655 -0.475638 0.398434 -0.275535 -0.539728 0.363126 -0.371127 -0.583297 0.312560 -0.281840 -0.390802 0.306589 -0.425711 -0.445704 0.257483 -0.546720 -0.498238 0.222320 -0.344984 -0.234896 0.243878 -0.453213 -0.311539 0.170371 -0.557295 -0.379875 0.117786 -0.341663 -0.132678 0.163378 -0.421789 -0.188392 0.092901 -0.492217 -0.242523 0.020012 
0.000000 0.000000 0.000000 0.056761 -0.043171 -0.023204 -0.026692 -0.335273 0.279589 -0.113930 -0.228505 0.266351 -0.155355 -0.143099 0.233310 -0.182436 -0.071840 0.199818 -0.156122 -0.252161 0.070873 -0.289330 -0.382934 0.129740 -0.360672 -0.512964 0.175448 -0.158328 -0.478184 0.396501 -0.274123 -0.542322 0.361006 -0.369862 -0.586117 0.310914 -0.283187 -0.391246 0.302983 -0.427020 -0.447681 0.255533 -0.548055 -0.500191 0.220422 -0.345330 -0.235451 0.243023 -0.453755 -0.311594 0.169287 -0.557711 -0.379486 0.115884 -0.341260 -0.133786 0.160781 -0.423806 -0.188525 0.092362 -0.493728 -0.242253 0.018692 
0.000000 0.000000 0.000000 0.056906 -0.042972 -0.023216 -0.027253 -0.336750 0.277754 -0.114591 -0.230035 0.264745 -0.156014 -0.144517 0.231993 -0.183071 -0.073123 0.198769 -0.155070 -0.253829 0.068718 -0.287710 -0.385770 0.126245 -0.359166 -0.515878 0.171552 -0.157641 -0.481198 0.394175 -0.273262 -0.545591 0.358575 -0.369020 -0.589552 0.308666 -0.282118 -0.394368 0.302212 -0.426198 -0.448117 0.252446 -0.547274 -0.500656 0.217524 -0.344861 -0.239232 0.240910 -0.453712 -0.314456 0.166857 -0.557678 -0.381924 0.112940 -0.341351 -0.136283 0.159469 -0.424228 -0.190897 0.091351 -0.493958 -0.244414 0.017345 
0.000000 0.000000 0.000000 0.056891 -0.042939 -0.023315 -0.027451 -0.337436 0.276900 -0.114739 -0.230650 0.264145 -0.156118 -0.145031 0.231602 -0.183137 -0.073542 0.198553 -0.155904 -0.253346 0.067754 -0.289057 -0.385005 0.124739 -0.360881 -0.514983 0.169835 -0.158783 -0.481843 0.392307 -0.274386 -0.546454 0.357045 -0.370105 -0.590486 0.307121 -0.282774 -0.394554 0.301218 -0.426914 -0.447764 0.251050 -0.548023 -0.500302 0.216240 -0.344598 -0.240535 0.239848 -0.453960 -0.315361 0.166147 -0.557945 -0.382579 0.111954 -0.341198 -0.136546 0.158135 -0.423856 -0.190955 0.089589 -0.493555 -0.244255 0.015398 
0.000000 0.000000 0.000000 0.056812 -0.043000 -0.023393 -0.027760 -0.337652 0.276606 -0.114900 -0.230727 0.264009 -0.156175 -0.145017 0.231572 -0.183112 -0.073458 0.198608 -0.155518 -0.254082 0.067199 -0.288380 -0.386163 0.123885 -0.360359 -0.516056 0.168982 -0.158477 -0.483168 0.391315 -0.274062 -0.547979 0.356360 -0.369866 -0.591936 0.306536 -0.281771 -0.395986 0.300310 -0.426171 -0.449529 0.251255 -0.547414 -0.502017 0.216840 -0.344270 -0.241399 0.238237 -0.455323 -0.316130 0.167009 -0.559388 -0.383190 0.112774 -0.340655 -0.137392 0.157633 -0.424159 -0.191711 0.090048 -0.493880 -0.244977 0.015853 
0.000000 0.000000 0.000000 0.056679 -0.043122 -0.023491 -0.027999 -0.337590 0.276658 -0.114932 -0.230479 0.264211 -0.156080 -0.144682 0.231846 -0.182922 -0.073064 0.198928 -0.156117 -0.253528 0.067577 -0.289272 -0.385186 0.124561 -0.361338 -0.515002 0.169739 -0.158691 -0.482967 0.391571 -0.274422 -0.547451 0.356498 -0.370392 -0.591283 0.306883 -0.282531 -0.394959 0.300695 -0.426944 -0.449779 0.253113 -0.548270 -0.502267 0.218988 -0.344630 -0.240162 0.238630 -0.456151 -0.314943 0.168190 -0.560376 -0.381928 0.114169 -0.340753 -0.136749 0.158681 -0.424409 -0.191080 0.091293 -0.494363 -0.244376 0.017340 
0.000000 0.000000 0.000000 0.056571 -0.043179 -0.023649 -0.027822 -0.337750 0.276480 -0.114643 -0.230516 0.264304 -0.155752 -0.144643 0.232091 -0.182573 -0.072968 0.199283 -0.156278 -0.253281 0.067998 -0.289464 -0.384749 0.125345 -0.361645 -0.514400 0.170814 -0.158066 -0.482829 0.392277 -0.273970 -0.547156 0.357485 -0.370116 -0.590876 0.308113 -0.282952 -0.394143 0.301356 -0.427486 -0.448724 0.253866 -0.548909 -0.501215 0.220095 -0.344892 -0.238792 0.240796 -0.455456 -0.313519 0.168808 -0.559828 -0.380446 0.115000 -0.341313 -0.135153 0.160285 -0.424232 -0.189577 0.092066 -0.494348 -0.242957 0.018328 
0.000000 0.000000 0.000000 0.056449 -0.043273 -0.023768 -0.027217 -0.337267 0.277129 -0.113975 -0.229969 0.265068 -0.155108 -0.144109 0.232853 -0.181971 -0.072462 0.200018 -0.155543 -0.253959 0.068520 -0.288194 -0.385792 0.126268 -0.360514 -0.515115 0.172443 -0.156534 -0.482705 0.393512 -0.272546 -0.547088 0.359188 -0.368883 -0.590774 0.310160 -0.281385 -0.394333 0.302922 -0.426215 -0.447706 0.254961 -0.547779 -0.500187 0.221686 -0.343818 -0.239040 0.242368 -0.454557 -0.313515 0.170388 -0.559155 -0.380351 0.116908 -0.339908 -0.135804 0.159646 -0.425017 -0.189842 0.093861 -0.495346 -0.243177 0.020293 
0.000000 0.000000 0.000000 0.056346 -0.043319 -0.023927 -0.026529 -0.337113 0.277383 -0.113260 -0.229769 0.265548 -0.154445 -0.143900 0.233422 -0.181370 -0.072253 0.200638 -0.155813 -0.253530 0.069056 -0.288569 -0.385068 0.127238 -0.360881 -0.514341 0.173563 -0.155351 -0.482584 0.394272 -0.271548 -0.546800 0.360261 -0.368135 -0.590407 0.311656 -0.281794 -0.392804 0.304152 -0.426662 -0.446996 0.257235 -0.548330 -0.499453 0.224303 -0.343439 -0.238360 0.241926 -0.455993 -0.313046 0.173046 -0.560723 -0.379843 0.119775 -0.339241 -0.135844 0.160401 -0.425420 -0.189701 0.095873 -0.495985 -0.243025 0.022523 
0.000000 0.000000 0.000000 0.056260 -0.043359 -0.024056 -0.026195 -0.337136 0.277387 -0.112867 -0.229722 0.265756 -0.154054 -0.143815 0.233732 -0.180993 -0.072142 0.201018 -0.155822 -0.253485 0.069296 -0.288530 -0.384968 0.127709 -0.360861 -0.514174 0.174192 -0.156008 -0.482631 0.393145 -0.272323 -0.547913 0.361661 -0.369009 -0.591434 0.313175 -0.282137 -0.392103 0.303894 -0.427011 -0.448027 0.259077 -0.548785 -0.500409 0.226417 -0.343067 -0.238343 0.240979 -0.457231 -0.313022 0.174795 -0.562126 -0.379710 0.121711 -0.337389 -0.137096 0.157341 -0.428307 -0.189772 0.098600 -0.499020 -0.243062 0.025368 
0.000000 0.000000 0.000000 0.056177 -0.043393 -0.024188 -0.025727 -0.337103 0.277470 -0.112365 -0.229640 0.266040 -0.153578 -0.143711 0.234109 -0.180554 -0.072024 0.201455 -0.155933 -0.253336 0.069512 -0.288658 -0.384704 0.128143 -0.361057 -0.513798 0.174835 -0.155683 -0.481701 0.394189 -0.272140 -0.546723 0.362695 -0.368900 -0.590218 0.314334 -0.280882 -0.392727 0.304493 -0.426015 -0.448095 0.259823 -0.547925 -0.500466 0.227659 -0.342451 -0.238435 0.242376 -0.456589 -0.312903 0.175909 -0.561629 -0.379457 0.122945 -0.337852 -0.136508 0.160400 -0.426385 -0.189870 0.098711 -0.497405 -0.243075 0.025713 
0.000000 0.000000 0.000000 0.056924 -0.042821 -0.023448 -0.024062 -0.335919 0.279051 -0.111913 -0.229600 0.266264 -0.153895 -0.144359 0.233501 -0.181459 -0.073187 0.200219 -0.155621 -0.252619 0.069587 -0.288618 -0.383897 0.127803 -0.361043 -0.512868 0.174791 -0.155334 -0.480877 0.393833 -0.271866 -0.546537 0.363980 -0.368769 -0.590003 0.315881 -0.282065 -0.391239 0.303619 -0.427064 -0.449175 0.261866 -0.549076 -0.501523 0.230048 -0.342489 -0.239611 0.242070 -0.458156 -0.313957 0.178160 -0.563329 -0.380356 0.125265 -0.340121 -0.136503 0.162752 -0.427012 -0.190202 0.099053 -0.498240 -0.243315 0.026192 
0.000000 0.000000 0.000000 0.056030 -0.043461 -0.024406 -0.024967 -0.337010 0.277654 -0.111532 -0.229453 0.266551 -0.152780 -0.143486 0.234768 -0.179810 -0.071777 0.202207 -0.155595 -0.253674 0.069784 -0.288016 -0.385211 0.128722 -0.360483 -0.514055 0.175996 -0.154812 -0.481780 0.394281 -0.271432 -0.547301 0.364471 -0.368429 -0.590676 0.316477 -0.280237 -0.392413 0.304721 -0.425397 -0.449938 0.262960 -0.547475 -0.502315 0.231447 -0.340833 -0.239744 0.243951 -0.456233 -0.313811 0.179238 -0.561547 -0.380069 0.126447 -0.336596 -0.137285 0.160818 -0.427479 -0.190181 0.102221 -0.498801 -0.243255 0.029423 
0.000000 0.000000 0.000000 0.056011 -0.043466 -0.024441 -0.024858 -0.337036 0.277631 -0.111415 -0.229468 0.266587 -0.152671 -0.143493 0.234835 -0.179709 -0.071777 0.202297 -0.154985 -0.254357 0.069643 -0.287012 -0.386319 0.128515 -0.359567 -0.515021 0.176038 -0.154164 -0.482044 0.394562 -0.270810 -0.547295 0.364260 -0.367865 -0.590624 0.316344 -0.279080 -0.393445 0.304988 -0.424429 -0.450220 0.262859 -0.546553 -0.502674 0.231656 -0.340734 -0.239519 0.246011 -0.454829 -0.313326 0.178738 -0.560206 -0.379522 0.125996 -0.336838 -0.137090 0.161912 -0.426427 -0.190315 0.101645 -0.497835 -0.243345 0.028899 
0.000000 0.000000 0.000000 0.056772 -0.042892 -0.023688 -0.023240 -0.335839 0.279217 -0.111021 -0.229420 0.266792 -0.153047 -0.144136 0.234196 -0.180671 -0.072938 0.201020 -0.154779 -0.253337 0.070149 -0.287154 -0.385020 0.128866 -0.359695 -0.513631 0.176657 -0.154371 -0.480694 0.394291 -0.271060 -0.546705 0.365863 -0.368179 -0.590056 0.318095 -0.279917 -0.392174 0.305003 -0.425143 -0.450245 0.264241 -0.547289 -0.502800 0.233296 -0.340884 -0.240237 0.248177 -0.454609 -0.313712 0.179920 -0.560065 -0.379749 0.127138 -0.339866 -0.136214 0.165816 -0.426218 -0.190151 0.101587 -0.497679 -0.243255 0.028947 
0.000000 0.000000 0.000000 0.056730 -0.042898 -0.023777 -0.022583 -0.335644 0.279506 -0.110413 -0.229251 0.267189 -0.152524 -0.144000 0.234621 -0.180232 -0.072830 0.201453 -0.154243 -0.253533 0.070929 -0.286257 -0.385335 0.130190 -0.358785 -0.513758 0.178503 -0.152188 -0.480981 0.395694 -0.268878 -0.546878 0.367007 -0.366116 -0.590318 0.319562 -0.279729 -0.391547 0.305485 -0.424832 -0.450832 0.266052 -0.546996 -0.503473 0.235324 -0.340127 -0.240521 0.248843 -0.454605 -0.314038 0.181904 -0.560045 -0.380049 0.129054 -0.339866 -0.135535 0.167226 -0.425302 -0.189704 0.101974 -0.496850 -0.242900 0.029488 
0.000000 0.000000 0.000000 0.056679 -0.042916 -0.023868 -0.021949 -0.335413 0.279834 -0.109809 -0.229033 0.267625 -0.151995 -0.143809 0.235080 -0.179780 -0.072668 0.201915 -0.154150 -0.253728 0.070768 -0.286073 -0.385640 0.129985 -0.358961 -0.513417 0.179454 -0.151784 -0.480762 0.395749 -0.268536 -0.546865 0.367791 -0.365885 -0.590298 0.320570 -0.279565 -0.390929 0.305659 -0.424609 -0.451088 0.267347 -0.546801 -0.503870 0.236975 -0.339339 -0.241030 0.247878 -0.455272 -0.314675 0.183637 -0.560726 -0.380628 0.130743 -0.338981 -0.136173 0.167155 -0.425475 -0.190244 0.103229 -0.497152 -0.243466 0.030891 
0.000000 0.000000 0.000000 0.056634 -0.042899 -0.024003 -0.021261 -0.335478 0.279808 -0.109169 -0.229113 0.267818 -0.151444 -0.143891 0.235385 -0.179317 -0.072748 0.202297 -0.153715 -0.254283 0.070424 -0.285338 -0.386553 0.129510 -0.359192 -0.513193 0.180449 -0.151330 -0.480189 0.396260 -0.268170 -0.546221 0.368507 -0.365582 -0.589736 0.321490 -0.278638 -0.390905 0.307545 -0.423949 -0.449752 0.268222 -0.546192 -0.502651 0.238260 -0.338907 -0.240858 0.248367 -0.455157 -0.314471 0.184663 -0.560612 -0.380346 0.131675 -0.339211 -0.135299 0.169015 -0.424446 -0.189586 0.103600 -0.496173 -0.242836 0.031331 
0.000000 0.000000 0.000000 0.056648 -0.042880 -0.024005 -0.021103 -0.335458 0.279845 -0.109053 -0.229127 0.267853 -0.151364 -0.143925 0.235416 -0.179267 -0.072796 0.202324 -0.153493 -0.254788 0.069710 -0.284985 -0.387385 0.128351 -0.360282 -0.513054 0.179581 -0.150690 -0.480083 0.396938 -0.267580 -0.545696 0.368413 -0.365031 -0.589201 0.321468 -0.278567 -0.390909 0.307427 -0.423940 -0.449518 0.267977 -0.546165 -0.502631 0.238323 -0.339060 -0.240452 0.248307 -0.455635 -0.314051 0.185185 -0.561042 -0.379852 0.132010 -0.338965 -0.135889 0.169123 -0.424424 -0.190208 0.104027 -0.496151 -0.243458 0.031759 
0.000000 0.000000 0.000000 0.056635 -0.042871 -0.024051 -0.020971 -0.335579 0.279709 -0.108924 -0.229242 0.267808 -0.151249 -0.144024 0.235429 -0.179168 -0.072880 0.202382 -0.153466 -0.254961 0.069338 -0.284933 -0.387674 0.127775 -0.360746 -0.512751 0.179688 -0.150957 -0.480441 0.396064 -0.267857 -0.546120 0.367730 -0.365361 -0.589633 0.320903 -0.278484 -0.391248 0.306252 -0.423809 -0.450859 0.268152 -0.546077 -0.504058 0.238829 -0.338948 -0.240710 0.247037 -0.456719 -0.314388 0.186272 -0.562132 -0.380117 0.133019 -0.338572 -0.136213 0.168241 -0.425055 -0.190268 0.104288 -0.496862 -0.243447 0.032047 
0.000000 0.000000 0.000000 0.056552 -0.042879 -0.024232 -0.020897 -0.336162 0.279014 -0.108755 -0.229704 0.267480 -0.151039 -0.144372 0.235351 -0.178932 -0.073127 0.202501 -0.153305 -0.255801 0.067805 -0.284619 -0.389034 0.125396 -0.361136 -0.513315 0.178180 -0.152217 -0.481277 0.393543 -0.269300 -0.547393 0.367043 -0.367078 -0.590603 0.320509 -0.278106 -0.391871 0.306164 -0.423657 -0.450939 0.268077 -0.546025 -0.504162 0.239220 -0.338343 -0.241738 0.247633 -0.455827 -0.314949 0.185759 -0.561441 -0.380350 0.132500 -0.337495 -0.136995 0.165555 -0.427207 -0.190141 0.105402 -0.499169 -0.243155 0.033193 
0.000000 0.000000 0.000000 0.056470 -0.042862 -0.024452 -0.020601 -0.336842 0.278215 -0.108399 -0.230288 0.267122 -0.150681 -0.144843 0.235292 -0.178584 -0.073494 0.202676 -0.153899 -0.255165 0.067846 -0.285534 -0.388010 0.125600 -0.362406 -0.511817 0.178980 -0.151514 -0.482046 0.393097 -0.268785 -0.547812 0.366559 -0.366770 -0.590752 0.320209 -0.277506 -0.392506 0.306654 -0.423282 -0.450462 0.267729 -0.545719 -0.503603 0.239016 -0.338405 -0.241308 0.248239 -0.455811 -0.314306 0.185965 -0.561516 -0.379529 0.132670 -0.338122 -0.136079 0.167787 -0.425585 -0.189568 0.104696 -0.497651 -0.242458 0.032501 
0.000000 0.000000 0.000000 0.056378 -0.042919 -0.024563 -0.020603 -0.336973 0.278056 -0.108283 -0.230303 0.267157 -0.150505 -0.144786 0.235439 -0.178368 -0.073384 0.202906 -0.153726 -0.255313 0.068127 -0.285196 -0.388215 0.126126 -0.362274 -0.511720 0.179906 -0.149870 -0.482818 0.393984 -0.267240 -0.547968 0.366383 -0.365391 -0.590797 0.320284 -0.276155 -0.393819 0.306599 -0.422225 -0.450751 0.267268 -0.544785 -0.503718 0.238754 -0.338107 -0.241400 0.249045 -0.455550 -0.314154 0.186558 -0.561364 -0.379187 0.133247 -0.338153 -0.135956 0.169143 -0.423827 -0.189810 0.103945 -0.496013 -0.242606 0.031799 
0.000000 0.000000 0.000000 0.056195 -0.043047 -0.024759 -0.020188 -0.336775 0.278326 -0.107695 -0.229934 0.267711 -0.149870 -0.144350 0.236111 -0.177717 -0.072911 0.203647 -0.154027 -0.255183 0.068254 -0.285570 -0.387924 0.126456 -0.362774 -0.511282 0.180391 -0.151086 -0.482257 0.392872 -0.268577 -0.548192 0.367764 -0.366923 -0.590827 0.321901 -0.277874 -0.391469 0.305393 -0.423474 -0.452093 0.270036 -0.546156 -0.504894 0.241743 -0.337296 -0.241641 0.247052 -0.457122 -0.314537 0.189445 -0.563099 -0.379383 0.136228 -0.336218 -0.136893 0.166635 -0.426244 -0.189759 0.106703 -0.498680 -0.242396 0.034692 
0.000000 0.000000 0.000000 0.056087 -0.043087 -0.024934 -0.019926 -0.337029 0.278037 -0.107334 -0.230077 0.267734 -0.149483 -0.144413 0.236318 -0.177323 -0.072908 0.203990 -0.153956 -0.255273 0.068369 -0.285388 -0.388045 0.126751 -0.362621 -0.511322 0.180831 -0.150383 -0.482179 0.393504 -0.268032 -0.547944 0.368687 -0.366543 -0.590469 0.323077 -0.276987 -0.391745 0.307178 -0.423109 -0.449935 0.269938 -0.545918 -0.502600 0.241944 -0.337061 -0.241286 0.248306 -0.456464 -0.313869 0.189438 -0.562598 -0.378521 0.136299 -0.335949 -0.136399 0.166670 -0.426376 -0.188994 0.107104 -0.498938 -0.241542 0.035156 
0.000000 0.000000 0.000000 0.056815 -0.042524 -0.024242 -0.018340 -0.335975 0.279419 -0.106927 -0.230127 0.267854 -0.149819 -0.145118 0.235672 -0.178227 -0.074101 0.202770 -0.153547 -0.254380 0.069094 -0.285178 -0.386945 0.127497 -0.362406 -0.510090 0.181883 -0.149597 -0.480446 0.394830 -0.267400 -0.545742 0.369516 -0.366005 -0.588333 0.324169 -0.277734 -0.390667 0.306919 -0.423708 -0.450040 0.270989 -0.546571 -0.502620 0.243072 -0.337655 -0.241223 0.249643 -0.456672 -0.313639 0.189795 -0.562882 -0.378209 0.136710 -0.338623 -0.135834 0.170396 -0.426142 -0.189054 0.107156 -0.498845 -0.241544 0.035306 
0.000000 0.000000 0.000000 0.056788 -0.042503 -0.024342 -0.017762 -0.336011 0.279412 -0.106402 -0.230191 0.268008 -0.149376 -0.145193 0.235907 -0.177862 -0.074181 0.203060 -0.153432 -0.254287 0.069475 -0.284974 -0.386807 0.128180 -0.362315 -0.509785 0.182785 -0.148456 -0.480405 0.395557 -0.266331 -0.545252 0.369431 -0.364982 -0.587845 0.324188 -0.276556 -0.391204 0.307969 -0.422753 -0.449264 0.270818 -0.545621 -0.501884 0.243000 -0.337348 -0.240825 0.251218 -0.455514 -0.313181 0.189635 -0.561684 -0.377808 0.136538 -0.338607 -0.135507 0.171653 -0.425444 -0.188860 0.107590 -0.498146 -0.241348 0.035740 
0.000000 0.000000 0.000000 0.056772 -0.042487 -0.024407 -0.017497 -0.336135 0.279280 -0.106157 -0.230318 0.267995 -0.149166 -0.145311 0.235967 -0.177686 -0.074288 0.203175 -0.153377 -0.254325 0.069446 -0.284875 -0.386879 0.128173 -0.362267 -0.509658 0.183151 -0.148106 -0.480598 0.395435 -0.265990 -0.545639 0.369843 -0.364693 -0.588211 0.324693 -0.276800 -0.390683 0.308477 -0.422859 -0.449556 0.272074 -0.545727 -0.502176 0.244256 -0.337374 -0.240517 0.251047 -0.455803 -0.312894 0.189999 -0.561956 -0.377494 0.136834 -0.338491 -0.135240 0.171349 -0.425858 -0.188450 0.107890 -0.498580 -0.240996 0.036101 
0.000000 0.000000 0.000000 0.056719 -0.042537 -0.024444 -0.017467 -0.336007 0.279436 -0.106064 -0.230133 0.268191 -0.149044 -0.145109 0.236168 -0.177545 -0.074079 0.203374 -0.153391 -0.254400 0.069440 -0.284863 -0.386971 0.128187 -0.362263 -0.509637 0.183406 -0.147478 -0.480681 0.395998 -0.265403 -0.545356 0.369673 -0.364161 -0.587944 0.324659 -0.276137 -0.391137 0.308532 -0.422278 -0.449703 0.271963 -0.545170 -0.502298 0.244200 -0.337196 -0.240312 0.251945 -0.455088 -0.312668 0.189841 -0.561222 -0.377319 0.136702 -0.338220 -0.135406 0.171611 -0.425089 -0.188790 0.107616 -0.497827 -0.241345 0.035851 
0.000000 0.000000 0.000000 0.055901 -0.043115 -0.025299 -0.018502 -0.337180 0.277952 -0.105888 -0.230155 0.268242 -0.148161 -0.144439 0.237133 -0.176141 -0.072894 0.205017 -0.153224 -0.255491 0.069619 -0.284081 -0.388382 0.129012 -0.361531 -0.510971 0.184331 -0.146920 -0.481688 0.396471 -0.264902 -0.545685 0.368783 -0.363674 -0.588292 0.323817 -0.274560 -0.392257 0.310043 -0.421001 -0.448811 0.271554 -0.543894 -0.501422 0.243831 -0.335663 -0.241023 0.252243 -0.453635 -0.313342 0.190247 -0.559760 -0.377979 0.137074 -0.335224 -0.136175 0.169318 -0.425142 -0.188981 0.109172 -0.497897 -0.241545 0.037431 
0.000000 0.000000 0.000000 0.056689 -0.042536 -0.024513 -0.017043 -0.335946 0.279536 -0.105667 -0.230083 0.268391 -0.148700 -0.145070 0.236409 -0.177254 -0.074051 0.203638 -0.153459 -0.254255 0.069610 -0.284956 -0.386735 0.128507 -0.362446 -0.509263 0.183905 -0.147436 -0.480518 0.395798 -0.265363 -0.545567 0.370424 -0.364163 -0.588151 0.325499 -0.275696 -0.390974 0.309359 -0.421898 -0.449239 0.272551 -0.544796 -0.501881 0.244907 -0.336877 -0.240315 0.251617 -0.455352 -0.312793 0.190777 -0.561450 -0.377468 0.137596 -0.337847 -0.135445 0.171592 -0.426110 -0.188540 0.109288 -0.498898 -0.241123 0.037594 