131
0.000000 0.000000 0.000000 -0.058774 0.046142 -0.006353 -0.323228 -0.293825 -0.021940 -0.197409 -0.311716 0.000217 -0.103293 -0.296958 0.013894 -0.018303 -0.278166 0.025682 -0.222518 -0.169411 0.150397 -0.324979 -0.304291 0.248482 -0.468927 -0.296872 0.306021 -0.416855 -0.454513 0.107803 -0.467647 -0.419073 0.230058 -0.495110 -0.347852 0.318186 -0.326343 -0.508903 0.031324 -0.414036 -0.643018 0.052481 -0.484407 -0.701602 0.153749 -0.204186 -0.476992 0.059958 -0.276532 -0.606088 0.092988 -0.326430 -0.645857 0.212138 -0.032794 -0.439962 0.090478 -0.042768 -0.551329 0.135078 -0.106176 -0.553262 0.230884 
0.000000 0.000000 0.000000 -0.058690 0.046433 -0.004835 -0.324477 -0.292367 -0.022943 -0.198456 -0.311039 -0.002657 -0.104129 -0.296819 0.010102 -0.018937 -0.278505 0.021154 -0.223428 -0.171043 0.148174 -0.326511 -0.307125 0.243918 -0.470365 -0.299713 0.301693 -0.420173 -0.454487 0.103468 -0.471664 -0.420517 0.225847 -0.499154 -0.350120 0.314626 -0.328513 -0.507726 0.026905 -0.416970 -0.641501 0.047012 -0.487794 -0.702199 0.146706 -0.206269 -0.477388 0.051041 -0.279509 -0.606867 0.080396 -0.331381 -0.652517 0.196557 -0.034188 -0.441991 0.081372 -0.044687 -0.554521 0.122820 -0.108253 -0.563401 0.218128 
0.000000 0.000000 0.000000 -0.058537 0.046613 -0.004957 -0.325149 -0.291383 -0.025778 -0.199287 -0.310480 -0.004910 -0.104988 -0.296569 0.008394 -0.019805 -0.278533 0.019961 -0.223770 -0.171065 0.147229 -0.327161 -0.307274 0.242458 -0.471118 -0.299905 0.299981 -0.419877 -0.453426 0.101457 -0.471538 -0.420897 0.224155 -0.499237 -0.350841 0.313139 -0.329449 -0.507261 0.023544 -0.417978 -0.641099 0.042897 -0.489265 -0.702362 0.141913 -0.207240 -0.477360 0.048057 -0.280560 -0.606997 0.076498 -0.333676 -0.654330 0.191417 -0.033482 -0.442301 0.079785 -0.042896 -0.555027 0.120964 -0.106694 -0.566772 0.215806 
0.000000 0.000000 0.000000 -0.058246 0.047009 -0.004621 -0.326745 -0.289153 -0.030302 -0.201072 -0.309229 -0.009216 -0.106743 -0.296026 0.004580 -0.021498 -0.278624 0.016655 -0.225427 -0.170775 0.145269 -0.330037 -0.307050 0.239061 -0.474000 -0.299946 0.296602 -0.423719 -0.451630 0.094668 -0.475257 -0.417392 0.216953 -0.503123 -0.348192 0.306552 -0.332374 -0.505547 0.017111 -0.421678 -0.639072 0.035018 -0.493422 -0.701545 0.132942 -0.208731 -0.477315 0.042608 -0.281863 -0.607311 0.069877 -0.335721 -0.657473 0.183240 -0.033779 -0.443420 0.073907 -0.042233 -0.556852 0.113315 -0.105913 -0.572634 0.207649 
0.000000 0.000000 0.000000 -0.057879 0.047597 -0.002911 -0.329894 -0.285708 -0.028836 -0.204066 -0.307228 -0.010245 -0.109393 -0.295085 0.002094 -0.023794 -0.278636 0.012931 -0.228172 -0.168770 0.145519 -0.334731 -0.304159 0.238397 -0.478433 -0.296905 0.296569 -0.427710 -0.448739 0.094748 -0.479034 -0.415370 0.217363 -0.506372 -0.346597 0.307452 -0.338642 -0.501272 0.016420 -0.430172 -0.633248 0.034557 -0.502294 -0.695632 0.132261 -0.213106 -0.475521 0.039510 -0.287475 -0.604905 0.066340 -0.341753 -0.655945 0.179109 -0.036305 -0.443653 0.069492 -0.044916 -0.557237 0.108424 -0.108052 -0.574431 0.202877 
0.000000 0.000000 0.000000 -0.057175 0.048383 -0.003749 -0.333727 -0.281265 -0.028399 -0.208344 -0.304390 -0.008756 -0.113592 -0.293473 0.004111 -0.027842 -0.278136 0.015375 -0.227038 -0.166513 0.147290 -0.333327 -0.300981 0.241800 -0.476063 -0.294641 0.302405 -0.430690 -0.443888 0.096389 -0.480849 -0.412299 0.219954 -0.506943 -0.343936 0.310721 -0.341614 -0.499158 0.019151 -0.432257 -0.631628 0.038131 -0.504144 -0.694431 0.135739 -0.217850 -0.473447 0.042232 -0.292609 -0.602500 0.069568 -0.347351 -0.654128 0.181844 -0.042633 -0.442915 0.072079 -0.052815 -0.556335 0.111110 -0.114946 -0.573283 0.206271 
0.000000 0.000000 0.000000 -0.056719 0.049012 -0.002146 -0.337345 -0.277518 -0.021746 -0.211787 -0.302086 -0.005223 -0.116641 -0.292253 0.005422 -0.030485 -0.277895 0.014702 -0.229200 -0.164129 0.148411 -0.337127 -0.297498 0.242621 -0.478893 -0.292235 0.305562 -0.434336 -0.440277 0.102842 -0.483138 -0.408487 0.226898 -0.507971 -0.340263 0.318123 -0.346997 -0.495262 0.024372 -0.438959 -0.626648 0.044501 -0.510711 -0.689039 0.142473 -0.222949 -0.470630 0.045349 -0.299177 -0.598537 0.073979 -0.353967 -0.649835 0.186383 -0.048080 -0.441538 0.073844 -0.060192 -0.554176 0.114553 -0.121537 -0.570222 0.210378 
0.000000 0.000000 0.000000 -0.056287 0.049429 -0.003535 -0.339733 -0.275055 -0.014705 -0.214412 -0.300263 0.002632 -0.119196 -0.290975 0.013129 -0.032926 -0.277123 0.022129 -0.229509 -0.157240 0.154985 -0.337900 -0.286560 0.254176 -0.478852 -0.281773 0.318956 -0.435833 -0.434830 0.114356 -0.483761 -0.400872 0.238178 -0.507963 -0.330979 0.328302 -0.349842 -0.492168 0.038764 -0.441953 -0.622691 0.063339 -0.513312 -0.683572 0.162540 -0.226954 -0.467454 0.057366 -0.304223 -0.594001 0.089086 -0.358758 -0.643207 0.202544 -0.051939 -0.438902 0.085786 -0.065026 -0.550258 0.129603 -0.124924 -0.562793 0.226856 
0.000000 0.000000 0.000000 -0.056159 0.049430 -0.005162 -0.340372 -0.274570 -0.006958 -0.215146 -0.299532 0.011397 -0.119928 -0.290152 0.021799 -0.033643 -0.276236 0.030545 -0.228246 -0.153470 0.159349 -0.335927 -0.280432 0.262289 -0.476183 -0.276580 0.328624 -0.434434 -0.430409 0.128271 -0.482760 -0.397971 0.252345 -0.506962 -0.326546 0.341260 -0.348558 -0.491806 0.052707 -0.439298 -0.622579 0.080804 -0.510154 -0.683351 0.180430 -0.226592 -0.466463 0.069245 -0.303077 -0.592888 0.103267 -0.357535 -0.640283 0.217530 -0.052525 -0.436763 0.097334 -0.065521 -0.547257 0.143307 -0.124976 -0.557462 0.241103 
0.000000 0.000000 0.000000 -0.055984 0.049594 -0.005497 -0.341579 -0.273156 -0.000526 -0.216334 -0.298390 0.017318 -0.121006 -0.289274 0.026914 -0.034603 -0.275607 0.034850 -0.227841 -0.149667 0.163638 -0.335377 -0.274352 0.269471 -0.474979 -0.271233 0.337210 -0.434757 -0.427161 0.137389 -0.481916 -0.390709 0.260796 -0.505791 -0.317955 0.348717 -0.348836 -0.490379 0.062686 -0.438956 -0.620958 0.093542 -0.509570 -0.681071 0.193739 -0.227626 -0.464959 0.076721 -0.304079 -0.590935 0.112436 -0.358578 -0.636707 0.227340 -0.053479 -0.434374 0.105723 -0.066472 -0.543656 0.154506 -0.125811 -0.551625 0.252580 
0.000000 0.000000 0.000000 -0.055537 0.050133 -0.005121 -0.344473 -0.269314 0.009925 -0.219188 -0.295690 0.025711 -0.123598 -0.287504 0.033339 -0.036913 -0.274691 0.039415 -0.228393 -0.143685 0.169241 -0.336554 -0.264963 0.278345 -0.475095 -0.261462 0.348210 -0.436803 -0.420693 0.151275 -0.483300 -0.384810 0.275100 -0.505981 -0.310605 0.362119 -0.352147 -0.486406 0.074948 -0.442577 -0.616119 0.108436 -0.512527 -0.676875 0.208710 -0.230555 -0.462316 0.085439 -0.307249 -0.587668 0.122798 -0.361075 -0.632915 0.238226 -0.056454 -0.432388 0.112463 -0.069905 -0.540934 0.162744 -0.128252 -0.547899 0.261487 
0.000000 0.000000 0.000000 -0.055094 0.050678 -0.004500 -0.347055 -0.265236 0.022210 -0.221717 -0.292798 0.035331 -0.125884 -0.285583 0.040514 -0.038943 -0.273665 0.044296 -0.225963 -0.138313 0.176973 -0.332881 -0.256572 0.290527 -0.469675 -0.253708 0.363781 -0.436170 -0.413658 0.168666 -0.480297 -0.376603 0.293012 -0.501262 -0.301016 0.379268 -0.353390 -0.483418 0.088250 -0.442947 -0.613067 0.124242 -0.511909 -0.677168 0.223109 -0.232440 -0.460198 0.094080 -0.308847 -0.585408 0.132490 -0.361569 -0.631317 0.248165 -0.056089 -0.431050 0.118607 -0.067891 -0.539382 0.169757 -0.124755 -0.547356 0.269286 
0.000000 0.000000 0.000000 -0.054582 0.051356 -0.002686 -0.349329 -0.260790 0.035328 -0.223957 -0.289895 0.044061 -0.127919 -0.283874 0.045810 -0.040755 -0.273041 0.046460 -0.225322 -0.133289 0.183326 -0.332159 -0.248828 0.299720 -0.466941 -0.246743 0.376638 -0.436131 -0.409727 0.182649 -0.478295 -0.372305 0.307565 -0.497477 -0.295711 0.393346 -0.353871 -0.481142 0.099029 -0.442230 -0.611217 0.136415 -0.509903 -0.679652 0.233247 -0.232721 -0.459259 0.100312 -0.307870 -0.585020 0.139394 -0.359900 -0.632003 0.254951 -0.057809 -0.430231 0.121205 -0.069547 -0.538428 0.172653 -0.125045 -0.548341 0.272777 
0.000000 0.000000 0.000000 -0.054218 0.051699 -0.003396 -0.350839 -0.256956 0.046651 -0.225593 -0.286813 0.054618 -0.129497 -0.281513 0.055018 -0.042252 -0.271362 0.054301 -0.221603 -0.127852 0.190486 -0.326341 -0.240204 0.311804 -0.458696 -0.238766 0.392841 -0.433113 -0.401953 0.200360 -0.472603 -0.366678 0.326765 -0.489357 -0.288848 0.411941 -0.351406 -0.479308 0.114544 -0.436976 -0.610232 0.155302 -0.502796 -0.684533 0.249039 -0.231453 -0.458881 0.108491 -0.304562 -0.586065 0.146835 -0.355235 -0.635176 0.262109 -0.055556 -0.429613 0.127554 -0.064713 -0.538540 0.177976 -0.117873 -0.552077 0.278940 
0.000000 0.000000 0.000000 -0.053980 0.051983 -0.002796 -0.350665 -0.253362 0.064279 -0.225410 -0.283898 0.068770 -0.129323 -0.279259 0.065851 -0.042090 -0.269734 0.061995 -0.217139 -0.121665 0.199866 -0.319234 -0.230322 0.326679 -0.448436 -0.228864 0.412653 -0.430133 -0.394724 0.222778 -0.466250 -0.357878 0.349743 -0.479787 -0.277765 0.433360 -0.346946 -0.477945 0.132404 -0.429607 -0.609925 0.175684 -0.492811 -0.690803 0.265703 -0.228677 -0.458135 0.119196 -0.299919 -0.586401 0.157447 -0.349327 -0.637845 0.272253 -0.053932 -0.428166 0.135106 -0.062083 -0.537218 0.185429 -0.112633 -0.555373 0.287008 
0.000000 0.000000 0.000000 -0.053876 0.052083 -0.002935 -0.349919 -0.250437 0.078283 -0.224687 -0.281286 0.080819 -0.128673 -0.277056 0.075692 -0.041517 -0.267936 0.069699 -0.214536 -0.113750 0.208096 -0.315067 -0.217517 0.340145 -0.440844 -0.216330 0.431061 -0.424705 -0.387657 0.242593 -0.457767 -0.350565 0.370316 -0.468569 -0.267886 0.451807 -0.341764 -0.476384 0.149403 -0.421394 -0.609078 0.196051 -0.481876 -0.694437 0.283773 -0.224832 -0.457295 0.130293 -0.293783 -0.586537 0.169445 -0.342168 -0.639164 0.284151 -0.050507 -0.426067 0.143860 -0.056695 -0.534913 0.194906 -0.105239 -0.556184 0.296857 
0.000000 0.000000 0.000000 -0.054178 0.051673 -0.004304 -0.347899 -0.249302 0.090030 -0.222485 -0.279405 0.092578 -0.126542 -0.274870 0.086485 -0.039490 -0.265523 0.079430 -0.210703 -0.108689 0.213940 -0.308646 -0.209033 0.350502 -0.432109 -0.209043 0.444544 -0.418069 -0.382021 0.259976 -0.448815 -0.342239 0.387468 -0.458709 -0.257821 0.467273 -0.333360 -0.476246 0.166299 -0.408770 -0.610126 0.216441 -0.465605 -0.701291 0.300690 -0.219473 -0.456408 0.142357 -0.286110 -0.586582 0.182421 -0.333594 -0.640515 0.296896 -0.046726 -0.423250 0.154638 -0.051708 -0.531816 0.206406 -0.098222 -0.556969 0.308420 
0.000000 0.000000 0.000000 -0.054676 0.051013 -0.005665 -0.344969 -0.249162 0.101022 -0.219270 -0.278046 0.103675 -0.123418 -0.272870 0.096728 -0.036506 -0.262996 0.088721 -0.204833 -0.104528 0.220403 -0.298791 -0.201855 0.361861 -0.419404 -0.202523 0.459528 -0.410231 -0.377215 0.276417 -0.439039 -0.337598 0.404412 -0.447943 -0.251683 0.482721 -0.322511 -0.476718 0.183331 -0.392729 -0.611843 0.237508 -0.444657 -0.708282 0.319009 -0.212491 -0.455893 0.154018 -0.276362 -0.587132 0.195098 -0.322560 -0.642652 0.309341 -0.041409 -0.420969 0.163601 -0.044784 -0.529704 0.215142 -0.089999 -0.557891 0.316947 
0.000000 0.000000 0.000000 -0.055292 0.049849 -0.009047 -0.343151 -0.249360 0.106571 -0.217120 -0.276165 0.112824 -0.121240 -0.269860 0.107344 -0.034347 -0.259049 0.100424 -0.201216 -0.100620 0.223141 -0.292526 -0.194774 0.368430 -0.411734 -0.195985 0.467801 -0.402101 -0.370560 0.288932 -0.429347 -0.333144 0.417927 -0.437885 -0.245707 0.494576 -0.315957 -0.475418 0.196512 -0.383180 -0.610938 0.253432 -0.432830 -0.709476 0.333835 -0.206245 -0.453834 0.167688 -0.267199 -0.585754 0.210959 -0.313354 -0.641238 0.325236 -0.037624 -0.416361 0.176768 -0.039880 -0.524642 0.229318 -0.085258 -0.553189 0.330949 
0.000000 0.000000 0.000000 -0.055612 0.049141 -0.010788 -0.341879 -0.248833 0.111765 -0.215688 -0.274476 0.119495 -0.119828 -0.267592 0.114376 -0.032980 -0.256316 0.107637 -0.198861 -0.096610 0.226030 -0.288497 -0.187811 0.374215 -0.405760 -0.190075 0.475857 -0.399407 -0.365370 0.297587 -0.425910 -0.327639 0.426646 -0.433927 -0.239267 0.502271 -0.312445 -0.473477 0.206161 -0.378252 -0.608827 0.265105 -0.426340 -0.708631 0.344892 -0.202555 -0.451848 0.176983 -0.261875 -0.583972 0.221875 -0.307838 -0.639141 0.336382 -0.036193 -0.413249 0.184759 -0.038404 -0.521269 0.237844 -0.084169 -0.550217 0.339189 
0.000000 0.000000 0.000000 -0.055843 0.048563 -0.012128 -0.341007 -0.248480 0.115163 -0.214710 -0.273188 0.124118 -0.118866 -0.265833 0.119373 -0.032050 -0.254175 0.112867 -0.197584 -0.094872 0.226999 -0.286277 -0.184625 0.376629 -0.402463 -0.187546 0.479484 -0.396603 -0.362313 0.303235 -0.422343 -0.326088 0.432878 -0.429896 -0.237459 0.508250 -0.310491 -0.471982 0.212329 -0.375636 -0.607191 0.272324 -0.422836 -0.707607 0.351873 -0.200027 -0.450375 0.183177 -0.258224 -0.582703 0.228928 -0.303892 -0.638253 0.343369 -0.036338 -0.411326 0.189493 -0.039290 -0.519495 0.242237 -0.085901 -0.548436 0.343197 
0.000000 0.000000 0.000000 -0.056055 0.047929 -0.013586 -0.340515 -0.249296 0.114853 -0.214156 -0.272871 0.125761 -0.118319 -0.264843 0.122087 -0.031520 -0.252610 0.116471 -0.196286 -0.094610 0.226964 -0.284034 -0.183801 0.377485 -0.400025 -0.186557 0.480563 -0.395019 -0.360643 0.304724 -0.420832 -0.326178 0.434832 -0.428528 -0.237268 0.509858 -0.308722 -0.472267 0.213925 -0.373040 -0.607884 0.273890 -0.420049 -0.708527 0.353265 -0.198375 -0.449391 0.187255 -0.255779 -0.581723 0.233984 -0.301697 -0.636963 0.348476 -0.037621 -0.409795 0.192905 -0.041821 -0.517988 0.245516 -0.090232 -0.545844 0.345933 
0.000000 0.000000 0.000000 -0.056590 0.046941 -0.014764 -0.337823 -0.250953 0.119115 -0.211222 -0.272745 0.130891 -0.115479 -0.263625 0.127329 -0.028817 -0.250454 0.121710 -0.191813 -0.093996 0.229567 -0.276427 -0.182186 0.382453 -0.391402 -0.184718 0.486670 -0.387615 -0.356406 0.313590 -0.412265 -0.326358 0.445011 -0.419750 -0.236799 0.519283 -0.301841 -0.472403 0.222541 -0.363474 -0.608198 0.284876 -0.408858 -0.709426 0.364452 -0.192486 -0.449037 0.193706 -0.247705 -0.581989 0.241304 -0.292936 -0.637323 0.356023 -0.031938 -0.408027 0.197521 -0.034086 -0.516488 0.249703 -0.082525 -0.543796 0.350256 
0.000000 0.000000 0.000000 -0.057673 0.044373 -0.018131 -0.332534 -0.256987 0.121116 -0.205647 -0.274029 0.136948 -0.110189 -0.261866 0.135391 -0.023881 -0.246047 0.131383 -0.189510 -0.093104 0.229993 -0.272005 -0.179129 0.385252 -0.387258 -0.182465 0.489139 -0.378674 -0.357346 0.319155 -0.403958 -0.326413 0.450250 -0.413920 -0.235513 0.522575 -0.290139 -0.473605 0.234441 -0.347606 -0.609344 0.300751 -0.390635 -0.710063 0.382259 -0.181857 -0.448092 0.205372 -0.233249 -0.581627 0.255553 -0.277880 -0.635763 0.371074 -0.024589 -0.403028 0.208473 -0.025077 -0.511081 0.261535 -0.074649 -0.535832 0.362198 
0.000000 0.000000 0.000000 -0.059259 0.040848 -0.021063 -0.322819 -0.267509 0.124566 -0.195658 -0.277890 0.143640 -0.100858 -0.261290 0.143532 -0.015312 -0.241570 0.140644 -0.191486 -0.091256 0.229757 -0.274224 -0.173918 0.386704 -0.391307 -0.180186 0.488386 -0.371163 -0.361521 0.325177 -0.402428 -0.325830 0.453749 -0.419282 -0.232945 0.522171 -0.272031 -0.476599 0.249263 -0.323975 -0.611750 0.321100 -0.363514 -0.711049 0.406046 -0.164046 -0.446628 0.223350 -0.209355 -0.579526 0.280585 -0.254804 -0.629764 0.397540 -0.010489 -0.393034 0.227946 -0.007169 -0.497289 0.288038 -0.059303 -0.517493 0.388422 
0.000000 0.000000 0.000000 -0.060665 0.036323 -0.024987 -0.311772 -0.278125 0.129364 -0.184920 -0.280396 0.152708 -0.091200 -0.258577 0.154489 -0.006795 -0.234307 0.153052 -0.188589 -0.090122 0.230930 -0.268636 -0.169243 0.391065 -0.385147 -0.178929 0.493135 -0.357001 -0.360341 0.335798 -0.390353 -0.325392 0.464048 -0.412015 -0.231331 0.529444 -0.249391 -0.478123 0.267695 -0.293240 -0.612605 0.345903 -0.327316 -0.710523 0.434730 -0.144831 -0.443792 0.241281 -0.183287 -0.576603 0.303516 -0.228382 -0.624035 0.421773 0.003922 -0.381713 0.246556 0.011299 -0.483175 0.310917 -0.041779 -0.500677 0.411314 
0.000000 0.000000 0.000000 -0.061657 0.032057 -0.028190 -0.300786 -0.289185 0.131111 -0.174787 -0.283801 0.158252 -0.082433 -0.256969 0.161920 0.000597 -0.228311 0.162003 -0.191227 -0.090503 0.228786 -0.272304 -0.167192 0.389585 -0.388842 -0.181752 0.491044 -0.347012 -0.365735 0.339494 -0.384764 -0.328165 0.465768 -0.412280 -0.233753 0.528397 -0.234299 -0.479317 0.279522 -0.274775 -0.612295 0.362002 -0.306789 -0.707927 0.454029 -0.130480 -0.440978 0.254363 -0.164932 -0.572925 0.320650 -0.211224 -0.617134 0.439690 0.016424 -0.371972 0.260477 0.027318 -0.470857 0.328260 -0.027986 -0.485388 0.427927 
0.000000 0.000000 0.000000 -0.062284 0.028036 -0.030960 -0.289803 -0.300288 0.130887 -0.165137 -0.287689 0.161562 -0.074406 -0.256074 0.167141 0.007037 -0.223217 0.168807 -0.191717 -0.092829 0.226887 -0.272709 -0.168458 0.388230 -0.389165 -0.187656 0.489008 -0.336939 -0.372233 0.340702 -0.378658 -0.335341 0.465924 -0.411759 -0.241249 0.526291 -0.218173 -0.482015 0.287653 -0.254245 -0.614184 0.373412 -0.283782 -0.707650 0.468444 -0.115289 -0.438507 0.265937 -0.144605 -0.569322 0.336780 -0.192070 -0.610723 0.456366 0.025651 -0.362853 0.272449 0.038464 -0.458967 0.343787 -0.019543 -0.471159 0.442223 
0.000000 0.000000 0.000000 -0.062999 0.025388 -0.031788 -0.280331 -0.307658 0.134356 -0.156354 -0.290334 0.165520 -0.066777 -0.255580 0.171072 0.013499 -0.219965 0.172639 -0.191378 -0.094724 0.226936 -0.271709 -0.169883 0.388829 -0.387648 -0.191767 0.489655 -0.328935 -0.378730 0.344134 -0.373448 -0.336940 0.466830 -0.409138 -0.243007 0.525956 -0.203209 -0.482796 0.296811 -0.235077 -0.613697 0.386108 -0.262165 -0.705485 0.483475 -0.103491 -0.437291 0.272793 -0.129816 -0.567588 0.345733 -0.177542 -0.607746 0.465640 0.034455 -0.356810 0.279506 0.048879 -0.451003 0.353065 -0.010362 -0.461802 0.450927 
0.000000 0.000000 0.000000 -0.063002 0.022953 -0.033583 -0.273734 -0.314288 0.132603 -0.151102 -0.292662 0.166296 -0.062791 -0.255057 0.173348 0.016292 -0.216938 0.176192 -0.190729 -0.098173 0.224992 -0.270653 -0.173965 0.386791 -0.387169 -0.197944 0.486470 -0.321594 -0.384064 0.342985 -0.368075 -0.342990 0.465192 -0.407043 -0.249687 0.523236 -0.194339 -0.484879 0.299177 -0.223746 -0.615614 0.389556 -0.250079 -0.706241 0.488210 -0.095446 -0.436313 0.277240 -0.118862 -0.566285 0.351736 -0.167235 -0.605003 0.471857 0.040438 -0.351888 0.284782 0.057058 -0.444776 0.359526 -0.003833 -0.453928 0.456540 
0.000000 0.000000 0.000000 -0.062903 0.020892 -0.035080 -0.267972 -0.319888 0.130969 -0.146644 -0.294640 0.166793 -0.059508 -0.254632 0.175121 0.018476 -0.214403 0.179056 -0.187831 -0.099856 0.225033 -0.266003 -0.175412 0.387796 -0.383531 -0.199059 0.486360 -0.314601 -0.386227 0.342735 -0.361704 -0.344736 0.464562 -0.402521 -0.251603 0.521601 -0.187250 -0.485420 0.302545 -0.214868 -0.615177 0.394876 -0.240563 -0.704367 0.494997 -0.089100 -0.434790 0.281804 -0.110321 -0.563974 0.358302 -0.159243 -0.601869 0.478463 0.043485 -0.347724 0.289448 0.060699 -0.439492 0.365432 -0.001514 -0.447646 0.461693 
0.000000 0.000000 0.000000 -0.063390 0.020777 -0.034263 -0.265716 -0.320281 0.134556 -0.143972 -0.294823 0.168785 -0.056801 -0.254670 0.175963 0.021161 -0.214313 0.178867 -0.188857 -0.100267 0.225453 -0.267366 -0.176008 0.387967 -0.385147 -0.199888 0.486173 -0.312166 -0.388417 0.345790 -0.360382 -0.344564 0.466348 -0.401998 -0.251396 0.522749 -0.184382 -0.484651 0.305923 -0.211866 -0.613761 0.399196 -0.237427 -0.701617 0.500524 -0.086237 -0.434299 0.283577 -0.107345 -0.563104 0.360743 -0.156163 -0.600474 0.481110 0.046092 -0.345777 0.291481 0.063252 -0.436265 0.368996 0.000795 -0.443567 0.465168 
0.000000 0.000000 0.000000 -0.063170 0.019327 -0.035495 -0.263176 -0.321766 0.135998 -0.142302 -0.294048 0.171531 -0.055806 -0.252563 0.179287 0.021541 -0.211072 0.182636 -0.186627 -0.099398 0.226247 -0.263879 -0.173688 0.390029 -0.381560 -0.197214 0.488438 -0.310146 -0.385073 0.348615 -0.357888 -0.344040 0.470349 -0.399898 -0.250752 0.526255 -0.181067 -0.482209 0.311415 -0.207432 -0.610184 0.406556 -0.232807 -0.696712 0.509066 -0.083577 -0.430698 0.289788 -0.103490 -0.558432 0.369024 -0.151978 -0.594518 0.489915 0.048389 -0.341296 0.296245 0.066870 -0.430932 0.374445 0.004276 -0.436937 0.470617 
0.000000 0.000000 0.000000 -0.063277 0.018302 -0.035847 -0.260854 -0.321686 0.140583 -0.140235 -0.292507 0.175815 -0.054069 -0.250246 0.183029 0.022954 -0.208116 0.185828 -0.185946 -0.096726 0.227909 -0.262705 -0.168703 0.392950 -0.379833 -0.191886 0.492098 -0.307067 -0.383184 0.353897 -0.355390 -0.339468 0.474461 -0.398180 -0.245733 0.529013 -0.178376 -0.478649 0.318541 -0.204318 -0.605252 0.415615 -0.229179 -0.689908 0.519801 -0.080411 -0.427000 0.296069 -0.099300 -0.553743 0.377126 -0.147574 -0.588252 0.498562 0.050293 -0.336455 0.301447 0.069110 -0.424794 0.381031 0.006257 -0.429388 0.477112 
0.000000 0.000000 0.000000 -0.063549 0.017016 -0.035999 -0.257707 -0.320734 0.148347 -0.137212 -0.289827 0.182511 -0.051372 -0.246720 0.188511 0.025310 -0.203912 0.190133 -0.185495 -0.093220 0.230128 -0.261802 -0.162198 0.396653 -0.378220 -0.184517 0.496830 -0.303048 -0.378987 0.362756 -0.351654 -0.332679 0.482234 -0.395076 -0.238331 0.535206 -0.174417 -0.472289 0.330152 -0.199723 -0.596390 0.430568 -0.223502 -0.678620 0.536926 -0.075866 -0.421058 0.305643 -0.093430 -0.546070 0.389634 -0.141078 -0.578324 0.511934 0.053940 -0.328834 0.309134 0.073646 -0.414820 0.391044 0.010857 -0.417735 0.487232 
0.000000 0.000000 0.000000 -0.063655 0.016169 -0.036201 -0.256508 -0.318760 0.154551 -0.136056 -0.286875 0.187959 -0.050339 -0.243408 0.193040 0.026216 -0.200348 0.193764 -0.183622 -0.090707 0.232186 -0.258690 -0.157583 0.400125 -0.374083 -0.179351 0.501602 -0.300860 -0.373512 0.370086 -0.348823 -0.327224 0.489831 -0.392353 -0.232290 0.541656 -0.170719 -0.466066 0.340155 -0.194294 -0.587941 0.443669 -0.217054 -0.668076 0.551835 -0.072357 -0.415630 0.313741 -0.088146 -0.539123 0.400291 -0.135259 -0.569441 0.523292 0.056559 -0.322361 0.315331 0.077444 -0.406345 0.399007 0.014759 -0.407445 0.495301 
0.000000 0.000000 0.000000 -0.063857 0.015434 -0.036165 -0.255195 -0.316472 0.161282 -0.134638 -0.283813 0.193546 -0.048973 -0.240121 0.197458 0.027507 -0.196926 0.197065 -0.182635 -0.086310 0.234734 -0.256958 -0.149975 0.404245 -0.371488 -0.170283 0.506994 -0.298976 -0.366491 0.378080 -0.346168 -0.319576 0.497888 -0.389500 -0.223883 0.548466 -0.166575 -0.461922 0.347597 -0.188296 -0.583061 0.452374 -0.210006 -0.661822 0.561757 -0.070180 -0.410058 0.321497 -0.085386 -0.531913 0.410440 -0.131908 -0.560246 0.534137 0.059267 -0.315600 0.321540 0.081127 -0.397286 0.407219 0.018800 -0.396612 0.503749 
0.000000 0.000000 0.000000 -0.064145 0.014734 -0.035947 -0.253848 -0.313319 0.169359 -0.133046 -0.280042 0.200031 -0.047361 -0.236280 0.202422 0.029106 -0.193099 0.200591 -0.180217 -0.082081 0.237915 -0.252846 -0.142661 0.409281 -0.365728 -0.161439 0.514123 -0.295176 -0.359189 0.387551 -0.341261 -0.309248 0.506565 -0.384180 -0.212733 0.555919 -0.163828 -0.453894 0.359099 -0.184764 -0.572137 0.467287 -0.205313 -0.648416 0.578636 -0.065917 -0.403811 0.330105 -0.079223 -0.523941 0.421661 -0.124385 -0.549786 0.546403 0.062106 -0.309056 0.327285 0.084820 -0.388871 0.414490 0.023074 -0.386456 0.511365 
0.000000 0.000000 0.000000 -0.064552 0.013658 -0.035642 -0.251687 -0.308447 0.181121 -0.130580 -0.274235 0.209479 -0.044912 -0.230376 0.209657 0.031494 -0.187224 0.205733 -0.178286 -0.074122 0.242217 -0.249453 -0.129049 0.416083 -0.359298 -0.146184 0.524376 -0.291662 -0.348973 0.400620 -0.336616 -0.297446 0.519389 -0.379080 -0.199945 0.567176 -0.158634 -0.443626 0.373778 -0.177714 -0.558835 0.485524 -0.196231 -0.632258 0.599127 -0.062872 -0.394358 0.341948 -0.075750 -0.511943 0.436810 -0.119971 -0.534504 0.562522 0.065576 -0.299045 0.335814 0.089036 -0.376013 0.425351 0.027876 -0.370947 0.522495 
0.000000 0.000000 0.000000 -0.064505 0.011241 -0.036559 -0.247757 -0.305992 0.190462 -0.127467 -0.268688 0.218394 -0.042562 -0.223378 0.217571 0.033126 -0.179082 0.212611 -0.178192 -0.068502 0.243731 -0.249329 -0.118399 0.419119 -0.356904 -0.135006 0.529748 -0.287669 -0.332907 0.412053 -0.331001 -0.282120 0.531741 -0.373845 -0.183675 0.577194 -0.151442 -0.432536 0.388845 -0.167748 -0.543976 0.504775 -0.184600 -0.613848 0.620850 -0.056537 -0.383392 0.355098 -0.066558 -0.498132 0.453714 -0.110149 -0.517184 0.580225 0.068038 -0.286406 0.346211 0.092069 -0.360280 0.438170 0.030667 -0.352526 0.534983 
0.000000 0.000000 0.000000 -0.064682 0.010035 -0.036598 -0.245354 -0.303070 0.198091 -0.125203 -0.264441 0.224794 -0.040571 -0.218663 0.222681 0.034837 -0.174047 0.216484 -0.176418 -0.065408 0.245660 -0.246336 -0.112616 0.422279 -0.351613 -0.128804 0.535157 -0.284704 -0.326682 0.420159 -0.328172 -0.274479 0.539186 -0.371667 -0.175588 0.583026 -0.146939 -0.425450 0.398224 -0.161723 -0.534960 0.516181 -0.177399 -0.602320 0.633893 -0.051784 -0.376190 0.363298 -0.059825 -0.489146 0.464130 -0.103017 -0.505672 0.591131 0.071837 -0.277006 0.352926 0.097306 -0.347876 0.446842 0.035843 -0.338221 0.543446 
0.000000 0.000000 0.000000 -0.064614 0.008756 -0.037043 -0.243116 -0.302285 0.202011 -0.123494 -0.261973 0.228597 -0.039329 -0.215360 0.226097 0.035642 -0.170071 0.219492 -0.174606 -0.062455 0.246994 -0.243432 -0.107014 0.424726 -0.347768 -0.122038 0.538634 -0.281215 -0.321390 0.424730 -0.323395 -0.268922 0.544103 -0.366538 -0.169602 0.587316 -0.143334 -0.420669 0.404371 -0.156829 -0.528604 0.523922 -0.171230 -0.594612 0.642560 -0.048702 -0.370786 0.369164 -0.055424 -0.482237 0.471753 -0.097816 -0.497318 0.599203 0.074743 -0.271875 0.356216 0.101657 -0.341948 0.450325 0.040799 -0.331231 0.547199 
0.000000 0.000000 0.000000 -0.064727 0.008649 -0.036872 -0.242525 -0.301639 0.203681 -0.122818 -0.261258 0.229777 -0.038657 -0.214661 0.226876 0.036297 -0.169401 0.219902 -0.174138 -0.061772 0.247586 -0.242600 -0.105837 0.425581 -0.346543 -0.120345 0.539916 -0.280092 -0.320664 0.426497 -0.321964 -0.267922 0.545858 -0.364876 -0.168443 0.588934 -0.141956 -0.418808 0.406656 -0.154972 -0.525964 0.526958 -0.168910 -0.591345 0.645997 -0.047587 -0.369658 0.370437 -0.053989 -0.480801 0.473379 -0.096165 -0.495393 0.600958 0.075040 -0.270527 0.357229 0.101707 -0.340135 0.451754 0.040935 -0.328798 0.548612 
0.000000 0.000000 0.000000 -0.064782 0.008650 -0.036774 -0.242305 -0.301438 0.204239 -0.122543 -0.261083 0.230122 -0.038370 -0.214517 0.227060 0.036588 -0.169287 0.219942 -0.172856 -0.062032 0.248130 -0.240482 -0.106260 0.426404 -0.344165 -0.120503 0.541008 -0.278831 -0.320733 0.427205 -0.320279 -0.267956 0.546699 -0.363114 -0.168452 0.589794 -0.141484 -0.418767 0.406903 -0.154366 -0.526014 0.527139 -0.168211 -0.591315 0.646233 -0.047117 -0.369573 0.370569 -0.053388 -0.480758 0.473474 -0.095434 -0.495108 0.601123 0.075421 -0.270304 0.357324 0.102150 -0.339836 0.451886 0.041487 -0.328446 0.548806 
0.000000 0.000000 0.000000 -0.064935 0.008579 -0.036520 -0.241764 -0.300287 0.206562 -0.121838 -0.259977 0.231743 -0.037623 -0.213529 0.228114 0.037359 -0.168423 0.220475 -0.171641 -0.060995 0.249171 -0.238410 -0.104530 0.427938 -0.341553 -0.118113 0.543107 -0.277506 -0.317303 0.429840 -0.317890 -0.265475 0.550111 -0.360438 -0.165779 0.593048 -0.140187 -0.417039 0.409139 -0.152666 -0.523864 0.529793 -0.165997 -0.588622 0.649241 -0.045793 -0.368157 0.372118 -0.051652 -0.479035 0.475378 -0.093235 -0.493092 0.603211 0.076362 -0.269240 0.357956 0.103207 -0.338634 0.452587 0.042721 -0.327105 0.549600 
0.000000 0.000000 0.000000 -0.064979 0.008365 -0.036492 -0.241487 -0.299138 0.208546 -0.121535 -0.258672 0.233357 -0.037329 -0.212237 0.229365 0.037639 -0.167167 0.221381 -0.171694 -0.059146 0.249690 -0.238469 -0.101390 0.428765 -0.341108 -0.114599 0.544426 -0.275735 -0.316462 0.432034 -0.315828 -0.262956 0.551665 -0.358145 -0.163083 0.594419 -0.139335 -0.414407 0.411974 -0.151441 -0.520329 0.533459 -0.164612 -0.584443 0.653273 -0.045054 -0.365947 0.374372 -0.050594 -0.476167 0.478352 -0.092032 -0.489560 0.606303 0.076755 -0.266045 0.360231 0.103679 -0.334105 0.455804 0.043260 -0.321722 0.552754 
0.000000 0.000000 0.000000 -0.065057 0.008150 -0.036401 -0.240746 -0.298604 0.210160 -0.120795 -0.257905 0.234587 -0.036650 -0.211389 0.230255 0.038250 -0.166264 0.221955 -0.171466 -0.058499 0.250098 -0.238049 -0.100203 0.429370 -0.340618 -0.112915 0.545150 -0.275751 -0.315088 0.433595 -0.316029 -0.261762 0.553245 -0.358404 -0.161791 0.595710 -0.138078 -0.413011 0.413801 -0.149833 -0.518505 0.535692 -0.162700 -0.582127 0.655801 -0.044464 -0.364645 0.375739 -0.050066 -0.474538 0.480059 -0.091416 -0.487424 0.608091 0.078361 -0.263960 0.361357 0.105970 -0.331207 0.457310 0.045767 -0.318529 0.554357 
0.000000 0.000000 0.000000 -0.065106 0.008018 -0.036342 -0.240496 -0.297757 0.211642 -0.120506 -0.256980 0.235747 -0.036362 -0.210493 0.231120 0.038533 -0.165411 0.222543 -0.170941 -0.057741 0.250574 -0.237166 -0.098888 0.430108 -0.339645 -0.111550 0.545972 -0.274676 -0.312375 0.435334 -0.314086 -0.260475 0.555897 -0.356614 -0.160413 0.597994 -0.137048 -0.412274 0.414869 -0.148298 -0.517895 0.536698 -0.160790 -0.581299 0.656961 -0.043423 -0.363059 0.377365 -0.048486 -0.472458 0.482231 -0.089604 -0.484949 0.610377 0.078093 -0.263495 0.361830 0.105322 -0.331009 0.457704 0.045114 -0.318226 0.554733 
0.000000 0.000000 0.000000 -0.065131 0.008004 -0.036302 -0.240537 -0.297227 0.212341 -0.120497 -0.256497 0.236278 -0.036323 -0.210079 0.231503 0.038598 -0.165065 0.222789 -0.170647 -0.057125 0.250875 -0.236672 -0.097878 0.430572 -0.338953 -0.110443 0.546622 -0.274179 -0.311797 0.436117 -0.313701 -0.258616 0.556083 -0.356238 -0.158488 0.598014 -0.136822 -0.410647 0.416404 -0.147924 -0.515491 0.538916 -0.160419 -0.578304 0.659488 -0.042880 -0.362281 0.378149 -0.047582 -0.471420 0.483304 -0.088751 -0.483504 0.611473 0.078506 -0.262514 0.362422 0.105976 -0.329589 0.458534 0.045717 -0.316564 0.555499 
0.000000 0.000000 0.000000 -0.065162 0.007927 -0.036262 -0.240458 -0.296510 0.213430 -0.120377 -0.255763 0.237133 -0.036188 -0.209395 0.232143 0.038743 -0.164439 0.223226 -0.170240 -0.056597 0.251213 -0.235990 -0.096972 0.431096 -0.337908 -0.109166 0.547504 -0.273989 -0.311659 0.437185 -0.313717 -0.257768 0.556766 -0.356224 -0.157559 0.598531 -0.136673 -0.410174 0.417039 -0.147756 -0.515194 0.539401 -0.160252 -0.577670 0.660148 -0.043342 -0.360827 0.379557 -0.048472 -0.469413 0.485262 -0.089684 -0.480759 0.613484 0.078240 -0.261967 0.362921 0.105426 -0.329097 0.459076 0.045171 -0.315803 0.556008 
0.000000 0.000000 0.000000 -0.065208 0.007942 -0.036176 -0.240364 -0.296157 0.214025 -0.120221 -0.255475 0.237522 -0.036006 -0.209171 0.232373 0.038944 -0.164275 0.223312 -0.170939 -0.054976 0.251415 -0.237099 -0.094347 0.431370 -0.338744 -0.106223 0.548050 -0.273358 -0.309621 0.437967 -0.312681 -0.255410 0.557537 -0.355152 -0.155173 0.599272 -0.136338 -0.409207 0.418024 -0.147301 -0.513766 0.540792 -0.159656 -0.575887 0.661737 -0.042920 -0.360596 0.379806 -0.047877 -0.469176 0.485525 -0.089123 -0.480424 0.613745 0.078438 -0.261359 0.363316 0.105622 -0.328183 0.459685 0.045308 -0.314687 0.556552 
0.000000 0.000000 0.000000 -0.064879 0.007028 -0.036950 -0.239554 -0.297516 0.213046 -0.120129 -0.255400 0.237649 -0.036365 -0.208216 0.233174 0.038195 -0.162564 0.224689 -0.169781 -0.055913 0.250939 -0.235423 -0.095297 0.431082 -0.336890 -0.107232 0.547910 -0.273673 -0.306620 0.437040 -0.311988 -0.255539 0.558303 -0.354460 -0.155296 0.600024 -0.135708 -0.408707 0.418560 -0.146305 -0.512978 0.541604 -0.158614 -0.574952 0.662629 -0.042274 -0.360147 0.380129 -0.046512 -0.469090 0.485505 -0.087786 -0.480169 0.613731 0.078390 -0.260266 0.364063 0.106057 -0.327516 0.459996 0.045703 -0.313926 0.556826 
0.000000 0.000000 0.000000 -0.064900 0.007004 -0.036916 -0.239452 -0.297320 0.213433 -0.120009 -0.255195 0.237930 -0.036243 -0.208023 0.233365 0.038316 -0.162384 0.224799 -0.170364 -0.055409 0.250883 -0.236356 -0.094464 0.430969 -0.337823 -0.106400 0.547796 -0.273640 -0.305531 0.437451 -0.311917 -0.254211 0.558625 -0.354391 -0.153943 0.600284 -0.135880 -0.408139 0.419122 -0.146674 -0.512163 0.542358 -0.159031 -0.573944 0.663477 -0.042404 -0.359636 0.380637 -0.046823 -0.468352 0.486241 -0.088223 -0.479156 0.614449 0.078236 -0.259867 0.364404 0.105715 -0.326966 0.460498 0.045282 -0.313313 0.557269 
0.000000 0.000000 0.000000 -0.064907 0.006972 -0.036911 -0.239353 -0.297284 0.213594 -0.119917 -0.255120 0.238057 -0.036163 -0.207929 0.233461 0.038384 -0.162277 0.224865 -0.170645 -0.055839 0.250701 -0.236809 -0.095142 0.430669 -0.337956 -0.107294 0.547753 -0.272698 -0.308160 0.437625 -0.311411 -0.255354 0.558020 -0.353878 -0.155147 0.599832 -0.135864 -0.407939 0.419348 -0.146710 -0.511877 0.542652 -0.158950 -0.573429 0.663899 -0.042559 -0.359741 0.380518 -0.047145 -0.468600 0.485967 -0.088665 -0.479293 0.614146 0.078614 -0.259505 0.364559 0.106306 -0.326429 0.460713 0.045839 -0.312726 0.557455 
0.000000 0.000000 0.000000 -0.064929 0.006972 -0.036871 -0.239055 -0.297685 0.213369 -0.119634 -0.255471 0.237822 -0.035914 -0.208221 0.233239 0.038599 -0.162509 0.224660 -0.170589 -0.055762 0.250786 -0.236704 -0.095016 0.430784 -0.337278 -0.107661 0.548307 -0.271922 -0.308269 0.437485 -0.310556 -0.255086 0.557739 -0.353128 -0.154997 0.599728 -0.134948 -0.408304 0.419156 -0.145364 -0.512252 0.542489 -0.157297 -0.573730 0.663804 -0.041720 -0.360325 0.380019 -0.045883 -0.469394 0.485269 -0.087515 -0.480120 0.613408 0.078711 -0.259775 0.364361 0.106322 -0.326726 0.460521 0.045697 -0.313146 0.557181 
0.000000 0.000000 0.000000 -0.064947 0.007049 -0.036826 -0.238994 -0.298032 0.212954 -0.119553 -0.255882 0.237421 -0.035827 -0.208636 0.232881 0.038688 -0.162921 0.224346 -0.169640 -0.055892 0.251140 -0.235151 -0.095277 0.431330 -0.335466 -0.108007 0.549065 -0.271476 -0.307243 0.437186 -0.309384 -0.255437 0.558269 -0.351986 -0.155419 0.600395 -0.134590 -0.408378 0.419062 -0.144818 -0.512097 0.542602 -0.156656 -0.573622 0.663903 -0.041028 -0.360433 0.380002 -0.044756 -0.469280 0.485497 -0.086432 -0.480000 0.613623 0.078828 -0.259619 0.364434 0.106458 -0.326177 0.460859 0.045744 -0.312636 0.557469 
0.000000 0.000000 0.000000 -0.064993 0.007013 -0.036750 -0.238653 -0.297996 0.213386 -0.119195 -0.255800 0.237689 -0.035488 -0.208534 0.233025 0.039004 -0.162802 0.224378 -0.169598 -0.056370 0.251150 -0.235053 -0.096032 0.431300 -0.335207 -0.108952 0.549152 -0.270642 -0.307647 0.437670 -0.308445 -0.255992 0.558851 -0.351177 -0.156047 0.601019 -0.134008 -0.408084 0.419527 -0.144083 -0.511658 0.543201 -0.155756 -0.572869 0.664677 -0.040957 -0.360329 0.380136 -0.044878 -0.469176 0.485625 -0.086630 -0.479792 0.613734 0.078832 -0.259497 0.364556 0.106246 -0.326055 0.461044 0.045492 -0.312544 0.557634 
0.000000 0.000000 0.000000 -0.065044 0.006955 -0.036672 -0.237899 -0.298758 0.213162 -0.118491 -0.256388 0.237408 -0.034873 -0.208965 0.232731 0.039529 -0.163087 0.224078 -0.170083 -0.057475 0.250838 -0.235809 -0.097791 0.430743 -0.335603 -0.111430 0.548818 -0.269405 -0.311125 0.437382 -0.308370 -0.257457 0.557313 -0.351714 -0.157818 0.599578 -0.132761 -0.408670 0.419289 -0.142467 -0.512244 0.542994 -0.153953 -0.573355 0.664537 -0.039769 -0.360945 0.379673 -0.043279 -0.469923 0.485040 -0.085015 -0.480376 0.613168 0.079526 -0.260371 0.363801 0.107057 -0.327333 0.459975 0.046214 -0.313922 0.556523 
0.000000 0.000000 0.000000 -0.065102 0.007079 -0.036544 -0.237578 -0.299429 0.212577 -0.118128 -0.257146 0.236768 -0.034514 -0.209714 0.232110 0.039877 -0.163814 0.223486 -0.169191 -0.057947 0.251177 -0.234324 -0.098635 0.431214 -0.333542 -0.112816 0.549711 -0.268380 -0.310370 0.436969 -0.306404 -0.258262 0.557886 -0.349768 -0.158745 0.600418 -0.131648 -0.409435 0.418702 -0.140844 -0.513012 0.542442 -0.152069 -0.574133 0.664005 -0.038969 -0.361894 0.378859 -0.042164 -0.471016 0.484087 -0.083673 -0.481592 0.612279 0.080031 -0.261092 0.363167 0.107669 -0.328051 0.459313 0.046831 -0.314870 0.555895 
0.000000 0.000000 0.000000 -0.065121 0.007093 -0.036507 -0.237462 -0.299527 0.212570 -0.118000 -0.257253 0.236716 -0.034389 -0.209817 0.232035 0.039997 -0.163912 0.223393 -0.169414 -0.057670 0.251200 -0.234673 -0.098194 0.431228 -0.333488 -0.112505 0.550045 -0.268584 -0.310178 0.436931 -0.306303 -0.259239 0.558440 -0.349575 -0.159785 0.601213 -0.132295 -0.410374 0.417889 -0.142018 -0.514519 0.541113 -0.153550 -0.575544 0.662695 -0.039644 -0.362436 0.378301 -0.043413 -0.471873 0.483183 -0.085107 -0.482330 0.611324 0.079896 -0.261477 0.362947 0.107360 -0.328633 0.459004 0.046507 -0.315511 0.555585 
0.000000 0.000000 0.000000 -0.065100 0.007038 -0.036557 -0.237416 -0.299615 0.212496 -0.118000 -0.257253 0.236716 -0.034418 -0.209763 0.232080 0.039944 -0.163810 0.223477 -0.169629 -0.057909 0.251023 -0.235037 -0.098550 0.430971 -0.333691 -0.113075 0.549896 -0.269322 -0.310531 0.436735 -0.307337 -0.259720 0.558206 -0.350543 -0.160291 0.601104 -0.132713 -0.410340 0.417885 -0.142720 -0.514461 0.541106 -0.155034 -0.574710 0.662998 -0.039831 -0.362367 0.378355 -0.043713 -0.471794 0.483243 -0.085537 -0.482023 0.611360 0.080314 -0.261060 0.363115 0.108102 -0.328000 0.459231 0.047245 -0.314772 0.555795 
0.000000 0.000000 0.000000 -0.065106 0.007007 -0.036551 -0.237183 -0.299898 0.212357 -0.117799 -0.257457 0.236594 -0.034253 -0.209902 0.231979 0.040073 -0.163889 0.223396 -0.170120 -0.057829 0.250876 -0.235832 -0.098398 0.430730 -0.334444 -0.113238 0.549651 -0.269939 -0.311694 0.436428 -0.308667 -0.260088 0.557338 -0.351867 -0.160690 0.600314 -0.134281 -0.410142 0.417950 -0.145491 -0.513990 0.541297 -0.158896 -0.573297 0.663536 -0.039863 -0.362312 0.378449 -0.043886 -0.471599 0.483477 -0.085878 -0.481545 0.611562 0.079896 -0.261632 0.362847 0.107307 -0.328911 0.458834 0.046321 -0.315752 0.555326 
0.000000 0.000000 0.000000 -0.065085 0.007030 -0.036585 -0.237285 -0.300092 0.211969 -0.117919 -0.257661 0.236312 -0.034374 -0.210094 0.231787 0.039953 -0.164068 0.223286 -0.170183 -0.057836 0.250805 -0.235947 -0.098425 0.430635 -0.334583 -0.113448 0.549513 -0.270018 -0.310657 0.436105 -0.308232 -0.260077 0.557610 -0.351388 -0.160695 0.600667 -0.134448 -0.409849 0.418081 -0.145690 -0.513359 0.541709 -0.159569 -0.572089 0.664173 -0.039099 -0.361828 0.378988 -0.042486 -0.470630 0.484541 -0.084505 -0.479958 0.612664 0.079571 -0.261357 0.363113 0.106841 -0.328324 0.459358 0.045736 -0.315071 0.555762 
0.000000 0.000000 0.000000 -0.065088 0.006986 -0.036587 -0.237070 -0.300293 0.211926 -0.117736 -0.257774 0.236280 -0.034227 -0.210144 0.231763 0.040066 -0.164061 0.223270 -0.169836 -0.058159 0.250868 -0.235381 -0.098923 0.430739 -0.334001 -0.114141 0.549605 -0.269103 -0.312574 0.436076 -0.307538 -0.260986 0.557086 -0.350647 -0.161634 0.600259 -0.134337 -0.410181 0.417858 -0.145628 -0.513840 0.541357 -0.159958 -0.571926 0.664076 -0.038566 -0.361519 0.379345 -0.041677 -0.470064 0.485171 -0.083832 -0.478806 0.613290 0.079519 -0.260967 0.363410 0.106675 -0.327669 0.459871 0.045428 -0.314294 0.556167 
0.000000 0.000000 0.000000 -0.065083 0.007011 -0.036592 -0.236937 -0.300821 0.211324 -0.117637 -0.258272 0.235785 -0.034156 -0.210583 0.231375 0.040111 -0.164438 0.222985 -0.169815 -0.058695 0.250741 -0.235349 -0.099810 0.430535 -0.333896 -0.115270 0.549432 -0.268847 -0.314115 0.435434 -0.307390 -0.262466 0.556383 -0.350482 -0.163193 0.599755 -0.133627 -0.410749 0.417360 -0.144503 -0.514455 0.540856 -0.158952 -0.572105 0.663767 -0.039200 -0.362402 0.378478 -0.042817 -0.471266 0.483959 -0.085259 -0.479639 0.612008 0.079664 -0.261607 0.362914 0.106889 -0.328490 0.459230 0.045543 -0.315130 0.555466 
0.000000 0.000000 0.000000 -0.065067 0.007039 -0.036615 -0.236681 -0.301806 0.210204 -0.117455 -0.259174 0.234884 -0.034035 -0.211359 0.230685 0.040175 -0.165088 0.222492 -0.170467 -0.059011 0.250394 -0.236419 -0.100342 0.429986 -0.335121 -0.116187 0.548703 -0.269257 -0.314246 0.434267 -0.307997 -0.262759 0.555222 -0.351237 -0.163641 0.598803 -0.134944 -0.411960 0.416060 -0.146839 -0.515877 0.539286 -0.162282 -0.573158 0.662248 -0.039634 -0.363264 0.377678 -0.043649 -0.472190 0.483082 -0.086630 -0.480347 0.610965 0.079388 -0.262086 0.362635 0.106379 -0.328852 0.459098 0.044773 -0.315525 0.555172 
0.000000 0.000000 0.000000 -0.064625 0.006040 -0.037564 -0.235551 -0.304355 0.207783 -0.117281 -0.260028 0.234025 -0.034467 -0.211094 0.230863 0.039219 -0.163842 0.223582 -0.169721 -0.059898 0.249583 -0.235483 -0.101157 0.429261 -0.334505 -0.117363 0.547662 -0.269503 -0.313711 0.431792 -0.307736 -0.264978 0.554043 -0.351240 -0.166050 0.597790 -0.134539 -0.412524 0.415468 -0.146276 -0.516244 0.538874 -0.162334 -0.572869 0.662061 -0.038957 -0.363155 0.377733 -0.042177 -0.472192 0.483049 -0.085566 -0.480129 0.610808 0.078194 -0.261891 0.363058 0.105022 -0.329380 0.459062 0.042919 -0.316144 0.554829 
0.000000 0.000000 0.000000 -0.064595 0.005983 -0.037624 -0.235457 -0.304599 0.207532 -0.117254 -0.260163 0.233889 -0.034483 -0.211150 0.230809 0.039165 -0.163828 0.223601 -0.170096 -0.060075 0.249347 -0.236111 -0.101409 0.428915 -0.335625 -0.117511 0.546917 -0.268399 -0.315469 0.431624 -0.307010 -0.265154 0.553113 -0.350717 -0.166326 0.596883 -0.134433 -0.412267 0.415668 -0.146117 -0.515719 0.539304 -0.162436 -0.571681 0.662759 -0.039328 -0.362701 0.378195 -0.042802 -0.471372 0.483880 -0.086569 -0.478806 0.611540 0.078860 -0.261421 0.363194 0.106183 -0.328596 0.459279 0.043992 -0.315274 0.554976 
0.000000 0.000000 0.000000 -0.064568 0.005977 -0.037672 -0.235600 -0.304582 0.207394 -0.117418 -0.260139 0.233833 -0.034646 -0.211125 0.230807 0.039006 -0.163802 0.223649 -0.171428 -0.060510 0.248696 -0.238295 -0.102113 0.427886 -0.338262 -0.118149 0.545514 -0.269182 -0.315989 0.431364 -0.308575 -0.264629 0.552163 -0.352497 -0.165855 0.595841 -0.135497 -0.411641 0.416027 -0.147794 -0.514684 0.539945 -0.164727 -0.569790 0.663703 -0.040647 -0.362475 0.378357 -0.044950 -0.471002 0.484160 -0.089328 -0.477925 0.611638 0.077924 -0.261204 0.363593 0.104712 -0.328248 0.459919 0.042230 -0.314719 0.555398 
0.000000 0.000000 0.000000 -0.064535 0.005967 -0.037729 -0.235835 -0.304408 0.207384 -0.117664 -0.259974 0.233893 -0.034880 -0.210978 0.230907 0.038788 -0.163674 0.223780 -0.171295 -0.059385 0.248938 -0.238099 -0.100278 0.428315 -0.338684 -0.115759 0.545489 -0.269379 -0.315481 0.431376 -0.308808 -0.263788 0.552021 -0.352742 -0.164962 0.595569 -0.136570 -0.410491 0.416819 -0.149429 -0.512863 0.541234 -0.167094 -0.566972 0.665328 -0.040757 -0.361709 0.379093 -0.044972 -0.469793 0.485353 -0.089501 -0.476339 0.612798 0.077233 -0.260879 0.363992 0.103697 -0.327787 0.460503 0.040977 -0.314086 0.555801 
0.000000 0.000000 0.000000 -0.064884 0.006780 -0.036987 -0.236599 -0.302923 0.208685 -0.117701 -0.259794 0.234074 -0.034464 -0.211621 0.230381 0.039595 -0.165029 0.222640 -0.172180 -0.060256 0.249090 -0.239319 -0.102202 0.428098 -0.340523 -0.117478 0.544766 -0.270623 -0.319086 0.432294 -0.311803 -0.264968 0.551280 -0.355917 -0.166170 0.594708 -0.137822 -0.409896 0.417211 -0.151507 -0.511987 0.541769 -0.169998 -0.565089 0.666178 -0.041850 -0.361429 0.379433 -0.047147 -0.468851 0.486313 -0.092379 -0.474608 0.613549 0.076774 -0.261015 0.364029 0.102365 -0.327084 0.461349 0.039344 -0.312986 0.556390 
0.000000 0.000000 0.000000 -0.064406 0.005829 -0.037971 -0.235956 -0.304921 0.206490 -0.117982 -0.260233 0.233444 -0.035293 -0.211059 0.230770 0.038299 -0.163597 0.223921 -0.172018 -0.061593 0.247897 -0.239355 -0.103781 0.426774 -0.340944 -0.119147 0.543094 -0.272271 -0.317449 0.429972 -0.313149 -0.266277 0.550357 -0.357433 -0.167540 0.593751 -0.138188 -0.410337 0.416570 -0.151930 -0.512429 0.541121 -0.170986 -0.565126 0.665617 -0.042459 -0.361477 0.379218 -0.047597 -0.469336 0.485664 -0.093364 -0.474921 0.612717 0.075946 -0.260018 0.364889 0.101860 -0.326386 0.461919 0.038470 -0.312266 0.556711 
0.000000 0.000000 0.000000 -0.064357 0.005900 -0.038043 -0.236049 -0.305676 0.205265 -0.118141 -0.260992 0.232515 -0.035479 -0.211758 0.230100 0.038091 -0.164229 0.223493 -0.172227 -0.062531 0.247487 -0.239726 -0.105351 0.426153 -0.341769 -0.120864 0.542056 -0.272829 -0.318417 0.428659 -0.314154 -0.266672 0.548646 -0.358546 -0.168002 0.592082 -0.139151 -0.411297 0.415385 -0.153441 -0.513526 0.539762 -0.173321 -0.565648 0.664371 -0.042695 -0.362524 0.378192 -0.047868 -0.470633 0.484382 -0.094040 -0.476040 0.611295 0.075090 -0.261609 0.363972 0.100557 -0.328638 0.460667 0.036806 -0.314705 0.555244 
0.000000 0.000000 0.000000 -0.064332 0.005905 -0.038084 -0.236063 -0.305955 0.204832 -0.118194 -0.261245 0.232204 -0.035552 -0.211973 0.229891 0.038002 -0.164406 0.223377 -0.171661 -0.062924 0.247554 -0.238821 -0.105993 0.426288 -0.341158 -0.121543 0.541927 -0.271816 -0.321248 0.428233 -0.313584 -0.267997 0.547404 -0.358089 -0.169458 0.591022 -0.139688 -0.410800 0.415632 -0.154306 -0.512519 0.540388 -0.175079 -0.563618 0.665275 -0.043351 -0.362797 0.377894 -0.048943 -0.470947 0.484021 -0.095635 -0.476063 0.610757 0.074888 -0.261307 0.364217 0.100278 -0.328006 0.461160 0.036272 -0.314041 0.555560 
0.000000 0.000000 0.000000 -0.064299 0.005895 -0.038141 -0.236172 -0.306046 0.204570 -0.118338 -0.261310 0.232056 -0.035707 -0.212018 0.229826 0.037841 -0.164432 0.223386 -0.172088 -0.062860 0.247342 -0.239535 -0.105883 0.425979 -0.342312 -0.121337 0.541239 -0.271872 -0.321098 0.427996 -0.313573 -0.268100 0.547303 -0.358161 -0.169554 0.590821 -0.139755 -0.410612 0.415699 -0.154321 -0.512158 0.540603 -0.175609 -0.562585 0.665676 -0.043601 -0.362050 0.378627 -0.049262 -0.469632 0.485326 -0.096245 -0.474348 0.611969 0.074825 -0.260886 0.364507 0.100281 -0.327277 0.461643 0.036109 -0.313117 0.555902 
0.000000 0.000000 0.000000 -0.064266 0.005884 -0.038199 -0.236155 -0.306401 0.204057 -0.118381 -0.261607 0.231700 -0.035783 -0.212254 0.229596 0.037738 -0.164610 0.223272 -0.172971 -0.063721 0.246729 -0.240992 -0.107276 0.425019 -0.344037 -0.123047 0.539997 -0.272489 -0.322718 0.427292 -0.314961 -0.268998 0.546003 -0.359753 -0.170545 0.589521 -0.140451 -0.411216 0.415016 -0.155461 -0.512970 0.539697 -0.177405 -0.562736 0.664921 -0.043919 -0.361950 0.378722 -0.049754 -0.469291 0.485655 -0.097205 -0.473675 0.612135 0.073616 -0.260867 0.364812 0.098311 -0.327123 0.462237 0.033788 -0.312776 0.556227 
0.000000 0.000000 0.000000 -0.064165 0.005914 -0.038363 -0.236292 -0.307390 0.202405 -0.118662 -0.262515 0.230526 -0.036128 -0.213037 0.228815 0.037342 -0.165268 0.222852 -0.173439 -0.064332 0.246191 -0.241816 -0.108287 0.424246 -0.345224 -0.124178 0.538881 -0.273050 -0.325260 0.425452 -0.315955 -0.271775 0.544113 -0.360894 -0.173479 0.587833 -0.141966 -0.412098 0.413710 -0.157816 -0.513835 0.538301 -0.180790 -0.562890 0.663621 -0.044525 -0.362935 0.377723 -0.050547 -0.470422 0.484500 -0.098435 -0.474572 0.610823 0.072789 -0.261443 0.364556 0.097189 -0.327643 0.462094 0.032222 -0.313164 0.555757 
0.000000 0.000000 0.000000 -0.064134 0.005954 -0.038409 -0.236387 -0.307747 0.201751 -0.118792 -0.262883 0.230039 -0.036271 -0.213382 0.228471 0.037192 -0.165585 0.222642 -0.174223 -0.065214 0.245600 -0.243110 -0.109746 0.423316 -0.347031 -0.125814 0.537460 -0.272864 -0.326314 0.424787 -0.315933 -0.272479 0.543231 -0.360991 -0.174283 0.587053 -0.142161 -0.411886 0.413687 -0.158054 -0.513229 0.538593 -0.181586 -0.561469 0.664126 -0.045831 -0.363025 0.377566 -0.052686 -0.470328 0.484476 -0.101215 -0.474022 0.610568 0.072224 -0.261555 0.364589 0.096337 -0.327612 0.462293 0.031129 -0.313060 0.555777 
0.000000 0.000000 0.000000 -0.063666 0.005009 -0.039312 -0.235266 -0.309991 0.199614 -0.118647 -0.263547 0.229353 -0.036740 -0.213014 0.228739 0.036189 -0.164315 0.223746 -0.173337 -0.065817 0.244946 -0.241962 -0.110135 0.422816 -0.346339 -0.126587 0.536489 -0.273253 -0.325315 0.422644 -0.316254 -0.273059 0.541817 -0.361668 -0.175010 0.585601 -0.142329 -0.412320 0.413147 -0.158435 -0.513507 0.538153 -0.182853 -0.560904 0.663837 -0.045246 -0.362660 0.377894 -0.051345 -0.469966 0.484848 -0.100317 -0.473495 0.610774 0.072036 -0.260693 0.365211 0.096710 -0.327033 0.462584 0.031072 -0.312309 0.555740 
0.000000 0.000000 0.000000 -0.063975 0.005909 -0.038681 -0.236243 -0.309500 0.199221 -0.118939 -0.264360 0.228265 -0.036585 -0.214565 0.227310 0.036736 -0.166486 0.222045 -0.174689 -0.067065 0.244627 -0.243967 -0.112727 0.421903 -0.349500 -0.129179 0.534505 -0.274606 -0.329779 0.421790 -0.319085 -0.276509 0.539968 -0.364965 -0.178663 0.583721 -0.144264 -0.413547 0.411503 -0.161488 -0.515015 0.536131 -0.187073 -0.561836 0.661799 -0.046193 -0.363708 0.376902 -0.053082 -0.470652 0.484169 -0.102729 -0.474027 0.609834 0.070827 -0.262530 0.364171 0.094293 -0.328638 0.461998 0.028223 -0.313867 0.554841 
0.000000 0.000000 0.000000 -0.063833 0.005829 -0.038926 -0.236004 -0.311024 0.197120 -0.118977 -0.265587 0.226815 -0.036792 -0.215507 0.226383 0.036384 -0.167158 0.221597 -0.176178 -0.068256 0.243451 -0.246476 -0.114613 0.420144 -0.354136 -0.130781 0.530755 -0.275551 -0.329742 0.419619 -0.320657 -0.276862 0.537734 -0.367258 -0.179185 0.581102 -0.145875 -0.414012 0.410448 -0.164168 -0.514961 0.535345 -0.191146 -0.560735 0.661107 -0.047461 -0.364633 0.375920 -0.055111 -0.471567 0.483146 -0.105735 -0.474710 0.608427 0.068875 -0.262991 0.364239 0.091239 -0.328955 0.462422 0.024452 -0.314234 0.554758 
0.000000 0.000000 0.000000 -0.063574 0.005480 -0.039398 -0.234657 -0.314420 0.193303 -0.118298 -0.268088 0.224213 -0.036582 -0.217247 0.224748 0.036177 -0.168195 0.220846 -0.178398 -0.072210 0.241005 -0.250247 -0.120823 0.416463 -0.360548 -0.138189 0.524255 -0.277952 -0.334134 0.415017 -0.325651 -0.282529 0.532677 -0.374159 -0.185523 0.575454 -0.146026 -0.416064 0.408084 -0.164885 -0.516709 0.533143 -0.193942 -0.560831 0.659033 -0.047904 -0.365509 0.375094 -0.056022 -0.471822 0.482902 -0.108474 -0.474564 0.607438 0.067546 -0.263348 0.364192 0.089138 -0.328845 0.462859 0.021098 -0.314420 0.554323 
0.000000 0.000000 0.000000 -0.062616 0.004068 -0.041068 -0.230863 -0.322593 0.184191 -0.116729 -0.273322 0.218647 -0.036517 -0.220231 0.221835 0.034914 -0.169137 0.220329 -0.178277 -0.077775 0.237805 -0.250650 -0.128987 0.412306 -0.362712 -0.149224 0.517755 -0.275374 -0.346679 0.405232 -0.326008 -0.295083 0.521662 -0.377068 -0.199437 0.564532 -0.144731 -0.421621 0.402216 -0.163777 -0.522486 0.527069 -0.196015 -0.565084 0.652710 -0.048459 -0.369597 0.371036 -0.057022 -0.476702 0.478023 -0.112358 -0.479412 0.601305 0.066594 -0.266037 0.362431 0.088400 -0.332736 0.460243 0.018206 -0.319268 0.550213 
0.000000 0.000000 0.000000 -0.062655 0.004387 -0.040975 -0.227196 -0.329716 0.175954 -0.113631 -0.280033 0.211677 -0.034028 -0.226132 0.216224 0.036818 -0.174208 0.216026 -0.182894 -0.085971 0.233295 -0.258132 -0.142511 0.404916 -0.371677 -0.167726 0.507671 -0.274034 -0.363122 0.395295 -0.329541 -0.310437 0.508984 -0.383588 -0.216744 0.552500 -0.145038 -0.430661 0.392782 -0.166398 -0.533109 0.515960 -0.202619 -0.574017 0.641075 -0.047901 -0.376749 0.363993 -0.057849 -0.484750 0.469953 -0.116264 -0.487240 0.591812 0.066270 -0.271387 0.358417 0.086542 -0.338277 0.456427 0.014073 -0.325696 0.544705 
0.000000 0.000000 0.000000 -0.061341 0.002800 -0.043051 -0.220907 -0.340461 0.163024 -0.110509 -0.287322 0.203399 -0.033123 -0.230681 0.211507 0.035752 -0.176254 0.214540 -0.185861 -0.094617 0.226859 -0.263777 -0.155575 0.395750 -0.379326 -0.186408 0.494667 -0.273083 -0.374648 0.381036 -0.332352 -0.326507 0.494841 -0.390393 -0.235271 0.538433 -0.144092 -0.439026 0.383211 -0.166932 -0.542207 0.505509 -0.208475 -0.581211 0.629574 -0.047836 -0.382428 0.358034 -0.058387 -0.491239 0.463104 -0.120968 -0.493148 0.582886 0.064163 -0.274618 0.356327 0.083718 -0.342325 0.453922 0.007895 -0.330577 0.539455 
0.000000 0.000000 0.000000 -0.060208 0.001385 -0.044688 -0.213810 -0.349794 0.152382 -0.106378 -0.293625 0.196483 -0.031166 -0.234589 0.207468 0.035753 -0.177974 0.213115 -0.189929 -0.103465 0.219934 -0.271100 -0.169074 0.385518 -0.389193 -0.204841 0.479654 -0.270443 -0.390856 0.368082 -0.335666 -0.344516 0.479351 -0.398408 -0.255997 0.522022 -0.143997 -0.445379 0.375452 -0.169583 -0.548593 0.497176 -0.217174 -0.584949 0.619865 -0.047998 -0.386174 0.353934 -0.060068 -0.494871 0.458959 -0.127813 -0.495364 0.575913 0.059688 -0.274751 0.356808 0.076163 -0.341364 0.455715 -0.004050 -0.329658 0.537152 
0.000000 0.000000 0.000000 -0.058617 -0.001256 -0.046759 -0.203345 -0.358949 0.145248 -0.100098 -0.298110 0.192998 -0.027992 -0.235816 0.206527 0.036125 -0.176304 0.214436 -0.192900 -0.110917 0.213604 -0.276926 -0.179536 0.376522 -0.397638 -0.220125 0.465224 -0.264855 -0.405206 0.358548 -0.337695 -0.358356 0.464763 -0.406099 -0.272748 0.504576 -0.141456 -0.449979 0.371043 -0.169585 -0.553271 0.492138 -0.224442 -0.586666 0.612615 -0.046310 -0.385281 0.354980 -0.059444 -0.492457 0.461431 -0.133445 -0.490635 0.574517 0.056558 -0.272066 0.359345 0.070623 -0.337981 0.459088 -0.014330 -0.326461 0.535596 
0.000000 0.000000 0.000000 -0.056240 -0.004788 -0.049377 -0.191124 -0.367514 0.140341 -0.093474 -0.300896 0.191993 -0.025378 -0.234799 0.208018 0.035155 -0.171955 0.218098 -0.194236 -0.116589 0.208119 -0.280585 -0.186546 0.369243 -0.402656 -0.231150 0.454072 -0.259798 -0.411534 0.351921 -0.338255 -0.365780 0.454552 -0.411263 -0.282652 0.491331 -0.137586 -0.449850 0.371831 -0.167588 -0.551159 0.494145 -0.228317 -0.581385 0.612626 -0.045434 -0.380768 0.359691 -0.059816 -0.485436 0.468450 -0.140066 -0.481375 0.577130 0.054401 -0.265195 0.364802 0.067648 -0.329373 0.465782 -0.021279 -0.318492 0.537733 
0.000000 0.000000 0.000000 -0.053426 -0.008521 -0.051932 -0.176459 -0.376418 0.135875 -0.085366 -0.303770 0.191243 -0.021993 -0.233708 0.209626 0.034309 -0.167389 0.221754 -0.195779 -0.125126 0.201021 -0.284853 -0.198090 0.359303 -0.407434 -0.248614 0.439977 -0.253394 -0.420846 0.344507 -0.337045 -0.380400 0.445247 -0.414947 -0.300540 0.479110 -0.132250 -0.450327 0.372343 -0.164137 -0.550007 0.495516 -0.232962 -0.576011 0.610522 -0.043995 -0.378139 0.362497 -0.059772 -0.481704 0.472114 -0.145847 -0.477267 0.576227 0.050198 -0.259023 0.369866 0.061135 -0.322096 0.471814 -0.031865 -0.312304 0.538583 
0.000000 0.000000 0.000000 -0.049656 -0.012873 -0.054703 -0.157351 -0.386233 0.131738 -0.074830 -0.306709 0.190964 -0.017628 -0.232155 0.211754 0.033149 -0.161904 0.225963 -0.194437 -0.133396 0.195014 -0.285032 -0.208811 0.351272 -0.408494 -0.264849 0.426795 -0.239758 -0.431652 0.338054 -0.329915 -0.394284 0.434270 -0.413913 -0.318955 0.463648 -0.125015 -0.451396 0.372682 -0.159147 -0.549804 0.496276 -0.236063 -0.572897 0.606684 -0.040533 -0.373853 0.367030 -0.056956 -0.475459 0.478373 -0.149787 -0.470908 0.576504 0.046527 -0.250095 0.376395 0.055736 -0.310798 0.479940 -0.041843 -0.302531 0.540051 
0.000000 0.000000 0.000000 -0.045172 -0.017719 -0.057179 -0.136696 -0.393780 0.132447 -0.063909 -0.307080 0.194306 -0.013627 -0.228059 0.216447 0.030969 -0.153951 0.231756 -0.194812 -0.143535 0.187002 -0.288447 -0.222263 0.339795 -0.413227 -0.284975 0.407499 -0.227478 -0.438445 0.335385 -0.325161 -0.404197 0.425202 -0.415418 -0.333996 0.447975 -0.116596 -0.450917 0.375991 -0.152430 -0.548747 0.499562 -0.239156 -0.568657 0.603107 -0.037908 -0.366323 0.374585 -0.055319 -0.465466 0.487978 -0.155678 -0.460355 0.578366 0.040927 -0.237420 0.385119 0.047781 -0.294873 0.490682 -0.054504 -0.288795 0.542682 
0.000000 0.000000 0.000000 -0.037775 -0.023542 -0.060355 -0.113430 -0.400345 0.134716 -0.054805 -0.305472 0.199551 -0.014031 -0.221532 0.223098 0.022191 -0.143215 0.239517 -0.191270 -0.150310 0.180923 -0.287317 -0.229633 0.331900 -0.412718 -0.297841 0.392804 -0.216554 -0.441575 0.332416 -0.319051 -0.415594 0.419602 -0.414785 -0.350845 0.434952 -0.111423 -0.447024 0.381847 -0.149931 -0.543300 0.505834 -0.245764 -0.560648 0.601512 -0.040445 -0.356403 0.383803 -0.059386 -0.453113 0.499038 -0.167724 -0.448791 0.579736 0.027005 -0.224253 0.394423 0.030319 -0.280033 0.501048 -0.076520 -0.277711 0.543275 
0.000000 0.000000 0.000000 -0.031310 -0.027902 -0.062169 -0.093776 -0.404013 0.138816 -0.047264 -0.303323 0.204691 -0.014602 -0.215967 0.228454 0.014480 -0.134744 0.244960 -0.189373 -0.155857 0.175507 -0.288278 -0.235923 0.324229 -0.413608 -0.309762 0.378333 -0.205759 -0.442193 0.332264 -0.312046 -0.421475 0.416263 -0.411815 -0.361732 0.424638 -0.107865 -0.440728 0.388870 -0.149081 -0.534182 0.514138 -0.253086 -0.549910 0.601172 -0.044641 -0.345449 0.392910 -0.066181 -0.438296 0.510835 -0.180635 -0.435311 0.582664 0.015809 -0.212192 0.401760 0.016723 -0.265502 0.509689 -0.093007 -0.266142 0.543777 
0.000000 0.000000 0.000000 -0.024834 -0.032303 -0.062957 -0.074098 -0.404737 0.148283 -0.039597 -0.298635 0.213041 -0.014992 -0.208322 0.235421 0.006992 -0.124642 0.250573 -0.187890 -0.162409 0.170134 -0.289919 -0.243822 0.315987 -0.414446 -0.323810 0.362696 -0.196275 -0.444603 0.335108 -0.310015 -0.427355 0.409591 -0.413658 -0.373966 0.408551 -0.105966 -0.434026 0.396722 -0.151107 -0.526111 0.521651 -0.262772 -0.540952 0.598788 -0.048541 -0.335383 0.401083 -0.072597 -0.426494 0.519873 -0.192400 -0.425932 0.582442 0.002264 -0.199066 0.408765 -0.000990 -0.250294 0.517653 -0.113295 -0.254369 0.541615 
0.000000 0.000000 0.000000 -0.017777 -0.037059 -0.062726 -0.059321 -0.400815 0.164677 -0.036781 -0.289476 0.225806 -0.019804 -0.196684 0.244887 -0.004449 -0.111044 0.256945 -0.187822 -0.163646 0.167289 -0.294224 -0.242857 0.311217 -0.417803 -0.327953 0.350890 -0.190516 -0.437196 0.346017 -0.309183 -0.423289 0.413149 -0.415290 -0.376337 0.401740 -0.108072 -0.420050 0.411123 -0.156560 -0.508859 0.537164 -0.275031 -0.523646 0.603385 -0.057308 -0.315987 0.415398 -0.084201 -0.401535 0.537664 -0.208359 -0.403698 0.591033 -0.014584 -0.179612 0.417512 -0.021560 -0.226809 0.528034 -0.135274 -0.234815 0.542465 
0.000000 0.000000 0.000000 -0.011319 -0.041604 -0.061359 -0.049512 -0.393272 0.184867 -0.037266 -0.277456 0.240347 -0.026609 -0.182893 0.254732 -0.016696 -0.095960 0.262458 -0.188607 -0.162638 0.166163 -0.299541 -0.238373 0.308532 -0.421590 -0.327036 0.345000 -0.189732 -0.426663 0.359920 -0.312190 -0.416050 0.420529 -0.419460 -0.375125 0.400246 -0.115067 -0.401897 0.427258 -0.167983 -0.486535 0.554384 -0.291060 -0.501257 0.611608 -0.067697 -0.295957 0.428634 -0.097159 -0.377031 0.553333 -0.224397 -0.382013 0.598650 -0.035452 -0.156955 0.425289 -0.048362 -0.198940 0.537369 -0.162524 -0.210543 0.543334 
0.000000 0.000000 0.000000 -0.005211 -0.045443 -0.059428 -0.039179 -0.384935 0.203913 -0.036753 -0.265776 0.253277 -0.032210 -0.170114 0.262811 -0.027577 -0.082462 0.266103 -0.187485 -0.164113 0.165384 -0.301540 -0.238368 0.306056 -0.420633 -0.331872 0.340125 -0.186820 -0.417148 0.372983 -0.312995 -0.410217 0.426028 -0.420896 -0.376463 0.397548 -0.118118 -0.384764 0.442211 -0.173458 -0.465693 0.570713 -0.300513 -0.481762 0.618023 -0.076655 -0.275926 0.440413 -0.108525 -0.351799 0.567764 -0.238242 -0.359817 0.604876 -0.049178 -0.137622 0.430654 -0.064047 -0.175590 0.543917 -0.177821 -0.191574 0.542167 
0.000000 0.000000 0.000000 -0.001069 -0.048368 -0.057300 -0.033119 -0.376122 0.220740 -0.037169 -0.254763 0.264295 -0.036593 -0.158653 0.269326 -0.035373 -0.070829 0.268520 -0.188206 -0.164867 0.164632 -0.305304 -0.237765 0.303503 -0.422179 -0.334541 0.336084 -0.186930 -0.408158 0.384252 -0.316031 -0.404469 0.430093 -0.423762 -0.376880 0.395081 -0.123216 -0.369384 0.453853 -0.181740 -0.447343 0.582779 -0.311216 -0.464854 0.622384 -0.086275 -0.259434 0.448459 -0.121900 -0.331701 0.576908 -0.253212 -0.342256 0.607136 -0.063266 -0.120780 0.433787 -0.082465 -0.155162 0.547544 -0.195430 -0.174625 0.539588 
0.000000 0.000000 0.000000 0.002722 -0.050870 -0.055034 -0.031493 -0.366805 0.236119 -0.040853 -0.243816 0.273901 -0.043253 -0.147606 0.274569 -0.044529 -0.059907 0.269814 -0.189581 -0.164726 0.163832 -0.309913 -0.235970 0.300784 -0.425147 -0.335363 0.331260 -0.188189 -0.398869 0.396863 -0.320221 -0.396905 0.433548 -0.427021 -0.374554 0.392472 -0.129121 -0.355296 0.464310 -0.189156 -0.431118 0.593814 -0.320251 -0.450803 0.626463 -0.095706 -0.243100 0.455796 -0.133317 -0.311576 0.585747 -0.265502 -0.324409 0.610855 -0.077868 -0.105831 0.435239 -0.100817 -0.137442 0.549105 -0.212791 -0.159373 0.535548 
0.000000 0.000000 0.000000 0.005179 -0.052679 -0.053122 -0.033455 -0.358936 0.247661 -0.045786 -0.234885 0.280838 -0.049616 -0.138758 0.278084 -0.052027 -0.051305 0.270245 -0.191832 -0.166590 0.161487 -0.315109 -0.237869 0.295775 -0.428590 -0.340228 0.322821 -0.191991 -0.393704 0.406020 -0.326818 -0.394061 0.430590 -0.432010 -0.376732 0.383395 -0.139670 -0.343225 0.470371 -0.203524 -0.416912 0.599279 -0.335926 -0.439110 0.624104 -0.108020 -0.231539 0.458899 -0.149899 -0.298070 0.588555 -0.282836 -0.313928 0.607114 -0.090905 -0.093066 0.435565 -0.117666 -0.121810 0.549358 -0.228267 -0.146727 0.530659 
0.000000 0.000000 0.000000 0.008890 -0.054184 -0.051078 -0.034178 -0.351629 0.257836 -0.051312 -0.226984 0.286326 -0.057653 -0.131145 0.280220 -0.062122 -0.044094 0.269384 -0.193579 -0.168221 0.158322 -0.320270 -0.239578 0.289350 -0.431854 -0.344670 0.313674 -0.195857 -0.387715 0.412684 -0.332017 -0.391133 0.427877 -0.435405 -0.378749 0.375430 -0.149565 -0.335076 0.473775 -0.216391 -0.408594 0.601266 -0.349491 -0.433745 0.618326 -0.119934 -0.220475 0.461480 -0.164594 -0.284530 0.591454 -0.297860 -0.302906 0.604507 -0.105949 -0.085194 0.433629 -0.136116 -0.113483 0.546681 -0.245213 -0.140545 0.522837 
0.000000 0.000000 0.000000 0.012532 -0.055940 -0.048349 -0.037010 -0.341750 0.270421 -0.058510 -0.216562 0.292941 -0.066953 -0.121250 0.282599 -0.073094 -0.034856 0.267980 -0.195805 -0.170741 0.154784 -0.326168 -0.242576 0.281891 -0.434500 -0.351707 0.302904 -0.205595 -0.379237 0.417370 -0.342157 -0.388393 0.424377 -0.442201 -0.382842 0.364766 -0.159864 -0.325814 0.478052 -0.228798 -0.400121 0.603954 -0.361741 -0.430046 0.612313 -0.134405 -0.208927 0.462812 -0.182772 -0.271797 0.592035 -0.315981 -0.293823 0.598221 -0.123365 -0.072148 0.431285 -0.157967 -0.097817 0.543691 -0.264654 -0.128335 0.513864 
0.000000 0.000000 0.000000 0.018753 -0.057421 -0.044441 -0.037585 -0.329827 0.284766 -0.067125 -0.205095 0.299278 -0.079824 -0.111014 0.283461 -0.089467 -0.025905 0.264000 -0.197425 -0.172057 0.150422 -0.332696 -0.243789 0.272355 -0.436846 -0.357481 0.290068 -0.212190 -0.368388 0.424216 -0.348382 -0.383378 0.421162 -0.444353 -0.385303 0.354988 -0.174958 -0.309907 0.483292 -0.248300 -0.381194 0.608447 -0.380344 -0.415879 0.607720 -0.153615 -0.194239 0.463301 -0.206527 -0.253916 0.592257 -0.339020 -0.280568 0.590415 -0.144124 -0.060898 0.426401 -0.181746 -0.084985 0.538186 -0.285417 -0.119486 0.502618 
0.000000 0.000000 0.000000 0.021402 -0.059127 -0.040864 -0.046670 -0.316996 0.297700 -0.078262 -0.192143 0.305112 -0.091306 -0.099059 0.284423 -0.101030 -0.015063 0.260648 -0.199364 -0.176218 0.147280 -0.337506 -0.249487 0.265008 -0.437258 -0.367326 0.280824 -0.223830 -0.360474 0.432401 -0.357919 -0.383105 0.415372 -0.448531 -0.393114 0.342692 -0.190358 -0.296906 0.486588 -0.266599 -0.368160 0.610017 -0.396762 -0.408116 0.599996 -0.170033 -0.179981 0.463218 -0.226484 -0.238006 0.591425 -0.357701 -0.268842 0.581453 -0.163575 -0.048982 0.420410 -0.206626 -0.072330 0.530377 -0.306173 -0.111810 0.488727 
0.000000 0.000000 0.000000 0.025796 -0.060270 -0.036415 -0.056465 -0.303767 0.309560 -0.092215 -0.179821 0.308704 -0.106674 -0.088319 0.282607 -0.117346 -0.005926 0.254098 -0.203437 -0.177182 0.141433 -0.346877 -0.250338 0.252720 -0.442402 -0.371800 0.267160 -0.240665 -0.347735 0.434289 -0.372070 -0.376695 0.408289 -0.456709 -0.394060 0.330008 -0.212476 -0.280761 0.487093 -0.294271 -0.349414 0.608423 -0.421758 -0.394544 0.589724 -0.193064 -0.164428 0.459971 -0.255010 -0.219003 0.587152 -0.384245 -0.254184 0.569021 -0.186701 -0.035037 0.411986 -0.234440 -0.055075 0.520664 -0.330022 -0.098452 0.473914 
0.000000 0.000000 0.000000 0.027697 -0.061653 -0.032491 -0.072264 -0.290834 0.318566 -0.108011 -0.167133 0.310705 -0.121159 -0.076834 0.280113 -0.130393 0.004276 0.247690 -0.206726 -0.180486 0.137129 -0.353412 -0.254844 0.243266 -0.444712 -0.379684 0.256153 -0.259357 -0.338129 0.437644 -0.385657 -0.374819 0.399118 -0.463228 -0.399746 0.315724 -0.234857 -0.267507 0.484801 -0.321130 -0.335775 0.603211 -0.445135 -0.386159 0.576309 -0.215696 -0.150952 0.454133 -0.283486 -0.204099 0.578916 -0.409970 -0.244029 0.552927 -0.210489 -0.023119 0.400728 -0.265620 -0.041975 0.506067 -0.356328 -0.089529 0.453973 
0.000000 0.000000 0.000000 0.030185 -0.062526 -0.028341 -0.087191 -0.278845 0.325474 -0.123782 -0.156040 0.310591 -0.136146 -0.067213 0.275668 -0.144397 0.012411 0.239513 -0.210990 -0.181809 0.131198 -0.361901 -0.256448 0.231027 -0.448758 -0.384483 0.243273 -0.278111 -0.326467 0.438177 -0.398577 -0.369805 0.389270 -0.469006 -0.401641 0.301981 -0.258305 -0.254691 0.479842 -0.349799 -0.321787 0.594957 -0.469537 -0.377477 0.560303 -0.240479 -0.139050 0.444984 -0.315292 -0.190562 0.566393 -0.438467 -0.234733 0.532557 -0.232823 -0.012805 0.388279 -0.293689 -0.030161 0.490677 -0.379347 -0.081618 0.433950 
0.000000 0.000000 0.000000 0.032962 -0.063020 -0.023787 -0.101820 -0.266814 0.331260 -0.139624 -0.145504 0.308984 -0.151426 -0.058474 0.269624 -0.158884 0.019396 0.229675 -0.214870 -0.182251 0.125241 -0.369948 -0.256858 0.218494 -0.453790 -0.386875 0.230856 -0.298115 -0.315269 0.433929 -0.413403 -0.364378 0.378441 -0.476959 -0.402079 0.288262 -0.282861 -0.240884 0.472874 -0.380283 -0.305757 0.584343 -0.495826 -0.365577 0.542985 -0.263122 -0.126760 0.435681 -0.343215 -0.175725 0.554754 -0.463102 -0.223550 0.514657 -0.254567 -0.003792 0.374220 -0.320428 -0.019754 0.473713 -0.401327 -0.074322 0.413044 
0.000000 0.000000 0.000000 0.032911 -0.064006 -0.021070 -0.121879 -0.258754 0.330881 -0.156442 -0.137265 0.304666 -0.164847 -0.050806 0.263231 -0.169050 0.026411 0.221576 -0.218926 -0.185774 0.118921 -0.376509 -0.261967 0.206518 -0.457989 -0.393553 0.218055 -0.320057 -0.308411 0.429267 -0.427569 -0.362939 0.364075 -0.484361 -0.405276 0.271472 -0.304018 -0.233730 0.464010 -0.404390 -0.299339 0.572386 -0.515972 -0.362674 0.525722 -0.285229 -0.119075 0.423109 -0.371551 -0.168028 0.537752 -0.488042 -0.218883 0.491799 -0.273119 0.003585 0.360265 -0.344753 -0.012126 0.455728 -0.420950 -0.069355 0.391525 
0.000000 0.000000 0.000000 0.034748 -0.063880 -0.018327 -0.136563 -0.255602 0.327580 -0.171075 -0.134931 0.297765 -0.178237 -0.049172 0.254676 -0.181083 0.027397 0.211729 -0.223082 -0.187289 0.108718 -0.384415 -0.264510 0.188214 -0.463879 -0.397510 0.197342 -0.339226 -0.306849 0.415453 -0.442202 -0.364370 0.345673 -0.492749 -0.409308 0.250706 -0.327911 -0.230701 0.448447 -0.434582 -0.295839 0.550932 -0.541990 -0.361823 0.498502 -0.306331 -0.116437 0.408887 -0.398181 -0.164670 0.519467 -0.511352 -0.217741 0.468047 -0.291450 0.004849 0.345510 -0.367417 -0.010671 0.437593 -0.439169 -0.069159 0.369519 
0.000000 0.000000 0.000000 0.034146 -0.064410 -0.017587 -0.153081 -0.255271 0.320458 -0.184178 -0.133736 0.290397 -0.188144 -0.047541 0.247766 -0.187979 0.029380 0.205358 -0.225947 -0.191145 0.101308 -0.388697 -0.270447 0.175706 -0.466957 -0.404297 0.182523 -0.356965 -0.310000 0.403259 -0.453364 -0.370145 0.326631 -0.498615 -0.416432 0.229662 -0.344110 -0.232001 0.436136 -0.452887 -0.298836 0.535259 -0.556981 -0.366518 0.478488 -0.322191 -0.117720 0.395482 -0.418311 -0.168043 0.501403 -0.528307 -0.222565 0.444868 -0.304984 0.004082 0.332857 -0.385521 -0.013331 0.420618 -0.453029 -0.072625 0.348993 
0.000000 0.000000 0.000000 0.034155 -0.064564 -0.016995 -0.165432 -0.256403 0.313337 -0.194530 -0.134376 0.283263 -0.196403 -0.047825 0.241215 -0.194233 0.029415 0.199448 -0.229293 -0.193931 0.091199 -0.394141 -0.274880 0.158899 -0.471286 -0.409480 0.163168 -0.371323 -0.311888 0.390477 -0.462400 -0.373289 0.308520 -0.503187 -0.420419 0.209989 -0.359016 -0.234974 0.422184 -0.470890 -0.303395 0.516670 -0.572153 -0.371949 0.455962 -0.335303 -0.119590 0.383589 -0.434903 -0.171049 0.485681 -0.542552 -0.225897 0.425090 -0.315745 0.002671 0.322353 -0.399384 -0.015738 0.406952 -0.463689 -0.075269 0.332628 
0.000000 0.000000 0.000000 0.034095 -0.064595 -0.016996 -0.176326 -0.259593 0.304649 -0.203565 -0.136890 0.275608 -0.203541 -0.049712 0.234832 -0.199559 0.028118 0.194311 -0.230990 -0.196964 0.083277 -0.396863 -0.279791 0.146022 -0.473155 -0.414937 0.147456 -0.382778 -0.317273 0.378614 -0.469844 -0.379302 0.292859 -0.506947 -0.426217 0.192781 -0.370409 -0.239806 0.409942 -0.483887 -0.309803 0.501308 -0.582792 -0.378756 0.437257 -0.346489 -0.124097 0.371749 -0.448992 -0.177437 0.469927 -0.554157 -0.232238 0.405079 -0.324891 -0.001019 0.312756 -0.411159 -0.021074 0.394284 -0.472516 -0.080295 0.317269 
0.000000 0.000000 0.000000 0.034791 -0.064340 -0.016546 -0.182709 -0.262279 0.298526 -0.209756 -0.139509 0.269586 -0.209101 -0.052073 0.229372 -0.204454 0.026030 0.189452 -0.232125 -0.199048 0.075408 -0.399144 -0.283339 0.132948 -0.473955 -0.419307 0.131282 -0.390673 -0.321854 0.366510 -0.474172 -0.383910 0.277297 -0.508033 -0.430427 0.175893 -0.379704 -0.244668 0.398170 -0.495293 -0.316191 0.485624 -0.591944 -0.385446 0.418530 -0.354790 -0.128766 0.362061 -0.459259 -0.183760 0.457207 -0.562282 -0.238320 0.388814 -0.331838 -0.004654 0.305289 -0.419519 -0.025775 0.385021 -0.478339 -0.084562 0.305727 
0.000000 0.000000 0.000000 0.035321 -0.064086 -0.016411 -0.186287 -0.264987 0.293887 -0.213395 -0.142143 0.265321 -0.212476 -0.054443 0.225690 -0.207531 0.023939 0.186357 -0.232418 -0.200945 0.069794 -0.399952 -0.286583 0.123736 -0.473519 -0.423183 0.119829 -0.395446 -0.326828 0.355921 -0.476773 -0.388762 0.264640 -0.508215 -0.434745 0.162218 -0.384198 -0.249481 0.390936 -0.500368 -0.322486 0.476372 -0.595337 -0.391959 0.407134 -0.360358 -0.132732 0.354978 -0.466399 -0.188870 0.447686 -0.567668 -0.243297 0.376620 -0.337459 -0.008278 0.298905 -0.426891 -0.030454 0.376374 -0.483571 -0.088849 0.295254 
0.000000 0.000000 0.000000 0.035437 -0.063887 -0.016929 -0.189600 -0.268861 0.288194 -0.216300 -0.145604 0.261058 -0.214887 -0.057362 0.222664 -0.209461 0.021554 0.184480 -0.233204 -0.201102 0.065835 -0.401303 -0.286963 0.117624 -0.474525 -0.423644 0.111034 -0.399002 -0.330648 0.349457 -0.479423 -0.391354 0.256563 -0.509765 -0.435954 0.153202 -0.388216 -0.253967 0.384251 -0.505143 -0.327670 0.468040 -0.599502 -0.396203 0.397055 -0.363591 -0.137376 0.349938 -0.470222 -0.194750 0.441201 -0.570771 -0.248021 0.368263 -0.339835 -0.011750 0.296191 -0.429575 -0.034674 0.373084 -0.485428 -0.092088 0.290700 
0.000000 0.000000 0.000000 0.035397 -0.063799 -0.017337 -0.191502 -0.271093 0.284826 -0.217836 -0.147544 0.258680 -0.216071 -0.058961 0.221096 -0.210310 0.020287 0.183656 -0.233627 -0.201531 0.063298 -0.401965 -0.287715 0.113754 -0.474745 -0.424551 0.105629 -0.401406 -0.333744 0.343438 -0.481630 -0.393801 0.249953 -0.511196 -0.437585 0.146021 -0.390879 -0.256800 0.379484 -0.508573 -0.331110 0.461647 -0.602481 -0.398805 0.389273 -0.366149 -0.139218 0.346591 -0.473764 -0.196767 0.436579 -0.573993 -0.249037 0.362485 -0.341143 -0.013873 0.294570 -0.431198 -0.037386 0.370915 -0.486566 -0.093955 0.287625 
0.000000 0.000000 0.000000 0.034533 -0.063917 -0.018601 -0.193289 -0.273555 0.281242 -0.218262 -0.149274 0.257325 -0.215620 -0.060095 0.221231 -0.209094 0.019701 0.185102 -0.234136 -0.202812 0.061220 -0.402252 -0.289724 0.111167 -0.475057 -0.426490 0.102153 -0.402299 -0.336846 0.342311 -0.480461 -0.396456 0.246814 -0.509817 -0.439614 0.142562 -0.390956 -0.260762 0.376579 -0.508413 -0.336590 0.457689 -0.602081 -0.403546 0.384324 -0.365721 -0.142209 0.345490 -0.473353 -0.201091 0.434592 -0.573355 -0.252702 0.359732 -0.340678 -0.016625 0.294429 -0.431249 -0.041630 0.369681 -0.486272 -0.097633 0.285780 
0.000000 0.000000 0.000000 0.034240 -0.063891 -0.019221 -0.194014 -0.275249 0.279082 -0.218506 -0.150657 0.256310 -0.215547 -0.061172 0.221007 -0.208742 0.018915 0.185580 -0.234883 -0.202202 0.060085 -0.403282 -0.288749 0.109708 -0.477178 -0.424872 0.099883 -0.403286 -0.338310 0.339489 -0.482632 -0.396688 0.244210 -0.512431 -0.438683 0.139608 -0.391416 -0.262478 0.374938 -0.509019 -0.338533 0.455622 -0.603120 -0.404316 0.381751 -0.365845 -0.143816 0.344675 -0.473619 -0.203078 0.433352 -0.574070 -0.253283 0.358138 -0.340187 -0.017428 0.295068 -0.430664 -0.042443 0.370431 -0.486100 -0.097517 0.286188 
0.000000 0.000000 0.000000 0.034058 -0.063929 -0.019416 -0.195575 -0.275740 0.277503 -0.219582 -0.150969 0.255205 -0.216234 -0.061347 0.220286 -0.209074 0.018865 0.185212 -0.235855 -0.201542 0.058404 -0.404749 -0.287651 0.107099 -0.479079 -0.423502 0.096794 -0.405398 -0.337655 0.337179 -0.484606 -0.395339 0.241363 -0.514309 -0.436933 0.136574 -0.393479 -0.262128 0.373009 -0.511753 -0.337733 0.453133 -0.605959 -0.402846 0.378804 -0.366932 -0.143547 0.343763 -0.474992 -0.202490 0.432304 -0.575659 -0.251902 0.356855 -0.341201 -0.016569 0.294175 -0.432148 -0.040959 0.369177 -0.487620 -0.095700 0.284740 
0.000000 0.000000 0.000000 0.033750 -0.064034 -0.019609 -0.197367 -0.275742 0.276230 -0.220695 -0.150766 0.254363 -0.216836 -0.061034 0.219780 -0.209214 0.019268 0.185012 -0.236960 -0.200266 0.057871 -0.406352 -0.285512 0.106353 -0.481399 -0.420948 0.095767 -0.407492 -0.336849 0.335673 -0.487008 -0.393937 0.239756 -0.516809 -0.435117 0.134831 -0.394680 -0.261657 0.372291 -0.513014 -0.337078 0.452499 -0.607420 -0.401566 0.377879 -0.367779 -0.143146 0.343018 -0.476015 -0.202025 0.431387 -0.576915 -0.250715 0.355781 -0.341264 -0.016148 0.294075 -0.432156 -0.040525 0.369146 -0.487764 -0.094989 0.284620 
0.000000 0.000000 0.000000 0.033533 -0.064072 -0.019854 -0.198088 -0.276076 0.275379 -0.221029 -0.150950 0.253964 -0.216901 -0.061109 0.219694 -0.209042 0.019289 0.185204 -0.237431 -0.200147 0.057009 -0.406984 -0.285294 0.105105 -0.482467 -0.420462 0.094211 -0.408404 -0.336803 0.334537 -0.488433 -0.393442 0.238779 -0.518351 -0.434248 0.133742 -0.395507 -0.261866 0.371137 -0.514176 -0.337304 0.450831 -0.608763 -0.401273 0.375993 -0.368544 -0.142779 0.342366 -0.477282 -0.201341 0.430329 -0.578318 -0.249526 0.354580 -0.341331 -0.015955 0.294033 -0.432387 -0.040215 0.368943 -0.488200 -0.094363 0.284350 
0.000000 0.000000 0.000000 0.033462 -0.064023 -0.020130 -0.197704 -0.276885 0.274843 -0.220620 -0.151677 0.253886 -0.216512 -0.061726 0.219907 -0.208677 0.018783 0.185667 -0.237456 -0.200248 0.056634 -0.406978 -0.285489 0.104669 -0.482548 -0.420580 0.093422 -0.408071 -0.337699 0.333725 -0.488308 -0.393870 0.237867 -0.518435 -0.434234 0.132718 -0.395228 -0.262668 0.370794 -0.513986 -0.338158 0.450307 -0.608688 -0.401768 0.375310 -0.368182 -0.143908 0.342201 -0.476938 -0.202838 0.429895 -0.578052 -0.250622 0.353996 -0.340882 -0.016540 0.294573 -0.431882 -0.040853 0.369534 -0.487782 -0.094807 0.284875 
0.000000 0.000000 0.000000 0.034333 -0.063714 -0.019637 -0.195735 -0.277871 0.275255 -0.220055 -0.153056 0.253549 -0.216861 -0.063234 0.219132 -0.209825 0.017190 0.184524 -0.236818 -0.199869 0.056424 -0.406487 -0.285065 0.104018 -0.482181 -0.420055 0.092397 -0.406384 -0.338864 0.332938 -0.487649 -0.394386 0.237569 -0.518090 -0.434107 0.132266 -0.394992 -0.263924 0.370081 -0.513974 -0.339329 0.449340 -0.608731 -0.402504 0.374044 -0.368469 -0.144806 0.341911 -0.477182 -0.203299 0.429951 -0.578399 -0.250584 0.353877 -0.341310 -0.017501 0.294499 -0.431814 -0.041379 0.370196 -0.487838 -0.095010 0.285413 
0.000000 0.000000 0.000000 0.033422 -0.063710 -0.021163 -0.195539 -0.280674 0.272538 -0.218767 -0.155242 0.253334 -0.215005 -0.064858 0.220482 -0.207504 0.016093 0.187227 -0.236771 -0.201138 0.056010 -0.405840 -0.287132 0.104299 -0.481575 -0.422065 0.092295 -0.405249 -0.342561 0.332636 -0.485929 -0.397519 0.236446 -0.516817 -0.436476 0.130989 -0.393663 -0.266541 0.369516 -0.512618 -0.342240 0.448536 -0.607438 -0.405017 0.372988 -0.366758 -0.147538 0.342338 -0.475574 -0.206825 0.429716 -0.576857 -0.253675 0.353461 -0.338714 -0.021082 0.296718 -0.429028 -0.046670 0.372083 -0.485252 -0.099617 0.287004 
0.000000 0.000000 0.000000 0.033451 -0.063421 -0.021971 -0.192193 -0.283546 0.271944 -0.216013 -0.158044 0.253964 -0.212845 -0.067384 0.221817 -0.205910 0.013859 0.189157 -0.235542 -0.202335 0.056719 -0.403860 -0.289259 0.105957 -0.479616 -0.424168 0.093814 -0.401100 -0.346049 0.334165 -0.482218 -0.400328 0.237958 -0.514043 -0.438506 0.132494 -0.390282 -0.270907 0.369578 -0.508810 -0.347671 0.448212 -0.603834 -0.409948 0.372508 -0.363396 -0.152077 0.343780 -0.471351 -0.212808 0.431235 -0.572969 -0.258951 0.354995 -0.335983 -0.024212 0.299691 -0.425514 -0.050418 0.375774 -0.482156 -0.102774 0.290605 
0.000000 0.000000 0.000000 0.033407 -0.063260 -0.022496 -0.189798 -0.285134 0.271966 -0.213961 -0.159593 0.254732 -0.211175 -0.068781 0.222981 -0.204609 0.012624 0.190649 -0.234807 -0.203141 0.057135 -0.402637 -0.290669 0.106963 -0.478648 -0.425472 0.095236 -0.398381 -0.348159 0.334744 -0.480114 -0.402109 0.238874 -0.512663 -0.439914 0.133496 -0.387038 -0.274109 0.370511 -0.504754 -0.351996 0.449258 -0.600159 -0.413784 0.373630 -0.360816 -0.154623 0.345261 -0.468118 -0.216176 0.432944 -0.570078 -0.261933 0.356928 -0.333962 -0.025888 0.301873 -0.422998 -0.052396 0.378431 -0.480033 -0.104581 0.293420 
0.000000 0.000000 0.000000 0.033277 -0.063104 -0.023116 -0.187153 -0.286766 0.272083 -0.211593 -0.161162 0.255719 -0.209175 -0.070181 0.224425 -0.202972 0.011400 0.192467 -0.233770 -0.204292 0.058111 -0.400871 -0.292639 0.108938 -0.477273 -0.427277 0.097890 -0.394748 -0.350634 0.337241 -0.477342 -0.404362 0.241986 -0.510889 -0.441733 0.136767 -0.383538 -0.276251 0.372612 -0.500484 -0.354528 0.452117 -0.596404 -0.416047 0.376923 -0.358133 -0.156721 0.347047 -0.464946 -0.218775 0.434974 -0.567332 -0.264203 0.359334 -0.331503 -0.027171 0.304619 -0.419975 -0.053720 0.381816 -0.477564 -0.105647 0.297020 
0.000000 0.000000 0.000000 0.034077 -0.062645 -0.023201 -0.181162 -0.288996 0.273773 -0.207582 -0.163805 0.257322 -0.206719 -0.072860 0.225842 -0.201936 0.008741 0.193692 -0.231734 -0.205035 0.059961 -0.398062 -0.294133 0.111998 -0.474828 -0.428644 0.101973 -0.388105 -0.353576 0.340290 -0.472843 -0.406706 0.246596 -0.507918 -0.443308 0.141604 -0.378877 -0.278643 0.375411 -0.495381 -0.356749 0.455728 -0.591975 -0.417702 0.380937 -0.354446 -0.159001 0.350222 -0.460375 -0.220769 0.439410 -0.563345 -0.265782 0.364315 -0.327913 -0.029676 0.308758 -0.414626 -0.056120 0.387959 -0.472989 -0.107641 0.303446 
0.000000 0.000000 0.000000 0.032968 -0.062151 -0.025967 -0.174897 -0.295648 0.270728 -0.200971 -0.169891 0.258621 -0.200443 -0.078092 0.229718 -0.196076 0.004365 0.199765 -0.229513 -0.208152 0.061404 -0.393757 -0.299510 0.116074 -0.470873 -0.433824 0.106088 -0.378929 -0.363828 0.342440 -0.465054 -0.415607 0.249255 -0.502564 -0.450132 0.144402 -0.369448 -0.288265 0.377270 -0.484036 -0.368776 0.457968 -0.581488 -0.428294 0.383133 -0.346343 -0.167701 0.353803 -0.450962 -0.231957 0.442780 -0.554458 -0.275863 0.367754 -0.320871 -0.037304 0.314988 -0.406769 -0.065986 0.394298 -0.466080 -0.116131 0.309617 
0.000000 0.000000 0.000000 0.034268 -0.060761 -0.027528 -0.160540 -0.304565 0.269736 -0.190576 -0.179487 0.260005 -0.193357 -0.087313 0.232456 -0.192046 -0.004346 0.203644 -0.226220 -0.208710 0.062491 -0.389217 -0.301287 0.118819 -0.467491 -0.434922 0.108741 -0.363476 -0.374716 0.342645 -0.455598 -0.423195 0.253507 -0.497440 -0.453910 0.149109 -0.357962 -0.299249 0.378804 -0.471809 -0.380704 0.459604 -0.570884 -0.437672 0.384918 -0.335342 -0.180306 0.358576 -0.437154 -0.246988 0.449012 -0.541779 -0.287638 0.373717 -0.313139 -0.047526 0.322211 -0.396490 -0.077247 0.403823 -0.457573 -0.124871 0.318946 