107
0.000000 0.000000 0.000000 -0.069196 -0.012016 -0.026296 -0.100794 -0.377686 0.196175 0.010552 -0.299678 0.214986 0.078976 -0.223545 0.206970 0.138553 -0.147652 0.193321 -0.076307 -0.156292 0.251158 -0.080757 -0.246570 0.424770 -0.146929 -0.278798 0.561406 -0.096981 -0.407789 0.420895 -0.094678 -0.425982 0.556710 -0.133821 -0.325674 0.601422 0.010375 -0.376564 0.439848 -0.023090 -0.286181 0.569601 -0.056713 -0.154366 0.581160 0.089025 -0.273533 0.412187 0.022355 -0.186009 0.516520 -0.048866 -0.071837 0.503855 0.108933 -0.164433 0.364865 0.088546 -0.175983 0.482942 0.015422 -0.087409 0.479671 
0.000000 0.000000 0.000000 -0.069493 -0.011449 -0.025759 -0.102269 -0.376978 0.196772 0.009840 -0.299871 0.214750 0.078806 -0.224283 0.206236 0.138878 -0.148860 0.192158 -0.075826 -0.154963 0.252107 -0.079790 -0.244764 0.425979 -0.144986 -0.275949 0.563324 -0.096498 -0.406360 0.421547 -0.093010 -0.424117 0.557394 -0.130794 -0.323640 0.602890 0.011599 -0.375789 0.439934 -0.019709 -0.285150 0.570046 -0.052293 -0.153069 0.581546 0.091385 -0.274492 0.411259 0.026586 -0.186104 0.516042 -0.043925 -0.071429 0.503959 0.110737 -0.165196 0.363994 0.091368 -0.176440 0.482272 0.018970 -0.087247 0.479776 
0.000000 0.000000 0.000000 -0.069689 -0.011003 -0.025422 -0.103592 -0.376507 0.196980 0.009074 -0.300102 0.214461 0.078457 -0.224929 0.205663 0.138919 -0.149863 0.191347 -0.075067 -0.154412 0.252519 -0.078432 -0.244148 0.426437 -0.142958 -0.274869 0.564203 -0.095925 -0.405143 0.421794 -0.091292 -0.422450 0.557666 -0.128130 -0.321823 0.603605 0.011908 -0.376277 0.439547 -0.018156 -0.284596 0.569221 -0.049855 -0.152302 0.580742 0.091734 -0.274342 0.410836 0.028012 -0.185346 0.515764 -0.041979 -0.070323 0.503971 0.112367 -0.166397 0.363416 0.094091 -0.177778 0.481855 0.022222 -0.088138 0.480244 
0.000000 0.000000 0.000000 -0.070005 -0.010557 -0.024734 -0.104270 -0.375528 0.198486 0.009082 -0.299877 0.214775 0.078892 -0.225195 0.205206 0.139726 -0.150565 0.190205 -0.074298 -0.153349 0.253543 -0.076984 -0.242699 0.427671 -0.139633 -0.272285 0.566548 -0.096127 -0.403668 0.423346 -0.091206 -0.420676 0.559245 -0.125940 -0.320003 0.606696 0.012790 -0.375736 0.439955 -0.016163 -0.282459 0.568741 -0.046964 -0.149912 0.579778 0.094167 -0.273352 0.410538 0.031466 -0.182662 0.514628 -0.038256 -0.067442 0.503172 0.114252 -0.165700 0.362566 0.096718 -0.176117 0.481205 0.025321 -0.086096 0.479804 
0.000000 0.000000 0.000000 -0.070278 -0.009997 -0.024186 -0.105698 -0.374702 0.199290 0.008376 -0.299957 0.214692 0.078700 -0.225832 0.204579 0.140007 -0.151687 0.189103 -0.073783 -0.151863 0.254576 -0.075976 -0.240634 0.429007 -0.137080 -0.269016 0.568820 -0.094682 -0.401245 0.424221 -0.088024 -0.417286 0.560164 -0.121009 -0.316662 0.608949 0.013927 -0.375408 0.439972 -0.013312 -0.280725 0.568103 -0.043174 -0.147937 0.578827 0.095221 -0.274506 0.409693 0.033131 -0.182591 0.513072 -0.036106 -0.066996 0.502487 0.115343 -0.166318 0.361625 0.098365 -0.176389 0.480376 0.027610 -0.085859 0.479260 
0.000000 0.000000 0.000000 -0.070609 -0.009314 -0.023483 -0.107144 -0.373963 0.199905 0.007769 -0.300298 0.214238 0.078672 -0.226815 0.203499 0.140504 -0.153222 0.187490 -0.073608 -0.150760 0.255498 -0.075484 -0.239269 0.430066 -0.134438 -0.266775 0.570973 -0.095307 -0.400319 0.424817 -0.088153 -0.416248 0.560748 -0.119136 -0.315741 0.611063 0.015212 -0.374788 0.439782 -0.009698 -0.279828 0.568183 -0.038329 -0.146771 0.578934 0.096301 -0.273088 0.409076 0.036139 -0.180218 0.512741 -0.032366 -0.064131 0.502798 0.116917 -0.166369 0.360282 0.100681 -0.175419 0.479218 0.030796 -0.084211 0.478578 
0.000000 0.000000 0.000000 -0.071027 -0.008241 -0.022610 -0.109644 -0.373451 0.199506 0.006437 -0.301423 0.212697 0.078191 -0.228856 0.201388 0.140809 -0.156032 0.184927 -0.072630 -0.150054 0.256196 -0.073633 -0.238792 0.430654 -0.129496 -0.266082 0.572856 -0.094632 -0.399254 0.424293 -0.085558 -0.414849 0.560148 -0.113825 -0.314406 0.612160 0.016029 -0.375713 0.438226 -0.005763 -0.279710 0.566419 -0.032316 -0.146260 0.577606 0.099170 -0.276230 0.406399 0.041239 -0.181182 0.509358 -0.025907 -0.064185 0.500913 0.119981 -0.169304 0.358064 0.105644 -0.178439 0.477237 0.037160 -0.086176 0.478018 
0.000000 0.000000 0.000000 -0.071244 -0.007510 -0.022177 -0.111688 -0.373283 0.198685 0.005119 -0.302353 0.211409 0.077446 -0.230385 0.199928 0.140607 -0.158055 0.183356 -0.072741 -0.150087 0.256240 -0.073678 -0.239301 0.430456 -0.128065 -0.266677 0.573212 -0.095228 -0.400462 0.423208 -0.085280 -0.416888 0.558903 -0.111913 -0.316538 0.611948 0.015092 -0.378882 0.436172 -0.005269 -0.283593 0.565129 -0.030541 -0.149949 0.576965 0.099808 -0.278884 0.404529 0.043703 -0.183842 0.508500 -0.022430 -0.066203 0.501049 0.121290 -0.171835 0.356628 0.107995 -0.181319 0.475895 0.040509 -0.088335 0.477541 
0.000000 0.000000 0.000000 -0.071418 -0.006826 -0.021836 -0.113635 -0.373386 0.197384 0.003804 -0.303459 0.209847 0.076645 -0.232014 0.198346 0.140296 -0.160109 0.181805 -0.072839 -0.150087 0.256230 -0.073729 -0.239732 0.430225 -0.126482 -0.267580 0.573502 -0.097018 -0.400952 0.421848 -0.086975 -0.417611 0.557508 -0.111899 -0.317531 0.611876 0.014748 -0.380813 0.434282 -0.003806 -0.284378 0.562658 -0.027566 -0.150502 0.574991 0.100012 -0.281974 0.402483 0.045570 -0.186545 0.506982 -0.019277 -0.068142 0.500372 0.121968 -0.174840 0.355107 0.109352 -0.184979 0.474393 0.042943 -0.091245 0.477002 
0.000000 0.000000 0.000000 -0.071585 -0.006104 -0.021500 -0.115995 -0.373086 0.196575 0.002128 -0.304262 0.208704 0.075550 -0.233432 0.197099 0.139762 -0.162039 0.180502 -0.073338 -0.149786 0.256347 -0.074435 -0.239693 0.430205 -0.125249 -0.267702 0.574150 -0.097268 -0.401066 0.420822 -0.085950 -0.417977 0.556351 -0.108792 -0.318207 0.612184 0.012991 -0.382435 0.432859 -0.003855 -0.286538 0.561873 -0.025953 -0.152424 0.574699 0.100250 -0.284919 0.400698 0.047518 -0.188860 0.505496 -0.016027 -0.069711 0.499692 0.122959 -0.177861 0.353862 0.111393 -0.188751 0.473189 0.045897 -0.094412 0.476872 
0.000000 0.000000 0.000000 -0.071743 -0.005422 -0.021153 -0.118201 -0.372683 0.196026 0.000571 -0.304914 0.207761 0.074539 -0.234681 0.195998 0.139277 -0.163791 0.179292 -0.073459 -0.148624 0.256941 -0.074533 -0.238231 0.430955 -0.123333 -0.266133 0.575616 -0.098822 -0.399368 0.420375 -0.087109 -0.415497 0.555965 -0.108314 -0.315817 0.612600 0.013377 -0.383358 0.431718 -0.001033 -0.287192 0.560827 -0.021695 -0.152866 0.573818 0.099512 -0.285286 0.399785 0.048268 -0.188758 0.504891 -0.014279 -0.069068 0.499385 0.123979 -0.178216 0.352913 0.113448 -0.188144 0.472419 0.048688 -0.093315 0.476508 
0.000000 0.000000 0.000000 -0.072085 -0.004709 -0.020136 -0.119254 -0.371217 0.198159 0.000360 -0.304659 0.208135 0.074874 -0.235205 0.195241 0.140095 -0.165005 0.177533 -0.074880 -0.148005 0.257901 -0.076629 -0.237671 0.431879 -0.125315 -0.265376 0.576616 -0.100445 -0.398470 0.422488 -0.089077 -0.414941 0.558067 -0.110323 -0.315307 0.614767 0.012590 -0.383343 0.432040 -0.002077 -0.286694 0.560759 -0.022614 -0.152324 0.573495 0.098722 -0.285199 0.399313 0.047264 -0.188792 0.504426 -0.015163 -0.069040 0.498912 0.123468 -0.178890 0.351075 0.112022 -0.188446 0.470528 0.047285 -0.093600 0.474574 
0.000000 0.000000 0.000000 -0.071598 -0.005824 -0.021534 -0.117847 -0.372091 0.197358 0.000584 -0.303785 0.209407 0.074340 -0.233321 0.197689 0.138891 -0.162265 0.180971 -0.074263 -0.147726 0.257218 -0.075930 -0.236519 0.431643 -0.125087 -0.264029 0.576259 -0.099223 -0.397813 0.421884 -0.087966 -0.413358 0.557581 -0.109791 -0.313695 0.614009 0.012824 -0.381491 0.433654 -0.002389 -0.283684 0.561430 -0.023366 -0.149321 0.573510 0.099300 -0.283973 0.401466 0.047287 -0.186388 0.505209 -0.015400 -0.066800 0.499124 0.122883 -0.176245 0.354564 0.111863 -0.185867 0.474051 0.046907 -0.091148 0.477527 
0.000000 0.000000 0.000000 -0.071774 -0.005746 -0.020961 -0.117228 -0.370906 0.199942 0.001455 -0.302834 0.210777 0.075288 -0.232603 0.198176 0.139880 -0.161779 0.180644 -0.076538 -0.147283 0.257949 -0.079519 -0.235847 0.432473 -0.129715 -0.262926 0.576813 -0.101075 -0.396167 0.424711 -0.091313 -0.411434 0.560555 -0.114592 -0.311773 0.616402 0.010928 -0.379548 0.435498 -0.006880 -0.280648 0.562093 -0.028899 -0.146358 0.573079 0.097593 -0.281554 0.402675 0.043556 -0.184042 0.505448 -0.019938 -0.064951 0.498095 0.121089 -0.173896 0.354098 0.108155 -0.182235 0.473490 0.042541 -0.087938 0.475965 
0.000000 0.000000 0.000000 -0.071390 -0.006542 -0.022013 -0.115963 -0.372305 0.198071 0.001777 -0.302908 0.210668 0.074991 -0.231845 0.199175 0.139031 -0.160291 0.182615 -0.076006 -0.147245 0.257322 -0.078895 -0.235289 0.432111 -0.129095 -0.262421 0.576439 -0.099720 -0.396534 0.422947 -0.089903 -0.411178 0.558856 -0.113384 -0.311598 0.614764 0.011227 -0.378573 0.435746 -0.006596 -0.280565 0.563030 -0.028833 -0.146301 0.573891 0.098154 -0.281272 0.403464 0.044253 -0.183848 0.506391 -0.019409 -0.064854 0.498936 0.120508 -0.173251 0.356037 0.107759 -0.182172 0.475407 0.041981 -0.087987 0.477782 
0.000000 0.000000 0.000000 -0.071784 -0.005889 -0.020886 -0.115995 -0.371675 0.199232 0.002521 -0.303312 0.210078 0.076151 -0.232857 0.197547 0.140533 -0.161822 0.180098 -0.076032 -0.147824 0.257830 -0.078690 -0.236637 0.432233 -0.128474 -0.264011 0.576660 -0.099699 -0.397088 0.423974 -0.089849 -0.412446 0.559801 -0.113323 -0.312980 0.615913 0.011378 -0.380108 0.434796 -0.006918 -0.282462 0.562292 -0.029275 -0.148232 0.573326 0.098056 -0.281612 0.402137 0.043929 -0.185157 0.505855 -0.019928 -0.066253 0.498631 0.121567 -0.174265 0.353510 0.108513 -0.182830 0.472873 0.042736 -0.088651 0.475508 
0.000000 0.000000 0.000000 -0.071756 -0.006053 -0.020935 -0.115236 -0.372027 0.199015 0.003109 -0.303386 0.209964 0.076579 -0.232749 0.197509 0.140802 -0.161554 0.180129 -0.076370 -0.147997 0.257770 -0.079258 -0.236817 0.432166 -0.128707 -0.264529 0.576643 -0.099045 -0.397090 0.423803 -0.089259 -0.412237 0.559659 -0.113062 -0.312906 0.615873 0.012389 -0.380265 0.434636 -0.006316 -0.282195 0.561746 -0.029199 -0.148048 0.572718 0.098318 -0.280959 0.402245 0.043372 -0.184044 0.505100 -0.020976 -0.065410 0.497787 0.121874 -0.174222 0.353529 0.108846 -0.182941 0.472883 0.042748 -0.088989 0.475569 
0.000000 0.000000 0.000000 -0.071361 -0.007030 -0.021955 -0.112935 -0.373641 0.197303 0.004288 -0.303384 0.209945 0.076950 -0.231742 0.198546 0.140430 -0.159666 0.182091 -0.074809 -0.147565 0.257481 -0.076966 -0.235502 0.432334 -0.126005 -0.263560 0.576884 -0.097018 -0.397177 0.422276 -0.087399 -0.411401 0.558244 -0.111901 -0.312192 0.614371 0.015405 -0.379336 0.434850 -0.002801 -0.281023 0.561845 -0.026148 -0.146953 0.572777 0.100104 -0.279697 0.403187 0.045123 -0.182234 0.505505 -0.019654 -0.063838 0.498132 0.123027 -0.173161 0.355589 0.111048 -0.182449 0.475010 0.044561 -0.088772 0.477695 
0.000000 0.000000 0.000000 -0.071299 -0.007494 -0.022004 -0.110885 -0.373951 0.197877 0.005907 -0.302976 0.210494 0.078153 -0.230924 0.199029 0.141217 -0.158501 0.182501 -0.074021 -0.147663 0.257623 -0.075724 -0.235371 0.432596 -0.124506 -0.263809 0.577159 -0.095147 -0.397439 0.422868 -0.085636 -0.411635 0.558846 -0.110793 -0.312477 0.614773 0.016124 -0.378779 0.435492 -0.003284 -0.280943 0.562677 -0.027420 -0.146992 0.573349 0.101955 -0.279474 0.403456 0.046403 -0.182382 0.505818 -0.019069 -0.064371 0.498406 0.123447 -0.171821 0.355974 0.111215 -0.180990 0.475379 0.044176 -0.087703 0.477890 
0.000000 0.000000 0.000000 -0.071272 -0.007892 -0.021952 -0.108853 -0.374228 0.198481 0.007582 -0.302637 0.210927 0.079450 -0.230232 0.199316 0.142133 -0.157511 0.182646 -0.073038 -0.147321 0.258053 -0.074144 -0.234568 0.433261 -0.122579 -0.262757 0.577989 -0.092210 -0.397709 0.423407 -0.082152 -0.411900 0.559346 -0.107720 -0.312809 0.615207 0.018808 -0.377223 0.436284 -0.000762 -0.279277 0.563359 -0.025642 -0.145434 0.573668 0.103083 -0.278250 0.403888 0.047065 -0.181681 0.506490 -0.019000 -0.064014 0.498888 0.124860 -0.170677 0.356182 0.112971 -0.179740 0.475630 0.045413 -0.086822 0.477980 
0.000000 0.000000 0.000000 -0.071286 -0.008017 -0.021860 -0.107936 -0.374428 0.198604 0.008387 -0.302633 0.210904 0.080113 -0.230100 0.199204 0.142645 -0.157268 0.182456 -0.072974 -0.147329 0.258203 -0.074030 -0.234501 0.433449 -0.122241 -0.262773 0.578236 -0.091229 -0.397412 0.423577 -0.081132 -0.411304 0.559544 -0.106815 -0.312197 0.615325 0.020659 -0.377522 0.436105 0.001351 -0.279853 0.563433 -0.023809 -0.146071 0.573856 0.103776 -0.277073 0.404014 0.047521 -0.180299 0.506292 -0.018885 -0.062820 0.498735 0.125542 -0.169687 0.356063 0.113769 -0.178235 0.475561 0.046065 -0.085425 0.477934 
0.000000 0.000000 0.000000 -0.071309 -0.008050 -0.021774 -0.107662 -0.374236 0.199115 0.008664 -0.302410 0.211212 0.080365 -0.229878 0.199358 0.142869 -0.157054 0.182465 -0.072318 -0.147514 0.258217 -0.072949 -0.234780 0.433418 -0.120932 -0.263081 0.578275 -0.090091 -0.397014 0.424043 -0.079471 -0.410780 0.559983 -0.105025 -0.311621 0.615730 0.020870 -0.377251 0.436433 0.001573 -0.279640 0.563807 -0.023559 -0.145852 0.574213 0.104117 -0.277290 0.404057 0.047752 -0.180597 0.506352 -0.018706 -0.063144 0.498860 0.126032 -0.169829 0.356073 0.114442 -0.178622 0.475570 0.046823 -0.085752 0.478042 
0.000000 0.000000 0.000000 -0.071346 -0.008032 -0.021660 -0.107607 -0.373918 0.199741 0.008781 -0.302150 0.211578 0.080511 -0.229679 0.199528 0.143036 -0.156916 0.182453 -0.072101 -0.146892 0.258632 -0.072573 -0.233782 0.434020 -0.120369 -0.261947 0.578965 -0.089541 -0.395821 0.424716 -0.078623 -0.409058 0.560685 -0.103971 -0.309779 0.616312 0.021486 -0.376807 0.436832 0.002513 -0.278849 0.563989 -0.022515 -0.145027 0.574220 0.104169 -0.276683 0.404332 0.048140 -0.180035 0.506855 -0.018143 -0.062482 0.499385 0.126612 -0.169345 0.356125 0.115306 -0.177900 0.475667 0.047890 -0.084884 0.478159 
0.000000 0.000000 0.000000 -0.071380 -0.007994 -0.021560 -0.107676 -0.373607 0.200284 0.008790 -0.301928 0.211895 0.080567 -0.229533 0.199674 0.143133 -0.156842 0.182441 -0.071625 -0.146392 0.258961 -0.071777 -0.232993 0.434493 -0.119400 -0.260833 0.579558 -0.089130 -0.395631 0.425209 -0.077921 -0.408941 0.561147 -0.102998 -0.309584 0.616758 0.021864 -0.375854 0.437369 0.003288 -0.277580 0.564341 -0.021560 -0.143711 0.574382 0.105112 -0.275943 0.404509 0.049484 -0.178606 0.506596 -0.016703 -0.061006 0.499007 0.126825 -0.169195 0.356129 0.115600 -0.177697 0.475683 0.048277 -0.084612 0.478141 
0.000000 0.000000 0.000000 -0.071427 -0.008014 -0.021396 -0.107325 -0.373266 0.201107 0.009179 -0.301592 0.212356 0.080945 -0.229231 0.199868 0.143489 -0.156580 0.182386 -0.071597 -0.146283 0.259189 -0.071702 -0.232803 0.434761 -0.119086 -0.260486 0.579934 -0.088865 -0.395373 0.426031 -0.077709 -0.408735 0.561968 -0.102722 -0.309323 0.617509 0.022281 -0.375155 0.437947 0.003605 -0.276659 0.564731 -0.021348 -0.142791 0.574530 0.106074 -0.275100 0.404754 0.050826 -0.177861 0.507141 -0.015470 -0.060325 0.499518 0.127158 -0.168339 0.356114 0.115916 -0.176432 0.475694 0.048600 -0.083338 0.477987 
0.000000 0.000000 0.000000 -0.071051 -0.008724 -0.022349 -0.106220 -0.374431 0.199521 0.009394 -0.301591 0.212349 0.080585 -0.228502 0.200846 0.142619 -0.155215 0.184226 -0.070689 -0.145973 0.258736 -0.070462 -0.231854 0.434621 -0.117614 -0.259513 0.579874 -0.087888 -0.395671 0.424539 -0.076809 -0.408507 0.560533 -0.101812 -0.309102 0.616090 0.023266 -0.374361 0.438151 0.004993 -0.275658 0.564832 -0.019994 -0.141789 0.574540 0.106922 -0.275195 0.405394 0.051649 -0.177275 0.507116 -0.014677 -0.059758 0.499460 0.127236 -0.167259 0.358020 0.116647 -0.175549 0.477647 0.049315 -0.082466 0.479896 
0.000000 0.000000 0.000000 -0.071463 -0.007989 -0.021288 -0.107151 -0.373224 0.201277 0.009394 -0.301590 0.212349 0.081166 -0.229254 0.199752 0.143709 -0.156626 0.182174 -0.071111 -0.146087 0.259382 -0.070891 -0.232499 0.435006 -0.117813 -0.260134 0.580339 -0.088502 -0.395382 0.426180 -0.077231 -0.408774 0.562105 -0.102103 -0.309337 0.617663 0.022734 -0.375249 0.437895 0.004204 -0.276694 0.564655 -0.020710 -0.142813 0.574375 0.106637 -0.275636 0.404480 0.051421 -0.178335 0.506825 -0.014848 -0.060779 0.499269 0.127291 -0.168355 0.355895 0.115990 -0.176428 0.475471 0.048702 -0.083314 0.477786 
0.000000 0.000000 0.000000 -0.071480 -0.007986 -0.021232 -0.107060 -0.373135 0.201492 0.009506 -0.301516 0.212451 0.081280 -0.229196 0.199773 0.143820 -0.156583 0.182122 -0.070593 -0.145923 0.259515 -0.070038 -0.232235 0.435188 -0.116668 -0.259719 0.580643 -0.087958 -0.395351 0.426351 -0.076413 -0.408778 0.562250 -0.101031 -0.309291 0.617832 0.023172 -0.375471 0.437880 0.004742 -0.276469 0.564306 -0.020132 -0.142575 0.573947 0.106438 -0.275674 0.404518 0.050909 -0.178122 0.506455 -0.015342 -0.060558 0.498877 0.127601 -0.168529 0.355848 0.116437 -0.176751 0.475426 0.049201 -0.083602 0.477828 
0.000000 0.000000 0.000000 -0.071487 -0.007971 -0.021211 -0.107078 -0.373111 0.201526 0.009506 -0.301515 0.212451 0.081290 -0.229210 0.199752 0.143841 -0.156611 0.182082 -0.070361 -0.145675 0.259650 -0.069656 -0.231840 0.435395 -0.116131 -0.259290 0.580905 -0.087734 -0.394948 0.426401 -0.076043 -0.408145 0.562310 -0.100539 -0.308639 0.617913 0.023411 -0.374968 0.438030 0.005204 -0.276010 0.564523 -0.019630 -0.142103 0.574086 0.106660 -0.275231 0.404574 0.051393 -0.177655 0.506630 -0.014841 -0.060082 0.499031 0.127901 -0.168573 0.355833 0.116930 -0.176807 0.475428 0.049693 -0.083658 0.477830 
0.000000 0.000000 0.000000 -0.071116 -0.008651 -0.022171 -0.106112 -0.374309 0.199808 0.009610 -0.301589 0.212342 0.080848 -0.228576 0.200656 0.142917 -0.155355 0.183877 -0.069571 -0.145386 0.259161 -0.068604 -0.230947 0.435200 -0.114750 -0.258436 0.580808 -0.086654 -0.394754 0.424804 -0.074894 -0.407110 0.560786 -0.099288 -0.307630 0.616479 0.024452 -0.374291 0.438104 0.006871 -0.275099 0.564502 -0.017857 -0.141168 0.574003 0.107940 -0.275101 0.405144 0.053078 -0.176730 0.506653 -0.013094 -0.059128 0.498979 0.128173 -0.167620 0.357711 0.118024 -0.176062 0.477365 0.050832 -0.082881 0.479755 
0.000000 0.000000 0.000000 -0.071130 -0.008614 -0.022140 -0.106267 -0.374169 0.199988 0.009506 -0.301515 0.212451 0.080785 -0.228551 0.200710 0.142892 -0.155374 0.183880 -0.069641 -0.144306 0.259696 -0.068710 -0.229213 0.436051 -0.114234 -0.256591 0.581876 -0.085869 -0.393573 0.424994 -0.073541 -0.405301 0.560981 -0.097493 -0.305716 0.616680 0.024180 -0.374132 0.438251 0.006640 -0.275087 0.564770 -0.018005 -0.141127 0.574085 0.107966 -0.274591 0.405296 0.053405 -0.176288 0.507032 -0.012715 -0.058667 0.499192 0.128079 -0.167303 0.357732 0.117883 -0.175514 0.477398 0.050708 -0.082317 0.479679 
0.000000 0.000000 0.000000 -0.071536 -0.007916 -0.021067 -0.107175 -0.372648 0.202330 0.009518 -0.301181 0.212924 0.081370 -0.228987 0.199976 0.143979 -0.156495 0.182073 -0.070441 -0.143787 0.260686 -0.069755 -0.228805 0.436988 -0.114983 -0.255926 0.582953 -0.086825 -0.392176 0.427329 -0.074527 -0.403979 0.563313 -0.098230 -0.304340 0.619021 0.024084 -0.374107 0.438632 0.006302 -0.273718 0.564053 -0.018258 -0.139719 0.573016 0.107573 -0.274147 0.404885 0.052583 -0.175384 0.505943 -0.013462 -0.057736 0.497877 0.128067 -0.167579 0.355883 0.117115 -0.175209 0.475521 0.050001 -0.081964 0.477572 
0.000000 0.000000 0.000000 -0.071531 -0.007929 -0.021078 -0.107399 -0.372214 0.203009 0.009319 -0.300773 0.213509 0.081204 -0.228632 0.200448 0.143848 -0.156200 0.182429 -0.070688 -0.143633 0.260755 -0.070161 -0.228549 0.437107 -0.115146 -0.255485 0.583181 -0.087126 -0.391359 0.428048 -0.074875 -0.402929 0.564056 -0.098476 -0.303314 0.619850 0.023307 -0.373189 0.439418 0.005448 -0.272825 0.564848 -0.018960 -0.138769 0.573370 0.107795 -0.273689 0.405330 0.052782 -0.174186 0.505647 -0.013138 -0.056500 0.497125 0.128045 -0.166085 0.356322 0.117168 -0.172889 0.476016 0.050237 -0.079504 0.477640 
0.000000 0.000000 0.000000 -0.071551 -0.007906 -0.021019 -0.107556 -0.371804 0.203675 0.009224 -0.300438 0.213984 0.081157 -0.228374 0.200761 0.143846 -0.156021 0.182584 -0.070979 -0.143280 0.260974 -0.070620 -0.227988 0.437427 -0.115260 -0.254725 0.583643 -0.087365 -0.391349 0.428688 -0.075162 -0.403162 0.564679 -0.098678 -0.303524 0.620469 0.023347 -0.372739 0.439921 0.005634 -0.271788 0.564901 -0.018617 -0.137677 0.572981 0.107519 -0.273457 0.405666 0.052508 -0.173867 0.505898 -0.013274 -0.056126 0.497074 0.128215 -0.166672 0.356448 0.117456 -0.174002 0.476121 0.050723 -0.080475 0.477703 
0.000000 0.000000 0.000000 -0.071580 -0.007818 -0.020956 -0.108052 -0.371286 0.204357 0.008857 -0.300104 0.214468 0.080905 -0.228186 0.201077 0.143706 -0.155969 0.182738 -0.071383 -0.142098 0.261560 -0.071261 -0.226121 0.438340 -0.115697 -0.252454 0.584692 -0.088047 -0.390455 0.429418 -0.075956 -0.402041 0.565439 -0.099234 -0.302253 0.621059 0.022876 -0.371334 0.440751 0.005480 -0.270718 0.566045 -0.018579 -0.136555 0.573829 0.106630 -0.272740 0.406179 0.051882 -0.173391 0.506793 -0.013664 -0.055539 0.497690 0.127723 -0.166138 0.356599 0.116722 -0.173138 0.476270 0.050243 -0.079427 0.477635 
0.000000 0.000000 0.000000 -0.071148 -0.008592 -0.022093 -0.107615 -0.371853 0.203554 0.008393 -0.299469 0.215373 0.079921 -0.226860 0.202962 0.142281 -0.154058 0.185454 -0.070617 -0.141148 0.261236 -0.070284 -0.224092 0.438524 -0.114797 -0.250016 0.584926 -0.088243 -0.388585 0.428865 -0.076535 -0.398697 0.565037 -0.099959 -0.298708 0.620234 0.022748 -0.368599 0.442285 0.005697 -0.267254 0.567037 -0.018265 -0.133034 0.574119 0.106226 -0.270372 0.408214 0.051607 -0.169963 0.507841 -0.013838 -0.052124 0.497891 0.127292 -0.163669 0.359435 0.116975 -0.170285 0.479189 0.050627 -0.076474 0.479910 
0.000000 0.000000 0.000000 -0.071422 -0.008090 -0.021385 -0.109142 -0.369432 0.207119 0.007626 -0.298038 0.217377 0.079698 -0.226178 0.203809 0.142558 -0.154075 0.185227 -0.073085 -0.139408 0.262514 -0.074126 -0.221580 0.440160 -0.119312 -0.246433 0.586541 -0.091607 -0.385523 0.432627 -0.081010 -0.395248 0.568918 -0.104813 -0.295018 0.623512 0.020609 -0.366893 0.444455 0.002529 -0.264742 0.568402 -0.021630 -0.130513 0.574591 0.104399 -0.268018 0.409607 0.049008 -0.167290 0.508485 -0.016570 -0.049614 0.497541 0.126205 -0.162445 0.359149 0.114949 -0.168205 0.478863 0.048471 -0.074483 0.478780 
0.000000 0.000000 0.000000 -0.071039 -0.008813 -0.022354 -0.108569 -0.369903 0.206580 0.007374 -0.297393 0.218267 0.078955 -0.224896 0.205509 0.141393 -0.152257 0.187608 -0.072383 -0.138396 0.262343 -0.073224 -0.219481 0.440488 -0.118418 -0.243665 0.586979 -0.090595 -0.384178 0.432175 -0.079732 -0.392806 0.568519 -0.103393 -0.292456 0.622955 0.020189 -0.364310 0.445934 0.002200 -0.261318 0.569197 -0.021823 -0.127038 0.574777 0.105106 -0.265443 0.411387 0.050273 -0.163430 0.509252 -0.015199 -0.045739 0.497830 0.126093 -0.159799 0.361664 0.115561 -0.164989 0.481470 0.049254 -0.071148 0.480939 
0.000000 0.000000 0.000000 -0.071062 -0.008853 -0.022265 -0.108593 -0.369118 0.207966 0.007398 -0.296629 0.219303 0.079007 -0.224215 0.206232 0.141468 -0.151672 0.188025 -0.071850 -0.137646 0.262793 -0.072343 -0.218236 0.441164 -0.117393 -0.241793 0.587801 -0.089826 -0.381590 0.433604 -0.078484 -0.389127 0.569973 -0.101930 -0.288530 0.624043 0.020738 -0.362448 0.447260 0.003084 -0.258747 0.569976 -0.020857 -0.124430 0.574979 0.105941 -0.264569 0.412047 0.051188 -0.161869 0.509236 -0.014280 -0.044199 0.497581 0.126368 -0.158471 0.362129 0.115974 -0.163151 0.481968 0.049766 -0.069242 0.481088 
0.000000 0.000000 0.000000 -0.071066 -0.009076 -0.022160 -0.107669 -0.368536 0.209472 0.008191 -0.295780 0.220419 0.079646 -0.223277 0.207003 0.141948 -0.150683 0.188459 -0.071762 -0.137032 0.263274 -0.072197 -0.217099 0.441881 -0.117090 -0.240220 0.588635 -0.089112 -0.381270 0.435113 -0.077897 -0.388965 0.571484 -0.101538 -0.288274 0.625294 0.022488 -0.362296 0.448116 0.004727 -0.258105 0.570400 -0.019637 -0.123851 0.575031 0.106820 -0.263843 0.412744 0.051679 -0.161294 0.509872 -0.014172 -0.043849 0.498104 0.126818 -0.157081 0.362575 0.116404 -0.161486 0.482422 0.049966 -0.067742 0.481283 
0.000000 0.000000 0.000000 -0.071111 -0.009316 -0.021918 -0.106068 -0.368275 0.210745 0.009637 -0.295191 0.221149 0.080862 -0.222539 0.207326 0.142918 -0.149831 0.188405 -0.070541 -0.136327 0.263939 -0.070185 -0.215802 0.442810 -0.114573 -0.238634 0.589763 -0.087799 -0.380599 0.436432 -0.076758 -0.388047 0.572831 -0.100466 -0.287268 0.626446 0.024644 -0.358669 0.449665 0.007015 -0.254158 0.571694 -0.017787 -0.119969 0.575856 0.108763 -0.261552 0.413271 0.053747 -0.158737 0.510189 -0.012511 -0.041534 0.498301 0.128402 -0.155972 0.362582 0.118411 -0.160200 0.482472 0.051785 -0.066590 0.481349 
0.000000 0.000000 0.000000 -0.071099 -0.009611 -0.021827 -0.104477 -0.368358 0.211394 0.010968 -0.294832 0.221565 0.081909 -0.221937 0.207560 0.143675 -0.149028 0.188465 -0.069430 -0.136088 0.264262 -0.068386 -0.215229 0.443278 -0.112546 -0.238087 0.590296 -0.085043 -0.379796 0.437030 -0.073297 -0.386710 0.573398 -0.097340 -0.285955 0.626911 0.026020 -0.358806 0.449940 0.007903 -0.254875 0.572394 -0.017447 -0.120786 0.576494 0.109819 -0.260542 0.413580 0.054438 -0.158085 0.510670 -0.012321 -0.041168 0.498775 0.128731 -0.154475 0.362630 0.118444 -0.158225 0.482511 0.051442 -0.064886 0.481212 
0.000000 0.000000 0.000000 -0.071437 -0.009201 -0.020879 -0.103942 -0.367456 0.213220 0.012075 -0.294627 0.221780 0.083269 -0.222186 0.206751 0.145225 -0.149680 0.186754 -0.069864 -0.137129 0.264565 -0.068879 -0.217178 0.443177 -0.113000 -0.240203 0.590181 -0.084387 -0.379302 0.438824 -0.072569 -0.386462 0.575173 -0.097077 -0.285779 0.628611 0.027717 -0.360023 0.449712 0.009089 -0.255771 0.571815 -0.016835 -0.121792 0.575927 0.110297 -0.261563 0.412743 0.053927 -0.159984 0.510184 -0.013405 -0.043383 0.498400 0.129920 -0.155447 0.360876 0.119385 -0.159417 0.480729 0.052033 -0.066329 0.479489 
0.000000 0.000000 0.000000 -0.071068 -0.010015 -0.021747 -0.101965 -0.369255 0.211056 0.013044 -0.295042 0.221173 0.083523 -0.221700 0.207169 0.144821 -0.148393 0.188089 -0.068244 -0.137517 0.263877 -0.066476 -0.217300 0.442603 -0.110164 -0.240723 0.589673 -0.081825 -0.381177 0.436605 -0.069654 -0.388383 0.572921 -0.094288 -0.287918 0.626708 0.028248 -0.359088 0.449517 0.009484 -0.256226 0.572773 -0.016745 -0.122315 0.577160 0.111487 -0.261111 0.413030 0.055165 -0.159420 0.510382 -0.012439 -0.042952 0.498853 0.129927 -0.155869 0.362182 0.119675 -0.161016 0.482014 0.052097 -0.068089 0.481038 
0.000000 0.000000 0.000000 -0.071101 -0.009950 -0.021667 -0.101568 -0.370003 0.209933 0.013447 -0.295808 0.220122 0.083892 -0.222407 0.206261 0.145148 -0.149025 0.187336 -0.068153 -0.137830 0.263787 -0.066308 -0.217848 0.442406 -0.109748 -0.241783 0.589467 -0.081088 -0.382961 0.435395 -0.068711 -0.390793 0.571657 -0.093403 -0.290552 0.625835 0.030131 -0.359945 0.448339 0.011988 -0.256963 0.571587 -0.014344 -0.123082 0.576276 0.112229 -0.262142 0.412008 0.056124 -0.160958 0.510013 -0.011630 -0.044525 0.499025 0.130954 -0.156294 0.361497 0.121185 -0.161298 0.481375 0.053525 -0.068427 0.480688 
0.000000 0.000000 0.000000 -0.071125 -0.010015 -0.021561 -0.100913 -0.370100 0.210078 0.014049 -0.295800 0.220095 0.084406 -0.222335 0.206129 0.145566 -0.148896 0.187114 -0.067679 -0.137858 0.263905 -0.065523 -0.217855 0.442530 -0.108581 -0.241833 0.589696 -0.080033 -0.382947 0.435509 -0.067413 -0.390712 0.571753 -0.092246 -0.290554 0.626020 0.030486 -0.361525 0.447877 0.011712 -0.258325 0.570849 -0.014895 -0.124504 0.575693 0.112782 -0.261010 0.412073 0.056316 -0.159382 0.509408 -0.011741 -0.043136 0.498320 0.131135 -0.155776 0.361271 0.121202 -0.160512 0.481147 0.053489 -0.067682 0.480414 
0.000000 0.000000 0.000000 -0.071189 -0.009860 -0.021421 -0.101196 -0.370064 0.210006 0.013930 -0.295994 0.219842 0.084401 -0.222654 0.205786 0.145663 -0.149319 0.186700 -0.067158 -0.138469 0.263693 -0.064635 -0.218945 0.442098 -0.107204 -0.243273 0.589350 -0.079871 -0.383439 0.435365 -0.066983 -0.391522 0.571565 -0.091560 -0.291361 0.625943 0.031325 -0.361438 0.447634 0.013278 -0.258086 0.570587 -0.013111 -0.124222 0.575417 0.114079 -0.262527 0.411317 0.057990 -0.160788 0.508754 -0.009996 -0.044464 0.498044 0.131491 -0.156745 0.360856 0.121735 -0.161857 0.480731 0.054223 -0.068879 0.480167 
0.000000 0.000000 0.000000 -0.071240 -0.009788 -0.021283 -0.101301 -0.369730 0.210543 0.013939 -0.295802 0.220100 0.084480 -0.222568 0.205847 0.145805 -0.149332 0.186580 -0.067584 -0.137626 0.264182 -0.065297 -0.217619 0.442808 -0.107901 -0.241702 0.590089 -0.079535 -0.382381 0.435901 -0.066380 -0.390027 0.572102 -0.090722 -0.289769 0.626405 0.031273 -0.360266 0.448176 0.013508 -0.257051 0.571284 -0.012709 -0.123149 0.576017 0.113785 -0.261877 0.411540 0.058237 -0.160554 0.509718 -0.009533 -0.044110 0.498948 0.131688 -0.156479 0.360752 0.121971 -0.161399 0.480638 0.054646 -0.068285 0.480054 
0.000000 0.000000 0.000000 -0.071241 -0.009788 -0.021279 -0.101657 -0.369090 0.211492 0.013639 -0.295228 0.220889 0.084242 -0.222087 0.206462 0.145630 -0.148951 0.187020 -0.067259 -0.137453 0.264259 -0.064768 -0.217338 0.442930 -0.107173 -0.241096 0.590322 -0.079687 -0.381692 0.436833 -0.066409 -0.389308 0.573023 -0.090531 -0.288902 0.627150 0.031248 -0.360619 0.448679 0.013535 -0.256797 0.571282 -0.012567 -0.122863 0.575735 0.114016 -0.260668 0.412226 0.058825 -0.158885 0.510129 -0.008826 -0.042397 0.499084 0.132000 -0.154909 0.361276 0.122618 -0.159010 0.481220 0.055310 -0.065887 0.480359 
0.000000 0.000000 0.000000 -0.071249 -0.009764 -0.021262 -0.101680 -0.369138 0.211397 0.013635 -0.295305 0.220786 0.084250 -0.222176 0.206364 0.145649 -0.149047 0.186929 -0.067011 -0.136999 0.264465 -0.064359 -0.216614 0.443254 -0.106649 -0.240197 0.590706 -0.079500 -0.381466 0.436733 -0.066095 -0.388916 0.572919 -0.090075 -0.288469 0.627034 0.030029 -0.359558 0.448990 0.011913 -0.255925 0.571695 -0.014120 -0.121974 0.576029 0.113559 -0.261097 0.412130 0.058266 -0.159635 0.510308 -0.009346 -0.043116 0.499348 0.131651 -0.155726 0.361129 0.122016 -0.160323 0.481034 0.054775 -0.067150 0.480230 
0.000000 0.000000 0.000000 -0.071264 -0.009853 -0.021172 -0.101000 -0.369187 0.211637 0.014242 -0.295220 0.220861 0.084756 -0.222015 0.206330 0.146048 -0.148822 0.186797 -0.066460 -0.137269 0.264465 -0.063453 -0.216997 0.443198 -0.105467 -0.240664 0.590716 -0.079122 -0.381229 0.437017 -0.065900 -0.388507 0.573231 -0.089924 -0.288069 0.627344 0.032234 -0.358400 0.449244 0.014798 -0.254781 0.572060 -0.011482 -0.120876 0.576313 0.115145 -0.260547 0.412013 0.059983 -0.158714 0.509880 -0.007873 -0.042329 0.499015 0.132231 -0.155203 0.361023 0.122721 -0.159595 0.480946 0.055331 -0.066530 0.480162 
0.000000 0.000000 0.000000 -0.071243 -0.010052 -0.021148 -0.100095 -0.369117 0.212189 0.014972 -0.294862 0.221290 0.085310 -0.221511 0.206643 0.146425 -0.148201 0.186995 -0.066255 -0.136524 0.264906 -0.063134 -0.215661 0.443899 -0.105186 -0.239110 0.591441 -0.078389 -0.380605 0.437615 -0.065271 -0.387548 0.573857 -0.089504 -0.287104 0.627865 0.033055 -0.358330 0.449587 0.015368 -0.254856 0.572488 -0.011198 -0.121006 0.576709 0.115505 -0.259878 0.412385 0.059910 -0.158057 0.510019 -0.008212 -0.041841 0.499010 0.132182 -0.155534 0.361149 0.122378 -0.160581 0.481023 0.054828 -0.067632 0.480136 
0.000000 0.000000 0.000000 -0.071182 -0.010210 -0.021280 -0.099930 -0.368899 0.212646 0.014994 -0.294436 0.221855 0.085241 -0.220994 0.207224 0.146275 -0.147618 0.187573 -0.066365 -0.137101 0.264590 -0.063352 -0.216501 0.443469 -0.105527 -0.239882 0.590987 -0.078047 -0.381497 0.437995 -0.064821 -0.389111 0.574191 -0.089306 -0.288672 0.628094 0.032723 -0.359099 0.449844 0.014239 -0.255036 0.572130 -0.012675 -0.121247 0.576055 0.115334 -0.260234 0.412817 0.059188 -0.158416 0.510139 -0.009084 -0.042319 0.498813 0.131915 -0.154454 0.361737 0.122031 -0.159159 0.481618 0.054226 -0.066401 0.480417 
0.000000 0.000000 0.000000 -0.071145 -0.010267 -0.021373 -0.099853 -0.369079 0.212368 0.014990 -0.294514 0.221752 0.085187 -0.221000 0.207240 0.146178 -0.147560 0.187694 -0.066512 -0.136757 0.264678 -0.063614 -0.215906 0.443670 -0.105948 -0.239377 0.591128 -0.078462 -0.381279 0.437787 -0.065534 -0.388652 0.574024 -0.090222 -0.288251 0.627907 0.032404 -0.358214 0.450036 0.013925 -0.254742 0.572824 -0.013043 -0.120963 0.576725 0.114610 -0.259607 0.413049 0.058325 -0.157940 0.510449 -0.009992 -0.041886 0.498945 0.131682 -0.154273 0.361852 0.121704 -0.158893 0.481729 0.053915 -0.066124 0.480427 
0.000000 0.000000 0.000000 -0.071116 -0.010280 -0.021464 -0.099928 -0.369318 0.211917 0.014870 -0.294709 0.221501 0.085050 -0.221151 0.207135 0.146029 -0.147665 0.187728 -0.067027 -0.136765 0.264597 -0.064468 -0.215911 0.443596 -0.107093 -0.239509 0.590949 -0.078717 -0.381325 0.437363 -0.065898 -0.388583 0.573617 -0.090779 -0.288268 0.627572 0.031795 -0.358418 0.449819 0.012933 -0.254848 0.572466 -0.014132 -0.121092 0.576476 0.114254 -0.259041 0.413109 0.058383 -0.157945 0.511338 -0.009971 -0.041909 0.499878 0.131325 -0.154082 0.361879 0.121204 -0.158499 0.481752 0.053374 -0.065761 0.480383 
0.000000 0.000000 0.000000 -0.071013 -0.010544 -0.021677 -0.099001 -0.370001 0.211161 0.015462 -0.294933 0.221162 0.085379 -0.221068 0.207089 0.146110 -0.147307 0.187946 -0.067489 -0.137510 0.264179 -0.065284 -0.216957 0.443049 -0.108339 -0.240882 0.590225 -0.078644 -0.382047 0.436683 -0.066340 -0.389328 0.572983 -0.091856 -0.289132 0.626861 0.032337 -0.359106 0.449354 0.012847 -0.255959 0.572258 -0.014821 -0.122328 0.576314 0.114013 -0.259447 0.413052 0.057100 -0.158614 0.510952 -0.011765 -0.042898 0.499315 0.130895 -0.153590 0.362059 0.120422 -0.157915 0.481904 0.052193 -0.065473 0.480375 
0.000000 0.000000 0.000000 -0.070893 -0.010782 -0.021949 -0.097835 -0.371536 0.208996 0.016228 -0.295961 0.219729 0.085824 -0.221686 0.206242 0.146252 -0.147534 0.187658 -0.067475 -0.138759 0.263457 -0.065336 -0.218839 0.442045 -0.108785 -0.243710 0.588948 -0.078481 -0.383826 0.434594 -0.066785 -0.391253 0.570940 -0.093137 -0.291468 0.625176 0.032690 -0.361011 0.447703 0.012136 -0.258282 0.570784 -0.016316 -0.124830 0.575301 0.113131 -0.260486 0.412307 0.055026 -0.160211 0.510080 -0.014323 -0.044763 0.498665 0.130301 -0.154319 0.361686 0.119323 -0.158989 0.481473 0.050652 -0.066871 0.480143 
0.000000 0.000000 0.000000 -0.070743 -0.011030 -0.022308 -0.096861 -0.373041 0.206758 0.016772 -0.296948 0.218352 0.086051 -0.222260 0.205528 0.146184 -0.147716 0.187567 -0.067849 -0.140862 0.262265 -0.066039 -0.222102 0.440332 -0.109930 -0.247911 0.586941 -0.077577 -0.387115 0.432258 -0.065922 -0.395621 0.568544 -0.093133 -0.296341 0.623282 0.032553 -0.360422 0.446818 0.011652 -0.259729 0.571511 -0.017378 -0.126414 0.576382 0.113740 -0.262131 0.411337 0.054926 -0.162263 0.509103 -0.015000 -0.047142 0.497898 0.129909 -0.155399 0.361528 0.118707 -0.160689 0.481269 0.049554 -0.068931 0.480042 
0.000000 0.000000 0.000000 -0.070546 -0.011218 -0.022834 -0.096273 -0.375037 0.203395 0.016901 -0.298466 0.216263 0.085882 -0.223340 0.204426 0.145749 -0.148366 0.187392 -0.068867 -0.143005 0.260849 -0.067816 -0.225469 0.438358 -0.112480 -0.252603 0.584494 -0.078483 -0.390640 0.428917 -0.067731 -0.400070 0.565216 -0.095996 -0.301372 0.620468 0.031213 -0.363794 0.444302 0.008448 -0.263398 0.568910 -0.021473 -0.130302 0.574343 0.111337 -0.264212 0.410326 0.050975 -0.165536 0.508358 -0.019485 -0.050728 0.497282 0.128286 -0.157308 0.361178 0.116266 -0.163463 0.480797 0.046608 -0.072087 0.479656 
0.000000 0.000000 0.000000 -0.070381 -0.011244 -0.023324 -0.096688 -0.376349 0.200756 0.016237 -0.299607 0.214731 0.085125 -0.224269 0.203724 0.144931 -0.149074 0.187465 -0.071011 -0.144979 0.259450 -0.071404 -0.228662 0.436391 -0.117083 -0.256901 0.582003 -0.080897 -0.393515 0.426313 -0.071353 -0.403889 0.562634 -0.100331 -0.305604 0.618253 0.029159 -0.368154 0.441906 0.004992 -0.268565 0.566896 -0.025370 -0.135595 0.572932 0.109602 -0.266033 0.409564 0.048497 -0.168063 0.507844 -0.022223 -0.053397 0.496960 0.126446 -0.159429 0.361066 0.113722 -0.166556 0.480559 0.043839 -0.075351 0.479444 
0.000000 0.000000 0.000000 -0.070248 -0.011357 -0.023666 -0.097091 -0.376460 0.200353 0.015646 -0.299541 0.214867 0.084470 -0.224099 0.204183 0.144239 -0.148815 0.188203 -0.071427 -0.144737 0.259273 -0.072165 -0.228197 0.436319 -0.118507 -0.256409 0.581726 -0.081955 -0.393497 0.425965 -0.072808 -0.403794 0.562319 -0.102227 -0.305530 0.617743 0.027857 -0.368405 0.441986 0.002889 -0.268717 0.566740 -0.027817 -0.135817 0.572577 0.108279 -0.265669 0.410141 0.046370 -0.167452 0.507668 -0.024576 -0.052977 0.496262 0.124539 -0.159125 0.361673 0.110979 -0.166222 0.481076 0.041021 -0.075084 0.479385 
0.000000 0.000000 0.000000 -0.070153 -0.011441 -0.023906 -0.097561 -0.376231 0.200556 0.015070 -0.299211 0.215367 0.083880 -0.223737 0.204822 0.143655 -0.148435 0.188949 -0.072604 -0.144160 0.259336 -0.074138 -0.227207 0.436570 -0.121083 -0.255239 0.581819 -0.083485 -0.392171 0.426317 -0.074977 -0.401804 0.562760 -0.104749 -0.303450 0.617836 0.027267 -0.367706 0.442598 0.002086 -0.267591 0.566967 -0.028766 -0.134711 0.572474 0.106376 -0.265092 0.410971 0.043960 -0.167011 0.508311 -0.026940 -0.052550 0.496479 0.123493 -0.158746 0.362366 0.109616 -0.165844 0.481732 0.039663 -0.074710 0.479644 
0.000000 0.000000 0.000000 -0.070120 -0.011405 -0.024022 -0.098003 -0.376304 0.200203 0.014630 -0.299330 0.215232 0.083482 -0.223874 0.204836 0.143307 -0.148583 0.189096 -0.073287 -0.144395 0.259086 -0.075270 -0.227611 0.436237 -0.122573 -0.255650 0.581368 -0.084062 -0.392432 0.425958 -0.075636 -0.402179 0.562399 -0.105693 -0.303893 0.617441 0.025875 -0.367366 0.442650 0.000161 -0.267024 0.566726 -0.030732 -0.134148 0.572117 0.105729 -0.265320 0.410993 0.043057 -0.166956 0.507882 -0.027779 -0.052478 0.495836 0.123139 -0.158434 0.362539 0.109257 -0.165214 0.481923 0.039268 -0.074112 0.479654 
0.000000 0.000000 0.000000 -0.070078 -0.011376 -0.024158 -0.098489 -0.376347 0.199882 0.014139 -0.299412 0.215151 0.083032 -0.223972 0.204911 0.142909 -0.148693 0.189311 -0.073431 -0.144911 0.258690 -0.075529 -0.228469 0.435679 -0.122995 -0.256675 0.580724 -0.084818 -0.392762 0.425634 -0.076556 -0.402683 0.562072 -0.106674 -0.304418 0.617117 0.024660 -0.367348 0.442634 -0.001342 -0.267082 0.566711 -0.032181 -0.134196 0.572153 0.104223 -0.264693 0.411324 0.041617 -0.166786 0.508718 -0.029136 -0.052267 0.496568 0.122133 -0.158225 0.362700 0.107833 -0.164786 0.482047 0.037882 -0.073658 0.479710 
0.000000 0.000000 0.000000 -0.070072 -0.011281 -0.024218 -0.099058 -0.376368 0.199562 0.013643 -0.299569 0.214965 0.082629 -0.224199 0.204826 0.142601 -0.148977 0.189319 -0.073658 -0.144434 0.258808 -0.075901 -0.227752 0.435908 -0.123542 -0.255883 0.580910 -0.085745 -0.392571 0.425350 -0.077699 -0.402363 0.561811 -0.107720 -0.304060 0.616841 0.024358 -0.366270 0.442804 -0.001400 -0.265617 0.566618 -0.032171 -0.132713 0.572013 0.104342 -0.265327 0.411104 0.041542 -0.166583 0.507524 -0.029097 -0.051996 0.495366 0.121652 -0.157764 0.362727 0.107233 -0.163812 0.482087 0.037389 -0.072602 0.479657 
0.000000 0.000000 0.000000 -0.070027 -0.011328 -0.024326 -0.098736 -0.376982 0.198559 0.013835 -0.300054 0.214274 0.082720 -0.224559 0.204394 0.142600 -0.149213 0.189134 -0.073993 -0.145391 0.258265 -0.076475 -0.229280 0.435091 -0.124291 -0.257788 0.579963 -0.085850 -0.394280 0.424291 -0.078063 -0.404734 0.560718 -0.108366 -0.306612 0.615917 0.024344 -0.367855 0.441798 -0.001963 -0.266821 0.565187 -0.032947 -0.133980 0.570896 0.104324 -0.266297 0.410561 0.041531 -0.168352 0.507796 -0.029268 -0.053842 0.495836 0.121268 -0.158378 0.362476 0.106584 -0.164686 0.481790 0.036620 -0.073566 0.479476 
0.000000 0.000000 0.000000 -0.069942 -0.011485 -0.024498 -0.097713 -0.378140 0.196857 0.014547 -0.300866 0.213086 0.083174 -0.225081 0.203634 0.142805 -0.149456 0.188787 -0.074193 -0.146851 0.257467 -0.076853 -0.231555 0.433902 -0.124900 -0.260912 0.578528 -0.085091 -0.396454 0.422523 -0.077462 -0.407522 0.558910 -0.108347 -0.309728 0.614366 0.024347 -0.368999 0.440542 -0.002564 -0.269477 0.565023 -0.034039 -0.136769 0.571125 0.104203 -0.267616 0.409698 0.040769 -0.170527 0.507374 -0.030454 -0.056249 0.495712 0.121216 -0.159628 0.362041 0.106356 -0.166630 0.481294 0.036094 -0.075733 0.479245 
0.000000 0.000000 0.000000 -0.069867 -0.011635 -0.024638 -0.096888 -0.378913 0.195776 0.015113 -0.301341 0.212373 0.083527 -0.225327 0.203217 0.142953 -0.149487 0.188651 -0.074298 -0.147465 0.257101 -0.077071 -0.232458 0.433395 -0.125196 -0.262284 0.577898 -0.084659 -0.397466 0.421444 -0.077268 -0.408678 0.557832 -0.108512 -0.311095 0.613461 0.024572 -0.369853 0.439730 -0.003005 -0.270105 0.563886 -0.034853 -0.137496 0.570189 0.104744 -0.268191 0.409193 0.040729 -0.171000 0.506388 -0.030855 -0.056940 0.494812 0.120584 -0.159652 0.361806 0.105187 -0.166649 0.480992 0.034663 -0.075956 0.478936 
0.000000 0.000000 0.000000 -0.069770 -0.011867 -0.024803 -0.095638 -0.379851 0.194569 0.015998 -0.301846 0.211590 0.084103 -0.225516 0.202769 0.143231 -0.149384 0.188522 -0.074131 -0.148833 0.256386 -0.076860 -0.234537 0.432337 -0.125075 -0.265042 0.576668 -0.083978 -0.399120 0.420207 -0.076931 -0.410765 0.556577 -0.108714 -0.313458 0.612383 0.024885 -0.371130 0.438735 -0.003436 -0.272062 0.563266 -0.035752 -0.139579 0.569845 0.105621 -0.269121 0.408559 0.041118 -0.172113 0.505613 -0.030829 -0.058262 0.494231 0.120542 -0.160603 0.361570 0.104924 -0.168326 0.480682 0.034082 -0.077878 0.478760 
0.000000 0.000000 0.000000 -0.069661 -0.012116 -0.024989 -0.093847 -0.381458 0.192283 0.017323 -0.302929 0.209931 0.085016 -0.226173 0.201653 0.143744 -0.149634 0.187932 -0.073706 -0.150399 0.255560 -0.076237 -0.236927 0.431109 -0.124408 -0.268472 0.575232 -0.082377 -0.401040 0.417904 -0.075445 -0.412874 0.554264 -0.107909 -0.315981 0.610397 0.025055 -0.372349 0.437077 -0.004643 -0.273878 0.561761 -0.037803 -0.141625 0.568751 0.105515 -0.270317 0.407432 0.040141 -0.174540 0.505125 -0.032446 -0.061061 0.494096 0.120465 -0.161057 0.360888 0.104442 -0.168920 0.479937 0.033018 -0.078926 0.478263 
0.000000 0.000000 0.000000 -0.069165 -0.012944 -0.025934 -0.091027 -0.383661 0.189231 0.018820 -0.303708 0.208674 0.085551 -0.225992 0.201631 0.143390 -0.148589 0.189029 -0.071879 -0.151579 0.254457 -0.073577 -0.238328 0.429907 -0.121505 -0.270618 0.573945 -0.079521 -0.403822 0.414799 -0.072566 -0.416007 0.551127 -0.105361 -0.319526 0.607776 0.028288 -0.373998 0.435487 -0.000827 -0.277149 0.561570 -0.034516 -0.145070 0.569288 0.107117 -0.271536 0.406995 0.041607 -0.176441 0.505260 -0.031444 -0.063208 0.494773 0.121507 -0.161985 0.362026 0.106445 -0.171205 0.481103 0.034653 -0.081497 0.479890 
0.000000 0.000000 0.000000 -0.069169 -0.013071 -0.025859 -0.089813 -0.384206 0.188704 0.019863 -0.304015 0.208129 0.086392 -0.226122 0.201125 0.144022 -0.148555 0.188574 -0.070770 -0.151844 0.254473 -0.071772 -0.238679 0.429886 -0.119375 -0.271116 0.573999 -0.077846 -0.404775 0.414212 -0.070613 -0.417206 0.550503 -0.103631 -0.320911 0.607337 0.030000 -0.375959 0.434394 0.000544 -0.278631 0.560029 -0.033478 -0.146656 0.568065 0.109052 -0.272133 0.406267 0.043343 -0.176796 0.504164 -0.030037 -0.063755 0.493909 0.122382 -0.162849 0.361529 0.107486 -0.172688 0.480578 0.035496 -0.083135 0.479684 
0.000000 0.000000 0.000000 -0.069638 -0.012496 -0.024867 -0.090555 -0.383110 0.190570 0.020088 -0.303864 0.208327 0.087199 -0.226576 0.200265 0.145331 -0.149542 0.186781 -0.071792 -0.152096 0.255050 -0.073139 -0.239448 0.430204 -0.120847 -0.271926 0.574274 -0.078974 -0.404479 0.416024 -0.071975 -0.417395 0.552282 -0.105119 -0.321095 0.609035 0.029813 -0.376301 0.434453 -0.000176 -0.278805 0.559832 -0.034397 -0.146881 0.567844 0.108562 -0.271816 0.405717 0.042576 -0.177034 0.503968 -0.030941 -0.064088 0.493655 0.122571 -0.162910 0.359667 0.106905 -0.172113 0.478668 0.034758 -0.082687 0.477678 
0.000000 0.000000 0.000000 -0.069658 -0.012495 -0.024810 -0.090468 -0.383025 0.190781 0.020200 -0.303789 0.208426 0.087316 -0.226513 0.200284 0.145449 -0.149493 0.186728 -0.071841 -0.152413 0.254948 -0.073208 -0.239964 0.430002 -0.120757 -0.272356 0.574144 -0.078300 -0.404726 0.416173 -0.070945 -0.417840 0.552393 -0.104028 -0.321541 0.609183 0.030647 -0.376564 0.434411 0.000990 -0.279444 0.560160 -0.033303 -0.147539 0.568168 0.109499 -0.271840 0.405631 0.043698 -0.176930 0.503881 -0.029919 -0.064036 0.493700 0.122970 -0.163178 0.359626 0.107497 -0.172597 0.478635 0.035315 -0.083199 0.477717 
0.000000 0.000000 0.000000 -0.069765 -0.012272 -0.024620 -0.091371 -0.382474 0.191455 0.019626 -0.303618 0.208729 0.087000 -0.226595 0.200330 0.145377 -0.149801 0.186538 -0.071869 -0.151224 0.255619 -0.073186 -0.238171 0.430975 -0.120527 -0.270006 0.575308 -0.078608 -0.403951 0.416835 -0.070894 -0.416931 0.553048 -0.103430 -0.320442 0.609833 0.030060 -0.375421 0.435026 0.000808 -0.277858 0.560526 -0.033135 -0.145860 0.568500 0.109248 -0.271902 0.405673 0.044061 -0.176777 0.504124 -0.029083 -0.063564 0.494072 0.123257 -0.162680 0.359544 0.108031 -0.171545 0.478628 0.036066 -0.081971 0.477755 
0.000000 0.000000 0.000000 -0.069854 -0.012025 -0.024490 -0.093008 -0.381288 0.193027 0.018394 -0.302910 0.209867 0.086134 -0.226250 0.201092 0.144869 -0.149796 0.186937 -0.071876 -0.150232 0.256118 -0.073141 -0.236713 0.431704 -0.120448 -0.267916 0.576187 -0.079650 -0.401641 0.418477 -0.071576 -0.413943 0.554732 -0.103616 -0.317122 0.611233 0.029572 -0.374509 0.436192 0.001286 -0.276298 0.561408 -0.032001 -0.144115 0.569087 0.108781 -0.270782 0.406561 0.044263 -0.174776 0.504597 -0.028355 -0.061261 0.494156 0.123445 -0.162106 0.360072 0.108699 -0.170579 0.479244 0.037169 -0.080659 0.478249 
0.000000 0.000000 0.000000 -0.069872 -0.011899 -0.024499 -0.093853 -0.380935 0.193315 0.017708 -0.302776 0.210120 0.085610 -0.226265 0.201299 0.144508 -0.149945 0.187097 -0.072009 -0.149960 0.256180 -0.073347 -0.236350 0.431811 -0.120692 -0.267310 0.576334 -0.080341 -0.401233 0.418760 -0.072176 -0.413501 0.555013 -0.103951 -0.316526 0.611398 0.029463 -0.374539 0.436364 0.001810 -0.276366 0.561751 -0.031151 -0.144091 0.569243 0.107792 -0.270795 0.406820 0.043390 -0.174872 0.505013 -0.029007 -0.061230 0.494420 0.123401 -0.162560 0.360249 0.108873 -0.171243 0.479433 0.037551 -0.081160 0.478360 
0.000000 0.000000 0.000000 -0.069901 -0.011719 -0.024502 -0.094744 -0.380820 0.193106 0.017002 -0.302935 0.209949 0.085084 -0.226580 0.201168 0.144162 -0.150392 0.187005 -0.072442 -0.149813 0.256158 -0.074031 -0.236224 0.431777 -0.121551 -0.267108 0.576258 -0.081059 -0.400908 0.418560 -0.072788 -0.413049 0.554818 -0.104305 -0.316023 0.611262 0.029082 -0.374977 0.436087 0.001708 -0.275772 0.560721 -0.030904 -0.143411 0.568219 0.107003 -0.271295 0.406676 0.042926 -0.175466 0.505174 -0.029159 -0.061613 0.494718 0.123341 -0.162628 0.360219 0.109009 -0.171051 0.479445 0.037873 -0.080819 0.478411 
0.000000 0.000000 0.000000 -0.069883 -0.011628 -0.024598 -0.095521 -0.380683 0.192993 0.016306 -0.302947 0.209987 0.084501 -0.226683 0.201297 0.143700 -0.150574 0.187213 -0.073067 -0.149740 0.256046 -0.075059 -0.236162 0.431655 -0.122731 -0.267028 0.576090 -0.082233 -0.400889 0.418460 -0.074202 -0.413100 0.554726 -0.105595 -0.316035 0.611171 0.027879 -0.375231 0.436075 0.000312 -0.275689 0.560396 -0.032140 -0.143285 0.567836 0.105837 -0.271052 0.406942 0.041637 -0.174959 0.505101 -0.030290 -0.061013 0.494577 0.122351 -0.162690 0.360371 0.107656 -0.171030 0.479559 0.036626 -0.080715 0.478464 
0.000000 0.000000 0.000000 -0.069823 -0.011633 -0.024764 -0.095610 -0.381144 0.192037 0.016120 -0.303353 0.209415 0.084273 -0.227018 0.201016 0.143440 -0.150834 0.187204 -0.073263 -0.150863 0.255325 -0.075415 -0.237983 0.430587 -0.123342 -0.269294 0.574841 -0.082774 -0.402189 0.417454 -0.075017 -0.414908 0.553689 -0.106656 -0.317988 0.610245 0.027201 -0.376654 0.435199 -0.000778 -0.276960 0.559308 -0.033228 -0.144564 0.566893 0.105915 -0.271761 0.406547 0.041708 -0.175775 0.504807 -0.030293 -0.061872 0.494311 0.121923 -0.163660 0.360290 0.107114 -0.172488 0.479429 0.036046 -0.082203 0.478335 
0.000000 0.000000 0.000000 -0.069761 -0.011730 -0.024894 -0.094437 -0.382618 0.189673 0.017004 -0.304541 0.207612 0.084896 -0.227919 0.199729 0.143807 -0.151447 0.186425 -0.073431 -0.152434 0.254454 -0.075728 -0.240477 0.429251 -0.123843 -0.272903 0.573197 -0.082376 -0.404772 0.415025 -0.075087 -0.418162 0.551223 -0.107496 -0.321763 0.608232 0.027444 -0.378321 0.433271 -0.001232 -0.279806 0.558160 -0.034208 -0.147578 0.566377 0.106109 -0.273833 0.405048 0.041147 -0.178846 0.503781 -0.031394 -0.065238 0.493824 0.121641 -0.165056 0.359369 0.106385 -0.174423 0.478410 0.034960 -0.084417 0.477684 
0.000000 0.000000 0.000000 -0.069512 -0.012006 -0.025452 -0.093086 -0.384730 0.186032 0.017699 -0.306046 0.205329 0.085118 -0.228906 0.198503 0.143593 -0.151935 0.186193 -0.074032 -0.155384 0.252520 -0.076861 -0.245101 0.426457 -0.125786 -0.279352 0.569705 -0.082309 -0.409012 0.411231 -0.075796 -0.423687 0.547335 -0.109590 -0.328025 0.604780 0.027047 -0.382002 0.430313 -0.003199 -0.284590 0.555695 -0.037078 -0.152650 0.564826 0.105367 -0.276745 0.403479 0.038929 -0.182829 0.502254 -0.034302 -0.069630 0.492702 0.119896 -0.167172 0.358798 0.103586 -0.177659 0.477606 0.031572 -0.088122 0.477091 
0.000000 0.000000 0.000000 -0.068959 -0.012787 -0.026553 -0.090000 -0.387776 0.181163 0.019322 -0.307656 0.202760 0.085680 -0.229474 0.197603 0.143177 -0.151541 0.186834 -0.075991 -0.158889 0.249945 -0.080391 -0.250310 0.422960 -0.131019 -0.287049 0.564994 -0.082275 -0.414648 0.406193 -0.077606 -0.430888 0.542195 -0.113996 -0.336338 0.599894 0.025744 -0.385540 0.427187 -0.008083 -0.290507 0.553477 -0.044134 -0.159207 0.563467 0.103265 -0.278880 0.402452 0.033820 -0.186963 0.501039 -0.040980 -0.074796 0.491469 0.117329 -0.169235 0.358895 0.099537 -0.181413 0.477328 0.026248 -0.092918 0.476604 
0.000000 0.000000 0.000000 -0.068117 -0.013891 -0.028126 -0.085306 -0.391977 0.174263 0.021812 -0.309852 0.199132 0.086566 -0.230219 0.196346 0.142583 -0.150948 0.187766 -0.077710 -0.164209 0.246025 -0.083713 -0.258267 0.417572 -0.136508 -0.298686 0.557807 -0.082127 -0.422094 0.398991 -0.080205 -0.440297 0.534811 -0.120442 -0.347296 0.592473 0.024957 -0.390276 0.422731 -0.013726 -0.298301 0.549888 -0.053026 -0.168020 0.560924 0.099607 -0.281978 0.400955 0.025992 -0.193737 0.499875 -0.050969 -0.083065 0.490037 0.113306 -0.171523 0.358955 0.093153 -0.185686 0.476788 0.017928 -0.098836 0.475596 
0.000000 0.000000 0.000000 -0.067077 -0.015065 -0.029959 -0.080561 -0.395962 0.167374 0.024019 -0.311768 0.195861 0.086989 -0.230669 0.195630 0.141375 -0.150055 0.189387 -0.081085 -0.169465 0.241722 -0.089850 -0.266078 0.411722 -0.145477 -0.309854 0.549839 -0.082408 -0.429485 0.391635 -0.083524 -0.449745 0.527172 -0.127997 -0.358528 0.584572 0.023719 -0.395037 0.418438 -0.020329 -0.305571 0.545639 -0.063094 -0.176453 0.557430 0.096687 -0.283785 0.400076 0.019465 -0.198242 0.498615 -0.059491 -0.089042 0.488156 0.107885 -0.172948 0.359507 0.084833 -0.188705 0.476603 0.007585 -0.103669 0.474435 
0.000000 0.000000 0.000000 -0.065127 -0.016774 -0.033182 -0.074021 -0.401542 0.156766 0.026206 -0.314386 0.191342 0.086263 -0.231202 0.195322 0.138031 -0.148682 0.192905 -0.083168 -0.175684 0.235646 -0.094457 -0.275120 0.403861 -0.153137 -0.323008 0.539324 -0.082116 -0.438438 0.380357 -0.087009 -0.460736 0.515490 -0.135842 -0.371729 0.572815 0.021391 -0.400599 0.412744 -0.028874 -0.314307 0.539833 -0.075506 -0.186587 0.552182 0.091458 -0.287937 0.398959 0.008551 -0.205668 0.495648 -0.073013 -0.098507 0.484158 0.100367 -0.175647 0.361548 0.074442 -0.194208 0.477628 -0.004915 -0.111181 0.474153 
0.000000 0.000000 0.000000 -0.063944 -0.017571 -0.035020 -0.069374 -0.405440 0.148648 0.028149 -0.316814 0.187013 0.086343 -0.232490 0.193751 0.136420 -0.148898 0.193882 -0.085829 -0.181723 0.230351 -0.099523 -0.284438 0.396403 -0.160681 -0.336223 0.529312 -0.082710 -0.446389 0.371281 -0.090770 -0.471137 0.505835 -0.143346 -0.384321 0.563209 0.019625 -0.408945 0.405905 -0.036602 -0.325321 0.532278 -0.086618 -0.198999 0.545721 0.086457 -0.292619 0.396478 -0.001467 -0.213809 0.491606 -0.085196 -0.108393 0.479578 0.094542 -0.179711 0.360864 0.065717 -0.200920 0.475801 -0.015504 -0.119755 0.471497 
0.000000 0.000000 0.000000 -0.062579 -0.018323 -0.037041 -0.064318 -0.409453 0.139650 0.030155 -0.319435 0.182180 0.086263 -0.234003 0.191957 0.134453 -0.149359 0.194898 -0.087955 -0.187729 0.224691 -0.103834 -0.293732 0.388467 -0.167275 -0.349499 0.518666 -0.082995 -0.455229 0.360955 -0.094284 -0.482895 0.494706 -0.150562 -0.398408 0.552045 0.016809 -0.414630 0.399514 -0.044748 -0.335415 0.526244 -0.097952 -0.210479 0.540371 0.082290 -0.298151 0.393410 -0.009874 -0.223365 0.487769 -0.095565 -0.119600 0.475208 0.088387 -0.183652 0.360090 0.056679 -0.207257 0.473794 -0.026214 -0.127861 0.468483 
0.000000 0.000000 0.000000 -0.060264 -0.019257 -0.040265 -0.058780 -0.414015 0.128168 0.031009 -0.322336 0.176849 0.084120 -0.235602 0.190950 0.129660 -0.149729 0.197840 -0.090808 -0.193606 0.217642 -0.109921 -0.302703 0.379023 -0.176323 -0.362401 0.505962 -0.083633 -0.463235 0.348122 -0.098653 -0.492982 0.481056 -0.158620 -0.410872 0.538109 0.013276 -0.420931 0.392346 -0.053738 -0.344689 0.518127 -0.110097 -0.221213 0.532847 0.076859 -0.303366 0.391122 -0.019676 -0.230882 0.482871 -0.107074 -0.128671 0.469359 0.080066 -0.188210 0.361076 0.045929 -0.214697 0.473434 -0.038407 -0.136931 0.466880 
0.000000 0.000000 0.000000 -0.058693 -0.019376 -0.042469 -0.056158 -0.417284 0.118368 0.030645 -0.325225 0.171542 0.081929 -0.237990 0.188930 0.125881 -0.151589 0.198861 -0.094141 -0.198457 0.211539 -0.116322 -0.310515 0.370480 -0.185432 -0.373512 0.494343 -0.086167 -0.470670 0.336702 -0.104305 -0.502935 0.468656 -0.167148 -0.422720 0.525307 0.007709 -0.429239 0.383979 -0.064654 -0.357033 0.509176 -0.123487 -0.234785 0.524459 0.069627 -0.310580 0.387155 -0.031125 -0.241597 0.477050 -0.119691 -0.140525 0.462614 0.071689 -0.193933 0.359661 0.034388 -0.223079 0.470343 -0.051005 -0.146609 0.462358 
0.000000 0.000000 0.000000 -0.057439 -0.019113 -0.044264 -0.055395 -0.419777 0.109584 0.029233 -0.327949 0.166529 0.079290 -0.240607 0.186728 0.122211 -0.154029 0.199275 -0.097940 -0.203471 0.205172 -0.123283 -0.318830 0.361252 -0.194989 -0.384945 0.481974 -0.091123 -0.477672 0.325898 -0.112716 -0.512661 0.456633 -0.177963 -0.434192 0.513012 0.001854 -0.435359 0.376739 -0.074313 -0.365883 0.501223 -0.134705 -0.244464 0.517019 0.062167 -0.316516 0.383346 -0.041456 -0.250230 0.471998 -0.130540 -0.149698 0.456988 0.064088 -0.200111 0.357656 0.024080 -0.231831 0.466672 -0.061774 -0.155977 0.457820 
0.000000 0.000000 0.000000 -0.055574 -0.018976 -0.046641 -0.053598 -0.422507 0.099527 0.027719 -0.330736 0.161192 0.075852 -0.243173 0.184823 0.117136 -0.156316 0.200538 -0.102896 -0.208860 0.197390 -0.132508 -0.327677 0.350089 -0.207422 -0.397331 0.466806 -0.096415 -0.484877 0.313295 -0.122292 -0.522572 0.442490 -0.190850 -0.446069 0.497630 -0.004921 -0.443496 0.367818 -0.086757 -0.375868 0.489694 -0.149361 -0.255561 0.505384 0.051904 -0.322686 0.379291 -0.055993 -0.259184 0.464827 -0.145724 -0.159502 0.448095 0.053561 -0.205157 0.355971 0.009802 -0.238774 0.462958 -0.076657 -0.163873 0.452109 
0.000000 0.000000 0.000000 -0.053876 -0.018767 -0.048673 -0.053384 -0.424213 0.092107 0.025145 -0.332667 0.157600 0.071777 -0.245067 0.183947 0.111825 -0.158118 0.202151 -0.107290 -0.212599 0.190957 -0.140713 -0.333885 0.340902 -0.218585 -0.405863 0.454226 -0.102106 -0.490554 0.303401 -0.131552 -0.530648 0.431101 -0.202648 -0.455568 0.484967 -0.013999 -0.448262 0.361512 -0.100693 -0.382803 0.481193 -0.164790 -0.263190 0.496148 0.042709 -0.327860 0.376337 -0.068664 -0.265716 0.458344 -0.158595 -0.166517 0.439907 0.043520 -0.209843 0.354614 -0.003496 -0.245446 0.459558 -0.090125 -0.171052 0.446752 
0.000000 0.000000 0.000000 -0.052473 -0.018104 -0.050425 -0.055125 -0.425638 0.084167 0.021391 -0.334982 0.153188 0.067113 -0.247725 0.182138 0.106480 -0.161005 0.202757 -0.112916 -0.215566 0.184525 -0.150738 -0.339124 0.331542 -0.231597 -0.413108 0.441429 -0.110047 -0.495148 0.292906 -0.143241 -0.537159 0.419062 -0.216117 -0.463078 0.471923 -0.024468 -0.452797 0.354412 -0.114864 -0.389666 0.472597 -0.179602 -0.270380 0.487399 0.032113 -0.333069 0.372415 -0.081644 -0.272564 0.452349 -0.171186 -0.173218 0.432839 0.033411 -0.215078 0.352167 -0.016885 -0.252298 0.455008 -0.103278 -0.177891 0.440763 
0.000000 0.000000 0.000000 -0.051912 -0.017164 -0.051326 -0.058087 -0.426496 0.077574 0.017956 -0.337155 0.148799 0.063698 -0.250519 0.179525 0.103190 -0.164274 0.201834 -0.118358 -0.218876 0.178333 -0.159935 -0.345094 0.322040 -0.243487 -0.420963 0.428575 -0.118254 -0.500277 0.283381 -0.154618 -0.544868 0.407765 -0.229246 -0.471797 0.459577 -0.032669 -0.459334 0.346242 -0.126811 -0.397522 0.462178 -0.192305 -0.278636 0.476867 0.022271 -0.337897 0.367574 -0.094051 -0.278804 0.444825 -0.183259 -0.179420 0.424018 0.024762 -0.219931 0.347908 -0.029222 -0.258241 0.448454 -0.115431 -0.183935 0.432647 
0.000000 0.000000 0.000000 -0.050487 -0.016443 -0.052958 -0.060022 -0.427540 0.069978 0.014016 -0.339208 0.144494 0.058872 -0.253011 0.177667 0.097709 -0.167089 0.202251 -0.123717 -0.221436 0.171678 -0.169540 -0.349707 0.312241 -0.255961 -0.427078 0.415352 -0.126038 -0.504012 0.272990 -0.165936 -0.550230 0.395685 -0.242149 -0.477925 0.446250 -0.041879 -0.464392 0.338605 -0.139389 -0.403820 0.452393 -0.205340 -0.285141 0.466715 0.012226 -0.343594 0.362958 -0.106489 -0.285612 0.437360 -0.195142 -0.185985 0.415381 0.015149 -0.224748 0.345239 -0.041678 -0.264436 0.443660 -0.127422 -0.189923 0.426368 
0.000000 0.000000 0.000000 -0.049421 -0.015334 -0.054279 -0.062701 -0.428518 0.061083 0.010027 -0.341766 0.138683 0.054432 -0.256318 0.174311 0.092997 -0.170973 0.201224 -0.128310 -0.224236 0.164771 -0.177673 -0.354952 0.301839 -0.266331 -0.434008 0.401722 -0.133865 -0.508611 0.260935 -0.176876 -0.557017 0.381720 -0.254085 -0.485417 0.431774 -0.051233 -0.469686 0.329360 -0.151256 -0.410490 0.441681 -0.217083 -0.291792 0.456403 0.003321 -0.349725 0.357004 -0.116835 -0.292608 0.429743 -0.204671 -0.192328 0.407457 0.007629 -0.230061 0.341962 -0.051131 -0.270732 0.438835 -0.136251 -0.195672 0.420842 
0.000000 0.000000 0.000000 -0.048456 -0.014269 -0.055428 -0.064900 -0.429313 0.052615 0.006612 -0.344100 0.133000 0.050572 -0.259397 0.170886 0.088853 -0.174631 0.199951 -0.132173 -0.226901 0.158173 -0.184558 -0.359952 0.291831 -0.275310 -0.440497 0.388595 -0.140453 -0.512809 0.249441 -0.186115 -0.563271 0.368397 -0.264327 -0.492396 0.417923 -0.058319 -0.475983 0.319723 -0.160476 -0.418005 0.430750 -0.226231 -0.299363 0.446232 -0.004085 -0.354539 0.351646 -0.125061 -0.298489 0.423855 -0.212195 -0.197620 0.401471 0.000526 -0.235970 0.337872 -0.060271 -0.278191 0.432805 -0.144817 -0.202580 0.414415 
0.000000 0.000000 0.000000 -0.046957 -0.013488 -0.056894 -0.065816 -0.430081 0.044594 0.003454 -0.346007 0.128081 0.046307 -0.261839 0.168352 0.083716 -0.177482 0.199657 -0.137026 -0.229758 0.150376 -0.193384 -0.365086 0.280073 -0.286835 -0.447089 0.372967 -0.146721 -0.516705 0.237909 -0.195618 -0.569058 0.354744 -0.275472 -0.499070 0.402892 -0.066710 -0.481130 0.310546 -0.172350 -0.424007 0.418721 -0.238620 -0.305601 0.433804 -0.013570 -0.360591 0.345485 -0.137035 -0.304881 0.413629 -0.223517 -0.203700 0.390151 -0.008994 -0.241063 0.333628 -0.072809 -0.284827 0.425844 -0.156812 -0.208975 0.406019 
0.000000 0.000000 0.000000 -0.045611 -0.012532 -0.058193 -0.067263 -0.430640 0.036264 0.000093 -0.347977 0.122676 0.042062 -0.264507 0.165266 0.078800 -0.180702 0.198767 -0.140858 -0.231888 0.143443 -0.200458 -0.369147 0.269614 -0.296256 -0.452382 0.358952 -0.152862 -0.519926 0.226319 -0.204596 -0.573888 0.341183 -0.285700 -0.504599 0.388241 -0.074042 -0.485190 0.301984 -0.181787 -0.429398 0.408768 -0.248084 -0.311001 0.423805 -0.021715 -0.366125 0.339393 -0.146792 -0.310934 0.404970 -0.232489 -0.209277 0.380682 -0.017473 -0.245818 0.329449 -0.083740 -0.290638 0.419399 -0.166985 -0.214276 0.398370 
0.000000 0.000000 0.000000 -0.044582 -0.011203 -0.059252 -0.070230 -0.430843 0.027057 -0.004060 -0.350164 0.116216 0.037551 -0.267730 0.161111 0.074105 -0.184764 0.196830 -0.144831 -0.233655 0.136481 -0.207560 -0.372851 0.258958 -0.305547 -0.457117 0.344892 -0.159058 -0.522467 0.214500 -0.212742 -0.577842 0.327786 -0.294395 -0.508961 0.374490 -0.082168 -0.490177 0.291630 -0.191653 -0.435515 0.397221 -0.257536 -0.316967 0.412873 -0.030137 -0.371763 0.332311 -0.156166 -0.316857 0.396285 -0.240796 -0.214322 0.371949 -0.025208 -0.251925 0.324159 -0.093566 -0.298154 0.411802 -0.175906 -0.220922 0.390387 
0.000000 0.000000 0.000000 -0.043475 -0.009948 -0.060290 -0.074546 -0.430531 0.019399 -0.009481 -0.351739 0.111026 0.031940 -0.270338 0.157935 0.068494 -0.188227 0.195577 -0.149060 -0.234011 0.130744 -0.215128 -0.374216 0.250280 -0.315470 -0.458856 0.333071 -0.168052 -0.524496 0.203376 -0.224564 -0.581286 0.314566 -0.306576 -0.512364 0.360578 -0.091908 -0.494190 0.282455 -0.203150 -0.440017 0.386452 -0.268375 -0.321146 0.402409 -0.039525 -0.376879 0.326029 -0.166490 -0.321661 0.387848 -0.249833 -0.218136 0.363262 -0.033965 -0.256578 0.319740 -0.104490 -0.303626 0.405204 -0.185817 -0.225511 0.383135 
0.000000 0.000000 0.000000 -0.042991 -0.008451 -0.060863 -0.081443 -0.429528 0.012759 -0.016122 -0.353011 0.106115 0.026068 -0.272910 0.154553 0.063500 -0.191898 0.193685 -0.155837 -0.234796 0.123202 -0.226450 -0.376428 0.238377 -0.329821 -0.461100 0.317320 -0.180404 -0.525743 0.192674 -0.240214 -0.583893 0.301410 -0.322856 -0.514773 0.345972 -0.105201 -0.497235 0.272665 -0.219131 -0.442672 0.373498 -0.283657 -0.323375 0.389119 -0.052550 -0.379952 0.319098 -0.180851 -0.324152 0.377544 -0.262553 -0.219593 0.351849 -0.044376 -0.259873 0.313387 -0.118629 -0.306661 0.395780 -0.198615 -0.227573 0.372319 
0.000000 0.000000 0.000000 -0.041700 -0.006863 -0.061951 -0.087745 -0.428457 0.003958 -0.023511 -0.354380 0.099997 0.018680 -0.275674 0.150669 0.056341 -0.195841 0.191946 -0.162288 -0.234432 0.115580 -0.237744 -0.376829 0.226667 -0.344097 -0.461251 0.301827 -0.192429 -0.526029 0.179858 -0.255697 -0.584999 0.286168 -0.338429 -0.515448 0.329885 -0.118720 -0.499846 0.262013 -0.234364 -0.445572 0.361035 -0.297567 -0.325604 0.376928 -0.065740 -0.384463 0.311143 -0.194787 -0.328133 0.367397 -0.274340 -0.221995 0.341432 -0.055553 -0.264149 0.307703 -0.132573 -0.311168 0.387381 -0.210805 -0.230549 0.363225 
0.000000 0.000000 0.000000 -0.040463 -0.004954 -0.062945 -0.095841 -0.426698 -0.005756 -0.032333 -0.355594 0.092976 0.010217 -0.278630 0.145970 0.048463 -0.200284 0.189496 -0.169010 -0.233493 0.107618 -0.249447 -0.376498 0.214346 -0.358881 -0.460218 0.285772 -0.205985 -0.525610 0.166015 -0.272553 -0.585389 0.269829 -0.354975 -0.515131 0.312997 -0.133196 -0.502711 0.250004 -0.249737 -0.446493 0.346866 -0.310914 -0.325586 0.363543 -0.079015 -0.388881 0.302801 -0.207985 -0.330177 0.356758 -0.284881 -0.222049 0.331005 -0.067203 -0.268358 0.301627 -0.146819 -0.315215 0.378810 -0.222903 -0.232634 0.354422 
0.000000 0.000000 0.000000 -0.040251 -0.002849 -0.063211 -0.104337 -0.424477 -0.014958 -0.039892 -0.356703 0.085494 0.003934 -0.281711 0.140248 0.043532 -0.205059 0.185545 -0.175876 -0.233243 0.099181 -0.260740 -0.377408 0.200795 -0.372875 -0.460687 0.268451 -0.219851 -0.525816 0.151796 -0.289665 -0.587063 0.252578 -0.371897 -0.516320 0.295314 -0.146478 -0.506336 0.236238 -0.264546 -0.449205 0.330687 -0.324164 -0.327639 0.348206 -0.091945 -0.393095 0.292283 -0.221396 -0.333377 0.343924 -0.295922 -0.223531 0.318473 -0.075744 -0.272350 0.294317 -0.157844 -0.318668 0.369187 -0.232106 -0.234497 0.344621 
0.000000 0.000000 0.000000 -0.039181 -0.000885 -0.063937 -0.109858 -0.422533 -0.026212 -0.046249 -0.357908 0.076814 -0.002359 -0.284768 0.133969 0.037490 -0.209699 0.181636 -0.180125 -0.233029 0.091274 -0.268318 -0.378289 0.188396 -0.382560 -0.461532 0.252476 -0.228967 -0.525841 0.136762 -0.300953 -0.588278 0.235259 -0.382972 -0.517417 0.278212 -0.157065 -0.508932 0.223054 -0.275741 -0.452153 0.316951 -0.334006 -0.330168 0.336040 -0.101895 -0.397996 0.282246 -0.231221 -0.337107 0.332823 -0.303839 -0.225737 0.308504 -0.084850 -0.277925 0.286348 -0.169059 -0.324886 0.358423 -0.241629 -0.239079 0.334469 