97
0.000000 0.000000 0.000000 -0.061437 0.018632 -0.038758 -0.124810 -0.389541 -0.154823 -0.022862 -0.362274 -0.066124 0.046893 -0.311201 -0.001225 0.100172 -0.256512 0.050379 -0.206435 -0.195756 0.136912 -0.297164 -0.329906 0.246836 -0.323244 -0.451777 0.339324 -0.226310 -0.485846 0.023624 -0.287653 -0.544050 0.131473 -0.329393 -0.559491 0.239234 -0.133339 -0.480163 0.108150 -0.208479 -0.560345 0.226680 -0.277521 -0.539284 0.342563 -0.065365 -0.406535 0.150508 -0.145862 -0.474896 0.259310 -0.219434 -0.456853 0.371246 -0.003964 -0.334740 0.167094 -0.075643 -0.388585 0.247431 -0.165917 -0.360108 0.312568 
0.000000 0.000000 0.000000 -0.062726 0.019626 -0.036113 -0.137325 -0.387391 -0.149532 -0.031297 -0.361806 -0.065223 0.041934 -0.311892 -0.003321 0.098198 -0.258094 0.045999 -0.204619 -0.193690 0.143355 -0.293407 -0.327169 0.255654 -0.320252 -0.447887 0.349427 -0.234421 -0.482569 0.031944 -0.293103 -0.540092 0.141624 -0.331852 -0.555258 0.250535 -0.138265 -0.478006 0.112344 -0.211018 -0.557038 0.233114 -0.275659 -0.535554 0.351433 -0.066823 -0.405446 0.152028 -0.144808 -0.472529 0.263424 -0.215006 -0.454559 0.377517 -0.003458 -0.334669 0.165951 -0.073430 -0.387377 0.248516 -0.161275 -0.359734 0.317235 
0.000000 0.000000 0.000000 -0.063972 0.020525 -0.033320 -0.149747 -0.385487 -0.142359 -0.039680 -0.361390 -0.062929 0.036996 -0.312502 -0.004475 0.096221 -0.259491 0.042158 -0.202304 -0.191244 0.150703 -0.288864 -0.323754 0.265853 -0.316399 -0.442900 0.361419 -0.242913 -0.478550 0.042247 -0.299220 -0.534795 0.153818 -0.334370 -0.549223 0.264043 -0.143749 -0.475795 0.117503 -0.214530 -0.553606 0.240222 -0.273884 -0.531568 0.361180 -0.068374 -0.404023 0.154379 -0.143931 -0.469649 0.268288 -0.209757 -0.451188 0.384882 -0.003064 -0.333474 0.165671 -0.071403 -0.384398 0.250687 -0.156809 -0.356197 0.322197 
0.000000 0.000000 0.000000 -0.065088 0.021090 -0.030702 -0.159671 -0.384376 -0.134352 -0.046125 -0.361173 -0.059696 0.033447 -0.312898 -0.004706 0.095133 -0.260356 0.039187 -0.200012 -0.189120 0.157590 -0.284438 -0.320657 0.275409 -0.312158 -0.438188 0.372902 -0.249237 -0.475735 0.052869 -0.303368 -0.530950 0.166020 -0.335775 -0.544614 0.277179 -0.147299 -0.473728 0.123524 -0.216111 -0.550280 0.248140 -0.271265 -0.527511 0.370937 -0.068823 -0.402528 0.157224 -0.142157 -0.466798 0.273337 -0.204493 -0.447154 0.391643 -0.001131 -0.331853 0.166497 -0.067390 -0.381066 0.254127 -0.149884 -0.348863 0.327345 
0.000000 0.000000 0.000000 -0.065873 0.021254 -0.028861 -0.164856 -0.384112 -0.128730 -0.049117 -0.361144 -0.057443 0.032182 -0.313028 -0.004895 0.095298 -0.260606 0.037067 -0.198842 -0.187864 0.162019 -0.282046 -0.318717 0.281458 -0.310071 -0.435035 0.380310 -0.251832 -0.474350 0.060247 -0.304398 -0.528887 0.174460 -0.335426 -0.541978 0.286080 -0.148401 -0.472087 0.127783 -0.215928 -0.547544 0.253763 -0.269092 -0.524459 0.377376 -0.067479 -0.402139 0.158936 -0.138942 -0.466038 0.276413 -0.199058 -0.444190 0.395479 0.001422 -0.329169 0.167730 -0.063195 -0.376361 0.257668 -0.143248 -0.337531 0.330379 
0.000000 0.000000 0.000000 -0.066486 0.021291 -0.027389 -0.168509 -0.384188 -0.123672 -0.051104 -0.361224 -0.055165 0.031482 -0.313103 -0.004667 0.095652 -0.260673 0.035654 -0.199311 -0.186599 0.164928 -0.282424 -0.316683 0.285267 -0.311265 -0.431960 0.385098 -0.255598 -0.472653 0.066090 -0.308232 -0.526120 0.180776 -0.338832 -0.538588 0.292586 -0.150376 -0.470409 0.131110 -0.217894 -0.544670 0.257803 -0.270060 -0.521291 0.381785 -0.068509 -0.400741 0.159756 -0.140209 -0.463583 0.277658 -0.199399 -0.440540 0.396962 0.001917 -0.327412 0.167358 -0.062603 -0.373349 0.258012 -0.141730 -0.332304 0.330520 
0.000000 0.000000 0.000000 -0.066598 0.021353 -0.027068 -0.169617 -0.384073 -0.122510 -0.051837 -0.361202 -0.054617 0.031065 -0.313146 -0.004578 0.095504 -0.260766 0.035376 -0.199862 -0.185857 0.165678 -0.283249 -0.315515 0.286286 -0.312200 -0.430677 0.386219 -0.256955 -0.471937 0.067417 -0.309739 -0.525039 0.182204 -0.339991 -0.537201 0.294141 -0.151523 -0.469573 0.131911 -0.219324 -0.543281 0.258777 -0.271172 -0.519696 0.382853 -0.067986 -0.400550 0.160538 -0.139011 -0.463224 0.278936 -0.197406 -0.440475 0.398688 0.002859 -0.328136 0.167529 -0.060910 -0.374509 0.258492 -0.139595 -0.333665 0.331591 
0.000000 0.000000 0.000000 -0.066633 0.021456 -0.026898 -0.169786 -0.383603 -0.123740 -0.051915 -0.360992 -0.055918 0.031054 -0.313126 -0.005807 0.095547 -0.260899 0.034259 -0.199539 -0.186337 0.165466 -0.282703 -0.316361 0.285835 -0.311915 -0.431998 0.385140 -0.257400 -0.471694 0.065954 -0.310352 -0.524933 0.180600 -0.340737 -0.537344 0.292475 -0.151882 -0.469643 0.130297 -0.219874 -0.543541 0.256949 -0.271688 -0.520492 0.381140 -0.067713 -0.401892 0.158751 -0.138536 -0.465543 0.276749 -0.196882 -0.444128 0.396771 0.004243 -0.330586 0.166143 -0.058605 -0.378554 0.256921 -0.137375 -0.339128 0.330705 
0.000000 0.000000 0.000000 -0.067058 0.021348 -0.025912 -0.170343 -0.383692 -0.122695 -0.051622 -0.360957 -0.056417 0.031886 -0.313012 -0.007285 0.096769 -0.260727 0.032070 -0.201846 -0.186478 0.165103 -0.286187 -0.316522 0.284628 -0.316229 -0.432372 0.383437 -0.259508 -0.471757 0.066287 -0.313396 -0.524982 0.180503 -0.344617 -0.537341 0.292153 -0.153040 -0.469258 0.129216 -0.222018 -0.542918 0.255473 -0.274412 -0.520027 0.379450 -0.067592 -0.402290 0.156566 -0.138924 -0.466307 0.274058 -0.197812 -0.446101 0.394024 0.005882 -0.331904 0.163445 -0.056677 -0.380898 0.253874 -0.135939 -0.343052 0.327958 
0.000000 0.000000 0.000000 -0.066792 0.021388 -0.026556 -0.168721 -0.383393 -0.125829 -0.050734 -0.360799 -0.058204 0.032205 -0.312961 -0.008016 0.096621 -0.260764 0.032212 -0.204802 -0.185995 0.162632 -0.291160 -0.315761 0.281013 -0.322660 -0.432063 0.378831 -0.260761 -0.471236 0.061874 -0.316388 -0.524325 0.175316 -0.349185 -0.536870 0.286492 -0.155376 -0.468855 0.125775 -0.226546 -0.542349 0.250907 -0.280619 -0.519671 0.374200 -0.069554 -0.402387 0.154348 -0.142521 -0.466510 0.270773 -0.203168 -0.448140 0.390157 0.005291 -0.333137 0.162624 -0.057574 -0.382952 0.252388 -0.138121 -0.347622 0.326329 
0.000000 0.000000 0.000000 -0.066649 0.021432 -0.026879 -0.167801 -0.383110 -0.127906 -0.050217 -0.360653 -0.059537 0.032407 -0.312921 -0.008735 0.096565 -0.260809 0.032015 -0.206032 -0.186173 0.161054 -0.293248 -0.316079 0.278650 -0.325021 -0.432846 0.375825 -0.261292 -0.471380 0.058878 -0.317794 -0.524728 0.171765 -0.351309 -0.537451 0.282706 -0.156173 -0.469136 0.123436 -0.228237 -0.542919 0.247884 -0.283008 -0.520492 0.370915 -0.070401 -0.402525 0.152868 -0.144120 -0.466777 0.268747 -0.205719 -0.450007 0.387879 0.004727 -0.333833 0.161704 -0.058487 -0.384097 0.250973 -0.139789 -0.350951 0.325097 
0.000000 0.000000 0.000000 -0.066634 0.021492 -0.026868 -0.167526 -0.382762 -0.129302 -0.050013 -0.360479 -0.060755 0.032546 -0.312878 -0.009723 0.096646 -0.260871 0.031253 -0.205827 -0.186464 0.160818 -0.292925 -0.316589 0.278260 -0.324492 -0.434068 0.374639 -0.260754 -0.471201 0.057532 -0.317099 -0.524651 0.170450 -0.350645 -0.537776 0.281335 -0.155918 -0.469412 0.121980 -0.227948 -0.543502 0.246266 -0.282606 -0.521507 0.369424 -0.070032 -0.402752 0.151875 -0.143587 -0.467198 0.267750 -0.205501 -0.451953 0.386924 0.004869 -0.334223 0.160801 -0.058303 -0.384712 0.249972 -0.139791 -0.353661 0.324796 
0.000000 0.000000 0.000000 -0.066031 0.021631 -0.028211 -0.165269 -0.382289 -0.133534 -0.049185 -0.360294 -0.062503 0.032349 -0.312900 -0.009663 0.095644 -0.261058 0.032746 -0.206162 -0.186143 0.158978 -0.293846 -0.316155 0.276108 -0.325268 -0.434250 0.371780 -0.259586 -0.470825 0.052708 -0.316589 -0.524333 0.165267 -0.350553 -0.537934 0.275968 -0.156142 -0.469896 0.119216 -0.228887 -0.544441 0.242812 -0.283978 -0.522894 0.365856 -0.071083 -0.402861 0.151341 -0.145251 -0.467368 0.266791 -0.208057 -0.454027 0.385726 0.003079 -0.335491 0.161111 -0.060636 -0.386725 0.249467 -0.142441 -0.357780 0.324787 
0.000000 0.000000 0.000000 -0.065916 0.021609 -0.028495 -0.163521 -0.382024 -0.136413 -0.047916 -0.360097 -0.064586 0.033185 -0.312767 -0.011027 0.096098 -0.260981 0.032015 -0.206672 -0.187141 0.157132 -0.294749 -0.317763 0.273286 -0.326188 -0.436573 0.368062 -0.258465 -0.471214 0.049197 -0.315846 -0.525118 0.161374 -0.350477 -0.539225 0.271805 -0.155535 -0.470388 0.116324 -0.228732 -0.545402 0.239368 -0.284629 -0.524398 0.362143 -0.071001 -0.402840 0.149428 -0.145709 -0.467427 0.264484 -0.209412 -0.455431 0.383085 0.003266 -0.336476 0.159565 -0.060632 -0.388440 0.247361 -0.142966 -0.361576 0.322876 
0.000000 0.000000 0.000000 -0.065865 0.021545 -0.028661 -0.162927 -0.382218 -0.136580 -0.047506 -0.360168 -0.064495 0.033436 -0.312749 -0.010774 0.096211 -0.260894 0.032385 -0.207470 -0.187120 0.156416 -0.296077 -0.317689 0.272225 -0.327605 -0.436644 0.366789 -0.258691 -0.471492 0.048568 -0.316567 -0.525446 0.160466 -0.351645 -0.539437 0.270771 -0.155531 -0.470647 0.116058 -0.229003 -0.545788 0.238860 -0.285364 -0.524691 0.361407 -0.071394 -0.402922 0.149205 -0.146564 -0.467580 0.263920 -0.210645 -0.455715 0.382330 0.003173 -0.337236 0.159279 -0.060868 -0.389784 0.246622 -0.143485 -0.364205 0.322275 
0.000000 0.000000 0.000000 -0.065736 0.021487 -0.029000 -0.162524 -0.382555 -0.136117 -0.047396 -0.360339 -0.063617 0.033342 -0.312795 -0.009700 0.095959 -0.260838 0.033567 -0.208749 -0.186132 0.156169 -0.298238 -0.316046 0.272036 -0.330106 -0.434732 0.366825 -0.259211 -0.470847 0.049022 -0.317645 -0.524208 0.160915 -0.353280 -0.537824 0.271087 -0.156859 -0.469588 0.116818 -0.231310 -0.543893 0.239539 -0.288229 -0.522295 0.361740 -0.072684 -0.402050 0.150005 -0.148711 -0.466052 0.264523 -0.213286 -0.453975 0.382643 0.002256 -0.337353 0.159866 -0.062241 -0.390020 0.246800 -0.145238 -0.365319 0.322328 
0.000000 0.000000 0.000000 -0.065605 0.021436 -0.029332 -0.161732 -0.382740 -0.136540 -0.046956 -0.360414 -0.063514 0.033507 -0.312790 -0.009258 0.095899 -0.260770 0.034257 -0.209623 -0.186126 0.155122 -0.299740 -0.316004 0.270542 -0.331919 -0.434594 0.365347 -0.259430 -0.471268 0.047954 -0.318476 -0.524772 0.159457 -0.354733 -0.538349 0.269431 -0.157384 -0.469985 0.116136 -0.232491 -0.544508 0.238324 -0.290035 -0.522854 0.360222 -0.073482 -0.402589 0.149497 -0.150199 -0.466981 0.263334 -0.215363 -0.455033 0.381143 0.001435 -0.337877 0.159626 -0.063585 -0.390952 0.245920 -0.147056 -0.367057 0.321186 
0.000000 0.000000 0.000000 -0.065589 0.021508 -0.029316 -0.162305 -0.382600 -0.136253 -0.047469 -0.360387 -0.063289 0.033081 -0.312840 -0.009094 0.095562 -0.260880 0.034366 -0.209937 -0.185501 0.155501 -0.300260 -0.315033 0.271148 -0.332681 -0.433668 0.365814 -0.260112 -0.470664 0.048405 -0.319223 -0.523888 0.160008 -0.355507 -0.537340 0.269988 -0.158143 -0.469659 0.116392 -0.233417 -0.543981 0.238600 -0.290933 -0.522211 0.360491 -0.073934 -0.402338 0.149814 -0.150670 -0.466514 0.263760 -0.215797 -0.454575 0.381590 0.001066 -0.338113 0.159633 -0.063977 -0.391274 0.245857 -0.147415 -0.367529 0.321206 
0.000000 0.000000 0.000000 -0.065655 0.021539 -0.029144 -0.163197 -0.382627 -0.135107 -0.048104 -0.360433 -0.062543 0.032675 -0.312895 -0.008682 0.095355 -0.260938 0.034494 -0.209747 -0.185148 0.156232 -0.299911 -0.314479 0.272229 -0.332111 -0.432947 0.367178 -0.260557 -0.470330 0.049959 -0.319398 -0.523336 0.161807 -0.355465 -0.536674 0.271873 -0.158369 -0.469100 0.117755 -0.233364 -0.543009 0.240384 -0.290440 -0.521015 0.362441 -0.074154 -0.402190 0.150464 -0.150757 -0.466220 0.264582 -0.215471 -0.454160 0.382628 0.001242 -0.337990 0.160160 -0.063538 -0.391026 0.246659 -0.146730 -0.367206 0.322255 
0.000000 0.000000 0.000000 -0.065743 0.021458 -0.029005 -0.162815 -0.382769 -0.135163 -0.047627 -0.360453 -0.062788 0.033172 -0.312833 -0.009030 0.095845 -0.260813 0.034080 -0.209419 -0.185553 0.156332 -0.299322 -0.315088 0.272304 -0.331093 -0.433681 0.367241 -0.259854 -0.470743 0.049943 -0.318501 -0.523912 0.161816 -0.354445 -0.537368 0.271908 -0.157522 -0.469685 0.117395 -0.232265 -0.543977 0.239945 -0.289291 -0.522091 0.362046 -0.073329 -0.402848 0.149930 -0.149697 -0.467395 0.263915 -0.214359 -0.455709 0.382026 0.001895 -0.338108 0.159719 -0.062773 -0.391311 0.246199 -0.145910 -0.367718 0.321927 
0.000000 0.000000 0.000000 -0.065755 0.021411 -0.029012 -0.161804 -0.382669 -0.136653 -0.046753 -0.360343 -0.064062 0.033875 -0.312726 -0.010045 0.096380 -0.260714 0.033317 -0.209428 -0.186275 0.155571 -0.299329 -0.316232 0.271070 -0.330984 -0.435243 0.365522 -0.258816 -0.471254 0.048175 -0.317448 -0.524793 0.159880 -0.353520 -0.538657 0.269879 -0.156712 -0.470209 0.115696 -0.231499 -0.544934 0.237957 -0.288719 -0.523541 0.360053 -0.072659 -0.403631 0.148387 -0.149049 -0.468816 0.261993 -0.213951 -0.457608 0.380019 0.002495 -0.338650 0.158609 -0.062128 -0.392294 0.244849 -0.145386 -0.369129 0.320576 
0.000000 0.000000 0.000000 -0.065756 0.021297 -0.029095 -0.161042 -0.382970 -0.136711 -0.046110 -0.360438 -0.063995 0.034380 -0.312676 -0.009901 0.096753 -0.260551 0.033516 -0.209537 -0.186505 0.155272 -0.299507 -0.316535 0.270637 -0.331089 -0.435705 0.364912 -0.258350 -0.471693 0.047896 -0.317160 -0.525314 0.159467 -0.353476 -0.539147 0.269390 -0.156107 -0.470520 0.115608 -0.230920 -0.545391 0.237763 -0.288598 -0.523976 0.359640 -0.072295 -0.403358 0.148563 -0.148788 -0.468383 0.262191 -0.213882 -0.457082 0.380103 0.002454 -0.338711 0.158355 -0.062455 -0.392510 0.244284 -0.145845 -0.369390 0.319879 
0.000000 0.000000 0.000000 -0.065713 0.021217 -0.029250 -0.160881 -0.383355 -0.135819 -0.046050 -0.360620 -0.063009 0.034368 -0.312706 -0.008941 0.096685 -0.260459 0.034411 -0.209686 -0.185998 0.155628 -0.299775 -0.315660 0.271313 -0.331216 -0.434725 0.365768 -0.258180 -0.471565 0.049037 -0.316985 -0.524877 0.160760 -0.353388 -0.538395 0.270692 -0.155917 -0.470071 0.117058 -0.230642 -0.544513 0.239529 -0.288624 -0.522597 0.361173 -0.072275 -0.402871 0.149839 -0.148745 -0.467525 0.263695 -0.213940 -0.455716 0.381501 0.002307 -0.338110 0.159509 -0.062655 -0.391559 0.245616 -0.146155 -0.368183 0.321011 
0.000000 0.000000 0.000000 -0.065703 0.021161 -0.029312 -0.160402 -0.383486 -0.136014 -0.045663 -0.360655 -0.063088 0.034659 -0.312674 -0.008937 0.096886 -0.260375 0.034481 -0.210214 -0.185755 0.155481 -0.300640 -0.315230 0.271113 -0.331877 -0.434432 0.365463 -0.258017 -0.471873 0.048591 -0.317013 -0.525292 0.160161 -0.353585 -0.538788 0.270041 -0.155796 -0.470045 0.116853 -0.230702 -0.544446 0.239238 -0.288970 -0.522519 0.360743 -0.072489 -0.402774 0.149540 -0.149320 -0.467382 0.263178 -0.214670 -0.455488 0.380889 0.002351 -0.338055 0.159442 -0.062718 -0.391524 0.245456 -0.146247 -0.368089 0.320801 
0.000000 0.000000 0.000000 -0.065704 0.020997 -0.029429 -0.159491 -0.383968 -0.135724 -0.044894 -0.360824 -0.062674 0.035263 -0.312619 -0.008477 0.097332 -0.260146 0.034955 -0.210386 -0.186035 0.155100 -0.300919 -0.315583 0.270566 -0.331789 -0.434818 0.364995 -0.257404 -0.471944 0.048920 -0.316580 -0.525113 0.160514 -0.353440 -0.538449 0.270317 -0.155294 -0.469933 0.117274 -0.230381 -0.544142 0.239665 -0.288993 -0.522045 0.360974 -0.071963 -0.402385 0.150137 -0.148850 -0.466753 0.263873 -0.214355 -0.454604 0.381472 0.002392 -0.337665 0.159708 -0.062958 -0.391023 0.245578 -0.146647 -0.367507 0.320719 
0.000000 0.000000 0.000000 -0.065687 0.020931 -0.029514 -0.159125 -0.384191 -0.135525 -0.044616 -0.360909 -0.062381 0.035458 -0.312606 -0.008149 0.097452 -0.260055 0.035297 -0.210711 -0.185382 0.155551 -0.301459 -0.314479 0.271353 -0.332179 -0.433795 0.365728 -0.256999 -0.471867 0.049283 -0.316151 -0.524856 0.160975 -0.353152 -0.538071 0.270745 -0.154935 -0.469804 0.117747 -0.229967 -0.543868 0.240259 -0.288787 -0.521606 0.361436 -0.072131 -0.402088 0.150380 -0.149278 -0.466252 0.264055 -0.215000 -0.453954 0.381517 0.002566 -0.337237 0.160300 -0.062745 -0.390364 0.246342 -0.146548 -0.366677 0.321303 
0.000000 0.000000 0.000000 -0.065082 0.021127 -0.030690 -0.157276 -0.383562 -0.139409 -0.044114 -0.360674 -0.064074 0.035019 -0.312653 -0.008234 0.096285 -0.260324 0.036493 -0.211166 -0.185099 0.153637 -0.302576 -0.314142 0.268978 -0.333054 -0.434220 0.362461 -0.255663 -0.471556 0.044974 -0.315125 -0.524737 0.156411 -0.352369 -0.538366 0.266048 -0.154815 -0.469830 0.115661 -0.230107 -0.544072 0.237906 -0.289441 -0.522185 0.358901 -0.072749 -0.402471 0.149982 -0.150025 -0.466877 0.263434 -0.216041 -0.454777 0.380752 0.000968 -0.337974 0.160877 -0.064640 -0.391422 0.246493 -0.148599 -0.367946 0.321346 
0.000000 0.000000 0.000000 -0.065624 0.021050 -0.029569 -0.157676 -0.383282 -0.139726 -0.043504 -0.360414 -0.065928 0.036246 -0.312430 -0.010940 0.097946 -0.260141 0.033234 -0.211930 -0.186677 0.152887 -0.303479 -0.316659 0.267056 -0.333453 -0.437449 0.359783 -0.256193 -0.472683 0.043910 -0.315734 -0.526715 0.154894 -0.353232 -0.540898 0.264374 -0.154523 -0.470435 0.113081 -0.230033 -0.545265 0.234832 -0.289747 -0.523831 0.355721 -0.071899 -0.403010 0.146584 -0.149446 -0.467960 0.259539 -0.215750 -0.456373 0.376746 0.002290 -0.337900 0.157289 -0.063552 -0.391424 0.242679 -0.147802 -0.368354 0.317330 
0.000000 0.000000 0.000000 -0.065010 0.021169 -0.030814 -0.156129 -0.383129 -0.141867 -0.043272 -0.360425 -0.066022 0.035582 -0.312549 -0.009665 0.096601 -0.260339 0.035537 -0.212072 -0.186114 0.151539 -0.304094 -0.315819 0.265643 -0.333825 -0.436845 0.358139 -0.255028 -0.472418 0.041617 -0.314801 -0.526382 0.152510 -0.352544 -0.540572 0.261904 -0.154676 -0.470628 0.112637 -0.230445 -0.545581 0.234150 -0.290598 -0.524052 0.354805 -0.073010 -0.403501 0.147336 -0.150877 -0.468720 0.259915 -0.217501 -0.457104 0.376938 0.000544 -0.338532 0.159008 -0.065574 -0.392354 0.243996 -0.149920 -0.369168 0.318503 
0.000000 0.000000 0.000000 -0.064956 0.021203 -0.030903 -0.155928 -0.382987 -0.142470 -0.043196 -0.360361 -0.066417 0.035569 -0.312543 -0.009887 0.096518 -0.260380 0.035463 -0.212298 -0.186230 0.151054 -0.304496 -0.316028 0.264910 -0.334445 -0.437217 0.357123 -0.255205 -0.472185 0.040855 -0.315205 -0.526094 0.151652 -0.353254 -0.540324 0.260935 -0.154606 -0.470561 0.112239 -0.230381 -0.545513 0.233750 -0.290829 -0.524016 0.354263 -0.073277 -0.403448 0.146964 -0.151327 -0.468633 0.259437 -0.218152 -0.456968 0.376340 0.000500 -0.338598 0.158949 -0.065591 -0.392436 0.243947 -0.150012 -0.369212 0.318358 
0.000000 0.000000 0.000000 -0.064903 0.021303 -0.030945 -0.155471 -0.382457 -0.144381 -0.042903 -0.360100 -0.068007 0.035727 -0.312484 -0.011119 0.096561 -0.260484 0.034572 -0.212954 -0.186445 0.150074 -0.305595 -0.316441 0.263343 -0.335520 -0.438027 0.355039 -0.255223 -0.472220 0.038409 -0.315510 -0.526470 0.148883 -0.353841 -0.541148 0.258009 -0.154716 -0.470816 0.110077 -0.230766 -0.546119 0.231199 -0.291630 -0.525067 0.351581 -0.073554 -0.403649 0.145279 -0.151915 -0.469021 0.257426 -0.218997 -0.457561 0.374203 0.000114 -0.339147 0.157440 -0.066272 -0.393292 0.242012 -0.150846 -0.370277 0.316313 
0.000000 0.000000 0.000000 -0.064890 0.021288 -0.030985 -0.154956 -0.382388 -0.145115 -0.042492 -0.360039 -0.068585 0.036032 -0.312434 -0.011541 0.096767 -0.260444 0.034292 -0.213099 -0.186744 0.149578 -0.305838 -0.316917 0.262562 -0.335620 -0.438811 0.353896 -0.255015 -0.472554 0.037308 -0.315489 -0.527048 0.147560 -0.354003 -0.541882 0.256600 -0.154437 -0.470904 0.109324 -0.230575 -0.546308 0.230327 -0.291680 -0.525373 0.350607 -0.073404 -0.403757 0.144656 -0.151876 -0.469242 0.256659 -0.219122 -0.457913 0.373354 -0.000015 -0.339213 0.156828 -0.066633 -0.393431 0.241172 -0.151295 -0.370482 0.315393 
0.000000 0.000000 0.000000 -0.064879 0.021232 -0.031046 -0.154432 -0.382503 -0.145370 -0.042068 -0.360063 -0.068719 0.036350 -0.312395 -0.011583 0.096987 -0.260358 0.034326 -0.213204 -0.186916 0.149288 -0.306016 -0.317162 0.262129 -0.335672 -0.439132 0.353401 -0.254451 -0.472596 0.037112 -0.314900 -0.527045 0.147399 -0.353528 -0.541904 0.256396 -0.154151 -0.471125 0.108980 -0.230383 -0.546663 0.229840 -0.291699 -0.525729 0.350013 -0.073009 -0.403999 0.144504 -0.151426 -0.469684 0.256428 -0.218801 -0.458420 0.373055 0.000272 -0.339191 0.156873 -0.066299 -0.393454 0.241224 -0.151053 -0.370547 0.315354 
0.000000 0.000000 0.000000 -0.064825 0.021283 -0.031123 -0.153825 -0.382156 -0.146918 -0.041648 -0.359875 -0.069947 0.036607 -0.312330 -0.012487 0.097104 -0.260394 0.033720 -0.213358 -0.187771 0.147988 -0.306301 -0.318583 0.260064 -0.335898 -0.440884 0.350912 -0.254039 -0.473347 0.034909 -0.314605 -0.528461 0.144801 -0.353581 -0.543858 0.253599 -0.154024 -0.472039 0.106873 -0.230455 -0.548326 0.227136 -0.292162 -0.527963 0.347206 -0.073190 -0.404196 0.143138 -0.151921 -0.470069 0.254731 -0.219574 -0.459101 0.371224 0.000282 -0.339564 0.155966 -0.066362 -0.394059 0.240110 -0.151279 -0.371356 0.314115 
0.000000 0.000000 0.000000 -0.064824 0.021346 -0.031082 -0.153329 -0.381699 -0.148616 -0.041231 -0.359624 -0.071470 0.036933 -0.312239 -0.013755 0.097344 -0.260433 0.032712 -0.213666 -0.188861 0.146415 -0.306801 -0.320395 0.257481 -0.336485 -0.443320 0.347455 -0.253867 -0.474078 0.032432 -0.314629 -0.529909 0.141853 -0.353923 -0.545747 0.250473 -0.153766 -0.472611 0.104723 -0.230305 -0.549459 0.224560 -0.292433 -0.529636 0.344504 -0.073261 -0.405032 0.141036 -0.152276 -0.471571 0.252032 -0.220258 -0.461129 0.368383 -0.000041 -0.340397 0.153989 -0.067073 -0.395437 0.237467 -0.152202 -0.373069 0.311331 
0.000000 0.000000 0.000000 -0.064762 0.021361 -0.031200 -0.152596 -0.381484 -0.149917 -0.040719 -0.359490 -0.072429 0.037253 -0.312172 -0.014400 0.097495 -0.260422 0.032346 -0.214259 -0.188675 0.145950 -0.307804 -0.320102 0.256799 -0.337484 -0.443283 0.346421 -0.253621 -0.473923 0.030829 -0.314677 -0.529791 0.140067 -0.354284 -0.545767 0.248553 -0.153702 -0.472296 0.103594 -0.230546 -0.549020 0.223315 -0.293077 -0.529276 0.343062 -0.073230 -0.405056 0.140131 -0.152452 -0.471660 0.250940 -0.220729 -0.461339 0.367128 -0.000011 -0.340556 0.153414 -0.067127 -0.395714 0.236747 -0.152381 -0.373481 0.310507 
0.000000 0.000000 0.000000 -0.064709 0.021390 -0.031291 -0.151717 -0.381138 -0.151679 -0.040069 -0.359280 -0.073823 0.037691 -0.312070 -0.015422 0.097746 -0.260411 0.031666 -0.214596 -0.189540 0.144461 -0.308386 -0.321526 0.254434 -0.338070 -0.445267 0.343282 -0.253171 -0.474400 0.028402 -0.314487 -0.530764 0.137239 -0.354545 -0.547201 0.245490 -0.153242 -0.472949 0.101521 -0.230216 -0.550261 0.220779 -0.293356 -0.530964 0.340279 -0.073078 -0.405542 0.138548 -0.152507 -0.472567 0.248954 -0.221185 -0.462583 0.364936 -0.000130 -0.340826 0.152248 -0.067500 -0.396178 0.235247 -0.153014 -0.374142 0.308764 
0.000000 0.000000 0.000000 -0.064643 0.021543 -0.031322 -0.151046 -0.380274 -0.154489 -0.039616 -0.358832 -0.076207 0.037959 -0.311939 -0.017306 0.097854 -0.260538 0.030265 -0.216004 -0.190335 0.142010 -0.310715 -0.322915 0.250470 -0.340597 -0.447333 0.338299 -0.253233 -0.474871 0.024478 -0.314992 -0.532042 0.132642 -0.355515 -0.549117 0.240621 -0.153636 -0.473653 0.097833 -0.231186 -0.551748 0.216205 -0.294816 -0.533193 0.335562 -0.073662 -0.406434 0.135421 -0.153700 -0.474193 0.244935 -0.222735 -0.464874 0.360760 -0.000683 -0.341903 0.149665 -0.068507 -0.397909 0.231851 -0.154265 -0.376302 0.305212 
0.000000 0.000000 0.000000 -0.063848 0.021840 -0.032717 -0.148399 -0.379244 -0.159505 -0.038753 -0.358413 -0.078583 0.037558 -0.311965 -0.017713 0.096469 -0.260915 0.031440 -0.216740 -0.190163 0.139112 -0.312410 -0.322820 0.246631 -0.342719 -0.447718 0.333631 -0.252241 -0.474034 0.018404 -0.315001 -0.531322 0.125928 -0.356506 -0.548918 0.233449 -0.154126 -0.473645 0.094291 -0.232596 -0.552018 0.211869 -0.297223 -0.534087 0.330785 -0.075293 -0.407048 0.133738 -0.156214 -0.475228 0.242339 -0.226215 -0.466466 0.357626 -0.003011 -0.342883 0.149640 -0.071485 -0.399304 0.230999 -0.157782 -0.378190 0.303869 
0.000000 0.000000 0.000000 -0.063616 0.021849 -0.033160 -0.146044 -0.378785 -0.162738 -0.037160 -0.358099 -0.080757 0.038501 -0.311775 -0.018987 0.096852 -0.260833 0.030939 -0.217516 -0.191291 0.136346 -0.313817 -0.324661 0.242412 -0.344476 -0.449960 0.328706 -0.250833 -0.474889 0.013906 -0.314165 -0.532972 0.120665 -0.356675 -0.551182 0.227691 -0.153585 -0.474674 0.090503 -0.232770 -0.553961 0.206984 -0.298578 -0.536779 0.325362 -0.075106 -0.407774 0.131317 -0.156569 -0.476611 0.239095 -0.227604 -0.468386 0.353787 -0.003470 -0.343678 0.147809 -0.072522 -0.400701 0.228254 -0.159333 -0.380048 0.300645 
0.000000 0.000000 0.000000 -0.063440 0.021831 -0.033506 -0.142986 -0.378111 -0.166965 -0.034873 -0.357600 -0.083927 0.040068 -0.311437 -0.021166 0.097775 -0.260638 0.029645 -0.218567 -0.193057 0.132642 -0.315636 -0.327519 0.236606 -0.346488 -0.453723 0.321504 -0.249220 -0.475809 0.007933 -0.313424 -0.534856 0.113637 -0.357149 -0.553984 0.220012 -0.152571 -0.475461 0.085573 -0.232622 -0.555623 0.200857 -0.299885 -0.539535 0.318570 -0.075153 -0.408609 0.127142 -0.157774 -0.478288 0.233489 -0.230040 -0.471078 0.347478 -0.003683 -0.344262 0.144968 -0.073520 -0.401823 0.224347 -0.161047 -0.382051 0.296119 
0.000000 0.000000 0.000000 -0.063130 0.021736 -0.034147 -0.138328 -0.377460 -0.172278 -0.031457 -0.357028 -0.087628 0.042349 -0.310970 -0.023460 0.099051 -0.260276 0.028573 -0.219949 -0.195022 0.127934 -0.318075 -0.330656 0.229353 -0.348963 -0.457749 0.312900 -0.246340 -0.476785 0.000604 -0.311619 -0.536815 0.105089 -0.356776 -0.556857 0.210693 -0.150814 -0.476411 0.079633 -0.231994 -0.557608 0.193393 -0.301246 -0.542472 0.310074 -0.074737 -0.409624 0.122389 -0.158695 -0.480364 0.226973 -0.232618 -0.474049 0.339949 -0.003593 -0.345263 0.141831 -0.074246 -0.403761 0.219790 -0.162795 -0.384854 0.290534 
0.000000 0.000000 0.000000 -0.062114 0.021666 -0.036005 -0.131157 -0.377042 -0.178682 -0.027107 -0.356648 -0.090579 0.044431 -0.310650 -0.023851 0.099236 -0.260018 0.030234 -0.220797 -0.196287 0.122622 -0.320091 -0.332668 0.221879 -0.350406 -0.460768 0.304088 -0.241558 -0.477684 -0.008086 -0.308281 -0.538509 0.095018 -0.355094 -0.559558 0.199701 -0.148239 -0.477624 0.074243 -0.230625 -0.559905 0.186346 -0.302122 -0.545934 0.301811 -0.074261 -0.410777 0.119678 -0.159371 -0.482576 0.222596 -0.235504 -0.477231 0.334145 -0.004803 -0.346434 0.141113 -0.076416 -0.405916 0.217434 -0.166210 -0.387753 0.286790 
0.000000 0.000000 0.000000 -0.061839 0.021346 -0.036663 -0.124482 -0.376654 -0.184190 -0.021904 -0.356005 -0.094435 0.048182 -0.309896 -0.026259 0.101664 -0.259209 0.029085 -0.221568 -0.199426 0.116937 -0.321515 -0.337571 0.213050 -0.351214 -0.466940 0.293476 -0.237070 -0.479685 -0.016475 -0.305116 -0.541954 0.084888 -0.353363 -0.564156 0.188678 -0.144687 -0.479287 0.067431 -0.228196 -0.563135 0.177522 -0.301896 -0.550668 0.291769 -0.072327 -0.411931 0.114383 -0.158739 -0.485097 0.215232 -0.236721 -0.480953 0.325548 -0.003898 -0.347160 0.137286 -0.076559 -0.407697 0.211764 -0.167545 -0.390470 0.279792 
0.000000 0.000000 0.000000 -0.060467 0.021202 -0.038962 -0.113306 -0.375696 -0.193143 -0.014715 -0.355131 -0.099009 0.052071 -0.309157 -0.027509 0.102757 -0.258612 0.030531 -0.222295 -0.202143 0.108602 -0.323556 -0.341898 0.200938 -0.352692 -0.472784 0.279083 -0.229076 -0.481242 -0.029199 -0.299044 -0.545031 0.069883 -0.350026 -0.568750 0.172018 -0.140298 -0.480953 0.058700 -0.225712 -0.566531 0.165964 -0.302983 -0.555848 0.278010 -0.070650 -0.413794 0.109254 -0.158649 -0.488826 0.207322 -0.239828 -0.486285 0.315357 -0.004837 -0.348599 0.134993 -0.078895 -0.410539 0.206896 -0.171733 -0.394494 0.272674 
0.000000 0.000000 0.000000 -0.058258 0.020454 -0.042562 -0.095604 -0.376625 -0.200758 -0.003318 -0.354954 -0.100667 0.058245 -0.308262 -0.025063 0.104501 -0.257188 0.036127 -0.224236 -0.204671 0.097497 -0.328094 -0.345539 0.185137 -0.358007 -0.477214 0.261648 -0.217554 -0.483477 -0.042231 -0.291258 -0.548055 0.053579 -0.346404 -0.572705 0.153301 -0.133792 -0.482349 0.051719 -0.222533 -0.568995 0.155363 -0.305265 -0.559573 0.263557 -0.069450 -0.414044 0.106155 -0.161015 -0.489895 0.200246 -0.246986 -0.488235 0.304526 -0.006488 -0.349042 0.135275 -0.082885 -0.412266 0.203521 -0.178637 -0.397041 0.265189 
0.000000 0.000000 0.000000 -0.054686 0.019818 -0.047334 -0.073304 -0.377299 -0.208715 0.009845 -0.354709 -0.101103 0.064145 -0.307429 -0.020466 0.104364 -0.255925 0.044512 -0.223716 -0.208651 0.083345 -0.329484 -0.351611 0.165116 -0.360805 -0.484019 0.239776 -0.201988 -0.486580 -0.057327 -0.279761 -0.552627 0.034168 -0.340094 -0.578442 0.130535 -0.126599 -0.484019 0.044281 -0.219400 -0.571968 0.143163 -0.307813 -0.564092 0.246895 -0.068290 -0.416050 0.103536 -0.163253 -0.493937 0.192453 -0.255209 -0.493702 0.291508 -0.009894 -0.350468 0.137210 -0.088541 -0.415543 0.201016 -0.187771 -0.401482 0.257220 
0.000000 0.000000 0.000000 -0.051710 0.018699 -0.050993 -0.050401 -0.378439 -0.213386 0.024604 -0.354225 -0.100282 0.072154 -0.305911 -0.016075 0.106649 -0.253655 0.051540 -0.223519 -0.212739 0.070516 -0.331026 -0.357558 0.146548 -0.363237 -0.490568 0.219744 -0.185626 -0.489779 -0.069381 -0.267353 -0.557070 0.017652 -0.332419 -0.584157 0.110528 -0.116795 -0.486900 0.037116 -0.212966 -0.577137 0.130566 -0.307669 -0.571399 0.228738 -0.065030 -0.417202 0.100152 -0.163399 -0.497004 0.183495 -0.260738 -0.498687 0.277252 -0.010861 -0.350870 0.137138 -0.091744 -0.417786 0.196057 -0.194246 -0.405768 0.246575 
0.000000 0.000000 0.000000 -0.048195 0.017453 -0.054740 -0.024586 -0.379288 -0.216394 0.041074 -0.353339 -0.097988 0.080922 -0.303954 -0.010470 0.108901 -0.250936 0.059520 -0.220596 -0.218892 0.056011 -0.328473 -0.366780 0.125311 -0.361799 -0.500625 0.196457 -0.165449 -0.494605 -0.081192 -0.250583 -0.564300 0.000521 -0.320935 -0.593177 0.088894 -0.105032 -0.489661 0.030634 -0.204405 -0.582379 0.118115 -0.305351 -0.579393 0.209987 -0.059840 -0.419422 0.097081 -0.160774 -0.502219 0.174201 -0.264039 -0.506546 0.261298 -0.010668 -0.351861 0.137646 -0.092970 -0.421330 0.191422 -0.198729 -0.411946 0.235355 
0.000000 0.000000 0.000000 -0.042680 0.016005 -0.059549 0.005893 -0.381203 -0.214335 0.058474 -0.352997 -0.090061 0.088057 -0.302145 0.000631 0.107558 -0.248044 0.072639 -0.217013 -0.222893 0.042343 -0.326099 -0.372380 0.106101 -0.361029 -0.506328 0.176279 -0.142328 -0.497766 -0.088383 -0.231908 -0.568214 -0.012261 -0.307513 -0.598051 0.071326 -0.092539 -0.492002 0.029719 -0.195249 -0.586545 0.111186 -0.302869 -0.585691 0.195190 -0.056872 -0.420254 0.099422 -0.160796 -0.504946 0.170261 -0.269938 -0.511058 0.249751 -0.014043 -0.352099 0.143151 -0.097744 -0.423722 0.191685 -0.206645 -0.416507 0.227625 
0.000000 0.000000 0.000000 -0.036219 0.014679 -0.064005 0.033867 -0.383622 -0.207310 0.072384 -0.353181 -0.078491 0.091364 -0.300829 0.014166 0.102294 -0.245596 0.087119 -0.213564 -0.225688 0.028831 -0.324535 -0.376094 0.086922 -0.362322 -0.509390 0.156859 -0.121755 -0.500569 -0.091011 -0.215810 -0.571248 -0.020724 -0.297290 -0.601178 0.057111 -0.084732 -0.492889 0.032284 -0.191592 -0.587909 0.107627 -0.305303 -0.587852 0.183185 -0.057673 -0.420818 0.104191 -0.164541 -0.506858 0.168745 -0.279354 -0.513894 0.239713 -0.021464 -0.351808 0.150278 -0.106649 -0.424916 0.193752 -0.218102 -0.419306 0.221136 
0.000000 0.000000 0.000000 -0.030026 0.012958 -0.067486 0.058156 -0.387052 -0.195190 0.083685 -0.353624 -0.063906 0.093015 -0.299249 0.029058 0.096205 -0.242481 0.101581 -0.211625 -0.227640 0.016064 -0.325257 -0.378191 0.068344 -0.367046 -0.510560 0.137764 -0.105346 -0.503596 -0.089812 -0.204162 -0.574033 -0.026125 -0.291387 -0.603452 0.045426 -0.079979 -0.493583 0.036593 -0.191294 -0.588774 0.104947 -0.310853 -0.588787 0.170863 -0.061067 -0.420170 0.108748 -0.171554 -0.506878 0.165890 -0.291643 -0.514094 0.227489 -0.030445 -0.349904 0.156410 -0.117621 -0.423846 0.194150 -0.231034 -0.419254 0.212025 
0.000000 0.000000 0.000000 -0.022539 0.011352 -0.070619 0.080721 -0.390654 -0.179344 0.091634 -0.354330 -0.046806 0.090539 -0.297968 0.045433 0.085561 -0.239679 0.116638 -0.209350 -0.227851 0.005077 -0.326244 -0.377528 0.052443 -0.372932 -0.508225 0.121908 -0.090504 -0.505235 -0.084617 -0.193988 -0.574485 -0.027366 -0.286682 -0.602627 0.037511 -0.078510 -0.493298 0.043819 -0.194232 -0.587817 0.105458 -0.318637 -0.587250 0.161694 -0.068095 -0.418371 0.116509 -0.181846 -0.504708 0.167475 -0.306569 -0.511287 0.219137 -0.043377 -0.347685 0.164554 -0.132128 -0.422028 0.197535 -0.246618 -0.417621 0.206240 
0.000000 0.000000 0.000000 -0.016729 0.009879 -0.072432 0.095755 -0.393844 -0.164341 0.095769 -0.354873 -0.032107 0.087063 -0.296704 0.058594 0.076196 -0.237037 0.127979 -0.208231 -0.227806 -0.004027 -0.328060 -0.376534 0.038776 -0.379436 -0.505777 0.107650 -0.082115 -0.506410 -0.080013 -0.189615 -0.574442 -0.029048 -0.286523 -0.601281 0.029957 -0.079776 -0.492395 0.050026 -0.199172 -0.585929 0.105888 -0.327163 -0.584537 0.153382 -0.075597 -0.416267 0.121523 -0.192234 -0.502002 0.166648 -0.320213 -0.507571 0.209756 -0.055223 -0.344598 0.169766 -0.145681 -0.418634 0.198528 -0.260482 -0.413769 0.199081 
0.000000 0.000000 0.000000 -0.009342 0.007804 -0.073998 0.110141 -0.398539 -0.142570 0.097056 -0.355766 -0.012171 0.079536 -0.294992 0.075497 0.062011 -0.233335 0.141706 -0.207153 -0.227389 -0.015675 -0.330930 -0.374557 0.020820 -0.388955 -0.501666 0.088373 -0.075275 -0.508347 -0.071981 -0.187336 -0.574713 -0.029319 -0.289211 -0.599338 0.021752 -0.085685 -0.490806 0.057429 -0.209975 -0.582653 0.104766 -0.341617 -0.579630 0.140830 -0.087993 -0.413306 0.126970 -0.208122 -0.498145 0.163880 -0.339362 -0.502148 0.195941 -0.072874 -0.339716 0.174501 -0.165717 -0.412940 0.197074 -0.280015 -0.407040 0.186861 
0.000000 0.000000 0.000000 -0.004479 0.005715 -0.074640 0.114560 -0.403575 -0.123669 0.093608 -0.356870 0.004332 0.071180 -0.293386 0.088907 0.050135 -0.229648 0.152050 -0.208750 -0.225566 -0.023368 -0.336569 -0.370287 0.008715 -0.401443 -0.494698 0.075048 -0.076936 -0.509009 -0.063393 -0.192670 -0.572731 -0.026964 -0.298322 -0.594768 0.017141 -0.094982 -0.488423 0.064350 -0.223249 -0.577898 0.105172 -0.357018 -0.572634 0.131956 -0.101069 -0.408311 0.131760 -0.224582 -0.490719 0.162489 -0.357835 -0.492655 0.185026 -0.087608 -0.334294 0.177787 -0.182420 -0.406323 0.195502 -0.295668 -0.399576 0.177269 
0.000000 0.000000 0.000000 -0.000098 0.003952 -0.074888 0.114988 -0.408114 -0.107290 0.087477 -0.357988 0.018150 0.061253 -0.292132 0.099767 0.037644 -0.226566 0.160068 -0.210937 -0.223081 -0.031882 -0.342866 -0.365142 -0.004971 -0.413871 -0.487087 0.059641 -0.081633 -0.509403 -0.057280 -0.200465 -0.570620 -0.027054 -0.309016 -0.590102 0.010763 -0.106936 -0.485072 0.068430 -0.239163 -0.571506 0.102628 -0.374252 -0.563547 0.120714 -0.114915 -0.404034 0.133770 -0.241239 -0.484275 0.158153 -0.375646 -0.483897 0.172385 -0.103289 -0.328419 0.178777 -0.200297 -0.398526 0.191655 -0.312024 -0.390596 0.166016 
0.000000 0.000000 0.000000 0.004637 0.002713 -0.074800 0.115651 -0.411317 -0.093452 0.081072 -0.358763 0.029214 0.050739 -0.291224 0.107982 0.024344 -0.224364 0.165649 -0.213109 -0.218882 -0.038352 -0.349361 -0.357541 -0.015545 -0.425627 -0.476975 0.047746 -0.085614 -0.507260 -0.052129 -0.207253 -0.565246 -0.027154 -0.318006 -0.582052 0.005163 -0.118076 -0.481244 0.071795 -0.253524 -0.564548 0.100756 -0.389208 -0.554201 0.111804 -0.129555 -0.398292 0.135262 -0.258837 -0.475066 0.154824 -0.393784 -0.472143 0.161818 -0.119226 -0.323267 0.179507 -0.218048 -0.391345 0.189045 -0.328146 -0.382030 0.157505 
0.000000 0.000000 0.000000 0.006899 0.001335 -0.074663 0.110422 -0.414964 -0.083081 0.073249 -0.359664 0.037602 0.041906 -0.290220 0.114292 0.015109 -0.221892 0.170020 -0.214979 -0.217277 -0.045936 -0.353816 -0.354070 -0.027960 -0.434883 -0.471458 0.033154 -0.093813 -0.507850 -0.050216 -0.217248 -0.563988 -0.030353 -0.329650 -0.578598 -0.003050 -0.129560 -0.478799 0.071509 -0.267499 -0.559828 0.094571 -0.403355 -0.547028 0.098863 -0.140886 -0.394741 0.133679 -0.271960 -0.469689 0.147581 -0.407009 -0.464269 0.148289 -0.130805 -0.318046 0.177078 -0.231241 -0.384230 0.181936 -0.339373 -0.372961 0.144740 
0.000000 0.000000 0.000000 0.010441 0.000260 -0.074262 0.105882 -0.418048 -0.072903 0.064170 -0.360519 0.045228 0.030640 -0.289517 0.119529 0.002616 -0.219984 0.173122 -0.217505 -0.213074 -0.054880 -0.360139 -0.346564 -0.042752 -0.446726 -0.461475 0.015428 -0.101729 -0.506292 -0.049868 -0.227204 -0.559624 -0.035946 -0.341163 -0.571548 -0.014397 -0.142557 -0.474999 0.070385 -0.283160 -0.552862 0.087496 -0.418783 -0.537395 0.084938 -0.155337 -0.389557 0.130414 -0.288693 -0.461292 0.138220 -0.423435 -0.452756 0.131903 -0.145513 -0.312957 0.173377 -0.247473 -0.376952 0.173552 -0.353103 -0.362997 0.130532 
0.000000 0.000000 0.000000 0.012306 -0.001353 -0.073964 0.097831 -0.421651 -0.062691 0.054529 -0.361004 0.053290 0.020821 -0.287889 0.125429 -0.006897 -0.216751 0.177038 -0.219548 -0.210966 -0.061606 -0.364626 -0.342128 -0.053874 -0.455861 -0.454467 0.002189 -0.112082 -0.505969 -0.046979 -0.238948 -0.556929 -0.037483 -0.353938 -0.566345 -0.020696 -0.155322 -0.471230 0.070241 -0.298050 -0.546199 0.081770 -0.433079 -0.528070 0.072947 -0.167114 -0.384729 0.129446 -0.301875 -0.454169 0.132325 -0.436006 -0.442809 0.120162 -0.156823 -0.306624 0.171436 -0.260020 -0.368485 0.167580 -0.363104 -0.352249 0.119485 
0.000000 0.000000 0.000000 0.014706 -0.002571 -0.073492 0.091979 -0.424164 -0.053988 0.046018 -0.361186 0.059703 0.011320 -0.286506 0.129739 -0.016754 -0.214188 0.179482 -0.221649 -0.207358 -0.066805 -0.369546 -0.335500 -0.062621 -0.464780 -0.445379 -0.008365 -0.120069 -0.503992 -0.044852 -0.248225 -0.552237 -0.039330 -0.363896 -0.559296 -0.026542 -0.166231 -0.467476 0.070978 -0.310590 -0.539769 0.078646 -0.444910 -0.519432 0.065086 -0.178457 -0.379765 0.128712 -0.314540 -0.446637 0.127975 -0.447951 -0.432995 0.111141 -0.167822 -0.301840 0.170436 -0.271806 -0.362172 0.164209 -0.372851 -0.344411 0.112463 
0.000000 0.000000 0.000000 0.015891 -0.003951 -0.073183 0.084030 -0.426713 -0.046318 0.037473 -0.361141 0.065652 0.003157 -0.284744 0.134004 -0.024244 -0.211142 0.182216 -0.223342 -0.205475 -0.071895 -0.373039 -0.331576 -0.071089 -0.471940 -0.439186 -0.018883 -0.129185 -0.503850 -0.043245 -0.258046 -0.550470 -0.041388 -0.374179 -0.555478 -0.032378 -0.176873 -0.463657 0.070243 -0.322658 -0.533382 0.073365 -0.456032 -0.510886 0.054805 -0.187831 -0.375239 0.127064 -0.324781 -0.440129 0.122087 -0.457298 -0.424427 0.100626 -0.176649 -0.295713 0.167844 -0.281553 -0.353925 0.157951 -0.380312 -0.334726 0.102443 
0.000000 0.000000 0.000000 0.017980 -0.004977 -0.072635 0.078180 -0.428502 -0.039550 0.029440 -0.361005 0.070327 -0.005593 -0.283342 0.136865 -0.033167 -0.208798 0.183506 -0.224953 -0.201985 -0.076886 -0.376964 -0.325259 -0.079546 -0.479359 -0.430587 -0.029466 -0.136274 -0.502137 -0.042346 -0.265883 -0.546640 -0.044036 -0.382307 -0.549659 -0.038602 -0.186477 -0.460267 0.069349 -0.333332 -0.527780 0.068684 -0.465725 -0.503384 0.045965 -0.198044 -0.370159 0.125072 -0.336044 -0.432412 0.116616 -0.467500 -0.414486 0.090812 -0.186388 -0.291170 0.165494 -0.291853 -0.347868 0.153097 -0.388546 -0.327521 0.094449 
0.000000 0.000000 0.000000 0.018666 -0.005968 -0.072387 0.070561 -0.430225 -0.034899 0.021912 -0.360840 0.073837 -0.012376 -0.281939 0.139297 -0.039050 -0.206475 0.184971 -0.226093 -0.200524 -0.081746 -0.379247 -0.322264 -0.087601 -0.484443 -0.425807 -0.039648 -0.144602 -0.501390 -0.042684 -0.274641 -0.544400 -0.047388 -0.391200 -0.545735 -0.045092 -0.195276 -0.457063 0.067158 -0.342995 -0.522509 0.062615 -0.474318 -0.496376 0.035956 -0.205297 -0.366892 0.122622 -0.343634 -0.427809 0.110664 -0.474081 -0.408272 0.081173 -0.192880 -0.286642 0.162707 -0.298765 -0.341822 0.147382 -0.393513 -0.320743 0.085887 
0.000000 0.000000 0.000000 0.020363 -0.006816 -0.071852 0.065227 -0.431448 -0.029808 0.014904 -0.360505 0.077146 -0.019859 -0.280600 0.141122 -0.046569 -0.204400 0.185535 -0.227180 -0.197481 -0.086538 -0.382077 -0.316786 -0.095728 -0.490085 -0.418344 -0.049824 -0.150859 -0.498893 -0.043146 -0.281456 -0.539656 -0.051208 -0.398042 -0.539223 -0.052040 -0.203500 -0.453465 0.065632 -0.352046 -0.516691 0.057801 -0.482261 -0.488927 0.027595 -0.213602 -0.362664 0.120082 -0.352529 -0.421508 0.104995 -0.481903 -0.400426 0.072044 -0.200927 -0.282712 0.160492 -0.307174 -0.336616 0.143255 -0.400156 -0.315078 0.079273 
0.000000 0.000000 0.000000 0.020755 -0.007678 -0.071653 0.057942 -0.432713 -0.026322 0.008093 -0.360152 0.079765 -0.025734 -0.279205 0.142928 -0.051435 -0.202241 0.186612 -0.228494 -0.195711 -0.090752 -0.384457 -0.313370 -0.102702 -0.494877 -0.413328 -0.059080 -0.158574 -0.497695 -0.044159 -0.289431 -0.536969 -0.054939 -0.405947 -0.535081 -0.058610 -0.210759 -0.451419 0.063989 -0.359608 -0.513493 0.053259 -0.488761 -0.484350 0.019950 -0.219821 -0.359252 0.117701 -0.358994 -0.416649 0.099611 -0.487295 -0.394259 0.063477 -0.206257 -0.278337 0.157876 -0.312825 -0.330715 0.138096 -0.404081 -0.308844 0.071786 
0.000000 0.000000 0.000000 0.022129 -0.007950 -0.071211 0.054206 -0.433286 -0.024808 0.002930 -0.360137 0.080190 -0.031375 -0.278801 0.142590 -0.057200 -0.201546 0.185684 -0.228267 -0.193833 -0.095612 -0.384950 -0.310146 -0.110880 -0.497289 -0.409035 -0.069798 -0.162438 -0.496186 -0.047810 -0.293372 -0.534201 -0.061711 -0.409757 -0.531154 -0.067917 -0.216295 -0.449454 0.059278 -0.365398 -0.510203 0.045055 -0.493573 -0.479815 0.009176 -0.225648 -0.356893 0.113039 -0.364954 -0.412890 0.091849 -0.492219 -0.389154 0.053013 -0.211970 -0.276445 0.153709 -0.318501 -0.328000 0.131699 -0.408188 -0.305509 0.063481 
0.000000 0.000000 0.000000 0.022909 -0.007875 -0.070972 0.051312 -0.433589 -0.025656 -0.000662 -0.360415 0.078981 -0.035104 -0.279037 0.141252 -0.060868 -0.201738 0.184304 -0.228269 -0.192238 -0.098642 -0.385441 -0.307601 -0.115956 -0.498891 -0.405885 -0.076510 -0.165450 -0.494796 -0.051891 -0.296454 -0.531788 -0.067747 -0.412728 -0.527927 -0.075399 -0.220265 -0.447972 0.054839 -0.369626 -0.507523 0.038418 -0.497145 -0.476114 0.001112 -0.229433 -0.355860 0.108872 -0.368778 -0.410946 0.085655 -0.495430 -0.386216 0.045457 -0.215676 -0.275537 0.150034 -0.322233 -0.326334 0.126445 -0.410957 -0.303086 0.057230 
0.000000 0.000000 0.000000 0.022353 -0.007797 -0.071158 0.045867 -0.434045 -0.028126 -0.004536 -0.360771 0.077207 -0.037581 -0.279295 0.140101 -0.062123 -0.201905 0.183701 -0.229726 -0.190453 -0.101810 -0.387460 -0.304747 -0.120990 -0.502139 -0.402285 -0.083280 -0.171111 -0.493627 -0.056246 -0.302247 -0.529636 -0.073240 -0.418404 -0.524799 -0.082033 -0.224684 -0.446136 0.050333 -0.374416 -0.504196 0.032056 -0.501254 -0.471520 -0.006461 -0.232269 -0.354314 0.105718 -0.371873 -0.408107 0.081063 -0.497912 -0.382024 0.039808 -0.217388 -0.273781 0.147468 -0.324260 -0.323255 0.122528 -0.412088 -0.298931 0.052544 
0.000000 0.000000 0.000000 0.024180 -0.007496 -0.070591 0.046390 -0.433942 -0.028849 -0.006684 -0.361105 0.075470 -0.041308 -0.279888 0.137849 -0.066935 -0.202678 0.181142 -0.228553 -0.188303 -0.106384 -0.386697 -0.301441 -0.128782 -0.502247 -0.398670 -0.092982 -0.170357 -0.492300 -0.061026 -0.301353 -0.527569 -0.080474 -0.417377 -0.522163 -0.090589 -0.226762 -0.445409 0.044920 -0.376445 -0.502748 0.024141 -0.502721 -0.469323 -0.015564 -0.236027 -0.354055 0.101831 -0.375653 -0.407237 0.076003 -0.501172 -0.380174 0.033805 -0.221906 -0.274280 0.143149 -0.328576 -0.323564 0.116997 -0.415619 -0.298487 0.046303 
0.000000 0.000000 0.000000 0.023648 -0.007086 -0.070813 0.046089 -0.433773 -0.031741 -0.006188 -0.361541 0.073399 -0.040327 -0.280686 0.136511 -0.065613 -0.203727 0.180447 -0.227694 -0.189067 -0.110263 -0.384967 -0.302939 -0.134948 -0.500533 -0.400837 -0.101076 -0.170061 -0.492674 -0.066815 -0.300696 -0.528272 -0.088013 -0.416618 -0.523216 -0.099399 -0.225477 -0.446553 0.039345 -0.374624 -0.504373 0.016183 -0.500550 -0.471179 -0.024806 -0.234562 -0.354332 0.096980 -0.373840 -0.407141 0.068633 -0.498942 -0.380036 0.025240 -0.219993 -0.275193 0.139878 -0.326255 -0.324384 0.111953 -0.412716 -0.299326 0.040540 
0.000000 0.000000 0.000000 0.023937 -0.006619 -0.070761 0.048560 -0.433360 -0.033636 -0.004482 -0.361915 0.071657 -0.039284 -0.281549 0.135031 -0.065144 -0.204939 0.179241 -0.225390 -0.190780 -0.112798 -0.381403 -0.306016 -0.139101 -0.496547 -0.404894 -0.106669 -0.166817 -0.493880 -0.070652 -0.296985 -0.530458 -0.093023 -0.412863 -0.526047 -0.105100 -0.222902 -0.448402 0.035781 -0.371458 -0.507226 0.011380 -0.497353 -0.474506 -0.030085 -0.232448 -0.357062 0.093810 -0.370958 -0.411209 0.064251 -0.496018 -0.384841 0.020287 -0.218370 -0.278496 0.138040 -0.323838 -0.329127 0.109681 -0.410056 -0.304177 0.037937 
0.000000 0.000000 0.000000 0.025304 -0.006151 -0.070326 0.055219 -0.432576 -0.033458 -0.000714 -0.362077 0.070973 -0.037778 -0.282324 0.133837 -0.065504 -0.206166 0.177697 -0.222865 -0.191656 -0.113292 -0.378154 -0.307733 -0.140177 -0.492346 -0.407941 -0.108471 -0.159718 -0.494235 -0.071147 -0.289620 -0.531500 -0.093925 -0.405491 -0.528316 -0.106443 -0.218123 -0.450572 0.033874 -0.365992 -0.510761 0.008642 -0.492082 -0.479334 -0.033225 -0.230187 -0.359739 0.092614 -0.368157 -0.415250 0.063055 -0.493362 -0.390105 0.018790 -0.217651 -0.281922 0.136483 -0.322377 -0.334067 0.108115 -0.408526 -0.309791 0.036059 
0.000000 0.000000 0.000000 0.026006 -0.006192 -0.070066 0.060980 -0.432007 -0.030686 0.003232 -0.361685 0.072873 -0.035397 -0.282086 0.134985 -0.064473 -0.206060 0.178195 -0.219030 -0.195490 -0.114449 -0.372358 -0.313940 -0.142222 -0.485582 -0.415510 -0.111386 -0.152589 -0.497020 -0.070454 -0.281665 -0.536312 -0.094489 -0.397412 -0.534703 -0.108387 -0.212620 -0.453217 0.034088 -0.359430 -0.515471 0.007708 -0.485455 -0.485834 -0.035635 -0.226179 -0.362562 0.092096 -0.362981 -0.420269 0.061342 -0.487914 -0.396610 0.015514 -0.215296 -0.283891 0.135992 -0.319110 -0.337464 0.106942 -0.404579 -0.314282 0.033725 
0.000000 0.000000 0.000000 0.026741 -0.006335 -0.069776 0.065139 -0.431600 -0.027727 0.005759 -0.361244 0.074881 -0.034184 -0.281661 0.136179 -0.064358 -0.205669 0.178688 -0.216423 -0.197687 -0.115623 -0.368580 -0.317422 -0.144311 -0.481249 -0.419827 -0.114216 -0.147548 -0.498168 -0.069593 -0.276091 -0.538400 -0.094895 -0.391706 -0.537872 -0.109931 -0.208700 -0.454955 0.033651 -0.354562 -0.518693 0.005609 -0.480437 -0.490421 -0.039063 -0.223784 -0.363934 0.091497 -0.359740 -0.422928 0.059457 -0.484370 -0.400485 0.012216 -0.213970 -0.285017 0.135025 -0.316951 -0.339634 0.104971 -0.401780 -0.317461 0.030705 
0.000000 0.000000 0.000000 0.027131 -0.006397 -0.069619 0.068202 -0.431241 -0.025877 0.007834 -0.360932 0.076186 -0.032951 -0.281408 0.137003 -0.063852 -0.205474 0.179093 -0.214266 -0.199797 -0.116203 -0.365317 -0.320815 -0.145352 -0.477393 -0.423956 -0.115559 -0.143730 -0.499611 -0.068667 -0.271815 -0.540932 -0.094527 -0.387351 -0.541325 -0.110160 -0.205801 -0.456250 0.034369 -0.351104 -0.521080 0.005928 -0.476921 -0.493848 -0.039543 -0.221760 -0.365269 0.091922 -0.357148 -0.425402 0.059596 -0.481655 -0.403903 0.011597 -0.212752 -0.285954 0.135068 -0.315243 -0.341349 0.104765 -0.399792 -0.319875 0.029976 
0.000000 0.000000 0.000000 0.027225 -0.006237 -0.069598 0.071490 -0.430728 -0.025550 0.010524 -0.360812 0.076428 -0.030904 -0.281561 0.137166 -0.062408 -0.205836 0.179186 -0.212839 -0.201222 -0.116463 -0.363056 -0.323231 -0.145788 -0.474372 -0.427227 -0.116116 -0.139844 -0.500530 -0.068975 -0.267569 -0.542716 -0.095221 -0.383072 -0.543995 -0.111046 -0.202223 -0.457773 0.033863 -0.346921 -0.523720 0.004913 -0.472858 -0.497465 -0.040803 -0.218885 -0.367007 0.091604 -0.353678 -0.428278 0.058933 -0.478299 -0.407874 0.010752 -0.210500 -0.287610 0.134823 -0.312435 -0.343896 0.104287 -0.397069 -0.323171 0.029383 
0.000000 0.000000 0.000000 0.028403 -0.005848 -0.069159 0.075849 -0.430003 -0.025184 0.012602 -0.360852 0.075921 -0.030529 -0.282106 0.136127 -0.063403 -0.206757 0.177772 -0.211046 -0.201336 -0.117065 -0.360878 -0.323659 -0.147042 -0.471642 -0.428331 -0.117684 -0.135143 -0.500304 -0.069458 -0.262661 -0.542792 -0.096215 -0.378144 -0.544646 -0.112134 -0.199807 -0.458270 0.032714 -0.344274 -0.524527 0.003327 -0.470337 -0.498844 -0.042366 -0.217766 -0.368913 0.090075 -0.352025 -0.431159 0.057052 -0.476770 -0.411583 0.008847 -0.210963 -0.289436 0.133314 -0.312532 -0.346345 0.102712 -0.397283 -0.326231 0.027774 
0.000000 0.000000 0.000000 0.028611 -0.005953 -0.069064 0.076240 -0.429992 -0.024181 0.012645 -0.360705 0.076613 -0.030722 -0.281881 0.136549 -0.063774 -0.206481 0.177960 -0.210405 -0.201816 -0.117595 -0.359966 -0.324375 -0.147962 -0.470697 -0.429138 -0.118802 -0.134395 -0.500774 -0.069380 -0.261697 -0.543553 -0.096697 -0.377133 -0.545609 -0.112931 -0.199305 -0.458861 0.032830 -0.343461 -0.525621 0.003051 -0.469441 -0.500178 -0.043005 -0.217234 -0.369875 0.089817 -0.350975 -0.432972 0.056307 -0.475666 -0.413873 0.007773 -0.210902 -0.289874 0.133404 -0.312173 -0.347275 0.102737 -0.396881 -0.327864 0.027564 
0.000000 0.000000 0.000000 0.028918 -0.006293 -0.068906 0.075599 -0.430221 -0.022017 0.011661 -0.360399 0.078190 -0.031843 -0.281248 0.137592 -0.064953 -0.205617 0.178532 -0.209931 -0.202237 -0.117936 -0.359387 -0.324845 -0.148615 -0.470403 -0.429359 -0.119651 -0.134948 -0.500861 -0.067846 -0.262196 -0.543555 -0.095544 -0.377540 -0.545551 -0.112424 -0.200002 -0.458638 0.033220 -0.343963 -0.525453 0.002634 -0.469672 -0.500046 -0.044174 -0.218184 -0.369312 0.090312 -0.351803 -0.432460 0.056411 -0.476227 -0.413459 0.007160 -0.211923 -0.289056 0.133541 -0.313085 -0.346489 0.102573 -0.397503 -0.327704 0.026917 
0.000000 0.000000 0.000000 0.029004 -0.006676 -0.068834 0.074066 -0.430579 -0.020164 0.010224 -0.360121 0.079659 -0.033086 -0.280574 0.138672 -0.065986 -0.204658 0.179254 -0.210840 -0.201636 -0.116916 -0.360919 -0.323629 -0.147002 -0.472352 -0.427622 -0.117762 -0.136730 -0.500392 -0.066113 -0.264129 -0.542586 -0.093883 -0.379440 -0.544286 -0.111016 -0.201875 -0.457482 0.034831 -0.346132 -0.523701 0.004342 -0.471672 -0.498106 -0.042815 -0.219865 -0.368299 0.092504 -0.353798 -0.431203 0.059398 -0.478083 -0.412281 0.009768 -0.213145 -0.287968 0.134646 -0.314438 -0.345312 0.103942 -0.398910 -0.327135 0.028198 
0.000000 0.000000 0.000000 0.029090 -0.007019 -0.068763 0.073366 -0.430785 -0.018223 0.009501 -0.359795 0.081207 -0.033757 -0.279924 0.139819 -0.066586 -0.203781 0.180030 -0.211033 -0.201784 -0.116239 -0.361287 -0.323654 -0.145946 -0.472925 -0.427358 -0.116458 -0.137486 -0.500528 -0.064024 -0.264919 -0.542678 -0.091705 -0.380217 -0.544342 -0.108930 -0.202597 -0.457159 0.036386 -0.346854 -0.523381 0.005902 -0.472325 -0.497830 -0.041464 -0.220385 -0.367879 0.093474 -0.354208 -0.430948 0.060242 -0.478408 -0.412306 0.010292 -0.213613 -0.287393 0.135552 -0.314814 -0.344946 0.104936 -0.399377 -0.327591 0.029100 
0.000000 0.000000 0.000000 0.028524 -0.007583 -0.068940 0.070272 -0.431371 -0.016471 0.007645 -0.359418 0.083053 -0.034623 -0.278941 0.141560 -0.066626 -0.202362 0.181608 -0.211379 -0.202266 -0.117840 -0.361495 -0.324086 -0.148438 -0.473674 -0.427336 -0.119414 -0.140045 -0.501423 -0.064214 -0.267156 -0.543761 -0.093069 -0.382314 -0.545254 -0.111220 -0.203953 -0.457019 0.036418 -0.347869 -0.523401 0.004700 -0.472892 -0.497743 -0.043781 -0.220906 -0.366662 0.093422 -0.354483 -0.429564 0.058905 -0.478230 -0.410826 0.007877 -0.213422 -0.285496 0.135499 -0.314464 -0.342719 0.103761 -0.398384 -0.325757 0.027126 
0.000000 0.000000 0.000000 0.029103 -0.007822 -0.068671 0.067861 -0.431796 -0.015410 0.004761 -0.359371 0.083471 -0.037560 -0.278585 0.141513 -0.069470 -0.201777 0.181194 -0.211675 -0.201053 -0.119013 -0.362338 -0.321964 -0.150514 -0.475426 -0.424495 -0.122490 -0.142639 -0.500314 -0.064554 -0.269859 -0.541724 -0.094256 -0.384840 -0.542638 -0.113540 -0.207129 -0.455569 0.035274 -0.351244 -0.520997 0.002492 -0.475645 -0.494718 -0.047239 -0.224110 -0.364938 0.091958 -0.357879 -0.426859 0.056424 -0.480925 -0.407259 0.004045 -0.216491 -0.283834 0.133887 -0.317688 -0.340315 0.101326 -0.400721 -0.322870 0.023838 
0.000000 0.000000 0.000000 0.029416 -0.008075 -0.068508 0.065388 -0.432207 -0.014557 0.002199 -0.359294 0.083908 -0.039946 -0.278191 0.141634 -0.071610 -0.201148 0.181059 -0.212286 -0.199714 -0.120485 -0.363527 -0.319628 -0.153008 -0.477363 -0.421447 -0.125420 -0.145275 -0.499309 -0.064944 -0.272593 -0.539863 -0.095397 -0.387466 -0.540125 -0.115332 -0.210120 -0.454035 0.034725 -0.354527 -0.518473 0.001273 -0.478459 -0.491499 -0.049248 -0.226721 -0.363370 0.090904 -0.360650 -0.424449 0.054527 -0.483245 -0.404048 0.001404 -0.218964 -0.282285 0.133206 -0.320391 -0.338133 0.100268 -0.402835 -0.320247 0.022254 
0.000000 0.000000 0.000000 0.029397 -0.008250 -0.068496 0.062914 -0.432576 -0.014497 0.000105 -0.359293 0.083937 -0.041599 -0.277946 0.141640 -0.072836 -0.200720 0.181045 -0.213111 -0.198921 -0.120269 -0.364857 -0.318231 -0.152665 -0.479361 -0.419324 -0.125172 -0.148114 -0.498487 -0.064925 -0.275654 -0.538321 -0.095403 -0.390513 -0.537878 -0.115411 -0.212660 -0.452975 0.034645 -0.357369 -0.516691 0.001120 -0.481104 -0.489011 -0.049505 -0.228834 -0.361944 0.090639 -0.363093 -0.422176 0.054068 -0.485489 -0.400784 0.000875 -0.220557 -0.280955 0.132804 -0.322236 -0.336182 0.099599 -0.404511 -0.317721 0.021540 
0.000000 0.000000 0.000000 0.029682 -0.008275 -0.068370 0.060723 -0.432871 -0.015014 -0.002174 -0.359445 0.083257 -0.043729 -0.277989 0.140912 -0.074751 -0.200674 0.180314 -0.213476 -0.197533 -0.122235 -0.365629 -0.315959 -0.155941 -0.480702 -0.416596 -0.129159 -0.150477 -0.497255 -0.066678 -0.278121 -0.536167 -0.097902 -0.392900 -0.535181 -0.118345 -0.215443 -0.451393 0.032894 -0.360496 -0.513931 -0.001359 -0.483893 -0.485523 -0.052403 -0.231285 -0.360297 0.088360 -0.365774 -0.419318 0.050677 -0.487775 -0.397050 -0.003063 -0.222710 -0.279781 0.130951 -0.324552 -0.334231 0.096973 -0.406326 -0.315190 0.018528 
0.000000 0.000000 0.000000 0.030231 -0.008480 -0.068103 0.059481 -0.433084 -0.013807 -0.004011 -0.359300 0.083812 -0.045793 -0.277620 0.140984 -0.076903 -0.200144 0.179998 -0.213076 -0.197041 -0.123715 -0.365322 -0.315030 -0.158513 -0.480938 -0.415309 -0.132747 -0.151424 -0.496951 -0.067288 -0.278889 -0.535551 -0.099610 -0.393454 -0.534198 -0.121198 -0.217105 -0.450545 0.031468 -0.362039 -0.512604 -0.004132 -0.484880 -0.483851 -0.056312 -0.233061 -0.359374 0.086572 -0.367344 -0.417996 0.047555 -0.488689 -0.395319 -0.007484 -0.224573 -0.278821 0.129110 -0.326218 -0.332975 0.094081 -0.407177 -0.313850 0.014817 
0.000000 0.000000 0.000000 0.031160 -0.009082 -0.067605 0.059804 -0.433164 -0.009078 -0.005038 -0.358530 0.086995 -0.047621 -0.276355 0.142852 -0.079285 -0.198543 0.180736 -0.210792 -0.198644 -0.125670 -0.362190 -0.317261 -0.162002 -0.478106 -0.417394 -0.137032 -0.150208 -0.497700 -0.065206 -0.277134 -0.536703 -0.099129 -0.391364 -0.535543 -0.122436 -0.217179 -0.450439 0.032012 -0.361465 -0.512950 -0.005384 -0.483460 -0.484642 -0.059746 -0.233712 -0.358899 0.085664 -0.367151 -0.418089 0.044658 -0.487644 -0.395706 -0.012336 -0.225925 -0.277919 0.127987 -0.326860 -0.332555 0.091678 -0.406557 -0.314152 0.010975 
0.000000 0.000000 0.000000 0.031752 -0.009666 -0.067248 0.057853 -0.433487 -0.005709 -0.007540 -0.357928 0.089262 -0.050262 -0.275195 0.144180 -0.081915 -0.196993 0.181259 -0.210637 -0.198280 -0.126565 -0.362309 -0.316303 -0.163682 -0.478969 -0.415694 -0.139214 -0.151797 -0.497534 -0.063717 -0.278504 -0.536242 -0.098777 -0.392469 -0.534720 -0.123330 -0.219481 -0.449280 0.032601 -0.363630 -0.511412 -0.005936 -0.484912 -0.482992 -0.061814 -0.236079 -0.357432 0.085677 -0.369322 -0.416401 0.043726 -0.488980 -0.393865 -0.014943 -0.228285 -0.276068 0.127323 -0.329034 -0.330498 0.090196 -0.407738 -0.312338 0.008471 
0.000000 0.000000 0.000000 0.032100 -0.010130 -0.067014 0.054651 -0.433922 -0.003893 -0.010770 -0.357557 0.090411 -0.053217 -0.274322 0.144781 -0.084517 -0.195761 0.181399 -0.211344 -0.197097 -0.127220 -0.363675 -0.314089 -0.164893 -0.481214 -0.412563 -0.140929 -0.155151 -0.496568 -0.062876 -0.281949 -0.534429 -0.098523 -0.395717 -0.532159 -0.123919 -0.223038 -0.447539 0.032792 -0.367410 -0.508739 -0.006397 -0.488054 -0.479637 -0.063295 -0.239229 -0.355416 0.085310 -0.372611 -0.413566 0.042665 -0.491639 -0.390398 -0.017031 -0.231070 -0.273857 0.126539 -0.331945 -0.327612 0.088778 -0.409876 -0.309245 0.006361 
0.000000 0.000000 0.000000 0.032458 -0.010538 -0.066778 0.052922 -0.434150 -0.001767 -0.012752 -0.357131 0.091825 -0.055187 -0.273501 0.145595 -0.086389 -0.194663 0.181699 -0.211173 -0.196938 -0.127973 -0.363622 -0.313576 -0.166265 -0.481690 -0.411514 -0.142713 -0.156509 -0.496330 -0.062532 -0.283084 -0.533910 -0.099257 -0.396657 -0.531209 -0.125464 -0.224803 -0.446651 0.032705 -0.369027 -0.507537 -0.007505 -0.489114 -0.478115 -0.065408 -0.240795 -0.354544 0.084806 -0.373888 -0.412657 0.041216 -0.492341 -0.389146 -0.019480 -0.232585 -0.272687 0.125795 -0.333214 -0.326393 0.087314 -0.410358 -0.307919 0.004185 
0.000000 0.000000 0.000000 0.032438 -0.010746 -0.066755 0.051399 -0.434335 -0.001143 -0.014027 -0.356955 0.092324 -0.056182 -0.273100 0.145966 -0.087115 -0.194102 0.181951 -0.211629 -0.196602 -0.127872 -0.364350 -0.312898 -0.166116 -0.482722 -0.410468 -0.142557 -0.158242 -0.495876 -0.061835 -0.284943 -0.533070 -0.098515 -0.398434 -0.529962 -0.125035 -0.226309 -0.445622 0.032750 -0.370691 -0.505927 -0.007769 -0.490520 -0.476139 -0.066018 -0.241890 -0.353791 0.085015 -0.375054 -0.411652 0.041310 -0.493257 -0.387799 -0.019740 -0.233464 -0.271578 0.125684 -0.334198 -0.324906 0.086954 -0.410880 -0.305983 0.003498 
0.000000 0.000000 0.000000 0.031810 -0.010425 -0.067107 0.051731 -0.434283 -0.003541 -0.012865 -0.357368 0.090884 -0.054575 -0.273785 0.145291 -0.085229 -0.194972 0.181915 -0.212753 -0.196024 -0.127007 -0.365786 -0.312159 -0.164489 -0.483830 -0.409947 -0.140200 -0.158353 -0.495276 -0.063245 -0.285322 -0.532138 -0.099329 -0.398993 -0.528868 -0.125044 -0.225371 -0.446819 0.033311 -0.369904 -0.507657 -0.005846 -0.490316 -0.477524 -0.062698 -0.240646 -0.354512 0.085505 -0.374071 -0.412398 0.042634 -0.492796 -0.388498 -0.017376 -0.232021 -0.272044 0.126254 -0.333061 -0.325095 0.087941 -0.410206 -0.305423 0.005088 
0.000000 0.000000 0.000000 0.030650 -0.009746 -0.067746 0.056356 -0.433669 -0.006750 -0.007277 -0.357932 0.089268 -0.048856 -0.275080 0.144881 -0.079664 -0.196789 0.182480 -0.212936 -0.197658 -0.124328 -0.365356 -0.315240 -0.159733 -0.481886 -0.414300 -0.133377 -0.154040 -0.496872 -0.062955 -0.281197 -0.535069 -0.096925 -0.395257 -0.532472 -0.120941 -0.219827 -0.449187 0.034773 -0.364390 -0.511254 -0.002291 -0.486027 -0.481944 -0.056923 -0.234814 -0.358380 0.088364 -0.368158 -0.418112 0.047838 -0.488101 -0.395095 -0.010057 -0.226543 -0.275056 0.128747 -0.327642 -0.328928 0.091762 -0.406161 -0.309290 0.010201 
0.000000 0.000000 0.000000 0.031712 -0.009125 -0.067342 0.066771 -0.432210 -0.005189 0.000160 -0.357853 0.089882 -0.044071 -0.275923 0.144812 -0.077204 -0.198327 0.181871 -0.211356 -0.198648 -0.120682 -0.363452 -0.317239 -0.154059 -0.478104 -0.417622 -0.124646 -0.143826 -0.497331 -0.058373 -0.271104 -0.536689 -0.090516 -0.385527 -0.534921 -0.112822 -0.212052 -0.451913 0.038960 -0.356386 -0.515887 0.004325 -0.479593 -0.488344 -0.047641 -0.229707 -0.362065 0.091589 -0.362819 -0.423834 0.053425 -0.484102 -0.402624 -0.002330 -0.223284 -0.280070 0.131227 -0.323834 -0.336336 0.096367 -0.403933 -0.317644 0.016131 