66
0.000000 0.000000 0.000000 -0.038567 -0.051137 -0.039006 -0.205668 -0.215634 0.320145 -0.127823 -0.101573 0.330880 -0.069211 -0.023778 0.306089 -0.021273 0.037583 0.276597 -0.255796 -0.038968 0.185738 -0.391724 -0.031354 0.326368 -0.503640 -0.058773 0.430338 -0.354395 -0.195336 0.490111 -0.466109 -0.116438 0.498902 -0.521444 -0.038980 0.431586 -0.300334 -0.075915 0.492299 -0.434233 0.014533 0.488437 -0.441663 0.083616 0.370914 -0.215546 -0.001038 0.457029 -0.352182 0.064648 0.454431 -0.334105 0.096368 0.324296 -0.168574 0.087687 0.356462 -0.269964 0.122175 0.411434 -0.273204 0.132167 0.297010 
0.000000 0.000000 0.000000 -0.037476 -0.051915 -0.039042 -0.213272 -0.210354 0.318679 -0.135935 -0.095939 0.329325 -0.076863 -0.018464 0.304627 -0.028311 0.042471 0.275256 -0.262050 -0.034846 0.178033 -0.402573 -0.024164 0.313865 -0.511920 -0.039942 0.422866 -0.362124 -0.182673 0.487490 -0.469089 -0.097013 0.489144 -0.517826 -0.018496 0.418059 -0.312916 -0.061494 0.484134 -0.443700 0.033325 0.478713 -0.447446 0.103658 0.361758 -0.220919 0.006240 0.457438 -0.355039 0.076509 0.449385 -0.334699 0.107133 0.319322 -0.166765 0.090515 0.370693 -0.275548 0.131586 0.401853 -0.276428 0.140623 0.287307 
0.000000 0.000000 0.000000 -0.040305 -0.049370 -0.039522 -0.229659 -0.196608 0.316058 -0.145279 -0.087386 0.327712 -0.081112 -0.013825 0.303769 -0.028453 0.043910 0.275015 -0.270749 -0.036029 0.171578 -0.414947 -0.027682 0.303672 -0.518840 -0.024523 0.418923 -0.380922 -0.161477 0.481301 -0.484119 -0.071544 0.474615 -0.521790 0.004235 0.394419 -0.321105 -0.045580 0.482023 -0.444737 0.057013 0.464300 -0.443181 0.124624 0.345701 -0.226614 0.015697 0.454339 -0.359339 0.088399 0.444883 -0.336321 0.116869 0.314777 -0.174056 0.102442 0.352218 -0.274277 0.142730 0.405358 -0.273615 0.150260 0.290702 
0.000000 0.000000 0.000000 -0.042802 -0.047021 -0.039761 -0.241003 -0.184527 0.314894 -0.150850 -0.080077 0.327061 -0.082707 -0.010059 0.303488 -0.026897 0.044791 0.275030 -0.275853 -0.034824 0.168529 -0.421681 -0.027191 0.298863 -0.520378 -0.012679 0.417755 -0.384569 -0.143209 0.485485 -0.483692 -0.049465 0.472486 -0.514404 0.021204 0.384989 -0.326000 -0.030332 0.479778 -0.447424 0.074292 0.458934 -0.441315 0.136725 0.337673 -0.229093 0.025739 0.451822 -0.360525 0.100606 0.441264 -0.336057 0.126035 0.310793 -0.170088 0.107240 0.353660 -0.268650 0.150225 0.407782 -0.268868 0.157499 0.293108 
0.000000 0.000000 0.000000 -0.044084 -0.045573 -0.040045 -0.249207 -0.176204 0.313270 -0.155684 -0.074835 0.326036 -0.085068 -0.007154 0.302917 -0.027256 0.045780 0.274832 -0.278089 -0.034634 0.167243 -0.424514 -0.027789 0.296950 -0.519860 -0.007165 0.417659 -0.392862 -0.138700 0.484667 -0.491497 -0.045153 0.467288 -0.516481 0.022366 0.375581 -0.330189 -0.025932 0.479760 -0.451149 0.078682 0.456326 -0.441651 0.138129 0.333789 -0.232437 0.029801 0.449989 -0.363828 0.104489 0.437786 -0.336937 0.127897 0.307413 -0.170664 0.107180 0.353891 -0.269375 0.149443 0.408309 -0.269094 0.157194 0.293666 
0.000000 0.000000 0.000000 -0.043945 -0.045139 -0.040684 -0.256068 -0.173024 0.309487 -0.161645 -0.072675 0.323615 -0.089929 -0.005808 0.301538 -0.031099 0.046448 0.274311 -0.283179 -0.041415 0.160808 -0.432877 -0.039084 0.286889 -0.526150 -0.012394 0.408027 -0.400454 -0.140722 0.481328 -0.495868 -0.046458 0.453179 -0.513400 0.017534 0.357310 -0.340084 -0.022801 0.472432 -0.462331 0.080579 0.450232 -0.445753 0.136940 0.326992 -0.242364 0.036485 0.441855 -0.374125 0.111254 0.435576 -0.340756 0.131554 0.306184 -0.175663 0.107612 0.351423 -0.275171 0.149712 0.404500 -0.271536 0.156984 0.289883 
0.000000 0.000000 0.000000 -0.042049 -0.045836 -0.041890 -0.258450 -0.180931 0.302916 -0.166650 -0.078573 0.319674 -0.096031 -0.009947 0.299542 -0.037851 0.043814 0.273895 -0.285455 -0.058162 0.154191 -0.437763 -0.065875 0.276886 -0.528829 -0.035470 0.398826 -0.404370 -0.153839 0.474361 -0.497496 -0.059513 0.439546 -0.509449 0.002538 0.341566 -0.347162 -0.035849 0.468216 -0.465936 0.068684 0.435199 -0.442129 0.123375 0.312392 -0.244444 0.021814 0.446778 -0.373662 0.097724 0.423728 -0.334422 0.117678 0.295938 -0.183614 0.103197 0.350140 -0.283945 0.144070 0.402621 -0.276237 0.151903 0.288243 
0.000000 0.000000 0.000000 -0.041495 -0.045426 -0.042879 -0.261847 -0.184425 0.297849 -0.170369 -0.082162 0.316798 -0.099591 -0.013254 0.298248 -0.041169 0.040837 0.273877 -0.288332 -0.064952 0.148266 -0.442786 -0.077170 0.267872 -0.534688 -0.046426 0.389099 -0.412718 -0.161435 0.465568 -0.507908 -0.069521 0.429893 -0.517215 -0.008374 0.331062 -0.355539 -0.043987 0.460775 -0.475776 0.057648 0.424199 -0.447083 0.110872 0.301793 -0.253851 0.015066 0.440078 -0.385050 0.086395 0.413817 -0.340020 0.105344 0.287797 -0.189263 0.095945 0.348827 -0.291199 0.133877 0.400417 -0.281203 0.142290 0.286258 
0.000000 0.000000 0.000000 -0.039910 -0.046400 -0.043337 -0.271291 -0.179298 0.292478 -0.180761 -0.076388 0.312454 -0.109570 -0.007639 0.294928 -0.050493 0.046143 0.271463 -0.292563 -0.073191 0.139132 -0.450657 -0.089955 0.253309 -0.547706 -0.057221 0.369914 -0.424750 -0.156029 0.457794 -0.520315 -0.068518 0.413170 -0.526293 -0.013616 0.310490 -0.370303 -0.042338 0.451698 -0.490604 0.054258 0.403517 -0.457326 0.102553 0.280231 -0.271848 0.022467 0.427113 -0.405326 0.088278 0.398072 -0.353849 0.103204 0.273994 -0.202238 0.098999 0.340500 -0.306687 0.135381 0.388018 -0.294174 0.141001 0.273935 
0.000000 0.000000 0.000000 -0.035833 -0.050525 -0.042274 -0.272396 -0.178937 0.291671 -0.188082 -0.070502 0.309503 -0.119917 0.000997 0.290973 -0.062853 0.056631 0.266859 -0.293986 -0.080252 0.131852 -0.455521 -0.098853 0.240809 -0.555716 -0.064511 0.354248 -0.432154 -0.155553 0.450891 -0.530913 -0.074752 0.400892 -0.534091 -0.025630 0.295203 -0.385714 -0.036865 0.437113 -0.511035 0.050704 0.384661 -0.474874 0.094597 0.260544 -0.287924 0.030420 0.415959 -0.423474 0.089748 0.382833 -0.367841 0.101582 0.260224 -0.218546 0.103560 0.331230 -0.325713 0.135861 0.375538 -0.311759 0.139201 0.261532 
0.000000 0.000000 0.000000 -0.033734 -0.052967 -0.040993 -0.272315 -0.175946 0.293560 -0.191283 -0.064653 0.308817 -0.124779 0.008003 0.288812 -0.068846 0.064306 0.263621 -0.292695 -0.088089 0.130913 -0.454736 -0.110067 0.238480 -0.556136 -0.074410 0.350433 -0.433193 -0.154109 0.451869 -0.533658 -0.080032 0.395286 -0.535835 -0.036809 0.287027 -0.389888 -0.032714 0.435350 -0.516827 0.048220 0.376523 -0.479370 0.086289 0.250876 -0.295189 0.036245 0.410782 -0.431985 0.088773 0.371815 -0.372867 0.096208 0.250498 -0.226125 0.107584 0.326683 -0.334382 0.137374 0.370090 -0.319993 0.137919 0.256091 
0.000000 0.000000 0.000000 -0.030738 -0.056352 -0.038775 -0.273624 -0.169392 0.296186 -0.197013 -0.054521 0.307165 -0.132613 0.019319 0.284757 -0.078058 0.076167 0.257831 -0.289858 -0.097029 0.131661 -0.451999 -0.122482 0.238308 -0.555058 -0.083845 0.347728 -0.435978 -0.146664 0.452855 -0.537526 -0.081681 0.387684 -0.536722 -0.047366 0.276262 -0.397872 -0.025080 0.430710 -0.526914 0.044770 0.362934 -0.484540 0.073358 0.236338 -0.304024 0.046517 0.405556 -0.440223 0.089790 0.354879 -0.375818 0.090419 0.236052 -0.238546 0.115470 0.315146 -0.349014 0.142523 0.354597 -0.331576 0.137236 0.241146 
0.000000 0.000000 0.000000 -0.028131 -0.058771 -0.037128 -0.275975 -0.165236 0.296353 -0.202986 -0.047791 0.304384 -0.140190 0.026954 0.280476 -0.086630 0.084252 0.252523 -0.290733 -0.131111 0.116668 -0.447340 -0.136780 0.233943 -0.553074 -0.099400 0.341227 -0.440396 -0.144961 0.451191 -0.543505 -0.088428 0.380801 -0.539954 -0.060163 0.267745 -0.407303 -0.022705 0.423126 -0.535602 0.036560 0.344693 -0.488762 0.058977 0.218428 -0.315873 0.050532 0.395772 -0.453221 0.082135 0.339847 -0.384016 0.079216 0.223786 -0.250824 0.118937 0.301753 -0.363841 0.142812 0.335639 -0.342733 0.133314 0.223090 
0.000000 0.000000 0.000000 -0.025681 -0.061033 -0.035205 -0.273846 -0.163449 0.299304 -0.204958 -0.043366 0.303725 -0.144427 0.032539 0.277720 -0.092490 0.090554 0.248227 -0.289130 -0.132291 0.117645 -0.446535 -0.137357 0.233875 -0.553576 -0.100143 0.339913 -0.438618 -0.140861 0.453448 -0.541982 -0.087817 0.380754 -0.538244 -0.063003 0.266897 -0.410689 -0.018778 0.420107 -0.541395 0.035593 0.342104 -0.493212 0.055079 0.215858 -0.320655 0.055124 0.392382 -0.458572 0.082199 0.335492 -0.387674 0.077528 0.220515 -0.257430 0.122526 0.296795 -0.370962 0.144533 0.330226 -0.348383 0.132620 0.218193 
0.000000 0.000000 0.000000 -0.023740 -0.062863 -0.033295 -0.273327 -0.159595 0.301848 -0.207481 -0.037741 0.302762 -0.148531 0.038693 0.274750 -0.097689 0.096915 0.243794 -0.285732 -0.108866 0.131297 -0.449668 -0.137651 0.234288 -0.558065 -0.099217 0.338499 -0.442659 -0.135271 0.450693 -0.548243 -0.085757 0.378704 -0.543115 -0.063600 0.264354 -0.414992 -0.014118 0.416144 -0.547934 0.035435 0.338713 -0.498614 0.052573 0.212566 -0.326738 0.060686 0.386430 -0.466904 0.083631 0.333347 -0.394385 0.077424 0.219459 -0.263227 0.127856 0.290975 -0.377170 0.149153 0.323451 -0.353174 0.134504 0.212039 
0.000000 0.000000 0.000000 -0.022953 -0.063271 -0.033073 -0.275747 -0.159035 0.299936 -0.210699 -0.036751 0.300653 -0.151923 0.039846 0.272723 -0.101103 0.098157 0.241898 -0.286295 -0.134208 0.120109 -0.447313 -0.147471 0.230602 -0.558059 -0.109971 0.332661 -0.444903 -0.137741 0.449445 -0.548526 -0.092330 0.372100 -0.542590 -0.072113 0.257430 -0.418937 -0.018180 0.413643 -0.548887 0.025779 0.328174 -0.498667 0.041781 0.202233 -0.332316 0.060423 0.381114 -0.470780 0.079801 0.322437 -0.396498 0.073047 0.209723 -0.268529 0.126427 0.283798 -0.383772 0.145885 0.312638 -0.357428 0.129516 0.201998 
0.000000 0.000000 0.000000 -0.019767 -0.064875 -0.032007 -0.268497 -0.167025 0.302163 -0.209463 -0.041731 0.300867 -0.154401 0.037136 0.271712 -0.106390 0.097304 0.239967 -0.281118 -0.149791 0.117427 -0.440179 -0.158276 0.231177 -0.552033 -0.123140 0.332867 -0.438651 -0.149705 0.451051 -0.543730 -0.107290 0.373971 -0.538154 -0.087244 0.259253 -0.418978 -0.028311 0.412213 -0.551191 0.011445 0.328167 -0.500934 0.028320 0.202354 -0.335253 0.052966 0.380135 -0.473384 0.068480 0.319554 -0.397769 0.063451 0.207639 -0.274640 0.121325 0.281212 -0.390450 0.137859 0.309602 -0.362217 0.121764 0.199388 
0.000000 0.000000 0.000000 -0.018340 -0.065542 -0.031493 -0.267870 -0.168774 0.301747 -0.211089 -0.042455 0.299627 -0.157220 0.037093 0.270097 -0.110044 0.097794 0.238113 -0.279763 -0.147386 0.119522 -0.441213 -0.167040 0.228420 -0.554538 -0.133257 0.328934 -0.440845 -0.154818 0.447709 -0.545551 -0.115985 0.368269 -0.539291 -0.096659 0.253463 -0.421765 -0.032110 0.409094 -0.553209 0.003967 0.322229 -0.502083 0.020348 0.196702 -0.338417 0.050517 0.378269 -0.475295 0.062393 0.314127 -0.398303 0.057463 0.203150 -0.279531 0.116174 0.277133 -0.396193 0.128825 0.303991 -0.365911 0.112608 0.194340 
0.000000 0.000000 0.000000 -0.019456 -0.065036 -0.031869 -0.271335 -0.165550 0.300435 -0.212303 -0.040256 0.299072 -0.156974 0.038472 0.270047 -0.108670 0.098487 0.238458 -0.280672 -0.151259 0.117055 -0.441063 -0.164319 0.228479 -0.554448 -0.130385 0.328874 -0.443222 -0.151176 0.447636 -0.546635 -0.112637 0.366380 -0.540502 -0.093848 0.251477 -0.422682 -0.028720 0.408991 -0.552859 0.007286 0.320208 -0.502057 0.022769 0.194436 -0.338466 0.052610 0.377632 -0.474497 0.063857 0.311604 -0.397633 0.058159 0.200575 -0.278515 0.118723 0.274921 -0.395422 0.132651 0.300019 -0.364899 0.115581 0.190565 
0.000000 0.000000 0.000000 -0.018806 -0.065702 -0.030879 -0.268674 -0.164249 0.303524 -0.211059 -0.038334 0.300203 -0.156694 0.040584 0.269900 -0.109151 0.100677 0.237321 -0.281325 -0.129120 0.126943 -0.444901 -0.160097 0.229873 -0.557755 -0.125895 0.330774 -0.441650 -0.146683 0.449095 -0.547308 -0.107278 0.371213 -0.541837 -0.088856 0.256218 -0.421142 -0.025465 0.410539 -0.553690 0.010132 0.325167 -0.504111 0.024878 0.198819 -0.337494 0.055546 0.378535 -0.474445 0.066600 0.314404 -0.398505 0.060189 0.202779 -0.278845 0.121026 0.274414 -0.395650 0.135033 0.299945 -0.365290 0.117140 0.190577 
0.000000 0.000000 0.000000 -0.018874 -0.065987 -0.030222 -0.267928 -0.161439 0.305684 -0.210332 -0.035557 0.301054 -0.156048 0.043080 0.269887 -0.108589 0.102871 0.236637 -0.281375 -0.142982 0.121473 -0.442346 -0.156099 0.232052 -0.554875 -0.120009 0.332657 -0.439912 -0.141872 0.452171 -0.544227 -0.102806 0.372331 -0.538834 -0.085589 0.257146 -0.420182 -0.020388 0.411541 -0.551728 0.015010 0.324551 -0.502121 0.028062 0.198027 -0.337067 0.060064 0.377857 -0.473818 0.071643 0.313392 -0.397807 0.063944 0.201897 -0.278158 0.124155 0.273778 -0.394876 0.138805 0.299343 -0.364805 0.119847 0.190075 
0.000000 0.000000 0.000000 -0.018699 -0.066245 -0.029763 -0.269844 -0.158741 0.305411 -0.212199 -0.032911 0.300043 -0.157709 0.045446 0.268531 -0.110033 0.104939 0.235057 -0.281082 -0.147563 0.119864 -0.440841 -0.151846 0.232869 -0.553980 -0.114643 0.332379 -0.441374 -0.136829 0.452098 -0.544929 -0.097691 0.371311 -0.538943 -0.081595 0.255993 -0.422359 -0.016217 0.409717 -0.552865 0.019205 0.321185 -0.502500 0.031207 0.194857 -0.337274 0.064055 0.378638 -0.473169 0.076232 0.312493 -0.396523 0.067472 0.201513 -0.279434 0.128809 0.271388 -0.396035 0.145240 0.296396 -0.365639 0.125099 0.187430 
0.000000 0.000000 0.000000 -0.018708 -0.066367 -0.029484 -0.269373 -0.157689 0.306370 -0.211792 -0.031854 0.300444 -0.157379 0.046405 0.268561 -0.109774 0.105791 0.234796 -0.280942 -0.146711 0.120930 -0.440892 -0.151742 0.233632 -0.554089 -0.114232 0.332961 -0.440254 -0.136160 0.453870 -0.543251 -0.097479 0.372154 -0.537387 -0.081603 0.256799 -0.422551 -0.015543 0.409022 -0.553906 0.018633 0.321259 -0.503644 0.030269 0.194856 -0.337738 0.065662 0.377250 -0.474093 0.078067 0.312104 -0.397185 0.068915 0.201336 -0.279106 0.130718 0.270733 -0.395661 0.147875 0.295469 -0.365011 0.126863 0.186740 
0.000000 0.000000 0.000000 -0.019733 -0.066043 -0.029543 -0.266706 -0.156630 0.309234 -0.208017 -0.031317 0.303126 -0.153297 0.046580 0.270881 -0.105590 0.105678 0.236757 -0.276002 -0.164936 0.120098 -0.430204 -0.155130 0.240251 -0.541787 -0.116409 0.340933 -0.433052 -0.135820 0.461929 -0.536125 -0.098344 0.379749 -0.531323 -0.083492 0.264209 -0.414738 -0.016040 0.419348 -0.541204 0.017193 0.324341 -0.492360 0.027903 0.197302 -0.330730 0.064713 0.384471 -0.464942 0.073626 0.314482 -0.388722 0.063914 0.203288 -0.275043 0.130936 0.271883 -0.391681 0.148322 0.296061 -0.360970 0.125763 0.187659 
0.000000 0.000000 0.000000 -0.018416 -0.067103 -0.027963 -0.259899 -0.156416 0.315082 -0.204308 -0.029892 0.305781 -0.151790 0.048594 0.271375 -0.105848 0.108083 0.235553 -0.271795 -0.163666 0.127988 -0.426687 -0.160523 0.247611 -0.537717 -0.120146 0.348254 -0.427785 -0.134077 0.465865 -0.532750 -0.098414 0.385288 -0.527799 -0.085263 0.269549 -0.410714 -0.013485 0.422408 -0.539777 0.018334 0.330458 -0.490825 0.027449 0.203336 -0.326653 0.066939 0.388849 -0.460207 0.073634 0.317369 -0.384187 0.062927 0.206129 -0.275535 0.131754 0.270657 -0.392334 0.148047 0.294821 -0.361021 0.124632 0.186773 
0.000000 0.000000 0.000000 -0.018263 -0.067332 -0.027510 -0.258718 -0.155300 0.316603 -0.203549 -0.028660 0.306404 -0.151356 0.049779 0.271403 -0.105680 0.109193 0.235116 -0.270761 -0.167116 0.127840 -0.426027 -0.164014 0.246980 -0.537431 -0.122644 0.346802 -0.426188 -0.134372 0.468049 -0.530015 -0.100005 0.385461 -0.524483 -0.087271 0.269701 -0.409787 -0.013572 0.423506 -0.537883 0.016693 0.329697 -0.488113 0.025417 0.202865 -0.327134 0.067711 0.387568 -0.460768 0.072530 0.316088 -0.383836 0.061387 0.205521 -0.275755 0.130150 0.270070 -0.392820 0.144575 0.294130 -0.360885 0.120977 0.186304 
0.000000 0.000000 0.000000 -0.018222 -0.067396 -0.027379 -0.260290 -0.153997 0.315950 -0.204926 -0.027455 0.305596 -0.152486 0.050811 0.270578 -0.106581 0.110057 0.234305 -0.273838 -0.150177 0.132790 -0.432615 -0.164060 0.246405 -0.544976 -0.123856 0.345629 -0.431354 -0.132077 0.463180 -0.536793 -0.097957 0.382556 -0.531126 -0.085348 0.266788 -0.413849 -0.013224 0.417948 -0.546649 0.015153 0.330292 -0.496979 0.023941 0.203426 -0.331222 0.068184 0.382227 -0.467827 0.072184 0.316547 -0.390624 0.060864 0.206186 -0.276764 0.129062 0.269843 -0.393904 0.142143 0.294304 -0.361665 0.118684 0.186538 
0.000000 0.000000 0.000000 -0.016851 -0.068044 -0.026646 -0.258688 -0.155078 0.316736 -0.205647 -0.027657 0.305093 -0.154528 0.051155 0.269352 -0.109583 0.110814 0.232557 -0.272939 -0.154476 0.130816 -0.430688 -0.158846 0.246607 -0.543742 -0.120193 0.345660 -0.429938 -0.132540 0.463656 -0.536504 -0.098147 0.384645 -0.531308 -0.085527 0.268857 -0.413645 -0.012853 0.419075 -0.544075 0.016392 0.328206 -0.495153 0.025249 0.201055 -0.333729 0.069641 0.380072 -0.469312 0.075292 0.312424 -0.392040 0.063877 0.202121 -0.279657 0.130748 0.268110 -0.396722 0.144469 0.292581 -0.364340 0.120811 0.184902 
0.000000 0.000000 0.000000 -0.016161 -0.068358 -0.026265 -0.258797 -0.155141 0.316616 -0.206773 -0.027359 0.304358 -0.156156 0.051641 0.268318 -0.111548 0.111430 0.231326 -0.273802 -0.149072 0.131699 -0.432726 -0.155859 0.245752 -0.546960 -0.118641 0.343998 -0.430458 -0.133569 0.463201 -0.538289 -0.100648 0.385286 -0.532849 -0.088661 0.269442 -0.415758 -0.012777 0.416549 -0.546792 0.015260 0.326168 -0.497830 0.023703 0.199004 -0.334744 0.068761 0.380243 -0.470011 0.072164 0.311818 -0.392466 0.060889 0.201693 -0.281903 0.131312 0.265536 -0.399161 0.144997 0.289084 -0.365887 0.120556 0.181852 
0.000000 0.000000 0.000000 -0.014583 -0.069070 -0.025310 -0.258331 -0.155287 0.316925 -0.208745 -0.026701 0.303068 -0.159399 0.052717 0.266193 -0.115673 0.112795 0.228622 -0.272416 -0.160595 0.126319 -0.431104 -0.161434 0.240899 -0.546399 -0.125189 0.338266 -0.433505 -0.133111 0.459201 -0.540662 -0.101430 0.379856 -0.534337 -0.090173 0.263984 -0.420831 -0.012626 0.409349 -0.552859 0.013554 0.319862 -0.502758 0.021603 0.193116 -0.338774 0.069663 0.376880 -0.473507 0.072544 0.307386 -0.395136 0.061193 0.197854 -0.286480 0.131380 0.261270 -0.404050 0.144173 0.283741 -0.370002 0.119541 0.176797 
0.000000 0.000000 0.000000 -0.016491 -0.068265 -0.026304 -0.263688 -0.152105 0.314042 -0.210370 -0.024827 0.302102 -0.158639 0.053632 0.266465 -0.113082 0.112933 0.229847 -0.274837 -0.147665 0.131173 -0.435739 -0.161880 0.241717 -0.551498 -0.124483 0.338092 -0.436793 -0.132581 0.459210 -0.542302 -0.103141 0.376850 -0.535426 -0.092609 0.260940 -0.420995 -0.013265 0.411544 -0.552801 0.010107 0.320960 -0.502347 0.017525 0.194316 -0.339318 0.069315 0.375198 -0.474935 0.068820 0.307385 -0.396028 0.056913 0.198299 -0.284379 0.129389 0.261033 -0.402287 0.140715 0.282499 -0.367505 0.115177 0.176004 
0.000000 0.000000 0.000000 -0.015537 -0.068934 -0.025112 -0.261564 -0.150291 0.316682 -0.210022 -0.022509 0.302525 -0.159387 0.056033 0.265523 -0.114657 0.115319 0.227874 -0.272631 -0.158378 0.128994 -0.432196 -0.162282 0.242286 -0.547584 -0.123340 0.338493 -0.435975 -0.127398 0.459779 -0.542405 -0.097972 0.378606 -0.534806 -0.088901 0.262619 -0.420954 -0.008103 0.411036 -0.551371 0.015504 0.318524 -0.501062 0.021362 0.191740 -0.339339 0.073272 0.375221 -0.473932 0.072178 0.305405 -0.394943 0.059017 0.196522 -0.285829 0.134541 0.258157 -0.403650 0.147772 0.279000 -0.368700 0.120553 0.172978 
0.000000 0.000000 0.000000 -0.015335 -0.069135 -0.024680 -0.261213 -0.149036 0.317563 -0.210032 -0.021200 0.302613 -0.159612 0.057251 0.265127 -0.115042 0.116426 0.227116 -0.272636 -0.150772 0.133364 -0.432850 -0.160962 0.245340 -0.548393 -0.122270 0.341463 -0.435049 -0.124351 0.461062 -0.542270 -0.095481 0.380735 -0.534876 -0.087642 0.264645 -0.421049 -0.005415 0.410766 -0.553540 0.017849 0.321158 -0.503444 0.022683 0.194248 -0.340566 0.075559 0.372989 -0.476850 0.074104 0.306540 -0.397682 0.059755 0.197937 -0.286521 0.135562 0.255663 -0.404554 0.148733 0.275312 -0.368775 0.120809 0.169750 
0.000000 0.000000 0.000000 -0.014127 -0.069780 -0.023559 -0.258401 -0.148503 0.320103 -0.209485 -0.020042 0.303070 -0.160471 0.058673 0.264296 -0.116968 0.118007 0.225309 -0.273888 -0.138545 0.136572 -0.435851 -0.158114 0.244721 -0.551641 -0.119775 0.340688 -0.434251 -0.120599 0.460525 -0.542735 -0.091928 0.381840 -0.535492 -0.085425 0.265657 -0.421062 -0.003473 0.410005 -0.553996 0.018867 0.320820 -0.504213 0.022742 0.193753 -0.340955 0.076655 0.372998 -0.477124 0.073619 0.306368 -0.397974 0.058931 0.197797 -0.288437 0.137460 0.253705 -0.406462 0.150850 0.273249 -0.370258 0.122639 0.167909 
0.000000 0.000000 0.000000 -0.014749 -0.069635 -0.023608 -0.259410 -0.146544 0.320190 -0.209400 -0.018495 0.303227 -0.159740 0.059828 0.264481 -0.115757 0.118816 0.225508 -0.269199 -0.159770 0.134433 -0.427535 -0.161188 0.249493 -0.543131 -0.122621 0.345602 -0.430466 -0.121947 0.467006 -0.534723 -0.096798 0.381682 -0.527434 -0.091456 0.265443 -0.418327 -0.004247 0.415569 -0.547480 0.014750 0.320263 -0.497456 0.017529 0.193262 -0.338993 0.078244 0.375129 -0.473841 0.072826 0.306009 -0.394190 0.057191 0.197939 -0.287447 0.135492 0.254335 -0.405624 0.146970 0.274176 -0.368568 0.118284 0.169262 
0.000000 0.000000 0.000000 -0.014291 -0.069894 -0.023117 -0.258919 -0.145796 0.320928 -0.209673 -0.017570 0.303094 -0.160444 0.060771 0.263839 -0.116774 0.119744 0.224492 -0.268525 -0.161465 0.134446 -0.427347 -0.163109 0.248832 -0.543494 -0.124006 0.344056 -0.432310 -0.120606 0.464877 -0.538054 -0.096271 0.381164 -0.529905 -0.091728 0.264948 -0.419906 -0.003498 0.412995 -0.549415 0.013996 0.317884 -0.498622 0.016024 0.191174 -0.339419 0.078749 0.375008 -0.472129 0.071038 0.302075 -0.392048 0.055142 0.194361 -0.289027 0.135483 0.250323 -0.407593 0.146315 0.268103 -0.369489 0.116837 0.163785 
0.000000 0.000000 0.000000 -0.013311 -0.070287 -0.022504 -0.258791 -0.145840 0.321011 -0.211029 -0.017197 0.302173 -0.162559 0.061359 0.262404 -0.119410 0.120478 0.222705 -0.269953 -0.159460 0.132511 -0.430021 -0.161678 0.245137 -0.546982 -0.122901 0.339493 -0.434772 -0.120735 0.461796 -0.539563 -0.096366 0.376901 -0.530562 -0.091567 0.260759 -0.422565 -0.002496 0.409462 -0.552078 0.015790 0.314506 -0.500418 0.017988 0.188151 -0.344150 0.079956 0.369140 -0.477572 0.073797 0.297366 -0.396410 0.057677 0.190497 -0.291458 0.138397 0.248483 -0.409882 0.150730 0.266227 -0.371489 0.120724 0.162166 
0.000000 0.000000 0.000000 -0.011313 -0.070989 -0.021366 -0.256050 -0.147418 0.322485 -0.211711 -0.017860 0.301657 -0.165224 0.061306 0.260747 -0.123530 0.120902 0.220214 -0.271008 -0.151367 0.133373 -0.432802 -0.160512 0.243146 -0.550098 -0.122374 0.337349 -0.434924 -0.119457 0.459023 -0.542807 -0.092936 0.378774 -0.533454 -0.087926 0.262668 -0.424024 -0.001252 0.407117 -0.555230 0.019232 0.314977 -0.503218 0.021685 0.188770 -0.346051 0.082143 0.368362 -0.479536 0.079690 0.296482 -0.398017 0.063452 0.189903 -0.295252 0.139927 0.247343 -0.413451 0.153022 0.266017 -0.374600 0.122976 0.162138 
0.000000 0.000000 0.000000 -0.012339 -0.070604 -0.022061 -0.257755 -0.147008 0.321311 -0.211611 -0.017887 0.301725 -0.164054 0.061019 0.261552 -0.121565 0.120423 0.221566 -0.270256 -0.157613 0.132065 -0.430519 -0.158929 0.244427 -0.547673 -0.120875 0.338839 -0.434900 -0.119626 0.460200 -0.542213 -0.093208 0.379157 -0.532993 -0.088153 0.263042 -0.423671 -0.001225 0.407683 -0.554573 0.019225 0.315103 -0.502698 0.021604 0.188838 -0.344023 0.082029 0.370562 -0.476752 0.079265 0.297308 -0.395362 0.062946 0.190643 -0.293501 0.138520 0.247962 -0.411848 0.150976 0.266132 -0.372792 0.120636 0.162415 
0.000000 0.000000 0.000000 -0.013140 -0.070341 -0.022437 -0.257994 -0.146336 0.321427 -0.210617 -0.017572 0.302438 -0.162417 0.061091 0.262554 -0.119482 0.120303 0.222761 -0.269084 -0.166391 0.129593 -0.427874 -0.159902 0.243850 -0.544811 -0.121140 0.338245 -0.433317 -0.117455 0.462309 -0.538876 -0.090807 0.379067 -0.529618 -0.086343 0.262932 -0.422661 -0.000357 0.408341 -0.553528 0.019477 0.315577 -0.501671 0.021113 0.189294 -0.343104 0.081516 0.370484 -0.475877 0.077884 0.297346 -0.394409 0.061590 0.190737 -0.291792 0.138130 0.246796 -0.410397 0.150401 0.263340 -0.371307 0.119656 0.159755 
0.000000 0.000000 0.000000 -0.014127 -0.070044 -0.022763 -0.259608 -0.144360 0.321021 -0.210495 -0.016165 0.302602 -0.161269 0.062025 0.263043 -0.117572 0.120838 0.223486 -0.268151 -0.169223 0.130473 -0.426705 -0.164377 0.245139 -0.543419 -0.125281 0.339670 -0.434664 -0.117837 0.462696 -0.540016 -0.092949 0.378651 -0.530478 -0.088678 0.262531 -0.421600 -0.000061 0.410537 -0.550632 0.018063 0.314897 -0.498840 0.019228 0.188582 -0.343205 0.080799 0.369157 -0.477066 0.074601 0.298209 -0.395485 0.058269 0.191692 -0.290193 0.136185 0.247003 -0.409010 0.146750 0.263189 -0.370039 0.115846 0.159607 
0.000000 0.000000 0.000000 -0.012868 -0.070583 -0.021826 -0.256117 -0.145031 0.323513 -0.209451 -0.016190 0.303324 -0.161786 0.062389 0.262639 -0.119289 0.121492 0.222218 -0.268578 -0.163002 0.132827 -0.428055 -0.164272 0.246302 -0.544533 -0.125378 0.341207 -0.431721 -0.118210 0.464452 -0.538071 -0.093341 0.381667 -0.529032 -0.089134 0.265505 -0.420413 -0.000960 0.411664 -0.550181 0.016284 0.316863 -0.498582 0.017433 0.190468 -0.341574 0.081926 0.372222 -0.473102 0.075447 0.297061 -0.392009 0.058953 0.190197 -0.291701 0.137747 0.246633 -0.410376 0.148936 0.263439 -0.371751 0.117834 0.159786 
0.000000 0.000000 0.000000 -0.012757 -0.070686 -0.021555 -0.254642 -0.144656 0.324842 -0.208383 -0.015760 0.304081 -0.161063 0.062812 0.262982 -0.118858 0.121895 0.222229 -0.263682 -0.175983 0.132702 -0.418461 -0.162946 0.251801 -0.533352 -0.124841 0.348935 -0.427470 -0.117862 0.469177 -0.533484 -0.092679 0.386058 -0.525380 -0.088359 0.269830 -0.418639 -0.001573 0.413924 -0.549138 0.014399 0.319905 -0.498028 0.015364 0.193310 -0.339907 0.082068 0.374147 -0.472260 0.074436 0.300557 -0.391559 0.057748 0.193426 -0.291055 0.137406 0.248566 -0.409582 0.148082 0.266695 -0.371650 0.117239 0.162709 
0.000000 0.000000 0.000000 -0.013914 -0.070290 -0.022126 -0.255488 -0.143678 0.324612 -0.207364 -0.015316 0.304800 -0.159025 0.062894 0.264200 -0.116094 0.121694 0.223795 -0.265834 -0.166081 0.136641 -0.420450 -0.156387 0.256269 -0.534619 -0.118807 0.354453 -0.425815 -0.117578 0.472015 -0.532883 -0.091698 0.390476 -0.525187 -0.086916 0.274239 -0.414812 0.000011 0.419712 -0.543572 0.016897 0.323482 -0.492830 0.017489 0.196737 -0.336366 0.082891 0.377619 -0.468176 0.075822 0.303007 -0.388097 0.059013 0.195430 -0.287953 0.139097 0.251142 -0.406247 0.151076 0.269966 -0.369051 0.120516 0.165631 
0.000000 0.000000 0.000000 -0.012008 -0.071160 -0.020394 -0.247790 -0.143834 0.330458 -0.203759 -0.014574 0.307258 -0.158206 0.064103 0.264401 -0.117473 0.123226 0.222231 -0.265584 -0.149253 0.145278 -0.422967 -0.162158 0.260929 -0.536121 -0.125525 0.360634 -0.418771 -0.118880 0.477301 -0.526909 -0.093099 0.397153 -0.520157 -0.087701 0.280885 -0.412390 0.000698 0.420015 -0.544942 0.017060 0.328984 -0.494690 0.017467 0.202043 -0.335018 0.083389 0.378765 -0.469220 0.075375 0.308646 -0.389739 0.058534 0.200631 -0.288985 0.137398 0.253360 -0.407040 0.147152 0.274786 -0.370499 0.116918 0.170126 
0.000000 0.000000 0.000000 -0.013833 -0.070525 -0.021418 -0.249070 -0.143072 0.329825 -0.202111 -0.014548 0.308346 -0.154962 0.063687 0.266415 -0.113095 0.122480 0.224899 -0.262812 -0.166450 0.141845 -0.416150 -0.165007 0.263486 -0.528229 -0.128939 0.364600 -0.415709 -0.121458 0.482090 -0.523703 -0.096784 0.401402 -0.517537 -0.091003 0.285119 -0.406983 -0.003629 0.428272 -0.537619 0.009444 0.333997 -0.488313 0.010339 0.206688 -0.331491 0.081905 0.381391 -0.466148 0.072468 0.312332 -0.387294 0.055825 0.203828 -0.284525 0.133604 0.257674 -0.402523 0.141261 0.280234 -0.366542 0.111694 0.175190 
0.000000 0.000000 0.000000 -0.012089 -0.071042 -0.020756 -0.243432 -0.146784 0.332394 -0.199986 -0.017256 0.309589 -0.155140 0.061835 0.266748 -0.115058 0.121355 0.224512 -0.263515 -0.167602 0.138326 -0.414563 -0.158696 0.262489 -0.525400 -0.124255 0.365522 -0.411613 -0.123701 0.482735 -0.518601 -0.095497 0.401863 -0.513203 -0.087707 0.285659 -0.405783 -0.004120 0.427697 -0.536696 0.013106 0.334480 -0.487800 0.015221 0.207028 -0.330979 0.080012 0.382781 -0.465942 0.073325 0.313997 -0.387668 0.057725 0.204919 -0.286064 0.135119 0.258478 -0.403771 0.144594 0.281857 -0.368257 0.115796 0.176441 
0.000000 0.000000 0.000000 -0.011859 -0.070944 -0.021219 -0.240273 -0.150647 0.332964 -0.197679 -0.020716 0.310855 -0.153560 0.058943 0.268312 -0.114097 0.119001 0.226256 -0.265551 -0.160279 0.138486 -0.418981 -0.164121 0.259960 -0.529152 -0.132043 0.364459 -0.412146 -0.133411 0.479874 -0.521119 -0.104052 0.402125 -0.516195 -0.092499 0.286214 -0.404996 -0.010758 0.426592 -0.540255 0.007716 0.340056 -0.492003 0.012839 0.212443 -0.329440 0.073271 0.384822 -0.465702 0.066365 0.318673 -0.388573 0.053275 0.208456 -0.284715 0.130621 0.262874 -0.402155 0.138620 0.288078 -0.367949 0.112030 0.181654 
0.000000 0.000000 0.000000 -0.013433 -0.070073 -0.023092 -0.243500 -0.154099 0.329016 -0.198038 -0.024601 0.310343 -0.152170 0.055164 0.269903 -0.111392 0.115432 0.229431 -0.267864 -0.146289 0.142142 -0.422951 -0.160676 0.260684 -0.532900 -0.131916 0.366376 -0.413822 -0.137144 0.477755 -0.523622 -0.104240 0.402633 -0.520052 -0.090133 0.286955 -0.404672 -0.014503 0.427284 -0.540965 0.006849 0.343065 -0.493453 0.013715 0.215258 -0.326749 0.068728 0.388443 -0.462751 0.063535 0.321603 -0.386548 0.051747 0.210598 -0.281905 0.129265 0.265767 -0.399272 0.138787 0.290777 -0.366008 0.113569 0.183722 
0.000000 0.000000 0.000000 -0.015393 -0.069379 -0.023947 -0.244514 -0.152579 0.328972 -0.195959 -0.024012 0.311707 -0.148437 0.055141 0.271979 -0.106495 0.114932 0.231992 -0.266884 -0.158096 0.139539 -0.417745 -0.162799 0.264158 -0.525003 -0.131311 0.371820 -0.411090 -0.135446 0.481875 -0.520925 -0.100593 0.407688 -0.517464 -0.085818 0.292090 -0.400490 -0.013694 0.432267 -0.536013 0.008486 0.347025 -0.489476 0.015497 0.218867 -0.322230 0.069982 0.391516 -0.459202 0.066540 0.326573 -0.383894 0.054423 0.214993 -0.276726 0.128980 0.269549 -0.393899 0.138649 0.295400 -0.361202 0.114169 0.188000 
0.000000 0.000000 0.000000 -0.016574 -0.068926 -0.024462 -0.235993 -0.155593 0.333749 -0.187038 -0.027124 0.316888 -0.140119 0.052264 0.276914 -0.098923 0.112334 0.236572 -0.262833 -0.159569 0.145792 -0.409570 -0.163093 0.275280 -0.512924 -0.130017 0.386233 -0.397207 -0.138097 0.492255 -0.508881 -0.100266 0.422400 -0.506966 -0.084218 0.306936 -0.386944 -0.014890 0.444804 -0.521687 0.010601 0.359252 -0.476935 0.017915 0.230476 -0.309885 0.067500 0.402058 -0.448308 0.065365 0.340208 -0.375050 0.053551 0.227240 -0.268340 0.126384 0.277643 -0.384953 0.136055 0.305913 -0.353434 0.113132 0.197819 
0.000000 0.000000 0.000000 -0.016002 -0.069206 -0.024050 -0.228633 -0.158005 0.337715 -0.181716 -0.028918 0.319813 -0.136518 0.051009 0.278939 -0.096782 0.111540 0.237830 -0.261404 -0.164753 0.144754 -0.405834 -0.166478 0.276846 -0.506615 -0.132804 0.389966 -0.389944 -0.141837 0.496264 -0.500625 -0.103701 0.425008 -0.500007 -0.086534 0.309691 -0.379563 -0.016590 0.450881 -0.515880 0.009936 0.368184 -0.472406 0.017690 0.238998 -0.303832 0.066403 0.407325 -0.442237 0.065332 0.345408 -0.370373 0.053896 0.231510 -0.265161 0.126039 0.282822 -0.381061 0.136018 0.313791 -0.350859 0.113664 0.205204 
0.000000 0.000000 0.000000 -0.017623 -0.068567 -0.024737 -0.228673 -0.157515 0.337917 -0.179314 -0.029190 0.321142 -0.132881 0.050307 0.280817 -0.092305 0.110527 0.240072 -0.261188 -0.163192 0.147219 -0.405806 -0.170159 0.278932 -0.505522 -0.136388 0.392963 -0.387904 -0.145700 0.498932 -0.500439 -0.109146 0.429782 -0.501126 -0.091228 0.314579 -0.377155 -0.019109 0.452410 -0.515192 0.006241 0.372237 -0.472395 0.014827 0.242877 -0.299406 0.064046 0.410409 -0.439018 0.060755 0.351347 -0.368420 0.049652 0.236627 -0.260722 0.124530 0.285082 -0.376646 0.134168 0.316064 -0.347599 0.112136 0.207096 
0.000000 0.000000 0.000000 -0.016703 -0.068852 -0.024584 -0.228624 -0.158952 0.337277 -0.180656 -0.030126 0.320301 -0.134929 0.049759 0.279937 -0.094834 0.110299 0.239190 -0.262521 -0.167324 0.141918 -0.406285 -0.167020 0.274746 -0.506819 -0.133387 0.388097 -0.390187 -0.143703 0.495660 -0.502446 -0.105398 0.427011 -0.504184 -0.087117 0.311877 -0.377428 -0.020043 0.453168 -0.513335 0.007978 0.370290 -0.471551 0.018059 0.240707 -0.301727 0.064837 0.409028 -0.440470 0.066498 0.347886 -0.370670 0.056232 0.232601 -0.262807 0.128091 0.284520 -0.378426 0.140337 0.315722 -0.350330 0.118060 0.206555 
0.000000 0.000000 0.000000 -0.018328 -0.068128 -0.025428 -0.232092 -0.157760 0.335463 -0.181124 -0.029892 0.320059 -0.133559 0.049397 0.280657 -0.092079 0.109486 0.240635 -0.264031 -0.160948 0.144458 -0.412206 -0.170308 0.272002 -0.515016 -0.135260 0.382856 -0.393303 -0.146260 0.494519 -0.503177 -0.107018 0.422617 -0.507942 -0.085906 0.308054 -0.380457 -0.020482 0.449103 -0.516845 0.010473 0.368082 -0.477248 0.023713 0.238097 -0.301744 0.062543 0.408151 -0.441906 0.064548 0.350345 -0.373655 0.055689 0.234021 -0.259407 0.129506 0.287398 -0.374583 0.143285 0.319585 -0.347542 0.120949 0.210164 
0.000000 0.000000 0.000000 -0.019174 -0.067696 -0.025952 -0.232734 -0.158058 0.334877 -0.180390 -0.030638 0.320403 -0.132071 0.048454 0.281524 -0.090054 0.108420 0.241881 -0.267586 -0.151146 0.144850 -0.416464 -0.158872 0.271685 -0.520202 -0.125838 0.382292 -0.393077 -0.144837 0.494675 -0.502896 -0.100915 0.425445 -0.514806 -0.075533 0.312277 -0.379139 -0.017817 0.450052 -0.518460 0.020348 0.377540 -0.484505 0.037613 0.246436 -0.298875 0.064950 0.410435 -0.439218 0.074011 0.353758 -0.374576 0.065620 0.235356 -0.256615 0.131414 0.289993 -0.371263 0.147242 0.323109 -0.347084 0.125608 0.212879 
0.000000 0.000000 0.000000 -0.022141 -0.066170 -0.027481 -0.239807 -0.155127 0.331238 -0.181841 -0.029863 0.319655 -0.130022 0.047866 0.282576 -0.085348 0.106791 0.244300 -0.270807 -0.108405 0.157525 -0.426407 -0.134833 0.273290 -0.532289 -0.109125 0.383811 -0.400214 -0.141417 0.490930 -0.512395 -0.094279 0.427878 -0.532397 -0.064453 0.316957 -0.379110 -0.014091 0.451224 -0.520343 0.030716 0.386646 -0.493261 0.052604 0.254635 -0.300044 0.070415 0.406261 -0.442225 0.088197 0.356670 -0.380705 0.079509 0.236637 -0.250580 0.136165 0.293513 -0.364312 0.156384 0.327388 -0.342669 0.134813 0.216620 
0.000000 0.000000 0.000000 -0.023971 -0.065141 -0.028389 -0.242972 -0.153595 0.329642 -0.181717 -0.029761 0.319735 -0.127943 0.047104 0.283652 -0.081816 0.105381 0.246114 -0.275407 -0.094938 0.155291 -0.432739 -0.113584 0.270227 -0.539742 -0.094452 0.381001 -0.404498 -0.138822 0.488106 -0.514551 -0.086469 0.425419 -0.542215 -0.050594 0.317991 -0.378541 -0.012531 0.451788 -0.521095 0.038593 0.395315 -0.500466 0.066801 0.263338 -0.298538 0.073759 0.405719 -0.440664 0.098545 0.359065 -0.384194 0.091151 0.236491 -0.245960 0.140642 0.295101 -0.358943 0.164913 0.328820 -0.341948 0.144945 0.216947 
0.000000 0.000000 0.000000 -0.025797 -0.064051 -0.029255 -0.242878 -0.153771 0.329629 -0.178855 -0.031234 0.321205 -0.123697 0.044995 0.285869 -0.076633 0.102846 0.248840 -0.278070 -0.089343 0.153953 -0.435926 -0.105169 0.268593 -0.543821 -0.089719 0.379077 -0.405964 -0.139258 0.486512 -0.516555 -0.081932 0.429368 -0.551585 -0.039217 0.326696 -0.372944 -0.012198 0.457005 -0.517198 0.044643 0.411352 -0.503942 0.078936 0.279870 -0.292653 0.072024 0.410114 -0.436647 0.100732 0.372269 -0.386346 0.096172 0.246901 -0.238380 0.138992 0.304675 -0.349714 0.163872 0.343107 -0.337933 0.146778 0.230093 
0.000000 0.000000 0.000000 -0.029650 -0.061592 -0.030841 -0.246469 -0.150821 0.328324 -0.175963 -0.031729 0.322750 -0.117200 0.042487 0.288973 -0.067547 0.098854 0.253054 -0.282215 -0.078317 0.152946 -0.440253 -0.088781 0.267948 -0.549543 -0.074767 0.377248 -0.408084 -0.136727 0.486760 -0.518538 -0.073608 0.435788 -0.562309 -0.023266 0.340169 -0.365045 -0.012461 0.465408 -0.512243 0.047961 0.437010 -0.509512 0.089377 0.306946 -0.284923 0.074631 0.413670 -0.429729 0.110459 0.386497 -0.389637 0.108720 0.257432 -0.226913 0.140353 0.311930 -0.336609 0.168917 0.352455 -0.332088 0.154670 0.238526 
0.000000 0.000000 0.000000 -0.034523 -0.058234 -0.032264 -0.244542 -0.149251 0.330475 -0.166815 -0.034650 0.327276 -0.104595 0.037153 0.294492 -0.052670 0.091822 0.259163 -0.287473 -0.066328 0.151576 -0.445752 -0.071392 0.266611 -0.557446 -0.064401 0.374141 -0.395220 -0.131293 0.498980 -0.507708 -0.059438 0.467911 -0.564910 0.001501 0.386625 -0.346148 -0.002438 0.479842 -0.490771 0.069661 0.476617 -0.508281 0.123611 0.352431 -0.265722 0.078848 0.424928 -0.408677 0.128161 0.413843 -0.386508 0.133622 0.280626 -0.205883 0.143970 0.325441 -0.311342 0.179864 0.371061 -0.318222 0.171781 0.256648 
0.000000 0.000000 0.000000 -0.041649 -0.052370 -0.033861 -0.235380 -0.153173 0.335298 -0.147959 -0.045737 0.334893 -0.081721 0.022829 0.303062 -0.027429 0.075453 0.268190 -0.284604 -0.060083 0.163014 -0.436630 -0.064909 0.286205 -0.541814 -0.059516 0.400196 -0.364559 -0.141949 0.521327 -0.476244 -0.062544 0.523171 -0.546560 0.012211 0.467849 -0.313450 -0.011341 0.501938 -0.452353 0.063650 0.536680 -0.489180 0.135659 0.426691 -0.235890 0.074558 0.438228 -0.373235 0.134509 0.461318 -0.373029 0.153479 0.327497 -0.170836 0.134460 0.349052 -0.269546 0.175076 0.404713 -0.291715 0.178537 0.292020 
0.000000 0.000000 0.000000 -0.047461 -0.047390 -0.033549 -0.220498 -0.158463 0.342871 -0.126204 -0.057009 0.341994 -0.057908 0.009042 0.309210 -0.002806 0.060168 0.273392 -0.277400 -0.052595 0.178457 -0.421282 -0.055852 0.311118 -0.514253 -0.048580 0.435175 -0.336014 -0.143798 0.537450 -0.439052 -0.059179 0.569150 -0.510840 0.026984 0.537284 -0.276870 -0.009197 0.519443 -0.401267 0.068305 0.587586 -0.447211 0.155143 0.492782 -0.195408 0.065056 0.459776 -0.323523 0.134530 0.501618 -0.341999 0.168354 0.372070 -0.132315 0.126336 0.370527 -0.221459 0.171881 0.437388 -0.258038 0.187598 0.329601 
0.000000 0.000000 0.000000 -0.053741 -0.041062 -0.032400 -0.200125 -0.171209 0.349181 -0.098877 -0.076713 0.347096 -0.029000 -0.012964 0.313109 0.026371 0.037102 0.276223 -0.270197 -0.055529 0.192952 -0.405642 -0.064582 0.333962 -0.486062 -0.056044 0.466425 -0.294200 -0.171926 0.555505 -0.385770 -0.091739 0.618489 -0.454641 0.001867 0.609118 -0.221491 -0.037648 0.546881 -0.332638 0.052967 0.621446 -0.382086 0.151928 0.541439 -0.141701 0.040309 0.483913 -0.259692 0.120869 0.534698 -0.293665 0.170340 0.413593 -0.088855 0.106288 0.388127 -0.168168 0.153911 0.465152 -0.217578 0.182626 0.365467 
0.000000 0.000000 0.000000 -0.057906 -0.036070 -0.031141 -0.170572 -0.204914 0.346707 -0.067067 -0.112891 0.344812 0.001159 -0.047209 0.311153 0.054241 0.005502 0.274588 -0.265168 -0.069959 0.200678 -0.394859 -0.091165 0.345736 -0.466735 -0.093161 0.483274 -0.244681 -0.224013 0.560162 -0.322515 -0.156516 0.650539 -0.385053 -0.058263 0.655876 -0.161105 -0.093226 0.562170 -0.257227 -0.000697 0.653402 -0.308146 0.109554 0.591021 -0.089868 -0.008645 0.498077 -0.196333 0.070512 0.571495 -0.243557 0.138342 0.464551 -0.043323 0.066287 0.406394 -0.110478 0.108127 0.497119 -0.171273 0.152560 0.410328 
0.000000 0.000000 0.000000 -0.062183 -0.028883 -0.030379 -0.156930 -0.236330 0.332883 -0.048315 -0.150379 0.333450 0.021199 -0.084793 0.302336 0.074615 -0.030905 0.268046 -0.268736 -0.075608 0.199836 -0.397983 -0.104846 0.343890 -0.471084 -0.117841 0.480177 -0.211925 -0.286190 0.547149 -0.277651 -0.234194 0.655585 -0.334419 -0.134615 0.676907 -0.127653 -0.153861 0.557432 -0.209626 -0.082653 0.677158 -0.260188 0.037633 0.636981 -0.050071 -0.078767 0.501328 -0.139317 -0.020984 0.609435 -0.196973 0.070208 0.528023 -0.005026 0.008244 0.418747 -0.059845 0.035193 0.522477 -0.129641 0.097612 0.455877 