46
0.000000 0.000000 0.000000 -0.044634 -0.050608 -0.032719 -0.158481 -0.212866 0.347652 -0.078388 -0.099867 0.346438 -0.023095 -0.022869 0.313033 0.020723 0.037842 0.276604 -0.232874 -0.016655 0.214786 -0.350663 0.004592 0.369659 -0.447803 0.033084 0.487297 -0.337413 -0.164849 0.478411 -0.445554 -0.135828 0.557438 -0.523792 -0.052356 0.579895 -0.229673 -0.096914 0.529682 -0.356698 -0.007197 0.573727 -0.413626 0.099297 0.510026 -0.136668 -0.030007 0.491258 -0.265853 0.048839 0.500493 -0.328525 0.129064 0.411588 -0.069793 0.039618 0.426236 -0.179118 0.070130 0.466341 -0.254780 0.112098 0.390730 
0.000000 0.000000 0.000000 -0.043567 -0.051839 -0.032227 -0.167299 -0.201867 0.350073 -0.087546 -0.088655 0.347294 -0.031593 -0.012588 0.312873 0.013023 0.047056 0.275658 -0.245063 -0.010833 0.203493 -0.371146 0.014826 0.350992 -0.464312 0.052274 0.469333 -0.350737 -0.147565 0.471818 -0.461602 -0.114746 0.545398 -0.540254 -0.030002 0.560410 -0.247357 -0.084713 0.523134 -0.377696 0.006048 0.553109 -0.434505 0.109108 0.483893 -0.160461 -0.014849 0.480509 -0.292097 0.060216 0.475235 -0.353474 0.135380 0.381154 -0.091822 0.052838 0.415516 -0.205709 0.082332 0.441034 -0.278673 0.119070 0.360228 
0.000000 0.000000 0.000000 -0.041914 -0.053188 -0.032220 -0.180074 -0.191514 0.349551 -0.100962 -0.077867 0.346238 -0.044127 -0.002557 0.311597 0.001593 0.056163 0.274252 -0.256645 -0.005728 0.190232 -0.391009 0.023969 0.329428 -0.482679 0.067210 0.446959 -0.367170 -0.130092 0.461991 -0.480246 -0.092970 0.529946 -0.559362 -0.007743 0.538318 -0.273352 -0.066570 0.509421 -0.408401 0.017072 0.539261 -0.463645 0.117358 0.464897 -0.189266 -0.000830 0.465368 -0.324855 0.066610 0.457738 -0.383392 0.137425 0.358608 -0.124112 0.065921 0.395452 -0.237645 0.088373 0.428579 -0.307502 0.121048 0.343400 
0.000000 0.000000 0.000000 -0.040661 -0.054153 -0.032219 -0.191311 -0.182994 0.348143 -0.112427 -0.069197 0.344542 -0.054647 0.005384 0.309889 -0.007841 0.063273 0.272592 -0.264126 -0.000477 0.179980 -0.403956 0.033111 0.312760 -0.493282 0.081303 0.430171 -0.381938 -0.117341 0.451928 -0.497147 -0.077662 0.514653 -0.576388 0.007799 0.517879 -0.293386 -0.051643 0.497578 -0.430717 0.029460 0.523794 -0.483938 0.127693 0.445326 -0.213922 0.018076 0.448395 -0.352687 0.079143 0.445964 -0.408844 0.145502 0.342470 -0.157292 0.082181 0.361434 -0.260163 0.095195 0.422586 -0.327153 0.124277 0.333875 
0.000000 0.000000 0.000000 -0.040216 -0.054527 -0.032146 -0.199947 -0.175790 0.347001 -0.120413 -0.062456 0.343129 -0.061490 0.011213 0.308447 -0.013567 0.068198 0.271176 -0.270686 0.003625 0.171198 -0.414899 0.040012 0.298437 -0.500107 0.093552 0.416588 -0.391952 -0.106734 0.445922 -0.507995 -0.064999 0.505707 -0.586003 0.021630 0.503886 -0.308019 -0.042901 0.487683 -0.447365 0.035110 0.512612 -0.498630 0.132802 0.432191 -0.227988 0.032090 0.437118 -0.367994 0.090294 0.438286 -0.422671 0.153535 0.332083 -0.166860 0.089600 0.352598 -0.272374 0.104332 0.408642 -0.337823 0.130817 0.317988 
0.000000 0.000000 0.000000 -0.041985 -0.052990 -0.032453 -0.213037 -0.164467 0.344755 -0.128652 -0.054679 0.341462 -0.066050 0.016136 0.307284 -0.015111 0.070734 0.270443 -0.275369 0.005856 0.167335 -0.421406 0.042678 0.292349 -0.505365 0.097651 0.410738 -0.405134 -0.095560 0.443602 -0.521232 -0.053914 0.503342 -0.597941 0.033646 0.496846 -0.320337 -0.030270 0.479792 -0.461899 0.040880 0.511768 -0.513162 0.137371 0.429909 -0.242826 0.044650 0.419760 -0.384925 0.095048 0.435847 -0.438766 0.156256 0.328038 -0.171133 0.092942 0.346272 -0.278527 0.108228 0.398467 -0.344160 0.133004 0.307464 
0.000000 0.000000 0.000000 -0.042531 -0.052072 -0.033219 -0.222618 -0.159887 0.340834 -0.135846 -0.051938 0.339095 -0.071140 0.017518 0.306069 -0.018392 0.071013 0.270167 -0.271402 0.003580 0.172613 -0.414615 0.038404 0.301409 -0.512999 0.074908 0.415755 -0.413972 -0.099457 0.446437 -0.529621 -0.062934 0.510261 -0.608309 0.022976 0.505697 -0.333152 -0.014250 0.466077 -0.473712 0.031418 0.531513 -0.526139 0.127855 0.450330 -0.260618 0.061165 0.389176 -0.396486 0.092462 0.448769 -0.455196 0.153085 0.343195 -0.175756 0.092562 0.343368 -0.284073 0.107395 0.393754 -0.355568 0.134321 0.307926 
0.000000 0.000000 0.000000 -0.041674 -0.052170 -0.034140 -0.220807 -0.168689 0.337755 -0.135680 -0.059425 0.337930 -0.071972 0.011524 0.306159 -0.019974 0.066380 0.271230 -0.265365 -0.009364 0.180281 -0.405337 0.017422 0.314451 -0.524691 0.016281 0.413648 -0.408997 -0.121133 0.454987 -0.522734 -0.092392 0.525838 -0.606187 -0.011143 0.531062 -0.331116 -0.023766 0.468344 -0.464040 0.000486 0.557043 -0.523885 0.099930 0.485149 -0.259378 0.052053 0.395323 -0.393759 0.081114 0.459259 -0.456626 0.144364 0.357694 -0.175700 0.087720 0.347912 -0.282890 0.102410 0.400693 -0.361387 0.133733 0.322846 
0.000000 0.000000 0.000000 -0.044299 -0.048029 -0.036806 -0.217864 -0.186744 0.330079 -0.129043 -0.080633 0.336130 -0.063753 -0.009569 0.308043 -0.010797 0.046079 0.275919 -0.262975 -0.044288 0.186830 -0.399809 -0.041947 0.326766 -0.519031 -0.088231 0.414691 -0.398879 -0.158750 0.463758 -0.508280 -0.141831 0.544549 -0.595613 -0.066787 0.562834 -0.311587 -0.066796 0.487658 -0.435742 -0.057386 0.590719 -0.509843 0.043887 0.536941 -0.240001 0.015525 0.422150 -0.366382 0.033519 0.503973 -0.441298 0.107317 0.419065 -0.159356 0.064792 0.366287 -0.261612 0.077673 0.428488 -0.346397 0.115780 0.360941 
0.000000 0.000000 0.000000 -0.048602 -0.039896 -0.040866 -0.214131 -0.220248 0.311334 -0.119014 -0.120893 0.327655 -0.050904 -0.050070 0.306509 0.003819 0.006737 0.279841 -0.259834 -0.076624 0.186903 -0.392009 -0.099606 0.329426 -0.502878 -0.169230 0.412777 -0.383507 -0.215243 0.462022 -0.485873 -0.212218 0.553094 -0.573644 -0.146128 0.592101 -0.282002 -0.145091 0.498897 -0.392856 -0.161549 0.615366 -0.479017 -0.057408 0.596123 -0.204111 -0.051555 0.452246 -0.313970 -0.052619 0.556748 -0.403090 0.031504 0.499749 -0.127699 0.013920 0.394896 -0.218225 0.018864 0.474091 -0.307171 0.065177 0.417994 
0.000000 0.000000 0.000000 -0.051054 -0.033234 -0.043737 -0.208400 -0.254238 0.288484 -0.110228 -0.159849 0.313744 -0.041119 -0.088323 0.299257 0.014056 -0.029693 0.278014 -0.251812 -0.085650 0.190346 -0.377434 -0.118449 0.336820 -0.485200 -0.190368 0.422266 -0.366126 -0.257167 0.451376 -0.461452 -0.258936 0.549824 -0.544478 -0.196673 0.602956 -0.255316 -0.206666 0.496041 -0.353996 -0.238507 0.620029 -0.436827 -0.129992 0.621692 -0.173226 -0.120660 0.461170 -0.267954 -0.143848 0.577272 -0.356712 -0.049617 0.538405 -0.097753 -0.040609 0.412051 -0.174714 -0.048123 0.504311 -0.261477 0.008159 0.454235 
0.000000 0.000000 0.000000 -0.054334 -0.025944 -0.044706 -0.209688 -0.273803 0.268985 -0.105944 -0.187324 0.299705 -0.033908 -0.117936 0.289806 0.023307 -0.059985 0.272451 -0.240035 -0.087707 0.199316 -0.356235 -0.126355 0.352009 -0.462280 -0.195354 0.441900 -0.358968 -0.281542 0.439501 -0.449189 -0.286220 0.542556 -0.526402 -0.225844 0.605691 -0.240689 -0.246049 0.486439 -0.332334 -0.285989 0.613445 -0.407370 -0.172567 0.625462 -0.150642 -0.171722 0.457717 -0.234347 -0.210290 0.578119 -0.318371 -0.107899 0.551212 -0.074959 -0.086384 0.414695 -0.142597 -0.104555 0.512604 -0.225795 -0.038042 0.469508 
0.000000 0.000000 0.000000 -0.057182 -0.019749 -0.044318 -0.211763 -0.285755 0.254541 -0.102958 -0.206735 0.287746 -0.028176 -0.139978 0.280461 0.030986 -0.083342 0.265453 -0.225070 -0.083206 0.211872 -0.330123 -0.122913 0.372179 -0.438835 -0.183200 0.465098 -0.350383 -0.306073 0.432843 -0.434161 -0.318352 0.540605 -0.506676 -0.268175 0.616874 -0.225747 -0.278640 0.478079 -0.309261 -0.327546 0.607533 -0.376732 -0.210588 0.627728 -0.127888 -0.213168 0.451967 -0.199388 -0.265650 0.574948 -0.281724 -0.159208 0.562348 -0.050345 -0.129884 0.413119 -0.106326 -0.161920 0.514761 -0.191175 -0.089308 0.487718 
0.000000 0.000000 0.000000 -0.060338 -0.013287 -0.042505 -0.213489 -0.294495 0.242869 -0.099067 -0.223850 0.276069 -0.021295 -0.160487 0.269883 0.039967 -0.105810 0.256082 -0.205534 -0.085195 0.225065 -0.296389 -0.130191 0.392493 -0.398809 -0.183788 0.496052 -0.343268 -0.321165 0.426897 -0.421703 -0.337283 0.538118 -0.488312 -0.292332 0.622593 -0.216317 -0.303383 0.466861 -0.296062 -0.357476 0.596627 -0.349503 -0.233133 0.614578 -0.116923 -0.240015 0.440892 -0.185495 -0.297042 0.563516 -0.255760 -0.182081 0.552801 -0.033850 -0.161821 0.404406 -0.084660 -0.200374 0.506500 -0.160916 -0.118163 0.481413 
0.000000 0.000000 0.000000 -0.062189 -0.010275 -0.040630 -0.211649 -0.298108 0.240056 -0.094337 -0.231471 0.271402 -0.015282 -0.169786 0.264548 0.046778 -0.116106 0.250404 -0.187124 -0.081662 0.237113 -0.265300 -0.126332 0.410906 -0.357223 -0.174073 0.526483 -0.330217 -0.326998 0.431176 -0.401877 -0.344458 0.546684 -0.461851 -0.304751 0.638442 -0.205293 -0.308296 0.467007 -0.280759 -0.360547 0.600045 -0.324031 -0.232248 0.617542 -0.104965 -0.248981 0.438900 -0.169274 -0.305770 0.563921 -0.230539 -0.185832 0.552537 -0.021228 -0.171949 0.401543 -0.068037 -0.210387 0.505575 -0.134409 -0.120799 0.477791 
0.000000 0.000000 0.000000 -0.062700 -0.009464 -0.040038 -0.210494 -0.299862 0.238883 -0.092481 -0.234215 0.269681 -0.013181 -0.172862 0.262662 0.048999 -0.119339 0.248452 -0.172617 -0.078449 0.244577 -0.241396 -0.121615 0.422671 -0.323490 -0.164794 0.547101 -0.321673 -0.327930 0.434514 -0.388867 -0.344894 0.552749 -0.443575 -0.307021 0.648487 -0.196948 -0.305774 0.470779 -0.268000 -0.354444 0.607554 -0.303549 -0.223274 0.620596 -0.101777 -0.243770 0.441090 -0.165305 -0.294615 0.569034 -0.216278 -0.171014 0.549219 -0.017186 -0.170700 0.401970 -0.062742 -0.206053 0.507640 -0.122014 -0.113013 0.475492 
0.000000 0.000000 0.000000 -0.063202 -0.008368 -0.039489 -0.212266 -0.298442 0.239094 -0.093082 -0.234590 0.269148 -0.013025 -0.174276 0.261734 0.049740 -0.121514 0.247248 -0.170457 -0.075322 0.246623 -0.237570 -0.117217 0.425653 -0.320356 -0.156681 0.550856 -0.321077 -0.321028 0.436756 -0.386839 -0.334679 0.556217 -0.439119 -0.293711 0.652037 -0.198203 -0.299305 0.472214 -0.269701 -0.343319 0.610328 -0.296799 -0.209512 0.609552 -0.105694 -0.231723 0.442913 -0.172144 -0.272916 0.572830 -0.212190 -0.148216 0.539448 -0.021470 -0.162541 0.401625 -0.070485 -0.190780 0.507885 -0.122628 -0.096950 0.466896 
0.000000 0.000000 0.000000 -0.063132 -0.008865 -0.039493 -0.211221 -0.297928 0.240656 -0.092333 -0.233400 0.270437 -0.012523 -0.172794 0.262739 0.050032 -0.119855 0.247998 -0.172022 -0.070929 0.247103 -0.240159 -0.109765 0.426436 -0.330335 -0.141040 0.548816 -0.314918 -0.316510 0.441459 -0.377589 -0.327741 0.562819 -0.427472 -0.284583 0.658955 -0.193863 -0.294328 0.476481 -0.262918 -0.335768 0.616619 -0.284926 -0.201375 0.606944 -0.102183 -0.227757 0.446189 -0.166474 -0.267169 0.577734 -0.199533 -0.143287 0.534976 -0.020637 -0.154403 0.404198 -0.069281 -0.178184 0.511714 -0.117777 -0.084584 0.465993 
0.000000 0.000000 0.000000 -0.063961 -0.008241 -0.038276 -0.205582 -0.302664 0.239627 -0.086159 -0.238497 0.268017 -0.006612 -0.177626 0.259714 0.055541 -0.124319 0.244604 -0.168432 -0.067831 0.250482 -0.233804 -0.105118 0.431167 -0.327117 -0.128399 0.552977 -0.303265 -0.316487 0.443801 -0.362302 -0.324842 0.567198 -0.406982 -0.271303 0.660634 -0.182544 -0.293989 0.478029 -0.248099 -0.331732 0.620867 -0.262648 -0.197387 0.601396 -0.091429 -0.228525 0.446608 -0.152247 -0.265022 0.580622 -0.177305 -0.143247 0.527604 -0.014800 -0.154017 0.401946 -0.063217 -0.174459 0.510247 -0.106693 -0.080365 0.460656 
0.000000 0.000000 0.000000 -0.063643 -0.008992 -0.038634 -0.201211 -0.308568 0.235777 -0.083061 -0.242586 0.265311 -0.004568 -0.180244 0.257948 0.056697 -0.125706 0.243628 -0.164315 -0.067481 0.251694 -0.227310 -0.104080 0.433362 -0.323668 -0.121417 0.553784 -0.295535 -0.315583 0.441868 -0.352542 -0.319824 0.566425 -0.393999 -0.248842 0.649105 -0.174599 -0.307839 0.474685 -0.244610 -0.313220 0.620267 -0.252404 -0.179743 0.592654 -0.074688 -0.249290 0.445110 -0.150077 -0.240234 0.576355 -0.169030 -0.122647 0.512465 -0.016724 -0.149023 0.400637 -0.067261 -0.165072 0.508710 -0.105134 -0.070641 0.455310 
0.000000 0.000000 0.000000 -0.062241 -0.011490 -0.040223 -0.192176 -0.320029 0.227903 -0.077923 -0.249010 0.260882 -0.002244 -0.183049 0.255996 0.056752 -0.125600 0.243670 -0.163861 -0.073419 0.249059 -0.227449 -0.112170 0.430074 -0.328942 -0.130094 0.546111 -0.287305 -0.325687 0.433667 -0.344798 -0.329107 0.558024 -0.386915 -0.248248 0.630696 -0.167278 -0.327381 0.466668 -0.240516 -0.311963 0.609927 -0.246172 -0.179108 0.578991 -0.070214 -0.258369 0.441525 -0.151483 -0.241121 0.568366 -0.169623 -0.126680 0.498780 -0.022486 -0.149534 0.397731 -0.077027 -0.166010 0.503774 -0.112361 -0.071049 0.449579 
0.000000 0.000000 0.000000 -0.059879 -0.014599 -0.042723 -0.179919 -0.335485 0.215335 -0.071640 -0.258114 0.253736 -0.000128 -0.187495 0.252768 0.055554 -0.126271 0.243599 -0.163420 -0.082683 0.244488 -0.228208 -0.125285 0.424207 -0.334490 -0.149114 0.534765 -0.278790 -0.342072 0.419299 -0.338545 -0.346053 0.542569 -0.384292 -0.260328 0.607003 -0.165457 -0.337833 0.457004 -0.243226 -0.323451 0.597964 -0.252779 -0.190109 0.570251 -0.068726 -0.263931 0.437608 -0.155272 -0.242545 0.560259 -0.177308 -0.129106 0.490158 -0.030464 -0.152333 0.393625 -0.089672 -0.170272 0.496891 -0.126243 -0.074484 0.445022 
0.000000 0.000000 0.000000 -0.057242 -0.017299 -0.045255 -0.168299 -0.348813 0.203213 -0.066253 -0.266003 0.246962 0.001025 -0.191388 0.249831 0.053372 -0.126923 0.243748 -0.165026 -0.094455 0.238075 -0.232471 -0.142733 0.415365 -0.343844 -0.171572 0.519534 -0.274809 -0.360049 0.403086 -0.339181 -0.366840 0.523885 -0.389021 -0.280320 0.584079 -0.165312 -0.349783 0.446067 -0.248432 -0.341393 0.584433 -0.262428 -0.207886 0.559546 -0.074000 -0.272538 0.430108 -0.167931 -0.254633 0.547782 -0.192298 -0.140607 0.479428 -0.039793 -0.158118 0.388431 -0.103921 -0.179590 0.488020 -0.143301 -0.083734 0.438383 
0.000000 0.000000 0.000000 -0.054905 -0.019188 -0.047341 -0.155179 -0.362079 0.190024 -0.059015 -0.275087 0.238708 0.004061 -0.197115 0.245307 0.053036 -0.129844 0.242278 -0.167562 -0.104604 0.231691 -0.238055 -0.158052 0.406291 -0.354489 -0.192703 0.502879 -0.266740 -0.378831 0.386731 -0.334164 -0.388957 0.505615 -0.387062 -0.302595 0.563379 -0.161965 -0.364595 0.433296 -0.250775 -0.361109 0.568296 -0.273466 -0.227886 0.548905 -0.077504 -0.278222 0.422740 -0.173345 -0.268701 0.539849 -0.201319 -0.153088 0.475670 -0.045904 -0.165821 0.381931 -0.114006 -0.190584 0.478057 -0.160163 -0.094992 0.434071 
0.000000 0.000000 0.000000 -0.051418 -0.021610 -0.050131 -0.137049 -0.377120 0.174036 -0.049333 -0.285079 0.228984 0.007779 -0.203143 0.240247 0.051986 -0.132587 0.241017 -0.167368 -0.118140 0.223883 -0.239922 -0.178543 0.395343 -0.359925 -0.219112 0.485010 -0.255141 -0.401268 0.366107 -0.326511 -0.415862 0.482190 -0.383392 -0.330632 0.537809 -0.156420 -0.378000 0.419700 -0.248815 -0.385724 0.552093 -0.281452 -0.253796 0.539087 -0.083130 -0.285935 0.412278 -0.180507 -0.290973 0.528395 -0.213977 -0.173277 0.470991 -0.050602 -0.174368 0.376355 -0.121214 -0.203127 0.469512 -0.174892 -0.109439 0.430214 
0.000000 0.000000 0.000000 -0.048922 -0.023091 -0.051936 -0.124073 -0.386048 0.163901 -0.042339 -0.291014 0.222836 0.010534 -0.206729 0.237062 0.051350 -0.134224 0.240246 -0.168918 -0.125155 0.218305 -0.244004 -0.189021 0.387404 -0.365776 -0.234606 0.472141 -0.246269 -0.416994 0.352396 -0.320122 -0.435697 0.466318 -0.380295 -0.350169 0.517866 -0.157235 -0.379316 0.411187 -0.250930 -0.399685 0.541305 -0.292370 -0.269723 0.535672 -0.091746 -0.282412 0.405954 -0.188155 -0.299325 0.521756 -0.227448 -0.181149 0.469232 -0.054129 -0.180017 0.372016 -0.126733 -0.211537 0.462716 -0.183836 -0.119405 0.424584 
0.000000 0.000000 0.000000 -0.044131 -0.025614 -0.054957 -0.106150 -0.396094 0.152093 -0.034746 -0.296563 0.216749 0.011234 -0.209066 0.234971 0.046659 -0.133983 0.241335 -0.170035 -0.136320 0.209124 -0.248818 -0.205593 0.374368 -0.371249 -0.258172 0.453948 -0.235275 -0.434883 0.334417 -0.313316 -0.458327 0.444609 -0.377872 -0.372308 0.489624 -0.156412 -0.386619 0.399948 -0.251922 -0.418930 0.526274 -0.303131 -0.292391 0.528464 -0.100390 -0.282660 0.398793 -0.199826 -0.305754 0.510909 -0.246403 -0.188812 0.461684 -0.064753 -0.184348 0.366382 -0.141441 -0.219016 0.452454 -0.202123 -0.129808 0.412921 
0.000000 0.000000 0.000000 -0.041896 -0.026445 -0.056296 -0.098962 -0.400006 0.146601 -0.032163 -0.298980 0.213808 0.010819 -0.210360 0.233833 0.043923 -0.134359 0.241639 -0.172467 -0.143608 0.202684 -0.254169 -0.216920 0.364737 -0.377396 -0.274953 0.439130 -0.231264 -0.443434 0.325571 -0.311223 -0.469681 0.433736 -0.379492 -0.384770 0.475240 -0.158663 -0.392091 0.392141 -0.255217 -0.431979 0.515473 -0.309546 -0.307051 0.524446 -0.109958 -0.282788 0.391570 -0.210544 -0.314154 0.500609 -0.260181 -0.197877 0.452819 -0.071944 -0.187093 0.361556 -0.151698 -0.223391 0.444098 -0.213850 -0.136250 0.402306 
0.000000 0.000000 0.000000 -0.036537 -0.028879 -0.058778 -0.086693 -0.404331 0.142446 -0.030125 -0.299587 0.213254 0.006548 -0.208687 0.235485 0.034882 -0.130966 0.244954 -0.173757 -0.147948 0.195858 -0.259620 -0.222453 0.355193 -0.384031 -0.283579 0.424995 -0.225072 -0.448555 0.316560 -0.308705 -0.475282 0.421789 -0.381737 -0.392794 0.459936 -0.164626 -0.386510 0.388834 -0.256106 -0.445629 0.508253 -0.315414 -0.323227 0.520066 -0.128586 -0.266030 0.387684 -0.225485 -0.307147 0.496820 -0.281037 -0.194903 0.445994 -0.085026 -0.185061 0.360202 -0.167561 -0.222296 0.439530 -0.232295 -0.137790 0.396272 
0.000000 0.000000 0.000000 -0.032091 -0.030213 -0.060673 -0.076338 -0.408275 0.137020 -0.028211 -0.301444 0.210886 0.003233 -0.209121 0.235168 0.027606 -0.130278 0.246245 -0.176802 -0.153302 0.187831 -0.267352 -0.230324 0.343328 -0.391536 -0.298230 0.406999 -0.220981 -0.456529 0.304859 -0.308399 -0.485693 0.406297 -0.386019 -0.405145 0.439164 -0.165956 -0.394420 0.380757 -0.259642 -0.457656 0.496293 -0.328492 -0.340228 0.506769 -0.141348 -0.267070 0.378178 -0.245022 -0.308623 0.480725 -0.308647 -0.200928 0.429521 -0.100194 -0.184753 0.352481 -0.188160 -0.222249 0.425606 -0.259244 -0.143164 0.382065 
0.000000 0.000000 0.000000 -0.027326 -0.031523 -0.062318 -0.062869 -0.412142 0.132201 -0.024071 -0.303352 0.208651 0.001402 -0.209678 0.234690 0.021188 -0.129764 0.247151 -0.175597 -0.161898 0.180303 -0.268374 -0.243478 0.332119 -0.390433 -0.319156 0.390951 -0.210530 -0.467443 0.295167 -0.299772 -0.500866 0.393660 -0.380906 -0.421684 0.420876 -0.160145 -0.405561 0.374518 -0.252694 -0.475078 0.487330 -0.328714 -0.361770 0.491992 -0.146891 -0.271093 0.372353 -0.253226 -0.315132 0.471065 -0.326743 -0.212910 0.421933 -0.108336 -0.189232 0.348507 -0.197491 -0.230166 0.418272 -0.276648 -0.157689 0.377231 
0.000000 0.000000 0.000000 -0.020758 -0.032813 -0.064159 -0.046038 -0.416041 0.126810 -0.019745 -0.305477 0.205989 -0.002158 -0.210540 0.233911 0.011606 -0.129615 0.247864 -0.175866 -0.169611 0.170520 -0.272922 -0.255210 0.317367 -0.394039 -0.336414 0.370503 -0.198799 -0.477391 0.282760 -0.291124 -0.514470 0.377012 -0.375975 -0.437916 0.400100 -0.155639 -0.415005 0.367267 -0.248067 -0.489500 0.476959 -0.326911 -0.378182 0.471378 -0.154060 -0.276021 0.365637 -0.262984 -0.322974 0.460093 -0.343781 -0.227142 0.409537 -0.120734 -0.191698 0.343873 -0.211827 -0.234432 0.409959 -0.296769 -0.169021 0.368613 
0.000000 0.000000 0.000000 -0.016351 -0.032892 -0.065381 -0.034211 -0.419074 0.120404 -0.016324 -0.308450 0.201815 -0.004088 -0.213199 0.231465 0.005576 -0.131939 0.246844 -0.176426 -0.175610 0.162334 -0.276590 -0.264914 0.304823 -0.397555 -0.349566 0.352658 -0.192145 -0.485079 0.269132 -0.287597 -0.524971 0.359019 -0.375572 -0.451584 0.380652 -0.155070 -0.421041 0.358491 -0.249436 -0.497619 0.465053 -0.328793 -0.387160 0.453194 -0.159574 -0.281483 0.357460 -0.271067 -0.330448 0.447807 -0.354314 -0.237646 0.395597 -0.129236 -0.196872 0.337375 -0.222030 -0.241567 0.399689 -0.309236 -0.180191 0.356896 
0.000000 0.000000 0.000000 -0.014553 -0.032785 -0.065858 -0.028935 -0.420328 0.117378 -0.014532 -0.309894 0.199730 -0.004547 -0.214618 0.230140 0.003378 -0.133294 0.246156 -0.177073 -0.179104 0.157803 -0.278768 -0.270661 0.297756 -0.399346 -0.357464 0.342622 -0.189433 -0.488725 0.262231 -0.286433 -0.530063 0.349777 -0.376014 -0.458176 0.369794 -0.147265 -0.432508 0.354074 -0.249756 -0.501692 0.458160 -0.327162 -0.390685 0.440124 -0.162058 -0.284379 0.352768 -0.275003 -0.334401 0.440700 -0.359840 -0.243928 0.386985 -0.133690 -0.198654 0.332912 -0.228036 -0.243643 0.392628 -0.316920 -0.185242 0.349130 
0.000000 0.000000 0.000000 -0.013175 -0.033021 -0.066030 -0.026513 -0.420441 0.117544 -0.014537 -0.309754 0.199946 -0.006005 -0.214340 0.230366 0.000839 -0.132917 0.246381 -0.178207 -0.179454 0.155709 -0.281473 -0.271082 0.294459 -0.401686 -0.359157 0.337801 -0.189007 -0.489833 0.259673 -0.287215 -0.531771 0.345571 -0.377090 -0.459672 0.363386 -0.142946 -0.438680 0.352798 -0.252235 -0.501150 0.454178 -0.326191 -0.389171 0.429066 -0.164817 -0.284586 0.351021 -0.278695 -0.334957 0.437539 -0.365394 -0.247163 0.382372 -0.138552 -0.197679 0.329821 -0.234498 -0.242255 0.387255 -0.326371 -0.188032 0.344567 
0.000000 0.000000 0.000000 -0.011642 -0.033200 -0.066228 -0.027199 -0.420332 0.117776 -0.017430 -0.309442 0.200197 -0.009944 -0.213937 0.230604 -0.003785 -0.132457 0.246601 -0.181033 -0.179056 0.152585 -0.287027 -0.270323 0.289504 -0.408192 -0.357863 0.331247 -0.193315 -0.489126 0.255953 -0.293711 -0.530703 0.339464 -0.383684 -0.458447 0.356109 -0.146651 -0.439395 0.351488 -0.258845 -0.499863 0.450889 -0.330973 -0.387479 0.422485 -0.171562 -0.282857 0.348262 -0.287452 -0.332277 0.432630 -0.376218 -0.246851 0.377032 -0.145908 -0.195549 0.326642 -0.243734 -0.238977 0.381736 -0.338199 -0.188386 0.340262 
0.000000 0.000000 0.000000 -0.011158 -0.032981 -0.066420 -0.030788 -0.420438 0.116510 -0.021225 -0.309794 0.199285 -0.013504 -0.214403 0.229990 -0.007043 -0.132995 0.246239 -0.183820 -0.179546 0.149341 -0.291860 -0.271257 0.284351 -0.414281 -0.357647 0.324807 -0.199004 -0.490073 0.251693 -0.300669 -0.532159 0.333394 -0.391076 -0.460327 0.349518 -0.151178 -0.442367 0.347647 -0.267678 -0.499829 0.443826 -0.338835 -0.387206 0.413958 -0.178016 -0.283173 0.343656 -0.295982 -0.332486 0.425162 -0.386612 -0.248930 0.369730 -0.151641 -0.195692 0.322046 -0.251171 -0.238847 0.374225 -0.347658 -0.191296 0.333824 
0.000000 0.000000 0.000000 -0.009647 -0.032870 -0.066711 -0.032488 -0.420728 0.114990 -0.024943 -0.310232 0.198170 -0.018079 -0.214888 0.229221 -0.012132 -0.133501 0.245767 -0.186926 -0.178508 0.145910 -0.297856 -0.269639 0.278954 -0.421650 -0.354433 0.318603 -0.204022 -0.490275 0.245983 -0.307693 -0.532308 0.325151 -0.398597 -0.461034 0.340952 -0.165807 -0.434929 0.343368 -0.275063 -0.504597 0.439981 -0.345713 -0.391921 0.409123 -0.185516 -0.282239 0.339413 -0.305580 -0.330533 0.418428 -0.397979 -0.248396 0.363803 -0.159321 -0.193399 0.318802 -0.260633 -0.234628 0.369074 -0.359198 -0.190337 0.330004 
0.000000 0.000000 0.000000 -0.010118 -0.032739 -0.066706 -0.036800 -0.420398 0.114898 -0.027922 -0.310021 0.198103 -0.019979 -0.214767 0.229177 -0.013130 -0.133455 0.245741 -0.190052 -0.176968 0.144643 -0.302643 -0.267217 0.276891 -0.426845 -0.351288 0.316798 -0.209986 -0.488978 0.244218 -0.314654 -0.530426 0.322376 -0.405533 -0.458998 0.337614 -0.176265 -0.428967 0.340653 -0.280192 -0.506516 0.437142 -0.350137 -0.393599 0.405571 -0.189555 -0.280698 0.336930 -0.311152 -0.327975 0.414195 -0.404915 -0.246966 0.360214 -0.162067 -0.192078 0.316219 -0.264584 -0.232429 0.364730 -0.364616 -0.190397 0.326914 
0.000000 0.000000 0.000000 -0.011004 -0.032877 -0.066497 -0.040915 -0.419479 0.116850 -0.030106 -0.308890 0.199545 -0.020802 -0.213616 0.230177 -0.012866 -0.132327 0.246364 -0.193920 -0.174601 0.143985 -0.308377 -0.263282 0.275690 -0.432791 -0.346599 0.316511 -0.215391 -0.486924 0.245027 -0.320840 -0.527686 0.322493 -0.411393 -0.455712 0.337090 -0.182674 -0.424534 0.340342 -0.286441 -0.503189 0.436104 -0.355870 -0.390133 0.403895 -0.192194 -0.277716 0.336149 -0.315092 -0.323680 0.412137 -0.410374 -0.243972 0.358881 -0.163752 -0.188189 0.314914 -0.267610 -0.226640 0.362099 -0.368445 -0.186302 0.324573 
0.000000 0.000000 0.000000 -0.011096 -0.033599 -0.066120 -0.045880 -0.417500 0.121979 -0.034209 -0.305992 0.203312 -0.024002 -0.210443 0.232774 -0.015256 -0.129044 0.247964 -0.197584 -0.167763 0.146174 -0.314276 -0.251713 0.279014 -0.439516 -0.332348 0.322601 -0.222012 -0.480818 0.249997 -0.328462 -0.519086 0.327367 -0.417913 -0.445602 0.341213 -0.188748 -0.417388 0.345380 -0.293856 -0.493153 0.442005 -0.362354 -0.379621 0.409480 -0.196549 -0.269940 0.339552 -0.320275 -0.312603 0.416118 -0.417164 -0.233780 0.364468 -0.166388 -0.183861 0.316815 -0.270415 -0.221592 0.364208 -0.371504 -0.182156 0.326405 
0.000000 0.000000 0.000000 -0.015524 -0.033919 -0.065057 -0.065593 -0.412090 0.131034 -0.044366 -0.300203 0.209874 -0.027486 -0.204973 0.237227 -0.013429 -0.124005 0.250627 -0.205454 -0.158447 0.150038 -0.324300 -0.236369 0.284630 -0.451702 -0.310164 0.333719 -0.242739 -0.469756 0.260317 -0.349801 -0.504608 0.338452 -0.436721 -0.428009 0.351517 -0.203065 -0.406057 0.351593 -0.311002 -0.478052 0.447981 -0.376389 -0.362815 0.415054 -0.203003 -0.257654 0.342737 -0.328859 -0.295430 0.418394 -0.426091 -0.215978 0.368381 -0.166460 -0.173811 0.319087 -0.271795 -0.208094 0.366210 -0.371809 -0.167711 0.326592 
0.000000 0.000000 0.000000 -0.020772 -0.033974 -0.063547 -0.089110 -0.403589 0.143059 -0.056460 -0.292011 0.218356 -0.031607 -0.197739 0.242789 -0.011205 -0.117757 0.253730 -0.214679 -0.144601 0.155560 -0.336014 -0.213824 0.292664 -0.464714 -0.277597 0.351453 -0.267963 -0.453930 0.273050 -0.376056 -0.484354 0.351614 -0.461376 -0.405942 0.364464 -0.220644 -0.388725 0.360356 -0.332312 -0.454505 0.456937 -0.395313 -0.337845 0.424369 -0.209112 -0.243082 0.348382 -0.336393 -0.275597 0.424099 -0.432199 -0.194171 0.374509 -0.166107 -0.157446 0.324557 -0.272729 -0.184764 0.373309 -0.368144 -0.139772 0.327760 
0.000000 0.000000 0.000000 -0.027054 -0.033033 -0.061650 -0.114818 -0.392291 0.155612 -0.068740 -0.282783 0.226817 -0.034700 -0.190619 0.248005 -0.007041 -0.112516 0.256245 -0.220805 -0.130298 0.163841 -0.342042 -0.191160 0.304939 -0.467121 -0.246543 0.378253 -0.293874 -0.438332 0.286911 -0.402091 -0.466158 0.366264 -0.486801 -0.387614 0.382021 -0.234542 -0.373953 0.370595 -0.347310 -0.435962 0.468385 -0.413332 -0.319556 0.441364 -0.211020 -0.229285 0.358140 -0.337453 -0.257011 0.437113 -0.431097 -0.171919 0.389591 -0.159996 -0.143706 0.335101 -0.265278 -0.165175 0.389379 -0.354869 -0.113435 0.339384 
0.000000 0.000000 0.000000 -0.035298 -0.029994 -0.058977 -0.146397 -0.375873 0.169049 -0.082819 -0.272043 0.235097 -0.036985 -0.184287 0.252421 -0.000068 -0.109828 0.257505 -0.227727 -0.115051 0.172502 -0.348136 -0.168275 0.317347 -0.467118 -0.215506 0.405093 -0.323426 -0.420530 0.303535 -0.430418 -0.447520 0.384815 -0.514980 -0.370463 0.407277 -0.249907 -0.357336 0.380978 -0.363551 -0.415348 0.480197 -0.430944 -0.298370 0.459855 -0.209689 -0.217545 0.369814 -0.333529 -0.241394 0.453991 -0.422529 -0.148965 0.411520 -0.147868 -0.133024 0.348079 -0.249601 -0.148990 0.410422 -0.334315 -0.089534 0.360506 
0.000000 0.000000 0.000000 -0.043011 -0.026054 -0.055634 -0.177537 -0.353538 0.186498 -0.097085 -0.257578 0.245694 -0.039814 -0.175893 0.257920 0.006102 -0.106439 0.258853 -0.233556 -0.097350 0.181971 -0.352785 -0.141962 0.330649 -0.460335 -0.180563 0.435672 -0.349377 -0.405376 0.325078 -0.453231 -0.436705 0.408832 -0.541855 -0.370314 0.445317 -0.266273 -0.335615 0.393207 -0.381344 -0.388691 0.493537 -0.448213 -0.270592 0.478688 -0.209803 -0.204178 0.380465 -0.331696 -0.224460 0.468338 -0.412301 -0.124244 0.426773 -0.133874 -0.128603 0.361330 -0.230223 -0.143859 0.431867 -0.311002 -0.077323 0.384425 