61
0.000000 0.000000 0.000000 -0.070518 0.011999 -0.022520 -0.179729 -0.385506 0.101848 -0.059245 -0.341226 0.127247 0.023196 -0.284297 0.132978 0.076029 -0.235329 0.131190 -0.136818 -0.195760 0.201727 -0.178304 -0.325762 0.342046 -0.260380 -0.402901 0.448816 -0.218892 -0.481111 0.303705 -0.242562 -0.538892 0.425701 -0.264719 -0.511833 0.536922 -0.079543 -0.468062 0.327185 -0.100292 -0.520896 0.478521 -0.128835 -0.421975 0.568184 0.017024 -0.393809 0.313762 0.006784 -0.454537 0.452319 -0.031410 -0.360903 0.541997 0.078252 -0.312555 0.288090 0.079781 -0.365711 0.396087 0.036859 -0.321257 0.492962 
0.000000 0.000000 0.000000 -0.069979 0.012888 -0.023681 -0.183327 -0.387215 0.088011 -0.063238 -0.344137 0.117082 0.019283 -0.287738 0.126021 0.072329 -0.238973 0.126616 -0.140439 -0.198839 0.195529 -0.184529 -0.331324 0.332697 -0.267743 -0.409113 0.438107 -0.223161 -0.483972 0.289186 -0.247237 -0.542449 0.410771 -0.269981 -0.519162 0.522725 -0.089950 -0.471480 0.315940 -0.114329 -0.525257 0.466400 -0.142007 -0.428764 0.558933 0.008633 -0.409706 0.298428 -0.011722 -0.455873 0.441414 -0.050166 -0.364050 0.532839 0.067688 -0.319241 0.281928 0.064493 -0.374492 0.388832 0.020225 -0.331824 0.485903 
0.000000 0.000000 0.000000 -0.069578 0.013656 -0.024420 -0.186021 -0.388222 0.077266 -0.066211 -0.346237 0.108965 0.016379 -0.290366 0.120272 0.069591 -0.241836 0.122651 -0.144438 -0.198769 0.192646 -0.191281 -0.331691 0.328472 -0.276191 -0.407643 0.433869 -0.227471 -0.483214 0.278955 -0.252523 -0.540624 0.400851 -0.277293 -0.519881 0.512875 -0.097016 -0.484112 0.300056 -0.127906 -0.520811 0.454405 -0.156140 -0.425803 0.548297 0.000985 -0.413868 0.291223 -0.023571 -0.458107 0.434159 -0.063004 -0.367553 0.526426 0.060362 -0.322370 0.277620 0.054010 -0.377803 0.384288 0.008016 -0.336265 0.481047 
0.000000 0.000000 0.000000 -0.069511 0.013904 -0.024470 -0.186314 -0.388882 0.073133 -0.066575 -0.347229 0.105533 0.015998 -0.291489 0.117578 0.069217 -0.242998 0.120550 -0.147638 -0.199642 0.190335 -0.196524 -0.333265 0.324745 -0.283069 -0.406501 0.430732 -0.229258 -0.483785 0.274551 -0.255212 -0.541142 0.396283 -0.280855 -0.521523 0.508313 -0.099759 -0.488668 0.293598 -0.133573 -0.518186 0.448872 -0.162444 -0.424267 0.543661 -0.003068 -0.416718 0.286893 -0.031163 -0.458454 0.429931 -0.071226 -0.368308 0.522325 0.056696 -0.324370 0.274848 0.048077 -0.380380 0.381055 0.001429 -0.338847 0.477502 
0.000000 0.000000 0.000000 -0.069743 0.014847 -0.023224 -0.188500 -0.388407 0.069989 -0.067951 -0.348239 0.101239 0.015259 -0.293371 0.112902 0.068923 -0.245371 0.115819 -0.150375 -0.201621 0.187694 -0.200830 -0.337073 0.319673 -0.290098 -0.408508 0.424625 -0.232129 -0.482941 0.271433 -0.258496 -0.540074 0.393181 -0.284374 -0.521403 0.505319 -0.103148 -0.494247 0.285406 -0.138757 -0.521321 0.440724 -0.167380 -0.427756 0.535937 -0.005847 -0.418476 0.282068 -0.035960 -0.456800 0.425648 -0.075984 -0.366706 0.518110 0.052775 -0.325653 0.270351 0.041660 -0.380914 0.376718 -0.005658 -0.339797 0.473018 
0.000000 0.000000 0.000000 -0.069639 0.015329 -0.023222 -0.190217 -0.388203 0.066377 -0.069561 -0.348797 0.098180 0.013851 -0.294371 0.110453 0.067706 -0.246618 0.113870 -0.152845 -0.200861 0.186980 -0.204910 -0.336139 0.318511 -0.294996 -0.407194 0.423022 -0.235102 -0.483367 0.267248 -0.262230 -0.540881 0.388649 -0.288412 -0.523558 0.500932 -0.110032 -0.493324 0.282431 -0.147894 -0.523344 0.436671 -0.176193 -0.429750 0.531953 -0.012259 -0.415870 0.281538 -0.043124 -0.458969 0.423596 -0.082017 -0.367862 0.515547 0.047156 -0.327274 0.267683 0.033010 -0.382792 0.373556 -0.014652 -0.340674 0.469251 
0.000000 0.000000 0.000000 -0.069388 0.015940 -0.023560 -0.193605 -0.386894 0.064193 -0.072823 -0.348524 0.096775 0.010943 -0.294788 0.109666 0.065149 -0.247468 0.113519 -0.150879 -0.199499 0.188080 -0.201871 -0.334307 0.320511 -0.290342 -0.404209 0.427157 -0.233892 -0.480355 0.266831 -0.258240 -0.536840 0.389300 -0.282504 -0.521861 0.502349 -0.108800 -0.496851 0.278926 -0.144121 -0.517820 0.435250 -0.170147 -0.423695 0.530657 -0.012505 -0.421362 0.277424 -0.045253 -0.448769 0.422914 -0.082346 -0.356369 0.514315 0.046657 -0.324303 0.269533 0.033928 -0.377190 0.376922 -0.012772 -0.333635 0.472447 
0.000000 0.000000 0.000000 -0.069398 0.016752 -0.022961 -0.197729 -0.384403 0.066539 -0.076199 -0.347465 0.097974 0.008328 -0.294738 0.110028 0.063141 -0.248079 0.113320 -0.152482 -0.196698 0.190070 -0.204472 -0.330261 0.323371 -0.294006 -0.397816 0.430640 -0.239642 -0.475372 0.269980 -0.264973 -0.530350 0.392934 -0.289079 -0.517034 0.506225 -0.113922 -0.494293 0.280985 -0.148660 -0.515990 0.437341 -0.172020 -0.418971 0.530513 -0.014665 -0.420966 0.278110 -0.047345 -0.440160 0.424924 -0.082117 -0.345667 0.515091 0.043696 -0.321522 0.270845 0.030312 -0.372073 0.379273 -0.015377 -0.326467 0.474330 
0.000000 0.000000 0.000000 -0.069174 0.017289 -0.023236 -0.202978 -0.380358 0.073607 -0.080929 -0.344537 0.104318 0.004327 -0.292772 0.115377 0.059780 -0.246822 0.117797 -0.157242 -0.191235 0.192653 -0.212349 -0.321715 0.327743 -0.304690 -0.384966 0.435257 -0.247543 -0.470020 0.277065 -0.274478 -0.524209 0.400029 -0.299728 -0.513737 0.513368 -0.120217 -0.495912 0.283249 -0.155483 -0.509623 0.440389 -0.176149 -0.408146 0.529353 -0.018953 -0.418134 0.284067 -0.051612 -0.432847 0.431402 -0.084877 -0.335764 0.519359 0.038747 -0.317475 0.276391 0.024269 -0.366108 0.385554 -0.021147 -0.317400 0.479192 
0.000000 0.000000 0.000000 -0.068904 0.018590 -0.023035 -0.211901 -0.373601 0.082525 -0.088741 -0.340307 0.111596 -0.002119 -0.290521 0.120993 0.054495 -0.245955 0.122096 -0.160104 -0.183668 0.197466 -0.217172 -0.310227 0.335441 -0.309731 -0.369775 0.444865 -0.258429 -0.457589 0.287954 -0.286549 -0.508349 0.412110 -0.310942 -0.496940 0.525547 -0.130033 -0.486183 0.294598 -0.163786 -0.499832 0.452075 -0.180549 -0.395543 0.538574 -0.029538 -0.406781 0.295480 -0.061611 -0.420409 0.443048 -0.091483 -0.319693 0.528088 0.031250 -0.311885 0.282405 0.015250 -0.357266 0.392750 -0.028629 -0.305141 0.485274 
0.000000 0.000000 0.000000 -0.068720 0.019939 -0.022447 -0.219306 -0.368004 0.088139 -0.095114 -0.337245 0.115570 -0.007297 -0.289345 0.123582 0.050311 -0.246059 0.123672 -0.160258 -0.179618 0.200363 -0.217537 -0.304487 0.339783 -0.309345 -0.361291 0.451279 -0.265795 -0.448747 0.294874 -0.293892 -0.497546 0.419819 -0.317025 -0.485703 0.533476 -0.135734 -0.482884 0.298911 -0.167258 -0.493675 0.457070 -0.180737 -0.387544 0.541888 -0.034404 -0.406590 0.297456 -0.065486 -0.412901 0.445729 -0.092140 -0.310578 0.529917 0.027208 -0.308108 0.285544 0.011305 -0.350818 0.396963 -0.030845 -0.296747 0.489174 
0.000000 0.000000 0.000000 -0.068476 0.020680 -0.022522 -0.224069 -0.364377 0.091174 -0.099446 -0.335065 0.118234 -0.010992 -0.288277 0.125784 0.047187 -0.245762 0.125482 -0.163144 -0.175428 0.202035 -0.222382 -0.298140 0.342548 -0.315235 -0.352468 0.454412 -0.270202 -0.441194 0.299479 -0.298083 -0.487620 0.425373 -0.320948 -0.474783 0.538976 -0.140831 -0.482244 0.300169 -0.172080 -0.488167 0.458639 -0.183835 -0.379524 0.540480 -0.041148 -0.404663 0.299735 -0.073091 -0.410606 0.447840 -0.098146 -0.306686 0.530550 0.023199 -0.304962 0.288289 0.006687 -0.345710 0.400352 -0.034692 -0.289384 0.491557 
0.000000 0.000000 0.000000 -0.068323 0.021405 -0.022308 -0.228658 -0.360021 0.096907 -0.103447 -0.332200 0.122797 -0.014279 -0.286611 0.129215 0.044500 -0.244947 0.128031 -0.164227 -0.171576 0.204423 -0.224237 -0.292331 0.346297 -0.317017 -0.344032 0.459460 -0.275720 -0.434227 0.305949 -0.304164 -0.479076 0.432288 -0.326256 -0.464032 0.545773 -0.148673 -0.477244 0.305530 -0.181268 -0.482666 0.463748 -0.191079 -0.371006 0.541691 -0.045626 -0.401937 0.303660 -0.077078 -0.408411 0.451848 -0.099987 -0.302460 0.532579 0.018361 -0.302814 0.290986 0.000369 -0.342645 0.403151 -0.040413 -0.284194 0.493281 
0.000000 0.000000 0.000000 -0.067973 0.021694 -0.023085 -0.232644 -0.356367 0.100845 -0.107349 -0.329315 0.127142 -0.017802 -0.284461 0.133458 0.041372 -0.243366 0.132032 -0.162918 -0.165722 0.208664 -0.222329 -0.282994 0.353677 -0.312512 -0.332357 0.469940 -0.279654 -0.426206 0.311399 -0.308066 -0.468414 0.438652 -0.328786 -0.451075 0.552068 -0.152909 -0.474161 0.309949 -0.184475 -0.476935 0.468444 -0.192076 -0.363395 0.543876 -0.050551 -0.401603 0.306429 -0.082701 -0.402685 0.454605 -0.104340 -0.295329 0.533816 0.014563 -0.298585 0.295795 -0.003890 -0.336592 0.408517 -0.044179 -0.277059 0.498158 
0.000000 0.000000 0.000000 -0.067732 0.021968 -0.023529 -0.236114 -0.352596 0.105908 -0.110613 -0.326311 0.131997 -0.020661 -0.282201 0.137775 0.038896 -0.241685 0.135818 -0.163485 -0.161240 0.211232 -0.223401 -0.275880 0.358129 -0.310655 -0.325260 0.476599 -0.281968 -0.421327 0.317080 -0.309680 -0.462867 0.444707 -0.330144 -0.442620 0.557686 -0.157791 -0.469593 0.315625 -0.190017 -0.471769 0.473995 -0.197020 -0.357249 0.547993 -0.056040 -0.395466 0.312798 -0.089226 -0.396489 0.460746 -0.110361 -0.287680 0.538089 0.010131 -0.296775 0.299293 -0.009669 -0.334694 0.411816 -0.049857 -0.273911 0.500661 
0.000000 0.000000 0.000000 -0.067655 0.021917 -0.023798 -0.237063 -0.351074 0.108805 -0.111528 -0.324853 0.134794 -0.021478 -0.280905 0.140275 0.038176 -0.240550 0.138020 -0.163773 -0.159747 0.212010 -0.223917 -0.273421 0.359564 -0.308597 -0.324195 0.479306 -0.283070 -0.418737 0.320288 -0.310875 -0.459632 0.448103 -0.330938 -0.437244 0.560750 -0.159358 -0.467681 0.318606 -0.191964 -0.467384 0.476913 -0.199071 -0.352438 0.550235 -0.057541 -0.392134 0.316461 -0.090922 -0.396512 0.464303 -0.112216 -0.287514 0.541336 0.007978 -0.294255 0.301697 -0.012808 -0.331222 0.414358 -0.052897 -0.269922 0.502893 
0.000000 0.000000 0.000000 -0.067502 0.021878 -0.024263 -0.238112 -0.350122 0.109580 -0.112671 -0.323931 0.136055 -0.022588 -0.280080 0.141744 0.037136 -0.239821 0.139563 -0.157674 -0.161233 0.212772 -0.214097 -0.275813 0.361094 -0.294219 -0.329154 0.482839 -0.283804 -0.418432 0.320924 -0.311419 -0.459717 0.448654 -0.331338 -0.437261 0.561313 -0.159980 -0.466936 0.319865 -0.191815 -0.467537 0.478328 -0.198132 -0.352531 0.551630 -0.060201 -0.393817 0.315993 -0.095429 -0.397470 0.463426 -0.117403 -0.286980 0.538106 0.004055 -0.293200 0.302789 -0.018715 -0.329942 0.415140 -0.059443 -0.267952 0.502900 
0.000000 0.000000 0.000000 -0.067172 0.020410 -0.026366 -0.235118 -0.352714 0.107714 -0.110902 -0.324049 0.137223 -0.021753 -0.278596 0.144766 0.037325 -0.237354 0.143670 -0.154218 -0.161892 0.212454 -0.208687 -0.275965 0.361892 -0.287738 -0.329646 0.484187 -0.280718 -0.420222 0.319335 -0.308276 -0.461022 0.447233 -0.328142 -0.434526 0.559021 -0.158964 -0.462916 0.323986 -0.191763 -0.463591 0.482253 -0.198705 -0.347525 0.553806 -0.060709 -0.392868 0.318370 -0.098203 -0.400388 0.465095 -0.122718 -0.289213 0.537946 -0.000541 -0.290548 0.305913 -0.026605 -0.327163 0.417588 -0.068721 -0.263840 0.503725 
0.000000 0.000000 0.000000 -0.067226 0.019838 -0.026664 -0.232769 -0.354360 0.107414 -0.108898 -0.324671 0.137358 -0.020138 -0.278508 0.145169 0.038620 -0.236806 0.144231 -0.152176 -0.163887 0.211821 -0.205332 -0.278850 0.361049 -0.284588 -0.332808 0.483089 -0.276925 -0.422626 0.319098 -0.303613 -0.463883 0.447034 -0.322555 -0.428004 0.556337 -0.155916 -0.463368 0.324512 -0.189125 -0.464127 0.482693 -0.197479 -0.347790 0.553652 -0.057645 -0.400226 0.313964 -0.095602 -0.417128 0.459787 -0.121845 -0.305703 0.531646 -0.002347 -0.292805 0.304768 -0.030546 -0.331351 0.415268 -0.073542 -0.266945 0.500158 
0.000000 0.000000 0.000000 -0.067190 0.019713 -0.026848 -0.232257 -0.355062 0.106196 -0.108552 -0.325119 0.136569 -0.019928 -0.278755 0.144723 0.038732 -0.236911 0.144028 -0.151422 -0.164509 0.211507 -0.204129 -0.279784 0.360654 -0.284060 -0.333590 0.482321 -0.276516 -0.427495 0.316469 -0.303265 -0.471270 0.443553 -0.321420 -0.428786 0.550598 -0.156766 -0.463976 0.323301 -0.191259 -0.465008 0.481205 -0.200540 -0.348929 0.552472 -0.060117 -0.399376 0.313688 -0.100379 -0.418560 0.458608 -0.128328 -0.306763 0.529236 -0.007098 -0.295229 0.302410 -0.038643 -0.335369 0.411428 -0.081659 -0.268152 0.494099 
0.000000 0.000000 0.000000 -0.066255 0.017542 -0.030438 -0.227547 -0.360261 0.098612 -0.106408 -0.326553 0.134824 -0.019613 -0.277648 0.146878 0.037840 -0.234192 0.148639 -0.148866 -0.166409 0.208693 -0.200559 -0.281514 0.358325 -0.281839 -0.335952 0.478812 -0.272642 -0.430092 0.309587 -0.299896 -0.472295 0.437094 -0.319347 -0.425644 0.542158 -0.154283 -0.466694 0.320681 -0.190774 -0.462521 0.478084 -0.203492 -0.346655 0.549166 -0.058352 -0.398270 0.316180 -0.100242 -0.416164 0.460804 -0.132612 -0.304464 0.529674 -0.007947 -0.292690 0.306967 -0.039463 -0.332956 0.415947 -0.084134 -0.264271 0.496508 
0.000000 0.000000 0.000000 -0.065739 0.015294 -0.032686 -0.221150 -0.364315 0.098272 -0.102046 -0.326858 0.137432 -0.016924 -0.275516 0.151165 0.039326 -0.230558 0.153842 -0.151245 -0.166608 0.206995 -0.204750 -0.280430 0.356971 -0.288368 -0.335325 0.475636 -0.271174 -0.431333 0.309048 -0.301408 -0.471837 0.436434 -0.324610 -0.420205 0.538360 -0.152170 -0.464565 0.324512 -0.193885 -0.464517 0.480667 -0.212344 -0.348498 0.550225 -0.058268 -0.392777 0.322203 -0.104671 -0.411447 0.465343 -0.143820 -0.300065 0.531141 -0.010687 -0.289920 0.310562 -0.045112 -0.330779 0.418436 -0.093709 -0.261943 0.496557 
0.000000 0.000000 0.000000 -0.064531 0.012340 -0.036157 -0.213655 -0.369328 0.096118 -0.097891 -0.327015 0.140056 -0.015265 -0.272536 0.156644 0.039288 -0.225656 0.160957 -0.152552 -0.167517 0.204155 -0.207630 -0.280060 0.354527 -0.293616 -0.335575 0.471194 -0.270318 -0.432882 0.306285 -0.304563 -0.471292 0.433305 -0.331780 -0.414877 0.531640 -0.152755 -0.460432 0.328906 -0.200358 -0.459454 0.483365 -0.224294 -0.343743 0.551756 -0.059688 -0.388295 0.327933 -0.111206 -0.408652 0.469080 -0.157683 -0.298030 0.531296 -0.015877 -0.284108 0.316284 -0.053849 -0.324341 0.423198 -0.107315 -0.255779 0.498323 
0.000000 0.000000 0.000000 -0.063554 0.010249 -0.038467 -0.208006 -0.372899 0.094711 -0.094810 -0.327170 0.141804 -0.014092 -0.270480 0.160275 0.039167 -0.222243 0.165666 -0.151882 -0.169012 0.202178 -0.207152 -0.281182 0.352758 -0.295511 -0.336677 0.467648 -0.267847 -0.433457 0.304883 -0.304012 -0.470056 0.431905 -0.335871 -0.410326 0.526828 -0.152723 -0.460835 0.329564 -0.205614 -0.453349 0.482113 -0.234740 -0.338499 0.549940 -0.055412 -0.384329 0.333609 -0.110314 -0.395530 0.474503 -0.162920 -0.285223 0.532237 -0.018950 -0.277185 0.321197 -0.058953 -0.315003 0.428253 -0.116703 -0.246341 0.500041 
0.000000 0.000000 0.000000 -0.062990 0.008676 -0.039761 -0.203484 -0.375114 0.095780 -0.091963 -0.326874 0.144339 -0.012559 -0.268593 0.163542 0.039778 -0.219396 0.169275 -0.155506 -0.167284 0.201745 -0.213396 -0.277388 0.352864 -0.303746 -0.332307 0.466476 -0.268587 -0.435153 0.304531 -0.307934 -0.471439 0.430694 -0.343607 -0.410245 0.523300 -0.153786 -0.456033 0.333997 -0.210586 -0.450700 0.485225 -0.243798 -0.337010 0.553129 -0.059172 -0.380855 0.336569 -0.117616 -0.396896 0.475558 -0.173740 -0.287004 0.530712 -0.022290 -0.274951 0.323053 -0.065013 -0.313190 0.428901 -0.125819 -0.244694 0.498284 
0.000000 0.000000 0.000000 -0.061613 0.006790 -0.042209 -0.198613 -0.378483 0.092701 -0.090109 -0.327177 0.144821 -0.012800 -0.266899 0.166275 0.038180 -0.216469 0.173363 -0.155799 -0.168156 0.199389 -0.214733 -0.277626 0.350565 -0.307062 -0.333341 0.462181 -0.265267 -0.437182 0.301344 -0.305550 -0.472658 0.427442 -0.344262 -0.410080 0.517877 -0.152264 -0.455778 0.334749 -0.211782 -0.448824 0.484862 -0.248997 -0.336077 0.552260 -0.062348 -0.373391 0.342110 -0.121208 -0.396299 0.479957 -0.182250 -0.287545 0.532057 -0.026042 -0.272413 0.326111 -0.070248 -0.310920 0.431251 -0.133565 -0.242799 0.498731 
0.000000 0.000000 0.000000 -0.060676 0.005396 -0.043740 -0.195246 -0.380312 0.092367 -0.088780 -0.326814 0.146451 -0.012894 -0.265156 0.169033 0.037162 -0.213898 0.176742 -0.158342 -0.168726 0.197069 -0.219454 -0.277681 0.347752 -0.313858 -0.334066 0.457276 -0.265310 -0.438837 0.299938 -0.307655 -0.474207 0.425389 -0.350021 -0.409183 0.512395 -0.153604 -0.454320 0.336226 -0.217540 -0.444423 0.484344 -0.258732 -0.331506 0.549092 -0.064206 -0.369121 0.345872 -0.125861 -0.391531 0.482573 -0.191339 -0.283276 0.530128 -0.031648 -0.268509 0.327968 -0.079011 -0.306098 0.432059 -0.145112 -0.237679 0.496500 
0.000000 0.000000 0.000000 -0.059399 0.003252 -0.045662 -0.188855 -0.383536 0.092327 -0.085434 -0.326643 0.148803 -0.011786 -0.262816 0.172728 0.036764 -0.210240 0.181159 -0.161435 -0.168978 0.194695 -0.225282 -0.276749 0.345095 -0.321389 -0.333814 0.452770 -0.263181 -0.441016 0.298705 -0.308101 -0.475755 0.423435 -0.355413 -0.409709 0.507057 -0.152685 -0.451598 0.339429 -0.221621 -0.441966 0.485304 -0.268459 -0.329096 0.546181 -0.071386 -0.360097 0.350767 -0.136175 -0.387106 0.485168 -0.206096 -0.279448 0.527465 -0.035647 -0.264183 0.330936 -0.085489 -0.301313 0.434030 -0.155395 -0.233155 0.494618 
0.000000 0.000000 0.000000 -0.056536 0.000024 -0.049271 -0.178446 -0.389542 0.087773 -0.081130 -0.327466 0.149403 -0.011767 -0.260236 0.176592 0.033985 -0.205547 0.186994 -0.164768 -0.170903 0.189300 -0.232492 -0.277858 0.338582 -0.329988 -0.336795 0.443976 -0.258688 -0.443542 0.292871 -0.307184 -0.476179 0.416827 -0.358971 -0.410202 0.497810 -0.152880 -0.445413 0.342832 -0.226300 -0.441996 0.486785 -0.279659 -0.329991 0.543769 -0.075143 -0.352866 0.355804 -0.143022 -0.380516 0.488540 -0.219243 -0.274834 0.524452 -0.041919 -0.259403 0.335062 -0.094166 -0.296473 0.436981 -0.168233 -0.228820 0.493019 
0.000000 0.000000 0.000000 -0.054981 -0.001542 -0.050976 -0.172392 -0.392884 0.084932 -0.078414 -0.328272 0.149085 -0.011425 -0.259343 0.177924 0.032764 -0.203583 0.189346 -0.169096 -0.171213 0.185743 -0.240502 -0.277383 0.333866 -0.339025 -0.339015 0.436732 -0.257145 -0.448272 0.287834 -0.308367 -0.481747 0.410463 -0.364176 -0.416344 0.489209 -0.147979 -0.449830 0.341071 -0.226129 -0.439420 0.482170 -0.285041 -0.328846 0.536410 -0.073633 -0.355550 0.355654 -0.148632 -0.375050 0.485983 -0.229297 -0.271339 0.517690 -0.047139 -0.256736 0.335553 -0.102138 -0.293323 0.436189 -0.179433 -0.226422 0.488656 
0.000000 0.000000 0.000000 -0.052672 -0.003690 -0.053254 -0.164596 -0.396783 0.082229 -0.075347 -0.328778 0.149550 -0.011656 -0.257625 0.180388 0.030391 -0.200483 0.193013 -0.170495 -0.174023 0.181161 -0.244222 -0.280607 0.327843 -0.342356 -0.347110 0.428012 -0.253273 -0.454807 0.282703 -0.306867 -0.489876 0.403864 -0.367444 -0.423577 0.478214 -0.152146 -0.442696 0.343455 -0.233544 -0.440754 0.483080 -0.297731 -0.332412 0.535819 -0.084132 -0.345526 0.358529 -0.156630 -0.377526 0.487800 -0.241094 -0.276172 0.517144 -0.052128 -0.253859 0.337678 -0.108927 -0.290599 0.437254 -0.189510 -0.225448 0.486901 
0.000000 0.000000 0.000000 -0.049871 -0.006284 -0.055653 -0.154123 -0.401412 0.080032 -0.070715 -0.329351 0.150548 -0.011166 -0.255542 0.183358 0.028157 -0.196754 0.197146 -0.168291 -0.179511 0.176328 -0.242390 -0.287906 0.321487 -0.339396 -0.360575 0.418419 -0.244551 -0.463423 0.278520 -0.299204 -0.500900 0.398481 -0.364449 -0.432799 0.467026 -0.148180 -0.445011 0.343152 -0.232992 -0.447355 0.480724 -0.303484 -0.342245 0.531930 -0.080446 -0.350999 0.358862 -0.160555 -0.375681 0.485212 -0.249047 -0.277205 0.512408 -0.058353 -0.252416 0.338582 -0.117899 -0.290729 0.435935 -0.202276 -0.228436 0.482874 
0.000000 0.000000 0.000000 -0.047096 -0.008720 -0.057705 -0.141971 -0.406351 0.077547 -0.064574 -0.330470 0.150855 -0.009405 -0.254109 0.185435 0.026987 -0.193716 0.200292 -0.165956 -0.184422 0.172180 -0.240331 -0.294365 0.316028 -0.334894 -0.372989 0.410701 -0.233108 -0.472595 0.274336 -0.288190 -0.512630 0.393270 -0.357376 -0.445734 0.459082 -0.144434 -0.446240 0.342412 -0.230821 -0.457883 0.478524 -0.306952 -0.356086 0.528332 -0.087577 -0.342902 0.360703 -0.165610 -0.378587 0.485716 -0.260342 -0.284842 0.508203 -0.061534 -0.252682 0.339120 -0.122465 -0.293269 0.434679 -0.210979 -0.234371 0.478260 
0.000000 0.000000 0.000000 -0.043917 -0.010892 -0.059804 -0.126099 -0.412641 0.071531 -0.055832 -0.333244 0.148217 -0.005977 -0.254391 0.185191 0.026805 -0.192360 0.201619 -0.166843 -0.189834 0.165396 -0.243763 -0.301805 0.306311 -0.330783 -0.389480 0.400266 -0.220651 -0.484399 0.264743 -0.277796 -0.527767 0.381515 -0.351527 -0.465263 0.446707 -0.140210 -0.450389 0.336981 -0.228802 -0.471515 0.470509 -0.310641 -0.373810 0.519454 -0.081135 -0.350314 0.358002 -0.163473 -0.386256 0.480147 -0.263381 -0.297329 0.499599 -0.063728 -0.253791 0.338061 -0.126043 -0.296075 0.431976 -0.218618 -0.241201 0.472248 
0.000000 0.000000 0.000000 -0.040902 -0.012706 -0.061558 -0.114161 -0.416634 0.068365 -0.050127 -0.334451 0.147536 -0.004758 -0.253706 0.186164 0.025045 -0.190468 0.203631 -0.171114 -0.193462 0.158028 -0.252593 -0.306568 0.295431 -0.325211 -0.403012 0.392961 -0.208747 -0.491450 0.260397 -0.265913 -0.536667 0.376456 -0.343535 -0.478341 0.441000 -0.138944 -0.445657 0.337849 -0.224949 -0.477867 0.470854 -0.311385 -0.383486 0.518399 -0.080732 -0.351200 0.357735 -0.162493 -0.392087 0.478707 -0.266021 -0.306869 0.495679 -0.065517 -0.256471 0.337901 -0.127853 -0.301903 0.430321 -0.223568 -0.250829 0.468180 
0.000000 0.000000 0.000000 -0.038071 -0.014268 -0.063016 -0.103238 -0.419836 0.066109 -0.044981 -0.335309 0.147248 -0.003756 -0.252984 0.187166 0.023301 -0.188746 0.205434 -0.182475 -0.194372 0.148067 -0.272835 -0.307070 0.280149 -0.317706 -0.411239 0.386084 -0.200016 -0.498440 0.255517 -0.258506 -0.545947 0.369990 -0.339901 -0.491260 0.433056 -0.136417 -0.448803 0.334952 -0.223074 -0.487921 0.465661 -0.314103 -0.397486 0.512292 -0.084507 -0.350097 0.356760 -0.164346 -0.397812 0.476509 -0.270898 -0.316128 0.492084 -0.068264 -0.256902 0.337936 -0.131290 -0.303816 0.429140 -0.229430 -0.256440 0.465572 
0.000000 0.000000 0.000000 -0.033945 -0.016264 -0.064863 -0.086328 -0.424138 0.062807 -0.036583 -0.336673 0.146458 -0.001534 -0.252345 0.188058 0.021401 -0.186825 0.207387 -0.192029 -0.195548 0.136911 -0.290949 -0.307733 0.263168 -0.303158 -0.414482 0.375160 -0.183381 -0.503473 0.251770 -0.242037 -0.551420 0.365973 -0.327007 -0.495173 0.422628 -0.125868 -0.451814 0.334195 -0.213992 -0.490774 0.463968 -0.309181 -0.403269 0.507799 -0.082207 -0.349368 0.357741 -0.167632 -0.392836 0.475231 -0.277947 -0.315646 0.487073 -0.073018 -0.255073 0.337823 -0.138009 -0.302049 0.427604 -0.238480 -0.257137 0.460646 
0.000000 0.000000 0.000000 -0.032099 -0.017426 -0.065497 -0.074293 -0.426525 0.062029 -0.029009 -0.337407 0.146466 0.002540 -0.251954 0.188571 0.023021 -0.185717 0.208208 -0.196377 -0.198594 0.129534 -0.299171 -0.311957 0.251572 -0.295943 -0.419024 0.363881 -0.172472 -0.509268 0.248937 -0.231809 -0.559276 0.361899 -0.319221 -0.501982 0.413568 -0.115404 -0.456380 0.333163 -0.208348 -0.490219 0.460994 -0.306397 -0.404297 0.501528 -0.072852 -0.355411 0.356875 -0.169159 -0.389727 0.468850 -0.281286 -0.314854 0.478317 -0.074604 -0.254328 0.336068 -0.141800 -0.301554 0.424077 -0.243775 -0.258027 0.454237 
0.000000 0.000000 0.000000 -0.026297 -0.021004 -0.067016 -0.048658 -0.429334 0.067785 -0.015481 -0.335509 0.152746 0.007151 -0.247186 0.194664 0.021623 -0.179275 0.213926 -0.192706 -0.203654 0.124800 -0.296835 -0.317944 0.244826 -0.285063 -0.422444 0.358966 -0.151893 -0.509916 0.252904 -0.214286 -0.558617 0.364786 -0.305881 -0.503066 0.410804 -0.110104 -0.447560 0.339736 -0.201357 -0.490455 0.466059 -0.304518 -0.407784 0.500159 -0.075199 -0.344826 0.363183 -0.168867 -0.385219 0.475368 -0.284366 -0.315103 0.478797 -0.074290 -0.249340 0.342292 -0.140308 -0.297567 0.430649 -0.245347 -0.257887 0.455056 
0.000000 0.000000 0.000000 -0.020884 -0.024333 -0.067791 -0.021898 -0.430113 0.076244 -0.000344 -0.332272 0.160414 0.013550 -0.241635 0.201185 0.022053 -0.172444 0.219426 -0.184921 -0.213311 0.119893 -0.287564 -0.331562 0.237334 -0.272433 -0.431591 0.355029 -0.126269 -0.515344 0.258625 -0.189348 -0.566855 0.368850 -0.286218 -0.515737 0.408803 -0.084313 -0.456552 0.344745 -0.182644 -0.495811 0.466869 -0.291262 -0.417984 0.494875 -0.058720 -0.347777 0.369186 -0.158914 -0.387699 0.475761 -0.277979 -0.323888 0.471327 -0.071562 -0.250385 0.344916 -0.135998 -0.304034 0.431294 -0.244094 -0.269710 0.449741 
0.000000 0.000000 0.000000 -0.016223 -0.027083 -0.068024 0.002206 -0.428897 0.085633 0.013669 -0.328083 0.168261 0.019903 -0.235884 0.207386 0.023144 -0.165913 0.224295 -0.178795 -0.217798 0.119178 -0.280521 -0.337135 0.236317 -0.262035 -0.430534 0.358880 -0.105055 -0.512262 0.267197 -0.169880 -0.562645 0.376930 -0.270489 -0.513398 0.409269 -0.072109 -0.449447 0.353700 -0.168107 -0.495145 0.475439 -0.281092 -0.421812 0.497709 -0.051837 -0.341547 0.375916 -0.150865 -0.385444 0.482016 -0.272204 -0.326694 0.472356 -0.069215 -0.246051 0.349331 -0.132787 -0.301212 0.435396 -0.242901 -0.271556 0.449489 
0.000000 0.000000 0.000000 -0.013841 -0.029575 -0.067510 0.014726 -0.425916 0.098329 0.021028 -0.322423 0.178152 0.023328 -0.228972 0.214648 0.023860 -0.158472 0.229540 -0.173980 -0.221094 0.120964 -0.274185 -0.340933 0.238899 -0.254391 -0.429576 0.364746 -0.094702 -0.510896 0.277839 -0.160838 -0.562256 0.386331 -0.263213 -0.513633 0.413684 -0.072103 -0.437850 0.363834 -0.165164 -0.489237 0.485586 -0.280857 -0.418884 0.503051 -0.047050 -0.337126 0.382170 -0.146173 -0.384294 0.486766 -0.268607 -0.328575 0.473595 -0.065387 -0.240942 0.355317 -0.126817 -0.297707 0.441893 -0.238107 -0.271606 0.453573 
0.000000 0.000000 0.000000 -0.010937 -0.031048 -0.067382 0.024037 -0.423668 0.105916 0.024936 -0.318767 0.184128 0.023436 -0.224715 0.219090 0.021483 -0.153999 0.232796 -0.171359 -0.220324 0.123107 -0.271741 -0.338761 0.242302 -0.253271 -0.424511 0.370335 -0.088124 -0.506040 0.284955 -0.155910 -0.555823 0.393162 -0.259235 -0.507873 0.418018 -0.076116 -0.426783 0.370127 -0.165019 -0.482575 0.493041 -0.282171 -0.413980 0.507519 -0.043522 -0.332831 0.388031 -0.145304 -0.377795 0.491033 -0.268590 -0.324288 0.476693 -0.067477 -0.236699 0.358625 -0.128710 -0.293623 0.445236 -0.240555 -0.269433 0.455660 
0.000000 0.000000 0.000000 -0.011506 -0.031720 -0.066972 0.023782 -0.422602 0.110148 0.025510 -0.316895 0.187254 0.024494 -0.222481 0.221243 0.022814 -0.151622 0.234225 -0.170225 -0.222408 0.123534 -0.269541 -0.341729 0.242741 -0.252703 -0.425960 0.372002 -0.087797 -0.505637 0.289244 -0.155232 -0.555821 0.397485 -0.259121 -0.508572 0.421311 -0.061845 -0.433728 0.374854 -0.162409 -0.477000 0.493762 -0.280219 -0.409311 0.507114 -0.041398 -0.329340 0.391399 -0.144183 -0.372961 0.493981 -0.267933 -0.320744 0.478899 -0.066620 -0.235001 0.359268 -0.128179 -0.292393 0.445338 -0.240209 -0.268947 0.455468 
0.000000 0.000000 0.000000 -0.013004 -0.031985 -0.066571 0.022343 -0.422183 0.112038 0.026365 -0.316080 0.188510 0.026755 -0.221478 0.221986 0.025897 -0.150538 0.234604 -0.170385 -0.223240 0.124475 -0.268864 -0.342915 0.244020 -0.251979 -0.425641 0.374244 -0.085498 -0.502033 0.294834 -0.150674 -0.550292 0.405311 -0.254442 -0.502834 0.429252 -0.054855 -0.435613 0.377161 -0.160079 -0.472469 0.494183 -0.277861 -0.404728 0.507515 -0.037230 -0.329618 0.392061 -0.141589 -0.372141 0.493510 -0.265360 -0.319863 0.478819 -0.064118 -0.232670 0.360054 -0.126077 -0.289203 0.446405 -0.238037 -0.265629 0.457005 
0.000000 0.000000 0.000000 -0.012253 -0.032481 -0.066474 0.024290 -0.421327 0.114822 0.026983 -0.314731 0.190666 0.026466 -0.219925 0.223559 0.025028 -0.148917 0.235730 -0.170321 -0.222478 0.125259 -0.269230 -0.341366 0.245234 -0.252125 -0.422913 0.376170 -0.085837 -0.500817 0.296408 -0.152396 -0.548859 0.406153 -0.255737 -0.500608 0.430350 -0.059038 -0.431286 0.379053 -0.160901 -0.471844 0.497812 -0.278261 -0.403417 0.511374 -0.039274 -0.326867 0.393722 -0.141989 -0.369858 0.496640 -0.265431 -0.316633 0.482591 -0.064029 -0.232286 0.361048 -0.125329 -0.289671 0.447307 -0.237181 -0.265907 0.458592 
0.000000 0.000000 0.000000 -0.012459 -0.032660 -0.066347 0.023072 -0.421021 0.116186 0.026229 -0.314184 0.191671 0.026073 -0.219269 0.224249 0.024888 -0.148216 0.236186 -0.170993 -0.221233 0.126405 -0.270194 -0.339229 0.247016 -0.253361 -0.420096 0.378409 -0.087988 -0.500321 0.297286 -0.155109 -0.548249 0.406738 -0.257952 -0.499518 0.432071 -0.066588 -0.425281 0.380130 -0.161970 -0.472275 0.501861 -0.279007 -0.403345 0.515659 -0.043504 -0.323132 0.394793 -0.142122 -0.367862 0.500927 -0.265392 -0.313904 0.488231 -0.062191 -0.231188 0.363147 -0.122130 -0.288299 0.450537 -0.233902 -0.264673 0.462859 
0.000000 0.000000 0.000000 -0.012921 -0.032830 -0.066175 0.019395 -0.420710 0.117971 0.023731 -0.313580 0.192981 0.024543 -0.218527 0.225144 0.024052 -0.147415 0.236773 -0.172496 -0.218591 0.128440 -0.272348 -0.334828 0.250217 -0.255769 -0.414315 0.382481 -0.092414 -0.498323 0.299342 -0.159988 -0.545229 0.408957 -0.261721 -0.495077 0.435944 -0.066456 -0.424084 0.383059 -0.163306 -0.466850 0.505189 -0.279261 -0.396297 0.519888 -0.041798 -0.323031 0.396584 -0.142071 -0.364197 0.502609 -0.264577 -0.307993 0.492532 -0.062746 -0.229326 0.364612 -0.122491 -0.285708 0.452607 -0.233904 -0.261163 0.466311 
0.000000 0.000000 0.000000 -0.015227 -0.032822 -0.065687 0.011579 -0.420478 0.119811 0.020276 -0.313122 0.194116 0.024181 -0.217961 0.225731 0.025723 -0.146802 0.236978 -0.176125 -0.216882 0.129454 -0.276805 -0.332054 0.251561 -0.260371 -0.409914 0.384807 -0.101307 -0.495830 0.301467 -0.169532 -0.541371 0.411255 -0.269987 -0.489676 0.440059 -0.064815 -0.428015 0.383940 -0.165505 -0.465544 0.504679 -0.280206 -0.393282 0.520832 -0.042034 -0.323715 0.396451 -0.143505 -0.362821 0.502116 -0.265124 -0.304279 0.495059 -0.059650 -0.230813 0.364414 -0.118413 -0.288639 0.452131 -0.229319 -0.263109 0.467985 
0.000000 0.000000 0.000000 -0.017042 -0.033032 -0.065133 0.004604 -0.419616 0.123253 0.016862 -0.311857 0.196464 0.023341 -0.216542 0.227180 0.026599 -0.145342 0.237780 -0.178364 -0.213588 0.132910 -0.279309 -0.326568 0.256832 -0.264310 -0.403092 0.391018 -0.107359 -0.492562 0.306456 -0.175026 -0.536649 0.417179 -0.274498 -0.484010 0.447635 -0.072539 -0.421898 0.387181 -0.170700 -0.460556 0.509633 -0.284300 -0.386552 0.525688 -0.041297 -0.322098 0.398626 -0.140438 -0.360674 0.506672 -0.261096 -0.299888 0.502837 -0.057805 -0.227808 0.366860 -0.115902 -0.284570 0.455709 -0.226448 -0.258531 0.473164 
0.000000 0.000000 0.000000 -0.020887 -0.033208 -0.063913 -0.006019 -0.417855 0.129039 0.013199 -0.309694 0.200131 0.024462 -0.214302 0.229178 0.030794 -0.143144 0.238606 -0.182240 -0.211224 0.136392 -0.283204 -0.322614 0.261730 -0.270803 -0.398104 0.396764 -0.116910 -0.491423 0.312645 -0.183929 -0.535886 0.423612 -0.282237 -0.482056 0.455720 -0.074620 -0.422656 0.389873 -0.168706 -0.466047 0.513928 -0.280744 -0.389987 0.531300 -0.040630 -0.320563 0.400015 -0.133529 -0.363211 0.512005 -0.252491 -0.299056 0.511787 -0.051062 -0.224042 0.370292 -0.107405 -0.279726 0.460935 -0.217220 -0.252462 0.480946 
0.000000 0.000000 0.000000 -0.025250 -0.032687 -0.062593 -0.016948 -0.416501 0.132401 0.010045 -0.308816 0.201665 0.026570 -0.213803 0.229409 0.036250 -0.142914 0.237976 -0.185501 -0.208679 0.140367 -0.285775 -0.318803 0.267365 -0.274620 -0.393612 0.402887 -0.124570 -0.490869 0.317622 -0.189614 -0.535814 0.429565 -0.286081 -0.480094 0.463954 -0.081294 -0.417556 0.392211 -0.169622 -0.465353 0.518852 -0.279767 -0.387042 0.538213 -0.036559 -0.323429 0.398851 -0.123133 -0.371220 0.513793 -0.240282 -0.303956 0.518255 -0.037638 -0.225697 0.373157 -0.088495 -0.282679 0.466204 -0.196933 -0.253610 0.490687 
0.000000 0.000000 0.000000 -0.027749 -0.032605 -0.061569 -0.023937 -0.414689 0.136930 0.007637 -0.307097 0.204378 0.027310 -0.212287 0.230727 0.039013 -0.141592 0.238329 -0.187131 -0.205620 0.144609 -0.286863 -0.313881 0.273622 -0.276879 -0.388145 0.409534 -0.131964 -0.489278 0.321827 -0.197253 -0.534357 0.433574 -0.291724 -0.476317 0.469626 -0.086925 -0.410738 0.396188 -0.168685 -0.463724 0.525155 -0.277644 -0.384076 0.545731 -0.024932 -0.323373 0.402902 -0.112986 -0.363855 0.519515 -0.228517 -0.294133 0.527224 -0.027134 -0.225038 0.377065 -0.072665 -0.282475 0.472559 -0.179872 -0.252014 0.500521 
0.000000 0.000000 0.000000 -0.032205 -0.031559 -0.059923 -0.034928 -0.412828 0.140156 0.004636 -0.306501 0.205360 0.029699 -0.212555 0.230184 0.044819 -0.142413 0.236814 -0.188885 -0.203344 0.149332 -0.286924 -0.310836 0.280270 -0.279425 -0.386279 0.415692 -0.138300 -0.488611 0.327216 -0.200776 -0.534412 0.440269 -0.293172 -0.474823 0.479067 -0.096107 -0.400982 0.398748 -0.164626 -0.465241 0.530279 -0.271881 -0.384096 0.553759 -0.018648 -0.324581 0.402887 -0.098651 -0.369012 0.523785 -0.212527 -0.297702 0.538458 -0.010603 -0.227017 0.379491 -0.048751 -0.285251 0.477699 -0.153823 -0.250793 0.508935 
0.000000 0.000000 0.000000 -0.037472 -0.030066 -0.057583 -0.046810 -0.410092 0.144651 0.002103 -0.305712 0.206575 0.033392 -0.213083 0.229187 0.052421 -0.143780 0.234415 -0.191358 -0.203349 0.152509 -0.287651 -0.311777 0.283970 -0.282034 -0.387597 0.419273 -0.147393 -0.489659 0.331660 -0.208182 -0.537747 0.444683 -0.298825 -0.476976 0.485718 -0.087428 -0.410776 0.400018 -0.160163 -0.469977 0.531659 -0.265483 -0.387143 0.557840 -0.017220 -0.321949 0.403257 -0.083327 -0.376231 0.528454 -0.195075 -0.302782 0.548094 0.005917 -0.225473 0.381894 -0.026094 -0.281704 0.483406 -0.128954 -0.243815 0.517865 
0.000000 0.000000 0.000000 -0.039250 -0.029622 -0.056620 -0.051886 -0.408302 0.147945 0.000361 -0.304586 0.208241 0.033940 -0.212479 0.229667 0.054440 -0.143541 0.234101 -0.192930 -0.199444 0.156428 -0.289092 -0.305707 0.289739 -0.285828 -0.380499 0.425689 -0.151655 -0.484587 0.336749 -0.211952 -0.530692 0.450857 -0.301806 -0.469203 0.492554 -0.093959 -0.401902 0.403453 -0.158109 -0.468089 0.536225 -0.262644 -0.384490 0.563116 -0.007974 -0.323998 0.404368 -0.074348 -0.374610 0.530953 -0.185054 -0.300267 0.552986 0.013665 -0.224287 0.383780 -0.014402 -0.279867 0.486806 -0.116142 -0.240324 0.522702 
0.000000 0.000000 0.000000 -0.041156 -0.029112 -0.055521 -0.057079 -0.406235 0.151674 -0.001286 -0.303302 0.210103 0.034711 -0.211805 0.230174 0.056758 -0.143293 0.233702 -0.193803 -0.197656 0.159277 -0.289320 -0.303120 0.293684 -0.288766 -0.377342 0.429983 -0.155068 -0.484191 0.340728 -0.214289 -0.531306 0.454987 -0.302483 -0.468923 0.498842 -0.090346 -0.402475 0.406846 -0.150919 -0.469926 0.540658 -0.254364 -0.385572 0.569340 0.001967 -0.326981 0.404461 -0.060958 -0.377815 0.532708 -0.170642 -0.303079 0.558238 0.024986 -0.223576 0.385793 0.003118 -0.278836 0.490479 -0.097186 -0.237918 0.528794 
0.000000 0.000000 0.000000 -0.041869 -0.028939 -0.055077 -0.059370 -0.405200 0.153554 -0.002195 -0.302562 0.211161 0.034768 -0.211316 0.230614 0.057442 -0.142989 0.233721 -0.193591 -0.195148 0.162182 -0.288529 -0.299150 0.298128 -0.289640 -0.372959 0.434648 -0.156708 -0.483185 0.342931 -0.215536 -0.530317 0.457386 -0.302440 -0.467134 0.502649 -0.086645 -0.401082 0.410250 -0.144082 -0.468089 0.545659 -0.246815 -0.383288 0.575560 0.013509 -0.328635 0.405251 -0.048616 -0.375079 0.535536 -0.157625 -0.300342 0.563806 0.031172 -0.224810 0.386042 0.013089 -0.281129 0.490887 -0.086289 -0.239810 0.531135 
0.000000 0.000000 0.000000 -0.043181 -0.028584 -0.054242 -0.062445 -0.403668 0.156344 -0.002892 -0.301596 0.212530 0.035658 -0.210795 0.230955 0.059331 -0.142779 0.233377 -0.194551 -0.193909 0.163934 -0.289269 -0.297358 0.300455 -0.291857 -0.370510 0.437309 -0.159911 -0.480244 0.346229 -0.218817 -0.526525 0.460991 -0.305304 -0.462968 0.506529 -0.087057 -0.401091 0.411254 -0.144300 -0.468762 0.546415 -0.246690 -0.383632 0.576556 0.009264 -0.326386 0.406043 -0.046042 -0.380370 0.536495 -0.154779 -0.305617 0.565759 0.035065 -0.223567 0.386579 0.018363 -0.279175 0.492031 -0.080519 -0.237445 0.533068 
0.000000 0.000000 0.000000 -0.043078 -0.028631 -0.054300 -0.063409 -0.403279 0.156958 -0.003863 -0.301180 0.213103 0.034763 -0.210397 0.231454 0.058523 -0.142409 0.233807 -0.193205 -0.194780 0.164108 -0.287144 -0.298746 0.300774 -0.290620 -0.371840 0.437640 -0.158802 -0.483153 0.346538 -0.216454 -0.531428 0.461114 -0.302973 -0.467966 0.506725 -0.086851 -0.400191 0.412563 -0.143296 -0.467532 0.548223 -0.245532 -0.382123 0.578095 0.012994 -0.327568 0.406127 -0.044257 -0.378482 0.536974 -0.152994 -0.303961 0.566821 0.038830 -0.226406 0.385935 0.025275 -0.284223 0.490648 -0.073182 -0.242339 0.532541 
0.000000 0.000000 0.000000 -0.044137 -0.028020 -0.053766 -0.066058 -0.402794 0.157111 -0.004563 -0.301509 0.212624 0.035375 -0.211221 0.230609 0.059966 -0.143522 0.232758 -0.193545 -0.195290 0.164281 -0.287035 -0.299956 0.300720 -0.291023 -0.373353 0.437409 -0.160533 -0.484949 0.346174 -0.217631 -0.534602 0.460439 -0.304212 -0.471368 0.506247 -0.087887 -0.400811 0.411799 -0.144560 -0.468350 0.547266 -0.246447 -0.382567 0.577260 0.005972 -0.323906 0.407106 -0.041479 -0.384122 0.537924 -0.150147 -0.310057 0.569127 0.040282 -0.228051 0.384593 0.026733 -0.286233 0.489104 -0.071421 -0.244591 0.531939 