61
0.000000 0.000000 0.000000 -0.061304 0.000275 -0.043193 -0.241660 -0.309514 0.192592 -0.121353 -0.257253 0.235014 -0.030447 -0.199147 0.241785 0.043141 -0.143957 0.236192 -0.274629 -0.042976 0.181458 -0.408114 -0.070039 0.322030 -0.532126 -0.097695 0.411152 -0.386257 -0.304132 0.367185 -0.473647 -0.300879 0.472705 -0.502112 -0.192512 0.504947 -0.252452 -0.305863 0.427172 -0.341618 -0.338924 0.557866 -0.423300 -0.284099 0.652532 -0.137943 -0.240788 0.419054 -0.215024 -0.270648 0.546167 -0.290733 -0.210090 0.640342 -0.017992 -0.173987 0.397273 -0.060072 -0.194657 0.508148 -0.136509 -0.164741 0.588557 
0.000000 0.000000 0.000000 -0.061383 0.000797 -0.043074 -0.236335 -0.319842 0.182037 -0.116794 -0.267171 0.226089 -0.026812 -0.207890 0.234753 0.045878 -0.151371 0.230983 -0.271990 -0.049810 0.182602 -0.403774 -0.081477 0.323816 -0.528454 -0.111968 0.411063 -0.380229 -0.322491 0.357273 -0.467194 -0.324092 0.463181 -0.498657 -0.220104 0.505486 -0.246546 -0.316231 0.419045 -0.334795 -0.349598 0.550283 -0.412908 -0.292603 0.646663 -0.134274 -0.251445 0.411582 -0.211332 -0.282676 0.538379 -0.283091 -0.215273 0.630983 -0.021491 -0.190496 0.387562 -0.067862 -0.217427 0.495338 -0.144305 -0.181180 0.573093 
0.000000 0.000000 0.000000 -0.062811 0.004647 -0.040707 -0.235783 -0.327336 0.168961 -0.113834 -0.279648 0.212075 -0.022523 -0.222539 0.221394 0.051028 -0.167080 0.218750 -0.267481 -0.059710 0.186921 -0.395551 -0.099981 0.329356 -0.520739 -0.134999 0.414140 -0.374922 -0.344359 0.347204 -0.459014 -0.354648 0.454929 -0.490787 -0.256810 0.509806 -0.240218 -0.331478 0.406537 -0.326177 -0.366730 0.538798 -0.398983 -0.309322 0.639013 -0.125691 -0.272842 0.398988 -0.199669 -0.308912 0.526334 -0.265930 -0.241073 0.622643 -0.013015 -0.211203 0.375395 -0.057098 -0.241573 0.483218 -0.130629 -0.205027 0.563596 
0.000000 0.000000 0.000000 -0.064371 0.010043 -0.037140 -0.238431 -0.334496 0.150179 -0.113228 -0.294306 0.191575 -0.019811 -0.240840 0.201618 0.055288 -0.187445 0.200446 -0.262114 -0.071319 0.191167 -0.385849 -0.122230 0.334027 -0.511267 -0.162566 0.416064 -0.369879 -0.368740 0.331753 -0.449322 -0.389435 0.441491 -0.479758 -0.302253 0.512667 -0.229930 -0.347332 0.391683 -0.309303 -0.383398 0.527785 -0.373251 -0.324270 0.632922 -0.113609 -0.288473 0.385048 -0.180868 -0.322628 0.516579 -0.238541 -0.252095 0.616414 -0.003153 -0.221521 0.361722 -0.043379 -0.244975 0.472731 -0.112547 -0.207246 0.556369 
0.000000 0.000000 0.000000 -0.065295 0.016411 -0.033033 -0.247651 -0.336999 0.128026 -0.119087 -0.306512 0.167350 -0.022906 -0.258376 0.178222 0.054531 -0.208419 0.178771 -0.257699 -0.079603 0.194142 -0.378093 -0.139682 0.336293 -0.502958 -0.183103 0.417596 -0.374972 -0.385390 0.309322 -0.451921 -0.414636 0.418891 -0.479496 -0.341919 0.505753 -0.226653 -0.363157 0.371544 -0.299813 -0.401684 0.510425 -0.353712 -0.343059 0.621319 -0.109042 -0.307116 0.365088 -0.170807 -0.342064 0.499082 -0.218864 -0.272113 0.604274 0.001220 -0.241225 0.342074 -0.035475 -0.263806 0.454479 -0.098625 -0.228987 0.543938 
0.000000 0.000000 0.000000 -0.065413 0.021456 -0.029742 -0.258983 -0.333751 0.113264 -0.128060 -0.311659 0.150356 -0.029496 -0.268627 0.161293 0.050131 -0.222259 0.162662 -0.254451 -0.083756 0.196181 -0.372738 -0.149591 0.337550 -0.496705 -0.195634 0.418784 -0.386457 -0.391775 0.291599 -0.463500 -0.426844 0.399380 -0.487494 -0.366774 0.496380 -0.231883 -0.372354 0.355322 -0.302498 -0.413635 0.494728 -0.347696 -0.357373 0.610621 -0.111782 -0.320649 0.349007 -0.170786 -0.357951 0.483610 -0.209092 -0.291810 0.595082 0.002475 -0.258116 0.327068 -0.030328 -0.282798 0.440232 -0.086747 -0.250837 0.535093 
0.000000 0.000000 0.000000 -0.065787 0.026931 -0.023887 -0.269803 -0.327793 0.105111 -0.135877 -0.315233 0.135289 -0.034608 -0.278203 0.143008 0.047400 -0.236168 0.142650 -0.249571 -0.086758 0.202264 -0.364571 -0.157897 0.343775 -0.486999 -0.207005 0.425548 -0.392467 -0.394448 0.283803 -0.466602 -0.434732 0.391799 -0.483405 -0.384075 0.495455 -0.227695 -0.383011 0.343735 -0.290145 -0.429110 0.485508 -0.323672 -0.375469 0.606495 -0.106031 -0.334595 0.333881 -0.157245 -0.375031 0.470749 -0.184098 -0.312857 0.587716 0.007982 -0.276336 0.308237 -0.019150 -0.303985 0.422214 -0.067985 -0.274870 0.522067 
0.000000 0.000000 0.000000 -0.065366 0.030792 -0.020075 -0.279532 -0.322206 0.096621 -0.144283 -0.316637 0.122721 -0.041371 -0.284122 0.128877 0.042250 -0.245403 0.127919 -0.246783 -0.088161 0.205279 -0.360302 -0.162594 0.346291 -0.482223 -0.212786 0.428161 -0.400218 -0.393298 0.274949 -0.473157 -0.436265 0.382726 -0.483557 -0.392548 0.490307 -0.227200 -0.389599 0.333139 -0.283596 -0.439222 0.476253 -0.307270 -0.387865 0.600516 -0.104266 -0.342157 0.322242 -0.149367 -0.383771 0.460896 -0.166689 -0.323682 0.580717 0.008705 -0.288131 0.294158 -0.014384 -0.317541 0.408584 -0.057368 -0.289505 0.511392 
0.000000 0.000000 0.000000 -0.064338 0.036230 -0.013112 -0.293479 -0.311179 0.091257 -0.156757 -0.315985 0.108249 -0.051732 -0.290416 0.109676 0.034036 -0.256928 0.105832 -0.244690 -0.089768 0.209247 -0.357543 -0.168610 0.348385 -0.479313 -0.219572 0.430004 -0.410579 -0.391442 0.268078 -0.481352 -0.439950 0.374943 -0.484122 -0.405478 0.486286 -0.230272 -0.397745 0.318927 -0.280273 -0.453354 0.462217 -0.292073 -0.407139 0.590140 -0.102699 -0.353454 0.304976 -0.139245 -0.398657 0.445018 -0.143914 -0.342789 0.568002 0.008333 -0.300723 0.273187 -0.009359 -0.330868 0.388380 -0.044347 -0.300881 0.493641 
0.000000 0.000000 0.000000 -0.062831 0.040346 -0.006956 -0.304882 -0.300336 0.090196 -0.167900 -0.313448 0.098476 -0.061688 -0.293622 0.095010 0.025476 -0.264552 0.087945 -0.238819 -0.091559 0.215474 -0.348941 -0.174096 0.354657 -0.469355 -0.225768 0.437828 -0.415347 -0.388910 0.267319 -0.482109 -0.442441 0.374367 -0.476073 -0.415563 0.487656 -0.231747 -0.403147 0.309076 -0.275172 -0.464155 0.452312 -0.274422 -0.421491 0.581999 -0.101372 -0.362920 0.290807 -0.129828 -0.412611 0.431206 -0.122532 -0.361333 0.556047 0.008596 -0.310360 0.255883 -0.003023 -0.341891 0.371477 -0.030095 -0.306293 0.477321 
0.000000 0.000000 0.000000 -0.061787 0.042400 -0.002918 -0.310140 -0.294435 0.091714 -0.173405 -0.311851 0.093900 -0.066856 -0.295028 0.086804 0.020810 -0.268279 0.077229 -0.236666 -0.092681 0.218480 -0.346094 -0.177206 0.357016 -0.466551 -0.231231 0.438613 -0.417540 -0.389545 0.267326 -0.482450 -0.447026 0.373461 -0.469281 -0.421714 0.486505 -0.229335 -0.406641 0.304520 -0.267376 -0.471112 0.447771 -0.257582 -0.430039 0.577604 -0.097715 -0.366530 0.283397 -0.119843 -0.417801 0.424367 -0.103206 -0.367121 0.548555 0.011860 -0.312227 0.246270 0.005699 -0.342477 0.362624 -0.014622 -0.295308 0.465411 
0.000000 0.000000 0.000000 -0.061535 0.042798 -0.002389 -0.311794 -0.293538 0.088940 -0.175163 -0.311794 0.090772 -0.068523 -0.295535 0.083726 0.019290 -0.269210 0.074331 -0.237124 -0.094836 0.216863 -0.346997 -0.180958 0.354057 -0.469138 -0.236469 0.432076 -0.418949 -0.393295 0.262106 -0.483710 -0.453585 0.366763 -0.464219 -0.424767 0.478040 -0.226402 -0.409686 0.301167 -0.261252 -0.476266 0.444265 -0.246321 -0.432459 0.572707 -0.092694 -0.367215 0.281189 -0.110027 -0.418613 0.422782 -0.088499 -0.366969 0.545816 0.015694 -0.313516 0.243477 0.013219 -0.344012 0.359903 -0.003511 -0.289264 0.459532 
0.000000 0.000000 0.000000 -0.061828 0.042285 -0.003634 -0.310857 -0.295575 0.085401 -0.174134 -0.312714 0.089580 -0.067525 -0.295629 0.084201 0.020217 -0.268645 0.076108 -0.239709 -0.098329 0.211847 -0.351016 -0.186316 0.346681 -0.475969 -0.242559 0.419554 -0.421731 -0.398074 0.254578 -0.488740 -0.460022 0.356825 -0.464547 -0.426683 0.465895 -0.225464 -0.411989 0.299304 -0.260375 -0.479510 0.441946 -0.245127 -0.432261 0.569125 -0.089841 -0.365759 0.282437 -0.105843 -0.416046 0.424585 -0.083761 -0.361991 0.546480 0.016607 -0.313508 0.245107 0.014122 -0.344389 0.361432 -0.002264 -0.285676 0.458835 
0.000000 0.000000 0.000000 -0.063386 0.038779 -0.010112 -0.301454 -0.308171 0.073801 -0.164793 -0.317868 0.089109 -0.059077 -0.295374 0.091161 0.027574 -0.264105 0.088654 -0.245404 -0.104536 0.200069 -0.359300 -0.194214 0.331587 -0.487004 -0.252915 0.397409 -0.420366 -0.408062 0.239033 -0.492233 -0.468434 0.338896 -0.470724 -0.428777 0.446403 -0.227454 -0.414195 0.297122 -0.270071 -0.479710 0.438600 -0.264329 -0.427018 0.564417 -0.093804 -0.363809 0.288200 -0.118705 -0.412881 0.429489 -0.105958 -0.355045 0.550983 0.014036 -0.311127 0.256558 0.004717 -0.343493 0.372130 -0.017229 -0.280320 0.465568 
0.000000 0.000000 0.000000 -0.064826 0.033759 -0.016788 -0.284816 -0.326009 0.062358 -0.149552 -0.325356 0.088965 -0.046151 -0.295310 0.098529 0.038075 -0.258045 0.101656 -0.253491 -0.114812 0.183657 -0.371546 -0.207778 0.309083 -0.501209 -0.272201 0.364975 -0.412500 -0.424381 0.221857 -0.489669 -0.483835 0.318253 -0.474400 -0.435270 0.423141 -0.229290 -0.415156 0.294032 -0.283522 -0.476233 0.433506 -0.293133 -0.416905 0.556091 -0.100216 -0.360758 0.292197 -0.138984 -0.407688 0.431070 -0.142028 -0.346747 0.551672 0.005946 -0.308148 0.266106 -0.016169 -0.342636 0.379299 -0.048438 -0.275254 0.466601 
0.000000 0.000000 0.000000 -0.065475 0.028150 -0.023334 -0.264093 -0.345019 0.050069 -0.132036 -0.333155 0.087815 -0.032358 -0.294957 0.104879 0.048285 -0.251232 0.113675 -0.258740 -0.128899 0.165956 -0.379672 -0.227170 0.284402 -0.509040 -0.300486 0.328850 -0.398664 -0.446051 0.202066 -0.479995 -0.507112 0.293930 -0.472002 -0.450409 0.395488 -0.228119 -0.416761 0.288446 -0.293469 -0.473625 0.424903 -0.318966 -0.408841 0.542343 -0.106966 -0.356333 0.292976 -0.160465 -0.400344 0.427852 -0.181110 -0.338052 0.546012 -0.006711 -0.299283 0.272586 -0.044567 -0.332357 0.381968 -0.089618 -0.262129 0.460972 
0.000000 0.000000 0.000000 -0.064740 0.021835 -0.030916 -0.239490 -0.364097 0.036994 -0.113426 -0.340064 0.087340 -0.019418 -0.293160 0.112812 0.056132 -0.242602 0.127925 -0.261515 -0.144836 0.146134 -0.384645 -0.249127 0.256920 -0.511528 -0.331828 0.290803 -0.380792 -0.468509 0.180353 -0.466191 -0.531614 0.266996 -0.468761 -0.469585 0.365682 -0.225107 -0.415502 0.283072 -0.301065 -0.466811 0.416197 -0.342689 -0.397390 0.526140 -0.114740 -0.349361 0.293003 -0.183091 -0.389660 0.422212 -0.222522 -0.326997 0.535290 -0.020317 -0.284734 0.279473 -0.072938 -0.313734 0.383786 -0.131710 -0.242437 0.452092 
0.000000 0.000000 0.000000 -0.063169 0.016653 -0.036827 -0.217207 -0.378639 0.027270 -0.097757 -0.344915 0.087261 -0.009567 -0.291136 0.119141 0.060917 -0.235209 0.139058 -0.261474 -0.159051 0.129454 -0.385561 -0.268995 0.233502 -0.508894 -0.359529 0.259567 -0.362808 -0.488742 0.161798 -0.450806 -0.555285 0.243103 -0.464358 -0.491710 0.339891 -0.221030 -0.417669 0.276958 -0.304872 -0.467152 0.405979 -0.359884 -0.396962 0.509354 -0.118943 -0.345785 0.291664 -0.197372 -0.384972 0.415374 -0.252792 -0.325962 0.523607 -0.029574 -0.273787 0.283659 -0.091860 -0.300340 0.383191 -0.161446 -0.233698 0.445799 
0.000000 0.000000 0.000000 -0.061021 0.011733 -0.041985 -0.195906 -0.390365 0.022944 -0.083628 -0.347748 0.090635 -0.001485 -0.287808 0.127321 0.063828 -0.227138 0.150683 -0.259243 -0.170563 0.117145 -0.383278 -0.284633 0.216718 -0.501800 -0.382556 0.237944 -0.343009 -0.505921 0.151113 -0.431915 -0.575760 0.228576 -0.456143 -0.509997 0.321749 -0.215113 -0.419663 0.275066 -0.304540 -0.468576 0.400504 -0.370434 -0.398256 0.497213 -0.121405 -0.342643 0.292627 -0.207395 -0.381963 0.411162 -0.275827 -0.327787 0.514361 -0.037246 -0.265072 0.288275 -0.106817 -0.291182 0.382982 -0.186006 -0.231354 0.440886 
0.000000 0.000000 0.000000 -0.058755 0.007372 -0.046015 -0.176094 -0.399775 0.021472 -0.070765 -0.349481 0.094828 0.005594 -0.284287 0.134891 0.065992 -0.219604 0.160593 -0.255346 -0.181209 0.107723 -0.378360 -0.299210 0.203923 -0.490807 -0.404604 0.222218 -0.322120 -0.520348 0.146207 -0.410375 -0.593218 0.221593 -0.442872 -0.525600 0.310839 -0.207508 -0.421221 0.275463 -0.300513 -0.470015 0.398320 -0.375385 -0.400553 0.488922 -0.121444 -0.339349 0.294714 -0.212538 -0.378832 0.409317 -0.289368 -0.327832 0.508130 -0.042954 -0.257433 0.292070 -0.117943 -0.283471 0.382568 -0.203451 -0.228215 0.435843 
0.000000 0.000000 0.000000 -0.056144 0.003773 -0.049573 -0.160433 -0.406314 0.021451 -0.061855 -0.349858 0.099552 0.009211 -0.280539 0.142335 0.065242 -0.212749 0.169860 -0.252239 -0.189394 0.099018 -0.374942 -0.310266 0.191997 -0.482072 -0.421521 0.207235 -0.306695 -0.530992 0.141797 -0.395092 -0.606344 0.214530 -0.434621 -0.537327 0.299778 -0.204611 -0.420630 0.275865 -0.301705 -0.468766 0.395783 -0.382962 -0.399866 0.481161 -0.124730 -0.335916 0.296305 -0.220775 -0.375626 0.406711 -0.304812 -0.328238 0.501369 -0.050262 -0.252141 0.295132 -0.129767 -0.279256 0.381360 -0.220398 -0.229115 0.431108 
0.000000 0.000000 0.000000 -0.053040 0.000544 -0.053013 -0.147037 -0.411325 0.021957 -0.055575 -0.349469 0.104499 0.010196 -0.276601 0.149781 0.061975 -0.206171 0.178952 -0.250120 -0.196095 0.089601 -0.373440 -0.319140 0.178839 -0.475796 -0.435139 0.191252 -0.294515 -0.539205 0.137357 -0.383646 -0.616492 0.207102 -0.429288 -0.546905 0.288757 -0.204914 -0.419908 0.275412 -0.306485 -0.467816 0.391656 -0.394545 -0.399670 0.470655 -0.130412 -0.331790 0.297758 -0.231237 -0.371365 0.403867 -0.321815 -0.326374 0.493530 -0.058430 -0.246505 0.299210 -0.141308 -0.274268 0.381986 -0.236519 -0.230387 0.429023 
0.000000 0.000000 0.000000 -0.050752 -0.002524 -0.055152 -0.135181 -0.415065 0.027149 -0.049211 -0.348204 0.111667 0.012336 -0.272128 0.157608 0.060663 -0.199354 0.186947 -0.247980 -0.201266 0.084308 -0.371393 -0.325626 0.171572 -0.469792 -0.445007 0.183931 -0.282858 -0.544086 0.141015 -0.372111 -0.622062 0.209832 -0.423167 -0.551248 0.287110 -0.204509 -0.415250 0.278585 -0.310134 -0.460850 0.392114 -0.402654 -0.391667 0.464868 -0.134809 -0.322697 0.300803 -0.240321 -0.358958 0.403483 -0.336326 -0.311502 0.485939 -0.063475 -0.241582 0.302674 -0.148921 -0.270648 0.382331 -0.247827 -0.232899 0.427004 
0.000000 0.000000 0.000000 -0.047249 -0.005827 -0.057944 -0.122390 -0.418728 0.031274 -0.043947 -0.346574 0.118710 0.012124 -0.267134 0.165948 0.056112 -0.191914 0.195938 -0.245468 -0.205838 0.078259 -0.369500 -0.330992 0.163487 -0.463616 -0.453768 0.175939 -0.269112 -0.550376 0.143352 -0.357786 -0.629941 0.211089 -0.415137 -0.558080 0.282783 -0.205224 -0.411686 0.280651 -0.314915 -0.455971 0.390793 -0.412178 -0.386520 0.456790 -0.140206 -0.317596 0.303653 -0.249436 -0.353780 0.402397 -0.350341 -0.306322 0.478777 -0.071761 -0.235845 0.306865 -0.159778 -0.266084 0.383219 -0.261589 -0.232374 0.424464 
0.000000 0.000000 0.000000 -0.045967 -0.007509 -0.058775 -0.115567 -0.420367 0.035012 -0.040182 -0.345566 0.122911 0.013516 -0.264459 0.170073 0.055556 -0.188036 0.199817 -0.243224 -0.209208 0.076331 -0.366654 -0.335418 0.160872 -0.457414 -0.460569 0.174535 -0.260238 -0.553893 0.147533 -0.347674 -0.634593 0.215538 -0.409491 -0.562830 0.283523 -0.203902 -0.411076 0.282218 -0.315255 -0.455632 0.390569 -0.415290 -0.386883 0.453065 -0.141315 -0.315390 0.304785 -0.252338 -0.351910 0.401381 -0.355831 -0.305678 0.475001 -0.074616 -0.233121 0.307562 -0.164215 -0.264153 0.381725 -0.267732 -0.232887 0.420582 
0.000000 0.000000 0.000000 -0.046134 -0.008422 -0.058520 -0.113978 -0.420281 0.040787 -0.038566 -0.344096 0.127467 0.015004 -0.262206 0.173405 0.056874 -0.185262 0.202026 -0.242801 -0.210755 0.076497 -0.365862 -0.337363 0.160982 -0.452965 -0.464735 0.177604 -0.255702 -0.555882 0.154570 -0.341357 -0.637836 0.223337 -0.407384 -0.566388 0.287592 -0.203861 -0.409122 0.285339 -0.316285 -0.453349 0.392714 -0.417754 -0.384478 0.452714 -0.142251 -0.311863 0.305763 -0.255013 -0.347470 0.400672 -0.360177 -0.303711 0.473430 -0.075472 -0.230417 0.307058 -0.166568 -0.261498 0.379354 -0.271298 -0.233594 0.417514 
0.000000 0.000000 0.000000 -0.044062 -0.010090 -0.059838 -0.106904 -0.421943 0.042731 -0.035825 -0.343163 0.130742 0.014620 -0.259634 0.177265 0.054025 -0.181506 0.206174 -0.240441 -0.213234 0.074378 -0.363322 -0.340349 0.158361 -0.446408 -0.469989 0.177779 -0.245550 -0.557615 0.160164 -0.329344 -0.639612 0.231138 -0.400280 -0.568506 0.290342 -0.203118 -0.406519 0.287181 -0.316902 -0.449609 0.393581 -0.419679 -0.379913 0.450315 -0.146769 -0.307694 0.305161 -0.262495 -0.342156 0.396870 -0.370071 -0.301578 0.467926 -0.081401 -0.227603 0.306777 -0.174618 -0.259332 0.376025 -0.280503 -0.233654 0.412524 
0.000000 0.000000 0.000000 -0.044786 -0.010325 -0.059258 -0.106174 -0.421831 0.045559 -0.034060 -0.342702 0.132409 0.016910 -0.258984 0.178009 0.056628 -0.180736 0.206153 -0.239899 -0.214324 0.075509 -0.361988 -0.341972 0.159837 -0.442721 -0.472874 0.180661 -0.241956 -0.558764 0.164861 -0.324018 -0.641524 0.236963 -0.396934 -0.570425 0.293721 -0.201970 -0.405226 0.288524 -0.316172 -0.447751 0.394703 -0.419555 -0.377604 0.449754 -0.146675 -0.303920 0.304241 -0.263976 -0.336141 0.394757 -0.372948 -0.300488 0.466326 -0.081218 -0.224901 0.304306 -0.176100 -0.255302 0.371867 -0.282309 -0.230234 0.407846 
0.000000 0.000000 0.000000 -0.044690 -0.010933 -0.059221 -0.102123 -0.422690 0.046845 -0.030762 -0.342612 0.133447 0.019407 -0.258272 0.178788 0.058376 -0.179562 0.206690 -0.238851 -0.216040 0.075237 -0.360345 -0.344382 0.159372 -0.438351 -0.476617 0.182083 -0.235355 -0.560451 0.168053 -0.315877 -0.643710 0.241307 -0.390411 -0.572694 0.296029 -0.199438 -0.404434 0.289013 -0.314162 -0.446482 0.394820 -0.418183 -0.376078 0.448318 -0.146119 -0.303170 0.302477 -0.264811 -0.335365 0.391170 -0.374781 -0.303120 0.462828 -0.081285 -0.224655 0.301809 -0.177417 -0.255693 0.367281 -0.283777 -0.230859 0.402972 
0.000000 0.000000 0.000000 -0.042985 -0.013825 -0.059875 -0.090989 -0.424094 0.056175 -0.023968 -0.339661 0.142104 0.022703 -0.252698 0.186210 0.058744 -0.172158 0.212795 -0.234861 -0.221402 0.074072 -0.354924 -0.351290 0.157887 -0.426878 -0.486110 0.184962 -0.219937 -0.561443 0.182381 -0.297869 -0.644453 0.258657 -0.376835 -0.572721 0.305690 -0.196613 -0.395269 0.295649 -0.314035 -0.433091 0.400081 -0.419764 -0.360621 0.447080 -0.147593 -0.293248 0.304822 -0.269705 -0.322324 0.389875 -0.382308 -0.288413 0.456498 -0.085402 -0.214296 0.302421 -0.184620 -0.243300 0.364111 -0.291831 -0.215141 0.394378 
0.000000 0.000000 0.000000 -0.039631 -0.018097 -0.061039 -0.079293 -0.424021 0.072172 -0.019255 -0.333377 0.156928 0.022352 -0.242864 0.198907 0.054386 -0.159949 0.223225 -0.232739 -0.224666 0.072697 -0.353573 -0.353923 0.156380 -0.421371 -0.489809 0.188398 -0.207890 -0.557935 0.202364 -0.285610 -0.638870 0.281049 -0.370336 -0.567636 0.317660 -0.199587 -0.380234 0.304437 -0.322238 -0.412104 0.404765 -0.430102 -0.336594 0.440864 -0.156111 -0.275415 0.307559 -0.284079 -0.298756 0.385470 -0.399971 -0.258048 0.441860 -0.096764 -0.193807 0.304427 -0.200803 -0.217113 0.360319 -0.309071 -0.183108 0.378342 
0.000000 0.000000 0.000000 -0.038491 -0.020672 -0.060951 -0.073624 -0.422728 0.084681 -0.016198 -0.328470 0.167279 0.023396 -0.236005 0.206883 0.053785 -0.151851 0.228953 -0.230957 -0.227292 0.073627 -0.351389 -0.356582 0.157837 -0.415746 -0.493205 0.193599 -0.200853 -0.555739 0.217123 -0.277747 -0.636127 0.297167 -0.365886 -0.566074 0.327452 -0.200929 -0.370609 0.310712 -0.326572 -0.399268 0.408267 -0.435811 -0.322502 0.436783 -0.159365 -0.264533 0.309343 -0.290416 -0.284990 0.382813 -0.408029 -0.240476 0.432349 -0.100920 -0.181111 0.305088 -0.207407 -0.201251 0.357493 -0.315895 -0.164945 0.368231 
0.000000 0.000000 0.000000 -0.036530 -0.023444 -0.061154 -0.067040 -0.421242 0.096700 -0.013630 -0.323166 0.177525 0.023065 -0.228648 0.215022 0.051166 -0.143198 0.235048 -0.228247 -0.229591 0.075207 -0.348210 -0.358585 0.160532 -0.408814 -0.495558 0.201184 -0.194270 -0.552018 0.231349 -0.271164 -0.631055 0.312727 -0.361941 -0.562281 0.337682 -0.201437 -0.362238 0.317797 -0.329172 -0.388813 0.413202 -0.439841 -0.312205 0.436073 -0.162395 -0.254664 0.313212 -0.295382 -0.273319 0.383621 -0.414084 -0.227168 0.428875 -0.106171 -0.168812 0.306989 -0.214468 -0.186443 0.356507 -0.323143 -0.149393 0.360989 
0.000000 0.000000 0.000000 -0.035445 -0.026093 -0.060718 -0.063033 -0.418330 0.110984 -0.011893 -0.316734 0.188879 0.023137 -0.220466 0.223395 0.049912 -0.133997 0.240676 -0.227122 -0.231838 0.076305 -0.347061 -0.360580 0.162044 -0.404731 -0.497439 0.207107 -0.190214 -0.547685 0.247044 -0.267079 -0.625863 0.329276 -0.360074 -0.558177 0.348346 -0.203921 -0.351370 0.324524 -0.334528 -0.374927 0.416783 -0.446480 -0.298318 0.432181 -0.165562 -0.242711 0.316192 -0.300872 -0.258662 0.382734 -0.421068 -0.210530 0.421516 -0.110169 -0.155421 0.307767 -0.220356 -0.170168 0.353948 -0.328949 -0.132702 0.351311 
0.000000 0.000000 0.000000 -0.033492 -0.028194 -0.060887 -0.059321 -0.416342 0.120128 -0.011745 -0.311990 0.196625 0.020905 -0.214324 0.229509 0.045891 -0.127023 0.245215 -0.225459 -0.233544 0.076321 -0.345579 -0.362039 0.162177 -0.401485 -0.498865 0.209507 -0.187130 -0.545239 0.256033 -0.264375 -0.623141 0.338171 -0.359170 -0.556880 0.352885 -0.207233 -0.344155 0.327866 -0.340192 -0.366031 0.417129 -0.453193 -0.290087 0.427257 -0.169693 -0.235597 0.318579 -0.306364 -0.250850 0.382447 -0.427334 -0.201547 0.417137 -0.116040 -0.146289 0.308409 -0.227500 -0.159549 0.351907 -0.335931 -0.122451 0.343566 
0.000000 0.000000 0.000000 -0.032763 -0.029706 -0.060564 -0.060344 -0.413361 0.129543 -0.013743 -0.307124 0.204018 0.018442 -0.208648 0.234887 0.043170 -0.120963 0.248748 -0.225646 -0.234256 0.076556 -0.346340 -0.362250 0.162356 -0.401854 -0.498784 0.210972 -0.189090 -0.542796 0.264048 -0.266900 -0.621023 0.345338 -0.362931 -0.556063 0.357641 -0.211688 -0.337673 0.331921 -0.346318 -0.358451 0.418913 -0.460594 -0.284031 0.425396 -0.173851 -0.228058 0.320681 -0.311736 -0.241975 0.382200 -0.433860 -0.192633 0.412522 -0.120090 -0.138771 0.308877 -0.232464 -0.151029 0.350264 -0.341186 -0.115872 0.338148 
0.000000 0.000000 0.000000 -0.031220 -0.031686 -0.060376 -0.063514 -0.409008 0.141310 -0.018827 -0.300367 0.213454 0.012551 -0.200911 0.241916 0.036905 -0.112798 0.253546 -0.229894 -0.230701 0.076620 -0.354211 -0.355232 0.162343 -0.412312 -0.489176 0.214974 -0.195686 -0.537567 0.273308 -0.275566 -0.615265 0.353084 -0.373015 -0.552103 0.363449 -0.219376 -0.329079 0.337672 -0.355777 -0.348607 0.422158 -0.471793 -0.276738 0.425967 -0.181207 -0.218719 0.324707 -0.320144 -0.231487 0.384073 -0.443480 -0.182582 0.409851 -0.127847 -0.128551 0.310070 -0.241249 -0.139394 0.348977 -0.350627 -0.107387 0.334312 
0.000000 0.000000 0.000000 -0.029903 -0.033424 -0.060104 -0.072711 -0.402995 0.153618 -0.028696 -0.292413 0.223179 0.003134 -0.192392 0.249041 0.028274 -0.104216 0.258284 -0.238308 -0.223745 0.074771 -0.368715 -0.342835 0.159168 -0.435879 -0.470516 0.216381 -0.209443 -0.530118 0.282320 -0.292080 -0.606947 0.360104 -0.391305 -0.546417 0.369255 -0.231866 -0.320163 0.343287 -0.370051 -0.339037 0.424978 -0.488309 -0.270843 0.426972 -0.192180 -0.209502 0.328247 -0.332232 -0.221771 0.385043 -0.457001 -0.175270 0.408247 -0.138131 -0.119266 0.309947 -0.252671 -0.129625 0.345508 -0.363314 -0.103051 0.329536 
0.000000 0.000000 0.000000 -0.027901 -0.034681 -0.060354 -0.087525 -0.396651 0.162166 -0.044383 -0.284838 0.230292 -0.011706 -0.184690 0.254556 0.014781 -0.096763 0.262278 -0.253126 -0.208626 0.069505 -0.394056 -0.317469 0.150763 -0.478082 -0.435277 0.206868 -0.235834 -0.519164 0.282229 -0.325468 -0.593208 0.354791 -0.424138 -0.531530 0.362086 -0.250585 -0.311626 0.345348 -0.390831 -0.329846 0.423602 -0.511392 -0.265815 0.425740 -0.208465 -0.201321 0.330207 -0.349553 -0.213246 0.384453 -0.475710 -0.169378 0.405144 -0.153412 -0.110849 0.308094 -0.269182 -0.120545 0.339631 -0.381050 -0.100075 0.323212 
0.000000 0.000000 0.000000 -0.028284 -0.035077 -0.059946 -0.102093 -0.390061 0.169468 -0.056198 -0.278225 0.235732 -0.020618 -0.178664 0.258264 0.008578 -0.091476 0.264442 -0.268853 -0.188453 0.068306 -0.419386 -0.284426 0.148558 -0.519280 -0.387457 0.207656 -0.260123 -0.503844 0.285658 -0.355632 -0.572611 0.355880 -0.453289 -0.509274 0.362570 -0.263489 -0.303449 0.349174 -0.404475 -0.320604 0.426330 -0.527503 -0.261723 0.432355 -0.217866 -0.194446 0.332815 -0.359305 -0.205762 0.386273 -0.486294 -0.163213 0.404477 -0.160406 -0.104142 0.307689 -0.276721 -0.112861 0.337456 -0.389596 -0.096780 0.323183 
0.000000 0.000000 0.000000 -0.026531 -0.036626 -0.059820 -0.106396 -0.385872 0.176276 -0.062532 -0.272318 0.240977 -0.027722 -0.172155 0.261993 0.001185 -0.084783 0.266799 -0.279237 -0.168569 0.068932 -0.437364 -0.251131 0.149497 -0.546048 -0.338598 0.217496 -0.269046 -0.494478 0.291036 -0.367347 -0.560117 0.360394 -0.466318 -0.499243 0.370003 -0.266753 -0.304395 0.358191 -0.405652 -0.326212 0.437914 -0.532287 -0.278108 0.454913 -0.225916 -0.185282 0.334523 -0.368033 -0.194695 0.386531 -0.495756 -0.152945 0.401087 -0.168325 -0.096481 0.308223 -0.285001 -0.104532 0.336737 -0.398217 -0.090605 0.322903 
0.000000 0.000000 0.000000 -0.026790 -0.037449 -0.059193 -0.114598 -0.379913 0.183913 -0.069110 -0.265774 0.246425 -0.032624 -0.165818 0.265493 -0.002163 -0.078898 0.268592 -0.283232 -0.155148 0.075827 -0.443697 -0.228797 0.160314 -0.553713 -0.306191 0.237731 -0.284084 -0.481087 0.295530 -0.386517 -0.542235 0.362988 -0.486092 -0.482551 0.373753 -0.271873 -0.301632 0.365067 -0.409780 -0.326020 0.445760 -0.538191 -0.287815 0.472037 -0.231104 -0.178651 0.337288 -0.373427 -0.187854 0.388770 -0.502384 -0.150931 0.405344 -0.171898 -0.090965 0.308972 -0.288730 -0.099271 0.336766 -0.402778 -0.090130 0.326153 
0.000000 0.000000 0.000000 -0.025777 -0.038158 -0.059190 -0.114078 -0.379152 0.185797 -0.070209 -0.264141 0.247866 -0.034698 -0.163754 0.266509 -0.004917 -0.076587 0.269224 -0.279459 -0.149206 0.086275 -0.438197 -0.218693 0.177297 -0.543935 -0.292259 0.263867 -0.296047 -0.464224 0.291013 -0.406023 -0.515639 0.354602 -0.504323 -0.453416 0.362272 -0.273498 -0.299290 0.365818 -0.411763 -0.323196 0.446041 -0.540152 -0.288816 0.477243 -0.232596 -0.184625 0.338024 -0.374501 -0.199591 0.389305 -0.505191 -0.175686 0.414139 -0.174271 -0.094594 0.308988 -0.290841 -0.106988 0.336358 -0.405652 -0.106673 0.331740 
0.000000 0.000000 0.000000 -0.024534 -0.038258 -0.059651 -0.107138 -0.382913 0.182179 -0.066199 -0.267453 0.245405 -0.032998 -0.166467 0.265040 -0.005129 -0.078700 0.268610 -0.274459 -0.149381 0.092123 -0.430845 -0.218915 0.187093 -0.537237 -0.292514 0.272830 -0.297232 -0.455894 0.281970 -0.412120 -0.500002 0.342281 -0.508432 -0.434520 0.347670 -0.268193 -0.305833 0.364568 -0.405578 -0.331936 0.445615 -0.533987 -0.302749 0.481650 -0.230270 -0.192065 0.336750 -0.371726 -0.210421 0.388170 -0.502662 -0.193927 0.417355 -0.174005 -0.101612 0.307878 -0.290246 -0.117383 0.334907 -0.405022 -0.122458 0.332895 
0.000000 0.000000 0.000000 -0.022613 -0.037853 -0.060660 -0.097255 -0.389476 0.173608 -0.060705 -0.274032 0.239497 -0.030917 -0.172457 0.261436 -0.005854 -0.083951 0.267000 -0.266309 -0.153685 0.097585 -0.418798 -0.226164 0.196605 -0.524850 -0.303488 0.279436 -0.288578 -0.461262 0.271906 -0.404209 -0.504647 0.331315 -0.499665 -0.438154 0.339057 -0.259887 -0.317858 0.361481 -0.395360 -0.347665 0.444447 -0.522827 -0.324654 0.487596 -0.227051 -0.202704 0.334445 -0.367691 -0.224393 0.386797 -0.498286 -0.211566 0.419176 -0.173904 -0.111003 0.307171 -0.289576 -0.129623 0.334822 -0.404238 -0.137059 0.334089 
0.000000 0.000000 0.000000 -0.024757 -0.035313 -0.061352 -0.092458 -0.396090 0.160794 -0.053373 -0.283484 0.230055 -0.022571 -0.182934 0.255092 0.002919 -0.094766 0.263405 -0.262122 -0.155739 0.102969 -0.410650 -0.231095 0.205791 -0.515512 -0.312332 0.286359 -0.283221 -0.469262 0.259158 -0.398513 -0.513485 0.318606 -0.489064 -0.440786 0.329019 -0.249028 -0.330576 0.356452 -0.382100 -0.362606 0.442419 -0.507840 -0.343223 0.491948 -0.216446 -0.216903 0.332372 -0.355467 -0.241260 0.387786 -0.484829 -0.229344 0.425091 -0.163576 -0.124957 0.307608 -0.278179 -0.145739 0.338034 -0.392767 -0.153845 0.340673 
0.000000 0.000000 0.000000 -0.025551 -0.033175 -0.062213 -0.089662 -0.401690 0.147975 -0.049785 -0.291522 0.220621 -0.018783 -0.191858 0.248765 0.006694 -0.103990 0.259832 -0.259577 -0.159050 0.102814 -0.406014 -0.237814 0.206077 -0.511068 -0.322030 0.283266 -0.281125 -0.477504 0.242919 -0.396839 -0.523325 0.300301 -0.478987 -0.441260 0.310798 -0.243859 -0.341709 0.348257 -0.375857 -0.375842 0.435068 -0.500766 -0.358568 0.487400 -0.211023 -0.228982 0.328635 -0.348871 -0.255603 0.385907 -0.477284 -0.245179 0.426766 -0.158643 -0.136843 0.306421 -0.272448 -0.159456 0.338489 -0.387014 -0.167311 0.342500 
0.000000 0.000000 0.000000 -0.026894 -0.030346 -0.063085 -0.085631 -0.408312 0.131298 -0.044308 -0.301495 0.208026 -0.012844 -0.203148 0.240025 0.012731 -0.115813 0.254551 -0.254944 -0.164834 0.103507 -0.397642 -0.248987 0.207749 -0.499953 -0.337266 0.284079 -0.274076 -0.489410 0.227898 -0.387967 -0.538424 0.286281 -0.465351 -0.452372 0.300418 -0.234290 -0.355528 0.340169 -0.363504 -0.392277 0.430045 -0.487580 -0.376506 0.484778 -0.202588 -0.242717 0.324556 -0.338645 -0.271091 0.385170 -0.465648 -0.262058 0.430522 -0.150824 -0.150743 0.305699 -0.263402 -0.174787 0.340904 -0.378057 -0.179901 0.346485 
0.000000 0.000000 0.000000 -0.029735 -0.026379 -0.063591 -0.082467 -0.415202 0.109986 -0.037269 -0.313369 0.191176 -0.003874 -0.217249 0.227671 0.022828 -0.131044 0.246328 -0.249994 -0.169114 0.106583 -0.387818 -0.258428 0.213067 -0.486329 -0.351550 0.288635 -0.266338 -0.499707 0.212311 -0.377465 -0.550779 0.274154 -0.448357 -0.460414 0.294196 -0.219568 -0.371035 0.332301 -0.343557 -0.410257 0.428285 -0.465297 -0.395665 0.488332 -0.187555 -0.260656 0.323017 -0.319265 -0.291782 0.391386 -0.442669 -0.286396 0.446255 -0.135927 -0.169255 0.308962 -0.245202 -0.195556 0.352074 -0.359391 -0.196680 0.364826 
0.000000 0.000000 0.000000 -0.035649 -0.021799 -0.062272 -0.090703 -0.417177 0.095010 -0.035174 -0.321607 0.177396 0.004889 -0.228894 0.215939 0.036489 -0.144867 0.236756 -0.250207 -0.172023 0.108737 -0.384462 -0.266024 0.215744 -0.480240 -0.362995 0.289973 -0.268650 -0.506638 0.203415 -0.376196 -0.560706 0.268933 -0.442135 -0.467544 0.292720 -0.211448 -0.381351 0.325154 -0.331339 -0.421986 0.425650 -0.450154 -0.407949 0.491417 -0.173197 -0.272660 0.321219 -0.300896 -0.304042 0.396711 -0.420117 -0.299238 0.460203 -0.116378 -0.184855 0.311716 -0.221599 -0.212379 0.363313 -0.334484 -0.207527 0.384205 
0.000000 0.000000 0.000000 -0.041670 -0.017277 -0.059909 -0.110855 -0.413542 0.089355 -0.042948 -0.324670 0.169947 0.006039 -0.236126 0.207976 0.044675 -0.155081 0.228747 -0.255139 -0.169755 0.110466 -0.388714 -0.265166 0.217075 -0.485435 -0.362162 0.290039 -0.284588 -0.505799 0.202163 -0.389588 -0.561557 0.270341 -0.452422 -0.466597 0.295395 -0.218026 -0.380726 0.320545 -0.337103 -0.418852 0.422973 -0.453432 -0.403040 0.492665 -0.167957 -0.277802 0.320681 -0.292722 -0.307686 0.401498 -0.408316 -0.299056 0.471009 -0.101564 -0.195897 0.315548 -0.202224 -0.223991 0.375295 -0.312959 -0.210139 0.402662 
0.000000 0.000000 0.000000 -0.045730 -0.013707 -0.057834 -0.134961 -0.405718 0.092027 -0.057034 -0.322637 0.169676 -0.000113 -0.238121 0.205778 0.045104 -0.160186 0.225116 -0.267512 -0.158791 0.108329 -0.406288 -0.249575 0.212302 -0.507437 -0.343207 0.283638 -0.308644 -0.497313 0.205450 -0.413612 -0.552671 0.274000 -0.474023 -0.455955 0.298283 -0.235762 -0.370698 0.318743 -0.357322 -0.403386 0.420129 -0.472679 -0.385905 0.491027 -0.174660 -0.273454 0.319789 -0.299821 -0.298789 0.401543 -0.414517 -0.281767 0.470992 -0.098573 -0.197867 0.317438 -0.197469 -0.223804 0.380985 -0.306469 -0.200762 0.409112 
0.000000 0.000000 0.000000 -0.048376 -0.010716 -0.056292 -0.165207 -0.391736 0.102662 -0.078458 -0.314272 0.176677 -0.013731 -0.234246 0.209730 0.038305 -0.160053 0.226466 -0.283345 -0.139343 0.105236 -0.430373 -0.219828 0.206310 -0.540210 -0.304808 0.275601 -0.344464 -0.475355 0.213544 -0.452803 -0.525893 0.280558 -0.508174 -0.425416 0.301336 -0.262307 -0.354306 0.321837 -0.387350 -0.381536 0.420565 -0.503020 -0.362276 0.490486 -0.192081 -0.258040 0.320809 -0.319970 -0.275102 0.400459 -0.435533 -0.244290 0.463418 -0.106766 -0.187902 0.320088 -0.206622 -0.207071 0.384530 -0.314379 -0.174566 0.407657 
0.000000 0.000000 0.000000 -0.050391 -0.007834 -0.054984 -0.200789 -0.369535 0.120073 -0.105259 -0.298511 0.189601 -0.032265 -0.224196 0.218498 0.027179 -0.154994 0.231537 -0.301404 -0.114343 0.098296 -0.458472 -0.180989 0.194209 -0.581865 -0.254025 0.253595 -0.387374 -0.441349 0.227074 -0.500140 -0.484752 0.291742 -0.550943 -0.381223 0.308888 -0.296241 -0.327658 0.327988 -0.426135 -0.347482 0.422111 -0.542278 -0.320490 0.488606 -0.212442 -0.236525 0.328489 -0.341640 -0.245365 0.407358 -0.456084 -0.201767 0.464542 -0.117882 -0.173709 0.327419 -0.217730 -0.186591 0.393416 -0.323984 -0.147925 0.413867 
0.000000 0.000000 0.000000 -0.052283 -0.004913 -0.053537 -0.226587 -0.349429 0.133597 -0.123871 -0.284886 0.199081 -0.044413 -0.216112 0.224431 0.020716 -0.151678 0.234384 -0.316289 -0.096679 0.086914 -0.481485 -0.154101 0.174799 -0.616966 -0.217829 0.215672 -0.415157 -0.415190 0.241007 -0.529124 -0.454934 0.305922 -0.582906 -0.353468 0.326051 -0.318032 -0.300710 0.335190 -0.450089 -0.311472 0.427763 -0.563116 -0.268862 0.491390 -0.222685 -0.225665 0.337752 -0.350517 -0.232516 0.419011 -0.461959 -0.181042 0.475572 -0.121066 -0.169689 0.335179 -0.218658 -0.182085 0.404559 -0.323014 -0.139727 0.427331 
0.000000 0.000000 0.000000 -0.053439 -0.003986 -0.052462 -0.232721 -0.342472 0.140871 -0.127122 -0.280075 0.203801 -0.045455 -0.213165 0.227026 0.021476 -0.150345 0.235173 -0.324190 -0.094534 0.075372 -0.493608 -0.151193 0.155361 -0.635428 -0.211701 0.173043 -0.416766 -0.415037 0.251693 -0.527998 -0.458894 0.318672 -0.593675 -0.367073 0.347801 -0.320733 -0.295582 0.340727 -0.452416 -0.306129 0.433857 -0.563606 -0.257996 0.496780 -0.221267 -0.231617 0.343057 -0.347336 -0.244849 0.426258 -0.456805 -0.192790 0.486045 -0.114539 -0.186778 0.338897 -0.208160 -0.211856 0.410293 -0.310961 -0.170461 0.440653 
0.000000 0.000000 0.000000 -0.055386 -0.003842 -0.050413 -0.223291 -0.347160 0.144607 -0.116026 -0.284465 0.204339 -0.034261 -0.216957 0.225393 0.032239 -0.153490 0.231889 -0.325101 -0.115945 0.061538 -0.493871 -0.186093 0.131590 -0.631446 -0.257922 0.130928 -0.399846 -0.426996 0.262398 -0.506551 -0.475247 0.333587 -0.581072 -0.394305 0.372163 -0.302489 -0.312466 0.348984 -0.429311 -0.331510 0.447362 -0.537777 -0.285657 0.516441 -0.202052 -0.257537 0.347513 -0.322368 -0.286636 0.435081 -0.427391 -0.242233 0.507653 -0.090203 -0.215823 0.340097 -0.174482 -0.258728 0.414578 -0.273853 -0.224746 0.461203 
0.000000 0.000000 0.000000 -0.055383 -0.007327 -0.050030 -0.192691 -0.367227 0.138942 -0.090331 -0.297196 0.199129 -0.014160 -0.223659 0.220958 0.046984 -0.155100 0.228271 -0.312942 -0.140066 0.067826 -0.474105 -0.223126 0.141572 -0.605469 -0.305770 0.140968 -0.360460 -0.447880 0.268437 -0.461855 -0.496625 0.346700 -0.539131 -0.424611 0.396051 -0.259834 -0.338792 0.360413 -0.375121 -0.367083 0.470109 -0.477976 -0.326553 0.550219 -0.166087 -0.268243 0.361115 -0.275028 -0.300213 0.461617 -0.373656 -0.263810 0.546561 -0.061475 -0.208108 0.354814 -0.136128 -0.244594 0.441916 -0.232611 -0.218145 0.498438 
0.000000 0.000000 0.000000 -0.058280 -0.006979 -0.046676 -0.159192 -0.389402 0.119642 -0.057280 -0.317720 0.178635 0.015584 -0.241218 0.201537 0.072752 -0.169508 0.210583 -0.286900 -0.160650 0.101528 -0.429956 -0.256807 0.194265 -0.556205 -0.345650 0.210227 -0.309687 -0.470262 0.268750 -0.400642 -0.519131 0.358866 -0.471475 -0.454808 0.425488 -0.198562 -0.375420 0.360801 -0.294654 -0.414664 0.484700 -0.386639 -0.381727 0.580058 -0.108268 -0.293458 0.364771 -0.197077 -0.330917 0.481820 -0.285384 -0.306552 0.581200 -0.014988 -0.221398 0.352693 -0.075382 -0.257115 0.450511 -0.165161 -0.242677 0.520755 
0.000000 0.000000 0.000000 -0.063285 -0.003089 -0.040117 -0.151082 -0.395705 0.109004 -0.041990 -0.329342 0.160959 0.034249 -0.255314 0.180797 0.093252 -0.184929 0.188351 -0.267077 -0.155539 0.141746 -0.394597 -0.250933 0.255544 -0.515838 -0.336134 0.301676 -0.281963 -0.479880 0.273943 -0.361064 -0.530753 0.373627 -0.420210 -0.475955 0.457842 -0.154373 -0.409522 0.354390 -0.230809 -0.464055 0.485951 -0.308467 -0.443051 0.596257 -0.064754 -0.338000 0.348354 -0.135745 -0.397291 0.468502 -0.208338 -0.396057 0.582506 0.031985 -0.266414 0.330453 -0.010186 -0.322501 0.428265 -0.084107 -0.328520 0.516029 
0.000000 0.000000 0.000000 -0.067665 0.001798 -0.032281 -0.159464 -0.391015 0.113879 -0.041371 -0.332552 0.154385 0.040786 -0.263476 0.167222 0.104193 -0.196654 0.169830 -0.242949 -0.141310 0.183686 -0.352631 -0.230857 0.318825 -0.456306 -0.309565 0.403343 -0.276300 -0.475436 0.288930 -0.346912 -0.526457 0.394726 -0.394346 -0.481687 0.491363 -0.135020 -0.430952 0.349377 -0.198715 -0.497879 0.481998 -0.262586 -0.489895 0.602398 -0.044624 -0.362492 0.333399 -0.105868 -0.433492 0.452558 -0.162197 -0.454675 0.573580 0.055492 -0.293369 0.307164 0.021971 -0.359941 0.401694 -0.033697 -0.384136 0.499258 