67
0.000000 0.000000 0.000000 -0.062631 -0.021949 -0.034921 -0.061042 -0.389443 0.189469 0.027725 -0.297270 0.216793 0.082514 -0.213197 0.216298 0.114837 -0.149472 0.206982 -0.141395 -0.185145 0.220049 -0.190680 -0.287263 0.379592 -0.203464 -0.380149 0.503267 -0.084251 -0.472189 0.399313 -0.098277 -0.522199 0.526137 -0.137702 -0.512699 0.635446 0.017165 -0.382090 0.438533 0.009983 -0.439780 0.589347 -0.048014 -0.390656 0.702760 0.065329 -0.264674 0.420671 0.053005 -0.301586 0.567219 -0.012460 -0.260875 0.678237 0.079017 -0.152879 0.378130 0.054362 -0.155224 0.495935 -0.016139 -0.101429 0.569002 
0.000000 0.000000 0.000000 -0.058241 -0.026143 -0.039350 -0.043297 -0.395865 0.180849 0.036008 -0.297591 0.215128 0.084020 -0.209567 0.219245 0.111858 -0.143415 0.212817 -0.139905 -0.200874 0.206916 -0.191005 -0.310209 0.361013 -0.210372 -0.411496 0.476998 -0.068648 -0.487742 0.386607 -0.083969 -0.543269 0.510961 -0.126857 -0.543168 0.619376 0.018047 -0.389733 0.433444 0.005832 -0.452403 0.581929 -0.058526 -0.411717 0.695252 0.062747 -0.267166 0.421590 0.047494 -0.308467 0.566684 -0.024545 -0.273779 0.675658 0.070848 -0.151308 0.382647 0.042621 -0.156740 0.499544 -0.034452 -0.108135 0.569547 
0.000000 0.000000 0.000000 -0.052890 -0.030894 -0.043267 -0.025560 -0.397007 0.181721 0.042991 -0.292571 0.220661 0.083502 -0.201003 0.227314 0.106467 -0.132893 0.222205 -0.137535 -0.212504 0.196939 -0.190501 -0.326144 0.347245 -0.212980 -0.432824 0.457703 -0.049948 -0.495395 0.384564 -0.064687 -0.554858 0.507157 -0.111213 -0.562503 0.613787 0.023017 -0.383714 0.439220 0.009431 -0.445705 0.587872 -0.062033 -0.412148 0.699255 0.051715 -0.257562 0.428571 0.028921 -0.298118 0.572884 -0.051889 -0.268203 0.677013 0.055680 -0.139589 0.389424 0.020722 -0.144198 0.504524 -0.063922 -0.099552 0.568125 
0.000000 0.000000 0.000000 -0.046968 -0.035556 -0.046408 -0.006801 -0.395744 0.186093 0.050160 -0.285671 0.228064 0.082619 -0.191051 0.236050 0.100366 -0.121364 0.231449 -0.131616 -0.222143 0.189952 -0.184583 -0.338898 0.337851 -0.207063 -0.448410 0.445501 -0.032838 -0.497486 0.387068 -0.048574 -0.558975 0.508532 -0.098008 -0.572953 0.613193 0.027796 -0.377939 0.445919 0.012586 -0.440694 0.594092 -0.065527 -0.414327 0.702915 0.045374 -0.247636 0.436362 0.018665 -0.288212 0.579997 -0.069226 -0.263504 0.679659 0.038489 -0.126765 0.394937 -0.004102 -0.130482 0.507469 -0.095762 -0.090200 0.563852 
0.000000 0.000000 0.000000 -0.042427 -0.038297 -0.048551 0.006154 -0.395008 0.187672 0.054538 -0.281759 0.231894 0.081116 -0.185421 0.241009 0.095087 -0.114848 0.236938 -0.126667 -0.232685 0.181586 -0.179379 -0.354321 0.325591 -0.200825 -0.467706 0.429373 -0.020358 -0.502590 0.385519 -0.036380 -0.567610 0.505092 -0.087641 -0.588084 0.607787 0.027923 -0.374867 0.448912 0.009821 -0.438194 0.596515 -0.073503 -0.418430 0.702844 0.036892 -0.241333 0.440087 0.005180 -0.281425 0.582838 -0.088635 -0.262039 0.678184 0.024366 -0.121296 0.396761 -0.024312 -0.125734 0.506770 -0.121091 -0.090079 0.557424 
0.000000 0.000000 0.000000 -0.035218 -0.041242 -0.051795 0.026050 -0.395092 0.185779 0.061060 -0.278619 0.234052 0.078492 -0.180469 0.245593 0.086603 -0.108919 0.242915 -0.118192 -0.244209 0.171288 -0.170112 -0.371213 0.310878 -0.184926 -0.487958 0.412061 0.001501 -0.508705 0.380483 -0.013335 -0.577369 0.498157 -0.064566 -0.605465 0.599048 0.030497 -0.375172 0.449036 0.009710 -0.440841 0.595255 -0.077025 -0.429983 0.700129 0.027606 -0.236214 0.443120 -0.008882 -0.276186 0.584760 -0.107379 -0.263074 0.676381 0.007142 -0.114361 0.398615 -0.047553 -0.118107 0.505787 -0.149025 -0.087209 0.549965 
0.000000 0.000000 0.000000 -0.029699 -0.043458 -0.053416 0.039710 -0.392261 0.189327 0.064811 -0.273734 0.238760 0.075555 -0.174672 0.250654 0.079425 -0.102766 0.247996 -0.112711 -0.250727 0.165662 -0.164655 -0.380423 0.302746 -0.176616 -0.496854 0.404665 0.014693 -0.509633 0.381728 -0.000427 -0.580569 0.498010 -0.052732 -0.613855 0.596749 0.032140 -0.372555 0.452398 0.009920 -0.439767 0.597703 -0.079495 -0.437922 0.700858 0.015721 -0.230848 0.445533 -0.027184 -0.271130 0.585273 -0.130364 -0.264308 0.672310 -0.010393 -0.107715 0.397978 -0.072216 -0.111120 0.501213 -0.177681 -0.085480 0.538934 
0.000000 0.000000 0.000000 -0.020230 -0.045264 -0.056266 0.060942 -0.389581 0.189217 0.069534 -0.270006 0.241659 0.069264 -0.170580 0.255248 0.066209 -0.098607 0.253504 -0.107840 -0.255170 0.158467 -0.162660 -0.386516 0.292833 -0.176313 -0.501895 0.395731 0.029079 -0.505906 0.381241 0.009821 -0.576209 0.497295 -0.042729 -0.615324 0.593740 0.040211 -0.370090 0.455195 0.020267 -0.438160 0.600430 -0.066373 -0.449880 0.705290 0.002904 -0.224431 0.448665 -0.044679 -0.263045 0.587357 -0.150756 -0.264735 0.671100 -0.035227 -0.107520 0.395693 -0.105047 -0.113655 0.493564 -0.214121 -0.095062 0.524553 
0.000000 0.000000 0.000000 -0.015642 -0.046669 -0.056579 0.071717 -0.384536 0.195650 0.072312 -0.264246 0.247149 0.066666 -0.164839 0.259672 0.060211 -0.093119 0.257050 -0.103305 -0.258224 0.156508 -0.158158 -0.390602 0.289844 -0.170069 -0.502424 0.396805 0.043123 -0.505585 0.385254 0.025841 -0.578745 0.499845 -0.023516 -0.623390 0.595572 0.047345 -0.367390 0.459780 0.030363 -0.437543 0.604400 -0.048992 -0.461275 0.712931 0.001940 -0.219298 0.453473 -0.044472 -0.258348 0.592440 -0.146756 -0.269654 0.680065 -0.050072 -0.101494 0.392526 -0.125982 -0.107258 0.485777 -0.237080 -0.093582 0.511724 
0.000000 0.000000 0.000000 -0.008646 -0.047504 -0.057380 0.091783 -0.378415 0.199168 0.079756 -0.258728 0.250671 0.065371 -0.160170 0.262904 0.053266 -0.089197 0.259957 -0.099875 -0.251458 0.161541 -0.156960 -0.379079 0.298528 -0.163766 -0.472783 0.422060 0.062290 -0.500124 0.388211 0.044465 -0.573681 0.502464 -0.001517 -0.621923 0.598127 0.064917 -0.361223 0.464561 0.054825 -0.430935 0.610036 -0.016428 -0.461694 0.722358 0.006028 -0.212175 0.459086 -0.036524 -0.249466 0.599761 -0.133031 -0.268333 0.692490 -0.058754 -0.101234 0.393721 -0.135859 -0.109520 0.485794 -0.247735 -0.101218 0.510656 
0.000000 0.000000 0.000000 -0.006451 -0.047917 -0.057326 0.104251 -0.374321 0.200764 0.087413 -0.255050 0.251884 0.069296 -0.157066 0.263770 0.054592 -0.086597 0.260560 -0.097272 -0.239579 0.172595 -0.154101 -0.359509 0.316465 -0.154566 -0.433369 0.452961 0.074897 -0.492641 0.391967 0.057157 -0.564151 0.507526 0.011669 -0.611507 0.603865 0.081627 -0.353392 0.468148 0.077692 -0.420278 0.615237 0.012069 -0.454134 0.730071 0.014535 -0.207292 0.461741 -0.024731 -0.243306 0.603698 -0.116263 -0.266503 0.700403 -0.056079 -0.101952 0.395105 -0.132257 -0.112521 0.487715 -0.243446 -0.108506 0.516419 
0.000000 0.000000 0.000000 -0.003498 -0.047762 -0.057710 0.119232 -0.370431 0.199638 0.096198 -0.252441 0.251310 0.073362 -0.155499 0.263599 0.055411 -0.085774 0.260660 -0.084704 -0.236428 0.178208 -0.135518 -0.354482 0.325830 -0.119019 -0.414748 0.467896 0.088359 -0.484132 0.393388 0.069701 -0.552850 0.510485 0.023313 -0.598335 0.607296 0.093564 -0.351341 0.467380 0.091772 -0.418608 0.614338 0.031145 -0.455459 0.730981 0.024514 -0.207056 0.462771 -0.010514 -0.244026 0.605589 -0.097071 -0.270133 0.706059 -0.052639 -0.101597 0.397266 -0.127011 -0.112489 0.491294 -0.236960 -0.110463 0.524616 
0.000000 0.000000 0.000000 -0.001271 -0.047945 -0.057651 0.132326 -0.365215 0.200993 0.104385 -0.248140 0.252324 0.077710 -0.152144 0.264309 0.057073 -0.083177 0.261142 -0.072912 -0.231071 0.185616 -0.117741 -0.345659 0.337836 -0.088181 -0.393840 0.482376 0.100779 -0.473828 0.397533 0.081714 -0.539471 0.516317 0.034961 -0.583027 0.613838 0.107269 -0.343196 0.470110 0.109230 -0.407848 0.618234 0.052733 -0.445195 0.736778 0.031777 -0.200169 0.465051 -0.001161 -0.234607 0.608996 -0.081537 -0.262640 0.713981 -0.046900 -0.098727 0.400906 -0.118468 -0.109431 0.497109 -0.226736 -0.107365 0.535537 
0.000000 0.000000 0.000000 -0.000388 -0.048050 -0.057575 0.139317 -0.362326 0.201496 0.109187 -0.245722 0.252659 0.080702 -0.150230 0.264508 0.058760 -0.081672 0.261243 -0.064310 -0.229957 0.188738 -0.104308 -0.343782 0.342864 -0.064538 -0.381746 0.487999 0.105276 -0.466558 0.399983 0.084702 -0.529552 0.519943 0.035821 -0.571235 0.617238 0.114955 -0.338173 0.471505 0.118878 -0.401053 0.620352 0.062939 -0.438655 0.739080 0.037415 -0.198625 0.465749 0.006376 -0.233327 0.610051 -0.072046 -0.262855 0.716099 -0.044216 -0.097080 0.401759 -0.115096 -0.107686 0.498480 -0.222688 -0.105461 0.538757 
0.000000 0.000000 0.000000 0.001090 -0.047531 -0.057996 0.145714 -0.360988 0.199363 0.112662 -0.245530 0.251316 0.082008 -0.150792 0.263785 0.058596 -0.082702 0.260956 -0.060077 -0.229424 0.189026 -0.098351 -0.343241 0.343596 -0.051322 -0.376452 0.487721 0.109853 -0.459150 0.400605 0.088180 -0.518476 0.522230 0.038372 -0.558870 0.619599 0.115932 -0.338106 0.470162 0.118155 -0.401071 0.619007 0.061645 -0.440320 0.736928 0.037478 -0.200017 0.464553 0.005547 -0.235313 0.608516 -0.071801 -0.267871 0.714466 -0.043581 -0.101392 0.401657 -0.113911 -0.114257 0.498505 -0.220884 -0.113034 0.540437 
0.000000 0.000000 0.000000 0.001904 -0.046520 -0.058789 0.156742 -0.360231 0.192240 0.121042 -0.246567 0.246355 0.087987 -0.152897 0.260628 0.062760 -0.085417 0.259107 -0.049506 -0.231025 0.188518 -0.081675 -0.346477 0.343267 -0.025612 -0.376053 0.484933 0.122436 -0.459252 0.393332 0.101702 -0.519099 0.514867 0.052099 -0.560148 0.612065 0.124276 -0.341162 0.464336 0.126476 -0.405500 0.612594 0.069145 -0.447422 0.729192 0.047099 -0.208071 0.460622 0.017779 -0.247635 0.604030 -0.057312 -0.284898 0.710053 -0.037882 -0.106961 0.400505 -0.107156 -0.121790 0.497832 -0.213835 -0.122982 0.540508 
0.000000 0.000000 0.000000 0.002125 -0.046003 -0.059187 0.164843 -0.358996 0.187721 0.127722 -0.246411 0.243118 0.093197 -0.153447 0.258485 0.066793 -0.086405 0.257768 -0.043139 -0.232837 0.187574 -0.071462 -0.349745 0.341981 -0.006868 -0.374894 0.480840 0.131114 -0.460593 0.387622 0.110729 -0.521996 0.508437 0.061536 -0.563868 0.605493 0.134358 -0.345650 0.458946 0.138871 -0.413147 0.605740 0.083555 -0.457092 0.722566 0.057344 -0.210590 0.458892 0.031636 -0.251566 0.602596 -0.038920 -0.290522 0.711096 -0.032136 -0.110796 0.399910 -0.100231 -0.127584 0.497749 -0.206357 -0.131319 0.541641 
0.000000 0.000000 0.000000 0.002578 -0.045856 -0.059283 0.169610 -0.357310 0.186686 0.131214 -0.245301 0.242379 0.095576 -0.152801 0.257999 0.068347 -0.086087 0.257466 -0.038231 -0.232443 0.188439 -0.063767 -0.349197 0.343448 0.005323 -0.371980 0.480540 0.137944 -0.457620 0.387573 0.118806 -0.518244 0.508983 0.070427 -0.560463 0.606299 0.137870 -0.346509 0.457291 0.142396 -0.415344 0.603461 0.088178 -0.461362 0.720003 0.061014 -0.207821 0.459225 0.036231 -0.247275 0.603517 -0.029659 -0.286905 0.714674 -0.030321 -0.114692 0.399002 -0.098237 -0.134381 0.496425 -0.203700 -0.141522 0.541476 
0.000000 0.000000 0.000000 0.001964 -0.045100 -0.059883 0.175345 -0.358244 0.179458 0.137004 -0.247234 0.237155 0.100919 -0.155216 0.254499 0.073176 -0.088716 0.255237 -0.032326 -0.236968 0.184774 -0.053782 -0.357026 0.337865 0.019421 -0.380371 0.472709 0.147534 -0.460569 0.379898 0.130725 -0.522412 0.501039 0.084447 -0.566659 0.598474 0.148702 -0.350815 0.450717 0.156658 -0.421264 0.595969 0.105381 -0.469738 0.712846 0.071531 -0.216916 0.454607 0.050459 -0.261159 0.598096 -0.010461 -0.306154 0.710044 -0.024102 -0.122002 0.396712 -0.091060 -0.144914 0.494093 -0.195683 -0.154696 0.540583 
0.000000 0.000000 0.000000 0.000741 -0.043800 -0.060868 0.177598 -0.362460 0.168439 0.140631 -0.252631 0.229211 0.105128 -0.160923 0.249195 0.077590 -0.094388 0.251877 -0.029412 -0.241098 0.179986 -0.048279 -0.364555 0.330696 0.029487 -0.388573 0.462842 0.155185 -0.468386 0.367681 0.141639 -0.532405 0.488098 0.097977 -0.578767 0.585757 0.156634 -0.361629 0.439776 0.167517 -0.435763 0.582990 0.119066 -0.486874 0.699950 0.081029 -0.226813 0.448673 0.063748 -0.274060 0.591711 0.007088 -0.323185 0.704158 -0.017971 -0.133054 0.393154 -0.083747 -0.159668 0.490399 -0.187808 -0.171174 0.537749 
0.000000 0.000000 0.000000 -0.001019 -0.043051 -0.061396 0.172946 -0.367888 0.161364 0.139040 -0.258121 0.224005 0.105639 -0.165995 0.245626 0.079452 -0.098977 0.249524 -0.029873 -0.243505 0.176999 -0.047927 -0.368937 0.326170 0.029749 -0.397878 0.457379 0.153125 -0.482229 0.356181 0.141145 -0.551333 0.473923 0.099178 -0.600762 0.570818 0.153918 -0.371094 0.432549 0.164037 -0.447932 0.574387 0.118936 -0.501423 0.691622 0.086693 -0.236054 0.444237 0.073106 -0.286291 0.586654 0.023464 -0.338216 0.701142 -0.012659 -0.144106 0.391176 -0.076061 -0.175169 0.488677 -0.178249 -0.188826 0.539414 
0.000000 0.000000 0.000000 -0.001448 -0.043061 -0.061380 0.171273 -0.368843 0.160969 0.138188 -0.258864 0.223676 0.105386 -0.166539 0.245367 0.079600 -0.099369 0.249321 -0.029182 -0.247771 0.173505 -0.046536 -0.375865 0.320481 0.023379 -0.413618 0.453798 0.154429 -0.484725 0.355154 0.144249 -0.554760 0.472514 0.103246 -0.606026 0.568866 0.155692 -0.374962 0.430290 0.167598 -0.453925 0.570816 0.128731 -0.511785 0.688208 0.086808 -0.242105 0.441984 0.073486 -0.296291 0.582970 0.030479 -0.352979 0.697883 -0.011852 -0.152740 0.388513 -0.074800 -0.189477 0.484321 -0.175719 -0.209107 0.535634 
0.000000 0.000000 0.000000 -0.003009 -0.043062 -0.061323 0.170980 -0.370334 0.157826 0.140093 -0.260044 0.221107 0.108546 -0.167422 0.243380 0.083448 -0.100020 0.247797 -0.029906 -0.252410 0.169538 -0.046737 -0.383406 0.313995 0.006552 -0.433585 0.450850 0.164602 -0.492999 0.348437 0.160747 -0.567135 0.463637 0.122764 -0.622045 0.559216 0.159094 -0.381014 0.424772 0.172018 -0.463290 0.563294 0.135072 -0.524634 0.679532 0.093043 -0.247662 0.438405 0.081926 -0.305200 0.578250 0.041528 -0.366179 0.691906 -0.005404 -0.158909 0.386447 -0.066563 -0.199444 0.481882 -0.166472 -0.221959 0.533981 
0.000000 0.000000 0.000000 -0.003025 -0.041773 -0.062207 0.169841 -0.373951 0.150349 0.139131 -0.264922 0.215861 0.107779 -0.172703 0.240007 0.082840 -0.105346 0.245786 -0.035838 -0.260420 0.159069 -0.056371 -0.397234 0.297530 -0.020438 -0.469165 0.430276 0.168195 -0.504251 0.335928 0.167200 -0.583001 0.448086 0.132027 -0.641765 0.542441 0.157269 -0.393362 0.414981 0.169604 -0.480719 0.550410 0.133207 -0.545158 0.665137 0.094926 -0.258177 0.432991 0.085710 -0.319466 0.571372 0.044105 -0.383250 0.683036 -0.003459 -0.169037 0.383925 -0.062859 -0.212877 0.479009 -0.162401 -0.238110 0.530564 
0.000000 0.000000 0.000000 -0.003061 -0.040786 -0.062857 0.167431 -0.377134 0.145008 0.137103 -0.268973 0.212117 0.106165 -0.176975 0.237603 0.081563 -0.109584 0.244356 -0.039167 -0.271711 0.145028 -0.061759 -0.416209 0.275110 -0.036182 -0.512720 0.393930 0.169923 -0.512752 0.326727 0.171428 -0.594715 0.436553 0.139582 -0.656799 0.529958 0.153627 -0.400762 0.409178 0.164866 -0.490397 0.543207 0.127270 -0.556072 0.656841 0.092411 -0.267255 0.428323 0.082549 -0.331991 0.565081 0.036675 -0.395560 0.675184 -0.004422 -0.176227 0.381293 -0.063607 -0.222099 0.475549 -0.163565 -0.248834 0.525517 
0.000000 0.000000 0.000000 -0.003776 -0.040649 -0.062907 0.164443 -0.379001 0.143551 0.135514 -0.270661 0.210987 0.105609 -0.178407 0.236778 0.081704 -0.110789 0.243765 -0.043806 -0.282277 0.131668 -0.068854 -0.433473 0.253421 -0.049429 -0.546109 0.358409 0.171072 -0.518307 0.322353 0.175079 -0.602499 0.430417 0.145417 -0.665410 0.523988 0.150271 -0.404430 0.406851 0.160308 -0.495411 0.540066 0.121828 -0.559806 0.654136 0.094304 -0.269676 0.427188 0.086198 -0.335122 0.563723 0.036991 -0.396649 0.673546 -0.002827 -0.174935 0.382783 -0.061012 -0.219089 0.478472 -0.161004 -0.242922 0.529820 
0.000000 0.000000 0.000000 -0.007292 -0.041388 -0.062111 0.155593 -0.382551 0.143999 0.132764 -0.272284 0.210648 0.107010 -0.178655 0.235961 0.085757 -0.110130 0.242669 -0.046975 -0.286058 0.128698 -0.071806 -0.439157 0.248094 -0.055863 -0.558778 0.345682 0.162955 -0.518225 0.325544 0.167404 -0.600222 0.435265 0.135470 -0.659314 0.530562 0.153566 -0.403833 0.407464 0.167714 -0.493305 0.541326 0.127641 -0.552941 0.657416 0.101454 -0.269412 0.426869 0.097471 -0.334491 0.563762 0.043989 -0.392151 0.673685 0.004298 -0.173304 0.383948 -0.051771 -0.216788 0.481194 -0.150807 -0.238364 0.535319 
0.000000 0.000000 0.000000 -0.008502 -0.041785 -0.061690 0.152391 -0.383327 0.145354 0.131689 -0.272255 0.211359 0.107394 -0.178111 0.236198 0.087075 -0.109272 0.242587 -0.052889 -0.281172 0.134702 -0.080664 -0.430965 0.257591 -0.066813 -0.547747 0.358868 0.154819 -0.514271 0.330470 0.156287 -0.593410 0.442349 0.120026 -0.647710 0.538940 0.157061 -0.404776 0.406983 0.174318 -0.494908 0.540036 0.130332 -0.549456 0.657207 0.106777 -0.270381 0.426460 0.106336 -0.336544 0.562889 0.049041 -0.391093 0.672478 0.005484 -0.171871 0.384046 -0.050677 -0.214958 0.481414 -0.149349 -0.235678 0.536530 
0.000000 0.000000 0.000000 -0.007329 -0.042066 -0.061649 0.154836 -0.381192 0.148353 0.132162 -0.270148 0.213754 0.106559 -0.176197 0.238004 0.085422 -0.107564 0.243935 -0.055929 -0.268629 0.148477 -0.086341 -0.410398 0.279961 -0.072527 -0.517156 0.391759 0.158424 -0.508746 0.335802 0.160593 -0.585837 0.449091 0.123524 -0.637297 0.546922 0.164433 -0.395879 0.412813 0.186382 -0.481393 0.548202 0.135601 -0.526979 0.666450 0.113416 -0.264064 0.430218 0.118332 -0.327071 0.568047 0.058120 -0.378110 0.677763 0.012512 -0.168813 0.390628 -0.037674 -0.210971 0.491600 -0.135072 -0.231770 0.548908 
0.000000 0.000000 0.000000 -0.008401 -0.043321 -0.060635 0.155028 -0.378773 0.154233 0.133822 -0.266254 0.217573 0.109025 -0.171679 0.240179 0.088311 -0.102826 0.244947 -0.059503 -0.258366 0.160703 -0.091480 -0.392927 0.299202 -0.076723 -0.486982 0.421769 0.158398 -0.501279 0.345024 0.160435 -0.575319 0.460332 0.122553 -0.623385 0.559568 0.171293 -0.385072 0.419940 0.196778 -0.465885 0.557579 0.138753 -0.502872 0.675496 0.118482 -0.256103 0.433820 0.125263 -0.316640 0.572673 0.062972 -0.364720 0.682565 0.016086 -0.163222 0.392331 -0.033628 -0.204792 0.493779 -0.130241 -0.225976 0.552264 
0.000000 0.000000 0.000000 -0.009199 -0.044335 -0.059780 0.152753 -0.377285 0.160040 0.132974 -0.263453 0.221467 0.109165 -0.168268 0.242518 0.089090 -0.099159 0.246174 -0.061621 -0.247714 0.172029 -0.094423 -0.374976 0.317079 -0.078648 -0.458585 0.446877 0.152441 -0.494108 0.354391 0.152253 -0.564712 0.471852 0.110874 -0.608042 0.571869 0.174310 -0.378932 0.425012 0.202425 -0.457473 0.563451 0.135143 -0.486071 0.678753 0.123168 -0.252934 0.435778 0.133209 -0.313645 0.574357 0.072257 -0.361659 0.685026 0.021530 -0.158332 0.396242 -0.024973 -0.199063 0.499536 -0.120415 -0.220153 0.559944 
0.000000 0.000000 0.000000 -0.009056 -0.044481 -0.059694 0.153203 -0.376678 0.161037 0.133161 -0.262746 0.222193 0.109168 -0.167555 0.243010 0.088973 -0.098473 0.246492 -0.063327 -0.241162 0.177408 -0.097286 -0.364232 0.325771 -0.080170 -0.440260 0.459986 0.147685 -0.488030 0.358496 0.144351 -0.555328 0.477836 0.098950 -0.594394 0.577865 0.175658 -0.379752 0.424624 0.204562 -0.459332 0.562305 0.130287 -0.482838 0.674422 0.128051 -0.251773 0.436050 0.141592 -0.312162 0.574472 0.081887 -0.360542 0.685660 0.022548 -0.158666 0.396661 -0.023173 -0.200097 0.500025 -0.117394 -0.223304 0.561564 
0.000000 0.000000 0.000000 -0.009435 -0.044475 -0.059639 0.152037 -0.377257 0.160787 0.132685 -0.263203 0.221937 0.109175 -0.167895 0.242772 0.089296 -0.098722 0.246275 -0.068489 -0.239802 0.177439 -0.105442 -0.362026 0.325787 -0.090224 -0.437032 0.460803 0.143330 -0.488020 0.358463 0.138067 -0.554962 0.477933 0.088846 -0.590926 0.577316 0.176802 -0.379796 0.424259 0.206808 -0.459096 0.561867 0.124537 -0.478177 0.669137 0.129825 -0.255112 0.434294 0.144631 -0.317651 0.571627 0.085228 -0.366606 0.682725 0.023853 -0.160986 0.396031 -0.021192 -0.203843 0.499110 -0.114631 -0.228118 0.561425 
0.000000 0.000000 0.000000 -0.010669 -0.044664 -0.059289 0.148687 -0.378397 0.161239 0.131521 -0.263766 0.221962 0.109515 -0.168040 0.242519 0.090602 -0.098588 0.245851 -0.072293 -0.237698 0.179010 -0.110853 -0.358486 0.328122 -0.097488 -0.432456 0.463904 0.137571 -0.488861 0.358962 0.130853 -0.555622 0.478460 0.076501 -0.586942 0.576736 0.178938 -0.381635 0.422792 0.211189 -0.461802 0.559386 0.121107 -0.475653 0.661036 0.132726 -0.255526 0.433624 0.149369 -0.318259 0.570658 0.090198 -0.367170 0.681899 0.029460 -0.163809 0.396164 -0.012626 -0.208703 0.499627 -0.104451 -0.233833 0.563968 
0.000000 0.000000 0.000000 -0.010753 -0.044754 -0.059206 0.147264 -0.378543 0.162200 0.130412 -0.263727 0.222661 0.108700 -0.167885 0.242992 0.090013 -0.098364 0.246157 -0.074965 -0.235383 0.180343 -0.115146 -0.354666 0.330237 -0.100904 -0.424172 0.468269 0.135100 -0.484753 0.362179 0.127749 -0.548944 0.483041 0.070260 -0.576040 0.580785 0.180799 -0.380608 0.423346 0.215069 -0.460103 0.559841 0.119750 -0.469645 0.657117 0.142760 -0.253628 0.433259 0.167183 -0.315111 0.569693 0.111895 -0.364321 0.682785 0.037352 -0.166763 0.398257 0.001104 -0.213844 0.502951 -0.087162 -0.241227 0.571233 
0.000000 0.000000 0.000000 -0.013309 -0.045082 -0.058433 0.142216 -0.380321 0.162546 0.129644 -0.264522 0.222167 0.110749 -0.167981 0.241998 0.093815 -0.098000 0.244879 -0.078496 -0.233536 0.182569 -0.119285 -0.351458 0.333373 -0.104710 -0.418182 0.472737 0.130858 -0.484827 0.363468 0.123994 -0.547987 0.484900 0.063281 -0.570767 0.581792 0.181719 -0.380542 0.422920 0.217138 -0.459452 0.559461 0.117368 -0.464068 0.652541 0.154164 -0.259718 0.427506 0.185295 -0.325499 0.560527 0.139707 -0.379463 0.675756 0.047006 -0.169953 0.397254 0.014786 -0.219480 0.502136 -0.067072 -0.251463 0.576158 
0.000000 0.000000 0.000000 -0.016382 -0.045303 -0.057473 0.133462 -0.382982 0.163717 0.126424 -0.266104 0.222132 0.111358 -0.168738 0.241191 0.096897 -0.098187 0.243601 -0.081839 -0.231966 0.184847 -0.122797 -0.348767 0.336474 -0.108205 -0.414144 0.476474 0.115586 -0.481944 0.366958 0.104783 -0.541754 0.489792 0.035842 -0.552651 0.583182 0.178771 -0.380164 0.423935 0.214375 -0.457741 0.561190 0.112958 -0.455145 0.652553 0.165380 -0.264507 0.421811 0.204116 -0.333179 0.551327 0.169890 -0.391890 0.668159 0.061499 -0.172227 0.398040 0.037135 -0.223190 0.504343 -0.037683 -0.257132 0.584676 
0.000000 0.000000 0.000000 -0.019170 -0.045815 -0.056191 0.125582 -0.383898 0.167754 0.123576 -0.265808 0.224081 0.111983 -0.167686 0.241635 0.099763 -0.096685 0.243044 -0.085240 -0.230118 0.187763 -0.126583 -0.345444 0.340413 -0.113988 -0.411244 0.480408 0.100544 -0.473481 0.374558 0.085411 -0.527623 0.499545 0.008549 -0.525129 0.587177 0.178183 -0.374664 0.428147 0.215323 -0.448701 0.566941 0.112418 -0.436657 0.655850 0.174913 -0.261993 0.420128 0.220038 -0.329617 0.548118 0.195174 -0.389842 0.666536 0.078326 -0.171316 0.399751 0.063570 -0.222686 0.507615 -0.000629 -0.259828 0.595376 
0.000000 0.000000 0.000000 -0.020167 -0.046909 -0.054925 0.120923 -0.381426 0.176585 0.120976 -0.261955 0.229961 0.110924 -0.163267 0.245125 0.099754 -0.092080 0.244830 -0.086715 -0.228500 0.190924 -0.128357 -0.342129 0.344761 -0.117243 -0.407768 0.484957 0.089642 -0.460021 0.386976 0.070736 -0.507522 0.514130 -0.013576 -0.492364 0.593218 0.173555 -0.359880 0.440009 0.209316 -0.426483 0.582872 0.100921 -0.402134 0.662226 0.173240 -0.256010 0.424649 0.217925 -0.322513 0.553379 0.192266 -0.379717 0.673118 0.085533 -0.161705 0.404631 0.075745 -0.209630 0.514625 0.016900 -0.245018 0.606755 
0.000000 0.000000 0.000000 -0.021024 -0.048057 -0.053595 0.113174 -0.378514 0.187641 0.115520 -0.257587 0.237574 0.107398 -0.158326 0.249889 0.097634 -0.086971 0.247537 -0.090758 -0.225226 0.194588 -0.134394 -0.336087 0.349884 -0.125396 -0.400020 0.491017 0.076690 -0.445647 0.401141 0.054641 -0.486220 0.530175 -0.033746 -0.461923 0.602221 0.167274 -0.346899 0.451628 0.202475 -0.407644 0.597215 0.088971 -0.371975 0.664178 0.162041 -0.241584 0.436426 0.201223 -0.301285 0.570185 0.164317 -0.348204 0.691447 0.079371 -0.147488 0.410603 0.066801 -0.189143 0.522844 0.003247 -0.216157 0.614683 
0.000000 0.000000 0.000000 -0.021981 -0.048859 -0.052474 0.105312 -0.376251 0.196557 0.110113 -0.254261 0.243647 0.104022 -0.154593 0.253627 0.095723 -0.083128 0.249596 -0.102040 -0.218437 0.197886 -0.152135 -0.324548 0.354545 -0.150881 -0.390337 0.495105 0.064888 -0.437098 0.411229 0.040456 -0.473872 0.540970 -0.048992 -0.443461 0.609288 0.185321 -0.347878 0.448718 0.182686 -0.388268 0.605199 0.064752 -0.340461 0.654649 0.141417 -0.227926 0.448403 0.168232 -0.280511 0.588069 0.105047 -0.308227 0.704291 0.066603 -0.129451 0.415706 0.046560 -0.161336 0.530042 -0.029167 -0.172539 0.615734 
0.000000 0.000000 0.000000 -0.026728 -0.049111 -0.049976 0.090521 -0.375404 0.205349 0.104163 -0.252479 0.248076 0.104254 -0.152359 0.254880 0.099980 -0.080691 0.248725 -0.113948 -0.216130 0.199712 -0.168524 -0.320640 0.355950 -0.172726 -0.385131 0.497053 0.046453 -0.427003 0.421718 0.019820 -0.458188 0.552486 -0.069313 -0.420197 0.617334 0.179493 -0.349681 0.451427 0.155824 -0.379482 0.608514 0.036655 -0.323354 0.644397 0.128404 -0.221036 0.453410 0.145722 -0.270281 0.595768 0.060514 -0.274483 0.700601 0.067701 -0.111750 0.417780 0.045483 -0.133129 0.534144 -0.037073 -0.128012 0.613903 
0.000000 0.000000 0.000000 -0.033668 -0.048726 -0.046002 0.062376 -0.371309 0.222551 0.089965 -0.248310 0.257654 0.100212 -0.148489 0.258756 0.102733 -0.077178 0.248718 -0.130941 -0.208029 0.205010 -0.191807 -0.307710 0.362077 -0.202184 -0.367425 0.504953 0.017314 -0.419283 0.439549 -0.009920 -0.448277 0.570697 -0.097880 -0.403670 0.632877 0.134232 -0.336017 0.474039 0.098050 -0.358120 0.630010 -0.019907 -0.293488 0.653422 0.103677 -0.207224 0.461862 0.106162 -0.249341 0.607501 0.010007 -0.234164 0.701266 0.068307 -0.096278 0.419119 0.044611 -0.109424 0.536409 -0.040353 -0.092255 0.611837 
0.000000 0.000000 0.000000 -0.037685 -0.048250 -0.043309 0.039747 -0.364426 0.238546 0.076380 -0.242223 0.267641 0.093578 -0.143422 0.264045 0.100910 -0.072986 0.250722 -0.145156 -0.191796 0.212993 -0.212404 -0.281618 0.373370 -0.233116 -0.338317 0.516350 -0.006819 -0.402859 0.457120 -0.034963 -0.426086 0.589220 -0.119665 -0.376558 0.652193 0.113600 -0.320852 0.488789 0.075941 -0.334321 0.645394 -0.039024 -0.262808 0.662947 0.092355 -0.192256 0.469781 0.091479 -0.227274 0.617307 -0.010195 -0.196757 0.700968 0.065204 -0.077361 0.421871 0.040626 -0.080373 0.539677 -0.047664 -0.051598 0.607352 
0.000000 0.000000 0.000000 -0.044216 -0.045496 -0.039986 0.013659 -0.358998 0.249448 0.063598 -0.240301 0.272669 0.090420 -0.143915 0.264875 0.104164 -0.075035 0.248778 -0.157599 -0.179483 0.218931 -0.228547 -0.263323 0.380945 -0.259301 -0.319679 0.522242 -0.033114 -0.391724 0.468905 -0.061383 -0.411502 0.601539 -0.141675 -0.355459 0.664829 0.091693 -0.314923 0.496536 0.046908 -0.317849 0.651811 -0.062546 -0.236671 0.660140 0.088046 -0.192178 0.470737 0.086344 -0.226785 0.618352 -0.016311 -0.180853 0.693321 0.055841 -0.063541 0.416466 0.022580 -0.055630 0.531888 -0.072489 -0.012371 0.579782 
0.000000 0.000000 0.000000 -0.048938 -0.042282 -0.037963 -0.009646 -0.354619 0.255818 0.050660 -0.240170 0.275480 0.085230 -0.146528 0.265164 0.104246 -0.079330 0.247408 -0.172266 -0.169952 0.219597 -0.249436 -0.249839 0.380761 -0.295572 -0.310878 0.515789 -0.059697 -0.380100 0.475512 -0.089946 -0.395500 0.608290 -0.164829 -0.333199 0.672354 0.069450 -0.308937 0.502179 0.014797 -0.294146 0.653569 -0.086581 -0.202705 0.654235 0.077445 -0.182123 0.473457 0.071863 -0.207647 0.622816 -0.028224 -0.147914 0.691245 0.046410 -0.047397 0.409339 0.006602 -0.025417 0.520800 -0.090878 0.030986 0.543593 
0.000000 0.000000 0.000000 -0.053457 -0.038783 -0.035526 -0.028109 -0.349327 0.261670 0.041670 -0.239749 0.277347 0.083083 -0.149276 0.264311 0.106652 -0.084031 0.244817 -0.187809 -0.168753 0.215280 -0.271877 -0.250080 0.372218 -0.333062 -0.320231 0.496404 -0.077191 -0.363601 0.482593 -0.106855 -0.372229 0.616114 -0.175358 -0.304283 0.681564 0.048099 -0.296376 0.508055 -0.011268 -0.265641 0.655213 -0.104986 -0.166392 0.652765 0.065429 -0.168100 0.474186 0.046763 -0.176707 0.624414 -0.051832 -0.106609 0.684692 0.037216 -0.035060 0.397678 -0.010579 -0.001352 0.502896 -0.104850 0.064315 0.500917 
0.000000 0.000000 0.000000 -0.054143 -0.038257 -0.035054 -0.038166 -0.342809 0.268916 0.034120 -0.234613 0.282719 0.077775 -0.145456 0.268030 0.103028 -0.081230 0.247301 -0.193779 -0.164327 0.214855 -0.281155 -0.243213 0.371231 -0.354227 -0.317862 0.486012 -0.087271 -0.347484 0.490246 -0.116949 -0.350309 0.624012 -0.183462 -0.281227 0.690320 0.018807 -0.265409 0.517861 -0.044581 -0.222842 0.660320 -0.134813 -0.120399 0.658612 0.057661 -0.148205 0.478509 0.007604 -0.118731 0.618568 -0.091237 -0.038693 0.664309 0.029857 -0.020419 0.394047 -0.034442 0.031456 0.481602 -0.125630 0.099771 0.466740 
0.000000 0.000000 0.000000 -0.054639 -0.037730 -0.034856 -0.041736 -0.341525 0.270016 0.031826 -0.234137 0.283380 0.076492 -0.145540 0.268353 0.102460 -0.081676 0.247391 -0.193487 -0.168026 0.213319 -0.280369 -0.249557 0.368610 -0.358259 -0.329722 0.476283 -0.092211 -0.349469 0.490945 -0.122717 -0.354270 0.624468 -0.189273 -0.287681 0.693238 0.013299 -0.261093 0.518762 -0.061408 -0.203241 0.649897 -0.151779 -0.100907 0.649632 0.044521 -0.137076 0.477207 -0.031919 -0.079859 0.594994 -0.131366 0.006483 0.625382 0.030926 -0.025674 0.396833 -0.053182 0.040117 0.452408 -0.140797 0.108610 0.423503 
0.000000 0.000000 0.000000 -0.055240 -0.035202 -0.036514 -0.030385 -0.364515 0.239783 0.042433 -0.257795 0.260535 0.085737 -0.167656 0.252164 0.110431 -0.101865 0.236219 -0.177676 -0.179321 0.212655 -0.254289 -0.269502 0.368569 -0.324504 -0.355671 0.476881 -0.069635 -0.391913 0.461434 -0.093356 -0.408472 0.595393 -0.156997 -0.350740 0.674197 0.035278 -0.307547 0.492802 -0.027849 -0.270623 0.636942 -0.118456 -0.169481 0.651082 0.056861 -0.174961 0.461512 -0.013639 -0.126701 0.586778 -0.109647 -0.037354 0.619453 0.046458 -0.059722 0.393438 -0.036962 0.005361 0.450854 -0.120619 0.076848 0.417773 
0.000000 0.000000 0.000000 -0.060462 -0.028491 -0.034006 -0.031164 -0.383675 0.207635 0.049826 -0.283540 0.230781 0.097770 -0.195490 0.226431 0.124992 -0.129906 0.214179 -0.161671 -0.178741 0.221000 -0.225000 -0.272757 0.380567 -0.291654 -0.355600 0.493620 -0.045307 -0.455336 0.422309 -0.053855 -0.498646 0.552052 -0.105250 -0.459305 0.649026 0.077835 -0.382009 0.445242 0.051537 -0.394992 0.604190 -0.033711 -0.301082 0.654717 0.112020 -0.264466 0.425812 0.074004 -0.260102 0.572532 -0.014046 -0.175295 0.630178 0.086638 -0.121219 0.384590 0.024365 -0.076875 0.477579 -0.057298 0.003186 0.466417 
0.000000 0.000000 0.000000 -0.065839 -0.020407 -0.029541 -0.039151 -0.401231 0.169621 0.051571 -0.309976 0.193372 0.105630 -0.225434 0.192530 0.136515 -0.160895 0.183977 -0.141800 -0.182729 0.226833 -0.189332 -0.284300 0.387255 -0.242165 -0.365222 0.508693 -0.023973 -0.522127 0.360864 -0.014799 -0.595193 0.476446 -0.046050 -0.589922 0.588646 0.104551 -0.449336 0.378429 0.140585 -0.544121 0.504294 0.082587 -0.490174 0.615493 0.155645 -0.347846 0.357538 0.191509 -0.435624 0.475858 0.132363 -0.391911 0.589256 0.138316 -0.216307 0.349846 0.139555 -0.254449 0.464017 0.073906 -0.191923 0.534612 
0.000000 0.000000 0.000000 -0.069815 -0.013839 -0.023627 -0.050130 -0.409732 0.144559 0.048846 -0.326541 0.164688 0.108442 -0.245807 0.163907 0.142823 -0.182905 0.156584 -0.126349 -0.185946 0.231381 -0.161725 -0.293640 0.390949 -0.201916 -0.372665 0.518332 -0.018400 -0.569329 0.302489 0.000777 -0.665785 0.397938 -0.013396 -0.696022 0.509643 0.115917 -0.507527 0.303325 0.161534 -0.630622 0.397618 0.138216 -0.635285 0.532057 0.170792 -0.401095 0.293181 0.215500 -0.512447 0.385879 0.189570 -0.531409 0.517165 0.187461 -0.280890 0.294397 0.218187 -0.348336 0.389257 0.181410 -0.331739 0.496844 
0.000000 0.000000 0.000000 -0.070952 -0.011714 -0.021271 -0.057780 -0.407912 0.146831 0.044305 -0.327773 0.163522 0.106279 -0.248898 0.160626 0.142302 -0.187081 0.152059 -0.114232 -0.178716 0.239657 -0.141314 -0.283216 0.402928 -0.174147 -0.354793 0.536665 -0.029369 -0.581114 0.290408 -0.012198 -0.685792 0.377182 -0.022050 -0.735491 0.482187 0.107620 -0.518016 0.291089 0.150682 -0.647407 0.377853 0.140509 -0.680451 0.509928 0.169500 -0.408899 0.283575 0.214834 -0.523630 0.371737 0.203511 -0.568605 0.498690 0.194360 -0.291799 0.282099 0.230192 -0.363879 0.371608 0.204814 -0.363900 0.483675 
0.000000 0.000000 0.000000 -0.068643 -0.017467 -0.024635 -0.044141 -0.399434 0.172609 0.051962 -0.312261 0.189554 0.109449 -0.230154 0.184652 0.142413 -0.167007 0.173777 -0.112830 -0.159104 0.250742 -0.140479 -0.247731 0.423055 -0.175317 -0.307769 0.561867 -0.016447 -0.566611 0.323292 0.000291 -0.667647 0.414361 -0.007814 -0.722403 0.516973 0.110069 -0.482714 0.344614 0.149590 -0.598646 0.450077 0.136833 -0.623516 0.583711 0.178095 -0.378550 0.318742 0.227319 -0.484959 0.414892 0.221870 -0.535326 0.540198 0.203433 -0.263112 0.306543 0.245434 -0.329262 0.397928 0.224610 -0.333218 0.510861 
0.000000 0.000000 0.000000 -0.064528 -0.025572 -0.028391 -0.023824 -0.387832 0.200771 0.062567 -0.291067 0.217951 0.112924 -0.204558 0.210833 0.141090 -0.139602 0.197424 -0.115353 -0.144378 0.256474 -0.147157 -0.218720 0.434724 -0.192380 -0.267185 0.575055 0.006354 -0.529108 0.375558 0.024594 -0.614491 0.481194 0.013431 -0.655719 0.589678 0.110888 -0.410015 0.417928 0.143753 -0.490916 0.553941 0.111268 -0.476563 0.685766 0.180838 -0.326149 0.369946 0.229536 -0.413338 0.484039 0.208418 -0.437980 0.615245 0.201180 -0.211675 0.345007 0.242540 -0.261285 0.446592 0.201943 -0.245173 0.552872 
0.000000 0.000000 0.000000 -0.056740 -0.033992 -0.035342 -0.009732 -0.379277 0.217588 0.062396 -0.272578 0.240718 0.103592 -0.181220 0.235530 0.126168 -0.114070 0.222353 -0.116158 -0.131470 0.255886 -0.153339 -0.192465 0.438118 -0.209507 -0.232163 0.577244 -0.010540 -0.465230 0.427425 -0.011028 -0.517178 0.554245 -0.044268 -0.521479 0.665913 0.053730 -0.321712 0.473065 0.047836 -0.355130 0.631094 -0.024940 -0.292081 0.727881 0.117749 -0.235320 0.439457 0.127901 -0.274112 0.585686 0.054656 -0.234710 0.692226 0.139151 -0.142327 0.394455 0.148087 -0.161776 0.512917 0.063448 -0.103877 0.564753 
0.000000 0.000000 0.000000 -0.046757 -0.042622 -0.040262 0.008634 -0.367843 0.236448 0.063057 -0.251692 0.262321 0.092808 -0.155995 0.257096 0.108364 -0.087063 0.242999 -0.118959 -0.123008 0.253287 -0.164138 -0.173308 0.436971 -0.223425 -0.206757 0.576446 -0.036421 -0.395802 0.456921 -0.063651 -0.412700 0.590169 -0.129806 -0.371174 0.676726 0.012583 -0.265115 0.494154 -0.071780 -0.216625 0.623213 -0.169044 -0.132438 0.668946 0.052829 -0.144513 0.464421 -0.019609 -0.103923 0.591291 -0.125635 -0.033338 0.636506 0.052509 -0.053716 0.405340 0.014063 -0.030762 0.517082 -0.080096 0.032270 0.497997 
0.000000 0.000000 0.000000 -0.038865 -0.047147 -0.043480 0.032360 -0.366629 0.236277 0.071767 -0.245439 0.265982 0.091134 -0.147022 0.262917 0.099982 -0.076688 0.249987 -0.117561 -0.127700 0.248350 -0.166804 -0.178104 0.430958 -0.234799 -0.214862 0.565540 -0.040470 -0.362494 0.450983 -0.084487 -0.359996 0.580746 -0.166209 -0.297778 0.635914 0.003904 -0.246773 0.493726 -0.099434 -0.187918 0.603188 -0.204482 -0.109126 0.640551 0.042062 -0.129957 0.467891 -0.064641 -0.069295 0.556916 -0.177929 -0.000372 0.583058 0.041586 -0.048379 0.412390 -0.034819 -0.007544 0.495973 -0.128400 0.046631 0.457106 
0.000000 0.000000 0.000000 -0.037272 -0.047071 -0.044933 0.047908 -0.373135 0.223082 0.082778 -0.251620 0.256851 0.098307 -0.152478 0.257162 0.104355 -0.081444 0.246674 -0.105365 -0.138328 0.246412 -0.147974 -0.195430 0.428716 -0.216623 -0.239640 0.560699 -0.019392 -0.377730 0.439576 -0.060066 -0.380507 0.570420 -0.143983 -0.319685 0.623822 0.014259 -0.260237 0.484239 -0.091051 -0.204168 0.593283 -0.196954 -0.127515 0.632634 0.055771 -0.146717 0.464216 -0.056765 -0.088043 0.547184 -0.171961 -0.022530 0.573754 0.042903 -0.057017 0.408579 -0.035062 -0.020139 0.492560 -0.130402 0.031763 0.454882 
0.000000 0.000000 0.000000 -0.031786 -0.047447 -0.048604 0.080810 -0.380415 0.200111 0.103083 -0.258540 0.242215 0.108817 -0.158591 0.249106 0.108035 -0.086775 0.243248 -0.089568 -0.159228 0.237774 -0.125724 -0.229175 0.416971 -0.186657 -0.285831 0.547983 0.016424 -0.405426 0.416095 -0.022489 -0.420543 0.546630 -0.109557 -0.364846 0.600577 0.050141 -0.294808 0.471030 -0.058649 -0.250128 0.581904 -0.168693 -0.182290 0.625807 0.069945 -0.166276 0.456817 -0.045869 -0.121365 0.543771 -0.165830 -0.067303 0.574666 0.044442 -0.073853 0.405652 -0.038796 -0.045089 0.487722 -0.140424 0.001534 0.461245 
0.000000 0.000000 0.000000 -0.026506 -0.047089 -0.051999 0.114986 -0.382865 0.177434 0.124899 -0.262340 0.227410 0.120864 -0.162941 0.240600 0.113206 -0.091304 0.239205 -0.069840 -0.176916 0.229271 -0.096955 -0.258154 0.405273 -0.143247 -0.326244 0.536831 0.060383 -0.431119 0.392167 0.027383 -0.460283 0.521946 -0.063371 -0.412460 0.577352 0.077723 -0.315010 0.454290 -0.024755 -0.293105 0.577347 -0.138743 -0.236493 0.626755 0.084947 -0.182855 0.448030 -0.028569 -0.155740 0.544828 -0.149762 -0.117561 0.590898 0.045934 -0.085231 0.400524 -0.033534 -0.067738 0.489238 -0.142498 -0.031294 0.487935 
0.000000 0.000000 0.000000 -0.021063 -0.046113 -0.055261 0.144749 -0.381016 0.158635 0.142789 -0.263213 0.215564 0.129625 -0.165492 0.234213 0.115646 -0.094845 0.236647 -0.052332 -0.190682 0.220362 -0.071899 -0.281144 0.392829 -0.102599 -0.357371 0.524488 0.103692 -0.456717 0.368406 0.078879 -0.502470 0.495186 -0.014982 -0.464236 0.552817 0.108842 -0.334139 0.439821 0.015830 -0.335245 0.572003 -0.102030 -0.290553 0.624453 0.094534 -0.195308 0.440595 -0.014565 -0.188239 0.545659 -0.132868 -0.171121 0.608740 0.050201 -0.093837 0.398826 -0.033467 -0.084168 0.484835 -0.142762 -0.065878 0.515218 
0.000000 0.000000 0.000000 -0.018130 -0.045488 -0.056799 0.162671 -0.377597 0.149161 0.154098 -0.261774 0.209441 0.135738 -0.165447 0.230757 0.118114 -0.095710 0.235074 -0.039725 -0.195962 0.216583 -0.053238 -0.290119 0.387647 -0.075226 -0.370712 0.518445 0.133244 -0.466337 0.355751 0.115459 -0.519969 0.480609 0.020340 -0.483110 0.537062 0.126622 -0.344399 0.430558 0.038736 -0.356018 0.565708 -0.079887 -0.314792 0.619266 0.097918 -0.196779 0.436431 -0.005956 -0.198801 0.546871 -0.123028 -0.190459 0.613898 0.047438 -0.097452 0.395037 -0.038257 -0.093291 0.479478 -0.145511 -0.084337 0.519723 
0.000000 0.000000 0.000000 -0.016594 -0.044771 -0.057828 0.169946 -0.376651 0.143328 0.158210 -0.262248 0.205749 0.137473 -0.166795 0.228751 0.118226 -0.097573 0.234251 -0.032896 -0.197441 0.214702 -0.043097 -0.292971 0.385233 -0.061040 -0.375090 0.515699 0.147551 -0.472176 0.347763 0.134016 -0.529908 0.471318 0.039304 -0.495439 0.529923 0.138919 -0.350010 0.425749 0.048755 -0.359491 0.559559 -0.069205 -0.318028 0.614383 0.097430 -0.199617 0.433770 -0.009199 -0.202986 0.541518 -0.126688 -0.196688 0.608037 0.047886 -0.103739 0.394252 -0.048574 -0.100196 0.466184 -0.157745 -0.092412 0.501173 
0.000000 0.000000 0.000000 -0.012350 -0.043769 -0.059629 0.175205 -0.374657 0.142216 0.156772 -0.262327 0.206747 0.131845 -0.168201 0.231022 0.110099 -0.099786 0.237260 -0.032502 -0.195255 0.213304 -0.045112 -0.290045 0.384087 -0.063528 -0.372256 0.514430 0.155694 -0.481018 0.341532 0.143902 -0.545299 0.461993 0.050472 -0.520346 0.527118 0.143389 -0.357907 0.423910 0.053049 -0.368671 0.557504 -0.064698 -0.325466 0.611433 0.090755 -0.197475 0.436372 -0.015607 -0.201398 0.544365 -0.133759 -0.196508 0.609819 0.046806 -0.101922 0.400280 -0.053524 -0.096958 0.466617 -0.162871 -0.089909 0.501210 
0.000000 0.000000 0.000000 -0.015473 -0.044263 -0.058526 0.163781 -0.378793 0.144851 0.151299 -0.264734 0.207754 0.130657 -0.169295 0.230899 0.111755 -0.099978 0.236403 -0.035833 -0.195061 0.214772 -0.048573 -0.289421 0.385784 -0.063462 -0.370409 0.517336 0.154895 -0.497293 0.337980 0.149524 -0.568912 0.454702 0.063556 -0.554912 0.532205 0.154000 -0.364426 0.423459 0.065338 -0.372977 0.558331 -0.051599 -0.328056 0.612620 0.092821 -0.204428 0.435954 -0.007090 -0.211017 0.549819 -0.124125 -0.205433 0.617196 0.030644 -0.105454 0.391249 -0.059101 -0.103747 0.471463 -0.167555 -0.096599 0.508742 