53
0.000000 0.000000 0.000000 0.023475 -0.042279 -0.057318 -0.121218 -0.394726 0.144181 -0.143916 -0.278296 0.194877 -0.146026 -0.183283 0.210071 -0.145044 -0.095947 0.219380 -0.212833 -0.230936 0.022766 -0.360699 -0.348985 0.072877 -0.452353 -0.469053 0.108517 -0.293133 -0.497572 0.250426 -0.397033 -0.559729 0.314638 -0.506922 -0.572074 0.351587 -0.323542 -0.377696 0.314579 -0.445712 -0.445303 0.395993 -0.572321 -0.465019 0.443119 -0.321135 -0.244898 0.311334 -0.446699 -0.289079 0.383946 -0.578437 -0.305514 0.409306 -0.291194 -0.154342 0.295646 -0.391791 -0.194536 0.348142 -0.504527 -0.212086 0.334509 
0.000000 0.000000 0.000000 0.025541 -0.042984 -0.055892 -0.105679 -0.394869 0.155564 -0.133465 -0.278000 0.202584 -0.139585 -0.182740 0.214867 -0.142265 -0.095197 0.221516 -0.207733 -0.227188 0.041567 -0.353701 -0.342451 0.102550 -0.444805 -0.457648 0.152715 -0.277701 -0.495718 0.263537 -0.381667 -0.556667 0.328793 -0.491171 -0.568263 0.367103 -0.310965 -0.374736 0.327525 -0.431690 -0.440531 0.412503 -0.557259 -0.460159 0.462367 -0.311785 -0.240553 0.323121 -0.435262 -0.282007 0.400746 -0.566275 -0.298404 0.429639 -0.286978 -0.150069 0.302962 -0.386587 -0.187838 0.359022 -0.499509 -0.205978 0.347946 
0.000000 0.000000 0.000000 0.022080 -0.043129 -0.057238 -0.103112 -0.393941 0.159590 -0.126862 -0.276871 0.208293 -0.131034 -0.181581 0.221144 -0.132163 -0.094033 0.228171 -0.205251 -0.227166 0.053655 -0.347501 -0.342324 0.123045 -0.436983 -0.455342 0.180549 -0.268163 -0.493135 0.279334 -0.367916 -0.553086 0.351704 -0.475915 -0.565428 0.393857 -0.300567 -0.375575 0.336972 -0.418711 -0.442708 0.424492 -0.542424 -0.464564 0.477940 -0.299825 -0.239913 0.334372 -0.420859 -0.281741 0.415564 -0.550951 -0.299463 0.447657 -0.274533 -0.149244 0.313428 -0.372528 -0.187247 0.372113 -0.485524 -0.206908 0.365138 
0.000000 0.000000 0.000000 0.024031 -0.043869 -0.055875 -0.089855 -0.392855 0.169945 -0.118179 -0.275422 0.215206 -0.125898 -0.180028 0.225358 -0.130253 -0.092418 0.229922 -0.201270 -0.223170 0.066341 -0.342248 -0.335365 0.142817 -0.429723 -0.447959 0.204117 -0.252473 -0.489890 0.294683 -0.350755 -0.548536 0.370071 -0.456710 -0.562129 0.416784 -0.287589 -0.371671 0.351260 -0.402812 -0.437134 0.443796 -0.524337 -0.460585 0.501425 -0.290442 -0.237442 0.345118 -0.408430 -0.278612 0.430994 -0.537654 -0.296932 0.466117 -0.268646 -0.147421 0.321619 -0.363905 -0.185281 0.384736 -0.476874 -0.205836 0.380438 
0.000000 0.000000 0.000000 0.026633 -0.044736 -0.053975 -0.078084 -0.390189 0.181510 -0.111569 -0.272492 0.222346 -0.123025 -0.177177 0.229171 -0.130732 -0.089693 0.230728 -0.198382 -0.221313 0.072656 -0.339182 -0.331803 0.151893 -0.425332 -0.445555 0.212930 -0.242144 -0.487783 0.303902 -0.341298 -0.546767 0.377872 -0.446328 -0.561308 0.426352 -0.281169 -0.369727 0.357460 -0.396521 -0.435861 0.449355 -0.517724 -0.460468 0.507180 -0.286262 -0.236175 0.349947 -0.403312 -0.278480 0.436550 -0.532145 -0.297876 0.472523 -0.266786 -0.143552 0.326512 -0.360436 -0.180625 0.392441 -0.473309 -0.202016 0.390141 
0.000000 0.000000 0.000000 0.024330 -0.045290 -0.054596 -0.075679 -0.388407 0.186287 -0.106587 -0.270163 0.227571 -0.116863 -0.174703 0.234239 -0.123649 -0.087139 0.235561 -0.195399 -0.222507 0.080160 -0.332891 -0.333399 0.164481 -0.416301 -0.448879 0.226076 -0.233856 -0.483996 0.317676 -0.329453 -0.541767 0.397084 -0.433682 -0.556523 0.447201 -0.274725 -0.366688 0.365000 -0.389083 -0.432339 0.458471 -0.510502 -0.457032 0.515804 -0.282200 -0.233299 0.352324 -0.400757 -0.275316 0.436997 -0.529554 -0.295605 0.472602 -0.261455 -0.140582 0.329047 -0.356310 -0.177368 0.393395 -0.468925 -0.200042 0.390804 
0.000000 0.000000 0.000000 0.027392 -0.046376 -0.052181 -0.066661 -0.383678 0.199092 -0.102884 -0.265189 0.235004 -0.116751 -0.169990 0.237737 -0.126706 -0.082747 0.235520 -0.189174 -0.222714 0.088710 -0.324687 -0.333056 0.176870 -0.403819 -0.451769 0.237962 -0.224438 -0.477919 0.331927 -0.319794 -0.534876 0.412210 -0.423670 -0.550790 0.462702 -0.270413 -0.358184 0.375576 -0.384356 -0.421433 0.471185 -0.505623 -0.446956 0.528476 -0.280977 -0.229222 0.357048 -0.398737 -0.271695 0.442601 -0.526773 -0.294353 0.479501 -0.263589 -0.137529 0.329585 -0.357808 -0.175237 0.394331 -0.469814 -0.200863 0.393319 
0.000000 0.000000 0.000000 0.029649 -0.047619 -0.049772 -0.063093 -0.377561 0.211558 -0.102744 -0.258690 0.242199 -0.118742 -0.163793 0.241078 -0.130537 -0.076937 0.235397 -0.184673 -0.221973 0.096903 -0.318781 -0.331071 0.188684 -0.394357 -0.453133 0.247642 -0.219781 -0.471666 0.345772 -0.314480 -0.528540 0.426887 -0.418036 -0.546348 0.477406 -0.267822 -0.352568 0.385065 -0.380099 -0.416418 0.482234 -0.500848 -0.443739 0.539788 -0.281274 -0.221753 0.363298 -0.397818 -0.263315 0.450938 -0.524261 -0.289371 0.490955 -0.264998 -0.131216 0.333174 -0.357550 -0.168578 0.400476 -0.468374 -0.198532 0.405368 
0.000000 0.000000 0.000000 0.030426 -0.048723 -0.048210 -0.063889 -0.372391 0.220304 -0.104405 -0.252969 0.247474 -0.120801 -0.158205 0.243772 -0.132905 -0.071576 0.235763 -0.184217 -0.218338 0.103463 -0.318527 -0.324473 0.198370 -0.390869 -0.450996 0.251714 -0.219583 -0.465656 0.356248 -0.313681 -0.522023 0.438409 -0.416582 -0.540717 0.489936 -0.267565 -0.343461 0.394663 -0.378536 -0.405008 0.494772 -0.498324 -0.432758 0.554103 -0.281120 -0.217384 0.368308 -0.396079 -0.259819 0.457608 -0.520312 -0.288794 0.502271 -0.266451 -0.123518 0.336031 -0.358374 -0.159272 0.405047 -0.467765 -0.192247 0.417269 
0.000000 0.000000 0.000000 0.030687 -0.049769 -0.046960 -0.067947 -0.367842 0.226641 -0.108166 -0.247740 0.251122 -0.124066 -0.152988 0.245455 -0.135670 -0.066472 0.235682 -0.183256 -0.218530 0.106645 -0.317128 -0.324129 0.202761 -0.385986 -0.454693 0.250704 -0.222455 -0.457866 0.366080 -0.315835 -0.512274 0.450353 -0.417407 -0.530813 0.504505 -0.268703 -0.336980 0.401916 -0.377890 -0.397676 0.504476 -0.496555 -0.425023 0.566202 -0.283173 -0.210521 0.372297 -0.397263 -0.251776 0.463249 -0.519342 -0.282145 0.512670 -0.267353 -0.118946 0.338115 -0.357993 -0.155065 0.408621 -0.466473 -0.189356 0.424726 
0.000000 0.000000 0.000000 0.030543 -0.050670 -0.046082 -0.074977 -0.364417 0.229932 -0.113924 -0.243555 0.252665 -0.128561 -0.148680 0.245790 -0.138964 -0.062138 0.234945 -0.186849 -0.216852 0.105477 -0.322878 -0.320838 0.200314 -0.390916 -0.453336 0.243926 -0.224448 -0.453032 0.375623 -0.314785 -0.506588 0.463675 -0.413381 -0.524169 0.523364 -0.271669 -0.329332 0.408336 -0.378958 -0.387672 0.514213 -0.495071 -0.413047 0.581393 -0.287297 -0.205351 0.373480 -0.401121 -0.245988 0.465042 -0.521052 -0.277141 0.519025 -0.272336 -0.113650 0.335665 -0.364139 -0.149106 0.404993 -0.472715 -0.183256 0.420747 
0.000000 0.000000 0.000000 0.030217 -0.051581 -0.045279 -0.082298 -0.360884 0.232981 -0.119692 -0.239243 0.254114 -0.132892 -0.144244 0.246129 -0.141943 -0.057680 0.234299 -0.189923 -0.217147 0.102952 -0.327672 -0.320748 0.195706 -0.395683 -0.455143 0.233113 -0.227709 -0.446215 0.384620 -0.315591 -0.497786 0.476267 -0.410382 -0.514924 0.541948 -0.274894 -0.318006 0.415926 -0.380452 -0.371576 0.525982 -0.493066 -0.393226 0.600067 -0.291860 -0.198747 0.374473 -0.405850 -0.237828 0.466504 -0.524188 -0.268223 0.524300 -0.277611 -0.106706 0.333178 -0.370994 -0.140452 0.401238 -0.480389 -0.172767 0.415079 
0.000000 0.000000 0.000000 0.028838 -0.052362 -0.045282 -0.089322 -0.358353 0.234297 -0.123870 -0.235849 0.255282 -0.134965 -0.140597 0.247110 -0.142120 -0.053880 0.235096 -0.192918 -0.218410 0.099971 -0.331680 -0.322312 0.190860 -0.397966 -0.458568 0.224432 -0.230351 -0.442371 0.390732 -0.315585 -0.493149 0.485277 -0.406908 -0.510448 0.555661 -0.275377 -0.313247 0.421203 -0.378423 -0.365888 0.534052 -0.488516 -0.385265 0.612432 -0.293568 -0.193683 0.376495 -0.407296 -0.231750 0.469272 -0.524825 -0.261526 0.529008 -0.277231 -0.104145 0.334114 -0.370231 -0.138743 0.402270 -0.479962 -0.169698 0.416562 
0.000000 0.000000 0.000000 0.028713 -0.052993 -0.044623 -0.093127 -0.355467 0.237194 -0.126922 -0.232528 0.256825 -0.137298 -0.137284 0.247687 -0.143774 -0.050638 0.234811 -0.195300 -0.220088 0.095888 -0.335474 -0.324645 0.183811 -0.401673 -0.460981 0.217234 -0.235383 -0.438795 0.392885 -0.321358 -0.489155 0.486981 -0.411070 -0.506166 0.559477 -0.280163 -0.306568 0.422685 -0.384388 -0.356925 0.535494 -0.493704 -0.374898 0.615282 -0.296078 -0.191460 0.376401 -0.409933 -0.230308 0.468698 -0.527250 -0.259989 0.528896 -0.279392 -0.098902 0.334131 -0.372740 -0.132123 0.402496 -0.482689 -0.162189 0.417000 
0.000000 0.000000 0.000000 0.027683 -0.053258 -0.044957 -0.097613 -0.354905 0.236230 -0.129395 -0.231532 0.256490 -0.138323 -0.136102 0.247769 -0.143502 -0.049315 0.235258 -0.197870 -0.220757 0.092579 -0.339006 -0.325567 0.178640 -0.406849 -0.461067 0.212165 -0.237950 -0.438521 0.393500 -0.322766 -0.489057 0.488550 -0.411693 -0.506320 0.561947 -0.282514 -0.303896 0.423201 -0.386656 -0.353114 0.536588 -0.495907 -0.370651 0.616563 -0.298558 -0.189685 0.374919 -0.413457 -0.228108 0.466093 -0.531137 -0.259069 0.524923 -0.279900 -0.097090 0.333743 -0.373786 -0.129975 0.401532 -0.483933 -0.159559 0.415517 
0.000000 0.000000 0.000000 0.028040 -0.053264 -0.044727 -0.097944 -0.354749 0.236327 -0.130130 -0.231420 0.256219 -0.139245 -0.136027 0.247293 -0.144572 -0.049274 0.234611 -0.200982 -0.221616 0.085860 -0.344289 -0.326959 0.167574 -0.412629 -0.463796 0.193879 -0.240172 -0.437790 0.392198 -0.326130 -0.487978 0.486402 -0.414795 -0.506412 0.559831 -0.283617 -0.305411 0.421874 -0.388010 -0.355735 0.534542 -0.497825 -0.373923 0.613593 -0.299917 -0.191399 0.373118 -0.415129 -0.231105 0.463343 -0.533261 -0.263967 0.520203 -0.281026 -0.098937 0.332080 -0.374950 -0.133120 0.399170 -0.485134 -0.163034 0.412123 
0.000000 0.000000 0.000000 0.029530 -0.053063 -0.044002 -0.097143 -0.355057 0.236194 -0.131345 -0.232100 0.254981 -0.141607 -0.136879 0.245475 -0.147898 -0.050261 0.232317 -0.202042 -0.222253 0.080881 -0.346944 -0.328121 0.159024 -0.413581 -0.467476 0.174073 -0.240961 -0.440831 0.389098 -0.327880 -0.492669 0.481509 -0.415507 -0.513587 0.555517 -0.286717 -0.306928 0.418489 -0.392392 -0.357821 0.529697 -0.502595 -0.377746 0.607785 -0.302183 -0.195153 0.370107 -0.417327 -0.236939 0.459475 -0.535490 -0.272063 0.514899 -0.283673 -0.100388 0.330495 -0.377129 -0.134891 0.398073 -0.487334 -0.165174 0.409936 
0.000000 0.000000 0.000000 0.028534 -0.053067 -0.044649 -0.099608 -0.355712 0.234174 -0.132160 -0.232501 0.254193 -0.141334 -0.137090 0.245514 -0.146672 -0.050302 0.233084 -0.205144 -0.221184 0.077734 -0.351365 -0.326380 0.154313 -0.416819 -0.466788 0.163705 -0.242411 -0.440862 0.388372 -0.328717 -0.492323 0.481565 -0.415985 -0.514511 0.555627 -0.286640 -0.309770 0.417411 -0.391708 -0.362323 0.528422 -0.501392 -0.383185 0.606994 -0.301988 -0.196458 0.369528 -0.417187 -0.239028 0.458454 -0.535194 -0.274601 0.513924 -0.283041 -0.101502 0.329875 -0.376906 -0.136744 0.396497 -0.487206 -0.166893 0.407812 
0.000000 0.000000 0.000000 0.028048 -0.052982 -0.045057 -0.097252 -0.356175 0.234460 -0.129555 -0.232997 0.255079 -0.138791 -0.137566 0.246696 -0.144233 -0.050750 0.234505 -0.204682 -0.216999 0.084485 -0.350310 -0.319630 0.165545 -0.420091 -0.456319 0.188645 -0.238763 -0.439722 0.390712 -0.324289 -0.490215 0.485146 -0.410797 -0.514258 0.559520 -0.284146 -0.309737 0.418440 -0.389291 -0.361931 0.529548 -0.498514 -0.384132 0.608395 -0.298462 -0.194619 0.373044 -0.412957 -0.235530 0.463642 -0.530431 -0.270407 0.520664 -0.279693 -0.100623 0.333244 -0.372933 -0.134952 0.401208 -0.483236 -0.164826 0.413212 
0.000000 0.000000 0.000000 0.026863 -0.053171 -0.045554 -0.097164 -0.355626 0.235329 -0.127970 -0.232179 0.256620 -0.136413 -0.136650 0.248525 -0.141201 -0.049765 0.236552 -0.205215 -0.215128 0.087698 -0.350434 -0.316471 0.171079 -0.423343 -0.449926 0.202076 -0.237378 -0.439899 0.392358 -0.322120 -0.490831 0.487262 -0.408784 -0.515022 0.561405 -0.282111 -0.308643 0.420535 -0.386949 -0.360650 0.532020 -0.496752 -0.384325 0.609622 -0.294574 -0.194737 0.376293 -0.407986 -0.236389 0.467910 -0.524931 -0.271287 0.525996 -0.276541 -0.098838 0.335855 -0.369699 -0.132616 0.404208 -0.479926 -0.162431 0.417017 
0.000000 0.000000 0.000000 0.028322 -0.053397 -0.044391 -0.094814 -0.353651 0.239232 -0.127847 -0.230412 0.258269 -0.137676 -0.135157 0.248645 -0.143662 -0.048543 0.235321 -0.203250 -0.210793 0.095062 -0.348153 -0.309282 0.182322 -0.423137 -0.438986 0.222831 -0.239568 -0.436039 0.393110 -0.327053 -0.485832 0.486110 -0.415560 -0.508054 0.558677 -0.285588 -0.309388 0.417501 -0.392874 -0.363103 0.525802 -0.504859 -0.386852 0.600198 -0.297128 -0.192334 0.375212 -0.411466 -0.233332 0.465969 -0.529321 -0.268564 0.521978 -0.278962 -0.096619 0.335165 -0.372092 -0.129710 0.403890 -0.482531 -0.159097 0.415838 
0.000000 0.000000 0.000000 0.027205 -0.053366 -0.045121 -0.097444 -0.354510 0.236891 -0.128643 -0.231018 0.257330 -0.137273 -0.135557 0.248650 -0.142209 -0.048753 0.236158 -0.200044 -0.210202 0.101872 -0.342241 -0.308340 0.193850 -0.417750 -0.434808 0.242747 -0.247243 -0.433528 0.387677 -0.337778 -0.481284 0.478808 -0.429084 -0.501669 0.548384 -0.290440 -0.310206 0.412331 -0.400485 -0.364066 0.517754 -0.515484 -0.387019 0.587666 -0.298137 -0.195649 0.372040 -0.413488 -0.238738 0.460519 -0.532742 -0.276414 0.511773 -0.277922 -0.097847 0.334941 -0.371336 -0.131640 0.402935 -0.482101 -0.160457 0.413132 
0.000000 0.000000 0.000000 0.029006 -0.052718 -0.044759 -0.092880 -0.356748 0.235359 -0.127086 -0.233991 0.255411 -0.137702 -0.138737 0.246650 -0.144382 -0.052055 0.234127 -0.196008 -0.210444 0.104699 -0.336807 -0.309139 0.198220 -0.412592 -0.432662 0.253768 -0.248350 -0.441039 0.377290 -0.342312 -0.491982 0.463069 -0.436298 -0.514609 0.528245 -0.293394 -0.316693 0.403655 -0.406507 -0.372942 0.504482 -0.523663 -0.397923 0.569978 -0.299334 -0.201320 0.367778 -0.415235 -0.246196 0.454634 -0.534818 -0.284988 0.504265 -0.281197 -0.103494 0.330157 -0.375370 -0.138901 0.396256 -0.486148 -0.168680 0.402932 
0.000000 0.000000 0.000000 0.027970 -0.052474 -0.045695 -0.095415 -0.358672 0.231389 -0.127906 -0.235777 0.253351 -0.137395 -0.140289 0.245943 -0.143087 -0.053371 0.234624 -0.196560 -0.208560 0.106192 -0.337057 -0.306228 0.201233 -0.414881 -0.426406 0.261128 -0.253628 -0.443994 0.369623 -0.349248 -0.495560 0.453168 -0.445424 -0.516690 0.515593 -0.295145 -0.320461 0.399413 -0.408892 -0.378058 0.498755 -0.527351 -0.403034 0.561865 -0.300682 -0.201530 0.365528 -0.417769 -0.245444 0.451278 -0.538371 -0.283088 0.499299 -0.281269 -0.105555 0.328267 -0.376383 -0.141473 0.392723 -0.487279 -0.171234 0.397131 
0.000000 0.000000 0.000000 0.027485 -0.052368 -0.046110 -0.099941 -0.359664 0.227913 -0.131106 -0.236616 0.250921 -0.139510 -0.140965 0.244360 -0.144204 -0.053890 0.233821 -0.199715 -0.205829 0.104477 -0.341882 -0.301855 0.198704 -0.423085 -0.419827 0.258499 -0.264313 -0.442203 0.360537 -0.363655 -0.492088 0.440692 -0.462773 -0.509494 0.499563 -0.302482 -0.322065 0.391646 -0.419041 -0.380182 0.487358 -0.539244 -0.403215 0.547856 -0.305879 -0.199955 0.360788 -0.425175 -0.242254 0.444275 -0.547392 -0.277198 0.490210 -0.284932 -0.104444 0.324520 -0.381797 -0.139241 0.386951 -0.493104 -0.167582 0.390222 
0.000000 0.000000 0.000000 0.025855 -0.052310 -0.047108 -0.108526 -0.360604 0.222435 -0.136266 -0.237165 0.247632 -0.142125 -0.141228 0.242696 -0.144526 -0.053894 0.233621 -0.205128 -0.201098 0.102409 -0.349662 -0.294200 0.195967 -0.436275 -0.410399 0.251490 -0.278365 -0.441996 0.348729 -0.381012 -0.491187 0.425057 -0.483028 -0.505741 0.479592 -0.313492 -0.318798 0.383285 -0.434030 -0.374319 0.475548 -0.556372 -0.395323 0.532386 -0.310386 -0.203755 0.354465 -0.431039 -0.248591 0.434611 -0.554058 -0.284868 0.477255 -0.287713 -0.104530 0.320337 -0.386272 -0.139384 0.380025 -0.497865 -0.166755 0.380964 
0.000000 0.000000 0.000000 0.024901 -0.052212 -0.047726 -0.116054 -0.361169 0.217667 -0.141390 -0.237534 0.244385 -0.145340 -0.141444 0.240657 -0.145994 -0.053972 0.232688 -0.210936 -0.194527 0.100508 -0.358507 -0.283579 0.193264 -0.450233 -0.398326 0.243328 -0.291432 -0.439089 0.338461 -0.397425 -0.486182 0.411466 -0.500527 -0.498991 0.464371 -0.322931 -0.318833 0.374414 -0.446404 -0.374128 0.462853 -0.570034 -0.393782 0.517338 -0.316338 -0.201609 0.349532 -0.438954 -0.244751 0.427601 -0.562526 -0.281086 0.468563 -0.291581 -0.102296 0.316685 -0.391791 -0.135559 0.374502 -0.503766 -0.161340 0.374250 
0.000000 0.000000 0.000000 0.024362 -0.052503 -0.047684 -0.120842 -0.359765 0.217386 -0.144736 -0.235836 0.244070 -0.147517 -0.139705 0.240349 -0.147098 -0.052230 0.232391 -0.214176 -0.189059 0.101642 -0.363437 -0.274506 0.195081 -0.458213 -0.388006 0.242223 -0.296121 -0.436362 0.339166 -0.402055 -0.482656 0.412765 -0.504386 -0.495386 0.467168 -0.326073 -0.315894 0.375150 -0.449408 -0.370345 0.464303 -0.572841 -0.389277 0.519487 -0.318522 -0.197061 0.350718 -0.441143 -0.238189 0.429858 -0.564899 -0.272784 0.471761 -0.291816 -0.099669 0.318370 -0.391428 -0.132322 0.377552 -0.503755 -0.156514 0.378302 
0.000000 0.000000 0.000000 0.023234 -0.052704 -0.048025 -0.120041 -0.358763 0.219475 -0.142616 -0.234649 0.246450 -0.144757 -0.138503 0.242711 -0.143828 -0.051038 0.234691 -0.214077 -0.185591 0.106477 -0.362570 -0.268744 0.203155 -0.458923 -0.381559 0.248715 -0.292350 -0.434817 0.345752 -0.396488 -0.480782 0.422070 -0.497333 -0.494761 0.478887 -0.322580 -0.312504 0.380711 -0.444980 -0.365456 0.472028 -0.567885 -0.384143 0.528460 -0.315515 -0.193014 0.354889 -0.437960 -0.232101 0.435327 -0.561602 -0.265534 0.478489 -0.288610 -0.095805 0.321986 -0.388266 -0.126619 0.382073 -0.500793 -0.149821 0.383639 
0.000000 0.000000 0.000000 0.023318 -0.052846 -0.047828 -0.114290 -0.358206 0.223421 -0.137877 -0.234117 0.249632 -0.141037 -0.138030 0.245158 -0.141078 -0.050627 0.236442 -0.211222 -0.187402 0.109436 -0.357982 -0.271599 0.207841 -0.453836 -0.384259 0.254815 -0.285326 -0.434936 0.351011 -0.388696 -0.481309 0.428123 -0.489110 -0.496219 0.485462 -0.316671 -0.310876 0.386071 -0.438275 -0.363083 0.478868 -0.560978 -0.382173 0.535603 -0.310759 -0.193618 0.358376 -0.432459 -0.233479 0.439560 -0.555854 -0.267338 0.483096 -0.285212 -0.094583 0.325210 -0.384421 -0.124839 0.386311 -0.496691 -0.149204 0.388559 
0.000000 0.000000 0.000000 0.022276 -0.052824 -0.048345 -0.112596 -0.358268 0.224180 -0.135112 -0.234136 0.251122 -0.137839 -0.138022 0.246975 -0.137560 -0.050594 0.238513 -0.209267 -0.189338 0.111648 -0.354152 -0.274760 0.211761 -0.449591 -0.387257 0.259956 -0.281421 -0.436851 0.353575 -0.383453 -0.484344 0.431778 -0.483664 -0.499780 0.489335 -0.311154 -0.313325 0.389732 -0.430888 -0.367185 0.484006 -0.553207 -0.386814 0.541381 -0.305688 -0.195053 0.362248 -0.426046 -0.235948 0.444906 -0.548861 -0.270435 0.489572 -0.280609 -0.096382 0.328106 -0.379072 -0.127898 0.389774 -0.491158 -0.153009 0.392833 
0.000000 0.000000 0.000000 0.022827 -0.052804 -0.048109 -0.109902 -0.358413 0.225282 -0.133548 -0.234385 0.251726 -0.137102 -0.138313 0.247222 -0.137568 -0.050918 0.238440 -0.210196 -0.185714 0.112767 -0.356008 -0.268880 0.213433 -0.451266 -0.381313 0.262132 -0.279988 -0.435257 0.354068 -0.382784 -0.481699 0.431902 -0.482858 -0.496824 0.489777 -0.309715 -0.312998 0.390506 -0.429533 -0.366465 0.484895 -0.551629 -0.385763 0.542856 -0.305268 -0.192612 0.363350 -0.425852 -0.231548 0.446622 -0.548832 -0.265259 0.491427 -0.279780 -0.095258 0.330068 -0.377668 -0.125779 0.393138 -0.489894 -0.150137 0.397024 
0.000000 0.000000 0.000000 0.022543 -0.052848 -0.048196 -0.110648 -0.358195 0.225264 -0.133812 -0.234105 0.251846 -0.137047 -0.138019 0.247417 -0.137232 -0.050616 0.238697 -0.210451 -0.185259 0.113134 -0.356244 -0.268114 0.214083 -0.451639 -0.380490 0.262643 -0.280162 -0.435082 0.354776 -0.382612 -0.481551 0.433049 -0.482324 -0.495889 0.491744 -0.310899 -0.310810 0.390521 -0.431343 -0.362981 0.484840 -0.554486 -0.379844 0.541328 -0.305972 -0.192126 0.362528 -0.427101 -0.230924 0.445070 -0.551123 -0.263209 0.488014 -0.279085 -0.095100 0.330813 -0.376724 -0.125720 0.394218 -0.489318 -0.148420 0.397461 
0.000000 0.000000 0.000000 0.022098 -0.053004 -0.048230 -0.114037 -0.357391 0.224851 -0.136097 -0.233122 0.251534 -0.138460 -0.137006 0.247193 -0.137849 -0.049597 0.238556 -0.212875 -0.185659 0.110000 -0.359906 -0.268667 0.209010 -0.457602 -0.380162 0.254956 -0.286037 -0.430565 0.353231 -0.389990 -0.474789 0.430820 -0.490291 -0.487135 0.488962 -0.317032 -0.306479 0.387017 -0.440093 -0.356371 0.479165 -0.565714 -0.368685 0.531194 -0.308843 -0.190245 0.360547 -0.431018 -0.228420 0.441829 -0.556447 -0.258515 0.482201 -0.279569 -0.093792 0.331015 -0.377117 -0.124211 0.394657 -0.490022 -0.145352 0.397613 
0.000000 0.000000 0.000000 0.019651 -0.052712 -0.049590 -0.121387 -0.358018 0.219952 -0.139142 -0.233672 0.249348 -0.138592 -0.137462 0.246866 -0.135410 -0.049962 0.239873 -0.219341 -0.180923 0.106266 -0.368886 -0.261149 0.203790 -0.471359 -0.371025 0.242693 -0.297761 -0.426251 0.345078 -0.404356 -0.467490 0.420702 -0.507207 -0.474628 0.475144 -0.323027 -0.302825 0.383059 -0.448094 -0.349860 0.474001 -0.574754 -0.358626 0.524198 -0.309692 -0.186371 0.361087 -0.432382 -0.221441 0.442990 -0.558744 -0.248079 0.482878 -0.277123 -0.090972 0.333798 -0.374666 -0.119200 0.398449 -0.488054 -0.137378 0.402437 
0.000000 0.000000 0.000000 0.018316 -0.052800 -0.050006 -0.127355 -0.356811 0.218534 -0.142445 -0.232310 0.248754 -0.139974 -0.136118 0.246831 -0.135071 -0.048660 0.240331 -0.223141 -0.178701 0.103922 -0.374229 -0.257483 0.200240 -0.479785 -0.365999 0.234431 -0.305708 -0.421877 0.342538 -0.413499 -0.461202 0.417483 -0.517260 -0.465457 0.470478 -0.328330 -0.295731 0.382541 -0.454758 -0.338866 0.473535 -0.581814 -0.344767 0.523148 -0.312230 -0.182190 0.360493 -0.435748 -0.215226 0.441995 -0.562846 -0.238745 0.481502 -0.277284 -0.086600 0.334789 -0.375173 -0.112715 0.399805 -0.488923 -0.128339 0.404264 
0.000000 0.000000 0.000000 0.017052 -0.053040 -0.050198 -0.128845 -0.355153 0.220353 -0.142064 -0.230466 0.250680 -0.138468 -0.134311 0.248663 -0.132603 -0.046921 0.242045 -0.224343 -0.179248 0.103576 -0.375391 -0.258222 0.199798 -0.481549 -0.366292 0.233536 -0.306580 -0.419894 0.345410 -0.413998 -0.459022 0.420991 -0.518092 -0.462559 0.473384 -0.328722 -0.291360 0.384565 -0.455676 -0.332777 0.475625 -0.583462 -0.337087 0.523494 -0.312032 -0.177793 0.361351 -0.436489 -0.208972 0.442155 -0.564233 -0.230944 0.480453 -0.275933 -0.084119 0.335099 -0.374590 -0.109723 0.399150 -0.488423 -0.124873 0.403116 
0.000000 0.000000 0.000000 0.017309 -0.053291 -0.049843 -0.125798 -0.354404 0.223300 -0.139830 -0.229591 0.252731 -0.136922 -0.133431 0.249990 -0.131694 -0.046053 0.242708 -0.223029 -0.180587 0.104687 -0.373417 -0.260240 0.201382 -0.479578 -0.368128 0.235688 -0.302605 -0.418279 0.350104 -0.409463 -0.456884 0.426740 -0.514093 -0.458980 0.478134 -0.325961 -0.291124 0.387057 -0.452556 -0.332976 0.478417 -0.581032 -0.336114 0.524498 -0.310269 -0.176255 0.363261 -0.434570 -0.206964 0.444484 -0.562989 -0.227793 0.481127 -0.275161 -0.084103 0.335204 -0.373913 -0.110294 0.398870 -0.487788 -0.125522 0.400767 
0.000000 0.000000 0.000000 0.017964 -0.053478 -0.049410 -0.117684 -0.354327 0.227800 -0.133838 -0.229495 0.256040 -0.132739 -0.133332 0.252288 -0.129185 -0.045952 0.244071 -0.221006 -0.182255 0.106013 -0.370537 -0.262836 0.203266 -0.475809 -0.371031 0.239301 -0.295195 -0.415974 0.354724 -0.402478 -0.453232 0.431433 -0.507349 -0.453719 0.482374 -0.320581 -0.290032 0.389969 -0.447592 -0.331206 0.481059 -0.576693 -0.331890 0.525465 -0.306938 -0.174054 0.365027 -0.431850 -0.203255 0.445868 -0.560856 -0.222297 0.481401 -0.273050 -0.082191 0.336677 -0.372076 -0.107134 0.400420 -0.486028 -0.121897 0.400662 
0.000000 0.000000 0.000000 0.019462 -0.053682 -0.048614 -0.109934 -0.354002 0.232137 -0.129241 -0.229234 0.258623 -0.130470 -0.133131 0.253574 -0.129015 -0.045810 0.244188 -0.217346 -0.184079 0.108755 -0.365526 -0.265673 0.207226 -0.466922 -0.375728 0.248379 -0.286621 -0.416092 0.359991 -0.393406 -0.453617 0.437262 -0.498615 -0.453824 0.487504 -0.316896 -0.285117 0.393297 -0.444528 -0.323126 0.484894 -0.574575 -0.322904 0.526453 -0.304984 -0.172962 0.366144 -0.430122 -0.201523 0.446864 -0.559579 -0.220101 0.480979 -0.272850 -0.080700 0.337356 -0.371855 -0.104716 0.401485 -0.485754 -0.119779 0.399678 
0.000000 0.000000 0.000000 0.020373 -0.053832 -0.048072 -0.101669 -0.353463 0.236680 -0.123444 -0.228819 0.261803 -0.126678 -0.132828 0.255647 -0.127065 -0.045610 0.245245 -0.213279 -0.186803 0.111841 -0.359483 -0.270007 0.211904 -0.457471 -0.381376 0.257534 -0.278064 -0.414022 0.365668 -0.384671 -0.450622 0.443624 -0.490170 -0.450866 0.493255 -0.311916 -0.285865 0.394838 -0.440104 -0.324665 0.485321 -0.571396 -0.323791 0.522748 -0.302177 -0.173518 0.366364 -0.428020 -0.202696 0.445755 -0.558188 -0.221759 0.476757 -0.271631 -0.081365 0.336944 -0.371139 -0.105975 0.400061 -0.484776 -0.122134 0.394716 
0.000000 0.000000 0.000000 0.020873 -0.054041 -0.047622 -0.093850 -0.352335 0.241541 -0.117489 -0.227786 0.265419 -0.122368 -0.131939 0.258194 -0.124289 -0.044865 0.246800 -0.210697 -0.189396 0.113315 -0.355599 -0.274092 0.214019 -0.451068 -0.385969 0.263576 -0.267668 -0.414190 0.373380 -0.372719 -0.451573 0.453060 -0.478393 -0.451538 0.502317 -0.305929 -0.283118 0.399222 -0.434094 -0.320752 0.490227 -0.566081 -0.318804 0.525086 -0.297895 -0.171533 0.369264 -0.423758 -0.199925 0.448908 -0.554315 -0.218514 0.478530 -0.269221 -0.080484 0.337973 -0.368980 -0.105000 0.400729 -0.482423 -0.121731 0.393388 
0.000000 0.000000 0.000000 0.023373 -0.054233 -0.046221 -0.084649 -0.350417 0.247654 -0.112937 -0.226316 0.268632 -0.121068 -0.130868 0.259350 -0.125881 -0.044167 0.246119 -0.206966 -0.190307 0.115872 -0.351098 -0.275453 0.217299 -0.444674 -0.387440 0.270110 -0.259230 -0.412410 0.378415 -0.364742 -0.449876 0.457444 -0.470748 -0.449965 0.505981 -0.302184 -0.281027 0.401550 -0.430898 -0.318238 0.491952 -0.563268 -0.315155 0.525239 -0.295898 -0.169410 0.371878 -0.421262 -0.197046 0.452568 -0.551967 -0.214835 0.482027 -0.269343 -0.079428 0.339722 -0.368091 -0.103699 0.404151 -0.481513 -0.120445 0.396527 
0.000000 0.000000 0.000000 0.023920 -0.054579 -0.045529 -0.079646 -0.347953 0.252737 -0.109413 -0.223930 0.272069 -0.118749 -0.128728 0.261484 -0.124670 -0.042285 0.247064 -0.204861 -0.191303 0.118215 -0.348018 -0.276857 0.220675 -0.439271 -0.388556 0.277972 -0.252691 -0.409395 0.385779 -0.357275 -0.446530 0.466186 -0.463566 -0.446563 0.514097 -0.300362 -0.273876 0.404425 -0.430235 -0.307846 0.494445 -0.563565 -0.303235 0.523449 -0.294135 -0.165387 0.373777 -0.419897 -0.191674 0.454299 -0.550979 -0.208647 0.482537 -0.268024 -0.077943 0.340682 -0.366698 -0.102486 0.405121 -0.480056 -0.119352 0.396834 
0.000000 0.000000 0.000000 0.023390 -0.055112 -0.045160 -0.080218 -0.345246 0.256243 -0.109215 -0.220895 0.274617 -0.118091 -0.125742 0.263229 -0.123620 -0.039401 0.248066 -0.203617 -0.192790 0.120246 -0.345663 -0.278939 0.223746 -0.434942 -0.390527 0.284280 -0.252132 -0.405318 0.391362 -0.356032 -0.441624 0.473024 -0.462659 -0.441226 0.520179 -0.292818 -0.277499 0.414475 -0.432239 -0.302924 0.492194 -0.566243 -0.296995 0.517629 -0.293778 -0.162782 0.374926 -0.419756 -0.189342 0.455019 -0.551173 -0.205762 0.481998 -0.267252 -0.073731 0.341755 -0.366117 -0.097361 0.406242 -0.479386 -0.114282 0.396913 
0.000000 0.000000 0.000000 0.023706 -0.055448 -0.044580 -0.080135 -0.343159 0.259058 -0.109552 -0.218732 0.276210 -0.118660 -0.123711 0.263935 -0.124382 -0.037526 0.247976 -0.203123 -0.193132 0.121065 -0.345057 -0.279285 0.224715 -0.433619 -0.390828 0.286375 -0.251832 -0.402422 0.394809 -0.355600 -0.438239 0.476853 -0.462489 -0.437689 0.523411 -0.289593 -0.275819 0.420434 -0.434158 -0.294649 0.490227 -0.568612 -0.287281 0.512749 -0.295447 -0.158146 0.374725 -0.422214 -0.182839 0.454168 -0.554016 -0.198048 0.479955 -0.268669 -0.068922 0.341687 -0.367985 -0.090533 0.406189 -0.481240 -0.107111 0.396104 
0.000000 0.000000 0.000000 0.023986 -0.055776 -0.044018 -0.079346 -0.341008 0.262123 -0.109244 -0.216534 0.278057 -0.118677 -0.121666 0.264876 -0.124684 -0.035656 0.248100 -0.202115 -0.195152 0.121206 -0.343594 -0.282363 0.224593 -0.431426 -0.393241 0.288457 -0.250355 -0.401815 0.398059 -0.353708 -0.438565 0.480214 -0.460989 -0.437255 0.525845 -0.292225 -0.273350 0.418643 -0.435212 -0.295070 0.490808 -0.570028 -0.286501 0.510567 -0.296175 -0.156163 0.374504 -0.423452 -0.180899 0.453114 -0.555729 -0.194800 0.477144 -0.269585 -0.067521 0.340699 -0.369323 -0.089454 0.404436 -0.482461 -0.105329 0.392147 
0.000000 0.000000 0.000000 0.025412 -0.055692 -0.043319 -0.074808 -0.340121 0.264597 -0.107239 -0.216116 0.279162 -0.118402 -0.121570 0.265043 -0.125940 -0.035847 0.247437 -0.200993 -0.194858 0.121664 -0.342663 -0.281940 0.224899 -0.430128 -0.391585 0.291344 -0.247676 -0.398249 0.399349 -0.352152 -0.433380 0.480790 -0.459579 -0.430786 0.526019 -0.285506 -0.276411 0.424281 -0.433451 -0.291762 0.487537 -0.568347 -0.282106 0.506225 -0.297826 -0.154490 0.371987 -0.426484 -0.178096 0.448673 -0.559336 -0.191322 0.469732 -0.271358 -0.066876 0.339509 -0.371451 -0.088234 0.402885 -0.484299 -0.103989 0.388044 
0.000000 0.000000 0.000000 0.025428 -0.055583 -0.043449 -0.072168 -0.340457 0.264899 -0.105028 -0.216584 0.279639 -0.116639 -0.122083 0.265589 -0.124607 -0.036388 0.248033 -0.200030 -0.194911 0.122692 -0.341106 -0.282094 0.226652 -0.428451 -0.390932 0.294565 -0.244566 -0.400807 0.399274 -0.348759 -0.437282 0.480487 -0.456045 -0.434382 0.526034 -0.282888 -0.276015 0.425611 -0.430421 -0.290944 0.489922 -0.565224 -0.280457 0.508828 -0.296411 -0.153994 0.372253 -0.425319 -0.176876 0.448739 -0.558509 -0.189254 0.468112 -0.270362 -0.069637 0.338787 -0.370688 -0.092522 0.401255 -0.483327 -0.108133 0.384766 
0.000000 0.000000 0.000000 0.025269 -0.055478 -0.043676 -0.070674 -0.341033 0.264560 -0.103561 -0.217216 0.279696 -0.115310 -0.122696 0.265886 -0.123426 -0.036973 0.248536 -0.199470 -0.194633 0.123579 -0.340097 -0.281708 0.228237 -0.428587 -0.388006 0.298643 -0.243074 -0.400114 0.399496 -0.347268 -0.435821 0.481048 -0.454410 -0.432770 0.526922 -0.281167 -0.275659 0.426375 -0.428113 -0.290583 0.492016 -0.562852 -0.279611 0.511108 -0.294619 -0.154142 0.373465 -0.423195 -0.176692 0.450606 -0.556645 -0.187626 0.469031 -0.268978 -0.069246 0.339965 -0.369165 -0.091461 0.402897 -0.481759 -0.105917 0.385102 
0.000000 0.000000 0.000000 0.022640 -0.055774 -0.044728 -0.074100 -0.341267 0.263318 -0.103078 -0.216710 0.280266 -0.112451 -0.121775 0.267529 -0.118527 -0.035704 0.251093 -0.202056 -0.192359 0.124691 -0.342656 -0.277825 0.230702 -0.433468 -0.380314 0.303750 -0.244708 -0.399441 0.400899 -0.347819 -0.434600 0.484050 -0.455098 -0.430929 0.529557 -0.275477 -0.276366 0.432562 -0.426556 -0.284077 0.489484 -0.561301 -0.272139 0.507938 -0.293006 -0.152791 0.373131 -0.422475 -0.175031 0.448854 -0.556183 -0.184346 0.466271 -0.265841 -0.065381 0.340559 -0.367240 -0.085809 0.402141 -0.479816 -0.099258 0.383465 
0.000000 0.000000 0.000000 0.023617 -0.055836 -0.044142 -0.072219 -0.340164 0.265260 -0.102744 -0.215828 0.281068 -0.113102 -0.121102 0.267560 -0.120033 -0.035228 0.250444 -0.201881 -0.189736 0.126351 -0.342983 -0.273522 0.233035 -0.434717 -0.373363 0.308557 -0.244376 -0.396874 0.401519 -0.348422 -0.431148 0.483869 -0.456032 -0.426995 0.528548 -0.276961 -0.273635 0.432002 -0.428446 -0.280590 0.487936 -0.563295 -0.268086 0.505220 -0.294544 -0.147524 0.372889 -0.424650 -0.166472 0.448416 -0.558539 -0.175045 0.464798 -0.268129 -0.061847 0.339580 -0.370067 -0.080169 0.400934 -0.482598 -0.093323 0.381782 
0.000000 0.000000 0.000000 0.023536 -0.056028 -0.043941 -0.072047 -0.339040 0.266742 -0.102496 -0.214625 0.282078 -0.112827 -0.119951 0.268194 -0.119740 -0.034145 0.250734 -0.201662 -0.190574 0.126440 -0.342576 -0.274764 0.233053 -0.434898 -0.373492 0.309317 -0.244204 -0.396310 0.402765 -0.348250 -0.430923 0.484974 -0.455810 -0.425988 0.529692 -0.276323 -0.274348 0.432715 -0.428152 -0.280909 0.487758 -0.562959 -0.267868 0.504971 -0.294693 -0.146715 0.372704 -0.425101 -0.165907 0.447644 -0.559127 -0.174454 0.462877 -0.267855 -0.062200 0.339397 -0.369805 -0.081511 0.400426 -0.482239 -0.094765 0.380777 