27
0.000000 0.000000 0.000000 -0.038228 -0.021776 -0.060732 -0.118864 -0.405036 0.114488 -0.055133 -0.310343 0.191794 -0.007809 -0.219238 0.225654 0.030134 -0.136926 0.242310 -0.294717 -0.153681 0.060350 -0.455211 -0.236218 0.136114 -0.507043 -0.311501 0.261544 -0.238342 -0.521194 0.268282 -0.328616 -0.481056 0.363265 -0.401965 -0.428569 0.437144 -0.214486 -0.312727 0.368076 -0.322869 -0.314349 0.487972 -0.422372 -0.284729 0.576635 -0.165173 -0.206817 0.366353 -0.278013 -0.197910 0.467242 -0.379122 -0.157220 0.547175 -0.106682 -0.128074 0.350889 -0.200856 -0.121982 0.425625 -0.306303 -0.080730 0.445176 
0.000000 0.000000 0.000000 -0.035040 -0.021088 -0.062860 -0.110462 -0.411750 0.097725 -0.052935 -0.317534 0.180298 -0.009929 -0.226091 0.218701 0.024681 -0.143200 0.239282 -0.300855 -0.148563 0.041729 -0.467185 -0.228330 0.107174 -0.516509 -0.299601 0.235915 -0.242793 -0.524696 0.243162 -0.336270 -0.489066 0.336834 -0.408314 -0.429494 0.406505 -0.216390 -0.326148 0.352584 -0.327562 -0.332006 0.469763 -0.428171 -0.306133 0.558351 -0.169211 -0.219452 0.357622 -0.283426 -0.214691 0.457236 -0.386592 -0.179470 0.537137 -0.112418 -0.137903 0.347734 -0.206786 -0.134256 0.422384 -0.312344 -0.098656 0.450550 
0.000000 0.000000 0.000000 -0.034892 -0.019444 -0.063469 -0.122052 -0.409869 0.091658 -0.063014 -0.318136 0.175944 -0.018088 -0.228286 0.215880 0.018417 -0.146561 0.237806 -0.308418 -0.138724 0.030351 -0.479573 -0.213361 0.089058 -0.545899 -0.280231 0.212411 -0.259117 -0.527560 0.228706 -0.356335 -0.494939 0.319627 -0.428515 -0.430802 0.384970 -0.225841 -0.336705 0.348040 -0.336587 -0.349334 0.465089 -0.435432 -0.333231 0.557877 -0.177697 -0.231912 0.354537 -0.292146 -0.234511 0.453963 -0.395632 -0.208156 0.536813 -0.116884 -0.146843 0.348621 -0.210015 -0.147037 0.424896 -0.313219 -0.119024 0.466935 
0.000000 0.000000 0.000000 -0.036534 -0.018804 -0.062734 -0.134166 -0.404759 0.097263 -0.070758 -0.314341 0.179778 -0.022227 -0.225711 0.218190 0.017329 -0.145070 0.238800 -0.311664 -0.141474 0.021538 -0.483822 -0.218233 0.074270 -0.574339 -0.292986 0.175787 -0.266815 -0.530829 0.231169 -0.367781 -0.495942 0.317022 -0.443912 -0.431164 0.377032 -0.232295 -0.344947 0.351369 -0.342163 -0.365763 0.468075 -0.440222 -0.359068 0.562833 -0.178157 -0.242240 0.360057 -0.289969 -0.254093 0.461785 -0.393305 -0.236086 0.547022 -0.114878 -0.147901 0.353254 -0.205878 -0.149850 0.432034 -0.307608 -0.127224 0.480432 
0.000000 0.000000 0.000000 -0.032301 -0.022515 -0.063825 -0.139525 -0.399364 0.111046 -0.081839 -0.304086 0.192279 -0.036097 -0.213163 0.228703 0.001874 -0.131270 0.247257 -0.310879 -0.141706 0.013853 -0.485196 -0.216288 0.062459 -0.613122 -0.290524 0.109478 -0.279607 -0.518014 0.244161 -0.389311 -0.492274 0.322163 -0.473192 -0.428487 0.372048 -0.247879 -0.345667 0.357131 -0.360810 -0.373947 0.469253 -0.462349 -0.376394 0.560485 -0.193415 -0.239021 0.367613 -0.306223 -0.257564 0.467219 -0.412713 -0.246388 0.549699 -0.132666 -0.136853 0.358855 -0.225273 -0.140697 0.435670 -0.327226 -0.125545 0.486455 
0.000000 0.000000 0.000000 -0.028553 -0.025499 -0.064486 -0.143805 -0.395088 0.120483 -0.091207 -0.295963 0.200560 -0.047991 -0.203226 0.235462 -0.011486 -0.120343 0.252501 -0.309046 -0.140767 0.012216 -0.484560 -0.212895 0.060212 -0.624787 -0.278835 0.068882 -0.289097 -0.512155 0.249345 -0.405242 -0.498925 0.320881 -0.497130 -0.441231 0.363557 -0.257842 -0.354635 0.359510 -0.371177 -0.394541 0.467617 -0.474979 -0.407522 0.555343 -0.205196 -0.239440 0.372169 -0.317922 -0.265408 0.470197 -0.425820 -0.263152 0.551566 -0.148194 -0.129821 0.361163 -0.242293 -0.136346 0.435957 -0.343498 -0.128457 0.489793 
0.000000 0.000000 0.000000 -0.028037 -0.026286 -0.064396 -0.144216 -0.393849 0.123998 -0.092344 -0.293729 0.203306 -0.049505 -0.200534 0.237448 -0.013233 -0.117409 0.253793 -0.306047 -0.145404 0.015401 -0.480008 -0.219941 0.065333 -0.619273 -0.287930 0.073664 -0.294075 -0.509204 0.249119 -0.407948 -0.521522 0.324374 -0.500782 -0.466605 0.368636 -0.254883 -0.362861 0.362291 -0.365433 -0.409880 0.470423 -0.467951 -0.429070 0.558520 -0.203015 -0.243745 0.376305 -0.313091 -0.274731 0.475874 -0.420131 -0.276889 0.558372 -0.147666 -0.131318 0.364791 -0.240200 -0.140892 0.441192 -0.340369 -0.136766 0.497338 
0.000000 0.000000 0.000000 -0.025043 -0.028737 -0.064583 -0.137407 -0.394495 0.129551 -0.091126 -0.290908 0.207860 -0.052110 -0.195669 0.240924 -0.018755 -0.111142 0.256256 -0.299845 -0.155269 0.014914 -0.471799 -0.234445 0.064658 -0.605659 -0.310029 0.085991 -0.301300 -0.491772 0.252418 -0.400353 -0.550563 0.326676 -0.496365 -0.497204 0.365759 -0.256580 -0.359970 0.363840 -0.369112 -0.406941 0.469929 -0.470910 -0.428634 0.558279 -0.206874 -0.241871 0.377406 -0.317850 -0.275000 0.475271 -0.424413 -0.280456 0.558232 -0.155596 -0.127251 0.363965 -0.249786 -0.138339 0.438104 -0.350600 -0.136566 0.493208 
0.000000 0.000000 0.000000 -0.020074 -0.031820 -0.064872 -0.134565 -0.393381 0.135771 -0.096227 -0.285660 0.212782 -0.062019 -0.188153 0.244537 -0.032034 -0.102166 0.258664 -0.293575 -0.165500 0.007052 -0.464714 -0.249148 0.052058 -0.595788 -0.330001 0.071273 -0.297227 -0.504605 0.247978 -0.395536 -0.571826 0.315793 -0.496430 -0.520120 0.342995 -0.266063 -0.356792 0.363016 -0.381576 -0.405172 0.465196 -0.485611 -0.428242 0.550542 -0.221637 -0.235713 0.374821 -0.336092 -0.269817 0.468243 -0.445182 -0.278132 0.547606 -0.174534 -0.119096 0.358632 -0.272619 -0.130750 0.427441 -0.375549 -0.132229 0.478493 
0.000000 0.000000 0.000000 -0.013216 -0.034556 -0.065232 -0.123163 -0.396733 0.136836 -0.096827 -0.285080 0.213287 -0.070532 -0.185017 0.244623 -0.046446 -0.097141 0.258413 -0.282904 -0.180595 -0.003693 -0.451657 -0.271977 0.034814 -0.575801 -0.360501 0.063774 -0.281106 -0.521197 0.241635 -0.376563 -0.596419 0.304972 -0.483708 -0.555037 0.324990 -0.271551 -0.361551 0.355055 -0.390388 -0.413563 0.451477 -0.498596 -0.440277 0.530322 -0.236706 -0.236530 0.364816 -0.355862 -0.273468 0.451003 -0.470375 -0.285211 0.521834 -0.195592 -0.116747 0.347616 -0.298253 -0.130242 0.409016 -0.404547 -0.134874 0.452413 
0.000000 0.000000 0.000000 -0.004271 -0.037027 -0.065074 -0.100853 -0.402823 0.137306 -0.091135 -0.287616 0.212389 -0.076389 -0.184962 0.242899 -0.061210 -0.095031 0.256112 -0.267745 -0.197661 -0.013844 -0.432609 -0.298176 0.018213 -0.546866 -0.393590 0.062127 -0.254560 -0.538865 0.233673 -0.347456 -0.621086 0.291915 -0.459717 -0.594963 0.309471 -0.272747 -0.370440 0.341351 -0.396270 -0.426772 0.429064 -0.508879 -0.458200 0.499568 -0.250100 -0.240785 0.349773 -0.374661 -0.280813 0.426408 -0.494582 -0.294961 0.487129 -0.217837 -0.121628 0.329235 -0.325646 -0.139934 0.379568 -0.436403 -0.147364 0.409248 
0.000000 0.000000 0.000000 0.002064 -0.038212 -0.064494 -0.082103 -0.406537 0.138843 -0.084488 -0.289812 0.212151 -0.078381 -0.185951 0.241505 -0.069974 -0.095016 0.253863 -0.253062 -0.212873 -0.017050 -0.412703 -0.322164 0.012636 -0.519910 -0.419980 0.067642 -0.226116 -0.557592 0.227515 -0.313153 -0.648886 0.281106 -0.428130 -0.642830 0.299456 -0.271199 -0.377094 0.330452 -0.398188 -0.436459 0.410914 -0.514698 -0.470501 0.473411 -0.258915 -0.246806 0.333255 -0.388369 -0.290442 0.399046 -0.513750 -0.305896 0.447095 -0.233129 -0.125817 0.308802 -0.345431 -0.147017 0.346618 -0.459154 -0.156819 0.359812 
0.000000 0.000000 0.000000 0.009687 -0.038904 -0.063376 -0.057523 -0.409792 0.141606 -0.074651 -0.292553 0.212078 -0.079227 -0.188102 0.239556 -0.079266 -0.096601 0.250512 -0.240676 -0.219868 -0.014219 -0.397337 -0.333104 0.016541 -0.498216 -0.429106 0.085053 -0.193330 -0.569541 0.227959 -0.275407 -0.666089 0.280149 -0.388655 -0.680851 0.303604 -0.264368 -0.382339 0.323525 -0.393403 -0.443405 0.399325 -0.512296 -0.478481 0.456538 -0.263553 -0.251114 0.321817 -0.395727 -0.296298 0.380803 -0.524515 -0.311988 0.418691 -0.243635 -0.134405 0.296772 -0.356773 -0.160427 0.328614 -0.470744 -0.174644 0.332016 
0.000000 0.000000 0.000000 0.012617 -0.038690 -0.062990 -0.040050 -0.411417 0.142907 -0.063998 -0.294811 0.212434 -0.074070 -0.190574 0.239252 -0.078709 -0.099131 0.249698 -0.230259 -0.228252 -0.008915 -0.382234 -0.346868 0.024922 -0.472192 -0.438463 0.112127 -0.165994 -0.578791 0.229763 -0.242111 -0.679948 0.282257 -0.349562 -0.714113 0.311925 -0.254104 -0.388313 0.320097 -0.383403 -0.451907 0.393324 -0.503066 -0.487178 0.448786 -0.259449 -0.257759 0.315636 -0.392377 -0.305935 0.370408 -0.522437 -0.322504 0.403240 -0.242731 -0.144433 0.290083 -0.355630 -0.175615 0.317881 -0.469003 -0.194301 0.317238 
0.000000 0.000000 0.000000 0.014433 -0.038121 -0.062948 -0.026304 -0.412799 0.142112 -0.054893 -0.297227 0.211613 -0.068875 -0.193457 0.238489 -0.076856 -0.102254 0.249015 -0.223421 -0.231519 -0.000746 -0.372254 -0.352535 0.038176 -0.453402 -0.440748 0.136767 -0.148181 -0.583019 0.229240 -0.221840 -0.685895 0.281898 -0.323305 -0.732080 0.316027 -0.246425 -0.389042 0.318196 -0.376694 -0.451489 0.390687 -0.497213 -0.485037 0.445360 -0.254637 -0.262264 0.312460 -0.387840 -0.311604 0.365502 -0.518556 -0.328387 0.395495 -0.240038 -0.151060 0.288714 -0.352359 -0.184654 0.316040 -0.465403 -0.205206 0.314678 
0.000000 0.000000 0.000000 0.015322 -0.037578 -0.063064 -0.019588 -0.413832 0.140176 -0.050442 -0.299093 0.210086 -0.066332 -0.195705 0.237373 -0.075944 -0.104704 0.248275 -0.218152 -0.233816 0.006411 -0.364246 -0.356609 0.049884 -0.438687 -0.443240 0.154957 -0.137986 -0.586635 0.227017 -0.209543 -0.691072 0.279501 -0.303594 -0.747071 0.319647 -0.241536 -0.392136 0.316391 -0.371507 -0.455418 0.388693 -0.492053 -0.487541 0.444154 -0.251816 -0.265520 0.311097 -0.384820 -0.315582 0.363961 -0.515623 -0.331972 0.393795 -0.238532 -0.154227 0.289493 -0.350445 -0.188314 0.317864 -0.463437 -0.209187 0.317309 
0.000000 0.000000 0.000000 0.014815 -0.036963 -0.063547 -0.014362 -0.415047 0.137186 -0.045255 -0.301110 0.208379 -0.061643 -0.198071 0.236673 -0.071862 -0.107240 0.248408 -0.218138 -0.230325 0.015133 -0.363905 -0.351318 0.064366 -0.431735 -0.436901 0.174645 -0.133592 -0.585482 0.227499 -0.205650 -0.688488 0.282082 -0.293400 -0.750168 0.327784 -0.234441 -0.393034 0.318983 -0.363114 -0.455555 0.394209 -0.482341 -0.486634 0.453017 -0.246175 -0.266752 0.313774 -0.378496 -0.316000 0.369059 -0.508643 -0.332264 0.401697 -0.233080 -0.157993 0.293343 -0.344050 -0.192928 0.324272 -0.457173 -0.212887 0.327099 
0.000000 0.000000 0.000000 0.011351 -0.036896 -0.064294 -0.015968 -0.415422 0.135868 -0.041635 -0.301313 0.208841 -0.054883 -0.198141 0.238273 -0.062916 -0.107202 0.250839 -0.220691 -0.228180 0.021808 -0.365887 -0.347874 0.075685 -0.429060 -0.429595 0.191520 -0.131440 -0.586272 0.230189 -0.201228 -0.689529 0.287194 -0.287496 -0.751825 0.334841 -0.230269 -0.391094 0.322114 -0.358567 -0.452158 0.399156 -0.477471 -0.482112 0.459188 -0.240109 -0.264203 0.315997 -0.372927 -0.311573 0.371731 -0.502475 -0.326914 0.407087 -0.224126 -0.157315 0.296516 -0.335090 -0.191809 0.327956 -0.448467 -0.209924 0.332483 
0.000000 0.000000 0.000000 0.007366 -0.037274 -0.064655 -0.018121 -0.414682 0.137843 -0.037701 -0.299887 0.211622 -0.047266 -0.196390 0.241336 -0.052720 -0.105271 0.253988 -0.231044 -0.217891 0.026911 -0.380225 -0.330910 0.084207 -0.437418 -0.401124 0.210245 -0.132733 -0.583529 0.236711 -0.202001 -0.685575 0.296465 -0.289791 -0.744282 0.345857 -0.226715 -0.381473 0.330331 -0.355271 -0.436962 0.411070 -0.476716 -0.458962 0.469435 -0.233895 -0.254903 0.321707 -0.367720 -0.296861 0.379338 -0.497739 -0.305696 0.415187 -0.214608 -0.149720 0.303007 -0.326038 -0.180315 0.336749 -0.440167 -0.193619 0.337580 
0.000000 0.000000 0.000000 0.000630 -0.038289 -0.064479 -0.026164 -0.411845 0.144876 -0.034736 -0.295456 0.218257 -0.037264 -0.191305 0.247103 -0.037581 -0.099897 0.258804 -0.243701 -0.202419 0.041397 -0.396588 -0.305120 0.107647 -0.446964 -0.360200 0.243718 -0.135178 -0.581469 0.248626 -0.201062 -0.683985 0.311330 -0.290023 -0.737272 0.364619 -0.221777 -0.366307 0.346593 -0.348992 -0.414495 0.433879 -0.473339 -0.423685 0.489491 -0.224640 -0.236995 0.333801 -0.359000 -0.269757 0.395969 -0.490076 -0.265491 0.428663 -0.199148 -0.137295 0.314333 -0.310358 -0.163038 0.352555 -0.425059 -0.169164 0.349501 
0.000000 0.000000 0.000000 -0.008418 -0.040556 -0.062516 -0.033464 -0.404043 0.164073 -0.027612 -0.284781 0.232970 -0.021214 -0.179693 0.257501 -0.015170 -0.088068 0.265302 -0.255446 -0.183130 0.065921 -0.410020 -0.272344 0.146289 -0.455348 -0.316343 0.288051 -0.139950 -0.568030 0.278917 -0.204308 -0.667139 0.348325 -0.294810 -0.711501 0.406929 -0.208089 -0.346736 0.374618 -0.330838 -0.388875 0.470959 -0.459338 -0.380989 0.516398 -0.206394 -0.211519 0.354502 -0.339180 -0.234340 0.424058 -0.469983 -0.213553 0.451009 -0.172059 -0.118606 0.336292 -0.280048 -0.139625 0.385155 -0.394950 -0.140413 0.385492 
0.000000 0.000000 0.000000 -0.020554 -0.041049 -0.059299 -0.045128 -0.395461 0.181284 -0.019388 -0.275672 0.244471 -0.000537 -0.171064 0.264165 0.014461 -0.080212 0.267821 -0.266560 -0.157622 0.094774 -0.420494 -0.230566 0.191182 -0.467417 -0.266465 0.334697 -0.147833 -0.551068 0.310352 -0.209904 -0.645112 0.388357 -0.299673 -0.679083 0.454544 -0.186677 -0.339058 0.400903 -0.300457 -0.382169 0.507299 -0.428079 -0.364082 0.552299 -0.172398 -0.196183 0.384774 -0.295633 -0.214195 0.471258 -0.422971 -0.184507 0.505490 -0.133787 -0.102978 0.357769 -0.235828 -0.118648 0.419682 -0.350271 -0.114243 0.428987 
0.000000 0.000000 0.000000 -0.031803 -0.039029 -0.055580 -0.050026 -0.391595 0.188258 -0.006410 -0.274493 0.246475 0.023126 -0.171775 0.262687 0.045537 -0.082393 0.263645 -0.266269 -0.128444 0.131173 -0.412983 -0.184394 0.248032 -0.463672 -0.215796 0.391319 -0.146561 -0.543886 0.325766 -0.204904 -0.635926 0.408873 -0.287344 -0.666128 0.485584 -0.136113 -0.352898 0.429516 -0.224329 -0.406225 0.554010 -0.343329 -0.384516 0.617312 -0.116020 -0.205067 0.418391 -0.215797 -0.228939 0.530040 -0.334501 -0.199855 0.587760 -0.080374 -0.103958 0.383092 -0.167041 -0.118802 0.465310 -0.276795 -0.112040 0.498649 
0.000000 0.000000 0.000000 -0.045337 -0.033969 -0.049138 -0.064982 -0.385545 0.196017 0.001939 -0.275575 0.245340 0.046186 -0.177494 0.255752 0.079236 -0.091535 0.252417 -0.257938 -0.098449 0.171065 -0.390970 -0.138795 0.308854 -0.446620 -0.163178 0.451667 -0.156286 -0.541297 0.333221 -0.211468 -0.635430 0.416143 -0.284259 -0.666635 0.501705 -0.079259 -0.378916 0.443336 -0.134485 -0.449202 0.578000 -0.235518 -0.438286 0.669173 -0.038184 -0.236611 0.440415 -0.098683 -0.279001 0.572830 -0.196294 -0.261209 0.664610 -0.008275 -0.124511 0.400203 -0.068510 -0.147210 0.501927 -0.160971 -0.146928 0.570147 
0.000000 0.000000 0.000000 -0.056221 -0.026032 -0.042255 -0.090979 -0.377248 0.201736 -0.002732 -0.279039 0.241386 0.056096 -0.188450 0.245736 0.100278 -0.107944 0.238041 -0.248261 -0.070261 0.200666 -0.368427 -0.097937 0.352670 -0.430272 -0.112860 0.494231 -0.181936 -0.534300 0.337683 -0.236907 -0.629218 0.419845 -0.302760 -0.665785 0.508837 -0.047647 -0.411781 0.433315 -0.078195 -0.502064 0.563853 -0.150518 -0.519987 0.678254 0.014913 -0.274814 0.434307 -0.014618 -0.336742 0.569524 -0.079172 -0.344064 0.688044 0.052062 -0.157106 0.398804 0.018874 -0.190945 0.509460 -0.040851 -0.208571 0.606027 
0.000000 0.000000 0.000000 -0.061239 -0.018466 -0.039150 -0.121242 -0.369491 0.200168 -0.020166 -0.282877 0.236032 0.048766 -0.199636 0.238356 0.101305 -0.124458 0.229387 -0.246018 -0.049713 0.211303 -0.361641 -0.069266 0.368020 -0.436042 -0.074348 0.504128 -0.224309 -0.524821 0.329280 -0.286599 -0.618699 0.407312 -0.352739 -0.661054 0.493479 -0.059522 -0.436905 0.412670 -0.086290 -0.541666 0.532808 -0.140620 -0.588152 0.649112 0.017586 -0.308158 0.417142 -0.004771 -0.385976 0.545342 -0.051368 -0.416574 0.668471 0.067541 -0.187081 0.389151 0.044300 -0.230186 0.499120 0.000328 -0.261080 0.600684 
0.000000 0.000000 0.000000 -0.061661 -0.014147 -0.040270 -0.147663 -0.362905 0.194386 -0.041863 -0.283261 0.232698 0.032179 -0.204611 0.236950 0.089530 -0.132855 0.229576 -0.253797 -0.039536 0.205260 -0.374024 -0.055423 0.358897 -0.464982 -0.052934 0.484624 -0.265306 -0.507935 0.323019 -0.336407 -0.595588 0.400761 -0.405573 -0.637806 0.484587 -0.093344 -0.438454 0.405148 -0.128359 -0.544007 0.522439 -0.182737 -0.598487 0.635197 -0.009355 -0.320216 0.409066 -0.039138 -0.403111 0.532485 -0.086399 -0.441608 0.653118 0.048818 -0.197695 0.386816 0.020796 -0.242326 0.495048 -0.024074 -0.274589 0.595790 