27
0.000000 0.000000 0.000000 -0.020914 -0.033031 -0.063995 -0.062544 -0.411967 0.132896 -0.033708 -0.301443 0.210080 -0.011498 -0.200639 0.242195 0.006665 -0.111466 0.256714 -0.269892 -0.151075 0.084066 -0.425685 -0.224939 0.176714 -0.495619 -0.288888 0.299623 -0.223839 -0.479611 0.277216 -0.321322 -0.520493 0.364439 -0.404560 -0.492710 0.441203 -0.180765 -0.375824 0.381299 -0.280784 -0.426413 0.497752 -0.395020 -0.375374 0.552384 -0.149373 -0.240730 0.397426 -0.248238 -0.269478 0.508736 -0.331316 -0.286856 0.613922 -0.109075 -0.129096 0.386635 -0.188741 -0.141231 0.476063 -0.260218 -0.153503 0.565190 
0.000000 0.000000 0.000000 -0.015679 -0.035577 -0.064127 -0.052245 -0.410805 0.140712 -0.032805 -0.297142 0.216258 -0.016914 -0.194646 0.246725 -0.003525 -0.104402 0.259729 -0.267896 -0.158166 0.074455 -0.425716 -0.234874 0.161171 -0.512146 -0.303590 0.270234 -0.219081 -0.486456 0.274364 -0.319912 -0.532177 0.355140 -0.410732 -0.498908 0.420239 -0.181056 -0.378854 0.383049 -0.281887 -0.434430 0.496490 -0.402780 -0.388917 0.540681 -0.156762 -0.241437 0.398273 -0.257041 -0.274988 0.506943 -0.343425 -0.295560 0.608838 -0.122646 -0.123532 0.386341 -0.204639 -0.136700 0.473490 -0.277402 -0.150078 0.561409 
0.000000 0.000000 0.000000 -0.013248 -0.037786 -0.063408 -0.050582 -0.406978 0.151988 -0.035026 -0.290742 0.224454 -0.021512 -0.187120 0.252130 -0.009801 -0.096322 0.262673 -0.267644 -0.163395 0.068318 -0.426828 -0.241992 0.150744 -0.528761 -0.315301 0.241970 -0.217815 -0.490838 0.280133 -0.318885 -0.541519 0.357580 -0.414757 -0.506784 0.414107 -0.181476 -0.377031 0.390530 -0.281082 -0.435720 0.503484 -0.405750 -0.401442 0.547328 -0.162668 -0.235546 0.401942 -0.263886 -0.270271 0.509365 -0.351909 -0.293031 0.609375 -0.132890 -0.114598 0.385560 -0.217615 -0.127177 0.470146 -0.292318 -0.139870 0.556526 
0.000000 0.000000 0.000000 -0.012826 -0.038745 -0.062914 -0.050406 -0.404826 0.157688 -0.035506 -0.287499 0.228519 -0.022385 -0.183449 0.254738 -0.010946 -0.092478 0.264006 -0.264712 -0.168796 0.069323 -0.422325 -0.250173 0.152068 -0.538202 -0.330674 0.216714 -0.213474 -0.500116 0.283182 -0.312028 -0.557707 0.359027 -0.410877 -0.525192 0.411607 -0.175162 -0.375823 0.399310 -0.270148 -0.435896 0.515471 -0.393120 -0.422039 0.573135 -0.164051 -0.235637 0.402795 -0.265634 -0.273059 0.508961 -0.351983 -0.302491 0.608689 -0.135035 -0.113054 0.385516 -0.220449 -0.127216 0.469154 -0.294389 -0.141580 0.555928 
0.000000 0.000000 0.000000 -0.011330 -0.039331 -0.062838 -0.048884 -0.404193 0.159777 -0.036441 -0.286209 0.229987 -0.024864 -0.181840 0.255660 -0.014540 -0.090689 0.264453 -0.258655 -0.173199 0.074114 -0.413415 -0.256965 0.159810 -0.536903 -0.342150 0.199574 -0.211858 -0.508555 0.277964 -0.310355 -0.571629 0.349393 -0.412004 -0.548562 0.401628 -0.179385 -0.370904 0.399893 -0.276608 -0.428509 0.515453 -0.394905 -0.428206 0.583607 -0.167660 -0.236514 0.401722 -0.270053 -0.275718 0.506456 -0.355611 -0.309893 0.605350 -0.140233 -0.114833 0.383636 -0.226749 -0.131453 0.465673 -0.300028 -0.147344 0.552741 
0.000000 0.000000 0.000000 -0.008552 -0.040421 -0.062585 -0.045179 -0.402940 0.163978 -0.037414 -0.283766 0.232839 -0.028854 -0.178830 0.257359 -0.020746 -0.087365 0.265157 -0.253560 -0.177844 0.075009 -0.406870 -0.263835 0.161106 -0.531282 -0.353513 0.184902 -0.212014 -0.509541 0.274532 -0.312845 -0.573968 0.341348 -0.415503 -0.572572 0.396597 -0.186987 -0.365667 0.398352 -0.288718 -0.421371 0.510925 -0.404506 -0.427786 0.582975 -0.173580 -0.235266 0.400826 -0.277358 -0.275734 0.503701 -0.363828 -0.310451 0.601608 -0.147929 -0.115327 0.381899 -0.235472 -0.134574 0.462255 -0.309712 -0.149540 0.548670 
0.000000 0.000000 0.000000 -0.006553 -0.041594 -0.062056 -0.041405 -0.400932 0.169793 -0.037157 -0.280520 0.236781 -0.030954 -0.175057 0.259698 -0.024624 -0.083345 0.266117 -0.249448 -0.187424 0.070541 -0.401435 -0.278676 0.153512 -0.522625 -0.373374 0.174303 -0.212025 -0.507137 0.274814 -0.315143 -0.571325 0.338286 -0.418557 -0.579682 0.391473 -0.192164 -0.361978 0.397442 -0.297590 -0.417381 0.506714 -0.413727 -0.427275 0.577803 -0.181026 -0.232005 0.397354 -0.288637 -0.272841 0.496062 -0.379431 -0.308189 0.589737 -0.157423 -0.110927 0.376525 -0.248832 -0.129913 0.452520 -0.328647 -0.145146 0.533764 
0.000000 0.000000 0.000000 -0.003116 -0.042480 -0.061722 -0.035738 -0.400002 0.173238 -0.037399 -0.278755 0.238819 -0.035097 -0.172898 0.260616 -0.031677 -0.080971 0.266104 -0.247091 -0.192881 0.063586 -0.399754 -0.286992 0.141996 -0.517608 -0.384776 0.167207 -0.207384 -0.509995 0.272532 -0.311121 -0.576473 0.332543 -0.414066 -0.592118 0.384992 -0.195783 -0.359387 0.396576 -0.303506 -0.414228 0.503873 -0.419171 -0.429132 0.574858 -0.186879 -0.234025 0.394554 -0.295716 -0.277858 0.490595 -0.389698 -0.315899 0.579973 -0.166464 -0.111505 0.373279 -0.259241 -0.132522 0.447049 -0.340989 -0.150551 0.525759 
0.000000 0.000000 0.000000 -0.002815 -0.042458 -0.061752 -0.033732 -0.400301 0.172950 -0.036131 -0.279106 0.238604 -0.034435 -0.173252 0.260470 -0.031525 -0.081310 0.266019 -0.241658 -0.200855 0.063590 -0.391110 -0.299970 0.142021 -0.502627 -0.401457 0.178783 -0.202136 -0.516110 0.271177 -0.303914 -0.586102 0.330543 -0.403777 -0.608120 0.386541 -0.194640 -0.359516 0.396348 -0.302449 -0.414206 0.503637 -0.415069 -0.432663 0.578573 -0.185482 -0.235692 0.394632 -0.293792 -0.280466 0.490835 -0.386828 -0.319648 0.580709 -0.167588 -0.112777 0.371295 -0.261242 -0.134436 0.443759 -0.342694 -0.152362 0.522799 
0.000000 0.000000 0.000000 -0.003212 -0.041438 -0.062422 -0.025373 -0.403622 0.166541 -0.028408 -0.283607 0.234302 -0.027837 -0.178126 0.257959 -0.026121 -0.086260 0.265043 -0.231992 -0.213078 0.064250 -0.375147 -0.320479 0.143512 -0.477357 -0.427754 0.189687 -0.188590 -0.524905 0.266894 -0.287234 -0.598206 0.327544 -0.382944 -0.627156 0.387499 -0.185576 -0.364714 0.393029 -0.292472 -0.419879 0.500985 -0.399361 -0.441390 0.583152 -0.177632 -0.238098 0.394628 -0.285045 -0.281101 0.492628 -0.374738 -0.320433 0.585774 -0.161871 -0.117621 0.370753 -0.255311 -0.139208 0.443515 -0.335899 -0.155286 0.523828 
0.000000 0.000000 0.000000 -0.003129 -0.040368 -0.063123 -0.018932 -0.406797 0.159524 -0.023030 -0.288047 0.229425 -0.023653 -0.183002 0.254945 -0.023075 -0.091261 0.263648 -0.224588 -0.224288 0.059251 -0.363163 -0.339373 0.135824 -0.456843 -0.451585 0.187973 -0.178899 -0.532745 0.259363 -0.275579 -0.608865 0.319703 -0.368552 -0.643477 0.380950 -0.182011 -0.367873 0.386992 -0.290140 -0.422167 0.494159 -0.395113 -0.445486 0.578279 -0.174378 -0.244166 0.390055 -0.282457 -0.288024 0.486937 -0.372604 -0.327638 0.579524 -0.160109 -0.125557 0.366758 -0.254432 -0.149164 0.437731 -0.337471 -0.165171 0.515522 
0.000000 0.000000 0.000000 -0.001626 -0.039493 -0.063730 -0.010438 -0.409450 0.153401 -0.017983 -0.291880 0.224989 -0.021356 -0.187269 0.252033 -0.023065 -0.095680 0.262077 -0.218751 -0.230485 0.055538 -0.354614 -0.349996 0.130168 -0.440605 -0.466115 0.186814 -0.166430 -0.542303 0.250544 -0.260708 -0.622595 0.309254 -0.350972 -0.664602 0.369925 -0.177914 -0.373620 0.380601 -0.286689 -0.429214 0.486440 -0.390088 -0.454793 0.571843 -0.174044 -0.250097 0.384141 -0.283531 -0.295148 0.478871 -0.374975 -0.335231 0.569972 -0.162170 -0.130000 0.362367 -0.257920 -0.153623 0.431399 -0.343357 -0.169481 0.506579 
0.000000 0.000000 0.000000 0.000147 -0.038817 -0.064164 -0.000200 -0.411249 0.148877 -0.011838 -0.294740 0.221643 -0.018485 -0.190574 0.249772 -0.022927 -0.099187 0.260782 -0.212039 -0.238377 0.049851 -0.344812 -0.363247 0.121194 -0.422021 -0.483483 0.181766 -0.151258 -0.549507 0.246276 -0.242553 -0.633067 0.305141 -0.330628 -0.679523 0.365784 -0.173311 -0.379704 0.373899 -0.283135 -0.437490 0.477456 -0.386154 -0.465374 0.562596 -0.173206 -0.255803 0.378304 -0.284150 -0.302575 0.470470 -0.377562 -0.343239 0.559288 -0.164837 -0.135325 0.356395 -0.262517 -0.160199 0.422208 -0.350770 -0.176427 0.493979 
0.000000 0.000000 0.000000 0.003194 -0.038131 -0.064496 0.014080 -0.412360 0.145091 -0.004086 -0.297184 0.218637 -0.015773 -0.193680 0.247559 -0.024340 -0.102679 0.259298 -0.199047 -0.251119 0.043118 -0.325597 -0.384394 0.110455 -0.388640 -0.509278 0.177659 -0.128307 -0.558592 0.243895 -0.214362 -0.646971 0.303609 -0.300196 -0.698044 0.363752 -0.168745 -0.384831 0.365878 -0.280736 -0.444444 0.466022 -0.384567 -0.474411 0.549452 -0.173956 -0.260697 0.370850 -0.287383 -0.308751 0.459257 -0.384632 -0.348650 0.544221 -0.169232 -0.141099 0.349391 -0.268963 -0.167544 0.411404 -0.361291 -0.184020 0.477791 
0.000000 0.000000 0.000000 0.006565 -0.037993 -0.064322 0.031192 -0.410998 0.146281 0.005644 -0.296789 0.219139 -0.011828 -0.193963 0.247557 -0.025170 -0.103487 0.258898 -0.186924 -0.259714 0.041736 -0.307997 -0.398452 0.108100 -0.354622 -0.524992 0.184916 -0.100549 -0.563576 0.250130 -0.180168 -0.655789 0.312895 -0.263943 -0.709405 0.373725 -0.160934 -0.387332 0.362416 -0.274230 -0.448913 0.459864 -0.379714 -0.478234 0.541428 -0.173489 -0.263621 0.364721 -0.289410 -0.313570 0.448735 -0.391616 -0.351377 0.528689 -0.174183 -0.144081 0.340955 -0.276752 -0.172022 0.397437 -0.374449 -0.186780 0.456095 
0.000000 0.000000 0.000000 0.011744 -0.038379 -0.063349 0.048516 -0.406458 0.154039 0.012970 -0.293021 0.223847 -0.011806 -0.191051 0.249813 -0.030950 -0.101387 0.259102 -0.170074 -0.270305 0.041525 -0.283844 -0.415430 0.107148 -0.315929 -0.541577 0.191673 -0.071180 -0.564302 0.264395 -0.143521 -0.659698 0.331091 -0.225726 -0.715757 0.391861 -0.157612 -0.384566 0.361672 -0.273632 -0.446830 0.455411 -0.384217 -0.475274 0.530253 -0.180147 -0.261450 0.356673 -0.300858 -0.311931 0.433297 -0.410317 -0.347867 0.503974 -0.185292 -0.145100 0.328772 -0.291529 -0.175189 0.376727 -0.396032 -0.189962 0.422159 
0.000000 0.000000 0.000000 0.020688 -0.037927 -0.061298 0.071391 -0.398313 0.165954 0.019731 -0.287760 0.230092 -0.016358 -0.188182 0.251726 -0.044282 -0.100549 0.257488 -0.149048 -0.279770 0.041405 -0.255257 -0.431101 0.105669 -0.272988 -0.553150 0.199884 -0.039992 -0.562110 0.276337 -0.107309 -0.661105 0.343049 -0.187429 -0.722729 0.401155 -0.158497 -0.384502 0.353988 -0.279717 -0.450300 0.438255 -0.397630 -0.481453 0.499618 -0.193343 -0.261462 0.341282 -0.320252 -0.314008 0.405499 -0.438855 -0.348911 0.460118 -0.200874 -0.153998 0.314129 -0.308660 -0.190788 0.353117 -0.417796 -0.212911 0.381455 
0.000000 0.000000 0.000000 0.027980 -0.037347 -0.058704 0.087627 -0.388878 0.179961 0.023313 -0.281384 0.237523 -0.021502 -0.184418 0.254114 -0.056123 -0.099030 0.255763 -0.131725 -0.286364 0.042936 -0.231659 -0.442183 0.106536 -0.246197 -0.559135 0.207519 -0.019415 -0.558317 0.286039 -0.084107 -0.660722 0.350150 -0.162419 -0.728013 0.404302 -0.158831 -0.387908 0.346842 -0.282714 -0.460359 0.421195 -0.408213 -0.493688 0.463367 -0.203594 -0.263909 0.326483 -0.334166 -0.320910 0.378376 -0.458944 -0.356372 0.416334 -0.211993 -0.164247 0.300900 -0.319282 -0.209138 0.331969 -0.429077 -0.239253 0.347500 
0.000000 0.000000 0.000000 0.032351 -0.037344 -0.056415 0.094198 -0.381164 0.192693 0.022812 -0.275278 0.244620 -0.026652 -0.179934 0.256826 -0.064732 -0.096038 0.254868 -0.123806 -0.287390 0.048172 -0.221519 -0.443852 0.113616 -0.238977 -0.559688 0.215419 -0.009871 -0.552434 0.298790 -0.072767 -0.655944 0.362912 -0.148534 -0.726536 0.416478 -0.161606 -0.384336 0.347435 -0.287036 -0.458511 0.417364 -0.414163 -0.492853 0.453400 -0.211148 -0.261316 0.320481 -0.343443 -0.319671 0.366126 -0.470000 -0.355869 0.396804 -0.219108 -0.169038 0.292620 -0.325369 -0.219285 0.318606 -0.434218 -0.255370 0.325875 
0.000000 0.000000 0.000000 0.035347 -0.037721 -0.054329 0.101168 -0.372188 0.206232 0.024619 -0.267486 0.252948 -0.028436 -0.173638 0.260936 -0.069287 -0.091216 0.255441 -0.116738 -0.287783 0.056058 -0.211902 -0.444256 0.125130 -0.228264 -0.560700 0.226422 -0.000073 -0.542787 0.316079 -0.061260 -0.645893 0.382467 -0.134868 -0.718814 0.435923 -0.156496 -0.380294 0.357571 -0.279680 -0.457019 0.428730 -0.406002 -0.494795 0.464157 -0.209990 -0.261682 0.324181 -0.340176 -0.324815 0.369532 -0.465530 -0.364852 0.400376 -0.221404 -0.167948 0.294922 -0.326109 -0.220764 0.322098 -0.433495 -0.260756 0.330598 
0.000000 0.000000 0.000000 0.036488 -0.037923 -0.053427 0.108106 -0.366010 0.213636 0.029000 -0.262184 0.257985 -0.026152 -0.169399 0.263944 -0.068772 -0.088014 0.256700 -0.109995 -0.287572 0.065167 -0.201654 -0.443787 0.139374 -0.216032 -0.561715 0.239239 0.011012 -0.537154 0.326341 -0.047669 -0.640589 0.394457 -0.120280 -0.714851 0.447428 -0.148074 -0.379811 0.364207 -0.268508 -0.459815 0.436453 -0.393992 -0.500450 0.471693 -0.204671 -0.261439 0.330074 -0.332680 -0.327438 0.377494 -0.456781 -0.370856 0.408829 -0.218391 -0.168890 0.297437 -0.321377 -0.224557 0.325477 -0.427561 -0.267334 0.335397 
0.000000 0.000000 0.000000 0.039445 -0.037328 -0.051716 0.117314 -0.357255 0.223376 0.032830 -0.256034 0.263640 -0.026241 -0.165539 0.266373 -0.071969 -0.086147 0.256457 -0.102972 -0.288000 0.069639 -0.192087 -0.444855 0.145576 -0.205577 -0.563674 0.244504 0.021555 -0.528400 0.337215 -0.036319 -0.631836 0.406017 -0.107734 -0.706718 0.459736 -0.143197 -0.376187 0.368770 -0.262920 -0.457907 0.440273 -0.388258 -0.500585 0.473565 -0.202732 -0.262380 0.331074 -0.329287 -0.331822 0.377468 -0.452781 -0.377876 0.407408 -0.220370 -0.169809 0.296006 -0.322517 -0.227395 0.323229 -0.427829 -0.272591 0.331588 
0.000000 0.000000 0.000000 0.040567 -0.037861 -0.050446 0.119868 -0.350572 0.232424 0.033483 -0.249747 0.269523 -0.026909 -0.160087 0.269619 -0.073657 -0.081606 0.257461 -0.096703 -0.288882 0.076011 -0.182598 -0.445955 0.155140 -0.196228 -0.564804 0.254014 0.027470 -0.522869 0.347300 -0.028373 -0.627000 0.416728 -0.099105 -0.701910 0.471306 -0.142767 -0.371579 0.372321 -0.262641 -0.454442 0.442239 -0.388174 -0.498676 0.472639 -0.202816 -0.259674 0.331689 -0.328953 -0.331085 0.376197 -0.452226 -0.379713 0.402784 -0.219859 -0.170423 0.293830 -0.320493 -0.231557 0.318863 -0.425075 -0.278881 0.323990 
0.000000 0.000000 0.000000 0.041320 -0.037875 -0.049820 0.122946 -0.346577 0.236768 0.035098 -0.246462 0.272327 -0.026411 -0.157573 0.271145 -0.074069 -0.079818 0.257903 -0.094137 -0.288034 0.080251 -0.178897 -0.444567 0.161641 -0.191898 -0.564388 0.259419 0.030624 -0.517310 0.354016 -0.025172 -0.620496 0.424878 -0.095284 -0.695110 0.480648 -0.140724 -0.368582 0.375514 -0.260308 -0.451641 0.445696 -0.385663 -0.496815 0.475441 -0.202826 -0.256939 0.332117 -0.329327 -0.328191 0.375837 -0.452283 -0.378014 0.401674 -0.220295 -0.169134 0.292928 -0.320946 -0.230612 0.317037 -0.425050 -0.279110 0.320690 
0.000000 0.000000 0.000000 0.042345 -0.037427 -0.049295 0.126507 -0.343473 0.239401 0.036759 -0.244632 0.273754 -0.026163 -0.156754 0.271643 -0.074954 -0.079840 0.257640 -0.091980 -0.287995 0.081161 -0.176032 -0.444784 0.162792 -0.188153 -0.565542 0.259525 0.035380 -0.515915 0.355071 -0.019695 -0.620134 0.424979 -0.089168 -0.695151 0.481007 -0.137284 -0.369143 0.377100 -0.255657 -0.453829 0.447390 -0.380539 -0.500145 0.477371 -0.201476 -0.257450 0.333606 -0.327187 -0.329654 0.378037 -0.449313 -0.380651 0.405470 -0.220167 -0.170271 0.293997 -0.320120 -0.232516 0.319022 -0.423799 -0.281836 0.323636 
0.000000 0.000000 0.000000 0.042175 -0.037625 -0.049290 0.126922 -0.342771 0.240186 0.037348 -0.243744 0.274465 -0.025510 -0.155825 0.272239 -0.074281 -0.078920 0.258118 -0.091918 -0.287610 0.082516 -0.175825 -0.444035 0.164991 -0.187304 -0.565356 0.261096 0.036473 -0.514978 0.356737 -0.018191 -0.619055 0.427177 -0.087405 -0.694466 0.482996 -0.137293 -0.366667 0.378699 -0.256074 -0.450271 0.449593 -0.380692 -0.497025 0.479986 -0.201031 -0.255689 0.334955 -0.326891 -0.327297 0.379927 -0.448610 -0.378646 0.408487 -0.219355 -0.169112 0.295606 -0.319212 -0.231193 0.321410 -0.422818 -0.280515 0.327433 
0.000000 0.000000 0.000000 0.041678 -0.037843 -0.049545 0.125019 -0.344410 0.238836 0.036393 -0.244740 0.273706 -0.025752 -0.156303 0.271942 -0.073944 -0.078966 0.258201 -0.094498 -0.287030 0.081635 -0.179708 -0.442955 0.163719 -0.191276 -0.565127 0.258729 0.033710 -0.516936 0.354237 -0.021474 -0.621206 0.423982 -0.091275 -0.696541 0.479170 -0.137169 -0.368194 0.379109 -0.255216 -0.452161 0.450798 -0.379642 -0.498624 0.482399 -0.200790 -0.256665 0.335210 -0.326303 -0.328630 0.380578 -0.447805 -0.379527 0.410823 -0.218895 -0.168682 0.297272 -0.318668 -0.230435 0.324165 -0.422485 -0.279043 0.332066 