40
0.000000 0.000000 0.000000 -0.029919 -0.032261 -0.060728 -0.068928 -0.403653 0.153633 -0.027565 -0.297006 0.217175 0.001340 -0.203644 0.239945 0.020147 -0.134255 0.244828 -0.206302 -0.243906 0.087400 -0.316670 -0.376339 0.180089 -0.395788 -0.497553 0.236075 -0.156447 -0.530628 0.319880 -0.209341 -0.607368 0.420355 -0.293668 -0.628558 0.498029 -0.103829 -0.424441 0.402697 -0.155698 -0.511115 0.528879 -0.247396 -0.539314 0.626016 -0.079962 -0.299292 0.410107 -0.138260 -0.367877 0.532124 -0.237120 -0.395656 0.620006 -0.074528 -0.177542 0.385360 -0.139695 -0.207337 0.482090 -0.243951 -0.192292 0.527998 
0.000000 0.000000 0.000000 -0.024594 -0.034815 -0.061701 -0.045265 -0.406741 0.154282 -0.015007 -0.296870 0.218587 0.005707 -0.201446 0.241729 0.018987 -0.130803 0.246782 -0.193392 -0.255045 0.082702 -0.299015 -0.392850 0.173060 -0.371999 -0.518262 0.228125 -0.108867 -0.556280 0.312437 -0.147307 -0.646657 0.408022 -0.228602 -0.677394 0.485735 -0.087292 -0.426705 0.404038 -0.136456 -0.515011 0.530171 -0.226718 -0.548692 0.626906 -0.072148 -0.300545 0.411528 -0.127975 -0.371604 0.533285 -0.224641 -0.406576 0.621039 -0.076750 -0.177361 0.385537 -0.142647 -0.209408 0.481045 -0.248143 -0.200298 0.525664 
0.000000 0.000000 0.000000 -0.016137 -0.037392 -0.062971 -0.011863 -0.408993 0.154514 0.001550 -0.296371 0.219771 0.010049 -0.199219 0.243428 0.015177 -0.127540 0.248745 -0.170241 -0.266278 0.084370 -0.266669 -0.409500 0.176567 -0.328272 -0.538626 0.236719 -0.066991 -0.561125 0.313375 -0.100309 -0.653069 0.409386 -0.180059 -0.689049 0.486448 -0.062757 -0.427047 0.407554 -0.106495 -0.515926 0.535273 -0.195757 -0.554065 0.631279 -0.065025 -0.296431 0.415554 -0.118858 -0.366138 0.538979 -0.214900 -0.405448 0.625573 -0.084915 -0.178047 0.382973 -0.153811 -0.212811 0.475364 -0.261694 -0.210176 0.514828 
0.000000 0.000000 0.000000 -0.010084 -0.038571 -0.063518 0.021017 -0.408722 0.154257 0.021173 -0.295524 0.219896 0.019508 -0.198073 0.243789 0.017611 -0.126246 0.249244 -0.147167 -0.273437 0.091053 -0.232944 -0.420402 0.187774 -0.280418 -0.550975 0.256938 -0.028872 -0.557205 0.318220 -0.059024 -0.646945 0.417314 -0.135893 -0.687431 0.495066 -0.037452 -0.425290 0.410155 -0.077324 -0.513549 0.539558 -0.167335 -0.553517 0.634109 -0.053182 -0.290850 0.419351 -0.105304 -0.357377 0.545241 -0.199933 -0.399287 0.632172 -0.084847 -0.180705 0.380099 -0.155371 -0.218191 0.470168 -0.264168 -0.222149 0.506921 
0.000000 0.000000 0.000000 -0.003004 -0.039296 -0.063802 0.059803 -0.404220 0.155949 0.044545 -0.291873 0.221276 0.031018 -0.195274 0.244852 0.020901 -0.124119 0.250057 -0.121002 -0.276836 0.102021 -0.194838 -0.425473 0.205781 -0.228053 -0.556842 0.281451 0.012614 -0.549029 0.323948 -0.015906 -0.636547 0.425482 -0.089819 -0.681256 0.503783 -0.010468 -0.420678 0.413259 -0.047885 -0.508283 0.543834 -0.139999 -0.549338 0.635859 -0.039952 -0.287721 0.421290 -0.090841 -0.354011 0.547808 -0.184937 -0.400053 0.633213 -0.079410 -0.181817 0.381187 -0.148456 -0.221532 0.471445 -0.255430 -0.233041 0.511784 
0.000000 0.000000 0.000000 0.002562 -0.039376 -0.063772 0.093260 -0.396816 0.158524 0.065573 -0.286445 0.223129 0.042297 -0.191569 0.246086 0.025349 -0.121693 0.250837 -0.096205 -0.278454 0.112106 -0.158008 -0.428053 0.222159 -0.176168 -0.558066 0.304946 0.054173 -0.540217 0.329780 0.030549 -0.626884 0.433282 -0.039501 -0.674909 0.513155 0.016413 -0.413522 0.417832 -0.017024 -0.499953 0.550257 -0.110727 -0.541822 0.640290 -0.022682 -0.291007 0.421025 -0.069276 -0.362310 0.546467 -0.160319 -0.416878 0.630142 -0.074332 -0.182742 0.380926 -0.142944 -0.224762 0.470469 -0.247939 -0.243901 0.513045 
0.000000 0.000000 0.000000 0.004491 -0.039504 -0.063586 0.105299 -0.392800 0.160968 0.073268 -0.283199 0.224872 0.046555 -0.189089 0.247233 0.027189 -0.119816 0.251547 -0.084104 -0.276570 0.120254 -0.139541 -0.424910 0.235289 -0.150086 -0.553531 0.321500 0.069083 -0.535414 0.333507 0.047195 -0.621606 0.437784 -0.020983 -0.670488 0.518751 0.027226 -0.408414 0.421533 -0.004088 -0.493578 0.555291 -0.098323 -0.534740 0.645096 -0.012706 -0.287624 0.424695 -0.055199 -0.358280 0.551946 -0.142591 -0.415325 0.637833 -0.072572 -0.177413 0.383140 -0.141240 -0.217058 0.473718 -0.245158 -0.239012 0.517559 
0.000000 0.000000 0.000000 0.005030 -0.039813 -0.063352 0.108523 -0.390898 0.163439 0.075298 -0.281246 0.226645 0.047649 -0.187267 0.248409 0.027625 -0.118155 0.252284 -0.082348 -0.272425 0.126656 -0.137024 -0.417978 0.245551 -0.146839 -0.545864 0.332934 0.073157 -0.533079 0.336510 0.051783 -0.619010 0.441110 -0.018813 -0.665329 0.521509 0.029040 -0.404509 0.424486 -0.002422 -0.488344 0.559046 -0.099046 -0.527633 0.647135 -0.011497 -0.285961 0.425821 -0.053909 -0.356731 0.553036 -0.139900 -0.414976 0.639529 -0.070321 -0.178832 0.383856 -0.137739 -0.220597 0.474420 -0.236517 -0.249137 0.525719 
0.000000 0.000000 0.000000 0.008512 -0.039153 -0.063391 0.118791 -0.387459 0.164483 0.079378 -0.279625 0.227257 0.047409 -0.186950 0.248693 0.024577 -0.118702 0.252343 -0.073149 -0.272322 0.128468 -0.124248 -0.418223 0.248521 -0.128781 -0.546662 0.335525 0.083122 -0.530605 0.336695 0.061564 -0.617119 0.440775 -0.011354 -0.662857 0.519414 0.031552 -0.402103 0.425213 -0.000976 -0.485405 0.559850 -0.099022 -0.525908 0.645791 -0.011898 -0.286903 0.425345 -0.054426 -0.358575 0.552015 -0.140095 -0.418981 0.637338 -0.071503 -0.182779 0.383679 -0.137636 -0.226884 0.474080 -0.233593 -0.261539 0.526943 
0.000000 0.000000 0.000000 0.007215 -0.038991 -0.063652 0.123426 -0.387495 0.160947 0.085121 -0.279907 0.224820 0.053385 -0.187365 0.247165 0.030457 -0.119188 0.251471 -0.063341 -0.275367 0.128686 -0.107491 -0.423276 0.249039 -0.105649 -0.552920 0.334339 0.094225 -0.532418 0.332891 0.076577 -0.620006 0.436809 0.003969 -0.666737 0.515152 0.043864 -0.403344 0.423655 0.015803 -0.487299 0.558891 -0.081253 -0.529364 0.645204 0.001668 -0.291297 0.423905 -0.035417 -0.365823 0.550639 -0.116048 -0.430548 0.637687 -0.064673 -0.185223 0.382529 -0.130152 -0.230676 0.472738 -0.224045 -0.267633 0.527707 
0.000000 0.000000 0.000000 0.008096 -0.039365 -0.063314 0.124763 -0.385472 0.164729 0.085074 -0.277741 0.227507 0.052451 -0.185289 0.248924 0.028983 -0.117256 0.252551 -0.058027 -0.276188 0.130047 -0.099402 -0.424377 0.251041 -0.093984 -0.554675 0.335183 0.097519 -0.530759 0.336687 0.081053 -0.618567 0.440614 0.009342 -0.667710 0.518303 0.049000 -0.404765 0.425087 0.024466 -0.491160 0.559470 -0.070460 -0.536593 0.646443 0.004032 -0.290542 0.425817 -0.030687 -0.366015 0.552660 -0.106373 -0.434329 0.641389 -0.063345 -0.183697 0.385395 -0.126896 -0.229429 0.476834 -0.216256 -0.269413 0.536994 
0.000000 0.000000 0.000000 0.010566 -0.039510 -0.062858 0.133937 -0.380117 0.169889 0.089610 -0.273303 0.231112 0.053626 -0.181811 0.251227 0.027916 -0.114549 0.253910 -0.046554 -0.279477 0.129495 -0.082295 -0.429632 0.249857 -0.070370 -0.561164 0.331369 0.104425 -0.522925 0.343541 0.086590 -0.609235 0.448492 0.013555 -0.659458 0.524234 0.054406 -0.399928 0.429105 0.030462 -0.486051 0.563768 -0.063575 -0.534932 0.649831 0.004173 -0.286337 0.428265 -0.031288 -0.361290 0.555212 -0.104769 -0.431774 0.644097 -0.065241 -0.178436 0.387426 -0.129363 -0.222411 0.479328 -0.217240 -0.264376 0.540316 
0.000000 0.000000 0.000000 0.013248 -0.038912 -0.062723 0.144441 -0.375440 0.171674 0.095020 -0.270505 0.232240 0.055309 -0.180454 0.251840 0.027095 -0.114189 0.254161 -0.037085 -0.279937 0.130202 -0.068579 -0.430754 0.250922 -0.050543 -0.560952 0.333446 0.113562 -0.516716 0.346338 0.094899 -0.602099 0.451901 0.021148 -0.653172 0.526368 0.059709 -0.396473 0.430633 0.035693 -0.482149 0.565568 -0.057791 -0.533337 0.650890 0.007019 -0.284872 0.429263 -0.027609 -0.359746 0.556485 -0.099114 -0.432490 0.645161 -0.064673 -0.177595 0.388863 -0.127838 -0.221237 0.481581 -0.215188 -0.263892 0.542849 
0.000000 0.000000 0.000000 0.012304 -0.039240 -0.062712 0.143301 -0.375922 0.171575 0.095313 -0.270389 0.232256 0.056498 -0.179963 0.251927 0.028821 -0.113474 0.254291 -0.033708 -0.282600 0.128351 -0.062500 -0.434879 0.247906 -0.042312 -0.566749 0.327213 0.116301 -0.518178 0.346087 0.099982 -0.604154 0.451556 0.027320 -0.656795 0.526002 0.064911 -0.400010 0.429102 0.044234 -0.488170 0.562985 -0.045125 -0.542692 0.650631 0.010843 -0.287140 0.428399 -0.021895 -0.363993 0.554941 -0.088461 -0.439221 0.645371 -0.069194 -0.180452 0.382718 -0.136660 -0.226555 0.471116 -0.229748 -0.268311 0.523975 
0.000000 0.000000 0.000000 0.011560 -0.039299 -0.062816 0.147255 -0.375050 0.170128 0.099719 -0.269605 0.231315 0.060828 -0.179301 0.251391 0.032921 -0.112919 0.254041 -0.025519 -0.285621 0.126384 -0.048722 -0.439753 0.244774 -0.024389 -0.572162 0.321992 0.122651 -0.518647 0.343895 0.107780 -0.605433 0.448914 0.035073 -0.659861 0.522020 0.077422 -0.400976 0.428086 0.062257 -0.490326 0.561919 -0.024132 -0.548588 0.650133 0.014277 -0.288170 0.426589 -0.019103 -0.366236 0.552216 -0.084375 -0.443754 0.641651 -0.078721 -0.182542 0.369258 -0.155565 -0.230465 0.448565 -0.258761 -0.268936 0.481333 
0.000000 0.000000 0.000000 0.011906 -0.038965 -0.062959 0.149804 -0.374644 0.168793 0.101446 -0.269788 0.230348 0.061882 -0.179849 0.250741 0.033492 -0.113682 0.253626 -0.023086 -0.287267 0.124039 -0.044982 -0.442638 0.241050 -0.017974 -0.575849 0.315964 0.121630 -0.517583 0.342560 0.104603 -0.603971 0.447580 0.029454 -0.657359 0.518963 0.076226 -0.405044 0.424112 0.059073 -0.497036 0.555899 -0.028066 -0.556557 0.642521 0.014790 -0.290052 0.424957 -0.018979 -0.369075 0.549881 -0.084352 -0.447165 0.638742 -0.075858 -0.179496 0.373196 -0.151126 -0.224797 0.455500 -0.254841 -0.260921 0.489286 
0.000000 0.000000 0.000000 0.007180 -0.039320 -0.063453 0.137817 -0.382261 0.161782 0.097541 -0.275289 0.225476 0.063501 -0.183529 0.247651 0.038648 -0.116021 0.251827 -0.023678 -0.292759 0.117276 -0.042986 -0.451345 0.230364 -0.014902 -0.587638 0.299083 0.105868 -0.532290 0.328787 0.086560 -0.622963 0.429721 0.007850 -0.675172 0.498074 0.070560 -0.416305 0.414845 0.052210 -0.512216 0.543643 -0.035696 -0.572794 0.628744 0.014402 -0.296695 0.419396 -0.020804 -0.377842 0.542548 -0.085101 -0.456401 0.631781 -0.071355 -0.182250 0.370566 -0.147073 -0.227837 0.452297 -0.250219 -0.263413 0.488330 
0.000000 0.000000 0.000000 0.005365 -0.038259 -0.064276 0.132854 -0.387829 0.152410 0.095745 -0.281302 0.218722 0.063893 -0.189328 0.243144 0.040451 -0.121439 0.248973 -0.024983 -0.295185 0.111549 -0.043973 -0.455953 0.221569 -0.014911 -0.594622 0.284918 0.096035 -0.542170 0.314408 0.073782 -0.635449 0.412315 -0.006893 -0.686813 0.478997 0.066107 -0.425648 0.405163 0.045948 -0.523823 0.531969 -0.040786 -0.585385 0.617565 0.016458 -0.301579 0.415954 -0.017555 -0.382070 0.539870 -0.079636 -0.459958 0.631233 -0.068699 -0.187525 0.368576 -0.143829 -0.233014 0.450902 -0.246926 -0.267177 0.488411 
0.000000 0.000000 0.000000 0.003808 -0.037867 -0.064618 0.130077 -0.390646 0.147533 0.095483 -0.284111 0.215177 0.065270 -0.191897 0.240752 0.042841 -0.123745 0.247433 -0.023306 -0.296692 0.108936 -0.040272 -0.458648 0.217535 -0.008695 -0.599437 0.274701 0.089104 -0.547780 0.305807 0.064342 -0.642747 0.401462 -0.017888 -0.693587 0.466629 0.066315 -0.431081 0.399632 0.046477 -0.531041 0.525087 -0.041008 -0.592226 0.610189 0.019081 -0.301666 0.415484 -0.014039 -0.380377 0.540777 -0.075512 -0.456522 0.634003 -0.068009 -0.189536 0.365628 -0.144308 -0.234821 0.446985 -0.249368 -0.266177 0.481370 
0.000000 0.000000 0.000000 0.003921 -0.037448 -0.064855 0.129603 -0.391656 0.145254 0.094920 -0.285547 0.213519 0.064697 -0.193487 0.239632 0.042285 -0.125369 0.246710 -0.022881 -0.297004 0.107652 -0.039653 -0.459417 0.215595 -0.006776 -0.601910 0.267574 0.085897 -0.550041 0.301537 0.059483 -0.645764 0.395990 -0.023424 -0.696487 0.460386 0.063763 -0.431915 0.398127 0.042573 -0.531466 0.523687 -0.045526 -0.592236 0.608450 0.019929 -0.303365 0.414664 -0.012173 -0.382154 0.540174 -0.072842 -0.457942 0.634213 -0.065981 -0.193986 0.365691 -0.140502 -0.241217 0.447587 -0.244986 -0.274047 0.482350 
0.000000 0.000000 0.000000 0.002148 -0.037305 -0.065020 0.125909 -0.394127 0.141779 0.094172 -0.287689 0.210959 0.065905 -0.195239 0.237874 0.044721 -0.126795 0.245549 -0.023323 -0.298172 0.105701 -0.039261 -0.461406 0.212527 -0.006655 -0.605054 0.261405 0.083165 -0.555739 0.294993 0.057332 -0.653413 0.387592 -0.025813 -0.704010 0.451779 0.064496 -0.434673 0.395322 0.044312 -0.534642 0.520715 -0.044534 -0.594873 0.605082 0.025724 -0.307406 0.412568 -0.003088 -0.387837 0.537834 -0.062551 -0.464232 0.632153 -0.059948 -0.199490 0.365325 -0.131993 -0.249528 0.447768 -0.234803 -0.284575 0.485250 
0.000000 0.000000 0.000000 0.001424 -0.036568 -0.065457 0.123237 -0.396838 0.136463 0.092867 -0.290931 0.207056 0.065589 -0.198552 0.235205 0.045062 -0.130015 0.243796 -0.025123 -0.297553 0.104919 -0.041734 -0.460861 0.211530 -0.011265 -0.605104 0.260030 0.078929 -0.562209 0.285156 0.052150 -0.662154 0.375021 -0.031902 -0.712486 0.438230 0.063312 -0.440449 0.389389 0.043210 -0.542142 0.513401 -0.047435 -0.601259 0.596636 0.027848 -0.311079 0.410210 0.000784 -0.391768 0.535700 -0.058688 -0.468364 0.629850 -0.057519 -0.204766 0.364111 -0.128127 -0.256219 0.446927 -0.230269 -0.292195 0.485345 
0.000000 0.000000 0.000000 0.000486 -0.035687 -0.065955 0.120580 -0.399822 0.129973 0.091869 -0.294598 0.202261 0.065743 -0.202352 0.231901 0.045961 -0.133744 0.241601 -0.028538 -0.296106 0.104883 -0.046700 -0.459059 0.211783 -0.019970 -0.602688 0.264157 0.074239 -0.567378 0.275568 0.046233 -0.668644 0.363562 -0.037765 -0.719289 0.426590 0.060785 -0.446061 0.382725 0.039644 -0.549077 0.505465 -0.052168 -0.607575 0.587854 0.029173 -0.316644 0.406009 0.002950 -0.398598 0.530855 -0.057168 -0.475713 0.624167 -0.055710 -0.210625 0.361345 -0.125692 -0.263544 0.443767 -0.227654 -0.299518 0.482661 
0.000000 0.000000 0.000000 -0.000444 -0.035209 -0.066212 0.118356 -0.401772 0.125943 0.091237 -0.296834 0.199255 0.066187 -0.204586 0.229804 0.047089 -0.135885 0.240186 -0.032383 -0.295177 0.104793 -0.052369 -0.457848 0.211798 -0.029355 -0.600279 0.268985 0.071139 -0.563023 0.278221 0.042603 -0.660479 0.370255 -0.040496 -0.710010 0.435327 0.057597 -0.449520 0.378224 0.034717 -0.553367 0.499948 -0.059056 -0.609904 0.581494 0.027983 -0.319723 0.403002 0.000587 -0.402283 0.527196 -0.059974 -0.479548 0.620096 -0.054266 -0.208823 0.362633 -0.124031 -0.259027 0.446917 -0.225995 -0.291603 0.488692 
0.000000 0.000000 0.000000 0.001849 -0.034456 -0.066583 0.120103 -0.401627 0.124745 0.089591 -0.297887 0.198429 0.062496 -0.206322 0.229285 0.042216 -0.137994 0.239888 -0.035451 -0.291240 0.108109 -0.058791 -0.451918 0.217419 -0.038143 -0.592549 0.279737 0.071959 -0.561745 0.277927 0.042862 -0.658516 0.370505 -0.039914 -0.708454 0.435677 0.055474 -0.449772 0.377987 0.032269 -0.553076 0.500112 -0.061708 -0.609399 0.581571 0.026314 -0.321411 0.402949 0.000369 -0.403938 0.527476 -0.059404 -0.481888 0.620314 -0.056894 -0.212283 0.363358 -0.125113 -0.263418 0.448344 -0.226124 -0.296982 0.491626 
0.000000 0.000000 0.000000 0.004231 -0.033854 -0.066782 0.123069 -0.400721 0.124767 0.088881 -0.298109 0.198416 0.059479 -0.207251 0.229250 0.037821 -0.139345 0.239841 -0.036880 -0.287019 0.112281 -0.062605 -0.445434 0.224326 -0.044809 -0.585073 0.289680 0.071736 -0.559953 0.277837 0.040712 -0.656189 0.370347 -0.042142 -0.706212 0.435356 0.052410 -0.448655 0.378638 0.027606 -0.551048 0.501214 -0.066993 -0.606627 0.582463 0.023010 -0.321856 0.403173 -0.003142 -0.404036 0.527886 -0.061126 -0.482677 0.621275 -0.060767 -0.213670 0.363706 -0.128627 -0.264828 0.448965 -0.228288 -0.300403 0.493745 
0.000000 0.000000 0.000000 0.005455 -0.033711 -0.066766 0.122749 -0.400427 0.126020 0.086937 -0.298098 0.199290 0.056653 -0.207424 0.229808 0.034536 -0.139631 0.240170 -0.040855 -0.284387 0.114516 -0.069832 -0.441245 0.227950 -0.057217 -0.581781 0.292581 0.067340 -0.555780 0.281633 0.033851 -0.649671 0.375681 -0.049760 -0.698636 0.440525 0.049894 -0.447293 0.380517 0.024700 -0.548767 0.503776 -0.070558 -0.603525 0.584812 0.021011 -0.321867 0.404010 -0.004547 -0.403930 0.528923 -0.060181 -0.483495 0.622957 -0.064552 -0.212601 0.364441 -0.132757 -0.262827 0.449978 -0.231334 -0.299896 0.495929 
0.000000 0.000000 0.000000 0.003323 -0.033770 -0.066876 0.119366 -0.402364 0.123065 0.086940 -0.299507 0.197166 0.058834 -0.208374 0.228397 0.038047 -0.140243 0.239281 -0.042562 -0.287056 0.110852 -0.071273 -0.445545 0.222064 -0.061293 -0.587733 0.283463 0.066405 -0.559795 0.277438 0.034397 -0.654941 0.370737 -0.049389 -0.703688 0.435520 0.050992 -0.450815 0.376855 0.026542 -0.553726 0.499068 -0.068682 -0.608236 0.580311 0.025040 -0.324567 0.401806 0.000807 -0.407885 0.526151 -0.054510 -0.487581 0.620262 -0.059971 -0.216722 0.362283 -0.127439 -0.269364 0.446948 -0.225827 -0.306265 0.493439 
0.000000 0.000000 0.000000 0.002723 -0.033581 -0.066999 0.120102 -0.402808 0.120880 0.088393 -0.300139 0.195552 0.060628 -0.209076 0.227284 0.039989 -0.140960 0.238542 -0.043692 -0.283074 0.115882 -0.072734 -0.439190 0.230317 -0.064256 -0.577630 0.299954 0.066619 -0.561271 0.274011 0.034295 -0.657041 0.366560 -0.049668 -0.705717 0.431166 0.053974 -0.452182 0.374919 0.030564 -0.555593 0.496914 -0.065214 -0.609597 0.577844 0.028995 -0.324741 0.401452 0.006312 -0.407680 0.526341 -0.050648 -0.486840 0.619922 -0.055924 -0.216647 0.363675 -0.121943 -0.268743 0.449808 -0.221273 -0.304638 0.495067 
0.000000 0.000000 0.000000 0.002306 -0.033574 -0.067018 0.121239 -0.402714 0.120053 0.089941 -0.300077 0.194941 0.062312 -0.209038 0.226862 0.041691 -0.140941 0.238262 -0.043028 -0.279826 0.120469 -0.071395 -0.433915 0.237785 -0.062714 -0.569316 0.313137 0.068073 -0.560734 0.273752 0.035941 -0.656236 0.366644 -0.048187 -0.704148 0.431606 0.056415 -0.451847 0.374707 0.033612 -0.555073 0.496974 -0.062283 -0.609152 0.577714 0.031126 -0.325353 0.400678 0.008764 -0.408758 0.525315 -0.047614 -0.488624 0.618648 -0.053965 -0.216140 0.363885 -0.119807 -0.267901 0.450355 -0.219249 -0.303802 0.495361 
0.000000 0.000000 0.000000 0.003298 -0.033274 -0.067126 0.124123 -0.401962 0.119625 0.091062 -0.299952 0.194611 0.062204 -0.209328 0.226625 0.040787 -0.141489 0.238094 -0.044218 -0.275029 0.125600 -0.073951 -0.426304 0.246194 -0.066196 -0.554102 0.333912 0.069191 -0.556795 0.275924 0.035992 -0.650371 0.370387 -0.048610 -0.696735 0.435856 0.056812 -0.450986 0.374862 0.033517 -0.553710 0.497458 -0.063098 -0.607035 0.577840 0.029680 -0.327154 0.399172 0.006359 -0.411643 0.522900 -0.050481 -0.492414 0.615168 -0.054672 -0.216842 0.363775 -0.120378 -0.268709 0.450284 -0.220238 -0.304035 0.494817 
0.000000 0.000000 0.000000 0.003011 -0.033272 -0.067140 0.123707 -0.402228 0.119163 0.091097 -0.300162 0.194272 0.062526 -0.209484 0.226392 0.041282 -0.141604 0.237940 -0.049658 -0.269253 0.131317 -0.082615 -0.416914 0.255498 -0.074817 -0.532433 0.358849 0.067135 -0.552477 0.279304 0.032945 -0.643283 0.376089 -0.052766 -0.687582 0.441544 0.052815 -0.449343 0.375252 0.026779 -0.550808 0.498344 -0.072567 -0.601389 0.577156 0.027420 -0.328978 0.397279 0.002248 -0.414662 0.519816 -0.057609 -0.495444 0.610146 -0.056678 -0.216874 0.361731 -0.124107 -0.268684 0.446939 -0.224711 -0.303883 0.489869 
0.000000 0.000000 0.000000 0.002708 -0.032860 -0.067356 0.123115 -0.403262 0.116246 0.091002 -0.301587 0.192096 0.062759 -0.211043 0.224874 0.041720 -0.143184 0.236915 -0.053561 -0.262707 0.137218 -0.088770 -0.406530 0.265226 -0.078525 -0.513110 0.377577 0.063616 -0.551978 0.276756 0.027656 -0.641859 0.373764 -0.058366 -0.685138 0.439492 0.050591 -0.450914 0.372493 0.023105 -0.552477 0.495187 -0.077404 -0.601243 0.573668 0.024958 -0.331700 0.394364 -0.002149 -0.418218 0.515898 -0.063710 -0.499047 0.605032 -0.054361 -0.220698 0.360795 -0.120496 -0.274051 0.446065 -0.220821 -0.308912 0.489913 
0.000000 0.000000 0.000000 0.003634 -0.032020 -0.067715 0.125383 -0.403598 0.112595 0.091686 -0.303118 0.189343 0.062366 -0.213213 0.222928 0.040641 -0.145682 0.235576 -0.055578 -0.254781 0.143750 -0.092629 -0.394171 0.276072 -0.081597 -0.493863 0.394506 0.062068 -0.549822 0.273933 0.023802 -0.638196 0.371441 -0.062936 -0.678887 0.437879 0.050185 -0.451197 0.370519 0.021958 -0.551912 0.493743 -0.079450 -0.599178 0.571984 0.022478 -0.332770 0.392718 -0.006125 -0.418500 0.514468 -0.072485 -0.497550 0.601735 -0.054608 -0.223506 0.359904 -0.120169 -0.277074 0.445481 -0.220763 -0.312840 0.487962 
0.000000 0.000000 0.000000 0.001462 -0.032347 -0.067642 0.119297 -0.405734 0.111527 0.089429 -0.304272 0.188569 0.062760 -0.213640 0.222408 0.042749 -0.145617 0.235243 -0.060172 -0.250466 0.147930 -0.098740 -0.386952 0.282820 -0.091185 -0.484370 0.403400 0.053393 -0.548550 0.274868 0.013563 -0.634865 0.373587 -0.074693 -0.672222 0.439984 0.047146 -0.451763 0.370044 0.018389 -0.552078 0.493472 -0.083744 -0.597945 0.571603 0.016168 -0.332180 0.391201 -0.017242 -0.417181 0.512236 -0.092836 -0.490761 0.596732 -0.054166 -0.225550 0.356917 -0.120874 -0.280570 0.440667 -0.221204 -0.317255 0.482991 
0.000000 0.000000 0.000000 -0.000009 -0.031805 -0.067914 0.111017 -0.409305 0.106933 0.084335 -0.307827 0.185115 0.060141 -0.216889 0.219974 0.041853 -0.148530 0.233577 -0.068109 -0.245938 0.149699 -0.110722 -0.379929 0.285867 -0.105859 -0.477610 0.406373 0.035273 -0.546997 0.270407 -0.010505 -0.630214 0.369207 -0.101454 -0.661063 0.435312 0.040286 -0.454461 0.366863 0.010327 -0.554193 0.490477 -0.091616 -0.596924 0.570609 0.007981 -0.331565 0.389804 -0.029421 -0.413796 0.511583 -0.111413 -0.481448 0.595061 -0.055355 -0.226566 0.356244 -0.122266 -0.280280 0.440677 -0.223425 -0.313983 0.483505 
0.000000 0.000000 0.000000 -0.003124 -0.031394 -0.068034 0.101103 -0.413248 0.101463 0.080109 -0.311427 0.180923 0.059927 -0.219968 0.216954 0.044266 -0.151141 0.231448 -0.077826 -0.240841 0.151961 -0.124571 -0.371899 0.289620 -0.124401 -0.468046 0.411450 0.019508 -0.545124 0.266905 -0.029805 -0.624827 0.366894 -0.122497 -0.649229 0.433271 0.035000 -0.456973 0.363286 0.004320 -0.555965 0.487317 -0.099089 -0.594146 0.567867 0.007180 -0.332088 0.388304 -0.030643 -0.412485 0.511171 -0.115251 -0.475137 0.595932 -0.054056 -0.226869 0.354672 -0.121733 -0.278994 0.439491 -0.223620 -0.309071 0.483280 
0.000000 0.000000 0.000000 -0.006817 -0.031058 -0.067918 0.088670 -0.417128 0.097120 0.074546 -0.314796 0.177437 0.059246 -0.222727 0.214310 0.046799 -0.153388 0.229462 -0.086119 -0.235770 0.154906 -0.135742 -0.363865 0.294334 -0.139389 -0.459234 0.416721 0.004388 -0.542746 0.266048 -0.046550 -0.618667 0.368143 -0.138360 -0.638871 0.437105 0.026187 -0.458087 0.360749 -0.006704 -0.555546 0.485427 -0.111375 -0.586863 0.567296 0.005347 -0.331763 0.387283 -0.033302 -0.409948 0.511316 -0.119745 -0.467397 0.597891 -0.052123 -0.226638 0.353700 -0.120214 -0.277056 0.439216 -0.222214 -0.303161 0.485235 
0.000000 0.000000 0.000000 -0.015312 -0.030014 -0.066997 0.067756 -0.423006 0.088121 0.068453 -0.320517 0.169470 0.063195 -0.227871 0.207672 0.057137 -0.157941 0.223967 -0.093329 -0.233382 0.157504 -0.142147 -0.360637 0.297982 -0.146080 -0.456001 0.420363 -0.015839 -0.537770 0.264930 -0.066362 -0.607130 0.371788 -0.154950 -0.620704 0.446360 0.023830 -0.462908 0.354425 -0.006520 -0.559753 0.480220 -0.107802 -0.585977 0.567933 0.012358 -0.337637 0.381109 -0.024096 -0.416346 0.505475 -0.110309 -0.469301 0.595092 -0.040760 -0.229526 0.349975 -0.108145 -0.278800 0.436708 -0.209202 -0.300509 0.486901 
0.000000 0.000000 0.000000 -0.021073 -0.027802 -0.066384 0.048263 -0.427795 0.077150 0.059861 -0.327091 0.159892 0.062331 -0.235045 0.199788 0.061352 -0.165208 0.217517 -0.106033 -0.227188 0.159166 -0.159195 -0.351952 0.300300 -0.171351 -0.447460 0.422027 -0.035885 -0.529767 0.261381 -0.086741 -0.591396 0.372725 -0.170605 -0.597208 0.453510 0.019564 -0.466886 0.347796 -0.007843 -0.561967 0.475597 -0.103859 -0.581843 0.570598 0.015864 -0.345788 0.373829 -0.017455 -0.425198 0.498628 -0.104030 -0.471092 0.591722 -0.032415 -0.231984 0.349179 -0.096956 -0.277948 0.439805 -0.195894 -0.293515 0.496125 