45
0.000000 0.000000 0.000000 -0.059178 -0.014706 -0.043653 -0.238138 -0.283359 0.232998 -0.109901 -0.209352 0.283250 -0.017776 -0.139321 0.281638 0.052272 -0.078541 0.263572 -0.292507 0.015504 0.162480 -0.411895 0.017391 0.317574 -0.446315 -0.010517 0.466313 -0.319934 -0.331422 0.438958 -0.373187 -0.215308 0.488595 -0.403392 -0.102707 0.489969 -0.211193 -0.208968 0.498225 -0.270839 -0.063153 0.462102 -0.284032 0.040536 0.374273 -0.132566 -0.073822 0.446704 -0.200210 0.056713 0.409614 -0.222669 0.153976 0.318490 -0.058061 0.030437 0.344420 -0.135582 0.120396 0.324690 -0.180007 0.184706 0.240466 
0.000000 0.000000 0.000000 -0.053934 -0.023595 -0.046457 -0.201749 -0.318404 0.221826 -0.089331 -0.225436 0.278093 -0.009381 -0.141801 0.280804 0.051048 -0.070687 0.266024 -0.301021 -0.038201 0.144805 -0.431435 -0.056240 0.289642 -0.459388 -0.087948 0.438974 -0.285778 -0.384066 0.421945 -0.357946 -0.279225 0.472761 -0.401740 -0.171202 0.470260 -0.182049 -0.260514 0.494074 -0.275866 -0.130018 0.476943 -0.319164 -0.023507 0.403322 -0.133627 -0.106218 0.448167 -0.229777 0.008868 0.425774 -0.276022 0.105505 0.343368 -0.076157 0.016968 0.348010 -0.167472 0.093114 0.329179 -0.226230 0.153364 0.250945 
0.000000 0.000000 0.000000 -0.041849 -0.034573 -0.051742 -0.154533 -0.353986 0.205192 -0.071784 -0.239162 0.271636 -0.012236 -0.140405 0.281395 0.033085 -0.058050 0.271858 -0.291732 -0.086161 0.129210 -0.435498 -0.121287 0.257307 -0.459192 -0.156193 0.406662 -0.245988 -0.432438 0.397289 -0.335287 -0.341281 0.447268 -0.391937 -0.239473 0.442904 -0.157989 -0.297535 0.485261 -0.281710 -0.193578 0.488514 -0.364827 -0.094838 0.444001 -0.140468 -0.134970 0.449445 -0.256567 -0.039226 0.430876 -0.331394 0.051532 0.364302 -0.107020 -0.002616 0.360648 -0.206354 0.057647 0.329147 -0.277745 0.111882 0.257278 
0.000000 0.000000 0.000000 -0.026215 -0.042602 -0.055873 -0.098540 -0.380588 0.191657 -0.052232 -0.250801 0.265533 -0.017514 -0.141431 0.280600 0.009530 -0.051068 0.275086 -0.270711 -0.119930 0.123259 -0.423701 -0.168318 0.235348 -0.454839 -0.210972 0.381286 -0.201993 -0.455235 0.379129 -0.306934 -0.382145 0.428397 -0.380333 -0.291605 0.425534 -0.142601 -0.315742 0.475511 -0.285432 -0.242245 0.493457 -0.401173 -0.170238 0.485811 -0.151980 -0.156365 0.443111 -0.285646 -0.085265 0.434799 -0.390646 -0.011362 0.392595 -0.138553 -0.023405 0.363924 -0.249385 0.016883 0.339751 -0.338546 0.057987 0.280051 
0.000000 0.000000 0.000000 -0.003544 -0.047302 -0.058085 -0.022396 -0.395906 0.184519 -0.026746 -0.259539 0.260886 -0.026349 -0.145084 0.278033 -0.024475 -0.050695 0.274230 -0.244177 -0.142428 0.117679 -0.394750 -0.201952 0.227660 -0.443625 -0.264008 0.361253 -0.154613 -0.462265 0.356377 -0.273970 -0.426035 0.413153 -0.368454 -0.357879 0.417706 -0.135976 -0.319834 0.463143 -0.288075 -0.265149 0.463128 -0.417394 -0.221864 0.469637 -0.167616 -0.171476 0.433148 -0.308411 -0.121352 0.407554 -0.430908 -0.073777 0.375941 -0.168355 -0.045906 0.373537 -0.278258 -0.024113 0.329518 -0.377436 -0.002320 0.275742 
0.000000 0.000000 0.000000 0.014722 -0.045945 -0.057412 0.045834 -0.393349 0.185651 0.000793 -0.262806 0.258978 -0.027194 -0.151581 0.274463 -0.046523 -0.059222 0.269628 -0.217756 -0.165068 0.114663 -0.363226 -0.239607 0.222336 -0.422123 -0.321148 0.340527 -0.103168 -0.459872 0.343110 -0.228818 -0.451058 0.397113 -0.336646 -0.406750 0.398862 -0.138425 -0.320298 0.442791 -0.294546 -0.284512 0.421108 -0.427879 -0.257280 0.410156 -0.189382 -0.187612 0.405270 -0.329035 -0.152822 0.357546 -0.451485 -0.120198 0.310539 -0.195252 -0.076809 0.359943 -0.298406 -0.070341 0.298229 -0.394271 -0.063485 0.235253 
0.000000 0.000000 0.000000 0.028503 -0.043028 -0.054406 0.093779 -0.377858 0.199297 0.019162 -0.256782 0.264259 -0.029266 -0.152117 0.273953 -0.063777 -0.064637 0.264812 -0.196691 -0.186884 0.108196 -0.337603 -0.276899 0.209942 -0.400429 -0.372903 0.314455 -0.064522 -0.449734 0.344882 -0.192204 -0.462284 0.393066 -0.306237 -0.439591 0.384426 -0.142767 -0.322646 0.425242 -0.297670 -0.301074 0.384447 -0.430145 -0.285205 0.355498 -0.203890 -0.200484 0.382951 -0.334702 -0.176232 0.310213 -0.451298 -0.154608 0.245361 -0.218614 -0.092832 0.341080 -0.307260 -0.093841 0.259642 -0.393076 -0.095113 0.183241 
0.000000 0.000000 0.000000 0.035509 -0.039869 -0.052664 0.125701 -0.364244 0.206921 0.035329 -0.251852 0.267319 -0.024726 -0.153135 0.273833 -0.068216 -0.070049 0.262318 -0.182913 -0.199867 0.103986 -0.319586 -0.299984 0.202007 -0.379418 -0.401048 0.303461 -0.057899 -0.431542 0.321734 -0.168862 -0.472215 0.391125 -0.284336 -0.461917 0.378767 -0.135469 -0.322249 0.416808 -0.289846 -0.311499 0.370151 -0.420907 -0.303297 0.332799 -0.203376 -0.210619 0.371267 -0.334257 -0.195921 0.296133 -0.448483 -0.181099 0.225417 -0.225699 -0.103359 0.330698 -0.307114 -0.109198 0.242217 -0.387275 -0.115411 0.160128 
0.000000 0.000000 0.000000 0.035262 -0.039175 -0.053346 0.136507 -0.361817 0.204316 0.045164 -0.251181 0.266469 -0.016629 -0.153629 0.274168 -0.061905 -0.071385 0.263521 -0.175875 -0.204384 0.107817 -0.307991 -0.307761 0.208661 -0.363542 -0.408787 0.312559 -0.043561 -0.429858 0.324174 -0.152389 -0.470981 0.396613 -0.268345 -0.464088 0.386611 -0.121248 -0.323336 0.420011 -0.276349 -0.315463 0.375219 -0.407960 -0.309653 0.339386 -0.189890 -0.217111 0.377435 -0.320319 -0.203282 0.301356 -0.436830 -0.191144 0.233934 -0.216874 -0.107558 0.336063 -0.297527 -0.114865 0.246995 -0.379063 -0.123113 0.166454 
0.000000 0.000000 0.000000 0.035148 -0.036935 -0.054994 0.151028 -0.362359 0.192812 0.058041 -0.255802 0.259488 -0.006260 -0.160242 0.270795 -0.054033 -0.079094 0.263051 -0.173048 -0.205376 0.106647 -0.303324 -0.310776 0.207792 -0.355559 -0.414060 0.311188 -0.028093 -0.431535 0.313437 -0.136350 -0.473343 0.386339 -0.252661 -0.466652 0.381868 -0.104107 -0.332215 0.415512 -0.260569 -0.322527 0.376137 -0.392784 -0.314432 0.343074 -0.178680 -0.219523 0.377896 -0.313949 -0.205814 0.310776 -0.432505 -0.191972 0.247365 -0.205170 -0.110727 0.345169 -0.289203 -0.116056 0.259138 -0.374096 -0.122346 0.181959 
0.000000 0.000000 0.000000 0.028701 -0.037501 -0.058257 0.154166 -0.369893 0.175220 0.071515 -0.260879 0.250928 0.012060 -0.163211 0.268818 -0.033182 -0.080306 0.266122 -0.169588 -0.207511 0.113861 -0.293664 -0.313892 0.221562 -0.341906 -0.419318 0.324736 -0.017526 -0.443087 0.304003 -0.121291 -0.487324 0.381835 -0.237055 -0.476410 0.390369 -0.082983 -0.341792 0.412353 -0.239244 -0.321591 0.376314 -0.368861 -0.300907 0.338749 -0.154961 -0.221596 0.384614 -0.293103 -0.201145 0.325544 -0.411796 -0.179119 0.264758 -0.179749 -0.110289 0.356705 -0.266936 -0.108326 0.273723 -0.355336 -0.107888 0.200317 
0.000000 0.000000 0.000000 0.009886 -0.037573 -0.064144 0.144143 -0.393116 0.126385 0.094782 -0.279356 0.221617 0.053256 -0.176613 0.254986 0.018974 -0.089106 0.264710 -0.164743 -0.201493 0.137056 -0.274014 -0.304063 0.262953 -0.313433 -0.411565 0.367722 0.012390 -0.479731 0.289355 -0.097214 -0.500257 0.369027 -0.206492 -0.479950 0.404229 -0.027152 -0.364136 0.407140 -0.182960 -0.323581 0.392864 -0.313059 -0.286218 0.375038 -0.093872 -0.227470 0.398096 -0.236876 -0.191911 0.362372 -0.360691 -0.156297 0.321511 -0.114276 -0.113122 0.375407 -0.216995 -0.099031 0.314239 -0.316302 -0.086033 0.257916 
0.000000 0.000000 0.000000 -0.019515 -0.031725 -0.065089 0.097764 -0.423042 0.052615 0.106109 -0.313229 0.163603 0.099014 -0.209015 0.213436 0.087774 -0.118468 0.237975 -0.156144 -0.195376 0.163815 -0.241637 -0.297778 0.307048 -0.271217 -0.410064 0.410024 0.000265 -0.524294 0.230553 -0.091285 -0.529084 0.332424 -0.178035 -0.500047 0.404704 0.035774 -0.416789 0.365600 -0.109049 -0.353982 0.400328 -0.230239 -0.293988 0.419122 -0.001670 -0.269392 0.389309 -0.140527 -0.209366 0.399633 -0.262220 -0.150562 0.398633 -0.009983 -0.142398 0.381003 -0.124637 -0.110052 0.363695 -0.232711 -0.077742 0.341802 
0.000000 0.000000 0.000000 -0.046456 -0.022778 -0.054285 0.026743 -0.436405 0.011227 0.093747 -0.338479 0.113051 0.124413 -0.238711 0.163049 0.139927 -0.149714 0.190728 -0.148850 -0.188542 0.190427 -0.212921 -0.292267 0.343552 -0.234149 -0.405666 0.447364 -0.028927 -0.558912 0.193746 -0.098654 -0.527467 0.307462 -0.158493 -0.496607 0.402647 0.048440 -0.447011 0.319551 -0.072783 -0.362465 0.384983 -0.174787 -0.283906 0.430405 0.054153 -0.299967 0.352852 -0.067204 -0.222427 0.400294 -0.174012 -0.143693 0.426007 0.071367 -0.182192 0.348307 -0.037063 -0.137528 0.375499 -0.140028 -0.087025 0.382620 
0.000000 0.000000 0.000000 -0.060629 -0.015404 -0.041361 -0.028059 -0.436391 0.008098 0.073431 -0.350194 0.090053 0.127803 -0.256334 0.130405 0.160866 -0.170708 0.152814 -0.140399 -0.178792 0.213173 -0.190313 -0.281029 0.372444 -0.207975 -0.393408 0.478018 -0.073273 -0.563650 0.190255 -0.116310 -0.521072 0.313206 -0.152939 -0.489983 0.419436 0.044898 -0.456535 0.300652 -0.052504 -0.356397 0.381954 -0.134824 -0.266223 0.443039 0.070867 -0.311688 0.326384 -0.029326 -0.225949 0.401225 -0.118268 -0.133220 0.443161 0.113444 -0.196548 0.319156 0.017669 -0.139918 0.365108 -0.075483 -0.077270 0.389626 
0.000000 0.000000 0.000000 -0.069245 -0.007351 -0.027840 -0.077647 -0.430116 0.016167 0.048093 -0.358076 0.074875 0.120412 -0.272074 0.102582 0.167357 -0.191388 0.117189 -0.123166 -0.166354 0.236086 -0.156907 -0.265848 0.401234 -0.172355 -0.375660 0.509813 -0.108619 -0.565320 0.195557 -0.124594 -0.511206 0.320451 -0.139542 -0.480849 0.432022 0.039738 -0.474610 0.281815 -0.030108 -0.365624 0.378604 -0.089361 -0.270097 0.456083 0.096576 -0.332604 0.303783 0.020007 -0.234248 0.390119 -0.049645 -0.134513 0.449023 0.140037 -0.215213 0.288280 0.061548 -0.155286 0.357124 -0.018938 -0.085449 0.400112 
0.000000 0.000000 0.000000 -0.073138 -0.001473 -0.016509 -0.111569 -0.420819 0.041877 0.027674 -0.359562 0.078014 0.110717 -0.280067 0.091380 0.166271 -0.203776 0.095918 -0.108664 -0.156601 0.252785 -0.130894 -0.253670 0.421292 -0.147099 -0.357241 0.535736 -0.134600 -0.547293 0.228677 -0.131617 -0.490456 0.353347 -0.131745 -0.460789 0.466099 0.036228 -0.482035 0.281489 -0.013501 -0.370040 0.386886 -0.055892 -0.272700 0.472720 0.107638 -0.351850 0.290256 0.050103 -0.258820 0.395260 -0.005162 -0.157119 0.465049 0.156798 -0.231532 0.268331 0.092460 -0.171044 0.350143 0.023033 -0.098298 0.405741 
0.000000 0.000000 0.000000 -0.074024 0.003191 -0.011584 -0.136292 -0.411329 0.059360 0.008855 -0.359007 0.084693 0.097729 -0.285110 0.090595 0.158428 -0.212709 0.089591 -0.105277 -0.145331 0.261931 -0.124833 -0.238267 0.433079 -0.143880 -0.336703 0.551546 -0.152154 -0.535515 0.248427 -0.139367 -0.469469 0.367827 -0.132299 -0.438764 0.480079 0.024120 -0.477722 0.289993 -0.012230 -0.362079 0.396904 -0.043342 -0.261974 0.484370 0.098459 -0.349183 0.292109 0.051078 -0.250819 0.397325 0.005213 -0.146716 0.470312 0.153598 -0.231967 0.263350 0.100611 -0.170189 0.352047 0.039708 -0.092749 0.411182 
0.000000 0.000000 0.000000 -0.074216 0.007917 -0.007298 -0.158846 -0.401110 0.071894 -0.009387 -0.358161 0.088146 0.084266 -0.290167 0.088025 0.149350 -0.221883 0.082664 -0.103220 -0.136802 0.268494 -0.121370 -0.227359 0.441067 -0.142970 -0.324103 0.560485 -0.178236 -0.525036 0.260803 -0.157383 -0.453233 0.375657 -0.145580 -0.421593 0.487249 -0.001778 -0.475101 0.294887 -0.028486 -0.353571 0.398045 -0.050999 -0.251401 0.485759 0.094441 -0.354417 0.289226 0.057353 -0.251733 0.394446 0.020629 -0.145490 0.469491 0.141936 -0.238492 0.256605 0.097457 -0.180300 0.352138 0.042924 -0.099609 0.413116 
0.000000 0.000000 0.000000 -0.073956 0.011027 -0.005731 -0.174840 -0.389269 0.095870 -0.023176 -0.352641 0.106039 0.073435 -0.289200 0.100083 0.141383 -0.224384 0.089631 -0.100032 -0.120136 0.277046 -0.116349 -0.202210 0.453989 -0.137980 -0.292897 0.578065 -0.198183 -0.503246 0.290509 -0.170352 -0.423412 0.398370 -0.154852 -0.387135 0.508082 -0.012666 -0.456344 0.319603 -0.032248 -0.327594 0.415335 -0.048428 -0.221971 0.500313 0.082857 -0.347330 0.303174 0.051955 -0.241909 0.407683 0.021009 -0.132909 0.481368 0.138867 -0.236707 0.264068 0.099615 -0.174935 0.359644 0.049898 -0.090829 0.420121 
0.000000 0.000000 0.000000 -0.073360 0.015156 -0.003530 -0.193057 -0.370907 0.128248 -0.039208 -0.343080 0.129986 0.060610 -0.286195 0.116040 0.131726 -0.226467 0.098651 -0.106847 -0.095591 0.287090 -0.127801 -0.164890 0.468941 -0.152399 -0.245370 0.599343 -0.217310 -0.475694 0.327876 -0.184473 -0.389295 0.429063 -0.165773 -0.347500 0.536286 -0.031541 -0.433000 0.349827 -0.042828 -0.300687 0.441972 -0.052183 -0.191026 0.522757 0.059633 -0.330325 0.322838 0.034197 -0.218706 0.422261 0.009821 -0.105729 0.492332 0.126246 -0.233807 0.273300 0.088418 -0.164149 0.363899 0.043502 -0.076160 0.422582 
0.000000 0.000000 0.000000 -0.072605 0.017573 -0.006608 -0.210461 -0.353026 0.149563 -0.055730 -0.330886 0.153446 0.046544 -0.278933 0.138116 0.120341 -0.223333 0.118370 -0.108371 -0.066694 0.292501 -0.130751 -0.119422 0.479664 -0.159989 -0.188647 0.615458 -0.242911 -0.433090 0.359222 -0.206251 -0.342666 0.455459 -0.186540 -0.294049 0.559579 -0.051794 -0.413464 0.376246 -0.056393 -0.273164 0.456365 -0.060065 -0.159625 0.532094 0.048554 -0.312138 0.346939 0.030824 -0.196718 0.443658 0.013295 -0.079866 0.509282 0.124828 -0.225972 0.293182 0.089771 -0.145394 0.375458 0.048903 -0.053154 0.430456 
0.000000 0.000000 0.000000 -0.071812 0.021372 -0.003177 -0.219157 -0.330492 0.184488 -0.063527 -0.317271 0.177316 0.040204 -0.272415 0.152381 0.115473 -0.222519 0.124589 -0.097625 0.013529 0.308461 -0.142232 -0.081146 0.473863 -0.172702 -0.139856 0.614261 -0.268886 -0.403506 0.393333 -0.222393 -0.304814 0.476280 -0.199682 -0.250057 0.576674 -0.070883 -0.377743 0.407019 -0.066809 -0.233801 0.480426 -0.063694 -0.116345 0.549952 0.036992 -0.302293 0.361691 0.023953 -0.177954 0.447485 0.012012 -0.059253 0.511012 0.113962 -0.216985 0.299384 0.082834 -0.135238 0.382086 0.046402 -0.039968 0.434997 
0.000000 0.000000 0.000000 -0.071190 0.023525 -0.001592 -0.223179 -0.317945 0.200979 -0.067525 -0.309848 0.188605 0.036684 -0.269024 0.159143 0.112520 -0.222351 0.127556 -0.094487 -0.007640 0.308782 -0.126000 -0.062163 0.494107 -0.155260 -0.114307 0.637326 -0.266289 -0.377264 0.415555 -0.216884 -0.277196 0.495102 -0.191303 -0.219765 0.593288 -0.071687 -0.362053 0.420406 -0.062765 -0.215504 0.487998 -0.055582 -0.096759 0.554984 0.034911 -0.290038 0.369545 0.026181 -0.170965 0.463014 0.017885 -0.051748 0.526152 0.114192 -0.208538 0.301891 0.089904 -0.133260 0.392636 0.056564 -0.037371 0.446459 
0.000000 0.000000 0.000000 -0.071146 0.023577 -0.002497 -0.224595 -0.312699 0.207525 -0.068873 -0.305116 0.195699 0.035535 -0.265157 0.165757 0.111588 -0.219362 0.133414 -0.088696 -0.006556 0.308357 -0.123324 -0.062119 0.492815 -0.152751 -0.109230 0.637734 -0.262160 -0.368149 0.424168 -0.211565 -0.269994 0.505333 -0.184728 -0.214413 0.604246 -0.071632 -0.360580 0.426763 -0.059706 -0.214628 0.495176 -0.049875 -0.095090 0.560393 0.037028 -0.292411 0.375444 0.030864 -0.170997 0.466061 0.024753 -0.050869 0.527705 0.117112 -0.215663 0.308177 0.090321 -0.130852 0.389298 0.058285 -0.034265 0.442662 
0.000000 0.000000 0.000000 -0.070447 0.025713 0.000070 -0.224128 -0.300101 0.225823 -0.068954 -0.297687 0.206797 0.035123 -0.261788 0.171113 0.110954 -0.219236 0.134150 -0.073050 0.030989 0.312819 -0.111966 -0.028486 0.495191 -0.138416 -0.068178 0.642879 -0.258730 -0.351676 0.443912 -0.202268 -0.248719 0.514580 -0.173333 -0.193219 0.612945 -0.077873 -0.353955 0.437510 -0.060118 -0.205566 0.499073 -0.045713 -0.084389 0.560293 0.043503 -0.285231 0.381098 0.041077 -0.160755 0.467648 0.037863 -0.039628 0.527530 0.120167 -0.205242 0.308234 0.098027 -0.122077 0.392405 0.068174 -0.024179 0.444634 
0.000000 0.000000 0.000000 -0.070502 0.025528 -0.001321 -0.225038 -0.292504 0.234712 -0.069741 -0.290385 0.216680 0.034503 -0.255512 0.180470 0.110497 -0.214103 0.142553 -0.052660 0.034916 0.310833 -0.097588 -0.024075 0.491976 -0.121776 -0.057735 0.641538 -0.262371 -0.323795 0.456178 -0.196242 -0.221715 0.519334 -0.165028 -0.166561 0.617195 -0.075677 -0.347644 0.447246 -0.054583 -0.195490 0.497535 -0.037521 -0.073497 0.556407 0.048417 -0.292084 0.388275 0.048815 -0.161070 0.464603 0.048530 -0.039914 0.524513 0.132427 -0.204931 0.315820 0.107978 -0.108377 0.383428 0.080664 -0.009913 0.435981 
0.000000 0.000000 0.000000 -0.070250 0.026239 -0.000641 -0.224219 -0.286100 0.243234 -0.069217 -0.285914 0.222709 0.034784 -0.252755 0.184259 0.110577 -0.212795 0.144437 -0.073344 0.033307 0.312068 -0.101758 0.004115 0.503514 -0.126499 -0.021853 0.654512 -0.265175 -0.286398 0.466265 -0.189741 -0.196269 0.536752 -0.158665 -0.145851 0.637178 -0.083976 -0.331942 0.455385 -0.061023 -0.181896 0.510920 -0.042726 -0.059692 0.568978 0.043658 -0.273148 0.394542 0.046283 -0.148451 0.480767 0.047843 -0.027306 0.540678 0.125998 -0.201634 0.318287 0.108293 -0.117311 0.402356 0.083150 -0.019612 0.457363 
0.000000 0.000000 0.000000 -0.070292 0.026131 -0.000306 -0.219563 -0.278079 0.256426 -0.064936 -0.278418 0.233247 0.038338 -0.246450 0.191935 0.113375 -0.207759 0.149511 -0.077868 0.010980 0.312039 -0.082608 0.001500 0.507484 -0.111127 -0.012858 0.659363 -0.265181 -0.275913 0.478540 -0.181000 -0.184272 0.535964 -0.151833 -0.135735 0.637879 -0.071384 -0.326272 0.465933 -0.049227 -0.178070 0.526511 -0.030962 -0.056066 0.584999 0.045106 -0.264081 0.402546 0.047675 -0.145981 0.497608 0.049174 -0.025731 0.559298 0.129577 -0.195848 0.323240 0.112346 -0.113827 0.409650 0.087088 -0.017695 0.467304 
0.000000 0.000000 0.000000 -0.071494 0.022473 -0.002743 -0.209604 -0.274092 0.268757 -0.054792 -0.267879 0.247742 0.047423 -0.233071 0.206095 0.121124 -0.193056 0.162572 -0.072587 0.016559 0.310003 -0.073271 0.012858 0.505699 -0.115891 0.011841 0.654928 -0.260766 -0.252016 0.488564 -0.172487 -0.169094 0.552696 -0.146706 -0.121773 0.656084 -0.077223 -0.304551 0.481465 -0.055278 -0.156319 0.542047 -0.038793 -0.037398 0.607051 0.046890 -0.261323 0.415654 0.048611 -0.141820 0.508964 0.050291 -0.025890 0.578430 0.146711 -0.210489 0.334699 0.127446 -0.129476 0.421630 0.102212 -0.038520 0.487154 
0.000000 0.000000 0.000000 -0.071784 0.021543 -0.002631 -0.198316 -0.248696 0.300185 -0.044295 -0.243308 0.273818 0.056218 -0.211852 0.225841 0.128117 -0.175616 0.176398 -0.074240 0.031661 0.309999 -0.075777 0.037993 0.505623 -0.129117 0.043126 0.651278 -0.264119 -0.206885 0.513122 -0.175344 -0.135385 0.589205 -0.153210 -0.087617 0.693231 -0.074941 -0.289417 0.504922 -0.053921 -0.145746 0.575925 -0.038663 -0.031159 0.648563 0.054073 -0.251201 0.433593 0.057009 -0.133264 0.528845 0.059783 -0.023654 0.607877 0.154198 -0.199787 0.347634 0.133640 -0.120705 0.436035 0.108902 -0.034746 0.508161 
0.000000 0.000000 0.000000 -0.072969 0.016230 -0.006002 -0.188586 -0.231224 0.319783 -0.034669 -0.217924 0.295710 0.064667 -0.184501 0.246625 0.135179 -0.148429 0.195107 -0.065757 0.034321 0.306195 -0.061244 0.045641 0.501547 -0.122660 0.050246 0.644003 -0.206928 -0.219098 0.545475 -0.159822 -0.112110 0.617006 -0.142265 -0.056476 0.717950 -0.054481 -0.274629 0.525637 -0.037977 -0.132076 0.600006 -0.026586 -0.022963 0.681271 0.084552 -0.229293 0.452324 0.085831 -0.114442 0.551311 0.087094 -0.012857 0.640456 0.174463 -0.184974 0.361562 0.151654 -0.102781 0.446505 0.127029 -0.019554 0.521805 
0.000000 0.000000 0.000000 -0.073268 0.014681 -0.006339 -0.185197 -0.235815 0.318409 -0.031481 -0.219186 0.295134 0.067362 -0.183555 0.246609 0.137344 -0.145887 0.195512 -0.048434 0.037834 0.304617 -0.082123 0.038213 0.497428 -0.143417 0.028117 0.639652 -0.212994 -0.219428 0.542861 -0.165131 -0.119275 0.623238 -0.149577 -0.065752 0.725642 -0.051711 -0.274270 0.525418 -0.035686 -0.132882 0.602080 -0.026407 -0.032876 0.694558 0.097859 -0.227897 0.451102 0.095009 -0.112855 0.549835 0.094882 -0.019710 0.647774 0.181276 -0.172288 0.362722 0.161004 -0.097388 0.454756 0.135445 -0.017033 0.532814 
0.000000 0.000000 0.000000 -0.073515 0.012655 -0.007701 -0.186594 -0.267433 0.291466 -0.032921 -0.243727 0.275047 0.066062 -0.200877 0.233089 0.136226 -0.156765 0.187719 -0.083058 0.000244 0.304711 -0.089029 -0.007522 0.500198 -0.141408 -0.045805 0.641186 -0.218483 -0.302817 0.513167 -0.183297 -0.207281 0.604911 -0.174386 -0.168576 0.714527 -0.053938 -0.314341 0.500981 -0.045154 -0.182806 0.594501 -0.041200 -0.091434 0.695866 0.087954 -0.252203 0.437050 0.079250 -0.143633 0.542538 0.073789 -0.057602 0.646638 0.185501 -0.195248 0.351051 0.157087 -0.122573 0.442715 0.126280 -0.048441 0.524925 
0.000000 0.000000 0.000000 -0.073644 0.008518 -0.011312 -0.183652 -0.311533 0.245986 -0.031455 -0.275837 0.243026 0.066444 -0.221850 0.213106 0.135774 -0.168144 0.177945 -0.105867 -0.030448 0.297378 -0.126030 -0.054829 0.490536 -0.170732 -0.117170 0.625452 -0.220774 -0.365048 0.463192 -0.196585 -0.283245 0.570455 -0.194236 -0.255890 0.683765 -0.055727 -0.360444 0.463768 -0.060392 -0.233621 0.563862 -0.067465 -0.150243 0.671739 0.078904 -0.284097 0.414808 0.056789 -0.183293 0.525895 0.039526 -0.105062 0.634752 0.161727 -0.209074 0.345984 0.121900 -0.147057 0.441164 0.079774 -0.081423 0.525547 
0.000000 0.000000 0.000000 -0.072419 0.001020 -0.019451 -0.167422 -0.357246 0.188773 -0.021810 -0.303751 0.208319 0.070897 -0.235514 0.196350 0.136072 -0.170319 0.175633 -0.150854 -0.059826 0.277184 -0.199974 -0.134650 0.451252 -0.237316 -0.222244 0.573807 -0.206817 -0.460868 0.386588 -0.213611 -0.374965 0.493155 -0.227775 -0.351714 0.606522 -0.046206 -0.417430 0.415579 -0.082261 -0.297818 0.518135 -0.113609 -0.219840 0.625727 0.070581 -0.322576 0.389051 0.020325 -0.233343 0.500866 -0.022584 -0.162256 0.607512 0.152599 -0.221778 0.341961 0.093660 -0.175896 0.436367 0.031142 -0.123365 0.517207 
0.000000 0.000000 0.000000 -0.066614 -0.009408 -0.033136 -0.125925 -0.400457 0.122749 0.000737 -0.324961 0.174749 0.079101 -0.240646 0.186758 0.133045 -0.163106 0.184572 -0.216759 -0.100263 0.225800 -0.278731 -0.211640 0.374346 -0.310654 -0.320721 0.480030 -0.176251 -0.510625 0.314453 -0.219365 -0.436583 0.421416 -0.257351 -0.402173 0.526135 -0.033062 -0.449237 0.374467 -0.108368 -0.339090 0.465687 -0.172428 -0.254662 0.551755 0.057477 -0.331181 0.376626 -0.027791 -0.245981 0.468609 -0.102732 -0.175916 0.556603 0.122821 -0.206536 0.353674 0.037361 -0.169017 0.429702 -0.049465 -0.126328 0.491686 
0.000000 0.000000 0.000000 -0.054396 -0.017940 -0.048406 -0.069964 -0.426112 0.069452 0.024744 -0.334535 0.153660 0.080542 -0.239154 0.188055 0.117502 -0.153416 0.202554 -0.272589 -0.153225 0.130300 -0.324246 -0.297605 0.251944 -0.342856 -0.420037 0.345490 -0.143433 -0.535505 0.253994 -0.217327 -0.459581 0.340927 -0.280903 -0.401683 0.419661 -0.034438 -0.453351 0.350776 -0.139553 -0.344080 0.406770 -0.226624 -0.246957 0.447082 0.017591 -0.332304 0.367147 -0.094300 -0.244654 0.419954 -0.194003 -0.166322 0.466768 0.067910 -0.206663 0.361587 -0.037914 -0.168050 0.404033 -0.140356 -0.122647 0.429473 
0.000000 0.000000 0.000000 -0.036828 -0.022240 -0.061424 -0.013730 -0.435801 0.034339 0.040441 -0.337598 0.143281 0.069319 -0.237758 0.194196 0.086793 -0.148766 0.220696 -0.271592 -0.197979 0.047424 -0.330310 -0.348768 0.157542 -0.339237 -0.471687 0.251871 -0.128992 -0.528724 0.206096 -0.227805 -0.476971 0.285717 -0.307970 -0.409942 0.337427 -0.052665 -0.447636 0.332219 -0.175829 -0.346047 0.357414 -0.269586 -0.246807 0.356673 -0.032371 -0.323756 0.358443 -0.157838 -0.242255 0.383072 -0.263661 -0.158422 0.389523 0.006112 -0.199803 0.367229 -0.104024 -0.151287 0.364490 -0.205510 -0.099458 0.349745 
0.000000 0.000000 0.000000 -0.021543 -0.022835 -0.068105 0.027798 -0.436084 0.018658 0.048689 -0.338341 0.138895 0.056001 -0.238701 0.197311 0.058124 -0.149802 0.229243 -0.261868 -0.221216 -0.040992 -0.319133 -0.377733 0.061645 -0.326158 -0.496216 0.161641 -0.115684 -0.527320 0.168689 -0.228558 -0.467456 0.218265 -0.311255 -0.387125 0.235623 -0.082719 -0.441729 0.307766 -0.206635 -0.338426 0.297864 -0.284984 -0.233787 0.258478 -0.086761 -0.316059 0.332768 -0.204033 -0.222212 0.312008 -0.291518 -0.126182 0.274692 -0.063223 -0.204654 0.342612 -0.159089 -0.142316 0.304997 -0.235471 -0.074172 0.252792 
0.000000 0.000000 0.000000 -0.008054 -0.021446 -0.071408 0.054387 -0.433836 0.010888 0.047773 -0.339795 0.135626 0.038156 -0.242280 0.197208 0.028670 -0.154757 0.231516 -0.237783 -0.233220 -0.086311 -0.298683 -0.393488 0.008117 -0.307560 -0.510177 0.110057 -0.111131 -0.515241 0.142786 -0.230749 -0.459823 0.180234 -0.310463 -0.374744 0.180800 -0.115175 -0.427762 0.284569 -0.230121 -0.319306 0.250670 -0.290373 -0.211916 0.191710 -0.129169 -0.304914 0.310315 -0.232898 -0.203241 0.266799 -0.299091 -0.100762 0.208622 -0.120851 -0.186941 0.316332 -0.193925 -0.111961 0.256923 -0.244506 -0.035123 0.188071 
0.000000 0.000000 0.000000 -0.001454 -0.021455 -0.071843 0.065796 -0.432125 0.015134 0.046099 -0.338685 0.138940 0.028573 -0.241671 0.199562 0.013738 -0.154559 0.233010 -0.228095 -0.236305 -0.089723 -0.300752 -0.395800 -0.002583 -0.312870 -0.510040 0.101769 -0.113411 -0.500375 0.136158 -0.237329 -0.453772 0.171578 -0.315836 -0.367828 0.164989 -0.131801 -0.414877 0.276855 -0.243954 -0.306488 0.234454 -0.296420 -0.199393 0.167991 -0.150450 -0.293234 0.299590 -0.247664 -0.189171 0.247521 -0.304361 -0.085237 0.182319 -0.143195 -0.180595 0.305676 -0.207348 -0.102419 0.240376 -0.245756 -0.023166 0.166572 
0.000000 0.000000 0.000000 -0.002315 -0.022171 -0.071603 0.060954 -0.432680 0.019042 0.043392 -0.337757 0.142038 0.027501 -0.239931 0.201800 0.013955 -0.152315 0.234470 -0.232112 -0.233845 -0.086880 -0.306778 -0.391240 0.002357 -0.319517 -0.503686 0.108566 -0.119562 -0.498828 0.139286 -0.243060 -0.449168 0.171907 -0.320612 -0.362530 0.163389 -0.137551 -0.410101 0.278053 -0.248611 -0.301302 0.233861 -0.299394 -0.194306 0.165946 -0.154506 -0.288909 0.297655 -0.249201 -0.183635 0.243422 -0.304971 -0.079419 0.177873 -0.146488 -0.175478 0.300105 -0.213727 -0.098148 0.236936 -0.250003 -0.018093 0.162920 
0.000000 0.000000 0.000000 -0.000276 -0.023920 -0.071075 0.059894 -0.432109 0.031385 0.038902 -0.334191 0.151461 0.021405 -0.234922 0.208326 0.007022 -0.146526 0.238436 -0.232752 -0.233122 -0.077041 -0.313368 -0.386543 0.013921 -0.327833 -0.495305 0.123686 -0.125924 -0.486581 0.149387 -0.250583 -0.440681 0.183085 -0.327903 -0.354132 0.171956 -0.144288 -0.398612 0.288449 -0.253064 -0.289162 0.240355 -0.304214 -0.183670 0.170394 -0.162481 -0.275919 0.304340 -0.256077 -0.170930 0.247702 -0.313461 -0.068362 0.180955 -0.154022 -0.165626 0.303906 -0.220496 -0.089030 0.239055 -0.258292 -0.010515 0.164156 
0.000000 0.000000 0.000000 0.000027 -0.027580 -0.069737 0.059120 -0.429966 0.054081 0.037701 -0.325915 0.168805 0.020077 -0.223805 0.220351 0.005679 -0.133947 0.245758 -0.228198 -0.241416 -0.063932 -0.312189 -0.390683 0.030810 -0.327886 -0.493126 0.146335 -0.125563 -0.483539 0.174257 -0.250115 -0.433343 0.201628 -0.328193 -0.348280 0.185461 -0.147128 -0.385535 0.305766 -0.255478 -0.279104 0.250473 -0.307365 -0.177521 0.175453 -0.165525 -0.258642 0.315491 -0.259014 -0.157231 0.252511 -0.317646 -0.058914 0.180649 -0.156431 -0.149984 0.309392 -0.222803 -0.077363 0.240022 -0.262178 -0.003279 0.161509 