43
0.000000 0.000000 0.000000 -0.067898 0.010862 -0.029930 -0.255160 -0.198786 0.294394 -0.119974 -0.176087 0.301226 -0.024707 -0.145772 0.277824 0.062394 -0.113802 0.248047 -0.193595 -0.006632 0.255973 -0.272247 -0.017579 0.434873 -0.266719 -0.053324 0.585799 -0.285925 -0.158246 0.515370 -0.304519 -0.133744 0.648921 -0.307836 -0.028220 0.698386 -0.175726 -0.216116 0.528742 -0.213646 -0.243341 0.683486 -0.237945 -0.197376 0.809724 -0.066757 -0.198482 0.478242 -0.096909 -0.236278 0.621954 -0.152552 -0.218112 0.743781 0.046869 -0.159633 0.416108 0.036183 -0.191180 0.531789 0.009663 -0.171014 0.641758 
0.000000 0.000000 0.000000 -0.065794 -0.002961 -0.035865 -0.239529 -0.233781 0.281536 -0.111970 -0.185998 0.298337 -0.022190 -0.139139 0.281414 0.059860 -0.092381 0.257398 -0.210751 -0.039336 0.238926 -0.301456 -0.062097 0.410873 -0.307096 -0.090338 0.563377 -0.298992 -0.194120 0.496736 -0.334930 -0.170149 0.626798 -0.365380 -0.067220 0.672313 -0.180436 -0.220117 0.523332 -0.227003 -0.243323 0.676360 -0.271810 -0.185997 0.791882 -0.076292 -0.181417 0.481412 -0.115087 -0.211733 0.624823 -0.187359 -0.188297 0.736607 0.035442 -0.129306 0.426591 0.018634 -0.154723 0.543051 -0.025353 -0.126814 0.645468 
0.000000 0.000000 0.000000 -0.061060 -0.016437 -0.040317 -0.211247 -0.269427 0.272166 -0.096864 -0.197493 0.296228 -0.016683 -0.134528 0.284025 0.056497 -0.073314 0.264205 -0.213348 -0.073243 0.226942 -0.308640 -0.108789 0.394176 -0.325383 -0.133869 0.546418 -0.292385 -0.238908 0.481701 -0.341423 -0.220463 0.608339 -0.393887 -0.124995 0.649890 -0.180176 -0.223486 0.517266 -0.236840 -0.241165 0.667603 -0.302400 -0.172093 0.765431 -0.084288 -0.163233 0.482316 -0.132765 -0.183816 0.624503 -0.220970 -0.153419 0.722298 0.017738 -0.097587 0.433009 -0.008941 -0.114294 0.549200 -0.072489 -0.078666 0.638056 
0.000000 0.000000 0.000000 -0.054733 -0.026994 -0.043583 -0.180533 -0.297358 0.265096 -0.081533 -0.206929 0.294398 -0.012347 -0.131572 0.285627 0.050736 -0.059218 0.268868 -0.205281 -0.098572 0.221102 -0.299483 -0.143361 0.386725 -0.327766 -0.170069 0.536970 -0.274398 -0.272373 0.469999 -0.331128 -0.257272 0.593837 -0.398433 -0.172116 0.636399 -0.176849 -0.228000 0.511066 -0.241677 -0.242331 0.658431 -0.322184 -0.164667 0.736702 -0.088461 -0.157623 0.481182 -0.143039 -0.176303 0.621407 -0.245426 -0.140117 0.701878 0.004040 -0.080418 0.436070 -0.028101 -0.095010 0.551158 -0.106383 -0.057683 0.626536 
0.000000 0.000000 0.000000 -0.049635 -0.034048 -0.044733 -0.150747 -0.314155 0.264334 -0.064549 -0.211877 0.295091 -0.004900 -0.128680 0.287165 0.049309 -0.049311 0.271124 -0.194292 -0.115598 0.220353 -0.284809 -0.166627 0.386226 -0.323756 -0.196256 0.533508 -0.253046 -0.293600 0.465661 -0.314872 -0.281176 0.587338 -0.391447 -0.207113 0.634710 -0.171742 -0.224945 0.506783 -0.244649 -0.233834 0.650763 -0.336698 -0.144508 0.697530 -0.087342 -0.150467 0.480665 -0.146458 -0.166090 0.619417 -0.261215 -0.119483 0.673513 -0.004466 -0.068687 0.436409 -0.041480 -0.082024 0.550178 -0.132051 -0.046417 0.611269 
0.000000 0.000000 0.000000 -0.045315 -0.039368 -0.044951 -0.123163 -0.324085 0.266628 -0.047984 -0.213390 0.297152 0.003276 -0.124809 0.288891 0.049631 -0.040679 0.272494 -0.179153 -0.123491 0.224969 -0.262900 -0.176130 0.393868 -0.305078 -0.207698 0.539852 -0.226769 -0.306957 0.467607 -0.289385 -0.296604 0.589073 -0.369384 -0.231888 0.643891 -0.159472 -0.217428 0.506982 -0.235300 -0.220174 0.649696 -0.331349 -0.125845 0.672413 -0.083891 -0.139606 0.480977 -0.146395 -0.150216 0.618714 -0.267312 -0.096683 0.646663 -0.009843 -0.055194 0.436319 -0.050780 -0.065185 0.549082 -0.150090 -0.028923 0.594091 
0.000000 0.000000 0.000000 -0.041037 -0.044915 -0.043846 -0.086109 -0.330048 0.273759 -0.023149 -0.211308 0.301579 0.018215 -0.117905 0.291227 0.055141 -0.029618 0.272861 -0.156481 -0.125428 0.235504 -0.228718 -0.175808 0.410304 -0.282574 -0.208914 0.552044 -0.189903 -0.312399 0.474596 -0.252634 -0.301733 0.595976 -0.331812 -0.249394 0.663685 -0.125415 -0.222741 0.515788 -0.219606 -0.198828 0.644942 -0.319270 -0.105545 0.647123 -0.072546 -0.128128 0.481940 -0.137627 -0.135459 0.618694 -0.261853 -0.082798 0.626608 -0.010939 -0.040826 0.434398 -0.056423 -0.048541 0.545587 -0.162984 -0.016008 0.573685 
0.000000 0.000000 0.000000 -0.037656 -0.048457 -0.043103 -0.057199 -0.333351 0.277300 -0.003734 -0.209703 0.303559 0.029929 -0.113387 0.292051 0.059514 -0.022600 0.272614 -0.138013 -0.122790 0.243688 -0.200811 -0.169303 0.423143 -0.265758 -0.200824 0.560530 -0.160353 -0.308369 0.477688 -0.222696 -0.293270 0.598797 -0.302281 -0.244241 0.668479 -0.101495 -0.216031 0.520071 -0.199820 -0.183166 0.644074 -0.302588 -0.093338 0.641095 -0.055835 -0.120326 0.485209 -0.117333 -0.125302 0.623716 -0.243169 -0.076219 0.628633 -0.003566 -0.029597 0.435581 -0.046984 -0.034414 0.547755 -0.156186 -0.006097 0.569581 
0.000000 0.000000 0.000000 -0.038216 -0.049774 -0.041061 -0.035132 -0.332902 0.281483 0.015999 -0.207644 0.304574 0.046396 -0.110515 0.290999 0.072513 -0.019079 0.269720 -0.123599 -0.119882 0.251584 -0.177026 -0.163751 0.434702 -0.240709 -0.194036 0.572955 -0.132499 -0.309224 0.484901 -0.191345 -0.294914 0.607842 -0.267444 -0.248746 0.683146 -0.065291 -0.224657 0.527233 -0.168037 -0.183418 0.644991 -0.272672 -0.095723 0.645702 -0.036380 -0.119964 0.485350 -0.095735 -0.126740 0.624712 -0.221984 -0.079147 0.632728 0.012327 -0.024087 0.433851 -0.029101 -0.027534 0.546825 -0.139119 -0.001646 0.567535 
0.000000 0.000000 0.000000 -0.037474 -0.051288 -0.039864 -0.010319 -0.334876 0.281144 0.036102 -0.207563 0.302905 0.061718 -0.109161 0.288654 0.083030 -0.016612 0.266836 -0.109179 -0.116241 0.257602 -0.154046 -0.156885 0.443737 -0.213094 -0.183976 0.584685 -0.101791 -0.311330 0.487296 -0.157075 -0.297100 0.611888 -0.229110 -0.252954 0.692233 -0.041546 -0.220125 0.527153 -0.140820 -0.176525 0.647022 -0.245156 -0.088961 0.656277 -0.014299 -0.112180 0.485951 -0.068808 -0.114345 0.627425 -0.194259 -0.065633 0.639959 0.032542 -0.021967 0.434193 -0.002209 -0.025654 0.549389 -0.111926 -0.000389 0.572345 
0.000000 0.000000 0.000000 -0.039915 -0.051274 -0.037439 0.002888 -0.333115 0.283401 0.051232 -0.205988 0.301797 0.076658 -0.107845 0.285551 0.097337 -0.015574 0.262019 -0.097044 -0.114506 0.263533 -0.132791 -0.154073 0.451862 -0.186271 -0.177299 0.595693 -0.075157 -0.310986 0.495154 -0.122325 -0.297611 0.623132 -0.190889 -0.254257 0.706873 -0.006290 -0.225706 0.531529 -0.107414 -0.171763 0.645496 -0.211495 -0.084375 0.658532 0.012716 -0.109999 0.487096 -0.033135 -0.111543 0.631616 -0.157856 -0.061458 0.645910 0.052430 -0.013977 0.431037 0.021520 -0.012879 0.547376 -0.088105 0.013742 0.569214 
0.000000 0.000000 0.000000 -0.042732 -0.050761 -0.034946 0.010795 -0.330972 0.285712 0.062440 -0.204682 0.300572 0.088894 -0.107182 0.282234 0.110126 -0.015513 0.256910 -0.090156 -0.109168 0.268675 -0.119831 -0.145715 0.458662 -0.167271 -0.164838 0.605190 -0.060111 -0.307152 0.499781 -0.102964 -0.292756 0.629157 -0.166805 -0.248682 0.716192 0.005247 -0.220527 0.530686 -0.092375 -0.163820 0.646353 -0.193457 -0.073112 0.660274 0.029652 -0.104681 0.485207 -0.012827 -0.102887 0.630751 -0.135370 -0.047973 0.646110 0.073890 -0.013981 0.427997 0.048948 -0.012927 0.545760 -0.059505 0.018339 0.567289 
0.000000 0.000000 0.000000 -0.048255 -0.048350 -0.030945 0.009474 -0.326811 0.290508 0.070056 -0.203976 0.299371 0.101379 -0.108694 0.277406 0.126640 -0.018988 0.248943 -0.079553 -0.102946 0.275464 -0.099136 -0.137109 0.467194 -0.139248 -0.153558 0.616215 -0.046200 -0.308131 0.509532 -0.079848 -0.296841 0.641905 -0.140028 -0.249437 0.729793 0.030945 -0.221596 0.533111 -0.062547 -0.153357 0.645926 -0.159043 -0.058207 0.662489 0.050097 -0.101015 0.482406 0.013325 -0.095510 0.629404 -0.106954 -0.036313 0.646625 0.100239 -0.021668 0.421808 0.082067 -0.023513 0.540794 -0.024926 0.010829 0.564801 
0.000000 0.000000 0.000000 -0.051569 -0.046916 -0.027629 0.012048 -0.322515 0.295176 0.077592 -0.201986 0.298862 0.111317 -0.108323 0.273717 0.138448 -0.020096 0.242486 -0.075202 -0.099784 0.279767 -0.089991 -0.132866 0.472116 -0.121113 -0.145825 0.623610 -0.029809 -0.314004 0.517877 -0.055106 -0.308859 0.652472 -0.112818 -0.256518 0.739206 0.041389 -0.225991 0.532501 -0.046663 -0.158859 0.650250 -0.138584 -0.059507 0.668117 0.066036 -0.098778 0.480047 0.033567 -0.091934 0.627999 -0.084035 -0.027312 0.644178 0.114941 -0.012386 0.415617 0.098761 -0.007078 0.534786 -0.006795 0.031442 0.558814 
0.000000 0.000000 0.000000 -0.055419 -0.044387 -0.024133 0.011115 -0.319382 0.298600 0.083055 -0.202509 0.297034 0.120263 -0.111076 0.268784 0.150275 -0.024787 0.234892 -0.064174 -0.095809 0.284291 -0.069652 -0.127986 0.477283 -0.094086 -0.139015 0.630149 -0.017902 -0.314464 0.523442 -0.035439 -0.311491 0.659331 -0.091953 -0.250888 0.741347 0.061490 -0.232813 0.531749 -0.021140 -0.158707 0.649245 -0.108168 -0.055513 0.669653 0.079373 -0.097852 0.475827 0.050052 -0.088370 0.624290 -0.064658 -0.018884 0.641064 0.137588 -0.029344 0.409261 0.128855 -0.032482 0.529282 0.025694 0.009929 0.556890 
0.000000 0.000000 0.000000 -0.057094 -0.042817 -0.023042 0.010539 -0.321777 0.296039 0.085319 -0.206718 0.293472 0.124089 -0.116030 0.264925 0.155398 -0.030261 0.230883 -0.059897 -0.095916 0.285210 -0.061652 -0.129143 0.478093 -0.081359 -0.138862 0.631729 -0.009814 -0.310453 0.521599 -0.022115 -0.303609 0.657922 -0.075031 -0.238620 0.738974 0.064693 -0.233073 0.528747 -0.012371 -0.155755 0.647943 -0.094552 -0.048909 0.669612 0.126371 -0.124144 0.476213 0.079621 -0.096552 0.617790 -0.031434 -0.021051 0.633103 0.156875 -0.037675 0.405609 0.157891 -0.042779 0.525876 0.057298 0.004193 0.555507 
0.000000 0.000000 0.000000 -0.061239 -0.038501 -0.019782 0.001611 -0.320513 0.297589 0.084550 -0.211400 0.290342 0.128476 -0.123988 0.259166 0.164323 -0.040942 0.222919 -0.053573 -0.097079 0.287393 -0.048776 -0.133733 0.479603 -0.063857 -0.140458 0.633921 -0.015020 -0.308550 0.523422 -0.025071 -0.301320 0.659909 -0.070084 -0.231695 0.741881 0.081810 -0.250110 0.524796 0.017981 -0.171312 0.650658 -0.055321 -0.057445 0.667996 0.148762 -0.146611 0.468428 0.107415 -0.116762 0.611222 0.003368 -0.031096 0.601039 0.172853 -0.051667 0.397270 0.178724 -0.059050 0.517280 0.080605 -0.005021 0.542906 
0.000000 0.000000 0.000000 -0.063445 -0.035884 -0.017633 -0.004802 -0.316763 0.301544 0.082781 -0.211654 0.290667 0.129763 -0.126713 0.257199 0.168341 -0.045824 0.218935 -0.051908 -0.087299 0.290701 -0.044688 -0.119471 0.483636 -0.057142 -0.121832 0.638317 -0.016336 -0.297077 0.527153 -0.023307 -0.285180 0.663505 -0.063941 -0.212608 0.745208 0.087442 -0.253010 0.524638 0.035063 -0.179778 0.658869 -0.032678 -0.061439 0.665676 0.164808 -0.155788 0.463694 0.119890 -0.118128 0.603533 0.018643 -0.033575 0.574072 0.189877 -0.068032 0.391066 0.204701 -0.083318 0.509548 0.108440 -0.025119 0.532995 
0.000000 0.000000 0.000000 -0.064468 -0.034444 -0.016775 -0.012420 -0.310924 0.307348 0.077974 -0.208479 0.294268 0.127150 -0.125490 0.259097 0.167796 -0.046408 0.219231 -0.046957 -0.077770 0.292519 -0.036000 -0.104881 0.486055 -0.044896 -0.103022 0.640988 -0.017441 -0.285381 0.532609 -0.020475 -0.269944 0.668750 -0.057294 -0.194167 0.749344 0.100861 -0.246297 0.527764 0.056458 -0.169404 0.662821 -0.012292 -0.051640 0.656159 0.174241 -0.157979 0.462667 0.135854 -0.119390 0.604188 0.036793 -0.035684 0.566134 0.201371 -0.073303 0.388747 0.224481 -0.091815 0.505428 0.130618 -0.030158 0.529743 
0.000000 0.000000 0.000000 -0.065641 -0.032654 -0.015775 -0.019078 -0.306637 0.311288 0.074278 -0.207177 0.296138 0.125639 -0.126168 0.259505 0.168312 -0.048859 0.218300 -0.041322 -0.065892 0.294305 -0.026104 -0.086691 0.488334 -0.030391 -0.081902 0.643400 -0.015610 -0.277100 0.536090 -0.013516 -0.259249 0.671954 -0.046963 -0.181367 0.752008 0.102636 -0.235260 0.530406 0.071921 -0.169447 0.674801 0.003277 -0.052375 0.659912 0.178270 -0.157808 0.461847 0.151306 -0.121004 0.606448 0.055240 -0.036181 0.563501 0.212864 -0.075829 0.385255 0.243530 -0.094393 0.500174 0.153307 -0.028650 0.527393 
0.000000 0.000000 0.000000 -0.066214 -0.031869 -0.014967 -0.020192 -0.304554 0.313256 0.074324 -0.206434 0.296645 0.126405 -0.126327 0.259055 0.169706 -0.049831 0.216997 -0.045268 -0.064974 0.295374 -0.032162 -0.085688 0.489566 -0.035557 -0.079424 0.644602 -0.013478 -0.281108 0.538700 -0.009420 -0.266937 0.674953 -0.041120 -0.189147 0.755804 0.105891 -0.244211 0.529133 0.071940 -0.173440 0.670425 0.004575 -0.055926 0.653341 0.178201 -0.156554 0.461829 0.157609 -0.122922 0.608238 0.063499 -0.037261 0.562700 0.218086 -0.081789 0.381996 0.251386 -0.103787 0.495567 0.163094 -0.036323 0.524828 
0.000000 0.000000 0.000000 -0.067503 -0.029467 -0.014104 -0.025794 -0.305741 0.311684 0.071787 -0.210831 0.294167 0.126011 -0.132322 0.256239 0.171266 -0.057088 0.213962 -0.046555 -0.058116 0.296680 -0.033447 -0.076043 0.491149 -0.036226 -0.068190 0.646124 -0.017477 -0.274584 0.536140 -0.012450 -0.255754 0.671794 -0.041186 -0.176488 0.752320 0.126950 -0.239118 0.523582 0.116966 -0.171494 0.670047 0.051580 -0.052618 0.654804 0.184325 -0.163311 0.457119 0.169341 -0.126683 0.603491 0.077642 -0.038948 0.556994 0.255168 -0.100513 0.361139 0.312919 -0.130403 0.462444 0.229751 -0.058857 0.496611 
0.000000 0.000000 0.000000 -0.069371 -0.025894 -0.011876 -0.031011 -0.305274 0.311667 0.070691 -0.215444 0.291074 0.127584 -0.139678 0.251513 0.175210 -0.066703 0.207902 -0.033452 -0.066097 0.296247 -0.010976 -0.091253 0.489050 -0.008826 -0.085434 0.644125 -0.020983 -0.278298 0.536594 -0.014922 -0.261996 0.672533 -0.037397 -0.180871 0.753198 0.112503 -0.267713 0.519096 0.087177 -0.194248 0.660821 0.027185 -0.072259 0.648211 0.191579 -0.193483 0.445738 0.168061 -0.155805 0.590714 0.080061 -0.063402 0.546154 0.224666 -0.113183 0.369085 0.258707 -0.145175 0.480031 0.177039 -0.071187 0.512577 
0.000000 0.000000 0.000000 -0.069704 -0.024386 -0.013061 -0.036345 -0.316948 0.299188 0.066709 -0.227863 0.282428 0.124809 -0.151421 0.246050 0.173615 -0.077472 0.205492 -0.028459 -0.066642 0.294119 -0.002650 -0.093083 0.486332 0.001871 -0.089775 0.641430 -0.021148 -0.295864 0.524453 -0.011964 -0.283121 0.660598 -0.025895 -0.202190 0.743358 0.111049 -0.286568 0.508397 0.092969 -0.217672 0.653487 0.037835 -0.093079 0.644771 0.198171 -0.219625 0.432275 0.182412 -0.181010 0.578054 0.099424 -0.081714 0.539050 0.228428 -0.133024 0.362003 0.266156 -0.171261 0.469733 0.192077 -0.092205 0.508015 
0.000000 0.000000 0.000000 -0.072736 -0.016324 -0.008175 -0.051093 -0.312644 0.301552 0.059928 -0.235600 0.277558 0.123616 -0.165951 0.237119 0.177522 -0.097711 0.193157 -0.028500 -0.073612 0.296139 -0.000819 -0.109460 0.486559 0.001232 -0.108353 0.641741 -0.023619 -0.304396 0.526490 -0.007014 -0.299412 0.662437 -0.016316 -0.216316 0.743688 0.118068 -0.298773 0.499151 0.103444 -0.211169 0.634193 0.051985 -0.085061 0.624808 0.197829 -0.242583 0.419695 0.192448 -0.209301 0.567526 0.115716 -0.103511 0.533049 0.238947 -0.166893 0.341572 0.281226 -0.214512 0.443730 0.212775 -0.132376 0.485817 
0.000000 0.000000 0.000000 -0.073631 -0.012480 -0.006822 -0.060315 -0.315539 0.296795 0.053922 -0.243720 0.271717 0.120166 -0.176582 0.231139 0.176496 -0.110289 0.187234 -0.016048 -0.073590 0.294502 0.019985 -0.111829 0.483050 0.030701 -0.111222 0.637878 -0.022684 -0.316962 0.520407 0.000059 -0.317822 0.655551 -0.001407 -0.232569 0.735068 0.119300 -0.323523 0.485801 0.119323 -0.253748 0.631595 0.072122 -0.125887 0.623667 0.197694 -0.263322 0.407715 0.203408 -0.238739 0.557227 0.131699 -0.128633 0.525566 0.238738 -0.187096 0.331501 0.281580 -0.239963 0.430803 0.219099 -0.154108 0.474716 
0.000000 0.000000 0.000000 -0.074659 -0.006312 -0.003185 -0.071464 -0.311906 0.298158 0.046943 -0.249546 0.267694 0.116427 -0.187769 0.224129 0.175809 -0.125990 0.177733 -0.018488 -0.082562 0.294937 0.009252 -0.112313 0.486396 0.020971 -0.111683 0.641151 -0.023568 -0.318238 0.519711 0.005379 -0.322065 0.653612 0.012702 -0.236796 0.732787 0.116306 -0.372156 0.459084 0.129351 -0.336763 0.616252 0.086046 -0.207730 0.605558 0.188817 -0.290704 0.394064 0.205050 -0.289054 0.544810 0.141911 -0.172900 0.516706 0.231648 -0.204645 0.323615 0.270083 -0.258785 0.424029 0.213753 -0.169554 0.469504 
0.000000 0.000000 0.000000 -0.074689 -0.005140 -0.004363 -0.080253 -0.316821 0.290644 0.039472 -0.255614 0.263137 0.110463 -0.193997 0.221832 0.171394 -0.132170 0.177557 -0.027251 -0.070638 0.297806 0.002433 -0.111623 0.486883 0.010778 -0.111820 0.641858 -0.036585 -0.328191 0.512869 -0.010194 -0.335063 0.647176 -0.002615 -0.251263 0.727881 0.105820 -0.378863 0.455183 0.120458 -0.353220 0.614094 0.077986 -0.224022 0.602117 0.179771 -0.295227 0.394060 0.199956 -0.301274 0.544216 0.139245 -0.183770 0.516377 0.228863 -0.208109 0.324243 0.268420 -0.260378 0.425210 0.212796 -0.170478 0.470232 
0.000000 0.000000 0.000000 -0.074078 -0.008911 -0.007548 -0.074448 -0.329516 0.277790 0.042805 -0.261285 0.256973 0.111949 -0.194771 0.220404 0.171161 -0.128482 0.180464 -0.042871 -0.094834 0.291600 -0.023344 -0.148600 0.478788 -0.022551 -0.162937 0.633321 -0.041684 -0.351027 0.501137 -0.021883 -0.364027 0.636122 -0.021886 -0.283902 0.720816 0.101122 -0.379760 0.454551 0.102754 -0.356458 0.614485 0.053480 -0.229771 0.601768 0.185076 -0.296939 0.390486 0.193143 -0.284004 0.541345 0.127422 -0.169409 0.512768 0.221143 -0.204004 0.330079 0.255546 -0.255987 0.433062 0.193921 -0.169483 0.476909 
0.000000 0.000000 0.000000 -0.070991 -0.018255 -0.015841 -0.056374 -0.350519 0.255438 0.051893 -0.266342 0.250013 0.114603 -0.189425 0.223675 0.167901 -0.113874 0.192907 -0.054458 -0.111873 0.282167 -0.044113 -0.170453 0.468641 -0.044413 -0.203723 0.620232 -0.028591 -0.372494 0.479414 -0.011800 -0.385775 0.614779 -0.022415 -0.310349 0.703048 0.119411 -0.382669 0.445931 0.122509 -0.368247 0.606887 0.063456 -0.245633 0.596030 0.179194 -0.287906 0.399298 0.180865 -0.292840 0.550835 0.106777 -0.182733 0.525234 0.222846 -0.186393 0.342267 0.260665 -0.236309 0.445074 0.188806 -0.156450 0.485843 
0.000000 0.000000 0.000000 -0.067422 -0.024710 -0.021624 -0.041898 -0.358723 0.246684 0.057772 -0.264454 0.250727 0.114583 -0.181420 0.230225 0.162537 -0.100573 0.204543 -0.074217 -0.134719 0.271118 -0.078469 -0.203555 0.454298 -0.079191 -0.249804 0.602444 -0.033120 -0.384978 0.471747 -0.027814 -0.400847 0.607770 -0.053516 -0.330205 0.696889 0.109700 -0.369590 0.457425 0.104017 -0.371480 0.618945 0.036054 -0.253186 0.613775 0.172465 -0.267202 0.414629 0.178585 -0.285637 0.565007 0.095472 -0.180265 0.548976 0.202147 -0.169421 0.360355 0.229411 -0.216810 0.467603 0.149634 -0.143170 0.505233 
0.000000 0.000000 0.000000 -0.060750 -0.033911 -0.027989 -0.015205 -0.362153 0.244753 0.069229 -0.254738 0.257785 0.115494 -0.164404 0.242237 0.153861 -0.077465 0.220674 -0.084760 -0.149026 0.261870 -0.099784 -0.221057 0.443245 -0.099047 -0.272507 0.589667 -0.033500 -0.392078 0.468784 -0.044556 -0.410165 0.604183 -0.086099 -0.343084 0.690017 0.106395 -0.351791 0.471499 0.087761 -0.360307 0.631827 0.007451 -0.249940 0.634789 0.126033 -0.220856 0.445745 0.133591 -0.261336 0.591674 0.037433 -0.166583 0.585069 0.175251 -0.131265 0.385702 0.189974 -0.168296 0.499295 0.100424 -0.104867 0.533361 
0.000000 0.000000 0.000000 -0.055491 -0.040419 -0.030181 0.008659 -0.357316 0.252072 0.081057 -0.241647 0.266784 0.118734 -0.147372 0.251456 0.149218 -0.057385 0.229809 -0.080151 -0.158322 0.258501 -0.095582 -0.232098 0.439139 -0.090077 -0.281922 0.586020 -0.014070 -0.381234 0.476419 -0.027807 -0.395690 0.612008 -0.083018 -0.331971 0.692537 0.108613 -0.321418 0.488936 0.086126 -0.332998 0.648576 -0.007011 -0.233280 0.653165 0.123589 -0.188654 0.458786 0.127071 -0.218256 0.607455 0.017527 -0.139195 0.603252 0.169719 -0.095201 0.399326 0.183831 -0.121230 0.516007 0.085392 -0.069847 0.545548 
0.000000 0.000000 0.000000 -0.047295 -0.047310 -0.033895 0.036081 -0.353290 0.255294 0.091442 -0.229155 0.274342 0.117548 -0.130750 0.261023 0.137582 -0.037535 0.240902 -0.075531 -0.158881 0.256967 -0.093199 -0.228695 0.438970 -0.080863 -0.273636 0.587007 0.006481 -0.375216 0.479042 -0.011408 -0.388467 0.614269 -0.074490 -0.327540 0.691092 0.102489 -0.285738 0.504887 0.077552 -0.295225 0.664300 -0.023631 -0.203589 0.666394 0.137602 -0.171298 0.467584 0.113320 -0.179021 0.617055 -0.004254 -0.112634 0.610965 0.146938 -0.068841 0.412711 0.153379 -0.090390 0.530972 0.049139 -0.048482 0.555074 
0.000000 0.000000 0.000000 -0.043273 -0.051284 -0.033487 0.050398 -0.341663 0.268359 0.097403 -0.213735 0.284548 0.117754 -0.114382 0.268509 0.132565 -0.020812 0.245692 -0.074322 -0.158555 0.258703 -0.093751 -0.225679 0.441537 -0.076477 -0.262607 0.591286 0.013570 -0.356505 0.491616 -0.008688 -0.365476 0.626546 -0.077587 -0.304833 0.698438 0.110909 -0.266017 0.515975 0.080279 -0.270130 0.674624 -0.026354 -0.184905 0.672347 0.117608 -0.146736 0.477475 0.117504 -0.169936 0.627317 -0.004827 -0.113212 0.618076 0.137572 -0.048559 0.418293 0.141019 -0.067657 0.537098 0.032962 -0.034338 0.557510 
0.000000 0.000000 0.000000 -0.040374 -0.054300 -0.032332 0.057319 -0.328294 0.283246 0.098806 -0.198016 0.295236 0.115589 -0.098643 0.275599 0.127234 -0.005539 0.249303 -0.068224 -0.155373 0.262380 -0.085651 -0.218617 0.446791 -0.069910 -0.249734 0.598022 0.013033 -0.337910 0.505431 -0.013733 -0.343722 0.639714 -0.089182 -0.285628 0.706987 0.112021 -0.249866 0.526777 0.072114 -0.251137 0.683399 -0.039464 -0.172730 0.676923 0.104092 -0.125156 0.485072 0.095848 -0.144167 0.635276 -0.029829 -0.096413 0.621396 0.133177 -0.029193 0.422483 0.137267 -0.045476 0.541687 0.027176 -0.018678 0.560786 
0.000000 0.000000 0.000000 -0.032922 -0.059067 -0.032421 0.082675 -0.314312 0.292683 0.109077 -0.180026 0.303035 0.115515 -0.079806 0.281662 0.117788 0.013485 0.253605 -0.061122 -0.148780 0.265912 -0.078768 -0.204918 0.452589 -0.063601 -0.231075 0.604814 0.034611 -0.322339 0.514145 0.005563 -0.327190 0.647991 -0.074494 -0.272809 0.713004 0.092989 -0.204965 0.538818 0.078477 -0.219788 0.699112 -0.038246 -0.149253 0.692782 0.098697 -0.100170 0.491462 0.086637 -0.114774 0.641902 -0.041700 -0.073854 0.630796 0.124553 -0.004931 0.427390 0.129209 -0.017607 0.547010 0.017982 0.002449 0.567734 
0.000000 0.000000 0.000000 -0.026869 -0.063050 -0.030441 0.106223 -0.293824 0.306063 0.120101 -0.157382 0.311359 0.117722 -0.057897 0.286070 0.111935 0.034050 0.254327 -0.047990 -0.150541 0.269134 -0.061207 -0.205287 0.456589 -0.045501 -0.228967 0.609165 0.059747 -0.297449 0.527980 0.031658 -0.299641 0.662100 -0.054140 -0.251974 0.725026 0.097213 -0.175856 0.547175 0.081646 -0.188422 0.707563 -0.040836 -0.128140 0.705629 0.104013 -0.071819 0.496621 0.094184 -0.081802 0.647600 -0.037722 -0.052421 0.645210 0.112596 0.016791 0.428361 0.113052 0.004911 0.548153 0.001929 0.017188 0.574689 
0.000000 0.000000 0.000000 -0.010886 -0.066898 -0.032095 0.151983 -0.268462 0.310032 0.135488 -0.132369 0.316637 0.112767 -0.035398 0.291679 0.088697 0.053576 0.260064 -0.027592 -0.145535 0.270202 -0.038046 -0.194741 0.459359 -0.019806 -0.216613 0.611923 0.096860 -0.266218 0.529979 0.063546 -0.264861 0.662909 -0.027747 -0.228547 0.725678 0.104961 -0.133597 0.552308 0.084199 -0.134432 0.712598 -0.045327 -0.091343 0.714984 0.092402 -0.036836 0.502148 0.077799 -0.037866 0.653066 -0.056946 -0.027645 0.655784 0.095446 0.046256 0.434670 0.100091 0.041218 0.554855 -0.009488 0.039184 0.589370 
0.000000 0.000000 0.000000 -0.003646 -0.068335 -0.030674 0.178272 -0.244316 0.315942 0.147486 -0.110615 0.319608 0.114757 -0.017134 0.292547 0.081556 0.068117 0.258998 -0.005205 -0.147433 0.271960 -0.006181 -0.196926 0.461329 0.019222 -0.216811 0.613139 0.128496 -0.244463 0.537171 0.098412 -0.244551 0.670876 0.007604 -0.218766 0.739303 0.119889 -0.112643 0.555635 0.101120 -0.114022 0.716167 -0.031458 -0.084650 0.730295 0.100008 -0.020080 0.503467 0.089431 -0.022193 0.654710 -0.044693 -0.027769 0.670448 0.091963 0.067747 0.433577 0.099126 0.067492 0.553743 -0.006636 0.055438 0.597013 
0.000000 0.000000 0.000000 0.001281 -0.068936 -0.029498 0.192965 -0.225930 0.320952 0.152957 -0.094648 0.322154 0.113978 -0.004140 0.293323 0.075137 0.078015 0.258146 0.007498 -0.146267 0.273533 0.011387 -0.194657 0.463150 0.039667 -0.215143 0.614369 0.152734 -0.229543 0.544086 0.128420 -0.231725 0.678942 0.043454 -0.213690 0.756715 0.133937 -0.095815 0.559032 0.121000 -0.096608 0.720143 -0.009831 -0.076049 0.753307 0.103537 0.000646 0.504467 0.096050 0.004078 0.655870 -0.034535 -0.009858 0.687827 0.094014 0.081548 0.431977 0.107007 0.083981 0.551629 0.006471 0.066663 0.604503 
0.000000 0.000000 0.000000 0.007123 -0.068537 -0.029595 0.204687 -0.211214 0.323701 0.154570 -0.083445 0.324472 0.109144 0.003845 0.295159 0.064607 0.082836 0.259490 0.013885 -0.148036 0.272863 0.018117 -0.197781 0.462121 0.047016 -0.220856 0.612850 0.159363 -0.214294 0.545864 0.131970 -0.216155 0.680133 0.049691 -0.203070 0.761694 0.130664 -0.086766 0.560887 0.114405 -0.089024 0.721682 -0.014848 -0.074483 0.763175 0.096724 0.013634 0.506023 0.087818 0.020653 0.657226 -0.039215 -0.000060 0.698475 0.080019 0.089271 0.433580 0.090626 0.093700 0.553410 -0.006587 0.072302 0.610812 
0.000000 0.000000 0.000000 0.009700 -0.068979 -0.027780 0.208512 -0.196003 0.330750 0.154141 -0.070018 0.327834 0.106102 0.014928 0.295915 0.059293 0.091453 0.257860 0.022922 -0.147946 0.274603 0.031197 -0.197359 0.463815 0.060022 -0.221269 0.614428 0.163684 -0.197585 0.553029 0.136590 -0.198541 0.687369 0.055399 -0.191241 0.770722 0.125137 -0.071902 0.563694 0.105410 -0.073182 0.724111 -0.022777 -0.067787 0.770785 0.089465 0.020488 0.506642 0.077535 0.024476 0.657747 -0.046014 -0.005413 0.703685 0.073684 0.097113 0.432064 0.083589 0.101009 0.551973 -0.009954 0.073700 0.612858 