128
0.000000 0.000000 0.000000 -0.033468 -0.046420 -0.048467 -0.216630 -0.256583 0.280227 -0.147828 -0.149868 0.303024 -0.093060 -0.071498 0.292017 -0.042961 -0.001009 0.276631 -0.267210 -0.026714 0.158469 -0.413471 -0.014384 0.287956 -0.567313 -0.012110 0.308311 -0.409691 -0.216868 0.392343 -0.519315 -0.135546 0.404647 -0.597332 -0.050250 0.389441 -0.227055 -0.249928 0.503488 -0.280940 -0.317982 0.639831 -0.342161 -0.359642 0.754530 -0.143866 -0.127368 0.489530 -0.180296 -0.167430 0.631158 -0.271422 -0.161999 0.730831 -0.063372 0.029634 0.447600 -0.077421 0.050726 0.565282 -0.142538 0.078090 0.655914 
0.000000 0.000000 0.000000 -0.031840 -0.048468 -0.047549 -0.210562 -0.256376 0.285001 -0.145022 -0.147204 0.305674 -0.092502 -0.067535 0.293136 -0.044397 0.004021 0.276376 -0.266353 -0.029779 0.158608 -0.413096 -0.018083 0.287608 -0.566572 -0.017584 0.310669 -0.404299 -0.213914 0.394923 -0.516685 -0.136733 0.408877 -0.596728 -0.053629 0.392146 -0.224236 -0.243509 0.507973 -0.278112 -0.309010 0.645565 -0.340796 -0.347462 0.760594 -0.144037 -0.119476 0.491529 -0.180991 -0.156720 0.633790 -0.273209 -0.150329 0.732395 -0.068487 0.037718 0.446289 -0.085068 0.060912 0.563244 -0.154077 0.089439 0.650577 
0.000000 0.000000 0.000000 -0.031683 -0.048864 -0.047248 -0.209278 -0.255616 0.286624 -0.144165 -0.146064 0.306625 -0.091980 -0.066255 0.293592 -0.044180 0.005400 0.276388 -0.266619 -0.031993 0.158585 -0.413626 -0.021435 0.287381 -0.566740 -0.021384 0.312737 -0.403192 -0.214089 0.396591 -0.516670 -0.138732 0.411631 -0.597510 -0.056440 0.394714 -0.224339 -0.239137 0.510056 -0.278869 -0.302440 0.648417 -0.343288 -0.338255 0.763338 -0.145652 -0.116242 0.491921 -0.184139 -0.152086 0.634134 -0.277149 -0.145386 0.731973 -0.069603 0.039457 0.446034 -0.087102 0.062898 0.562806 -0.158820 0.091422 0.647930 
0.000000 0.000000 0.000000 -0.029996 -0.050596 -0.046520 -0.201547 -0.257682 0.290291 -0.140033 -0.145790 0.308664 -0.090414 -0.064557 0.294455 -0.044908 0.008320 0.276198 -0.265025 -0.036414 0.159408 -0.412091 -0.027540 0.288265 -0.564656 -0.029969 0.316638 -0.395410 -0.217110 0.400704 -0.511005 -0.145300 0.416935 -0.594198 -0.065531 0.399355 -0.220380 -0.237631 0.512585 -0.275028 -0.300095 0.651280 -0.341937 -0.333680 0.765450 -0.145721 -0.113798 0.492521 -0.185379 -0.149106 0.634547 -0.280061 -0.142458 0.730772 -0.071137 0.041840 0.445829 -0.089191 0.064912 0.562589 -0.164510 0.092524 0.644856 
0.000000 0.000000 0.000000 -0.028892 -0.052301 -0.045319 -0.192750 -0.257208 0.296617 -0.134182 -0.143354 0.312381 -0.086869 -0.061110 0.296253 -0.043464 0.012591 0.276267 -0.265450 -0.042878 0.159126 -0.413473 -0.036981 0.287054 -0.564957 -0.041986 0.320436 -0.387231 -0.221952 0.407768 -0.504853 -0.153105 0.422155 -0.591010 -0.076720 0.403836 -0.214835 -0.228854 0.518922 -0.269691 -0.287007 0.659399 -0.340508 -0.314397 0.772863 -0.140067 -0.107486 0.495584 -0.178213 -0.140740 0.638517 -0.274854 -0.133052 0.732695 -0.074051 0.048742 0.444623 -0.095105 0.073625 0.560506 -0.174678 0.100601 0.638887 
0.000000 0.000000 0.000000 -0.028022 -0.053924 -0.043941 -0.186669 -0.253716 0.303435 -0.130280 -0.138401 0.316243 -0.084637 -0.055664 0.297967 -0.042748 0.018366 0.276055 -0.265095 -0.046570 0.159991 -0.413441 -0.041968 0.287599 -0.563419 -0.046783 0.327224 -0.379292 -0.221252 0.418598 -0.497444 -0.152465 0.428108 -0.586323 -0.079531 0.408760 -0.209972 -0.217248 0.525783 -0.264174 -0.270875 0.668299 -0.338782 -0.292278 0.780615 -0.139297 -0.093703 0.498663 -0.178491 -0.120978 0.642575 -0.277651 -0.110848 0.733860 -0.074310 0.058592 0.443303 -0.096035 0.086280 0.558424 -0.179067 0.113011 0.633218 
0.000000 0.000000 0.000000 -0.027176 -0.055694 -0.042232 -0.180853 -0.248115 0.311483 -0.126563 -0.131456 0.320684 -0.082525 -0.048464 0.299812 -0.042093 0.025651 0.275575 -0.264811 -0.049528 0.161085 -0.413509 -0.045670 0.288306 -0.561968 -0.050329 0.333307 -0.373345 -0.217566 0.427386 -0.493292 -0.151953 0.436857 -0.584097 -0.081753 0.416370 -0.204919 -0.203804 0.533053 -0.258213 -0.253010 0.677494 -0.335149 -0.269817 0.789018 -0.134820 -0.082647 0.501828 -0.172319 -0.107159 0.646686 -0.272709 -0.095396 0.736416 -0.075048 0.068727 0.441842 -0.097732 0.098376 0.556286 -0.182981 0.124944 0.628605 
0.000000 0.000000 0.000000 -0.025636 -0.057327 -0.040992 -0.174198 -0.246013 0.316896 -0.123096 -0.127750 0.323519 -0.081316 -0.044074 0.300818 -0.042897 0.030559 0.274949 -0.262593 -0.051108 0.163114 -0.410866 -0.047216 0.290830 -0.557625 -0.050193 0.341226 -0.366462 -0.212609 0.432390 -0.487532 -0.149591 0.444752 -0.579476 -0.080911 0.424199 -0.199658 -0.195483 0.538053 -0.251730 -0.241551 0.683967 -0.330008 -0.255472 0.794954 -0.133169 -0.075926 0.503328 -0.170351 -0.098766 0.648541 -0.271347 -0.086382 0.737504 -0.075370 0.075391 0.440847 -0.097722 0.106249 0.555037 -0.184314 0.132532 0.625848 
0.000000 0.000000 0.000000 -0.025681 -0.057605 -0.040571 -0.172383 -0.244630 0.318953 -0.121506 -0.126225 0.324717 -0.079996 -0.042587 0.301385 -0.041842 0.031983 0.274950 -0.262937 -0.050265 0.163150 -0.411396 -0.045672 0.290625 -0.556531 -0.045641 0.345606 -0.362897 -0.209052 0.436676 -0.483530 -0.145147 0.448748 -0.575839 -0.076820 0.428655 -0.199010 -0.191438 0.539693 -0.251725 -0.235793 0.685906 -0.331157 -0.247550 0.796322 -0.131623 -0.074023 0.504018 -0.168643 -0.096565 0.649319 -0.269806 -0.083668 0.738020 -0.074524 0.077132 0.440720 -0.097020 0.108208 0.554823 -0.184209 0.134381 0.624938 
0.000000 0.000000 0.000000 -0.025745 -0.057725 -0.040359 -0.172189 -0.243517 0.319907 -0.121253 -0.125118 0.325239 -0.079729 -0.041574 0.301598 -0.041567 0.032893 0.274884 -0.263568 -0.049578 0.162668 -0.412382 -0.044480 0.289709 -0.556596 -0.042260 0.347019 -0.363009 -0.204993 0.436199 -0.483950 -0.142371 0.451490 -0.576194 -0.073921 0.431521 -0.199951 -0.188407 0.540356 -0.253477 -0.231454 0.686666 -0.334686 -0.241598 0.795944 -0.131635 -0.070373 0.504551 -0.168855 -0.091023 0.650081 -0.270494 -0.077204 0.738096 -0.075568 0.079902 0.439870 -0.098972 0.112259 0.553433 -0.187134 0.138669 0.622231 
0.000000 0.000000 0.000000 -0.026009 -0.057777 -0.040115 -0.171813 -0.242173 0.321127 -0.120572 -0.123884 0.325964 -0.078915 -0.040511 0.301956 -0.040651 0.033784 0.274913 -0.263348 -0.050086 0.163496 -0.411859 -0.045273 0.290902 -0.554647 -0.040729 0.351549 -0.362440 -0.205940 0.438468 -0.483054 -0.142507 0.452973 -0.574999 -0.073495 0.433569 -0.199874 -0.184798 0.541545 -0.253810 -0.226228 0.688170 -0.339573 -0.231473 0.794267 -0.131272 -0.067474 0.505046 -0.168815 -0.086809 0.650674 -0.271315 -0.071559 0.737445 -0.074170 0.079868 0.440259 -0.097241 0.111587 0.554069 -0.185677 0.138164 0.622451 
0.000000 0.000000 0.000000 -0.026427 -0.057220 -0.040637 -0.167761 -0.246991 0.319597 -0.116580 -0.128726 0.325539 -0.075291 -0.044967 0.302251 -0.037422 0.029755 0.275836 -0.261187 -0.051600 0.166009 -0.408084 -0.048083 0.295315 -0.548290 -0.040090 0.361384 -0.356980 -0.207401 0.438125 -0.476659 -0.143959 0.458959 -0.567688 -0.072944 0.442721 -0.198093 -0.188488 0.540618 -0.253533 -0.229134 0.686901 -0.352496 -0.223206 0.780765 -0.127536 -0.072729 0.505261 -0.165000 -0.092637 0.650833 -0.272436 -0.071305 0.730019 -0.070800 0.074168 0.441666 -0.093775 0.104738 0.555810 -0.183004 0.131253 0.623178 
0.000000 0.000000 0.000000 -0.028753 -0.054203 -0.043119 -0.166109 -0.260848 0.309284 -0.111959 -0.144309 0.320589 -0.069216 -0.060327 0.301025 -0.030184 0.014892 0.277918 -0.258371 -0.054286 0.169301 -0.402051 -0.054339 0.302219 -0.537678 -0.042807 0.376778 -0.350697 -0.221996 0.435133 -0.467082 -0.154898 0.462236 -0.555696 -0.079664 0.453261 -0.197228 -0.207789 0.533131 -0.255223 -0.250964 0.677689 -0.369536 -0.227516 0.748555 -0.121518 -0.093268 0.503245 -0.159022 -0.116888 0.648250 -0.274534 -0.083921 0.710205 -0.061488 0.055440 0.445137 -0.083035 0.083350 0.560237 -0.173965 0.109386 0.625483 
0.000000 0.000000 0.000000 -0.031532 -0.049423 -0.046766 -0.165173 -0.282279 0.290391 -0.107290 -0.168692 0.310112 -0.062628 -0.084514 0.296617 -0.022031 -0.008653 0.278946 -0.255655 -0.059003 0.171233 -0.395898 -0.064998 0.307642 -0.523944 -0.050457 0.394126 -0.344352 -0.244982 0.424272 -0.455431 -0.174786 0.463207 -0.539099 -0.093640 0.466071 -0.199703 -0.228215 0.520804 -0.262556 -0.268699 0.664105 -0.382980 -0.232394 0.717203 -0.118235 -0.123692 0.496833 -0.158110 -0.151784 0.640400 -0.279007 -0.106508 0.680426 -0.051059 0.021555 0.448743 -0.071039 0.042347 0.565618 -0.164506 0.067605 0.627499 
0.000000 0.000000 0.000000 -0.035507 -0.043377 -0.049815 -0.172570 -0.297563 0.270122 -0.107937 -0.189380 0.297695 -0.059049 -0.106829 0.290081 -0.014797 -0.031967 0.277723 -0.255527 -0.063846 0.171587 -0.393202 -0.076653 0.310125 -0.512684 -0.061844 0.408061 -0.345582 -0.271000 0.414280 -0.450423 -0.195818 0.460519 -0.528407 -0.110248 0.474280 -0.219401 -0.232588 0.503081 -0.295212 -0.261975 0.642772 -0.417140 -0.213584 0.680603 -0.127343 -0.149058 0.485699 -0.176315 -0.179339 0.625969 -0.296463 -0.119829 0.643027 -0.049587 -0.017068 0.448469 -0.073535 -0.006813 0.565996 -0.170846 0.022320 0.619708 
0.000000 0.000000 0.000000 -0.038686 -0.036749 -0.052695 -0.190513 -0.306164 0.247506 -0.118534 -0.205119 0.282866 -0.064228 -0.125677 0.281294 -0.015098 -0.053189 0.274434 -0.259836 -0.068269 0.166269 -0.398218 -0.087992 0.303282 -0.511232 -0.076050 0.408980 -0.360904 -0.288337 0.396063 -0.460529 -0.211899 0.450964 -0.532236 -0.122910 0.474032 -0.259308 -0.217738 0.473910 -0.365982 -0.214312 0.595292 -0.483108 -0.146504 0.613260 -0.161297 -0.147508 0.467881 -0.230901 -0.163162 0.601676 -0.340262 -0.084454 0.591029 -0.066782 -0.044845 0.441304 -0.102358 -0.039102 0.556163 -0.204182 0.003147 0.588566 
0.000000 0.000000 0.000000 -0.041311 -0.031215 -0.054249 -0.208607 -0.306310 0.232266 -0.129983 -0.212237 0.272391 -0.070622 -0.136515 0.274632 -0.016911 -0.067095 0.271263 -0.264578 -0.068311 0.161672 -0.404284 -0.091522 0.296781 -0.514624 -0.084219 0.405678 -0.378102 -0.301483 0.382825 -0.473984 -0.222373 0.440534 -0.541780 -0.131865 0.468909 -0.277227 -0.223936 0.458555 -0.411560 -0.157993 0.519635 -0.515303 -0.069461 0.513420 -0.192589 -0.135406 0.447364 -0.280048 -0.134612 0.571223 -0.373687 -0.042389 0.539686 -0.089917 -0.056330 0.429820 -0.140168 -0.048921 0.538958 -0.239242 0.008697 0.547187 
0.000000 0.000000 0.000000 -0.041765 -0.027198 -0.056035 -0.218370 -0.312232 0.214746 -0.137518 -0.222563 0.260176 -0.076155 -0.148708 0.266707 -0.020571 -0.080698 0.267275 -0.266853 -0.070596 0.156799 -0.407699 -0.097751 0.289976 -0.519599 -0.095539 0.397495 -0.387868 -0.314034 0.365370 -0.482671 -0.236366 0.426706 -0.548106 -0.145114 0.458081 -0.283773 -0.227701 0.447413 -0.414418 -0.146507 0.497051 -0.513072 -0.052426 0.489609 -0.206441 -0.130615 0.432272 -0.299864 -0.117642 0.550993 -0.384895 -0.020841 0.510160 -0.104303 -0.064829 0.419995 -0.161938 -0.053907 0.525115 -0.254382 0.014155 0.520131 
0.000000 0.000000 0.000000 -0.042804 -0.023274 -0.057009 -0.225141 -0.316842 0.200532 -0.141696 -0.231675 0.249773 -0.078384 -0.159847 0.259521 -0.021038 -0.093407 0.263066 -0.267878 -0.070726 0.154972 -0.408715 -0.100419 0.287616 -0.521376 -0.102654 0.394337 -0.393742 -0.327132 0.351820 -0.486931 -0.249971 0.416193 -0.550528 -0.158724 0.451161 -0.289618 -0.235001 0.435736 -0.417478 -0.147058 0.480930 -0.512722 -0.049502 0.473821 -0.205458 -0.146170 0.427981 -0.312559 -0.109998 0.529034 -0.390144 -0.010514 0.480541 -0.111854 -0.073355 0.411176 -0.174364 -0.059553 0.513123 -0.261143 0.014751 0.500817 
0.000000 0.000000 0.000000 -0.043152 -0.021453 -0.057460 -0.228195 -0.319079 0.193407 -0.143749 -0.236007 0.244488 -0.079649 -0.165115 0.255811 -0.021584 -0.099398 0.260817 -0.267571 -0.071599 0.154596 -0.407998 -0.102977 0.287286 -0.522399 -0.107972 0.392045 -0.395477 -0.334035 0.345765 -0.487433 -0.257336 0.412424 -0.549579 -0.165926 0.449508 -0.293917 -0.235214 0.428671 -0.418250 -0.140436 0.469695 -0.509776 -0.039367 0.462823 -0.205268 -0.152092 0.425411 -0.319995 -0.093384 0.505296 -0.389726 0.007766 0.448955 -0.120607 -0.068302 0.401578 -0.188766 -0.046898 0.498466 -0.270054 0.031006 0.475524 
0.000000 0.000000 0.000000 -0.043050 -0.022589 -0.057100 -0.225465 -0.318119 0.198131 -0.141612 -0.233685 0.247941 -0.078056 -0.162144 0.258191 -0.020500 -0.095913 0.262205 -0.265962 -0.071071 0.156924 -0.405445 -0.101408 0.290846 -0.523155 -0.105938 0.391894 -0.396394 -0.341334 0.345320 -0.492479 -0.269828 0.411929 -0.555284 -0.178026 0.446871 -0.292687 -0.232807 0.431380 -0.415231 -0.133466 0.466578 -0.505215 -0.031105 0.458545 -0.201095 -0.147952 0.429579 -0.318494 -0.079236 0.496559 -0.387254 0.019038 0.434250 -0.125332 -0.053950 0.395755 -0.197490 -0.025065 0.487680 -0.277515 0.050908 0.455629 
0.000000 0.000000 0.000000 -0.041954 -0.025797 -0.056554 -0.221585 -0.313916 0.208919 -0.139938 -0.225845 0.256024 -0.077884 -0.152705 0.263934 -0.021657 -0.085248 0.265772 -0.260752 -0.067251 0.163117 -0.397662 -0.093190 0.300572 -0.511424 -0.093660 0.406141 -0.401827 -0.340727 0.343879 -0.507176 -0.275704 0.402664 -0.575187 -0.184562 0.428369 -0.291430 -0.220940 0.439056 -0.413797 -0.122741 0.477887 -0.499227 -0.017376 0.462415 -0.197600 -0.132996 0.437121 -0.316681 -0.058040 0.493618 -0.387785 0.035070 0.426217 -0.127772 -0.035662 0.395646 -0.200812 -0.001530 0.485040 -0.281008 0.071769 0.447635 
0.000000 0.000000 0.000000 -0.038747 -0.029647 -0.056953 -0.216426 -0.314701 0.213105 -0.140196 -0.221586 0.259580 -0.081468 -0.145682 0.266807 -0.028104 -0.075923 0.267987 -0.255520 -0.067619 0.165340 -0.391162 -0.091379 0.304436 -0.504969 -0.092648 0.409950 -0.402646 -0.326936 0.341917 -0.512440 -0.270767 0.401686 -0.585512 -0.184084 0.428881 -0.289404 -0.213799 0.444380 -0.412586 -0.117274 0.484796 -0.496427 -0.011796 0.462787 -0.203560 -0.112254 0.436188 -0.322422 -0.025501 0.472746 -0.389501 0.064149 0.397041 -0.141803 -0.016959 0.387075 -0.220064 0.023628 0.469045 -0.296419 0.093868 0.419654 
0.000000 0.000000 0.000000 -0.034903 -0.033549 -0.057273 -0.215922 -0.312299 0.217110 -0.145215 -0.214523 0.262735 -0.089485 -0.136322 0.269175 -0.038608 -0.064721 0.269614 -0.250762 -0.066953 0.166636 -0.385833 -0.087857 0.306744 -0.502872 -0.093112 0.408533 -0.407948 -0.301995 0.337278 -0.521463 -0.253716 0.396989 -0.597377 -0.169097 0.422870 -0.294709 -0.209280 0.447393 -0.419959 -0.117509 0.492284 -0.501053 -0.011656 0.462989 -0.217398 -0.095395 0.432506 -0.334332 -0.001141 0.453321 -0.396183 0.088826 0.373644 -0.160209 0.001916 0.376192 -0.243909 0.047784 0.449553 -0.315435 0.115276 0.390122 
0.000000 0.000000 0.000000 -0.033903 -0.035659 -0.056594 -0.222726 -0.301768 0.224987 -0.152324 -0.202637 0.268091 -0.096194 -0.124583 0.272529 -0.044834 -0.053341 0.271138 -0.247144 -0.061409 0.170807 -0.380576 -0.077522 0.313101 -0.502798 -0.088376 0.408131 -0.415202 -0.274133 0.341647 -0.528510 -0.222621 0.399004 -0.604765 -0.137300 0.421334 -0.303521 -0.199461 0.451404 -0.430164 -0.113917 0.504021 -0.505967 -0.006536 0.467108 -0.225471 -0.084110 0.434896 -0.341492 0.011613 0.454055 -0.399989 0.102498 0.372901 -0.168969 0.014925 0.373688 -0.254413 0.061914 0.444276 -0.324761 0.127093 0.380983 
0.000000 0.000000 0.000000 -0.034260 -0.036757 -0.055669 -0.232818 -0.287712 0.233041 -0.160270 -0.188968 0.273389 -0.102156 -0.112286 0.275685 -0.048931 -0.042492 0.272344 -0.242031 -0.052970 0.177601 -0.372041 -0.063116 0.323566 -0.496263 -0.079437 0.415159 -0.422038 -0.247767 0.351449 -0.533821 -0.193674 0.409419 -0.609031 -0.106662 0.428534 -0.310391 -0.192185 0.457585 -0.437461 -0.110047 0.514427 -0.508229 -0.001141 0.472346 -0.234186 -0.075231 0.436647 -0.348830 0.018816 0.468311 -0.398951 0.114413 0.386966 -0.170849 0.030004 0.374650 -0.254768 0.079905 0.445069 -0.325682 0.142449 0.379781 
0.000000 0.000000 0.000000 -0.034436 -0.037899 -0.054788 -0.239634 -0.276256 0.239892 -0.165723 -0.177542 0.277762 -0.106315 -0.101824 0.278164 -0.051868 -0.033085 0.273105 -0.239385 -0.045966 0.181384 -0.367629 -0.051014 0.329165 -0.491657 -0.069454 0.420619 -0.423271 -0.216093 0.358543 -0.534257 -0.179733 0.430252 -0.609711 -0.092348 0.446493 -0.319211 -0.177144 0.459189 -0.446890 -0.103102 0.525071 -0.514973 0.006183 0.479672 -0.241434 -0.065012 0.436598 -0.355171 0.025591 0.479560 -0.399151 0.124753 0.398933 -0.169407 0.040975 0.379340 -0.250313 0.091951 0.452464 -0.322936 0.151601 0.386352 
0.000000 0.000000 0.000000 -0.034611 -0.038280 -0.054412 -0.244675 -0.269375 0.242614 -0.169690 -0.171070 0.279423 -0.109290 -0.096141 0.279032 -0.053910 -0.028208 0.273257 -0.236509 -0.039643 0.184505 -0.362844 -0.040497 0.334004 -0.483411 -0.060266 0.429710 -0.422163 -0.205948 0.368689 -0.529432 -0.167614 0.444886 -0.603713 -0.078335 0.455118 -0.324810 -0.169397 0.459450 -0.450741 -0.099490 0.532792 -0.514902 0.012710 0.488815 -0.245008 -0.059064 0.436891 -0.357217 0.031440 0.483890 -0.397096 0.132863 0.403946 -0.168237 0.045140 0.383418 -0.246932 0.095626 0.459244 -0.320683 0.154438 0.393632 
0.000000 0.000000 0.000000 -0.036321 -0.037256 -0.054006 -0.252451 -0.259439 0.245459 -0.173765 -0.163711 0.281321 -0.110740 -0.090984 0.280187 -0.053017 -0.025092 0.273735 -0.235546 -0.034776 0.187136 -0.360209 -0.033224 0.338027 -0.480398 -0.051800 0.434444 -0.424263 -0.192495 0.377441 -0.528102 -0.152035 0.457207 -0.602348 -0.062178 0.459697 -0.326541 -0.159734 0.463305 -0.449962 -0.086195 0.537360 -0.510946 0.027772 0.493408 -0.244523 -0.052748 0.439416 -0.354060 0.040821 0.486717 -0.389681 0.143246 0.406043 -0.164408 0.048236 0.386877 -0.241081 0.098710 0.464755 -0.314445 0.158184 0.399305 
0.000000 0.000000 0.000000 -0.038621 -0.035918 -0.053313 -0.257738 -0.249538 0.250185 -0.174908 -0.156798 0.284533 -0.109226 -0.086490 0.282197 -0.049190 -0.022819 0.274647 -0.235013 -0.027680 0.190016 -0.357902 -0.022525 0.342275 -0.476668 -0.039217 0.440778 -0.423378 -0.188046 0.392319 -0.526014 -0.140719 0.469831 -0.602518 -0.052775 0.467326 -0.327785 -0.149342 0.466322 -0.450613 -0.076803 0.542323 -0.511418 0.037069 0.497878 -0.244525 -0.046255 0.439642 -0.355133 0.043917 0.490884 -0.390112 0.145266 0.408586 -0.159133 0.051426 0.388605 -0.234808 0.102530 0.467046 -0.308397 0.161533 0.401422 
0.000000 0.000000 0.000000 -0.038612 -0.036556 -0.052884 -0.259357 -0.244850 0.253125 -0.176270 -0.151923 0.286331 -0.110317 -0.081905 0.283140 -0.050020 -0.018577 0.274816 -0.234345 -0.025660 0.190870 -0.356823 -0.018843 0.343395 -0.473838 -0.035720 0.443941 -0.423275 -0.176528 0.394133 -0.522343 -0.135237 0.479354 -0.602142 -0.050355 0.474836 -0.328599 -0.141742 0.468448 -0.451295 -0.072956 0.548066 -0.514863 0.039606 0.504156 -0.245535 -0.041427 0.440592 -0.356735 0.046602 0.494222 -0.392415 0.147148 0.411243 -0.159324 0.055541 0.389470 -0.234560 0.106558 0.468389 -0.308515 0.164796 0.402494 
0.000000 0.000000 0.000000 -0.039198 -0.036596 -0.052423 -0.262534 -0.238207 0.256172 -0.178080 -0.146112 0.288229 -0.111132 -0.077089 0.284171 -0.049943 -0.014733 0.275063 -0.237172 -0.023022 0.189380 -0.361051 -0.014529 0.340684 -0.478173 -0.033250 0.440778 -0.425369 -0.171963 0.399408 -0.523782 -0.131927 0.485976 -0.608060 -0.051499 0.481312 -0.330283 -0.133476 0.470298 -0.453614 -0.067605 0.551385 -0.519916 0.042618 0.505621 -0.246570 -0.035299 0.441091 -0.358941 0.049590 0.497281 -0.396431 0.148070 0.412639 -0.157846 0.060344 0.390418 -0.232118 0.112022 0.469818 -0.306709 0.169339 0.403833 
0.000000 0.000000 0.000000 -0.039426 -0.036936 -0.052012 -0.263701 -0.234020 0.258817 -0.178726 -0.142056 0.289853 -0.111402 -0.073449 0.285028 -0.049876 -0.011531 0.275228 -0.243974 -0.020028 0.184040 -0.371967 -0.009448 0.331746 -0.496401 -0.029263 0.422357 -0.422085 -0.173714 0.409475 -0.522040 -0.129602 0.492212 -0.610075 -0.053248 0.488622 -0.329751 -0.125255 0.472565 -0.454098 -0.060683 0.553142 -0.524627 0.045166 0.503534 -0.248268 -0.031150 0.440567 -0.363373 0.049322 0.497715 -0.403568 0.143414 0.409403 -0.159046 0.062975 0.389758 -0.234189 0.114259 0.468591 -0.309370 0.169973 0.401905 
0.000000 0.000000 0.000000 -0.039229 -0.037239 -0.051944 -0.267188 -0.229732 0.259083 -0.181910 -0.137959 0.289851 -0.114135 -0.069809 0.284862 -0.052159 -0.008365 0.274919 -0.253374 -0.013787 0.174856 -0.387372 0.000888 0.316773 -0.521034 -0.010033 0.394889 -0.428009 -0.172579 0.408383 -0.527008 -0.134947 0.495360 -0.616929 -0.060752 0.493801 -0.333599 -0.123503 0.472213 -0.458908 -0.065832 0.556452 -0.532120 0.037241 0.504921 -0.252071 -0.028902 0.439826 -0.369296 0.047965 0.497624 -0.411959 0.139249 0.407539 -0.162876 0.065966 0.388069 -0.239084 0.117129 0.465953 -0.314983 0.170935 0.398519 
0.000000 0.000000 0.000000 -0.039258 -0.036766 -0.052259 -0.276939 -0.220781 0.256615 -0.189976 -0.130809 0.287985 -0.120492 -0.064366 0.283522 -0.056885 -0.004532 0.274071 -0.260562 -0.005939 0.166649 -0.399040 0.013350 0.303627 -0.535324 0.013780 0.377878 -0.440263 -0.170512 0.405673 -0.538972 -0.140131 0.495759 -0.631380 -0.069166 0.499991 -0.358130 -0.097791 0.452632 -0.472498 -0.075334 0.564615 -0.550834 0.025577 0.516451 -0.262920 -0.022643 0.434144 -0.381169 0.044886 0.500837 -0.426274 0.135473 0.411240 -0.168804 0.068662 0.386778 -0.245841 0.119043 0.464356 -0.322323 0.171834 0.396778 
0.000000 0.000000 0.000000 -0.036809 -0.039063 -0.052374 -0.283955 -0.215274 0.253608 -0.199298 -0.123153 0.285046 -0.130466 -0.056015 0.280869 -0.067241 0.004269 0.271720 -0.263898 0.004695 0.158249 -0.405995 0.032076 0.290043 -0.537265 0.054364 0.369782 -0.450934 -0.170399 0.400320 -0.551852 -0.143277 0.488989 -0.646416 -0.076258 0.501606 -0.368854 -0.097299 0.449534 -0.484177 -0.079715 0.561410 -0.567963 0.018106 0.516132 -0.287876 0.000684 0.410179 -0.400748 0.041341 0.502902 -0.449108 0.130413 0.413484 -0.182680 0.075812 0.381909 -0.262139 0.125056 0.457754 -0.339614 0.175213 0.389306 
0.000000 0.000000 0.000000 -0.035482 -0.040003 -0.052580 -0.284795 -0.217002 0.251181 -0.201879 -0.123469 0.283086 -0.133910 -0.055432 0.279359 -0.071377 0.005633 0.270637 -0.264658 0.002742 0.155981 -0.408061 0.029488 0.286486 -0.534102 0.057791 0.372506 -0.457459 -0.175537 0.392206 -0.561812 -0.150476 0.477438 -0.656951 -0.085098 0.493788 -0.374631 -0.099540 0.444512 -0.492126 -0.083266 0.554306 -0.579061 0.011734 0.508955 -0.295039 0.000547 0.404330 -0.410578 0.040687 0.493942 -0.460111 0.129479 0.404888 -0.189909 0.077266 0.377432 -0.271497 0.126573 0.450941 -0.349193 0.174481 0.381147 
0.000000 0.000000 0.000000 -0.033391 -0.040494 -0.053564 -0.280838 -0.229513 0.244426 -0.201548 -0.133682 0.278648 -0.135848 -0.063380 0.276721 -0.075279 -0.000163 0.269637 -0.262905 -0.003774 0.155770 -0.406521 0.019203 0.286758 -0.533406 0.043580 0.372739 -0.458723 -0.188879 0.379060 -0.566231 -0.164320 0.460428 -0.661621 -0.099144 0.476111 -0.378818 -0.109092 0.434997 -0.499387 -0.092368 0.541337 -0.588179 0.000524 0.495224 -0.300230 -0.010183 0.398632 -0.418103 0.027962 0.486050 -0.468090 0.118294 0.398818 -0.195465 0.070175 0.375439 -0.278192 0.118590 0.448264 -0.356185 0.165354 0.378026 
0.000000 0.000000 0.000000 -0.031493 -0.039870 -0.055158 -0.275125 -0.246527 0.234139 -0.199465 -0.149217 0.272187 -0.136180 -0.076713 0.273160 -0.077734 -0.011296 0.268702 -0.262916 -0.019456 0.154301 -0.407725 -0.006682 0.285367 -0.539354 0.007665 0.366329 -0.458646 -0.205381 0.360816 -0.569562 -0.180513 0.437375 -0.664286 -0.113871 0.450763 -0.367713 -0.148194 0.440014 -0.506476 -0.099689 0.507219 -0.595756 -0.007874 0.459908 -0.295786 -0.041329 0.407277 -0.421154 0.012049 0.473794 -0.470103 0.105601 0.389413 -0.200011 0.053934 0.375378 -0.284177 0.098832 0.448805 -0.361771 0.145919 0.378341 
0.000000 0.000000 0.000000 -0.030024 -0.039424 -0.056287 -0.272577 -0.256683 0.226067 -0.199401 -0.158595 0.266879 -0.137657 -0.084834 0.270000 -0.080540 -0.018151 0.267498 -0.265515 -0.025439 0.149128 -0.412869 -0.016689 0.277662 -0.550527 -0.007779 0.348781 -0.459422 -0.218893 0.348872 -0.572346 -0.196054 0.423092 -0.667266 -0.130429 0.439724 -0.372272 -0.156394 0.429928 -0.512554 -0.105303 0.491856 -0.600048 -0.012399 0.443346 -0.302082 -0.047099 0.397492 -0.425736 -0.004861 0.474409 -0.473844 0.092374 0.393792 -0.203253 0.042454 0.376378 -0.287719 0.084169 0.451322 -0.364999 0.132721 0.381511 
0.000000 0.000000 0.000000 -0.029180 -0.039001 -0.057020 -0.271063 -0.262890 0.220690 -0.199318 -0.164522 0.263328 -0.138466 -0.090098 0.267873 -0.082120 -0.022726 0.266666 -0.268431 -0.032691 0.144389 -0.418138 -0.028743 0.270418 -0.558556 -0.024044 0.336354 -0.460337 -0.225476 0.339836 -0.574729 -0.202865 0.411844 -0.670094 -0.138843 0.431843 -0.374588 -0.164148 0.423811 -0.517379 -0.102729 0.468120 -0.602059 -0.009932 0.414666 -0.303156 -0.053372 0.395317 -0.428007 -0.008104 0.468488 -0.476229 0.089724 0.388661 -0.205727 0.037346 0.374828 -0.290808 0.078694 0.449278 -0.367696 0.127278 0.379058 
0.000000 0.000000 0.000000 -0.027727 -0.038764 -0.057901 -0.272405 -0.267604 0.213246 -0.202461 -0.168922 0.258093 -0.142462 -0.093939 0.264436 -0.086790 -0.026000 0.264882 -0.272053 -0.036716 0.137410 -0.424937 -0.035436 0.259624 -0.565425 -0.032146 0.325497 -0.465815 -0.232004 0.326143 -0.582706 -0.210489 0.394374 -0.678627 -0.147680 0.415527 -0.382352 -0.170464 0.413371 -0.526217 -0.109876 0.455283 -0.610352 -0.016272 0.402379 -0.308296 -0.066322 0.392694 -0.436671 -0.016271 0.455983 -0.485664 0.083413 0.378970 -0.213800 0.030962 0.370760 -0.301224 0.070170 0.443638 -0.377032 0.119213 0.372567 
0.000000 0.000000 0.000000 -0.025923 -0.039297 -0.058375 -0.274045 -0.270090 0.207945 -0.206331 -0.170420 0.254012 -0.147389 -0.094701 0.261447 -0.092554 -0.026100 0.262914 -0.276413 -0.038219 0.128974 -0.433154 -0.037545 0.246205 -0.571356 -0.033730 0.316721 -0.469317 -0.232913 0.317063 -0.587335 -0.210445 0.383011 -0.683795 -0.148472 0.404175 -0.390129 -0.171815 0.404647 -0.534299 -0.114550 0.450034 -0.618974 -0.019683 0.400337 -0.320934 -0.053079 0.374864 -0.445376 -0.023233 0.456192 -0.495486 0.078681 0.382908 -0.220586 0.029899 0.368072 -0.308713 0.068443 0.440454 -0.383857 0.118552 0.369422 
0.000000 0.000000 0.000000 -0.025523 -0.039005 -0.058746 -0.276198 -0.270449 0.204603 -0.208676 -0.171097 0.251629 -0.149658 -0.095520 0.259855 -0.094712 -0.027026 0.262050 -0.277643 -0.038186 0.126406 -0.435403 -0.037674 0.242263 -0.572924 -0.032788 0.314033 -0.472702 -0.233606 0.311604 -0.591463 -0.211340 0.376273 -0.687903 -0.149373 0.397544 -0.396937 -0.169727 0.396647 -0.541155 -0.117028 0.447132 -0.625564 -0.020704 0.399843 -0.324828 -0.052996 0.370404 -0.450435 -0.022503 0.449674 -0.501587 0.080392 0.378512 -0.224404 0.028661 0.365322 -0.313674 0.066992 0.436407 -0.388414 0.117563 0.365276 
0.000000 0.000000 0.000000 -0.025098 -0.038850 -0.059031 -0.276738 -0.271817 0.202044 -0.209714 -0.172482 0.249814 -0.150919 -0.096800 0.258649 -0.096144 -0.028190 0.261405 -0.278550 -0.039179 0.124295 -0.437143 -0.039385 0.239008 -0.574058 -0.033619 0.311864 -0.475550 -0.230976 0.303167 -0.595707 -0.206293 0.364283 -0.691256 -0.142065 0.382674 -0.396247 -0.176275 0.397007 -0.540458 -0.118705 0.441876 -0.625335 -0.021852 0.396548 -0.326696 -0.054313 0.368244 -0.452739 -0.023847 0.446830 -0.504072 0.079649 0.376676 -0.226193 0.027550 0.364200 -0.315707 0.065918 0.434956 -0.390276 0.116394 0.363578 
0.000000 0.000000 0.000000 -0.023711 -0.039716 -0.059028 -0.275901 -0.273784 0.200526 -0.210933 -0.173117 0.248344 -0.153308 -0.096558 0.257331 -0.099517 -0.027180 0.260247 -0.279364 -0.039250 0.121215 -0.439335 -0.038959 0.234000 -0.575268 -0.032441 0.308610 -0.476359 -0.228004 0.296136 -0.597510 -0.200336 0.353919 -0.692206 -0.134079 0.369275 -0.402571 -0.172419 0.388875 -0.547377 -0.119940 0.437882 -0.632910 -0.022923 0.394165 -0.329140 -0.053005 0.366417 -0.455223 -0.021774 0.444638 -0.506135 0.082166 0.374835 -0.229082 0.028326 0.363777 -0.318264 0.066532 0.435038 -0.392843 0.116424 0.363261 
0.000000 0.000000 0.000000 -0.024323 -0.038679 -0.059466 -0.278670 -0.273007 0.197739 -0.212392 -0.173734 0.246664 -0.153837 -0.097987 0.256474 -0.099216 -0.029295 0.260133 -0.281315 -0.039912 0.118859 -0.442124 -0.040685 0.230444 -0.577147 -0.033280 0.306607 -0.480766 -0.224722 0.288545 -0.602908 -0.195540 0.343426 -0.696274 -0.126922 0.356369 -0.405067 -0.179138 0.385666 -0.550093 -0.121947 0.428343 -0.636366 -0.023777 0.388859 -0.330656 -0.052993 0.363358 -0.457447 -0.020730 0.440001 -0.507655 0.083687 0.370401 -0.229734 0.026960 0.362048 -0.319573 0.065682 0.432198 -0.393925 0.115128 0.359879 
0.000000 0.000000 0.000000 -0.023922 -0.037818 -0.060178 -0.278562 -0.277077 0.192150 -0.212858 -0.178358 0.242934 -0.154618 -0.102570 0.254202 -0.100260 -0.033754 0.259190 -0.281730 -0.042280 0.116912 -0.443051 -0.045072 0.227723 -0.576231 -0.038102 0.307104 -0.480202 -0.234535 0.286764 -0.602204 -0.196659 0.336392 -0.694990 -0.127121 0.348573 -0.408887 -0.183062 0.377191 -0.554150 -0.129843 0.423999 -0.641794 -0.030814 0.390072 -0.332024 -0.058063 0.360315 -0.459235 -0.026148 0.436405 -0.508479 0.079959 0.368697 -0.229904 0.023083 0.361896 -0.319140 0.062205 0.432590 -0.393278 0.111651 0.360051 
0.000000 0.000000 0.000000 -0.023677 -0.037569 -0.060431 -0.279269 -0.277928 0.189882 -0.213782 -0.179414 0.241340 -0.155601 -0.103665 0.253157 -0.101275 -0.034861 0.258649 -0.282604 -0.043569 0.114976 -0.444623 -0.047324 0.224734 -0.577290 -0.041792 0.305082 -0.481239 -0.230391 0.281361 -0.603304 -0.201660 0.336648 -0.696179 -0.132236 0.348805 -0.411324 -0.188018 0.373164 -0.556663 -0.136434 0.421541 -0.647505 -0.037764 0.396021 -0.333608 -0.060317 0.358742 -0.461250 -0.029234 0.434453 -0.510304 0.078048 0.368481 -0.231256 0.020576 0.361692 -0.320725 0.058734 0.432619 -0.394628 0.108321 0.359939 
0.000000 0.000000 0.000000 -0.024469 -0.037224 -0.060328 -0.282997 -0.273363 0.190986 -0.215790 -0.175867 0.242163 -0.156378 -0.101041 0.253738 -0.100953 -0.033103 0.259006 -0.283996 -0.040565 0.114260 -0.446391 -0.042655 0.223505 -0.580416 -0.035266 0.301412 -0.482106 -0.233770 0.292021 -0.603099 -0.196859 0.344750 -0.695631 -0.126994 0.356995 -0.415842 -0.174557 0.370428 -0.560720 -0.131900 0.428007 -0.655661 -0.035837 0.408075 -0.334486 -0.057540 0.359088 -0.462201 -0.026347 0.434631 -0.511859 0.080854 0.368979 -0.231486 0.021180 0.361965 -0.321335 0.058544 0.432835 -0.394962 0.107815 0.359660 
0.000000 0.000000 0.000000 -0.023785 -0.038338 -0.059903 -0.281466 -0.273194 0.193474 -0.215462 -0.174323 0.243567 -0.156821 -0.098774 0.254356 -0.102067 -0.030244 0.258919 -0.283813 -0.035863 0.113952 -0.446522 -0.034313 0.222739 -0.580716 -0.022214 0.299761 -0.480096 -0.228931 0.293511 -0.600142 -0.202180 0.353970 -0.694284 -0.134932 0.368399 -0.413227 -0.172946 0.375330 -0.557152 -0.134586 0.438090 -0.656500 -0.042176 0.422938 -0.335631 -0.055528 0.358617 -0.463849 -0.024516 0.433378 -0.515624 0.081628 0.367646 -0.231795 0.024798 0.362491 -0.321089 0.062685 0.433782 -0.394770 0.111164 0.360133 
0.000000 0.000000 0.000000 -0.025693 -0.036848 -0.060050 -0.284158 -0.269834 0.194253 -0.215061 -0.173268 0.244671 -0.154543 -0.099231 0.255570 -0.098177 -0.032025 0.260205 -0.285946 -0.032362 0.113429 -0.448795 -0.029555 0.221980 -0.582396 -0.011079 0.298766 -0.481967 -0.235227 0.299580 -0.601518 -0.214312 0.363237 -0.698286 -0.151584 0.380393 -0.419655 -0.157748 0.364566 -0.558808 -0.147193 0.446112 -0.662283 -0.058959 0.433980 -0.333513 -0.057939 0.360347 -0.461846 -0.028330 0.435479 -0.515720 0.076553 0.369411 -0.228425 0.021772 0.363780 -0.318077 0.058802 0.435073 -0.392030 0.106297 0.361057 
0.000000 0.000000 0.000000 -0.025894 -0.037678 -0.059445 -0.285077 -0.265608 0.198680 -0.215548 -0.168546 0.247525 -0.154721 -0.094594 0.257215 -0.098081 -0.027551 0.260753 -0.286749 -0.029098 0.112971 -0.449975 -0.023730 0.220858 -0.580007 0.002045 0.301568 -0.482834 -0.236989 0.305887 -0.602352 -0.219692 0.370681 -0.701796 -0.161812 0.389496 -0.419379 -0.158102 0.369256 -0.558012 -0.150998 0.452050 -0.666043 -0.067988 0.443220 -0.334008 -0.057301 0.362947 -0.462567 -0.030561 0.438764 -0.519564 0.072208 0.371995 -0.228179 0.024499 0.365402 -0.317728 0.060327 0.437435 -0.392043 0.105599 0.362395 
0.000000 0.000000 0.000000 -0.026225 -0.037962 -0.059119 -0.285292 -0.263385 0.201313 -0.215268 -0.166255 0.249311 -0.154159 -0.092451 0.258330 -0.097280 -0.025581 0.261253 -0.288833 -0.027836 0.110530 -0.453156 -0.021499 0.216685 -0.578708 0.009912 0.302339 -0.481604 -0.244012 0.313146 -0.600249 -0.232304 0.380735 -0.702184 -0.180271 0.402984 -0.417786 -0.165857 0.373652 -0.555527 -0.165585 0.458222 -0.668400 -0.088892 0.454081 -0.333973 -0.058457 0.364277 -0.462910 -0.034080 0.440249 -0.523289 0.065989 0.372361 -0.228624 0.024419 0.365345 -0.319030 0.058835 0.436994 -0.393886 0.101954 0.361228 
0.000000 0.000000 0.000000 -0.026474 -0.038047 -0.058953 -0.288264 -0.259408 0.202241 -0.217391 -0.162690 0.249821 -0.155580 -0.089435 0.258539 -0.098056 -0.023109 0.261194 -0.291318 -0.026226 0.107072 -0.457040 -0.018829 0.210960 -0.579239 0.018008 0.299262 -0.482586 -0.249082 0.318656 -0.600029 -0.242840 0.389014 -0.703685 -0.196837 0.416075 -0.416594 -0.170424 0.379177 -0.552080 -0.175685 0.467157 -0.669216 -0.105592 0.469475 -0.335459 -0.059504 0.365597 -0.464443 -0.038041 0.442364 -0.527932 0.059344 0.373420 -0.229789 0.024875 0.365742 -0.320463 0.057903 0.437705 -0.395873 0.099723 0.361760 
0.000000 0.000000 0.000000 -0.026511 -0.038064 -0.058925 -0.290689 -0.256858 0.202025 -0.219355 -0.160452 0.249551 -0.157096 -0.087577 0.258258 -0.099148 -0.021620 0.260909 -0.292838 -0.022214 0.104368 -0.459488 -0.012296 0.206547 -0.578314 0.029197 0.297352 -0.482254 -0.251878 0.323262 -0.598030 -0.248868 0.396533 -0.702106 -0.207665 0.429145 -0.415348 -0.173114 0.383345 -0.548651 -0.181726 0.474343 -0.668252 -0.116453 0.482970 -0.336412 -0.058507 0.366492 -0.464992 -0.037662 0.444103 -0.529670 0.058627 0.374727 -0.230876 0.027229 0.365062 -0.321547 0.060852 0.436753 -0.397213 0.102360 0.360892 
0.000000 0.000000 0.000000 -0.026814 -0.038058 -0.058792 -0.297052 -0.249442 0.202061 -0.224214 -0.154018 0.249287 -0.160624 -0.082282 0.257829 -0.101433 -0.017433 0.260343 -0.297175 -0.021818 0.097694 -0.466349 -0.011656 0.195613 -0.580682 0.036240 0.288998 -0.485930 -0.257283 0.327297 -0.600083 -0.262023 0.402985 -0.705701 -0.229147 0.439825 -0.417742 -0.178005 0.385103 -0.549368 -0.194319 0.477477 -0.673806 -0.140217 0.492555 -0.340830 -0.058470 0.365867 -0.470050 -0.041395 0.443338 -0.536971 0.052367 0.372639 -0.234625 0.028267 0.364062 -0.326303 0.059724 0.435454 -0.402499 0.098319 0.358592 
0.000000 0.000000 0.000000 -0.022667 -0.043360 -0.056833 -0.294348 -0.247626 0.208160 -0.227706 -0.145833 0.251038 -0.167656 -0.070839 0.256748 -0.111450 -0.003340 0.256786 -0.299624 -0.030464 0.087994 -0.472926 -0.022394 0.178617 -0.587262 0.029768 0.269684 -0.481974 -0.270346 0.333461 -0.595370 -0.284077 0.409190 -0.703311 -0.264114 0.448476 -0.418515 -0.183931 0.387474 -0.548291 -0.209842 0.480271 -0.677912 -0.170645 0.497636 -0.352033 -0.056047 0.359219 -0.484242 -0.045440 0.432697 -0.556504 0.039008 0.355790 -0.249708 0.038575 0.355346 -0.344873 0.067426 0.423188 -0.421950 0.095923 0.342874 
0.000000 0.000000 0.000000 -0.017472 -0.049229 -0.053807 -0.285839 -0.249577 0.217479 -0.227754 -0.140367 0.254092 -0.172989 -0.061240 0.255677 -0.121338 0.009716 0.252099 -0.298402 -0.039700 0.083429 -0.474190 -0.033738 0.169302 -0.586644 0.022859 0.260064 -0.470319 -0.281319 0.345464 -0.581813 -0.300503 0.422814 -0.690238 -0.289488 0.464236 -0.413313 -0.188099 0.394675 -0.539520 -0.220565 0.490291 -0.672063 -0.192919 0.507825 -0.359319 -0.052699 0.355286 -0.492929 -0.046574 0.426712 -0.568380 0.028600 0.343501 -0.263003 0.050173 0.346336 -0.360513 0.078022 0.411201 -0.437301 0.096948 0.327843 
0.000000 0.000000 0.000000 -0.015141 -0.052384 -0.051484 -0.288899 -0.241582 0.222408 -0.233465 -0.129637 0.254608 -0.179867 -0.049709 0.253423 -0.129110 0.021728 0.247446 -0.302450 -0.049778 0.072181 -0.482230 -0.048147 0.149562 -0.598775 0.011993 0.232551 -0.466733 -0.287858 0.355276 -0.574212 -0.315825 0.435577 -0.682235 -0.315869 0.479441 -0.413139 -0.189126 0.398320 -0.535342 -0.229587 0.496064 -0.669857 -0.216254 0.515227 -0.367294 -0.051921 0.351299 -0.501691 -0.053507 0.421483 -0.581172 0.009971 0.332480 -0.274706 0.054584 0.338598 -0.374922 0.077199 0.401339 -0.451817 0.084251 0.316247 
0.000000 0.000000 0.000000 -0.008276 -0.058242 -0.046511 -0.285523 -0.238699 0.229760 -0.239914 -0.120324 0.253181 -0.191853 -0.037193 0.246688 -0.145746 0.036824 0.236163 -0.302301 -0.073604 0.059128 -0.486283 -0.083217 0.125230 -0.609999 -0.022118 0.196279 -0.454138 -0.301117 0.367937 -0.556045 -0.338841 0.451448 -0.660946 -0.353559 0.500154 -0.406779 -0.195212 0.404912 -0.520270 -0.246146 0.508111 -0.653574 -0.255863 0.535949 -0.379501 -0.056424 0.342252 -0.514055 -0.070214 0.410777 -0.600725 -0.026461 0.316745 -0.296955 0.060034 0.320919 -0.401034 0.076009 0.379259 -0.476235 0.066467 0.292906 
0.000000 0.000000 0.000000 0.000981 -0.063117 -0.040486 -0.265219 -0.248548 0.243255 -0.235327 -0.123691 0.255850 -0.197360 -0.036275 0.242444 -0.160046 0.041503 0.225907 -0.293626 -0.096481 0.059212 -0.477972 -0.117359 0.121597 -0.602500 -0.055374 0.190425 -0.420691 -0.320014 0.392054 -0.514654 -0.363206 0.481984 -0.613126 -0.389188 0.538741 -0.389150 -0.204399 0.418020 -0.493772 -0.259292 0.528318 -0.622498 -0.285554 0.565456 -0.383293 -0.069544 0.337501 -0.516619 -0.093399 0.405662 -0.608168 -0.068553 0.309383 -0.316683 0.055630 0.302401 -0.424500 0.065354 0.355053 -0.495409 0.040644 0.268079 
0.000000 0.000000 0.000000 0.005328 -0.064473 -0.037930 -0.255085 -0.253846 0.248564 -0.232597 -0.127079 0.256684 -0.199433 -0.038203 0.240444 -0.166312 0.040901 0.221446 -0.287898 -0.116456 0.057790 -0.471380 -0.148984 0.117686 -0.597252 -0.087775 0.184743 -0.401079 -0.328456 0.405214 -0.489313 -0.373548 0.499890 -0.583628 -0.405074 0.560751 -0.375234 -0.212643 0.426413 -0.472248 -0.270838 0.541852 -0.596541 -0.307379 0.584927 -0.380726 -0.081393 0.340348 -0.510725 -0.112364 0.411985 -0.605106 -0.098691 0.316208 -0.322167 0.045812 0.300639 -0.429445 0.049192 0.355148 -0.497693 0.015982 0.268879 
0.000000 0.000000 0.000000 0.009235 -0.064902 -0.036418 -0.241617 -0.262373 0.253125 -0.226468 -0.134374 0.258443 -0.198349 -0.044132 0.240326 -0.169697 0.036292 0.219675 -0.281074 -0.133237 0.057909 -0.462730 -0.175996 0.116933 -0.591309 -0.119305 0.182814 -0.376550 -0.344374 0.415879 -0.458100 -0.393934 0.514243 -0.547591 -0.431454 0.578871 -0.358637 -0.224618 0.434119 -0.448531 -0.285995 0.553603 -0.567418 -0.331339 0.603093 -0.374992 -0.099846 0.342339 -0.501656 -0.139797 0.415489 -0.598104 -0.135870 0.320883 -0.325270 0.031042 0.299398 -0.432354 0.027429 0.354273 -0.497336 -0.012321 0.268247 
0.000000 0.000000 0.000000 0.013627 -0.065168 -0.034515 -0.223876 -0.270520 0.260747 -0.217357 -0.141693 0.262328 -0.195327 -0.050332 0.241579 -0.172102 0.031198 0.218584 -0.272048 -0.148430 0.061939 -0.450805 -0.200530 0.122294 -0.580913 -0.149225 0.189574 -0.350566 -0.355940 0.428297 -0.427135 -0.407566 0.529560 -0.512291 -0.449294 0.597385 -0.339145 -0.238087 0.442191 -0.421977 -0.303648 0.564523 -0.535334 -0.355833 0.619897 -0.367301 -0.113924 0.346910 -0.490618 -0.159524 0.422438 -0.588575 -0.162056 0.329346 -0.326174 0.018518 0.300359 -0.432225 0.009790 0.356646 -0.494342 -0.034026 0.270480 
0.000000 0.000000 0.000000 0.016506 -0.064795 -0.033957 -0.209670 -0.278134 0.264519 -0.209201 -0.149134 0.264823 -0.191585 -0.057049 0.243078 -0.172324 0.025249 0.219176 -0.265115 -0.159576 0.063780 -0.441336 -0.218884 0.124937 -0.570789 -0.169338 0.194749 -0.327904 -0.369565 0.435051 -0.399361 -0.424823 0.538116 -0.479907 -0.470422 0.609012 -0.322567 -0.248705 0.448421 -0.399673 -0.316427 0.573293 -0.507100 -0.373622 0.635159 -0.358228 -0.127082 0.352801 -0.477722 -0.177299 0.431479 -0.578165 -0.185135 0.341381 -0.324447 0.006901 0.303486 -0.429157 -0.005728 0.361518 -0.489359 -0.052230 0.275400 
0.000000 0.000000 0.000000 0.018072 -0.064413 -0.033886 -0.200898 -0.282998 0.266163 -0.203877 -0.154031 0.266169 -0.188833 -0.061561 0.244128 -0.171894 0.021164 0.219945 -0.261250 -0.164764 0.064882 -0.436032 -0.227558 0.126684 -0.564390 -0.179245 0.199327 -0.314751 -0.375972 0.438828 -0.383561 -0.432163 0.543183 -0.461533 -0.479565 0.615753 -0.313009 -0.255502 0.451286 -0.387234 -0.324516 0.577192 -0.492109 -0.384028 0.641215 -0.352756 -0.134737 0.355878 -0.470300 -0.187208 0.436010 -0.571884 -0.196223 0.347312 -0.322985 0.000986 0.305680 -0.426984 -0.012903 0.364694 -0.486529 -0.059759 0.278310 
0.000000 0.000000 0.000000 0.017701 -0.063990 -0.034869 -0.197168 -0.286333 0.265383 -0.200281 -0.157379 0.266939 -0.185617 -0.064640 0.245793 -0.169076 0.018383 0.222365 -0.258710 -0.171054 0.065034 -0.431670 -0.238047 0.127546 -0.561693 -0.195805 0.201007 -0.307643 -0.380079 0.439817 -0.374410 -0.436737 0.545241 -0.451144 -0.484558 0.618849 -0.305592 -0.259516 0.453894 -0.377218 -0.328983 0.581050 -0.480716 -0.388942 0.646871 -0.347504 -0.139585 0.359324 -0.463588 -0.193327 0.440733 -0.566631 -0.201700 0.353670 -0.318934 -0.002495 0.310076 -0.422083 -0.016865 0.370450 -0.482218 -0.062888 0.284027 
0.000000 0.000000 0.000000 0.019506 -0.063758 -0.034326 -0.187028 -0.289616 0.269135 -0.194108 -0.160809 0.269443 -0.182407 -0.067877 0.247318 -0.168542 0.015379 0.222998 -0.254004 -0.175156 0.068773 -0.425148 -0.244861 0.133287 -0.555702 -0.206542 0.207947 -0.292867 -0.384125 0.446014 -0.356832 -0.441244 0.552916 -0.430549 -0.490570 0.628585 -0.294047 -0.263492 0.459029 -0.362019 -0.333331 0.587975 -0.462294 -0.395442 0.656724 -0.340928 -0.145616 0.363686 -0.454598 -0.201359 0.447130 -0.559106 -0.212306 0.362123 -0.316618 -0.009362 0.312708 -0.418541 -0.026392 0.374456 -0.477972 -0.073395 0.288075 
0.000000 0.000000 0.000000 0.019698 -0.063554 -0.034594 -0.183512 -0.291416 0.269611 -0.191409 -0.162658 0.270263 -0.180437 -0.069604 0.248282 -0.167252 0.013794 0.224070 -0.249828 -0.179709 0.073618 -0.418480 -0.252392 0.141331 -0.549865 -0.223008 0.218540 -0.288266 -0.385516 0.447352 -0.351577 -0.442388 0.554774 -0.424967 -0.491970 0.630594 -0.291039 -0.264078 0.460689 -0.358802 -0.333058 0.590206 -0.458954 -0.395295 0.659021 -0.337949 -0.147372 0.365993 -0.450894 -0.203137 0.450399 -0.555845 -0.214258 0.365962 -0.314868 -0.011418 0.314404 -0.416475 -0.028772 0.376583 -0.475660 -0.075774 0.290033 
0.000000 0.000000 0.000000 0.016895 -0.062887 -0.037197 -0.187622 -0.294737 0.263094 -0.191249 -0.165895 0.268403 -0.177650 -0.072521 0.249454 -0.162204 0.011215 0.227893 -0.251351 -0.176932 0.076310 -0.419203 -0.248294 0.147335 -0.551156 -0.229517 0.226849 -0.294385 -0.391059 0.438433 -0.358910 -0.449274 0.544403 -0.434402 -0.498191 0.618573 -0.294620 -0.270068 0.455317 -0.364927 -0.340920 0.582445 -0.468050 -0.401161 0.648596 -0.335065 -0.149829 0.367596 -0.447942 -0.205263 0.452312 -0.554673 -0.210356 0.369544 -0.308959 -0.013137 0.319850 -0.409973 -0.029899 0.383147 -0.472033 -0.072505 0.296333 
0.000000 0.000000 0.000000 0.014757 -0.062350 -0.038968 -0.188735 -0.296694 0.260082 -0.189420 -0.167963 0.268414 -0.174155 -0.074486 0.251333 -0.157307 0.009379 0.231382 -0.249523 -0.179448 0.080575 -0.414892 -0.252720 0.155377 -0.547117 -0.248651 0.236537 -0.295905 -0.394007 0.434623 -0.360676 -0.452821 0.540111 -0.436954 -0.501480 0.613644 -0.293647 -0.273378 0.454152 -0.364536 -0.345075 0.580481 -0.468875 -0.404440 0.645507 -0.331672 -0.151734 0.369379 -0.444622 -0.207125 0.454025 -0.552051 -0.209057 0.372030 -0.303236 -0.014961 0.324649 -0.403681 -0.031715 0.388846 -0.467298 -0.072138 0.302117 
0.000000 0.000000 0.000000 0.015582 -0.062322 -0.038692 -0.176399 -0.298871 0.266176 -0.180143 -0.170126 0.273392 -0.167537 -0.076461 0.255208 -0.153163 0.007609 0.234210 -0.240620 -0.185423 0.091896 -0.400934 -0.262451 0.173609 -0.531262 -0.286626 0.254337 -0.284782 -0.396384 0.439855 -0.350286 -0.455319 0.544822 -0.428020 -0.503676 0.617017 -0.285446 -0.274571 0.459072 -0.357066 -0.345609 0.585360 -0.463671 -0.404020 0.647512 -0.325320 -0.152023 0.373987 -0.438461 -0.206206 0.459159 -0.545809 -0.207600 0.377046 -0.298741 -0.014530 0.328567 -0.398945 -0.029769 0.393514 -0.462752 -0.069986 0.306828 
0.000000 0.000000 0.000000 0.019030 -0.062159 -0.037390 -0.143056 -0.302779 0.281336 -0.156584 -0.174538 0.284878 -0.151977 -0.080819 0.263472 -0.144957 0.003384 0.239472 -0.223636 -0.189996 0.112999 -0.375480 -0.269988 0.207104 -0.492643 -0.316165 0.297809 -0.260295 -0.397728 0.450628 -0.331151 -0.455113 0.552943 -0.413836 -0.500618 0.621395 -0.265435 -0.277255 0.469472 -0.339469 -0.347118 0.595021 -0.452956 -0.399735 0.649718 -0.309197 -0.154035 0.384446 -0.421934 -0.206536 0.471192 -0.528140 -0.201803 0.387730 -0.286976 -0.019851 0.338855 -0.384731 -0.035844 0.407263 -0.449726 -0.072537 0.319900 
0.000000 0.000000 0.000000 0.018289 -0.061415 -0.038956 -0.098819 -0.307396 0.295013 -0.118343 -0.179962 0.299576 -0.120609 -0.086293 0.277585 -0.120259 -0.002028 0.252794 -0.205060 -0.194216 0.135185 -0.344818 -0.277315 0.244151 -0.447800 -0.340508 0.341558 -0.231468 -0.397602 0.455286 -0.311637 -0.452120 0.552151 -0.404252 -0.490128 0.611909 -0.240000 -0.280083 0.477480 -0.322744 -0.348179 0.598480 -0.445394 -0.389898 0.641559 -0.279392 -0.149519 0.402100 -0.393250 -0.194856 0.491384 -0.498013 -0.181550 0.407030 -0.256909 -0.023576 0.359792 -0.350968 -0.038408 0.433441 -0.419806 -0.070320 0.347150 
0.000000 0.000000 0.000000 0.019693 -0.059576 -0.041070 -0.052555 -0.316169 0.297599 -0.081035 -0.190591 0.305362 -0.091927 -0.097187 0.284869 -0.099740 -0.012945 0.261257 -0.183622 -0.198253 0.152005 -0.310844 -0.285028 0.272819 -0.400662 -0.360370 0.374519 -0.206289 -0.396640 0.443580 -0.299202 -0.445274 0.531807 -0.404381 -0.472201 0.574299 -0.217131 -0.287200 0.474533 -0.309694 -0.352909 0.589594 -0.440214 -0.382939 0.616092 -0.247825 -0.153943 0.415972 -0.359614 -0.194640 0.509982 -0.462629 -0.173673 0.425032 -0.228947 -0.036224 0.376799 -0.317883 -0.052246 0.456329 -0.390559 -0.079538 0.371614 
0.000000 0.000000 0.000000 0.020589 -0.057197 -0.043915 -0.011292 -0.325621 0.291777 -0.047191 -0.202408 0.304863 -0.065472 -0.109488 0.287701 -0.080314 -0.025434 0.266972 -0.166927 -0.192372 0.166827 -0.284262 -0.276956 0.298695 -0.363585 -0.355386 0.406599 -0.174923 -0.394726 0.432737 -0.273817 -0.436491 0.517929 -0.385549 -0.451408 0.547705 -0.190544 -0.293237 0.471219 -0.288044 -0.355013 0.584366 -0.421430 -0.376571 0.603926 -0.190611 -0.172674 0.446010 -0.331798 -0.195646 0.496301 -0.433856 -0.166990 0.412450 -0.205034 -0.052852 0.386468 -0.290882 -0.071725 0.468719 -0.366800 -0.092345 0.384966 
0.000000 0.000000 0.000000 0.021085 -0.054521 -0.046976 0.030385 -0.333239 0.281635 -0.012380 -0.213078 0.300968 -0.037787 -0.121160 0.287991 -0.059452 -0.037762 0.270944 -0.146124 -0.184054 0.183476 -0.250752 -0.265108 0.327679 -0.319109 -0.335106 0.448154 -0.136953 -0.395061 0.421623 -0.238087 -0.432424 0.506227 -0.352363 -0.436053 0.529050 -0.133987 -0.301923 0.484796 -0.260299 -0.348839 0.574064 -0.395587 -0.362089 0.586752 -0.151709 -0.182671 0.455178 -0.299899 -0.193877 0.485264 -0.400412 -0.162825 0.400406 -0.180737 -0.067689 0.393339 -0.264220 -0.088287 0.477586 -0.342306 -0.102368 0.394476 
0.000000 0.000000 0.000000 0.021130 -0.052090 -0.049639 0.059106 -0.339627 0.269166 0.012056 -0.222177 0.294328 -0.018024 -0.131182 0.285504 -0.044193 -0.048402 0.272168 -0.135328 -0.176299 0.191067 -0.233229 -0.254021 0.341684 -0.297863 -0.313000 0.469867 -0.107468 -0.399572 0.410869 -0.208141 -0.435802 0.496511 -0.322990 -0.431269 0.516061 -0.105487 -0.303157 0.484329 -0.241880 -0.339505 0.563071 -0.378073 -0.346480 0.569574 -0.124426 -0.191319 0.458061 -0.273452 -0.198191 0.485166 -0.374604 -0.166054 0.401478 -0.159181 -0.084084 0.399018 -0.238329 -0.108645 0.486331 -0.319763 -0.115452 0.405552 
0.000000 0.000000 0.000000 0.021424 -0.050263 -0.051367 0.073315 -0.344601 0.259163 0.023808 -0.229083 0.288255 -0.008762 -0.138711 0.282362 -0.037308 -0.056333 0.271672 -0.125665 -0.173063 0.195880 -0.217704 -0.249904 0.350592 -0.279616 -0.304154 0.482161 -0.095064 -0.408627 0.396893 -0.196827 -0.447323 0.480133 -0.311897 -0.430534 0.488508 -0.092566 -0.305228 0.480956 -0.232070 -0.335813 0.556638 -0.368463 -0.338838 0.561846 -0.106151 -0.196694 0.460876 -0.254716 -0.200177 0.490994 -0.357012 -0.166631 0.409274 -0.153274 -0.085564 0.399280 -0.233096 -0.105684 0.487115 -0.314253 -0.112484 0.406057 
0.000000 0.000000 0.000000 0.020108 -0.048857 -0.053222 0.079489 -0.351479 0.247860 0.030799 -0.236790 0.281282 -0.001846 -0.146291 0.278643 -0.030593 -0.063654 0.270894 -0.124182 -0.176867 0.193030 -0.214470 -0.256968 0.347118 -0.275288 -0.311672 0.479010 -0.090041 -0.419790 0.382074 -0.192500 -0.461074 0.463190 -0.305627 -0.432913 0.461692 -0.085054 -0.311284 0.474939 -0.227689 -0.338068 0.546090 -0.364137 -0.339025 0.550608 -0.094731 -0.205286 0.459214 -0.243617 -0.205479 0.487912 -0.346374 -0.169463 0.407838 -0.155953 -0.090152 0.389926 -0.242242 -0.108391 0.471859 -0.321950 -0.110921 0.389134 
0.000000 0.000000 0.000000 0.016530 -0.047104 -0.055963 0.078087 -0.363919 0.229686 0.034278 -0.249391 0.269753 0.004362 -0.157947 0.272176 -0.022100 -0.074251 0.269016 -0.126405 -0.184821 0.185801 -0.215845 -0.270996 0.337081 -0.273533 -0.325491 0.470457 -0.087568 -0.435416 0.367042 -0.187685 -0.478627 0.450057 -0.299591 -0.445920 0.449475 -0.078859 -0.326034 0.464176 -0.222124 -0.350484 0.534899 -0.358433 -0.349029 0.542448 -0.087225 -0.221856 0.451735 -0.236347 -0.218265 0.478946 -0.339850 -0.177039 0.402423 -0.139017 -0.104688 0.395468 -0.219494 -0.125638 0.482507 -0.302568 -0.120834 0.403268 
0.000000 0.000000 0.000000 0.010725 -0.045600 -0.058562 0.071033 -0.376507 0.210920 0.035893 -0.261558 0.257753 0.011200 -0.168847 0.265352 -0.010788 -0.083821 0.266887 -0.129205 -0.190846 0.180540 -0.216764 -0.281731 0.330154 -0.271347 -0.336786 0.464603 -0.070932 -0.468414 0.361980 -0.170721 -0.511755 0.445322 -0.282628 -0.479779 0.452224 -0.071385 -0.343993 0.453125 -0.216152 -0.363991 0.522170 -0.351864 -0.358958 0.536178 -0.076033 -0.239554 0.444529 -0.225084 -0.230181 0.470732 -0.327889 -0.181395 0.397798 -0.122127 -0.114536 0.398213 -0.198764 -0.135679 0.488607 -0.282824 -0.127001 0.410750 
0.000000 0.000000 0.000000 0.007201 -0.044598 -0.059859 0.062403 -0.383791 0.200252 0.033189 -0.268700 0.250671 0.012383 -0.175310 0.261073 -0.006202 -0.089560 0.265163 -0.137517 -0.195253 0.172964 -0.228072 -0.289523 0.318649 -0.277984 -0.337536 0.457538 -0.070475 -0.485162 0.353508 -0.150784 -0.546428 0.446131 -0.262779 -0.519907 0.464759 -0.074617 -0.349714 0.446347 -0.219091 -0.364412 0.517309 -0.354023 -0.354625 0.535669 -0.075563 -0.248833 0.438763 -0.224405 -0.234604 0.463952 -0.324193 -0.179877 0.391046 -0.118598 -0.120484 0.395536 -0.195963 -0.141770 0.485275 -0.276717 -0.126615 0.404949 
0.000000 0.000000 0.000000 0.005347 -0.043953 -0.060526 0.050464 -0.388517 0.194418 0.025455 -0.273238 0.246637 0.007890 -0.179357 0.258486 -0.007751 -0.093094 0.263903 -0.145719 -0.194278 0.168444 -0.240246 -0.288342 0.311720 -0.285032 -0.329028 0.454638 -0.063416 -0.502906 0.353687 -0.132242 -0.572039 0.449945 -0.242297 -0.555954 0.484905 -0.086375 -0.361096 0.437030 -0.229692 -0.370923 0.511113 -0.362941 -0.352538 0.534484 -0.079069 -0.253628 0.436350 -0.226795 -0.233377 0.463877 -0.325331 -0.172801 0.393954 -0.120682 -0.120027 0.394698 -0.198414 -0.138565 0.484728 -0.277802 -0.117647 0.404334 
0.000000 0.000000 0.000000 0.001121 -0.042929 -0.061479 0.035499 -0.394536 0.185396 0.018324 -0.279184 0.240537 0.006190 -0.184764 0.254696 -0.004628 -0.097922 0.262223 -0.152497 -0.191778 0.166757 -0.248622 -0.284918 0.309572 -0.291305 -0.324067 0.453559 -0.065258 -0.513400 0.350137 -0.126153 -0.585238 0.449702 -0.232744 -0.577854 0.496361 -0.101235 -0.368342 0.425552 -0.239468 -0.377459 0.508818 -0.369864 -0.352414 0.540583 -0.078950 -0.259535 0.433229 -0.223364 -0.235767 0.472857 -0.321473 -0.167877 0.409345 -0.115767 -0.120990 0.395273 -0.192266 -0.136867 0.486853 -0.271540 -0.108565 0.408636 
0.000000 0.000000 0.000000 -0.005248 -0.041725 -0.062092 0.020668 -0.399483 0.176851 0.014237 -0.284353 0.234687 0.009083 -0.189642 0.250997 0.004363 -0.102448 0.260493 -0.156722 -0.189635 0.168178 -0.251505 -0.282187 0.312267 -0.294266 -0.322086 0.456025 -0.090087 -0.506565 0.343245 -0.157024 -0.571282 0.443809 -0.262294 -0.555116 0.491245 -0.101441 -0.370536 0.423540 -0.239497 -0.373785 0.507530 -0.368277 -0.347790 0.544671 -0.073363 -0.264867 0.430601 -0.214118 -0.235797 0.478912 -0.310080 -0.160442 0.420766 -0.105471 -0.124637 0.394770 -0.181072 -0.139910 0.487196 -0.259176 -0.103135 0.411364 
0.000000 0.000000 0.000000 -0.008104 -0.041110 -0.062195 0.007090 -0.401013 0.174439 0.006526 -0.286050 0.232959 0.005637 -0.191302 0.249836 0.004744 -0.104043 0.259853 -0.162103 -0.188823 0.166523 -0.258465 -0.281253 0.309639 -0.304633 -0.326676 0.450678 -0.134349 -0.469466 0.337930 -0.219830 -0.510838 0.436739 -0.322443 -0.469312 0.473338 -0.107214 -0.372697 0.422775 -0.244450 -0.371453 0.508153 -0.371406 -0.342183 0.548955 -0.075017 -0.266636 0.430206 -0.210515 -0.236733 0.491335 -0.304847 -0.154923 0.439597 -0.102565 -0.123317 0.396600 -0.176427 -0.136583 0.490726 -0.253887 -0.093058 0.417866 
0.000000 0.000000 0.000000 -0.014680 -0.040314 -0.061507 -0.023377 -0.399414 0.176670 -0.010470 -0.284767 0.234384 -0.001626 -0.190320 0.250643 0.006204 -0.103346 0.260100 -0.173634 -0.180723 0.168418 -0.273097 -0.268581 0.312290 -0.329069 -0.322228 0.446737 -0.166596 -0.452332 0.344325 -0.253154 -0.484314 0.445651 -0.351373 -0.435962 0.485755 -0.127635 -0.359500 0.427158 -0.260161 -0.350812 0.519276 -0.383419 -0.311765 0.563120 -0.082521 -0.259945 0.433186 -0.207612 -0.234514 0.515017 -0.301219 -0.146698 0.472662 -0.096623 -0.116072 0.400994 -0.167401 -0.124832 0.497973 -0.245592 -0.073910 0.430919 
0.000000 0.000000 0.000000 -0.021395 -0.038810 -0.060497 -0.041909 -0.397484 0.177597 -0.017013 -0.284395 0.234451 -0.000216 -0.190942 0.250174 0.014598 -0.104832 0.259168 -0.176120 -0.173675 0.175549 -0.272937 -0.258065 0.323251 -0.336699 -0.322339 0.449307 -0.181685 -0.440565 0.350880 -0.266161 -0.466602 0.455607 -0.361431 -0.416146 0.500003 -0.126635 -0.355064 0.433105 -0.254225 -0.341082 0.531339 -0.373917 -0.295468 0.578587 -0.078737 -0.258425 0.434549 -0.192873 -0.242164 0.533035 -0.287533 -0.151440 0.500221 -0.082643 -0.115287 0.404155 -0.149576 -0.122483 0.503952 -0.230056 -0.067690 0.442929 
0.000000 0.000000 0.000000 -0.025990 -0.036543 -0.060109 -0.055199 -0.397906 0.172956 -0.021948 -0.287315 0.230447 0.000421 -0.195164 0.246895 0.020135 -0.110119 0.256592 -0.173308 -0.168848 0.182046 -0.265490 -0.251636 0.333570 -0.342942 -0.330778 0.442312 -0.189811 -0.433412 0.351951 -0.271167 -0.454870 0.460130 -0.362094 -0.401449 0.509846 -0.125683 -0.356216 0.432848 -0.243714 -0.345995 0.542798 -0.359116 -0.295873 0.595802 -0.076507 -0.258477 0.433408 -0.176451 -0.254054 0.547348 -0.272366 -0.161330 0.525653 -0.070306 -0.122526 0.405765 -0.132558 -0.131067 0.508444 -0.216100 -0.071214 0.457048 
0.000000 0.000000 0.000000 -0.030593 -0.033039 -0.059970 -0.074498 -0.398368 0.164447 -0.031919 -0.291856 0.223469 -0.002957 -0.201851 0.241441 0.022634 -0.118568 0.252588 -0.167298 -0.158020 0.192097 -0.252839 -0.236225 0.349824 -0.356440 -0.322575 0.426619 -0.206459 -0.422549 0.347264 -0.286212 -0.437164 0.457753 -0.370075 -0.375174 0.509882 -0.130116 -0.355239 0.430386 -0.220173 -0.372329 0.563511 -0.328778 -0.326538 0.632411 -0.090112 -0.249995 0.427988 -0.152607 -0.284517 0.561755 -0.248872 -0.189715 0.558047 -0.056436 -0.131662 0.408031 -0.110863 -0.140675 0.515025 -0.198504 -0.076365 0.477790 
0.000000 0.000000 0.000000 -0.040459 -0.024657 -0.058129 -0.106741 -0.397829 0.147067 -0.045327 -0.301766 0.207413 -0.003614 -0.217398 0.227533 0.033233 -0.138783 0.240844 -0.162763 -0.148875 0.201597 -0.239293 -0.226602 0.364117 -0.362761 -0.298638 0.424561 -0.229668 -0.409373 0.337266 -0.303962 -0.416350 0.452217 -0.374086 -0.343495 0.510250 -0.121831 -0.386950 0.415656 -0.173866 -0.444888 0.557290 -0.270996 -0.409250 0.646369 -0.069133 -0.279518 0.418745 -0.116114 -0.324060 0.555856 -0.211549 -0.230638 0.576652 -0.027363 -0.158973 0.403653 -0.069072 -0.172870 0.515718 -0.161374 -0.106254 0.500044 
0.000000 0.000000 0.000000 -0.051234 -0.009179 -0.053988 -0.151535 -0.395869 0.107774 -0.067617 -0.320327 0.170164 -0.010148 -0.247106 0.194633 0.040718 -0.177740 0.212419 -0.161570 -0.150996 0.202059 -0.230612 -0.239736 0.362276 -0.362054 -0.294333 0.424153 -0.258492 -0.412693 0.307015 -0.323135 -0.422861 0.427431 -0.371159 -0.346305 0.501093 -0.129174 -0.445749 0.362400 -0.171040 -0.531054 0.493147 -0.257004 -0.495300 0.593003 -0.060610 -0.334231 0.380580 -0.096795 -0.396706 0.513916 -0.183986 -0.302413 0.556043 0.000373 -0.212534 0.378996 -0.027397 -0.236483 0.493654 -0.118204 -0.166320 0.499515 
0.000000 0.000000 0.000000 -0.060477 0.011534 -0.042818 -0.214198 -0.374594 0.071338 -0.106282 -0.330025 0.126193 -0.030779 -0.275145 0.149647 0.036389 -0.221404 0.167414 -0.163500 -0.158955 0.198358 -0.227965 -0.265636 0.349271 -0.361997 -0.303531 0.417726 -0.302922 -0.435174 0.271033 -0.352469 -0.424246 0.398343 -0.376371 -0.349253 0.484353 -0.172590 -0.493366 0.285560 -0.217688 -0.604460 0.393951 -0.286637 -0.567244 0.505756 -0.080295 -0.389271 0.320636 -0.115801 -0.471107 0.443245 -0.179588 -0.371608 0.508813 0.007535 -0.279524 0.329820 -0.012327 -0.319529 0.441607 -0.091996 -0.241687 0.469828 
0.000000 0.000000 0.000000 -0.062853 0.026257 -0.031368 -0.262664 -0.344514 0.060071 -0.142431 -0.324608 0.102372 -0.056321 -0.285420 0.120039 0.020695 -0.245315 0.133279 -0.168833 -0.155574 0.200044 -0.235149 -0.269351 0.344848 -0.369436 -0.292490 0.419133 -0.344569 -0.430397 0.253296 -0.377562 -0.410010 0.384741 -0.383894 -0.338084 0.476282 -0.220942 -0.504717 0.236056 -0.274341 -0.627216 0.326980 -0.327169 -0.592626 0.448025 -0.110388 -0.417570 0.276010 -0.149157 -0.512330 0.387851 -0.186073 -0.414287 0.473249 -0.001648 -0.324926 0.287386 -0.017027 -0.379724 0.393462 -0.082024 -0.297359 0.440307 
0.000000 0.000000 0.000000 -0.062835 0.033264 -0.023858 -0.285291 -0.325270 0.064020 -0.160559 -0.317992 0.096120 -0.070167 -0.287157 0.108000 0.010895 -0.254382 0.116372 -0.171812 -0.151240 0.204020 -0.240003 -0.266690 0.346612 -0.373844 -0.277549 0.424429 -0.364929 -0.419699 0.254181 -0.387514 -0.392196 0.386527 -0.385329 -0.321721 0.479380 -0.247084 -0.499487 0.222798 -0.305934 -0.622929 0.308957 -0.349809 -0.590269 0.434047 -0.125851 -0.424975 0.258396 -0.165780 -0.523800 0.366239 -0.191245 -0.428864 0.459012 -0.006583 -0.338585 0.268656 -0.018614 -0.396544 0.373477 -0.076796 -0.313796 0.427982 
0.000000 0.000000 0.000000 -0.062010 0.037521 -0.019255 -0.299562 -0.311217 0.068536 -0.173100 -0.311991 0.093997 -0.080600 -0.286629 0.101948 0.002523 -0.258691 0.106975 -0.172422 -0.145919 0.208792 -0.241510 -0.260705 0.351488 -0.373055 -0.264347 0.433764 -0.376639 -0.406953 0.259098 -0.392324 -0.378566 0.392253 -0.384059 -0.310207 0.486337 -0.262330 -0.493777 0.218361 -0.323019 -0.617416 0.302945 -0.360413 -0.586802 0.430632 -0.139149 -0.425666 0.250119 -0.181132 -0.525365 0.356366 -0.198373 -0.433091 0.453609 -0.011428 -0.345901 0.257926 -0.021030 -0.405928 0.361829 -0.073586 -0.323016 0.421550 
0.000000 0.000000 0.000000 -0.061203 0.040230 -0.016112 -0.308555 -0.300851 0.074652 -0.181328 -0.306945 0.095089 -0.087674 -0.285290 0.099845 -0.003395 -0.260646 0.102095 -0.172953 -0.142446 0.211896 -0.242879 -0.256753 0.354569 -0.372775 -0.254669 0.439478 -0.384823 -0.398152 0.264746 -0.396526 -0.369840 0.398326 -0.384300 -0.302521 0.492728 -0.275992 -0.488564 0.215620 -0.340377 -0.612091 0.297598 -0.373595 -0.583561 0.426911 -0.148682 -0.426703 0.244738 -0.192429 -0.528105 0.348636 -0.203461 -0.438399 0.449131 -0.018369 -0.352702 0.250040 -0.028676 -0.416066 0.351874 -0.077565 -0.333713 0.415365 
0.000000 0.000000 0.000000 -0.060089 0.042645 -0.013947 -0.317293 -0.290705 0.078143 -0.189898 -0.301678 0.095216 -0.095429 -0.283475 0.097883 -0.010283 -0.261910 0.098330 -0.174002 -0.138510 0.214204 -0.245281 -0.251865 0.356966 -0.373655 -0.245240 0.443932 -0.394825 -0.384016 0.269721 -0.404899 -0.357716 0.403843 -0.388986 -0.291455 0.498444 -0.288533 -0.482915 0.213109 -0.355619 -0.606182 0.293293 -0.385818 -0.579547 0.423746 -0.158355 -0.426652 0.240202 -0.203477 -0.529318 0.342253 -0.209251 -0.441337 0.444693 -0.020826 -0.355748 0.245535 -0.028083 -0.420339 0.346859 -0.073721 -0.338335 0.413160 
0.000000 0.000000 0.000000 -0.058739 0.045418 -0.010525 -0.325921 -0.278916 0.085274 -0.198516 -0.295576 0.096764 -0.103329 -0.281392 0.095852 -0.017394 -0.263411 0.093183 -0.175678 -0.132148 0.218914 -0.248850 -0.243257 0.362481 -0.374671 -0.233153 0.452780 -0.402365 -0.374343 0.276246 -0.406390 -0.345697 0.410206 -0.386369 -0.281273 0.505294 -0.301762 -0.474996 0.213483 -0.371983 -0.597028 0.292868 -0.397346 -0.573081 0.424862 -0.168776 -0.426682 0.234853 -0.215705 -0.530865 0.334525 -0.213849 -0.445460 0.439266 -0.027845 -0.359664 0.238828 -0.035038 -0.425918 0.339078 -0.076005 -0.344096 0.408576 
0.000000 0.000000 0.000000 -0.057332 0.047898 -0.006534 -0.331705 -0.266904 0.100122 -0.204643 -0.288842 0.104063 -0.109159 -0.278478 0.097879 -0.022850 -0.263922 0.090522 -0.177962 -0.123787 0.225455 -0.253444 -0.231216 0.370619 -0.375870 -0.222108 0.465570 -0.409261 -0.360857 0.291376 -0.411396 -0.333674 0.425684 -0.388694 -0.271168 0.521448 -0.311758 -0.465490 0.221519 -0.384612 -0.585636 0.301405 -0.404942 -0.562680 0.434443 -0.176745 -0.423190 0.236459 -0.225208 -0.526957 0.335830 -0.215327 -0.443909 0.442006 -0.032760 -0.362471 0.234661 -0.039582 -0.430305 0.333875 -0.075954 -0.348638 0.406060 
0.000000 0.000000 0.000000 -0.056551 0.048932 -0.005612 -0.333736 -0.258584 0.114214 -0.207068 -0.283006 0.114750 -0.111628 -0.274661 0.105578 -0.025308 -0.261959 0.095436 -0.176935 -0.113084 0.233353 -0.252264 -0.214464 0.382882 -0.369645 -0.211488 0.484369 -0.407807 -0.347389 0.309271 -0.408357 -0.322384 0.444017 -0.383704 -0.261750 0.540499 -0.314513 -0.453418 0.240804 -0.387591 -0.569323 0.326539 -0.402245 -0.542580 0.459616 -0.178358 -0.419209 0.244742 -0.226208 -0.522859 0.344532 -0.211659 -0.441408 0.451406 -0.032721 -0.361785 0.238845 -0.037824 -0.430497 0.337556 -0.070879 -0.349350 0.411891 
0.000000 0.000000 0.000000 -0.055824 0.049841 -0.004838 -0.335193 -0.251295 0.125646 -0.208989 -0.277919 0.123376 -0.113676 -0.271357 0.111755 -0.027429 -0.260291 0.099334 -0.177959 -0.106177 0.237210 -0.254384 -0.203804 0.388668 -0.363927 -0.211487 0.498340 -0.404615 -0.338734 0.323017 -0.404289 -0.318357 0.458541 -0.378810 -0.261267 0.556951 -0.314062 -0.445980 0.254486 -0.385526 -0.560286 0.343659 -0.396409 -0.531571 0.476686 -0.180031 -0.414816 0.252220 -0.227612 -0.517685 0.352942 -0.209787 -0.437453 0.460242 -0.032595 -0.360928 0.242274 -0.036151 -0.430198 0.340662 -0.066648 -0.349539 0.416604 
0.000000 0.000000 0.000000 -0.055559 0.050006 -0.006040 -0.336107 -0.245682 0.134027 -0.210066 -0.273089 0.132031 -0.114764 -0.267411 0.119863 -0.028506 -0.257200 0.106801 -0.176236 -0.093986 0.244059 -0.251748 -0.184086 0.400556 -0.347352 -0.199860 0.521791 -0.396357 -0.326522 0.337140 -0.391465 -0.307124 0.472719 -0.362632 -0.251916 0.571278 -0.312043 -0.436575 0.271126 -0.381401 -0.547768 0.365731 -0.387866 -0.515926 0.498334 -0.179945 -0.409058 0.262695 -0.226684 -0.510628 0.365115 -0.206324 -0.430122 0.471756 -0.029916 -0.355993 0.251108 -0.030887 -0.423993 0.350437 -0.059224 -0.342841 0.426690 
0.000000 0.000000 0.000000 -0.055089 0.050543 -0.005874 -0.334432 -0.236269 0.153697 -0.208895 -0.265486 0.148382 -0.114002 -0.261557 0.132807 -0.028119 -0.253002 0.116491 -0.171780 -0.080671 0.252994 -0.244797 -0.162775 0.414977 -0.324932 -0.182267 0.546451 -0.384394 -0.310888 0.361918 -0.374173 -0.293480 0.497471 -0.339215 -0.238354 0.594074 -0.306616 -0.425567 0.294324 -0.373080 -0.534445 0.393585 -0.374111 -0.499605 0.525587 -0.173775 -0.402805 0.278375 -0.216635 -0.504089 0.382756 -0.191655 -0.423877 0.488634 -0.026179 -0.350591 0.261609 -0.024843 -0.417762 0.361496 -0.049795 -0.336104 0.438389 
0.000000 0.000000 0.000000 -0.054802 0.050813 -0.006219 -0.332288 -0.227736 0.170327 -0.207177 -0.258270 0.162824 -0.112689 -0.255751 0.144702 -0.027189 -0.248554 0.125908 -0.166350 -0.069686 0.260020 -0.236149 -0.145087 0.426615 -0.307876 -0.162683 0.563116 -0.375498 -0.294831 0.382580 -0.360683 -0.273841 0.517198 -0.322211 -0.216850 0.611352 -0.301326 -0.410579 0.319068 -0.365361 -0.514171 0.425336 -0.363351 -0.474167 0.555854 -0.172243 -0.391524 0.295476 -0.214947 -0.488881 0.403590 -0.187863 -0.406997 0.507655 -0.019953 -0.343114 0.272851 -0.014973 -0.408202 0.373995 -0.037533 -0.325475 0.450484 
0.000000 0.000000 0.000000 -0.054584 0.050799 -0.007997 -0.332900 -0.219618 0.179543 -0.207950 -0.250997 0.172901 -0.113497 -0.249603 0.154476 -0.028013 -0.243517 0.135225 -0.163913 -0.062569 0.262264 -0.232323 -0.133508 0.431376 -0.301934 -0.147813 0.569349 -0.373272 -0.282376 0.393673 -0.355413 -0.256827 0.527129 -0.315471 -0.197685 0.619325 -0.300917 -0.398242 0.334612 -0.364148 -0.498390 0.444598 -0.360271 -0.454680 0.573880 -0.173011 -0.380907 0.309172 -0.215687 -0.475060 0.420099 -0.186913 -0.391129 0.522058 -0.021656 -0.334149 0.284663 -0.017281 -0.396534 0.387524 -0.038874 -0.312249 0.462576 
0.000000 0.000000 0.000000 -0.054111 0.051116 -0.009111 -0.333703 -0.210464 0.188779 -0.209148 -0.243373 0.182110 -0.114840 -0.243556 0.162906 -0.029458 -0.238978 0.142804 -0.157809 -0.052991 0.267031 -0.222697 -0.118136 0.439823 -0.288775 -0.127619 0.579932 -0.363720 -0.257531 0.408560 -0.347589 -0.238142 0.543267 -0.303780 -0.179054 0.633725 -0.301390 -0.385716 0.348557 -0.364127 -0.482529 0.461764 -0.355832 -0.436387 0.589988 -0.173858 -0.372517 0.319749 -0.216177 -0.464991 0.432214 -0.184091 -0.380358 0.532592 -0.021805 -0.327745 0.293297 -0.016538 -0.388845 0.396884 -0.035596 -0.303446 0.471363 
0.000000 0.000000 0.000000 -0.053081 0.052358 -0.008060 -0.333989 -0.201605 0.197731 -0.210450 -0.237514 0.188242 -0.116663 -0.240038 0.166787 -0.031703 -0.237592 0.144625 -0.153885 -0.047171 0.270828 -0.216961 -0.109450 0.445339 -0.281169 -0.114413 0.586546 -0.360654 -0.244568 0.418781 -0.340455 -0.222197 0.552473 -0.293939 -0.163289 0.641688 -0.302820 -0.374415 0.359123 -0.365645 -0.467527 0.475346 -0.353930 -0.419400 0.602570 -0.177509 -0.363126 0.327599 -0.221140 -0.451389 0.442911 -0.186053 -0.366611 0.542157 -0.023707 -0.323287 0.296870 -0.018203 -0.382273 0.401663 -0.035170 -0.296281 0.475964 
0.000000 0.000000 0.000000 -0.052837 0.052602 -0.008074 -0.334435 -0.199271 0.199336 -0.211108 -0.235840 0.189605 -0.117398 -0.238910 0.167887 -0.032491 -0.236967 0.145472 -0.153486 -0.044887 0.271590 -0.216465 -0.105889 0.446586 -0.280307 -0.108288 0.588026 -0.357642 -0.238076 0.421542 -0.336589 -0.216892 0.555296 -0.288183 -0.159044 0.644199 -0.303909 -0.371009 0.361628 -0.367027 -0.462943 0.478627 -0.353088 -0.414525 0.605516 -0.177459 -0.361849 0.329109 -0.220527 -0.450003 0.444714 -0.184332 -0.365174 0.543517 -0.024969 -0.324185 0.296874 -0.019790 -0.384220 0.401087 -0.036501 -0.298330 0.475564 
0.000000 0.000000 0.000000 -0.052330 0.053166 -0.007667 -0.330992 -0.190050 0.213578 -0.208526 -0.228589 0.201000 -0.115561 -0.233477 0.176579 -0.031348 -0.233243 0.151611 -0.144224 -0.041620 0.275912 -0.201724 -0.100932 0.453358 -0.259873 -0.098237 0.597227 -0.353087 -0.223642 0.436745 -0.330734 -0.203631 0.570469 -0.278044 -0.147617 0.658101 -0.301052 -0.359073 0.376749 -0.363983 -0.447820 0.496282 -0.345170 -0.398466 0.622178 -0.173295 -0.358656 0.336925 -0.214693 -0.448416 0.451904 -0.175215 -0.364268 0.550029 -0.020439 -0.319904 0.303127 -0.012931 -0.379554 0.407419 -0.027278 -0.294326 0.483139 
0.000000 0.000000 0.000000 -0.052748 0.052517 -0.009138 -0.310501 -0.159821 0.263318 -0.189723 -0.201011 0.244412 -0.099358 -0.209821 0.212484 -0.017754 -0.213505 0.180199 -0.120549 -0.014239 0.288844 -0.162974 -0.056010 0.475301 -0.224982 -0.025180 0.614195 -0.301727 -0.149232 0.489661 -0.296424 -0.142831 0.626456 -0.239605 -0.077632 0.704648 -0.272769 -0.321769 0.431482 -0.329253 -0.403902 0.558716 -0.304503 -0.359407 0.685392 -0.148539 -0.335732 0.375092 -0.183803 -0.426019 0.491691 -0.137134 -0.345420 0.589639 0.004530 -0.304903 0.327630 0.019868 -0.367814 0.429110 0.014261 -0.286483 0.510085 
0.000000 0.000000 0.000000 -0.056840 0.047114 -0.013169 -0.277325 -0.128743 0.312740 -0.155780 -0.165797 0.290485 -0.067754 -0.174967 0.252670 0.011175 -0.179648 0.214413 -0.100508 0.016462 0.295051 -0.127833 -0.002718 0.487916 -0.209619 0.044521 0.611067 -0.260144 -0.089450 0.535408 -0.249760 -0.065702 0.669983 -0.196396 0.005748 0.745085 -0.226737 -0.272447 0.490648 -0.274997 -0.344984 0.626787 -0.255792 -0.309899 0.757322 -0.103455 -0.294623 0.423320 -0.129055 -0.380424 0.545687 -0.081670 -0.299305 0.642859 0.045995 -0.270634 0.359655 0.069963 -0.333262 0.459628 0.069554 -0.256368 0.545012 
0.000000 0.000000 0.000000 -0.063228 0.035280 -0.019530 -0.258429 -0.121672 0.331211 -0.132339 -0.142454 0.313577 -0.043445 -0.143501 0.276706 0.035776 -0.141632 0.238813 -0.100830 0.029345 0.290949 -0.124360 0.025632 0.485226 -0.230194 0.068440 0.590362 -0.235511 -0.065589 0.549729 -0.221661 -0.031695 0.681794 -0.174302 0.043418 0.757347 -0.181383 -0.240430 0.524456 -0.214739 -0.307068 0.667883 -0.205146 -0.279544 0.801261 -0.060354 -0.253159 0.456714 -0.072480 -0.331791 0.585791 -0.038869 -0.242875 0.681876 0.084210 -0.220251 0.387337 0.117548 -0.274366 0.489569 0.109573 -0.200083 0.576871 
0.000000 0.000000 0.000000 -0.065282 0.027498 -0.024617 -0.262544 -0.129526 0.324937 -0.134242 -0.138175 0.314681 -0.043823 -0.132076 0.282279 0.036750 -0.124129 0.248219 -0.125064 0.033881 0.282355 -0.162472 0.037874 0.474438 -0.286946 0.067375 0.562317 -0.252309 -0.069750 0.543437 -0.246122 -0.033623 0.675492 -0.210438 0.041253 0.757427 -0.175814 -0.233940 0.528165 -0.204089 -0.299074 0.673363 -0.204637 -0.277333 0.808146 -0.054137 -0.232087 0.468304 -0.061532 -0.303802 0.601695 -0.043432 -0.209828 0.697138 0.088716 -0.186411 0.403160 0.124486 -0.229280 0.509809 0.107495 -0.156258 0.596885 
0.000000 0.000000 0.000000 -0.065346 0.022966 -0.028746 -0.274061 -0.160501 0.300700 -0.145077 -0.158524 0.299933 -0.053338 -0.144174 0.274618 0.028582 -0.128715 0.246954 -0.153870 0.015675 0.271182 -0.209263 0.011113 0.458857 -0.344166 0.025203 0.534285 -0.280865 -0.114162 0.522570 -0.284976 -0.086155 0.656663 -0.261041 -0.017804 0.748032 -0.184447 -0.253176 0.514329 -0.211224 -0.317552 0.660148 -0.219043 -0.298574 0.795122 -0.068915 -0.241516 0.461689 -0.080085 -0.311316 0.595831 -0.075685 -0.220221 0.695582 0.071357 -0.185160 0.406862 0.100799 -0.224012 0.516930 0.074495 -0.152850 0.603227 
0.000000 0.000000 0.000000 -0.064716 0.019179 -0.032679 -0.280734 -0.207651 0.263363 -0.152902 -0.194019 0.274071 -0.061228 -0.169524 0.257990 0.020789 -0.144628 0.238792 -0.181070 -0.003545 0.256789 -0.253877 -0.017765 0.437919 -0.395841 -0.018594 0.500627 -0.306724 -0.183366 0.487316 -0.322431 -0.168689 0.622667 -0.313004 -0.110832 0.723448 -0.198395 -0.295228 0.484217 -0.229336 -0.364065 0.627146 -0.247382 -0.346344 0.761309 -0.085809 -0.265607 0.444746 -0.103435 -0.334504 0.578661 -0.115255 -0.255996 0.688044 0.051241 -0.198171 0.402475 0.072201 -0.235025 0.515141 0.036315 -0.165682 0.599443 
0.000000 0.000000 0.000000 -0.062565 0.011580 -0.039692 -0.275110 -0.262058 0.216635 -0.152982 -0.230727 0.243924 -0.064826 -0.192253 0.240588 0.014159 -0.154590 0.232965 -0.212560 -0.033942 0.231002 -0.306418 -0.062427 0.400385 -0.453056 -0.083941 0.446443 -0.333380 -0.265372 0.435756 -0.368598 -0.267375 0.568186 -0.383273 -0.217465 0.672525 -0.209087 -0.329052 0.452871 -0.247247 -0.395927 0.594984 -0.282265 -0.373582 0.725037 -0.100149 -0.281904 0.428813 -0.125477 -0.346189 0.563782 -0.158932 -0.281634 0.677719 0.021313 -0.204168 0.400527 0.026237 -0.238293 0.515863 -0.024817 -0.170182 0.593048 
0.000000 0.000000 0.000000 -0.057842 0.001081 -0.047718 -0.252447 -0.307226 0.182135 -0.142133 -0.255732 0.224804 -0.062178 -0.202724 0.232558 0.009525 -0.152043 0.234869 -0.241160 -0.069641 0.195673 -0.355868 -0.113894 0.347972 -0.498050 -0.164475 0.384204 -0.342947 -0.326226 0.389182 -0.397644 -0.337709 0.514316 -0.435255 -0.290576 0.614101 -0.214995 -0.344967 0.432656 -0.264552 -0.405660 0.574025 -0.320241 -0.375024 0.694853 -0.116389 -0.277318 0.422848 -0.155262 -0.330808 0.559298 -0.212034 -0.272897 0.667425 -0.007089 -0.190764 0.404606 -0.018525 -0.217416 0.521440 -0.086191 -0.151945 0.587304 
0.000000 0.000000 0.000000 -0.050559 -0.010131 -0.054453 -0.225627 -0.334281 0.169231 -0.130814 -0.264312 0.221730 -0.061378 -0.199174 0.235815 0.001037 -0.137868 0.243644 -0.253475 -0.094392 0.168194 -0.380446 -0.147117 0.307511 -0.514947 -0.218105 0.338448 -0.335859 -0.358780 0.365875 -0.402479 -0.373587 0.484722 -0.457179 -0.326337 0.576201 -0.220047 -0.339287 0.428831 -0.280738 -0.390280 0.569688 -0.353687 -0.353273 0.678996 -0.131401 -0.258166 0.426420 -0.181613 -0.300468 0.563096 -0.257637 -0.245370 0.660321 -0.038450 -0.164710 0.411889 -0.065630 -0.183186 0.527696 -0.147110 -0.120395 0.578895 
0.000000 0.000000 0.000000 -0.043618 -0.018190 -0.058228 -0.211764 -0.342884 0.169932 -0.129320 -0.261198 0.226250 -0.067652 -0.189076 0.242321 -0.011965 -0.121809 0.251775 -0.263280 -0.104338 0.147134 -0.400730 -0.158243 0.275636 -0.530759 -0.239405 0.299970 -0.332835 -0.374077 0.359111 -0.406008 -0.392930 0.473446 -0.471225 -0.349153 0.559605 -0.232409 -0.322834 0.431307 -0.302524 -0.364755 0.570774 -0.386735 -0.323593 0.670038 -0.154385 -0.236126 0.429344 -0.216578 -0.269865 0.563450 -0.304462 -0.216468 0.651162 -0.067836 -0.140140 0.416483 -0.106292 -0.152757 0.529855 -0.195092 -0.092008 0.570193 
0.000000 0.000000 0.000000 -0.039302 -0.022688 -0.059703 -0.209636 -0.341904 0.174485 -0.133712 -0.254458 0.231321 -0.075711 -0.179335 0.247291 -0.023100 -0.109611 0.256560 -0.270552 -0.107283 0.133205 -0.415253 -0.160217 0.253914 -0.543459 -0.245602 0.272879 -0.337368 -0.377775 0.358381 -0.414565 -0.399455 0.469524 -0.487818 -0.357988 0.550194 -0.250689 -0.308982 0.430866 -0.330249 -0.346065 0.566584 -0.422954 -0.303638 0.657386 -0.176839 -0.219094 0.428691 -0.249355 -0.247603 0.558766 -0.345464 -0.196530 0.638907 -0.092515 -0.122677 0.416550 -0.140296 -0.131670 0.526675 -0.233625 -0.072742 0.558617 
0.000000 0.000000 0.000000 -0.034553 -0.027311 -0.060697 -0.208390 -0.339968 0.179683 -0.139390 -0.246786 0.236230 -0.085199 -0.168752 0.251615 -0.035761 -0.096668 0.260284 -0.277967 -0.108296 0.118293 -0.430279 -0.158971 0.230293 -0.556805 -0.247096 0.247959 -0.345359 -0.371531 0.357625 -0.428140 -0.390608 0.465168 -0.507555 -0.346271 0.538110 -0.268704 -0.291743 0.430475 -0.356656 -0.322320 0.562589 -0.456171 -0.276918 0.644288 -0.196115 -0.201395 0.428663 -0.275648 -0.224802 0.555617 -0.377526 -0.175308 0.629368 -0.115540 -0.107242 0.415557 -0.170454 -0.114520 0.522434 -0.267183 -0.057441 0.546696 
0.000000 0.000000 0.000000 -0.032260 -0.030531 -0.060424 -0.210636 -0.333635 0.188708 -0.144496 -0.237094 0.242991 -0.091648 -0.157787 0.256418 -0.043271 -0.084793 0.263266 -0.283860 -0.112795 0.106238 -0.441295 -0.164270 0.210525 -0.566071 -0.254687 0.229034 -0.353766 -0.362581 0.362190 -0.440271 -0.380075 0.467037 -0.524619 -0.332542 0.531992 -0.286518 -0.273314 0.430053 -0.383113 -0.297950 0.557282 -0.488577 -0.249558 0.629219 -0.214573 -0.182965 0.426622 -0.302717 -0.201019 0.548669 -0.409754 -0.151982 0.615049 -0.135151 -0.088252 0.412035 -0.198393 -0.090633 0.514436 -0.297491 -0.034591 0.529993 
0.000000 0.000000 0.000000 -0.025234 -0.037908 -0.059583 -0.200599 -0.331786 0.202407 -0.145851 -0.226206 0.252379 -0.099933 -0.142215 0.262363 -0.057504 -0.065395 0.266060 -0.286918 -0.121600 0.089960 -0.450663 -0.173969 0.183535 -0.572839 -0.267417 0.204206 -0.352191 -0.357598 0.369061 -0.443809 -0.373198 0.469783 -0.535277 -0.325517 0.524128 -0.298644 -0.253270 0.432369 -0.402565 -0.271677 0.554787 -0.515492 -0.223221 0.614276 -0.230558 -0.161299 0.427550 -0.324224 -0.174984 0.545999 -0.437706 -0.127869 0.602301 -0.159068 -0.067399 0.408422 -0.228977 -0.068778 0.506413 -0.331611 -0.017342 0.511275 
0.000000 0.000000 0.000000 -0.019493 -0.045038 -0.056705 -0.192710 -0.322465 0.223985 -0.147124 -0.209291 0.265875 -0.106763 -0.122005 0.269746 -0.069100 -0.042675 0.267909 -0.284561 -0.140746 0.079035 -0.450424 -0.200634 0.163972 -0.567742 -0.297387 0.194987 -0.351776 -0.346619 0.383781 -0.447911 -0.361218 0.480357 -0.545690 -0.315050 0.523958 -0.310081 -0.230690 0.437518 -0.420915 -0.245245 0.554259 -0.539882 -0.197619 0.601356 -0.248914 -0.135362 0.425721 -0.350845 -0.144939 0.537565 -0.470662 -0.100829 0.581906 -0.180644 -0.039986 0.402582 -0.257422 -0.038135 0.495281 -0.362850 0.007011 0.488218 
0.000000 0.000000 0.000000 -0.014925 -0.051148 -0.052774 -0.191499 -0.306872 0.245861 -0.152340 -0.188322 0.278325 -0.115519 -0.099452 0.275338 -0.080807 -0.019161 0.267347 -0.283973 -0.153458 0.069667 -0.452327 -0.217477 0.146282 -0.565402 -0.318750 0.178602 -0.353830 -0.328978 0.402642 -0.451938 -0.342339 0.497396 -0.554098 -0.298872 0.532993 -0.321704 -0.202650 0.444412 -0.436896 -0.212395 0.557374 -0.560183 -0.167013 0.594523 -0.264204 -0.106952 0.425505 -0.370820 -0.112330 0.533185 -0.494275 -0.070990 0.569489 -0.199187 -0.009580 0.395723 -0.280671 -0.002985 0.484087 -0.387267 0.036593 0.467537 