31
0.000000 0.000000 0.000000 0.041180 -0.058992 -0.021165 0.137726 -0.141434 0.390280 0.052510 -0.046164 0.362283 -0.006684 0.018969 0.314073 -0.045033 0.060682 0.269557 -0.047958 -0.157637 0.261978 -0.103735 -0.219361 0.439150 -0.111619 -0.269469 0.585827 -0.033102 -0.182240 0.533712 -0.136346 -0.206902 0.620398 -0.243792 -0.222719 0.577991 -0.083721 -0.081525 0.553765 -0.239050 -0.115175 0.524355 -0.310121 -0.127814 0.408473 -0.119961 0.005439 0.492114 -0.255170 -0.040703 0.441317 -0.320035 -0.073057 0.327239 -0.147468 0.043010 0.410201 -0.258763 0.000230 0.426772 -0.300554 -0.034439 0.325507 
0.000000 0.000000 0.000000 0.044038 -0.058077 -0.017651 0.121866 -0.128245 0.399990 0.035260 -0.036431 0.365468 -0.023389 0.025667 0.312795 -0.060688 0.065121 0.265419 -0.043659 -0.153847 0.266925 -0.098535 -0.213773 0.444994 -0.107360 -0.257611 0.593612 -0.038992 -0.176265 0.552433 -0.136211 -0.205287 0.644565 -0.246169 -0.233485 0.617973 -0.090937 -0.068156 0.564320 -0.245447 -0.114642 0.573817 -0.338848 -0.146018 0.479312 -0.129755 0.011560 0.495006 -0.269824 -0.045461 0.484052 -0.357004 -0.093887 0.392823 -0.181527 0.028192 0.386334 -0.264703 0.002772 0.469562 -0.325709 -0.050965 0.388360 
0.000000 0.000000 0.000000 0.047597 -0.056071 -0.014644 0.108076 -0.117254 0.407261 0.018954 -0.030202 0.367241 -0.039954 0.028312 0.310883 -0.076734 0.065319 0.261183 -0.045554 -0.154580 0.267252 -0.103843 -0.216220 0.443643 -0.115582 -0.260622 0.591892 -0.047903 -0.166861 0.564200 -0.142172 -0.196843 0.659050 -0.252178 -0.233504 0.646893 -0.106243 -0.065837 0.566063 -0.249754 -0.116791 0.620220 -0.358560 -0.161831 0.551142 -0.146687 0.013742 0.492843 -0.283125 -0.042886 0.527030 -0.384990 -0.102644 0.461299 -0.186524 0.030398 0.392761 -0.262095 0.006361 0.483329 -0.337016 -0.059832 0.426686 
0.000000 0.000000 0.000000 0.051780 -0.053235 -0.010428 0.089544 -0.102420 0.415671 -0.002107 -0.021927 0.368310 -0.060887 0.031679 0.307141 -0.096713 0.065342 0.254456 -0.051662 -0.154026 0.267038 -0.116389 -0.217094 0.440659 -0.130221 -0.265555 0.587448 -0.062512 -0.159489 0.573918 -0.154410 -0.193980 0.669559 -0.261357 -0.240378 0.671206 -0.140289 -0.061827 0.557487 -0.266011 -0.108668 0.647624 -0.380573 -0.167704 0.602572 -0.180040 0.011673 0.480681 -0.304156 -0.038400 0.551945 -0.411283 -0.109270 0.509882 -0.204894 0.033297 0.388084 -0.279357 0.011239 0.480062 -0.359861 -0.064977 0.449842 
0.000000 0.000000 0.000000 0.055826 -0.049648 -0.006516 0.077192 -0.084508 0.422126 -0.017608 -0.012098 0.368349 -0.077121 0.035489 0.303050 -0.112751 0.065067 0.247840 -0.044233 -0.157631 0.269481 -0.106843 -0.225199 0.442182 -0.118113 -0.270963 0.590052 -0.075829 -0.148291 0.576840 -0.168310 -0.186840 0.670345 -0.271038 -0.240971 0.680836 -0.175650 -0.064965 0.537766 -0.283142 -0.100922 0.652993 -0.397058 -0.171273 0.626286 -0.207584 0.007757 0.467136 -0.320012 -0.034344 0.559754 -0.426330 -0.114928 0.538059 -0.224657 0.034516 0.378721 -0.301685 0.013487 0.468809 -0.382294 -0.068071 0.461495 
0.000000 0.000000 0.000000 0.058098 -0.047245 -0.004047 0.068542 -0.073973 0.425582 -0.027721 -0.006711 0.367864 -0.087333 0.037115 0.300069 -0.122602 0.064170 0.243356 -0.034781 -0.159317 0.272827 -0.092899 -0.229445 0.446077 -0.102337 -0.275263 0.594058 -0.077524 -0.138368 0.586635 -0.165802 -0.177287 0.683972 -0.264969 -0.235650 0.702756 -0.173477 -0.065482 0.546122 -0.272610 -0.105454 0.667363 -0.386110 -0.180723 0.657792 -0.225198 -0.003955 0.455054 -0.324055 -0.033404 0.566189 -0.428987 -0.118421 0.560755 -0.232653 0.035904 0.376307 -0.308404 0.016447 0.467820 -0.388192 -0.065112 0.481426 
0.000000 0.000000 0.000000 0.056440 -0.049292 -0.002938 0.055365 -0.078780 0.426637 -0.036967 -0.007759 0.367029 -0.093278 0.038573 0.298090 -0.126147 0.067203 0.240711 -0.031372 -0.167364 0.273095 -0.086319 -0.241245 0.445819 -0.092340 -0.291674 0.592473 -0.089281 -0.141751 0.589524 -0.176700 -0.179809 0.687969 -0.274424 -0.238770 0.711774 -0.187564 -0.062400 0.542555 -0.289992 -0.099563 0.661937 -0.403820 -0.174939 0.662891 -0.231597 -0.004019 0.452257 -0.330781 -0.034561 0.562804 -0.435774 -0.119534 0.567698 -0.240355 0.030348 0.367929 -0.318966 0.004980 0.455497 -0.400880 -0.071864 0.479750 
0.000000 0.000000 0.000000 0.057400 -0.048236 -0.001561 0.045909 -0.078514 0.427806 -0.046171 -0.009104 0.365954 -0.101553 0.036304 0.295661 -0.133472 0.064426 0.237499 -0.031798 -0.172995 0.271066 -0.087612 -0.251061 0.441658 -0.089572 -0.305524 0.586974 -0.099614 -0.142869 0.589366 -0.187565 -0.181764 0.687008 -0.283746 -0.241921 0.713906 -0.199077 -0.061950 0.540027 -0.303075 -0.097893 0.658421 -0.416148 -0.174091 0.665328 -0.237325 -0.006845 0.451923 -0.334681 -0.037785 0.563973 -0.438879 -0.121953 0.582047 -0.253991 0.033022 0.360280 -0.336947 0.011407 0.444792 -0.420867 -0.063749 0.467424 
0.000000 0.000000 0.000000 0.059040 -0.046233 -0.000790 0.043474 -0.076274 0.428465 -0.050195 -0.010164 0.365396 -0.106264 0.033210 0.294366 -0.138435 0.060133 0.235777 -0.026151 -0.173011 0.272186 -0.079458 -0.252340 0.442997 -0.076548 -0.307884 0.587888 -0.102548 -0.144971 0.587772 -0.190799 -0.186489 0.684052 -0.285610 -0.248102 0.712477 -0.199960 -0.064550 0.541712 -0.301821 -0.101540 0.661631 -0.413696 -0.178093 0.677846 -0.231794 -0.008055 0.459451 -0.321807 -0.037644 0.577827 -0.424438 -0.119228 0.610675 -0.265081 0.029447 0.352420 -0.352254 0.008326 0.432707 -0.435961 -0.067568 0.453594 
0.000000 0.000000 0.000000 0.059698 -0.045388 0.000072 0.038253 -0.075791 0.429049 -0.055411 -0.011001 0.364617 -0.111043 0.031594 0.292776 -0.142729 0.058076 0.233724 -0.018630 -0.178886 0.271898 -0.067644 -0.262420 0.441988 -0.059344 -0.322068 0.585027 -0.106117 -0.148088 0.588268 -0.193369 -0.191782 0.684496 -0.287242 -0.254572 0.713456 -0.199519 -0.071868 0.543510 -0.297532 -0.113266 0.665182 -0.408221 -0.190058 0.687326 -0.235163 -0.004899 0.460036 -0.324165 -0.031067 0.579972 -0.425158 -0.111793 0.619364 -0.267017 0.030564 0.353648 -0.352568 0.011627 0.436193 -0.436019 -0.063302 0.461188 
0.000000 0.000000 0.000000 0.062072 -0.042053 0.001585 0.031173 -0.074629 0.429824 -0.064190 -0.014903 0.363036 -0.120183 0.024759 0.289809 -0.151725 0.049611 0.229977 -0.012729 -0.182226 0.271034 -0.059534 -0.269936 0.439638 -0.044723 -0.332322 0.580973 -0.112669 -0.151845 0.587201 -0.199604 -0.198512 0.682314 -0.290856 -0.264459 0.712598 -0.209953 -0.074284 0.541085 -0.309092 -0.114671 0.662183 -0.417565 -0.193884 0.686642 -0.247942 -0.018196 0.452739 -0.339554 -0.048997 0.569570 -0.437310 -0.132189 0.611888 -0.270441 0.019210 0.354751 -0.352156 -0.001716 0.440635 -0.434631 -0.075574 0.471393 
0.000000 0.000000 0.000000 0.063159 -0.040355 0.002517 0.025640 -0.075648 0.430012 -0.070130 -0.018246 0.361782 -0.125889 0.020199 0.287733 -0.157041 0.044447 0.227450 -0.007224 -0.181503 0.272646 -0.051266 -0.269825 0.441675 -0.029307 -0.332102 0.582125 -0.117634 -0.155704 0.586486 -0.204224 -0.204087 0.681054 -0.292661 -0.271646 0.715808 -0.219600 -0.081916 0.535216 -0.321260 -0.125220 0.653176 -0.426943 -0.206337 0.683016 -0.257297 -0.028037 0.446222 -0.351524 -0.062626 0.559870 -0.445748 -0.147243 0.607092 -0.279119 0.019403 0.350154 -0.363147 0.002165 0.434613 -0.443896 -0.070433 0.472193 
0.000000 0.000000 0.000000 0.062773 -0.040925 0.002932 0.018931 -0.080814 0.429419 -0.075377 -0.021805 0.360528 -0.129758 0.017971 0.286157 -0.159851 0.043180 0.225731 0.001643 -0.188299 0.271986 -0.036609 -0.280516 0.440343 -0.009969 -0.344170 0.579359 -0.121281 -0.160292 0.588931 -0.206021 -0.208328 0.685335 -0.292273 -0.277567 0.722208 -0.218230 -0.091994 0.536996 -0.315389 -0.139733 0.657019 -0.418521 -0.222035 0.692086 -0.258687 -0.034887 0.445209 -0.351136 -0.072790 0.559258 -0.441691 -0.158008 0.612227 -0.280502 0.011138 0.348217 -0.363548 -0.010917 0.432527 -0.442916 -0.082311 0.475033 
0.000000 0.000000 0.000000 0.065494 -0.036181 0.005035 0.011841 -0.077739 0.430240 -0.084426 -0.026070 0.358232 -0.139312 0.009341 0.282048 -0.169337 0.032060 0.220609 0.005794 -0.186265 0.272910 -0.031563 -0.280178 0.440529 -0.001981 -0.342609 0.579504 -0.126311 -0.169740 0.584740 -0.209806 -0.225342 0.678115 -0.293410 -0.296817 0.716779 -0.230816 -0.098116 0.531014 -0.330382 -0.147118 0.648530 -0.431785 -0.230570 0.685846 -0.270862 -0.046465 0.437914 -0.365191 -0.086480 0.549679 -0.452996 -0.172414 0.606016 -0.286807 0.004089 0.347119 -0.367664 -0.015163 0.434198 -0.446380 -0.084551 0.481018 
0.000000 0.000000 0.000000 0.065502 -0.036045 0.005839 0.003702 -0.083370 0.429332 -0.091311 -0.031048 0.356140 -0.144818 0.005196 0.279369 -0.173713 0.028631 0.217658 0.008158 -0.188629 0.272815 -0.027725 -0.284106 0.439871 0.003140 -0.345855 0.578872 -0.135680 -0.173817 0.583643 -0.219919 -0.228481 0.676905 -0.301146 -0.300933 0.718690 -0.238149 -0.109992 0.525495 -0.338019 -0.163685 0.640680 -0.436956 -0.249303 0.679670 -0.278583 -0.060314 0.429466 -0.374500 -0.107289 0.537095 -0.459851 -0.193991 0.595968 -0.295817 -0.007324 0.337592 -0.379863 -0.032073 0.420145 -0.457923 -0.101537 0.467941 
0.000000 0.000000 0.000000 0.066580 -0.033906 0.006432 0.003537 -0.081251 0.429740 -0.092615 -0.032328 0.355689 -0.146745 0.001837 0.278404 -0.175968 0.024055 0.216397 0.009768 -0.193436 0.269431 -0.025782 -0.293260 0.433999 0.004428 -0.356340 0.572546 -0.132465 -0.176937 0.583908 -0.214660 -0.234767 0.677083 -0.294657 -0.307880 0.720073 -0.240035 -0.114533 0.522974 -0.340301 -0.170443 0.636752 -0.437844 -0.257152 0.676831 -0.280209 -0.068883 0.426390 -0.375910 -0.119593 0.532506 -0.459227 -0.206922 0.593333 -0.298869 -0.015860 0.334247 -0.383464 -0.043335 0.415365 -0.460567 -0.112813 0.464670 
0.000000 0.000000 0.000000 0.067582 -0.031733 0.007041 0.002908 -0.079734 0.430028 -0.094202 -0.034153 0.355101 -0.148817 -0.001987 0.277301 -0.178269 0.019087 0.215004 0.012937 -0.194129 0.268743 -0.021256 -0.295745 0.432499 0.008962 -0.358183 0.571334 -0.135885 -0.180517 0.578350 -0.219768 -0.241428 0.667991 -0.298659 -0.315619 0.711177 -0.241549 -0.124202 0.518364 -0.341766 -0.185448 0.629405 -0.437630 -0.273859 0.669812 -0.280049 -0.077236 0.425049 -0.374150 -0.131193 0.530994 -0.455214 -0.219320 0.593687 -0.301022 -0.023577 0.332042 -0.385515 -0.052943 0.412602 -0.462148 -0.122125 0.463043 
0.000000 0.000000 0.000000 0.068488 -0.029491 0.007972 -0.000185 -0.079298 0.430119 -0.097737 -0.036984 0.353860 -0.152340 -0.006682 0.275307 -0.181639 0.013369 0.212602 0.012860 -0.192445 0.269119 -0.021948 -0.294411 0.432528 0.006249 -0.355024 0.572591 -0.139575 -0.181822 0.576677 -0.223819 -0.243784 0.665253 -0.301383 -0.318970 0.709116 -0.248188 -0.132770 0.510908 -0.350515 -0.197918 0.617723 -0.444408 -0.288711 0.657472 -0.284889 -0.087845 0.418684 -0.379935 -0.146043 0.521495 -0.458912 -0.235814 0.584518 -0.304608 -0.034719 0.327286 -0.389249 -0.067819 0.406226 -0.464747 -0.138837 0.455822 
0.000000 0.000000 0.000000 0.068788 -0.028707 0.008244 0.000510 -0.075522 0.430797 -0.097453 -0.034894 0.354150 -0.152345 -0.005851 0.275323 -0.181832 0.013345 0.212439 0.013767 -0.188244 0.271620 -0.020662 -0.288072 0.436424 0.006373 -0.347836 0.577080 -0.139925 -0.178458 0.576065 -0.224800 -0.240669 0.663861 -0.302061 -0.316362 0.707386 -0.245485 -0.135388 0.510554 -0.346167 -0.203738 0.616931 -0.438640 -0.296376 0.655742 -0.283230 -0.088344 0.419468 -0.377082 -0.147497 0.522829 -0.454661 -0.239161 0.584855 -0.305496 -0.036906 0.325436 -0.390616 -0.071494 0.403214 -0.465135 -0.145353 0.450065 
0.000000 0.000000 0.000000 0.068973 -0.028088 0.008817 -0.000086 -0.069549 0.431802 -0.098138 -0.030701 0.354350 -0.153030 -0.003152 0.274988 -0.182488 0.014956 0.211768 0.013780 -0.185249 0.273582 -0.020756 -0.283590 0.439255 -0.000887 -0.342826 0.581322 -0.141181 -0.178480 0.571968 -0.226455 -0.244315 0.656681 -0.303441 -0.321503 0.698011 -0.247412 -0.133123 0.508302 -0.348940 -0.202784 0.613011 -0.440162 -0.298127 0.648048 -0.287006 -0.093173 0.411590 -0.383076 -0.157724 0.509542 -0.460397 -0.252958 0.566287 -0.310065 -0.042974 0.316432 -0.397879 -0.082848 0.388473 -0.470545 -0.162309 0.428584 
0.000000 0.000000 0.000000 0.070255 -0.024476 0.009434 0.004637 -0.054553 0.433927 -0.095401 -0.023074 0.355673 -0.151798 -0.000902 0.275686 -0.182290 0.013604 0.212029 0.003438 -0.177679 0.273840 -0.038372 -0.273544 0.439288 -0.028976 -0.330740 0.583257 -0.143773 -0.165926 0.564276 -0.233468 -0.233236 0.643055 -0.311970 -0.311690 0.678770 -0.250836 -0.131408 0.499125 -0.356553 -0.205089 0.596692 -0.447273 -0.304606 0.619180 -0.296038 -0.093926 0.399197 -0.399467 -0.160630 0.487762 -0.476983 -0.263457 0.528822 -0.314730 -0.054021 0.304077 -0.405891 -0.100569 0.367435 -0.474234 -0.187693 0.398124 
0.000000 0.000000 0.000000 0.070022 -0.025211 0.009230 0.013186 -0.032019 0.435995 -0.087991 -0.002854 0.358311 -0.145740 0.016144 0.278470 -0.177365 0.027870 0.214793 0.001979 -0.166630 0.279816 -0.040598 -0.255121 0.449132 -0.037122 -0.305342 0.595940 -0.140965 -0.140027 0.562454 -0.234130 -0.205304 0.638882 -0.315286 -0.285489 0.662907 -0.252025 -0.110644 0.492284 -0.363591 -0.183956 0.583404 -0.450756 -0.288904 0.578161 -0.291862 -0.081106 0.396387 -0.396641 -0.150840 0.480941 -0.470876 -0.263325 0.491160 -0.306119 -0.049222 0.304601 -0.394743 -0.102287 0.366417 -0.454485 -0.198313 0.386737 
0.000000 0.000000 0.000000 0.070040 -0.025392 0.008575 0.022062 -0.018381 0.436424 -0.080526 0.009024 0.359960 -0.139805 0.025901 0.280767 -0.172675 0.035837 0.217417 0.004219 -0.158866 0.283709 -0.036968 -0.242386 0.455869 -0.037277 -0.286929 0.604539 -0.128749 -0.128748 0.564857 -0.219896 -0.195451 0.642479 -0.299882 -0.278940 0.657474 -0.241427 -0.103306 0.494003 -0.350861 -0.179706 0.585171 -0.430915 -0.287819 0.561883 -0.280479 -0.076475 0.400948 -0.381351 -0.149885 0.487126 -0.448319 -0.266990 0.478762 -0.294177 -0.054091 0.305374 -0.377809 -0.115990 0.365917 -0.430555 -0.217242 0.378921 
0.000000 0.000000 0.000000 0.071494 -0.021559 0.006903 0.038229 -0.000649 0.435693 -0.068230 0.018730 0.362120 -0.131024 0.029635 0.284606 -0.166553 0.035519 0.222193 0.008846 -0.157132 0.281751 -0.030355 -0.241964 0.453733 -0.033770 -0.283407 0.603258 -0.111388 -0.111682 0.564947 -0.201812 -0.178788 0.643065 -0.281512 -0.262972 0.655474 -0.226988 -0.097244 0.495614 -0.334965 -0.176122 0.586409 -0.414051 -0.284392 0.560672 -0.272337 -0.073617 0.403280 -0.373667 -0.147655 0.488376 -0.440716 -0.264587 0.478412 -0.288540 -0.056864 0.306873 -0.372506 -0.120454 0.365160 -0.424009 -0.222935 0.372100 
0.000000 0.000000 0.000000 0.071686 -0.021646 0.004056 0.061832 0.019957 0.432515 -0.048397 0.036451 0.363959 -0.115268 0.044023 0.289520 -0.154113 0.047133 0.228908 0.020893 -0.149649 0.284914 -0.010891 -0.229744 0.460657 -0.016326 -0.265727 0.611530 -0.085693 -0.091842 0.563502 -0.174853 -0.159410 0.642667 -0.254675 -0.244212 0.648157 -0.197636 -0.056133 0.524054 -0.309079 -0.162251 0.573490 -0.384111 -0.270387 0.537212 -0.252753 -0.028241 0.433010 -0.351684 -0.132550 0.481209 -0.415830 -0.249678 0.460369 -0.275076 -0.052288 0.306815 -0.358337 -0.120722 0.360440 -0.405125 -0.225669 0.360110 
0.000000 0.000000 0.000000 0.070732 -0.024751 0.002877 0.076967 0.037307 0.428922 -0.034616 0.055692 0.363094 -0.103507 0.062875 0.290481 -0.144160 0.064949 0.231021 0.027007 -0.126950 0.295263 -0.000353 -0.190899 0.478220 -0.008042 -0.212814 0.631672 -0.071976 -0.065548 0.565512 -0.161993 -0.127711 0.648063 -0.242191 -0.212336 0.648158 -0.174132 -0.021547 0.539287 -0.284414 -0.134715 0.573278 -0.354554 -0.241365 0.524848 -0.235072 0.009401 0.447149 -0.331016 -0.104595 0.475266 -0.392710 -0.220752 0.444132 -0.265349 -0.036827 0.305460 -0.348765 -0.106882 0.356697 -0.391852 -0.213014 0.347597 
0.000000 0.000000 0.000000 0.069899 -0.027167 0.000100 0.106529 0.063807 0.419369 -0.008507 0.081846 0.359675 -0.081797 0.086626 0.291293 -0.126221 0.086145 0.234560 0.028555 -0.109671 0.298981 0.002685 -0.161296 0.486002 -0.002952 -0.170049 0.640852 -0.040802 -0.034720 0.560812 -0.129846 -0.094267 0.646296 -0.212432 -0.176519 0.643584 -0.143495 0.021513 0.545720 -0.255842 -0.092365 0.568845 -0.322380 -0.195408 0.508895 -0.217014 0.044129 0.448213 -0.316752 -0.068314 0.468205 -0.375747 -0.181812 0.424549 -0.255776 0.006037 0.320493 -0.336061 -0.077600 0.352905 -0.373448 -0.183158 0.327161 
0.000000 0.000000 0.000000 0.064945 -0.037489 0.000780 0.122674 0.067643 0.414326 0.010642 0.100043 0.354987 -0.062312 0.112544 0.287223 -0.107327 0.116023 0.231064 0.039106 -0.094336 0.307288 0.022937 -0.129907 0.499081 0.024113 -0.127552 0.654258 -0.018142 -0.014432 0.571979 -0.107923 -0.070028 0.659332 -0.195819 -0.146547 0.655840 -0.120263 0.054842 0.548107 -0.234081 -0.059916 0.548866 -0.300565 -0.157854 0.480842 -0.200910 0.086552 0.444795 -0.290673 -0.033699 0.423045 -0.346351 -0.143544 0.367349 -0.245262 0.048194 0.314487 -0.317281 -0.048265 0.314088 -0.345356 -0.149696 0.267971 
0.000000 0.000000 0.000000 0.061373 -0.043094 -0.000305 0.150038 0.077286 0.403492 0.038256 0.116582 0.347969 -0.036838 0.132141 0.283245 -0.084309 0.136801 0.229235 0.050526 -0.082527 0.309813 0.043738 -0.107201 0.503866 0.058706 -0.102006 0.658254 0.002630 0.007300 0.560951 -0.086459 -0.034997 0.656114 -0.179439 -0.105317 0.654355 -0.089176 0.079793 0.545154 -0.207065 -0.030601 0.538849 -0.278015 -0.123854 0.468783 -0.171941 0.110609 0.444482 -0.263060 -0.006625 0.413753 -0.325058 -0.112605 0.357249 -0.223616 0.090847 0.324461 -0.294252 -0.006234 0.315676 -0.323942 -0.105776 0.266553 
0.000000 0.000000 0.000000 0.059352 -0.045827 -0.001095 0.174181 0.090679 0.390805 0.061447 0.132200 0.338947 -0.016193 0.147887 0.277333 -0.066184 0.151976 0.225597 0.056236 -0.066748 0.310993 0.054286 -0.079839 0.506278 0.075770 -0.066704 0.659421 0.021716 0.047457 0.552997 -0.070430 0.021335 0.651022 -0.168113 -0.042204 0.654745 -0.062112 0.125862 0.541844 -0.187171 0.023843 0.533068 -0.263109 -0.066418 0.464323 -0.144065 0.161662 0.445180 -0.244321 0.051591 0.416475 -0.306090 -0.050617 0.353180 -0.204888 0.128058 0.329402 -0.280770 0.035216 0.318747 -0.304317 -0.060161 0.259149 
0.000000 0.000000 0.000000 0.056832 -0.048924 0.000663 0.190824 0.109170 0.378098 0.078823 0.152858 0.326433 0.000206 0.168218 0.265987 -0.051105 0.171248 0.215485 0.054766 -0.056809 0.313361 0.053472 -0.061743 0.509026 0.077917 -0.041852 0.660992 0.044364 0.084061 0.549385 -0.044152 0.068886 0.652907 -0.146388 0.013627 0.662255 -0.040829 0.172813 0.530785 -0.175502 0.083551 0.535258 -0.249992 -0.003706 0.461253 -0.121161 0.207856 0.434547 -0.226995 0.105063 0.399570 -0.279145 0.008172 0.321080 -0.184170 0.186679 0.327920 -0.259750 0.096270 0.303323 -0.271717 0.006721 0.232323 