54
0.000000 0.000000 0.000000 -0.007698 -0.060014 -0.044306 -0.001842 -0.338767 0.276629 -0.001681 -0.187864 0.317556 -0.001387 -0.072689 0.306203 -0.001084 0.017905 0.279373 -0.250206 -0.212112 0.081800 -0.343565 -0.283817 0.238176 -0.373260 -0.318646 0.386473 -0.145363 -0.349456 0.451865 -0.271107 -0.294967 0.450670 -0.368981 -0.239964 0.419229 -0.154003 -0.188555 0.499962 -0.279937 -0.130160 0.417167 -0.372747 -0.080570 0.330181 -0.156315 -0.069129 0.450073 -0.276519 -0.023084 0.369938 -0.372979 0.018544 0.284904 -0.142968 0.030974 0.380786 -0.227727 0.046182 0.296668 -0.297716 0.059795 0.206560 
0.000000 0.000000 0.000000 -0.004876 -0.062520 -0.041126 0.011590 -0.323642 0.293958 0.005002 -0.170948 0.326939 0.000344 -0.056619 0.309581 -0.003165 0.032381 0.278051 -0.241897 -0.216115 0.093322 -0.331348 -0.282412 0.254301 -0.359220 -0.310616 0.404350 -0.133994 -0.326925 0.467782 -0.262089 -0.278215 0.468857 -0.361843 -0.228415 0.434768 -0.146685 -0.166553 0.509822 -0.274618 -0.116595 0.424605 -0.369024 -0.074636 0.335351 -0.154589 -0.054426 0.453472 -0.275334 -0.016487 0.369972 -0.372545 0.017797 0.282550 -0.141888 0.044758 0.383830 -0.228324 0.052196 0.300375 -0.300609 0.058380 0.211269 
0.000000 0.000000 0.000000 -0.004072 -0.063902 -0.039036 0.018339 -0.313626 0.304291 0.009445 -0.160059 0.332309 0.002845 -0.046449 0.311257 -0.002267 0.041404 0.276860 -0.237771 -0.219108 0.099321 -0.322014 -0.280802 0.264875 -0.348520 -0.305126 0.415847 -0.125074 -0.316438 0.479918 -0.253958 -0.269935 0.476978 -0.355057 -0.223519 0.442085 -0.141557 -0.156525 0.515777 -0.270612 -0.112122 0.429187 -0.366398 -0.074815 0.339340 -0.149600 -0.043414 0.457766 -0.268838 -0.010661 0.370016 -0.367699 0.018689 0.282648 -0.136971 0.058698 0.387052 -0.225742 0.060334 0.305761 -0.302615 0.060798 0.220359 
0.000000 0.000000 0.000000 -0.002685 -0.064863 -0.037543 0.026614 -0.306011 0.311351 0.014195 -0.152090 0.335864 0.004864 -0.039181 0.312230 -0.002415 0.047712 0.275842 -0.235417 -0.225678 0.095951 -0.310463 -0.281330 0.267946 -0.335939 -0.302964 0.419504 -0.110623 -0.309601 0.491832 -0.239908 -0.265121 0.482400 -0.342465 -0.222401 0.447040 -0.134332 -0.149497 0.521356 -0.262188 -0.110350 0.430555 -0.359338 -0.077491 0.340435 -0.145263 -0.038657 0.461144 -0.266631 -0.011254 0.374486 -0.367326 0.013414 0.287767 -0.136483 0.054326 0.387950 -0.228626 0.051613 0.310532 -0.308460 0.048533 0.227948 
0.000000 0.000000 0.000000 0.000927 -0.065434 -0.036626 0.037775 -0.299973 0.316037 0.017579 -0.146517 0.338173 0.003039 -0.034540 0.312800 -0.008031 0.051377 0.275076 -0.227344 -0.224164 0.106704 -0.308724 -0.283093 0.274679 -0.333902 -0.303324 0.426481 -0.104781 -0.301423 0.492377 -0.235704 -0.261123 0.488240 -0.339229 -0.221122 0.452524 -0.130447 -0.140641 0.523991 -0.260742 -0.105290 0.435120 -0.358807 -0.075882 0.344799 -0.146022 -0.032799 0.462773 -0.268011 -0.009250 0.375855 -0.369827 0.011861 0.289507 -0.138168 0.060063 0.391589 -0.227147 0.054093 0.310728 -0.308160 0.048091 0.229463 
0.000000 0.000000 0.000000 0.001201 -0.065605 -0.036309 0.039671 -0.298246 0.317436 0.018748 -0.144785 0.338856 0.003623 -0.033005 0.312960 -0.007920 0.052672 0.274835 -0.226740 -0.226525 0.105090 -0.304837 -0.283618 0.275244 -0.329654 -0.303336 0.427172 -0.101264 -0.302472 0.495030 -0.232482 -0.263288 0.489695 -0.336438 -0.224317 0.454091 -0.130441 -0.141817 0.523811 -0.261513 -0.108203 0.435411 -0.359838 -0.080007 0.344986 -0.145899 -0.033169 0.462482 -0.268094 -0.011177 0.375445 -0.370366 0.008632 0.289329 -0.139642 0.061495 0.389542 -0.229641 0.054465 0.309905 -0.310851 0.047367 0.228926 
0.000000 0.000000 0.000000 0.002707 -0.065500 -0.036418 0.042681 -0.298085 0.317197 0.018746 -0.145081 0.338729 0.001756 -0.033550 0.312918 -0.011072 0.051973 0.274859 -0.223912 -0.225222 0.108425 -0.304484 -0.284206 0.276770 -0.329504 -0.304394 0.428603 -0.101554 -0.300065 0.492161 -0.233172 -0.261902 0.490649 -0.337209 -0.223192 0.454998 -0.129825 -0.140973 0.524159 -0.261278 -0.107633 0.436221 -0.359706 -0.079773 0.345806 -0.146969 -0.031724 0.463222 -0.268009 -0.009727 0.374586 -0.370586 0.009952 0.288803 -0.141729 0.063223 0.390568 -0.230134 0.056033 0.309180 -0.311510 0.048868 0.228372 
0.000000 0.000000 0.000000 0.003278 -0.065391 -0.036567 0.044633 -0.298479 0.316557 0.019449 -0.145722 0.338414 0.001603 -0.034269 0.312841 -0.011856 0.051238 0.274964 -0.220322 -0.230061 0.107423 -0.298634 -0.290601 0.276282 -0.323670 -0.312319 0.427901 -0.100426 -0.302391 0.490806 -0.232620 -0.266240 0.490938 -0.337108 -0.228726 0.455327 -0.129530 -0.144840 0.523560 -0.261247 -0.112305 0.435715 -0.359942 -0.084844 0.345469 -0.146088 -0.036367 0.464158 -0.267395 -0.015219 0.375681 -0.370951 0.003826 0.290937 -0.141982 0.057792 0.391628 -0.231032 0.050211 0.310982 -0.313036 0.042787 0.230836 
0.000000 0.000000 0.000000 0.006134 -0.065151 -0.036629 0.054252 -0.296969 0.316475 0.022856 -0.145369 0.338353 0.000770 -0.034675 0.312799 -0.015814 0.050290 0.274940 -0.212975 -0.233814 0.109625 -0.293002 -0.299375 0.275784 -0.318435 -0.323666 0.426946 -0.091457 -0.313332 0.489452 -0.224906 -0.282231 0.491943 -0.330871 -0.247035 0.458390 -0.124136 -0.156249 0.524765 -0.259701 -0.127033 0.441742 -0.360923 -0.101228 0.353835 -0.147626 -0.046193 0.462997 -0.275594 -0.028972 0.383508 -0.382889 -0.012724 0.302937 -0.144509 0.047039 0.393318 -0.235328 0.036588 0.314998 -0.321149 0.026625 0.239245 
0.000000 0.000000 0.000000 0.012091 -0.064436 -0.036409 0.066663 -0.292726 0.318053 0.023381 -0.143938 0.338928 -0.006128 -0.035151 0.312687 -0.027858 0.048414 0.274319 -0.196993 -0.243550 0.112077 -0.275045 -0.315247 0.276633 -0.301782 -0.343959 0.426792 -0.073669 -0.320026 0.494070 -0.208784 -0.299120 0.503498 -0.318638 -0.271671 0.475716 -0.111826 -0.171152 0.532456 -0.254586 -0.149975 0.459683 -0.363382 -0.129438 0.379803 -0.145969 -0.060093 0.469327 -0.279872 -0.050057 0.398900 -0.393755 -0.039652 0.326855 -0.149395 0.038495 0.399685 -0.244880 0.021584 0.328355 -0.336320 0.005423 0.260675 
0.000000 0.000000 0.000000 0.021100 -0.062625 -0.035450 0.078862 -0.285002 0.322250 0.018639 -0.141820 0.340113 -0.020815 -0.036750 0.311869 -0.049112 0.044127 0.272051 -0.181901 -0.257580 0.101041 -0.257212 -0.337172 0.263227 -0.287572 -0.374608 0.410752 -0.069350 -0.323819 0.489422 -0.203228 -0.323551 0.518726 -0.318322 -0.311813 0.504280 -0.107510 -0.185728 0.536666 -0.259008 -0.180842 0.480551 -0.380612 -0.173646 0.418906 -0.148237 -0.075617 0.476085 -0.288168 -0.078959 0.417786 -0.411439 -0.081240 0.362404 -0.164047 0.018728 0.401400 -0.262336 -0.008703 0.337541 -0.359483 -0.035556 0.282364 
0.000000 0.000000 0.000000 0.029434 -0.060077 -0.033887 0.079632 -0.279822 0.326571 0.005313 -0.142928 0.340118 -0.041331 -0.041624 0.309201 -0.073784 0.036725 0.267541 -0.165018 -0.280157 0.073816 -0.223260 -0.371852 0.236638 -0.254898 -0.431766 0.376266 -0.050755 -0.342558 0.501166 -0.178995 -0.364523 0.544226 -0.293952 -0.376916 0.559203 -0.094991 -0.202688 0.547102 -0.251788 -0.219381 0.511597 -0.384902 -0.234356 0.485216 -0.145957 -0.097000 0.484417 -0.291288 -0.121085 0.448506 -0.422132 -0.144200 0.423736 -0.164450 -0.002002 0.411992 -0.266984 -0.045704 0.366516 -0.368277 -0.088883 0.333677 
0.000000 0.000000 0.000000 0.033941 -0.058406 -0.032568 0.059351 -0.285678 0.325815 -0.019753 -0.151194 0.335987 -0.066463 -0.050427 0.303457 -0.097462 0.028046 0.260932 -0.144093 -0.306304 0.035965 -0.180912 -0.417170 0.193013 -0.208016 -0.503230 0.319290 -0.034895 -0.361533 0.517607 -0.159689 -0.400359 0.558852 -0.259886 -0.435821 0.606770 -0.090131 -0.232682 0.547839 -0.246803 -0.268947 0.531611 -0.376691 -0.307800 0.547698 -0.143466 -0.125155 0.485666 -0.287284 -0.170720 0.470473 -0.413117 -0.217911 0.484871 -0.170380 -0.021227 0.412066 -0.270209 -0.083683 0.387072 -0.367346 -0.144872 0.382229 
0.000000 0.000000 0.000000 0.041097 -0.055367 -0.029485 0.041216 -0.288958 0.325722 -0.047138 -0.160005 0.329110 -0.096413 -0.061646 0.293173 -0.127539 0.015697 0.248714 -0.121357 -0.319784 0.009739 -0.142088 -0.448508 0.155724 -0.161287 -0.552912 0.268941 -0.029582 -0.384210 0.518944 -0.148099 -0.436288 0.563929 -0.230997 -0.485783 0.629284 -0.096741 -0.255468 0.541009 -0.248076 -0.311718 0.548632 -0.361348 -0.369852 0.597919 -0.144146 -0.144688 0.481692 -0.280026 -0.211762 0.487021 -0.387339 -0.278617 0.534796 -0.188044 -0.031067 0.405999 -0.279335 -0.109507 0.408098 -0.365580 -0.183043 0.427002 
0.000000 0.000000 0.000000 0.042168 -0.054807 -0.029016 0.012028 -0.304451 0.313775 -0.074040 -0.173954 0.316852 -0.118790 -0.073025 0.282139 -0.145189 0.006922 0.239256 -0.100385 -0.333122 -0.020920 -0.103420 -0.476184 0.112629 -0.112124 -0.594974 0.212128 -0.025151 -0.389387 0.520714 -0.136553 -0.459620 0.558650 -0.200134 -0.517724 0.637228 -0.089562 -0.278245 0.529824 -0.231464 -0.349469 0.560079 -0.323581 -0.419855 0.632188 -0.145541 -0.152658 0.476192 -0.268086 -0.237441 0.504215 -0.353127 -0.313515 0.576663 -0.201743 -0.047386 0.395584 -0.281266 -0.135740 0.414585 -0.354154 -0.215418 0.453852 
0.000000 0.000000 0.000000 0.043655 -0.053932 -0.028451 -0.008432 -0.316163 0.302093 -0.094017 -0.185341 0.304872 -0.136159 -0.082896 0.271358 -0.159565 -0.001223 0.230019 -0.085854 -0.338449 -0.039574 -0.070591 -0.484662 0.089655 -0.069146 -0.609967 0.181215 -0.025224 -0.389937 0.515858 -0.128484 -0.473533 0.549492 -0.181319 -0.535451 0.632964 -0.090243 -0.292753 0.516822 -0.225473 -0.371975 0.556335 -0.302818 -0.448222 0.639061 -0.156306 -0.158884 0.467658 -0.266103 -0.255339 0.508053 -0.336184 -0.334834 0.591942 -0.218782 -0.050665 0.386974 -0.285818 -0.147497 0.411897 -0.347728 -0.229194 0.463819 
0.000000 0.000000 0.000000 0.048445 -0.051382 -0.025235 -0.021034 -0.322161 0.295059 -0.112405 -0.195317 0.292154 -0.156006 -0.094182 0.256590 -0.179315 -0.012814 0.214599 -0.057984 -0.344601 -0.048514 -0.032551 -0.495847 0.073096 -0.020853 -0.624052 0.159776 -0.030069 -0.409468 0.504143 -0.131590 -0.494933 0.538366 -0.180020 -0.561367 0.621036 -0.101953 -0.293432 0.508345 -0.229863 -0.383932 0.548010 -0.298052 -0.463909 0.635149 -0.169169 -0.171433 0.452989 -0.273540 -0.272917 0.495398 -0.334927 -0.354171 0.584266 -0.235435 -0.069018 0.370413 -0.296107 -0.167034 0.405097 -0.351606 -0.249459 0.462796 
0.000000 0.000000 0.000000 0.047142 -0.051920 -0.026568 -0.033588 -0.331349 0.283496 -0.121102 -0.201782 0.284175 -0.161308 -0.098214 0.251754 -0.181759 -0.014782 0.212406 -0.042131 -0.350424 -0.054360 -0.009165 -0.498433 0.069405 0.006969 -0.627093 0.154687 -0.036219 -0.425175 0.489917 -0.135051 -0.512187 0.527908 -0.181916 -0.581568 0.609044 -0.113362 -0.305024 0.498081 -0.238334 -0.398401 0.540357 -0.301995 -0.479971 0.629423 -0.169568 -0.192696 0.440748 -0.271263 -0.290698 0.495924 -0.326724 -0.373041 0.587639 -0.245366 -0.076444 0.363198 -0.298884 -0.178994 0.396521 -0.350229 -0.261447 0.457909 
0.000000 0.000000 0.000000 0.048883 -0.050967 -0.025233 -0.036065 -0.332704 0.281598 -0.125944 -0.204775 0.279897 -0.167055 -0.101876 0.246496 -0.187839 -0.018726 0.206729 -0.030909 -0.351423 -0.059962 0.003680 -0.499075 0.063787 0.021654 -0.627890 0.148466 -0.038130 -0.433639 0.484645 -0.137904 -0.519067 0.523750 -0.185896 -0.589810 0.603031 -0.115053 -0.314872 0.490217 -0.241595 -0.406077 0.532564 -0.304840 -0.488711 0.620944 -0.181524 -0.189210 0.438530 -0.281390 -0.293197 0.485482 -0.335568 -0.375698 0.577820 -0.252080 -0.083298 0.356027 -0.302436 -0.186502 0.392145 -0.351564 -0.269478 0.454631 
0.000000 0.000000 0.000000 0.051980 -0.049024 -0.022772 -0.034212 -0.332365 0.282229 -0.129157 -0.208305 0.275798 -0.173034 -0.107394 0.239942 -0.195532 -0.025402 0.198729 -0.018256 -0.351188 -0.062896 0.018484 -0.495914 0.063658 0.037984 -0.624215 0.148777 -0.041944 -0.429010 0.487217 -0.141016 -0.519042 0.516562 -0.189884 -0.591265 0.593950 -0.120063 -0.315277 0.487810 -0.244646 -0.411135 0.525426 -0.307555 -0.495576 0.612325 -0.183930 -0.192554 0.433184 -0.282848 -0.299604 0.474975 -0.335903 -0.383854 0.566381 -0.256293 -0.089599 0.349636 -0.303405 -0.196012 0.380428 -0.350071 -0.280463 0.442825 
0.000000 0.000000 0.000000 0.052356 -0.048465 -0.023105 -0.032639 -0.335189 0.279058 -0.128391 -0.211706 0.273558 -0.172857 -0.110759 0.238535 -0.195806 -0.028539 0.198032 -0.017220 -0.350557 -0.064890 0.020266 -0.495065 0.061693 0.040421 -0.623241 0.146850 -0.046793 -0.435115 0.482121 -0.143596 -0.527496 0.511732 -0.192803 -0.600957 0.587728 -0.121678 -0.326453 0.481554 -0.246777 -0.421937 0.518395 -0.309439 -0.508018 0.603853 -0.194075 -0.195981 0.430891 -0.287570 -0.309746 0.467042 -0.339699 -0.395791 0.557302 -0.267095 -0.100455 0.340623 -0.307392 -0.208100 0.376400 -0.351981 -0.294178 0.438088 
0.000000 0.000000 0.000000 0.054871 -0.046638 -0.020929 -0.028731 -0.333539 0.281454 -0.128886 -0.213877 0.271629 -0.176023 -0.115045 0.234151 -0.200782 -0.034154 0.192071 -0.010412 -0.349234 -0.065872 0.024979 -0.496685 0.057889 0.045179 -0.625113 0.142653 -0.052122 -0.437504 0.481615 -0.149814 -0.530675 0.505230 -0.200587 -0.605038 0.579293 -0.135060 -0.332742 0.477317 -0.260008 -0.430935 0.506826 -0.323928 -0.518856 0.589430 -0.203100 -0.204045 0.424045 -0.292655 -0.320450 0.461734 -0.345013 -0.408456 0.549948 -0.276354 -0.104715 0.333125 -0.314412 -0.212919 0.369659 -0.358502 -0.300138 0.430092 
0.000000 0.000000 0.000000 0.055558 -0.045955 -0.020622 -0.028731 -0.335823 0.278726 -0.129925 -0.217062 0.268590 -0.177584 -0.118422 0.231271 -0.202642 -0.037470 0.189482 -0.005367 -0.348826 -0.069650 0.031732 -0.493133 0.057277 0.052272 -0.621602 0.141898 -0.057256 -0.439570 0.478333 -0.153626 -0.535151 0.497283 -0.205661 -0.610748 0.569190 -0.127722 -0.337643 0.473358 -0.255004 -0.433851 0.499204 -0.319250 -0.522942 0.580288 -0.214169 -0.202114 0.421983 -0.297672 -0.325982 0.447956 -0.350503 -0.415781 0.534056 -0.278324 -0.112235 0.328294 -0.315390 -0.221979 0.361058 -0.359178 -0.310715 0.419469 
0.000000 0.000000 0.000000 0.055964 -0.045590 -0.020333 -0.029051 -0.336830 0.277474 -0.130807 -0.218588 0.266920 -0.178712 -0.120092 0.229535 -0.203886 -0.039149 0.187800 0.000563 -0.349357 -0.070361 0.036156 -0.494605 0.055921 0.056365 -0.623228 0.140388 -0.051741 -0.453647 0.470500 -0.152776 -0.543313 0.493609 -0.205804 -0.620104 0.563497 -0.135409 -0.346021 0.467454 -0.263569 -0.441579 0.491294 -0.328782 -0.531772 0.570363 -0.205185 -0.213621 0.417325 -0.298051 -0.331541 0.438807 -0.350893 -0.422571 0.523596 -0.280275 -0.117047 0.324485 -0.315861 -0.228428 0.353107 -0.359564 -0.317992 0.410304 
0.000000 0.000000 0.000000 0.055080 -0.046267 -0.021201 -0.032193 -0.338950 0.274530 -0.132154 -0.219034 0.265888 -0.178793 -0.119450 0.229807 -0.203013 -0.037730 0.189033 0.000843 -0.349740 -0.074194 0.034776 -0.493747 0.053954 0.053548 -0.622357 0.138771 -0.056277 -0.447984 0.471892 -0.155876 -0.540026 0.491653 -0.210128 -0.616523 0.560921 -0.133917 -0.346087 0.466709 -0.262478 -0.440762 0.491872 -0.328247 -0.530649 0.570829 -0.201524 -0.221561 0.413574 -0.301030 -0.333834 0.435571 -0.354444 -0.425072 0.519777 -0.281226 -0.111692 0.326868 -0.313258 -0.225611 0.348953 -0.356899 -0.315332 0.405950 
0.000000 0.000000 0.000000 0.055261 -0.046029 -0.021246 -0.030593 -0.339145 0.274472 -0.131065 -0.219650 0.265920 -0.178145 -0.120254 0.229891 -0.202734 -0.038628 0.189150 -0.002815 -0.348837 -0.073978 0.030523 -0.492382 0.054842 0.048465 -0.620838 0.140070 -0.069247 -0.445326 0.471072 -0.165110 -0.542122 0.486003 -0.220953 -0.619177 0.553361 -0.132947 -0.352234 0.463131 -0.264489 -0.443534 0.485165 -0.330568 -0.534025 0.563167 -0.205311 -0.217642 0.415609 -0.299965 -0.334543 0.434723 -0.353272 -0.426238 0.518499 -0.282487 -0.114083 0.325284 -0.312634 -0.228812 0.345773 -0.355948 -0.319203 0.401956 
0.000000 0.000000 0.000000 0.055311 -0.045813 -0.021582 -0.028440 -0.339875 0.273800 -0.129304 -0.220663 0.265943 -0.176831 -0.121326 0.230341 -0.201834 -0.039679 0.189894 -0.002818 -0.348426 -0.075362 0.029900 -0.490297 0.055457 0.046944 -0.618585 0.141122 -0.066080 -0.453068 0.466649 -0.166693 -0.545728 0.475206 -0.224058 -0.623531 0.540390 -0.138113 -0.354761 0.461939 -0.271594 -0.444996 0.474790 -0.338805 -0.536205 0.550968 -0.207262 -0.211102 0.419360 -0.290122 -0.337438 0.432179 -0.339264 -0.430527 0.516958 -0.285400 -0.116661 0.322848 -0.312027 -0.231611 0.346700 -0.353942 -0.322820 0.402620 
0.000000 0.000000 0.000000 0.056784 -0.044530 -0.020408 -0.022597 -0.337515 0.277243 -0.126534 -0.221171 0.266852 -0.176284 -0.123552 0.229576 -0.202985 -0.043058 0.187920 -0.009305 -0.345977 -0.071481 0.023085 -0.489156 0.057987 0.039912 -0.616954 0.144424 -0.068860 -0.448267 0.469633 -0.166741 -0.543966 0.476180 -0.225190 -0.621921 0.540211 -0.137818 -0.356024 0.462202 -0.269472 -0.448604 0.477057 -0.336426 -0.540315 0.552857 -0.197963 -0.213735 0.419604 -0.281577 -0.338775 0.438692 -0.328097 -0.431925 0.524872 -0.274063 -0.118542 0.328762 -0.302761 -0.233155 0.351818 -0.341791 -0.324895 0.408946 
0.000000 0.000000 0.000000 0.057393 -0.043732 -0.020433 -0.015514 -0.335957 0.279612 -0.121403 -0.221402 0.269035 -0.172954 -0.124865 0.231391 -0.201203 -0.045102 0.189352 -0.001659 -0.346766 -0.070729 0.029034 -0.487402 0.061901 0.045341 -0.613603 0.150751 -0.061449 -0.449051 0.470714 -0.160399 -0.543829 0.473543 -0.219224 -0.622448 0.536407 -0.129773 -0.357356 0.463768 -0.261371 -0.450201 0.477424 -0.327362 -0.542830 0.552952 -0.216717 -0.204097 0.422495 -0.277614 -0.342127 0.437667 -0.322397 -0.435213 0.524830 -0.282771 -0.122776 0.323142 -0.300246 -0.239136 0.348567 -0.337047 -0.330920 0.407086 
0.000000 0.000000 0.000000 0.058759 -0.042436 -0.019248 -0.009140 -0.332223 0.284314 -0.117993 -0.220768 0.271066 -0.171775 -0.126223 0.231533 -0.201764 -0.047871 0.188071 0.006372 -0.346561 -0.070331 0.036146 -0.483674 0.066141 0.052461 -0.607777 0.157898 -0.050953 -0.449652 0.473740 -0.151110 -0.543051 0.478962 -0.209867 -0.622488 0.540855 -0.120673 -0.364697 0.460147 -0.256514 -0.450968 0.475282 -0.322209 -0.543947 0.550638 -0.205596 -0.214692 0.420591 -0.275689 -0.348347 0.435229 -0.319074 -0.441455 0.523073 -0.285914 -0.124790 0.320693 -0.295263 -0.242393 0.344636 -0.329951 -0.334210 0.404382 
0.000000 0.000000 0.000000 0.059143 -0.041782 -0.019501 -0.004573 -0.332606 0.283977 -0.114662 -0.222311 0.271234 -0.169594 -0.128307 0.231995 -0.200576 -0.050235 0.188725 0.003717 -0.345470 -0.069976 0.034527 -0.476198 0.072404 0.050211 -0.598793 0.166273 -0.053799 -0.445812 0.474190 -0.149112 -0.544286 0.474851 -0.207389 -0.624504 0.536186 -0.122447 -0.364435 0.461535 -0.255325 -0.455347 0.475783 -0.320057 -0.549016 0.551117 -0.242247 -0.204235 0.415489 -0.269757 -0.351986 0.435579 -0.312575 -0.445174 0.523617 -0.288679 -0.129880 0.317102 -0.294558 -0.246616 0.345903 -0.327538 -0.339243 0.405365 
0.000000 0.000000 0.000000 0.060275 -0.040563 -0.018587 0.000260 -0.330357 0.286626 -0.112199 -0.222730 0.271920 -0.168883 -0.130329 0.231385 -0.201220 -0.053337 0.187182 0.005903 -0.345287 -0.063682 0.034638 -0.477686 0.077584 0.049745 -0.599389 0.172699 -0.044069 -0.454868 0.470887 -0.143896 -0.548711 0.474031 -0.202076 -0.629849 0.534239 -0.122749 -0.358141 0.466924 -0.252700 -0.453908 0.475033 -0.316341 -0.547966 0.550811 -0.218129 -0.210359 0.420815 -0.265082 -0.353926 0.434032 -0.305755 -0.447110 0.523085 -0.285928 -0.128686 0.320348 -0.291532 -0.246123 0.346203 -0.323553 -0.338704 0.406257 
0.000000 0.000000 0.000000 0.062310 -0.038364 -0.016417 0.007453 -0.324283 0.293386 -0.109007 -0.221777 0.273989 -0.168539 -0.132658 0.230310 -0.203028 -0.057984 0.183817 0.002455 -0.342482 -0.058561 0.032683 -0.470229 0.086622 0.048195 -0.589455 0.184762 -0.048392 -0.447789 0.475176 -0.144042 -0.545938 0.475104 -0.202428 -0.627502 0.534531 -0.117418 -0.362778 0.465097 -0.249304 -0.455912 0.472631 -0.312022 -0.550992 0.547900 -0.225896 -0.209579 0.418743 -0.261352 -0.355963 0.436220 -0.300870 -0.449231 0.525704 -0.286809 -0.131400 0.318639 -0.291929 -0.248756 0.344957 -0.322787 -0.341635 0.405160 
0.000000 0.000000 0.000000 0.061703 -0.038768 -0.017710 0.010218 -0.325659 0.291774 -0.105771 -0.222170 0.274936 -0.165386 -0.132397 0.232733 -0.200125 -0.057250 0.187199 0.001844 -0.343616 -0.054192 0.035286 -0.468947 0.092385 0.052820 -0.587013 0.191581 -0.044250 -0.449346 0.473859 -0.139197 -0.548155 0.475808 -0.197064 -0.629989 0.535371 -0.121646 -0.355009 0.471345 -0.248074 -0.455623 0.475513 -0.310265 -0.550483 0.551494 -0.254178 -0.210546 0.408011 -0.255929 -0.358149 0.442667 -0.294954 -0.451480 0.532302 -0.284439 -0.131235 0.321377 -0.285895 -0.249048 0.346061 -0.315854 -0.342042 0.406541 
0.000000 0.000000 0.000000 0.060303 -0.040019 -0.019644 0.010525 -0.328118 0.288995 -0.103468 -0.221889 0.276038 -0.162112 -0.130452 0.236110 -0.196321 -0.054174 0.192079 -0.001016 -0.345152 -0.050954 0.035045 -0.465574 0.099077 0.053465 -0.582138 0.199875 -0.030832 -0.455664 0.471866 -0.131349 -0.548808 0.473505 -0.188572 -0.630766 0.533518 -0.096185 -0.361512 0.468201 -0.231111 -0.449888 0.478654 -0.290398 -0.544313 0.557447 -0.222265 -0.202773 0.425491 -0.247033 -0.351529 0.441275 -0.284079 -0.443522 0.533105 -0.272516 -0.128953 0.330602 -0.272971 -0.247569 0.351130 -0.301232 -0.339982 0.413292 
0.000000 0.000000 0.000000 0.064014 -0.035725 -0.015804 0.024817 -0.315496 0.301889 -0.096599 -0.219322 0.280541 -0.160635 -0.134410 0.234897 -0.198969 -0.062781 0.186658 -0.010807 -0.338468 -0.040196 0.025296 -0.462725 0.106664 0.045268 -0.576439 0.210381 -0.051655 -0.441092 0.474509 -0.137596 -0.547813 0.471899 -0.194610 -0.629520 0.532450 -0.102111 -0.369897 0.464312 -0.241670 -0.450266 0.478041 -0.299482 -0.543947 0.558794 -0.278785 -0.217084 0.389555 -0.241563 -0.350653 0.450912 -0.277264 -0.442299 0.543619 -0.282935 -0.134668 0.322187 -0.279816 -0.251303 0.351816 -0.306034 -0.343946 0.414529 
0.000000 0.000000 0.000000 0.063261 -0.036344 -0.017349 0.027941 -0.317093 0.299936 -0.092854 -0.219517 0.281652 -0.156937 -0.133712 0.237777 -0.195529 -0.061457 0.190690 -0.009196 -0.339773 -0.040311 0.029445 -0.460521 0.108812 0.050659 -0.573364 0.213232 -0.028822 -0.451502 0.473523 -0.128627 -0.545416 0.472567 -0.184951 -0.627128 0.533756 -0.092049 -0.380044 0.456879 -0.236120 -0.449469 0.480297 -0.292973 -0.543130 0.561751 -0.287474 -0.235295 0.369515 -0.235647 -0.350503 0.453371 -0.270437 -0.442906 0.545671 -0.275452 -0.135342 0.327583 -0.267503 -0.253585 0.348714 -0.291923 -0.347484 0.410275 
0.000000 0.000000 0.000000 0.063220 -0.036105 -0.017987 0.032329 -0.316788 0.299817 -0.089036 -0.219702 0.282739 -0.153913 -0.134179 0.239485 -0.193281 -0.062108 0.192760 -0.018058 -0.337381 -0.039739 0.022933 -0.455283 0.111026 0.044295 -0.567619 0.215961 -0.022603 -0.455210 0.470820 -0.124497 -0.546859 0.470806 -0.180244 -0.628899 0.532082 -0.087804 -0.389238 0.449263 -0.236875 -0.442646 0.481667 -0.291322 -0.535583 0.565556 -0.281513 -0.233658 0.375631 -0.224155 -0.350513 0.453386 -0.256504 -0.443395 0.546093 -0.280940 -0.137047 0.324236 -0.267777 -0.254169 0.348745 -0.291586 -0.348461 0.409943 
0.000000 0.000000 0.000000 0.064267 -0.034763 -0.016886 0.038153 -0.310570 0.305583 -0.085537 -0.216973 0.285908 -0.152260 -0.133927 0.240680 -0.193107 -0.063724 0.192406 -0.014497 -0.336925 -0.035350 0.025068 -0.455109 0.115575 0.046838 -0.565532 0.222437 -0.007034 -0.459539 0.470466 -0.117890 -0.540033 0.474195 -0.173624 -0.622418 0.535020 -0.087945 -0.422223 0.405663 -0.225725 -0.432834 0.489500 -0.280088 -0.525575 0.573661 -0.277728 -0.231495 0.380150 -0.218012 -0.353007 0.448412 -0.250320 -0.447256 0.539743 -0.280910 -0.142688 0.321409 -0.266150 -0.259425 0.346821 -0.289273 -0.354169 0.407583 
0.000000 0.000000 0.000000 0.066012 -0.032157 -0.015238 0.048851 -0.300189 0.314309 -0.078809 -0.213038 0.290760 -0.148767 -0.134439 0.242571 -0.192247 -0.067537 0.191966 -0.022054 -0.331969 -0.029489 0.020056 -0.445748 0.124109 0.043273 -0.552776 0.234076 -0.030442 -0.426039 0.485466 -0.115181 -0.533550 0.478933 -0.172924 -0.615852 0.537969 -0.102729 -0.425926 0.393624 -0.224831 -0.427147 0.499522 -0.280405 -0.519599 0.583208 -0.282697 -0.230804 0.374822 -0.225966 -0.351559 0.446866 -0.260601 -0.446526 0.536586 -0.279081 -0.143998 0.323114 -0.266880 -0.260999 0.348671 -0.289928 -0.355925 0.409178 
0.000000 0.000000 0.000000 0.065831 -0.032268 -0.015776 0.052783 -0.297559 0.316169 -0.075183 -0.210634 0.293459 -0.145749 -0.132453 0.245478 -0.189866 -0.065983 0.194855 -0.018011 -0.333487 -0.024916 0.024199 -0.448192 0.127964 0.048318 -0.554778 0.238167 -0.014288 -0.425050 0.491291 -0.106185 -0.526707 0.489626 -0.164020 -0.608874 0.548760 -0.068954 -0.386544 0.453119 -0.218619 -0.430490 0.495474 -0.273411 -0.522614 0.580034 -0.280792 -0.236853 0.370289 -0.221194 -0.350327 0.451299 -0.255568 -0.445143 0.541279 -0.278526 -0.143431 0.324189 -0.259653 -0.259826 0.348427 -0.281774 -0.354302 0.409975 
0.000000 0.000000 0.000000 0.065740 -0.032271 -0.016149 0.052774 -0.300135 0.313727 -0.075062 -0.212786 0.291934 -0.145563 -0.134094 0.244697 -0.189641 -0.067142 0.194678 -0.023446 -0.331834 -0.028570 0.018920 -0.449746 0.121807 0.043041 -0.558075 0.230295 -0.016001 -0.424327 0.490550 -0.104868 -0.528560 0.486070 -0.162984 -0.611409 0.543965 -0.072308 -0.362394 0.476553 -0.214642 -0.438376 0.486159 -0.271439 -0.532111 0.567566 -0.282172 -0.240521 0.366043 -0.223211 -0.354254 0.447156 -0.259003 -0.449949 0.535640 -0.283560 -0.144275 0.320439 -0.264625 -0.260433 0.345742 -0.288101 -0.355262 0.406235 
0.000000 0.000000 0.000000 0.065180 -0.032861 -0.017195 0.054218 -0.301799 0.311878 -0.073037 -0.213108 0.292212 -0.143413 -0.133548 0.246260 -0.187525 -0.065978 0.197110 -0.014798 -0.334975 -0.030479 0.028760 -0.451042 0.120989 0.052927 -0.560591 0.228235 0.009850 -0.441288 0.485067 -0.094832 -0.529699 0.482374 -0.154552 -0.613294 0.537498 -0.076199 -0.339183 0.493631 -0.201978 -0.440597 0.489222 -0.263794 -0.537181 0.563315 -0.234528 -0.203700 0.423716 -0.231501 -0.354768 0.436362 -0.271546 -0.451120 0.522273 -0.272205 -0.143896 0.328808 -0.269162 -0.262705 0.347956 -0.297361 -0.358110 0.405452 
0.000000 0.000000 0.000000 0.066745 -0.029903 -0.016575 0.072356 -0.287308 0.321728 -0.059613 -0.206313 0.300031 -0.134459 -0.132304 0.251918 -0.182455 -0.068966 0.200810 -0.020764 -0.330124 -0.024061 0.020644 -0.449142 0.125709 0.044696 -0.557187 0.234497 0.007725 -0.422802 0.491682 -0.088600 -0.520277 0.493117 -0.153494 -0.605010 0.540045 -0.075508 -0.312658 0.511957 -0.188274 -0.428161 0.503736 -0.258741 -0.528142 0.564378 -0.202008 -0.196168 0.441845 -0.246358 -0.341001 0.448734 -0.295451 -0.439962 0.526610 -0.262243 -0.131194 0.343457 -0.277516 -0.248794 0.364151 -0.310298 -0.344656 0.418362 
0.000000 0.000000 0.000000 0.067087 -0.028962 -0.016865 0.090174 -0.265747 0.335466 -0.044706 -0.189866 0.313192 -0.123078 -0.120926 0.263201 -0.174396 -0.062064 0.210012 -0.011634 -0.331698 -0.016527 0.024674 -0.441161 0.141621 0.045483 -0.542842 0.257011 0.029941 -0.397791 0.509697 -0.069347 -0.492252 0.508686 -0.139323 -0.576354 0.548980 -0.068547 -0.283632 0.530250 -0.181152 -0.399139 0.520110 -0.260066 -0.498355 0.570784 -0.170137 -0.186181 0.458754 -0.239960 -0.320774 0.459148 -0.296852 -0.421342 0.529274 -0.252728 -0.114673 0.357263 -0.268663 -0.233567 0.367345 -0.303762 -0.329452 0.420044 
0.000000 0.000000 0.000000 0.067246 -0.028202 -0.017509 0.116905 -0.228078 0.354406 -0.021759 -0.159377 0.332058 -0.105126 -0.098407 0.279841 -0.161258 -0.046861 0.223989 -0.002505 -0.331602 0.012976 0.023382 -0.427107 0.181854 0.038284 -0.515849 0.308305 0.065545 -0.344418 0.542149 -0.033813 -0.438427 0.550657 -0.108564 -0.520203 0.586964 -0.041841 -0.236055 0.556093 -0.155767 -0.350689 0.553959 -0.242422 -0.448339 0.593891 -0.140479 -0.149683 0.481917 -0.222409 -0.276802 0.492828 -0.287871 -0.377402 0.554976 -0.234931 -0.084797 0.378000 -0.266207 -0.200260 0.391471 -0.307187 -0.297243 0.437494 
0.000000 0.000000 0.000000 0.066182 -0.029534 -0.019277 0.146550 -0.185616 0.367913 0.005555 -0.120862 0.348567 -0.082412 -0.066787 0.296301 -0.143349 -0.022298 0.239426 0.013599 -0.330556 0.047555 0.019692 -0.410556 0.226088 0.022752 -0.480775 0.364460 0.096796 -0.283575 0.566278 -0.002491 -0.375169 0.589402 -0.084654 -0.453246 0.616721 -0.008666 -0.170246 0.580587 -0.124276 -0.283174 0.583076 -0.220771 -0.378981 0.595284 -0.103270 -0.096189 0.504661 -0.195336 -0.215325 0.522590 -0.273367 -0.316637 0.566351 -0.195136 -0.039310 0.405604 -0.239377 -0.150337 0.419992 -0.284690 -0.250941 0.452067 
0.000000 0.000000 0.000000 0.063557 -0.033577 -0.021377 0.171495 -0.153154 0.372053 0.031148 -0.085791 0.357501 -0.059377 -0.034155 0.307171 -0.123607 0.006555 0.251096 0.025512 -0.328377 0.076046 0.013650 -0.383422 0.263504 0.003848 -0.430651 0.411017 0.124737 -0.224354 0.582207 0.022475 -0.312072 0.607309 -0.065874 -0.386741 0.621876 0.027376 -0.110810 0.593794 -0.090633 -0.221257 0.594134 -0.190099 -0.312429 0.573315 -0.062277 -0.044735 0.518342 -0.162279 -0.157410 0.535511 -0.251621 -0.257992 0.548518 -0.160107 0.002705 0.422091 -0.212035 -0.105880 0.424125 -0.261795 -0.209403 0.427307 
0.000000 0.000000 0.000000 0.063353 -0.033277 -0.022425 0.192868 -0.126337 0.371660 0.050241 -0.063341 0.360001 -0.043902 -0.017004 0.311175 -0.111769 0.018711 0.255986 0.016625 -0.315390 0.104361 0.001583 -0.363259 0.293552 -0.009757 -0.396902 0.444637 0.152741 -0.191220 0.585202 0.051039 -0.277606 0.616446 -0.038545 -0.351289 0.628224 0.059896 -0.067719 0.597408 -0.058291 -0.177644 0.605950 -0.155688 -0.265746 0.568652 -0.030200 -0.006891 0.521944 -0.132026 -0.116290 0.547517 -0.224371 -0.214936 0.544459 -0.138007 0.041186 0.427429 -0.196080 -0.064197 0.431057 -0.247704 -0.165657 0.415436 
0.000000 0.000000 0.000000 0.063094 -0.033002 -0.023534 0.213459 -0.099760 0.368475 0.068809 -0.040988 0.360170 -0.028733 0.000149 0.313402 -0.100053 0.030945 0.259621 0.021744 -0.307387 0.120860 0.005326 -0.346227 0.311996 -0.006386 -0.364883 0.465624 0.179028 -0.143733 0.588249 0.079134 -0.228930 0.627553 -0.009867 -0.303229 0.639866 0.090998 -0.025941 0.596297 -0.026008 -0.136333 0.612041 -0.118255 -0.221749 0.558807 -0.004788 0.034258 0.520711 -0.106287 -0.073636 0.553078 -0.196893 -0.171920 0.533107 -0.103183 0.062509 0.431610 -0.163293 -0.041722 0.435351 -0.214482 -0.138612 0.400782 
0.000000 0.000000 0.000000 0.063047 -0.033341 -0.023182 0.218825 -0.085334 0.368950 0.073633 -0.027940 0.360465 -0.024802 0.010837 0.313550 -0.097026 0.039225 0.259651 0.025378 -0.298189 0.138938 0.005955 -0.322986 0.332119 -0.008403 -0.329498 0.486516 0.189148 -0.118708 0.591268 0.093776 -0.202537 0.642833 0.006468 -0.278168 0.658662 0.108751 0.008716 0.592623 -0.006340 -0.103376 0.610338 -0.094305 -0.189792 0.551740 0.005737 0.060153 0.516895 -0.093962 -0.046689 0.557338 -0.181238 -0.145286 0.526847 -0.083819 0.081185 0.428917 -0.144884 -0.022524 0.431505 -0.195997 -0.114816 0.385977 
0.000000 0.000000 0.000000 0.063877 -0.032106 -0.022645 0.221345 -0.072636 0.370163 0.074689 -0.019235 0.360817 -0.024775 0.016062 0.313328 -0.097771 0.041530 0.259012 0.015160 -0.285305 0.154451 -0.013277 -0.306074 0.346990 -0.034021 -0.302259 0.500749 0.185379 -0.084912 0.593716 0.090047 -0.167626 0.647123 0.004840 -0.243879 0.669890 0.100733 0.027171 0.592426 -0.014382 -0.084154 0.614336 -0.099121 -0.172916 0.554505 0.001223 0.077114 0.514103 -0.098862 -0.028202 0.557490 -0.182132 -0.127616 0.519399 -0.079332 0.085445 0.427291 -0.143507 -0.016374 0.424881 -0.195785 -0.103796 0.371706 
0.000000 0.000000 0.000000 0.063470 -0.033604 -0.021591 0.216702 -0.071176 0.373182 0.071144 -0.015241 0.361723 -0.027229 0.021163 0.312821 -0.099262 0.047156 0.257477 0.022815 -0.288909 0.154513 -0.015380 -0.296743 0.346322 -0.045106 -0.282157 0.497948 0.191134 -0.071653 0.598495 0.096337 -0.157300 0.648096 0.014185 -0.232410 0.682773 0.096782 0.044001 0.590431 -0.016434 -0.067596 0.619637 -0.099911 -0.160859 0.565112 -0.002376 0.083375 0.513384 -0.100901 -0.023428 0.556706 -0.182585 -0.124265 0.518923 -0.081911 0.085555 0.427215 -0.146732 -0.015526 0.418707 -0.200218 -0.102073 0.365303 
0.000000 0.000000 0.000000 0.063575 -0.034039 -0.020579 0.208042 -0.076957 0.376944 0.063324 -0.019438 0.362973 -0.033626 0.018433 0.312371 -0.104210 0.045688 0.255781 0.020742 -0.279030 0.169133 -0.034949 -0.287286 0.356594 -0.080225 -0.260121 0.502536 0.172697 -0.074360 0.600917 0.084727 -0.153408 0.670162 0.008301 -0.223223 0.723809 0.090194 0.045835 0.589891 -0.018825 -0.063399 0.637924 -0.106260 -0.162634 0.604058 -0.005010 0.088629 0.509773 -0.097890 -0.012139 0.574658 -0.181137 -0.116624 0.554144 -0.083552 0.085661 0.424783 -0.150373 -0.013959 0.434890 -0.208455 -0.103311 0.391928 