38
0.000000 0.000000 0.000000 -0.017768 -0.055549 -0.047143 -0.200035 -0.280863 0.269058 -0.154994 -0.153072 0.297797 -0.113438 -0.062209 0.286894 -0.077306 0.010606 0.268854 -0.296435 -0.141616 0.065921 -0.470806 -0.195472 0.136669 -0.568384 -0.161783 0.252559 -0.395721 -0.260244 0.381762 -0.507053 -0.181669 0.367159 -0.585043 -0.103513 0.329711 -0.364583 -0.149191 0.409743 -0.500610 -0.063378 0.393696 -0.545314 0.036516 0.312075 -0.291260 -0.058048 0.401242 -0.424352 0.003343 0.362404 -0.423797 0.060524 0.239938 -0.241877 0.034147 0.323153 -0.359730 0.056243 0.333819 -0.364764 0.078190 0.221142 
0.000000 0.000000 0.000000 -0.012848 -0.055777 -0.048453 -0.175680 -0.303055 0.261887 -0.141827 -0.172561 0.293675 -0.108204 -0.078243 0.284985 -0.078423 -0.002204 0.268730 -0.285394 -0.164652 0.059766 -0.455935 -0.232779 0.127482 -0.559259 -0.214234 0.241793 -0.372836 -0.292491 0.373412 -0.490683 -0.222841 0.366854 -0.572960 -0.147975 0.331943 -0.348180 -0.182396 0.411133 -0.486480 -0.099978 0.396821 -0.538829 -0.000203 0.319725 -0.282073 -0.085973 0.405082 -0.417913 -0.027875 0.370983 -0.421515 0.033547 0.250640 -0.240438 0.015521 0.332160 -0.358736 0.037485 0.335970 -0.365301 0.062511 0.224016 
0.000000 0.000000 0.000000 -0.013475 -0.053800 -0.050477 -0.161000 -0.317896 0.253597 -0.128481 -0.188306 0.290122 -0.096914 -0.093044 0.284599 -0.069110 -0.015777 0.270825 -0.272591 -0.193576 0.055202 -0.434729 -0.281038 0.121329 -0.540660 -0.277681 0.234705 -0.353943 -0.329885 0.372127 -0.472508 -0.261850 0.362344 -0.557725 -0.189382 0.329488 -0.333328 -0.219824 0.406392 -0.478093 -0.148510 0.397332 -0.535778 -0.048727 0.324155 -0.267732 -0.119954 0.406299 -0.407639 -0.070807 0.374655 -0.415454 -0.005125 0.256787 -0.227273 -0.015060 0.345458 -0.346669 0.000148 0.343317 -0.357177 0.029196 0.232642 
0.000000 0.000000 0.000000 -0.009372 -0.053663 -0.051540 -0.135460 -0.334388 0.247236 -0.112985 -0.203426 0.286338 -0.088887 -0.105917 0.282713 -0.067165 -0.026472 0.270479 -0.263848 -0.201671 0.054206 -0.423082 -0.294285 0.120375 -0.528791 -0.302060 0.233742 -0.328686 -0.354263 0.364236 -0.451309 -0.293196 0.360178 -0.538676 -0.222732 0.328636 -0.315704 -0.242667 0.403980 -0.461449 -0.173313 0.395439 -0.523280 -0.073978 0.325091 -0.252982 -0.143467 0.410685 -0.394240 -0.096675 0.381573 -0.406103 -0.028261 0.265613 -0.218934 -0.036359 0.356821 -0.338534 -0.023349 0.352584 -0.353429 0.009516 0.243491 
0.000000 0.000000 0.000000 -0.009868 -0.052074 -0.053055 -0.119389 -0.345828 0.239666 -0.098616 -0.215781 0.282579 -0.076891 -0.117654 0.281587 -0.057417 -0.037337 0.271441 -0.253250 -0.216752 0.054149 -0.405543 -0.319798 0.121229 -0.508305 -0.336264 0.236362 -0.307382 -0.378505 0.362185 -0.429404 -0.316419 0.356016 -0.518025 -0.246751 0.326254 -0.296552 -0.269014 0.402836 -0.443435 -0.202064 0.394592 -0.507820 -0.102598 0.326767 -0.238354 -0.166232 0.409194 -0.380755 -0.123248 0.379776 -0.396535 -0.051765 0.266158 -0.205742 -0.057379 0.361907 -0.325913 -0.050431 0.363309 -0.346598 -0.014587 0.256115 
0.000000 0.000000 0.000000 -0.008166 -0.050618 -0.054727 -0.097025 -0.359777 0.228992 -0.082159 -0.230417 0.276216 -0.065519 -0.131320 0.278404 -0.050382 -0.049793 0.270838 -0.248489 -0.219810 0.052349 -0.398867 -0.325680 0.119351 -0.497713 -0.349891 0.236527 -0.282492 -0.398647 0.353537 -0.403799 -0.335113 0.348058 -0.493254 -0.265217 0.321495 -0.276991 -0.287007 0.399961 -0.422535 -0.217146 0.392153 -0.489183 -0.116977 0.327628 -0.219471 -0.186777 0.412333 -0.361098 -0.140497 0.384214 -0.380882 -0.065423 0.273577 -0.187317 -0.077687 0.375991 -0.307175 -0.067664 0.371008 -0.335097 -0.028678 0.266588 
0.000000 0.000000 0.000000 -0.010628 -0.048560 -0.056151 -0.079909 -0.369705 0.219597 -0.063920 -0.242087 0.271008 -0.048329 -0.142931 0.276190 -0.034581 -0.060972 0.271031 -0.238558 -0.236377 0.046895 -0.381004 -0.347417 0.122331 -0.473949 -0.379135 0.242506 -0.258895 -0.419738 0.349523 -0.380115 -0.355935 0.345395 -0.471083 -0.286785 0.322240 -0.250324 -0.315206 0.398998 -0.397231 -0.247954 0.394506 -0.466907 -0.147180 0.334264 -0.197433 -0.207549 0.411492 -0.341875 -0.166409 0.390637 -0.366265 -0.088377 0.283007 -0.160781 -0.103814 0.384275 -0.281006 -0.103947 0.390386 -0.318336 -0.062993 0.289726 
0.000000 0.000000 0.000000 -0.006526 -0.048261 -0.057027 -0.050098 -0.378796 0.212824 -0.044639 -0.251230 0.266511 -0.037164 -0.151243 0.273479 -0.030107 -0.068359 0.269799 -0.227457 -0.240116 0.053551 -0.365701 -0.360166 0.122744 -0.453662 -0.398577 0.244705 -0.228221 -0.432584 0.342436 -0.352487 -0.374859 0.345226 -0.444779 -0.306811 0.324136 -0.230805 -0.327934 0.392739 -0.379209 -0.263928 0.390767 -0.452393 -0.163839 0.333620 -0.175100 -0.227732 0.414322 -0.319292 -0.186776 0.391477 -0.349312 -0.107037 0.286556 -0.147592 -0.117291 0.389755 -0.267441 -0.121130 0.400376 -0.312292 -0.080630 0.302646 
0.000000 0.000000 0.000000 -0.005307 -0.047665 -0.057652 -0.029825 -0.383724 0.207742 -0.029150 -0.256841 0.263288 -0.025996 -0.156732 0.271671 -0.022676 -0.073572 0.269154 -0.216945 -0.249256 0.053779 -0.349374 -0.375398 0.123506 -0.432755 -0.419447 0.246771 -0.208277 -0.442176 0.334858 -0.334495 -0.389278 0.342120 -0.427296 -0.321573 0.322193 -0.210818 -0.338314 0.393031 -0.358718 -0.273151 0.391062 -0.434691 -0.173867 0.336199 -0.163379 -0.236745 0.411091 -0.309844 -0.201380 0.394119 -0.344062 -0.120912 0.291055 -0.132971 -0.129539 0.392803 -0.252679 -0.136850 0.403191 -0.304080 -0.097158 0.308399 
0.000000 0.000000 0.000000 -0.006947 -0.046612 -0.058335 -0.015238 -0.388137 0.201017 -0.014235 -0.262367 0.259033 -0.012293 -0.162403 0.269296 -0.010371 -0.079166 0.268321 -0.208961 -0.255001 0.058330 -0.335368 -0.385398 0.131331 -0.413784 -0.434443 0.255960 -0.184205 -0.451229 0.338457 -0.307693 -0.391933 0.342554 -0.401080 -0.324400 0.324914 -0.189048 -0.350981 0.393430 -0.336821 -0.285503 0.394102 -0.414766 -0.186111 0.342283 -0.141465 -0.246189 0.414238 -0.287342 -0.208156 0.397990 -0.325457 -0.126864 0.296961 -0.111018 -0.139516 0.397992 -0.229859 -0.149691 0.414257 -0.287233 -0.110288 0.322831 
0.000000 0.000000 0.000000 -0.004751 -0.046392 -0.058729 0.007632 -0.390202 0.197419 0.002064 -0.265104 0.256618 -0.001461 -0.165284 0.267816 -0.004157 -0.082063 0.267618 -0.201506 -0.256756 0.063257 -0.324622 -0.388388 0.139589 -0.397531 -0.441180 0.266018 -0.159607 -0.458051 0.334706 -0.285006 -0.403870 0.345729 -0.377900 -0.335404 0.329108 -0.166491 -0.356493 0.397016 -0.312873 -0.287959 0.397046 -0.389723 -0.188130 0.344439 -0.123778 -0.254098 0.415681 -0.270718 -0.218440 0.404360 -0.310155 -0.136085 0.304709 -0.101798 -0.143711 0.398965 -0.218828 -0.157285 0.423687 -0.280254 -0.118123 0.334825 
0.000000 0.000000 0.000000 -0.004569 -0.046375 -0.058757 0.023127 -0.390265 0.196084 0.015073 -0.265523 0.255749 0.008834 -0.165877 0.267307 0.003683 -0.082772 0.267407 -0.194153 -0.260987 0.067124 -0.312781 -0.395277 0.145893 -0.380854 -0.450696 0.273883 -0.141663 -0.455567 0.337505 -0.266460 -0.400051 0.348714 -0.358204 -0.330417 0.330623 -0.152944 -0.356799 0.396864 -0.301786 -0.293997 0.402011 -0.375692 -0.193425 0.346671 -0.105935 -0.256744 0.419901 -0.250533 -0.214877 0.401745 -0.291462 -0.132970 0.302326 -0.087279 -0.149290 0.401151 -0.202600 -0.167239 0.430649 -0.267033 -0.128314 0.343836 
0.000000 0.000000 0.000000 -0.008861 -0.046715 -0.057992 0.029513 -0.389172 0.197395 0.026970 -0.263905 0.256445 0.022906 -0.164098 0.267570 0.018979 -0.080926 0.267324 -0.187600 -0.266722 0.074279 -0.299444 -0.404387 0.157046 -0.362711 -0.460558 0.287158 -0.124036 -0.460733 0.348132 -0.246056 -0.398590 0.353737 -0.336810 -0.327973 0.334499 -0.133310 -0.356023 0.405773 -0.280168 -0.288543 0.407684 -0.353077 -0.188723 0.349722 -0.086197 -0.254078 0.424776 -0.231430 -0.213183 0.409748 -0.273656 -0.132739 0.309680 -0.067728 -0.150763 0.402198 -0.182647 -0.170962 0.431811 -0.249732 -0.133020 0.346587 
0.000000 0.000000 0.000000 -0.005245 -0.048071 -0.057320 0.051713 -0.383440 0.203937 0.040621 -0.257687 0.260931 0.030156 -0.158175 0.270403 0.021004 -0.075431 0.268775 -0.177460 -0.270035 0.080230 -0.285221 -0.408926 0.166301 -0.343734 -0.465419 0.298481 -0.106519 -0.451399 0.351464 -0.232398 -0.399433 0.366827 -0.322861 -0.328909 0.345949 -0.118759 -0.351732 0.410022 -0.267511 -0.288521 0.411317 -0.340714 -0.190442 0.350808 -0.077416 -0.246988 0.429318 -0.224394 -0.211632 0.417554 -0.268892 -0.134010 0.316249 -0.059821 -0.144675 0.407552 -0.173605 -0.166356 0.440330 -0.242984 -0.130887 0.355881 
0.000000 0.000000 0.000000 -0.002537 -0.049291 -0.056461 0.066542 -0.376996 0.211510 0.049329 -0.250843 0.266048 0.034383 -0.151737 0.273569 0.021601 -0.069524 0.270316 -0.170336 -0.270261 0.087975 -0.275333 -0.408530 0.178355 -0.331079 -0.464692 0.311866 -0.095152 -0.434407 0.359764 -0.222637 -0.389305 0.382022 -0.314350 -0.320713 0.360185 -0.111123 -0.336230 0.419144 -0.261774 -0.277901 0.424321 -0.337520 -0.183233 0.361552 -0.067424 -0.237649 0.437789 -0.214195 -0.202018 0.424391 -0.262246 -0.127917 0.322077 -0.047332 -0.136142 0.416592 -0.163225 -0.154499 0.443483 -0.234567 -0.122694 0.359210 
0.000000 0.000000 0.000000 -0.005566 -0.051171 -0.054538 0.069179 -0.370492 0.221901 0.056121 -0.242251 0.272584 0.043018 -0.142707 0.277183 0.031385 -0.060453 0.271536 -0.163580 -0.271614 0.101291 -0.262455 -0.409553 0.198798 -0.315869 -0.464171 0.333894 -0.080151 -0.429352 0.382077 -0.207394 -0.383654 0.404503 -0.302304 -0.318892 0.384728 -0.092886 -0.325940 0.437713 -0.244196 -0.269650 0.445522 -0.325991 -0.180098 0.382838 -0.054089 -0.225583 0.445752 -0.203207 -0.198375 0.441995 -0.256889 -0.128923 0.339220 -0.036545 -0.122525 0.420259 -0.150596 -0.142787 0.453020 -0.224913 -0.115500 0.369740 
0.000000 0.000000 0.000000 -0.003944 -0.052918 -0.052991 0.078240 -0.361645 0.233199 0.061497 -0.232342 0.279951 0.045683 -0.133098 0.281503 0.031849 -0.051397 0.273341 -0.159267 -0.267660 0.113162 -0.256458 -0.402032 0.217129 -0.308174 -0.454286 0.353810 -0.072639 -0.410120 0.395389 -0.200036 -0.376570 0.433158 -0.299462 -0.317414 0.418729 -0.082467 -0.312119 0.451370 -0.235991 -0.265469 0.470828 -0.326466 -0.181588 0.412368 -0.045641 -0.207920 0.456933 -0.195317 -0.183945 0.460568 -0.256665 -0.120487 0.358208 -0.031715 -0.108077 0.426093 -0.143472 -0.129432 0.465408 -0.221925 -0.107335 0.384414 
0.000000 0.000000 0.000000 -0.004302 -0.055409 -0.050351 0.083550 -0.349648 0.249110 0.066604 -0.218358 0.289863 0.050187 -0.119244 0.286894 0.035735 -0.038106 0.275031 -0.156484 -0.264668 0.125426 -0.251710 -0.395608 0.235416 -0.302015 -0.447544 0.372744 -0.059429 -0.395088 0.419147 -0.185980 -0.363406 0.461134 -0.289814 -0.310704 0.455277 -0.062869 -0.296680 0.473103 -0.216271 -0.250615 0.494788 -0.317566 -0.174207 0.444386 -0.027360 -0.192023 0.469660 -0.177505 -0.171890 0.476150 -0.248782 -0.114729 0.376550 -0.026642 -0.089903 0.429991 -0.134974 -0.112948 0.477154 -0.219138 -0.096735 0.400624 
0.000000 0.000000 0.000000 -0.005659 -0.057429 -0.047894 0.089091 -0.339303 0.261202 0.073409 -0.206394 0.296900 0.057106 -0.107441 0.290244 0.042512 -0.026821 0.275399 -0.147452 -0.256338 0.147493 -0.236177 -0.380803 0.269753 -0.283216 -0.433203 0.408058 -0.047509 -0.381847 0.437130 -0.169549 -0.361094 0.495930 -0.276342 -0.314469 0.499730 -0.047762 -0.277594 0.488532 -0.200399 -0.240783 0.526890 -0.310043 -0.171061 0.484980 -0.016448 -0.168390 0.478894 -0.164855 -0.154300 0.506598 -0.243824 -0.103351 0.409458 -0.023451 -0.071446 0.431102 -0.120165 -0.096174 0.498379 -0.208974 -0.085047 0.426321 
0.000000 0.000000 0.000000 -0.006155 -0.059205 -0.045616 0.089892 -0.329316 0.273424 0.074844 -0.195086 0.304101 0.058785 -0.096409 0.293762 0.044325 -0.016372 0.275932 -0.142460 -0.246573 0.164528 -0.227751 -0.363815 0.296023 -0.272902 -0.416440 0.434871 -0.043368 -0.360196 0.454279 -0.162407 -0.340131 0.519158 -0.270591 -0.297895 0.529424 -0.036813 -0.256219 0.504774 -0.187362 -0.221376 0.552162 -0.302650 -0.157201 0.517098 -0.006394 -0.157964 0.485273 -0.154886 -0.147894 0.514244 -0.238470 -0.101036 0.418923 -0.019122 -0.056099 0.433991 -0.110264 -0.080343 0.508800 -0.202141 -0.073712 0.440113 
0.000000 0.000000 0.000000 -0.003031 -0.060772 -0.043835 0.092939 -0.317488 0.286102 0.072796 -0.182929 0.312050 0.053884 -0.085202 0.298133 0.037364 -0.006277 0.277373 -0.138885 -0.238674 0.174662 -0.223892 -0.349994 0.311384 -0.269093 -0.402385 0.450304 -0.047509 -0.339553 0.462758 -0.159692 -0.329067 0.540778 -0.269085 -0.291676 0.555889 -0.051944 -0.237983 0.506686 -0.197995 -0.218953 0.573255 -0.316636 -0.159197 0.541743 -0.015274 -0.136742 0.491199 -0.160121 -0.131241 0.535698 -0.246742 -0.089603 0.440666 -0.020687 -0.036467 0.439561 -0.112933 -0.056457 0.514275 -0.206295 -0.054887 0.447310 
0.000000 0.000000 0.000000 0.001951 -0.061606 -0.042718 0.100065 -0.306676 0.295342 0.071527 -0.173033 0.317932 0.047714 -0.076788 0.301452 0.027585 0.000704 0.278585 -0.136686 -0.225204 0.185014 -0.223436 -0.327573 0.327513 -0.269277 -0.379229 0.466499 -0.054656 -0.325790 0.460012 -0.148166 -0.337342 0.559534 -0.258033 -0.303277 0.578559 -0.043493 -0.229906 0.517957 -0.190265 -0.209689 0.582562 -0.311391 -0.153346 0.554399 -0.007530 -0.133185 0.497618 -0.153592 -0.132054 0.538306 -0.244692 -0.094315 0.445870 -0.050535 -0.031326 0.431744 -0.104307 -0.053373 0.537166 -0.198641 -0.056106 0.471617 
0.000000 0.000000 0.000000 0.001077 -0.062584 -0.041303 0.096229 -0.301180 0.302193 0.069517 -0.166684 0.321747 0.046985 -0.070527 0.303092 0.027877 0.006687 0.278477 -0.135228 -0.229735 0.185254 -0.220519 -0.334328 0.327018 -0.265444 -0.387815 0.465610 -0.057711 -0.316861 0.467955 -0.150748 -0.326338 0.568137 -0.260886 -0.293363 0.587511 -0.037812 -0.226182 0.525254 -0.184146 -0.206823 0.591104 -0.301791 -0.148426 0.553837 -0.011806 -0.119855 0.500130 -0.157150 -0.117768 0.543279 -0.248530 -0.082824 0.450023 -0.051934 -0.022293 0.431371 -0.120779 -0.043128 0.527898 -0.214818 -0.048326 0.462075 
0.000000 0.000000 0.000000 0.000973 -0.062978 -0.040702 0.096942 -0.298274 0.304836 0.070287 -0.163593 0.323163 0.047716 -0.067618 0.303640 0.028554 0.009358 0.278331 -0.131735 -0.225190 0.191509 -0.214774 -0.326692 0.336812 -0.257725 -0.380352 0.475962 -0.054362 -0.310153 0.473318 -0.145806 -0.317332 0.575143 -0.256109 -0.285723 0.595816 -0.039966 -0.219352 0.526165 -0.182293 -0.204765 0.601362 -0.297536 -0.145101 0.558952 -0.017561 -0.112672 0.499657 -0.160935 -0.111717 0.548992 -0.251018 -0.078096 0.454004 -0.040170 -0.018737 0.436679 -0.120611 -0.040224 0.523621 -0.214297 -0.045842 0.457330 
0.000000 0.000000 0.000000 0.002051 -0.063002 -0.040626 0.099125 -0.296640 0.305727 0.070569 -0.162309 0.323749 0.046834 -0.066663 0.303988 0.026796 0.010024 0.278483 -0.130046 -0.225291 0.191879 -0.212703 -0.326842 0.337366 -0.255082 -0.380793 0.476579 -0.048239 -0.310666 0.477503 -0.137302 -0.319143 0.581320 -0.247392 -0.289435 0.605626 -0.038352 -0.217759 0.527553 -0.181675 -0.200660 0.600289 -0.296110 -0.140210 0.556818 -0.014470 -0.111625 0.501305 -0.158896 -0.109297 0.547419 -0.249011 -0.075843 0.452403 -0.040635 -0.017615 0.437465 -0.123318 -0.039059 0.522289 -0.216692 -0.044907 0.455580 
0.000000 0.000000 0.000000 -0.000079 -0.063449 -0.039976 0.092279 -0.296290 0.308200 0.067830 -0.160992 0.324989 0.046810 -0.064893 0.304375 0.028886 0.012089 0.278192 -0.131110 -0.225268 0.193460 -0.213100 -0.326523 0.339529 -0.255634 -0.380229 0.478789 -0.055861 -0.309851 0.479345 -0.145393 -0.318047 0.582781 -0.254890 -0.288366 0.609660 -0.036461 -0.214335 0.531756 -0.179293 -0.193351 0.604442 -0.293779 -0.131827 0.562645 -0.012046 -0.109012 0.502625 -0.156338 -0.104640 0.549008 -0.246696 -0.070287 0.454544 -0.034834 -0.014161 0.438930 -0.120401 -0.034868 0.521033 -0.213885 -0.040499 0.454457 
0.000000 0.000000 0.000000 -0.001875 -0.064177 -0.038752 0.083341 -0.292858 0.313972 0.062804 -0.156612 0.328124 0.044598 -0.060358 0.305637 0.028938 0.016593 0.277954 -0.131296 -0.224476 0.196622 -0.212280 -0.324781 0.343903 -0.256007 -0.377899 0.483019 -0.061544 -0.305245 0.487970 -0.149108 -0.312732 0.593129 -0.257638 -0.282456 0.623090 -0.036897 -0.208861 0.537419 -0.177560 -0.185601 0.613559 -0.292780 -0.122499 0.576383 -0.009031 -0.099657 0.506369 -0.151041 -0.091081 0.558812 -0.243100 -0.055792 0.466358 -0.049299 -0.004256 0.432972 -0.108496 -0.018946 0.536756 -0.202957 -0.023873 0.471518 
0.000000 0.000000 0.000000 -0.003858 -0.065164 -0.036913 0.072898 -0.286309 0.322496 0.056769 -0.149118 0.332684 0.041768 -0.053007 0.307395 0.028699 0.023588 0.277473 -0.141536 -0.216334 0.199811 -0.227686 -0.310927 0.347938 -0.275507 -0.364116 0.485673 -0.073651 -0.301607 0.494860 -0.162222 -0.310853 0.599032 -0.269594 -0.279632 0.632043 -0.057410 -0.198502 0.535165 -0.183903 -0.194291 0.635696 -0.299852 -0.130553 0.602044 -0.020798 -0.091902 0.505603 -0.160382 -0.086527 0.564580 -0.254172 -0.051547 0.473762 -0.049097 0.005502 0.433059 -0.109753 -0.007335 0.536244 -0.205308 -0.011774 0.472583 
0.000000 0.000000 0.000000 -0.007869 -0.065530 -0.035607 0.057531 -0.283777 0.327797 0.049552 -0.145702 0.335340 0.040106 -0.049385 0.308219 0.031417 0.027251 0.276842 -0.151189 -0.205021 0.204909 -0.240870 -0.292306 0.355408 -0.294285 -0.347850 0.490124 -0.087004 -0.302178 0.501553 -0.174357 -0.313299 0.606567 -0.279964 -0.279162 0.642272 -0.054236 -0.199983 0.542115 -0.180622 -0.194241 0.642705 -0.299423 -0.131904 0.617412 -0.029338 -0.074182 0.506401 -0.160882 -0.065040 0.581258 -0.258043 -0.031572 0.493464 -0.049292 0.015020 0.431512 -0.104845 0.006601 0.537975 -0.201016 0.002408 0.475232 
0.000000 0.000000 0.000000 -0.009984 -0.065664 -0.034821 0.052078 -0.281722 0.330471 0.048043 -0.143404 0.336548 0.041099 -0.047157 0.308437 0.034323 0.029349 0.276282 -0.156331 -0.193761 0.210168 -0.247906 -0.273916 0.363467 -0.305358 -0.331392 0.495688 -0.095714 -0.317458 0.498699 -0.185036 -0.339056 0.600371 -0.289914 -0.307778 0.640561 -0.073390 -0.186130 0.536305 -0.155982 -0.215191 0.672168 -0.281282 -0.161844 0.662512 -0.032920 -0.074564 0.504610 -0.155258 -0.073674 0.594183 -0.259403 -0.042130 0.514015 -0.046787 0.019792 0.430930 -0.102617 0.013214 0.537377 -0.199797 0.007949 0.476292 
0.000000 0.000000 0.000000 -0.008495 -0.065786 -0.034984 0.054018 -0.281171 0.330628 0.047473 -0.142954 0.336820 0.039081 -0.046811 0.308752 0.031246 0.029604 0.276620 -0.156893 -0.190198 0.210670 -0.249751 -0.268047 0.364384 -0.309563 -0.327186 0.494814 -0.085782 -0.317491 0.505434 -0.170273 -0.339442 0.611082 -0.273630 -0.317784 0.660493 -0.048900 -0.186708 0.549593 -0.114448 -0.216467 0.694308 -0.243078 -0.171640 0.703478 -0.033459 -0.080798 0.504447 -0.139872 -0.092194 0.611859 -0.254607 -0.065501 0.545591 -0.047497 0.022454 0.432616 -0.101697 0.017533 0.539991 -0.200996 0.009507 0.482732 
0.000000 0.000000 0.000000 -0.003239 -0.065490 -0.036393 0.068023 -0.283399 0.326111 0.051651 -0.146136 0.334834 0.036988 -0.050263 0.308467 0.024340 0.026055 0.277669 -0.151904 -0.193011 0.207500 -0.244929 -0.272805 0.360111 -0.304186 -0.336924 0.488424 -0.059247 -0.344256 0.503647 -0.136165 -0.381036 0.610945 -0.234452 -0.377504 0.673558 -0.025698 -0.203116 0.552193 -0.078306 -0.241871 0.700027 -0.208806 -0.211036 0.725684 -0.052804 -0.090989 0.495530 -0.117191 -0.120192 0.629665 -0.243621 -0.103713 0.584812 -0.048616 0.006124 0.435360 -0.098832 -0.007594 0.543902 -0.204553 -0.020555 0.500796 
0.000000 0.000000 0.000000 0.001908 -0.065146 -0.037098 0.080315 -0.281860 0.324645 0.054579 -0.146111 0.334380 0.034040 -0.051145 0.308661 0.016915 0.024497 0.278361 -0.138694 -0.218086 0.196754 -0.226674 -0.313785 0.343083 -0.282050 -0.393253 0.464349 -0.022772 -0.363283 0.509479 -0.085075 -0.412492 0.621188 -0.177271 -0.425577 0.691344 -0.009865 -0.221084 0.550483 -0.053697 -0.272077 0.697463 -0.183646 -0.258167 0.736949 -0.043247 -0.109408 0.496666 -0.098667 -0.151187 0.631477 -0.233570 -0.154175 0.623704 -0.046033 -0.007445 0.438372 -0.089362 -0.029430 0.548511 -0.200391 -0.055580 0.534655 
0.000000 0.000000 0.000000 0.009949 -0.064051 -0.037715 0.098966 -0.276505 0.324100 0.058793 -0.144352 0.334430 0.029222 -0.051703 0.309062 0.005225 0.022154 0.279022 -0.106187 -0.252002 0.183720 -0.178856 -0.369609 0.322280 -0.223498 -0.469145 0.432672 0.031438 -0.376046 0.516328 -0.009375 -0.436206 0.632506 -0.089836 -0.467829 0.710730 0.010368 -0.234860 0.548761 -0.022567 -0.296418 0.694536 -0.144003 -0.306171 0.756159 -0.026727 -0.113882 0.503271 -0.066846 -0.158469 0.642531 -0.192267 -0.191439 0.680617 -0.033505 -0.018176 0.444731 -0.060165 -0.045935 0.558793 -0.162900 -0.091929 0.581884 
0.000000 0.000000 0.000000 0.024248 -0.060422 -0.037217 0.129276 -0.257773 0.328833 0.064194 -0.135779 0.337017 0.019218 -0.050014 0.310122 -0.016440 0.018426 0.278857 -0.069829 -0.281323 0.163279 -0.128695 -0.419549 0.288735 -0.157277 -0.534848 0.388616 0.081821 -0.363319 0.523841 0.053141 -0.427109 0.641699 -0.013976 -0.471802 0.725907 0.024546 -0.233660 0.549906 -0.002420 -0.300233 0.694701 -0.107158 -0.332785 0.776001 -0.016803 -0.121009 0.506019 -0.042633 -0.171917 0.646490 -0.140438 -0.230905 0.718758 -0.037472 -0.031365 0.445185 -0.051949 -0.065637 0.559671 -0.132436 -0.128932 0.611812 
0.000000 0.000000 0.000000 0.032614 -0.057815 -0.034895 0.132428 -0.242052 0.339358 0.055016 -0.127223 0.341943 0.003530 -0.046550 0.311234 -0.036673 0.017810 0.276964 -0.015117 -0.309423 0.144719 -0.044985 -0.466863 0.257110 -0.052422 -0.592794 0.347515 0.096167 -0.352785 0.533892 0.074251 -0.419708 0.651463 0.016922 -0.474294 0.737060 0.022402 -0.226589 0.555337 0.000220 -0.294172 0.700475 -0.087668 -0.344164 0.792212 -0.020829 -0.132438 0.502920 -0.038296 -0.194026 0.640371 -0.106870 -0.268960 0.729536 -0.048085 -0.035732 0.443064 -0.055940 -0.072586 0.557394 -0.111047 -0.145018 0.627536 
0.000000 0.000000 0.000000 0.047793 -0.049185 -0.030341 0.136761 -0.217158 0.354160 0.037721 -0.120619 0.346649 -0.025067 -0.051507 0.309459 -0.073119 0.004017 0.270201 0.015219 -0.312176 0.135854 0.041143 -0.471304 0.246838 0.060152 -0.597813 0.334707 0.097778 -0.329317 0.547345 0.074217 -0.397103 0.664102 0.025442 -0.458562 0.750339 0.008259 -0.229511 0.555812 -0.011779 -0.303573 0.698071 -0.087032 -0.367826 0.792134 -0.046609 -0.131104 0.504174 -0.062056 -0.188179 0.643797 -0.109278 -0.269798 0.740629 -0.084772 -0.043276 0.438171 -0.092793 -0.075828 0.553788 -0.127334 -0.150244 0.634239 
0.000000 0.000000 0.000000 0.057113 -0.041107 -0.025926 0.135467 -0.199390 0.364942 0.024199 -0.118540 0.348568 -0.044625 -0.059007 0.305897 -0.096725 -0.010692 0.262490 0.064061 -0.305618 0.140904 0.088963 -0.466265 0.249915 0.122968 -0.588919 0.338721 0.091413 -0.308818 0.558604 0.064789 -0.374954 0.675648 0.018994 -0.440171 0.760752 -0.012806 -0.236065 0.551775 -0.037975 -0.315998 0.689984 -0.108872 -0.389557 0.780549 -0.072367 -0.142181 0.498319 -0.092260 -0.201822 0.636297 -0.130693 -0.287195 0.733778 -0.116296 -0.060851 0.428885 -0.129767 -0.095377 0.543418 -0.154385 -0.168967 0.628162 