68
0.000000 0.000000 0.000000 -0.044097 -0.033683 -0.050446 -0.387873 0.015697 0.201491 -0.269114 0.073065 0.241613 -0.165786 0.104497 0.246255 -0.076190 0.124722 0.238769 -0.310678 0.125492 -0.012450 -0.477488 0.225093 0.011326 -0.614445 0.293948 0.035590 -0.535183 0.188044 0.205538 -0.624213 0.292206 0.207983 -0.625143 0.369721 0.120899 -0.394021 0.262131 0.170013 -0.478976 0.390722 0.121315 -0.452594 0.454897 0.003736 -0.272444 0.264943 0.159106 -0.348924 0.379992 0.096614 -0.303596 0.402332 -0.028743 -0.180543 0.243973 0.164771 -0.252372 0.326056 0.113836 -0.222055 0.289546 0.009190 
0.000000 0.000000 0.000000 -0.046778 -0.032291 -0.048919 -0.383116 0.043795 0.206384 -0.260581 0.095036 0.243317 -0.155523 0.120400 0.245688 -0.065019 0.135084 0.236424 -0.307952 0.135494 -0.010415 -0.471377 0.240483 0.013678 -0.604801 0.315517 0.039266 -0.524064 0.221401 0.209559 -0.609248 0.328742 0.211478 -0.606630 0.402454 0.121185 -0.377294 0.286031 0.163483 -0.456675 0.415934 0.109185 -0.428160 0.474496 -0.010801 -0.254730 0.281313 0.150933 -0.325867 0.396698 0.082987 -0.276123 0.402341 -0.042559 -0.164151 0.256467 0.158803 -0.232386 0.340019 0.105375 -0.201867 0.293910 0.004650 
0.000000 0.000000 0.000000 -0.048541 -0.032344 -0.047133 -0.377598 0.058263 0.212875 -0.253132 0.107394 0.246024 -0.147471 0.130234 0.245638 -0.056853 0.142466 0.234184 -0.303502 0.143542 -0.003487 -0.463041 0.253600 0.023825 -0.594646 0.331431 0.050455 -0.514505 0.238998 0.216263 -0.597248 0.348229 0.218310 -0.594116 0.419271 0.125918 -0.364459 0.298953 0.160083 -0.440177 0.429240 0.101631 -0.410301 0.483126 -0.020201 -0.243148 0.289359 0.144452 -0.311755 0.403462 0.071895 -0.258931 0.398157 -0.052401 -0.153525 0.263037 0.152310 -0.220066 0.346028 0.095955 -0.188713 0.293066 -0.001077 
0.000000 0.000000 0.000000 -0.049690 -0.035744 -0.043327 -0.368512 0.055421 0.228948 -0.244255 0.109680 0.253864 -0.139541 0.135715 0.247297 -0.050035 0.150237 0.230860 -0.302277 0.142042 0.006056 -0.460329 0.253288 0.036956 -0.591517 0.330565 0.067038 -0.504234 0.236965 0.235407 -0.586261 0.346685 0.239310 -0.585419 0.417396 0.146615 -0.354428 0.301543 0.167116 -0.429360 0.432037 0.108116 -0.401179 0.484297 -0.014824 -0.235119 0.292968 0.143133 -0.303654 0.405727 0.068440 -0.250236 0.393771 -0.055139 -0.148036 0.270255 0.149757 -0.215493 0.352865 0.093932 -0.183959 0.296053 -0.000837 
0.000000 0.000000 0.000000 -0.050384 -0.037656 -0.040834 -0.358895 0.042911 0.246259 -0.235628 0.101689 0.265097 -0.132356 0.131452 0.253473 -0.044321 0.149128 0.232740 -0.305795 0.133001 0.018222 -0.465615 0.239787 0.055175 -0.597762 0.312677 0.091383 -0.499877 0.220086 0.258644 -0.585082 0.327165 0.266130 -0.589198 0.398757 0.174201 -0.350864 0.291919 0.181385 -0.429242 0.421301 0.124449 -0.405316 0.474303 0.000927 -0.231786 0.287092 0.150500 -0.303084 0.398695 0.076662 -0.252049 0.385969 -0.047843 -0.147720 0.265398 0.152891 -0.218892 0.345430 0.097929 -0.188417 0.288805 0.002703 
0.000000 0.000000 0.000000 -0.050743 -0.038836 -0.039252 -0.346123 0.017510 0.266801 -0.224940 0.081718 0.280823 -0.124024 0.116902 0.264572 -0.038239 0.139545 0.239658 -0.312866 0.112948 0.038847 -0.476886 0.207924 0.087716 -0.611997 0.269956 0.132256 -0.498817 0.182855 0.294475 -0.591101 0.282784 0.311200 -0.605049 0.355905 0.221468 -0.357550 0.264436 0.206637 -0.447743 0.388709 0.156181 -0.432630 0.445487 0.032944 -0.239652 0.264108 0.166215 -0.322565 0.369664 0.095686 -0.275038 0.360824 -0.030532 -0.152063 0.249255 0.164864 -0.230411 0.324770 0.113382 -0.199154 0.269053 0.017874 
0.000000 0.000000 0.000000 -0.048975 -0.044110 -0.035772 -0.319310 -0.031823 0.297185 -0.206231 0.046861 0.302341 -0.112397 0.094826 0.278247 -0.032765 0.128624 0.246482 -0.313497 0.081735 0.073944 -0.479018 0.160480 0.142597 -0.615721 0.205151 0.200936 -0.483439 0.117502 0.343917 -0.582634 0.207750 0.372160 -0.612192 0.282405 0.287626 -0.359523 0.219239 0.245232 -0.463783 0.336481 0.206390 -0.462680 0.398051 0.084541 -0.248353 0.233106 0.193935 -0.345842 0.332261 0.133478 -0.306710 0.332640 0.004108 -0.163280 0.227064 0.184343 -0.253116 0.294823 0.141570 -0.223032 0.245089 0.042451 
0.000000 0.000000 0.000000 -0.042636 -0.053407 -0.030883 -0.265227 -0.100772 0.332851 -0.171648 0.000265 0.326610 -0.093906 0.067311 0.292741 -0.027895 0.117511 0.252555 -0.311073 0.025626 0.108910 -0.479043 0.075080 0.196383 -0.613727 0.093229 0.271334 -0.446688 0.016725 0.401309 -0.556357 0.087737 0.442684 -0.604981 0.160942 0.366068 -0.356221 0.146633 0.295242 -0.481756 0.246183 0.273907 -0.503545 0.312834 0.156765 -0.254351 0.188969 0.228162 -0.369401 0.276206 0.181856 -0.347336 0.290556 0.049284 -0.177503 0.197728 0.210494 -0.280481 0.252942 0.181542 -0.257897 0.214290 0.075716 
0.000000 0.000000 0.000000 -0.033345 -0.061375 -0.027297 -0.192353 -0.159582 0.358921 -0.124923 -0.040168 0.344845 -0.068793 0.042756 0.304115 -0.021086 0.106684 0.257963 -0.291398 -0.041782 0.148404 -0.452871 -0.029522 0.258346 -0.576745 -0.043031 0.350864 -0.382390 -0.083410 0.456409 -0.497243 -0.037374 0.515328 -0.562548 0.025905 0.442361 -0.336847 0.067241 0.339767 -0.480986 0.140295 0.336312 -0.524821 0.204503 0.224085 -0.255234 0.134034 0.263846 -0.388925 0.199486 0.234971 -0.384252 0.221644 0.101722 -0.186571 0.159321 0.237219 -0.300478 0.195553 0.222941 -0.282083 0.164879 0.113744 
0.000000 0.000000 0.000000 -0.020551 -0.067524 -0.025338 -0.116378 -0.198991 0.371684 -0.080073 -0.067201 0.353850 -0.048687 0.026399 0.309805 -0.021546 0.099548 0.260762 -0.261985 -0.094558 0.171704 -0.413058 -0.111474 0.295000 -0.520143 -0.150572 0.400313 -0.306099 -0.159791 0.489538 -0.420762 -0.136100 0.560764 -0.499013 -0.083873 0.491901 -0.304957 0.007466 0.371917 -0.457910 0.058250 0.384205 -0.517850 0.115190 0.275556 -0.250523 0.084029 0.284218 -0.395252 0.125354 0.265872 -0.404830 0.151154 0.133544 -0.195065 0.120908 0.256163 -0.314502 0.135611 0.252998 -0.300632 0.111677 0.141472 
0.000000 0.000000 0.000000 -0.009641 -0.069786 -0.025708 -0.041152 -0.223780 0.373523 -0.032358 -0.087193 0.357054 -0.023576 0.011411 0.313624 -0.015530 0.089215 0.264897 -0.220147 -0.144477 0.193277 -0.351868 -0.191215 0.330304 -0.437156 -0.250958 0.445385 -0.217351 -0.227947 0.516200 -0.323840 -0.230465 0.602430 -0.417093 -0.190658 0.544876 -0.263037 -0.049018 0.399532 -0.419931 -0.023054 0.428423 -0.495402 0.026399 0.325964 -0.233042 0.040225 0.310871 -0.383242 0.060886 0.308896 -0.412379 0.088656 0.179869 -0.189662 0.083870 0.280256 -0.309520 0.080192 0.290828 -0.306031 0.061736 0.177469 
0.000000 0.000000 0.000000 0.002986 -0.070121 -0.026421 0.035471 -0.229552 0.370591 0.014545 -0.094024 0.356490 -0.000671 0.004499 0.314683 -0.012726 0.082551 0.267198 -0.175469 -0.176639 0.207361 -0.287135 -0.243290 0.353646 -0.345387 -0.315979 0.477783 -0.131088 -0.257090 0.521984 -0.231752 -0.273734 0.613482 -0.329056 -0.245424 0.555832 -0.216869 -0.079884 0.408665 -0.374263 -0.070267 0.444153 -0.456421 -0.028974 0.343236 -0.209677 0.001449 0.346633 -0.360277 0.007231 0.329994 -0.401907 0.033239 0.204063 -0.183567 0.057382 0.294877 -0.301160 0.040058 0.313929 -0.305120 0.023900 0.200235 
0.000000 0.000000 0.000000 0.013130 -0.068805 -0.026783 0.087503 -0.219691 0.367926 0.044447 -0.089349 0.355216 0.011820 0.005307 0.314449 -0.014632 0.080250 0.267800 -0.137996 -0.193799 0.216905 -0.232560 -0.272012 0.369389 -0.270891 -0.349493 0.498286 -0.064028 -0.266884 0.529887 -0.155609 -0.295406 0.627772 -0.255906 -0.277684 0.571031 -0.185458 -0.098876 0.414611 -0.341825 -0.105355 0.455008 -0.426195 -0.072015 0.352981 -0.187308 -0.021298 0.380435 -0.334581 -0.024429 0.344495 -0.383536 -0.003545 0.220256 -0.180007 0.035332 0.302728 -0.293837 0.004413 0.326769 -0.301187 -0.011837 0.213256 
0.000000 0.000000 0.000000 0.018847 -0.067402 -0.026938 0.125880 -0.205736 0.364852 0.069252 -0.080576 0.353340 0.025357 0.009841 0.313538 -0.010658 0.081213 0.267698 -0.109574 -0.201585 0.224754 -0.189933 -0.285548 0.382246 -0.213342 -0.362734 0.514841 -0.010863 -0.261605 0.536899 -0.093507 -0.295371 0.640879 -0.197961 -0.285393 0.590055 -0.156206 -0.106570 0.423821 -0.309549 -0.124250 0.471758 -0.398440 -0.097593 0.371622 -0.166772 -0.027022 0.393794 -0.314619 -0.038548 0.362179 -0.371604 -0.023255 0.240578 -0.157481 0.036162 0.351362 -0.269348 -0.007328 0.342115 -0.282223 -0.026335 0.229527 
0.000000 0.000000 0.000000 0.020262 -0.067029 -0.026842 0.149009 -0.195476 0.361767 0.087185 -0.072725 0.351066 0.038210 0.015378 0.312009 -0.002424 0.084660 0.266829 -0.093185 -0.199643 0.232753 -0.164172 -0.282624 0.395191 -0.176632 -0.353708 0.532590 0.017510 -0.246388 0.539351 -0.061965 -0.277159 0.646678 -0.168004 -0.271052 0.598600 -0.135630 -0.101694 0.428452 -0.287176 -0.121397 0.481086 -0.375998 -0.098224 0.380026 -0.154005 -0.026218 0.389704 -0.303569 -0.044747 0.373029 -0.364209 -0.031926 0.252919 -0.146030 0.039651 0.355923 -0.257360 -0.005396 0.347687 -0.273398 -0.026419 0.235866 
0.000000 0.000000 0.000000 0.019751 -0.067458 -0.026139 0.158053 -0.188824 0.361462 0.095735 -0.066384 0.350093 0.045654 0.020936 0.310682 0.003803 0.089344 0.265281 -0.084424 -0.193043 0.240735 -0.149609 -0.271627 0.407728 -0.156248 -0.337010 0.548326 0.034056 -0.240738 0.544081 -0.040886 -0.272113 0.654450 -0.147530 -0.267600 0.607548 -0.125166 -0.094805 0.432974 -0.275410 -0.114136 0.489345 -0.362953 -0.092670 0.386804 -0.143441 -0.020151 0.395938 -0.292678 -0.038146 0.376050 -0.354796 -0.027215 0.256510 -0.136483 0.044031 0.359371 -0.247220 -0.002803 0.353431 -0.265419 -0.025695 0.242310 
0.000000 0.000000 0.000000 0.023624 -0.065987 -0.026674 0.174556 -0.179601 0.358558 0.104468 -0.061315 0.348517 0.048435 0.022785 0.310131 0.001730 0.088552 0.265569 -0.083512 -0.188658 0.240384 -0.150552 -0.265417 0.407492 -0.153189 -0.325138 0.550717 0.053043 -0.233539 0.542258 -0.020396 -0.266138 0.653281 -0.128063 -0.261909 0.608750 -0.116016 -0.091834 0.431762 -0.265976 -0.112590 0.488380 -0.354073 -0.091765 0.386182 -0.134245 -0.018016 0.408502 -0.282568 -0.034314 0.381568 -0.347055 -0.024589 0.263183 -0.131291 0.053706 0.373631 -0.241115 0.008324 0.354386 -0.261511 -0.016456 0.244054 
0.000000 0.000000 0.000000 0.020206 -0.067343 -0.026086 0.174112 -0.181551 0.357791 0.108979 -0.060507 0.347275 0.055823 0.025351 0.308686 0.011069 0.092397 0.264029 -0.083818 -0.188618 0.242834 -0.148909 -0.264503 0.411106 -0.148543 -0.319539 0.556219 0.052249 -0.226720 0.543612 -0.021402 -0.254019 0.655916 -0.130390 -0.248387 0.614892 -0.109869 -0.080069 0.437814 -0.258717 -0.093374 0.499393 -0.348013 -0.072668 0.398216 -0.126189 -0.010934 0.410020 -0.274996 -0.024883 0.384470 -0.341137 -0.015693 0.266959 -0.127642 0.054754 0.363671 -0.239556 0.010901 0.357093 -0.261419 -0.014506 0.247185 
0.000000 0.000000 0.000000 0.020856 -0.067225 -0.025878 0.176982 -0.178278 0.358028 0.110530 -0.057980 0.347216 0.056358 0.027153 0.308436 0.010773 0.093542 0.263638 -0.086561 -0.183174 0.244055 -0.153776 -0.255728 0.412961 -0.152780 -0.304152 0.560409 0.057215 -0.218362 0.546361 -0.015169 -0.242587 0.660185 -0.125086 -0.237230 0.621680 -0.108154 -0.078488 0.437940 -0.256890 -0.092437 0.499646 -0.345706 -0.071790 0.398035 -0.125003 -0.005376 0.412184 -0.273941 -0.017771 0.386603 -0.340490 -0.009619 0.269245 -0.120668 0.064788 0.375364 -0.232244 0.021787 0.361470 -0.255487 -0.005349 0.252261 
0.000000 0.000000 0.000000 0.020796 -0.067551 -0.025065 0.176743 -0.174141 0.360177 0.110409 -0.053917 0.347908 0.056326 0.030797 0.308099 0.010812 0.096687 0.262499 -0.086296 -0.181117 0.246007 -0.153307 -0.252179 0.415627 -0.151992 -0.295663 0.564604 0.059737 -0.210912 0.550905 -0.010979 -0.233135 0.666177 -0.121862 -0.228214 0.630487 -0.107974 -0.070594 0.440132 -0.256505 -0.081938 0.502857 -0.345020 -0.062373 0.400770 -0.123932 -0.002564 0.413493 -0.273138 -0.016710 0.390507 -0.339878 -0.009957 0.273169 -0.120483 0.065775 0.373819 -0.231958 0.021148 0.365273 -0.255460 -0.007346 0.256466 
0.000000 0.000000 0.000000 0.019293 -0.068289 -0.024254 0.173963 -0.173280 0.361941 0.110159 -0.051840 0.348303 0.057779 0.033492 0.307549 0.013551 0.099751 0.261223 -0.084129 -0.185259 0.246796 -0.148844 -0.258452 0.416401 -0.147999 -0.298883 0.566239 0.058434 -0.207870 0.553974 -0.011388 -0.228776 0.670033 -0.123060 -0.223468 0.636953 -0.101848 -0.073366 0.453488 -0.253735 -0.084636 0.507598 -0.342410 -0.065122 0.405641 -0.122305 0.003110 0.414135 -0.271520 -0.009852 0.390521 -0.338527 -0.004039 0.273285 -0.116771 0.072113 0.374530 -0.228651 0.028278 0.367280 -0.252684 -0.001674 0.258982 
0.000000 0.000000 0.000000 0.018894 -0.068432 -0.024166 0.175410 -0.172889 0.361429 0.111988 -0.051247 0.347807 0.059695 0.034164 0.307108 0.015450 0.100456 0.260847 -0.085763 -0.185493 0.246371 -0.151251 -0.258741 0.415655 -0.150342 -0.296709 0.566136 0.062218 -0.201627 0.555805 -0.006192 -0.218995 0.673280 -0.118977 -0.213375 0.644275 -0.105663 -0.065914 0.442079 -0.253697 -0.075889 0.506196 -0.342264 -0.056553 0.404111 -0.124152 0.004992 0.407423 -0.274574 -0.008772 0.394210 -0.341875 -0.003143 0.277134 -0.116217 0.073080 0.372653 -0.228226 0.029761 0.364361 -0.252988 -0.000397 0.256285 
0.000000 0.000000 0.000000 0.018515 -0.068589 -0.024014 0.176863 -0.172147 0.361075 0.113792 -0.050334 0.347354 0.061568 0.035108 0.306632 0.017293 0.101382 0.260372 -0.086850 -0.186083 0.246059 -0.152781 -0.259603 0.415053 -0.151678 -0.296073 0.565903 0.063829 -0.202754 0.555257 -0.004486 -0.221251 0.672616 -0.117781 -0.215276 0.645754 -0.102876 -0.064703 0.443909 -0.250241 -0.074475 0.509580 -0.339366 -0.054845 0.408038 -0.118413 0.005859 0.413707 -0.268374 -0.007054 0.395380 -0.336381 -0.001366 0.278716 -0.113260 0.070582 0.372593 -0.224901 0.025736 0.368537 -0.250439 -0.004321 0.260613 
0.000000 0.000000 0.000000 0.018286 -0.068605 -0.024142 0.179800 -0.172079 0.359654 0.116665 -0.050246 0.346413 0.064137 0.035201 0.306094 0.019504 0.101475 0.260180 -0.088525 -0.187087 0.244930 -0.155361 -0.261224 0.413298 -0.153717 -0.296535 0.564418 0.065520 -0.205412 0.552655 -0.003547 -0.225558 0.669299 -0.117154 -0.219230 0.643868 -0.099699 -0.064906 0.443602 -0.246857 -0.074877 0.509706 -0.336905 -0.055496 0.408933 -0.116362 0.008117 0.412865 -0.266542 -0.003599 0.395560 -0.335497 0.002045 0.279450 -0.112376 0.072613 0.371359 -0.224795 0.029597 0.369687 -0.251061 -0.000926 0.262069 
0.000000 0.000000 0.000000 0.019583 -0.068129 -0.024471 0.184764 -0.169681 0.358275 0.119101 -0.049116 0.345745 0.064673 0.035387 0.305960 0.018506 0.100902 0.260475 -0.087556 -0.189944 0.242977 -0.154597 -0.266168 0.410329 -0.152306 -0.300424 0.561683 0.070555 -0.203966 0.551150 0.001530 -0.224688 0.667719 -0.112510 -0.219045 0.644132 -0.095967 -0.062889 0.445897 -0.242244 -0.072255 0.514015 -0.333263 -0.053665 0.413969 -0.114983 0.007715 0.413994 -0.265283 -0.004837 0.398397 -0.334591 0.000248 0.282472 -0.113105 0.071466 0.371822 -0.225678 0.028982 0.375545 -0.252182 -0.001526 0.267981 
0.000000 0.000000 0.000000 0.020046 -0.067972 -0.024531 0.186374 -0.168545 0.357977 0.119830 -0.048450 0.345587 0.064751 0.035681 0.305909 0.018063 0.100887 0.260512 -0.085834 -0.183137 0.246343 -0.152087 -0.255199 0.415839 -0.150192 -0.287602 0.567606 0.069910 -0.201030 0.549812 -0.000478 -0.220663 0.665753 -0.114932 -0.216567 0.643917 -0.095695 -0.065555 0.444233 -0.242282 -0.077189 0.511326 -0.333374 -0.059308 0.411217 -0.115398 0.007648 0.413026 -0.265714 -0.005658 0.398231 -0.335175 -0.001254 0.282370 -0.111689 0.069475 0.373490 -0.223080 0.024016 0.369397 -0.249615 -0.006319 0.261792 
0.000000 0.000000 0.000000 0.020572 -0.067953 -0.024146 0.187024 -0.165334 0.359134 0.119638 -0.045786 0.346017 0.064018 0.037739 0.305816 0.016934 0.102370 0.260009 -0.084535 -0.183505 0.246864 -0.150304 -0.255811 0.416445 -0.149181 -0.287391 0.568393 0.070764 -0.199336 0.550831 0.000500 -0.219886 0.666687 -0.114289 -0.217107 0.646465 -0.095780 -0.061103 0.445187 -0.242295 -0.071520 0.512636 -0.333409 -0.055306 0.412263 -0.114761 0.008643 0.414926 -0.264910 -0.005781 0.399491 -0.333984 -0.002222 0.283370 -0.118448 0.069298 0.365670 -0.230651 0.026156 0.372031 -0.256347 -0.004856 0.264415 
0.000000 0.000000 0.000000 0.019744 -0.068359 -0.023689 0.185093 -0.165148 0.360218 0.119155 -0.044886 0.346301 0.064539 0.039031 0.305545 0.018229 0.103915 0.259308 -0.082290 -0.184256 0.248346 -0.146137 -0.256777 0.418568 -0.145650 -0.287480 0.570700 0.070423 -0.195152 0.553533 0.001119 -0.213285 0.670367 -0.113757 -0.211574 0.650526 -0.095065 -0.061666 0.447804 -0.240764 -0.073080 0.516841 -0.332202 -0.057498 0.416663 -0.114050 0.008665 0.414621 -0.264195 -0.006903 0.400304 -0.333205 -0.003760 0.284132 -0.113698 0.071298 0.369389 -0.225186 0.025913 0.370739 -0.250817 -0.005482 0.263220 
0.000000 0.000000 0.000000 0.019948 -0.068241 -0.023856 0.186678 -0.165035 0.359451 0.120237 -0.045007 0.345912 0.065188 0.038766 0.305441 0.018505 0.103547 0.259435 -0.082090 -0.187486 0.246727 -0.145939 -0.262101 0.416041 -0.145638 -0.292803 0.568173 0.070488 -0.196878 0.551560 0.000266 -0.216122 0.667666 -0.114733 -0.215116 0.648498 -0.094365 -0.064920 0.446031 -0.240325 -0.078463 0.514126 -0.332097 -0.063089 0.414222 -0.111689 0.005552 0.416459 -0.261513 -0.011299 0.400350 -0.331152 -0.008038 0.284558 -0.112291 0.068277 0.370046 -0.223144 0.021390 0.372155 -0.249180 -0.009656 0.264631 
0.000000 0.000000 0.000000 0.020006 -0.068022 -0.024426 0.188342 -0.167247 0.357556 0.121595 -0.047268 0.345134 0.066220 0.036679 0.305476 0.019231 0.101693 0.260115 -0.084281 -0.185367 0.246130 -0.149536 -0.258794 0.415427 -0.148942 -0.289498 0.567558 0.074258 -0.198808 0.550970 0.005309 -0.217883 0.667864 -0.109877 -0.217612 0.649834 -0.092836 -0.065311 0.445974 -0.238678 -0.077582 0.514559 -0.331498 -0.062686 0.415554 -0.115247 0.002027 0.408349 -0.265427 -0.015996 0.397773 -0.335559 -0.012105 0.282298 -0.110247 0.067483 0.372594 -0.221033 0.020493 0.369487 -0.247644 -0.009851 0.261903 
0.000000 0.000000 0.000000 0.022214 -0.066962 -0.025428 0.192539 -0.166865 0.355493 0.122068 -0.048870 0.344744 0.064178 0.033905 0.306232 0.015284 0.098114 0.261746 -0.083680 -0.184738 0.244315 -0.149942 -0.258435 0.413103 -0.149403 -0.289324 0.565196 0.076032 -0.199003 0.547361 0.005619 -0.218426 0.663321 -0.109682 -0.218167 0.646041 -0.082964 -0.075906 0.461814 -0.234837 -0.089734 0.515368 -0.329221 -0.073911 0.418000 -0.114853 0.000089 0.413554 -0.264962 -0.016768 0.400369 -0.335481 -0.012537 0.285142 -0.112795 0.065789 0.376363 -0.223746 0.019428 0.370724 -0.250515 -0.010363 0.263025 
0.000000 0.000000 0.000000 0.020231 -0.067541 -0.025550 0.190613 -0.171808 0.354173 0.123242 -0.051977 0.343871 0.067303 0.032299 0.305734 0.019817 0.097774 0.261569 -0.083005 -0.190815 0.242763 -0.147603 -0.267951 0.410657 -0.146479 -0.299293 0.562654 0.071378 -0.206895 0.543836 -0.000684 -0.228100 0.658463 -0.115931 -0.225686 0.640985 -0.090581 -0.067836 0.446354 -0.236010 -0.078623 0.516058 -0.331903 -0.062657 0.420199 -0.115007 0.000708 0.408100 -0.265601 -0.014908 0.399830 -0.336693 -0.009758 0.284994 -0.114444 0.062553 0.367964 -0.226487 0.018692 0.371681 -0.253941 -0.010525 0.263997 
0.000000 0.000000 0.000000 0.020850 -0.066985 -0.026499 0.191734 -0.175230 0.351885 0.123325 -0.055857 0.343232 0.066689 0.028468 0.306249 0.018678 0.094156 0.262977 -0.081322 -0.194918 0.240036 -0.145255 -0.274970 0.406815 -0.145503 -0.308637 0.558319 0.069681 -0.211425 0.539537 -0.004084 -0.233301 0.652948 -0.119087 -0.229008 0.634262 -0.089287 -0.070797 0.448339 -0.233893 -0.080958 0.519827 -0.330303 -0.065135 0.424465 -0.111381 -0.001220 0.416355 -0.261816 -0.014266 0.402578 -0.333555 -0.008336 0.288182 -0.110041 0.061149 0.376680 -0.221948 0.016788 0.377087 -0.250217 -0.011573 0.269386 
0.000000 0.000000 0.000000 0.019677 -0.067204 -0.026839 0.189167 -0.180110 0.350808 0.122784 -0.059554 0.342804 0.067542 0.025893 0.306290 0.020599 0.092589 0.263390 -0.082026 -0.202663 0.236132 -0.145664 -0.287424 0.400683 -0.147978 -0.325424 0.551140 0.066271 -0.214940 0.538168 -0.008004 -0.235989 0.651403 -0.123022 -0.231034 0.632977 -0.090899 -0.079988 0.444768 -0.236233 -0.093885 0.514119 -0.333059 -0.078646 0.419082 -0.111976 -0.006939 0.413103 -0.262299 -0.020986 0.399083 -0.334174 -0.013726 0.284849 -0.111044 0.057819 0.373151 -0.223091 0.013867 0.370927 -0.251456 -0.013381 0.262963 
0.000000 0.000000 0.000000 0.021299 -0.066080 -0.028349 0.189103 -0.185396 0.348078 0.120399 -0.066011 0.342467 0.063833 0.019246 0.307573 0.016007 0.086093 0.265900 -0.080768 -0.204238 0.233072 -0.144635 -0.290688 0.396652 -0.148297 -0.332702 0.546011 0.063174 -0.227985 0.531785 -0.012935 -0.253725 0.642812 -0.127986 -0.249543 0.624406 -0.088440 -0.088932 0.453532 -0.236558 -0.102597 0.516770 -0.333560 -0.088784 0.421696 -0.116347 -0.017766 0.411875 -0.266652 -0.033444 0.399487 -0.338694 -0.024436 0.285483 -0.115021 0.044862 0.374149 -0.226194 -0.001309 0.374588 -0.254565 -0.026383 0.266101 
0.000000 0.000000 0.000000 0.020595 -0.066136 -0.028735 0.186962 -0.189493 0.347027 0.119552 -0.069342 0.342106 0.063923 0.016726 0.307702 0.016836 0.084332 0.266413 -0.079837 -0.211489 0.229397 -0.142681 -0.302441 0.390920 -0.150991 -0.348754 0.538814 0.061991 -0.238790 0.529707 -0.013539 -0.268583 0.640114 -0.128383 -0.265839 0.620201 -0.081934 -0.097811 0.464855 -0.234647 -0.112412 0.515750 -0.331991 -0.100622 0.420753 -0.113727 -0.022778 0.415374 -0.263945 -0.039438 0.403216 -0.337563 -0.030240 0.290239 -0.109028 0.043566 0.380792 -0.219424 -0.004170 0.375763 -0.249187 -0.029181 0.267635 
0.000000 0.000000 0.000000 0.021165 -0.065643 -0.029444 0.186979 -0.192328 0.345455 0.118749 -0.072598 0.341710 0.062648 0.013487 0.308123 0.015245 0.081253 0.267464 -0.082331 -0.215662 0.224779 -0.147093 -0.309534 0.383854 -0.160137 -0.359949 0.530056 0.064049 -0.239896 0.529969 -0.010247 -0.268646 0.641484 -0.124961 -0.266711 0.620742 -0.083271 -0.101895 0.463381 -0.232972 -0.118913 0.521901 -0.331196 -0.110385 0.427462 -0.111102 -0.027910 0.421307 -0.261235 -0.045713 0.409729 -0.337406 -0.037420 0.298386 -0.108245 0.038816 0.383806 -0.217873 -0.010733 0.379602 -0.249945 -0.036934 0.272419 
0.000000 0.000000 0.000000 0.020586 -0.065575 -0.030000 0.182025 -0.198326 0.344709 0.115286 -0.077737 0.341765 0.060491 0.009388 0.308705 0.014223 0.078165 0.268438 -0.083975 -0.226119 0.217262 -0.149403 -0.326577 0.371983 -0.165096 -0.386177 0.514421 0.052769 -0.256358 0.521755 -0.025350 -0.291430 0.628756 -0.139222 -0.289003 0.603846 -0.094548 -0.109066 0.448827 -0.237266 -0.130375 0.521644 -0.335686 -0.122556 0.427348 -0.113394 -0.035152 0.420481 -0.263481 -0.054963 0.411991 -0.341259 -0.046448 0.301782 -0.116822 0.029730 0.373640 -0.226405 -0.018665 0.385511 -0.259496 -0.044738 0.278607 
0.000000 0.000000 0.000000 0.022536 -0.064411 -0.031100 0.179460 -0.202621 0.343554 0.110270 -0.083393 0.342087 0.054305 0.003342 0.309978 0.007387 0.072084 0.270408 -0.085208 -0.233577 0.208943 -0.152628 -0.339429 0.359146 -0.169802 -0.406594 0.498002 0.045526 -0.265046 0.515557 -0.035420 -0.302775 0.619510 -0.148379 -0.299845 0.590790 -0.100711 -0.118496 0.445669 -0.244208 -0.142371 0.516119 -0.342729 -0.135516 0.421855 -0.123149 -0.042417 0.415477 -0.273178 -0.063122 0.408179 -0.351514 -0.054182 0.298399 -0.125151 0.023422 0.373616 -0.235142 -0.024693 0.382458 -0.268527 -0.050327 0.275540 
0.000000 0.000000 0.000000 0.022008 -0.064529 -0.031234 0.173553 -0.206733 0.344139 0.105910 -0.086621 0.342662 0.051368 0.000995 0.310494 0.005715 0.070543 0.270854 -0.086082 -0.240192 0.203937 -0.153717 -0.350111 0.351092 -0.172846 -0.424187 0.486124 0.035721 -0.267738 0.513552 -0.047582 -0.304607 0.615940 -0.159727 -0.301093 0.584252 -0.102904 -0.126505 0.448871 -0.244927 -0.153632 0.521108 -0.344065 -0.148024 0.427408 -0.128662 -0.047406 0.410294 -0.277949 -0.073089 0.416976 -0.357492 -0.065386 0.307973 -0.131926 0.012329 0.361697 -0.237880 -0.036015 0.392156 -0.272618 -0.062269 0.285821 
0.000000 0.000000 0.000000 0.022979 -0.063924 -0.031774 0.169541 -0.210316 0.343967 0.101049 -0.090681 0.343079 0.046386 -0.003012 0.311264 0.000863 0.066760 0.271870 -0.083041 -0.244664 0.200474 -0.149382 -0.357759 0.345801 -0.168245 -0.437295 0.477729 0.032987 -0.278096 0.511833 -0.049542 -0.319061 0.613286 -0.161658 -0.316241 0.581422 -0.106707 -0.135366 0.449451 -0.248011 -0.165758 0.521799 -0.347680 -0.161518 0.428592 -0.131269 -0.050201 0.415790 -0.280689 -0.075652 0.419880 -0.361664 -0.070703 0.311776 -0.132827 0.013076 0.371023 -0.240338 -0.035802 0.394342 -0.276321 -0.063623 0.288822 
0.000000 0.000000 0.000000 0.024243 -0.063049 -0.032574 0.160811 -0.217436 0.343732 0.091692 -0.098159 0.343649 0.037464 -0.010046 0.312317 -0.007308 0.060397 0.273258 -0.079178 -0.255651 0.191155 -0.143892 -0.376170 0.331150 -0.162120 -0.466029 0.456369 0.024745 -0.296073 0.507202 -0.057490 -0.343600 0.605999 -0.169052 -0.342630 0.572145 -0.114352 -0.153128 0.448525 -0.254490 -0.190515 0.519855 -0.353576 -0.187903 0.425969 -0.140280 -0.064593 0.413040 -0.287695 -0.097313 0.426788 -0.369329 -0.094747 0.319097 -0.150272 -0.006673 0.348419 -0.248677 -0.052838 0.400154 -0.284049 -0.080929 0.294500 
0.000000 0.000000 0.000000 0.028099 -0.060969 -0.033424 0.157311 -0.220803 0.343205 0.083191 -0.104569 0.343921 0.026418 -0.017894 0.313094 -0.019876 0.051764 0.274402 -0.074601 -0.265773 0.179542 -0.138864 -0.393925 0.312802 -0.155379 -0.489579 0.433899 0.010466 -0.309354 0.491581 -0.078283 -0.362871 0.581256 -0.187861 -0.361511 0.541459 -0.123982 -0.168458 0.441245 -0.264889 -0.211911 0.507439 -0.362333 -0.210437 0.411826 -0.148955 -0.083200 0.411549 -0.295156 -0.122607 0.419501 -0.376520 -0.121752 0.311579 -0.162302 -0.022921 0.343128 -0.260337 -0.074329 0.390433 -0.294856 -0.102339 0.284475 
0.000000 0.000000 0.000000 0.029106 -0.060312 -0.033752 0.151980 -0.224880 0.342960 0.077161 -0.109097 0.343921 0.020473 -0.022309 0.313256 -0.025484 0.047640 0.274686 -0.070073 -0.272960 0.173108 -0.132132 -0.406021 0.302547 -0.148157 -0.503976 0.421857 -0.005759 -0.316571 0.477613 -0.101092 -0.371987 0.558993 -0.207589 -0.368609 0.511663 -0.129243 -0.183771 0.435001 -0.269626 -0.234560 0.496948 -0.365075 -0.233443 0.399338 -0.152884 -0.095932 0.409385 -0.297884 -0.140225 0.411410 -0.378658 -0.140747 0.303044 -0.165772 -0.034305 0.339421 -0.262335 -0.090709 0.383979 -0.295690 -0.118602 0.277618 
0.000000 0.000000 0.000000 0.033717 -0.057668 -0.034080 0.150557 -0.225824 0.342967 0.069452 -0.114353 0.343856 0.009291 -0.029949 0.313150 -0.038915 0.038451 0.274551 -0.069067 -0.273600 0.167552 -0.133382 -0.408716 0.293720 -0.151598 -0.505644 0.413553 -0.013525 -0.323258 0.465457 -0.112692 -0.382145 0.539486 -0.216740 -0.377884 0.487056 -0.137775 -0.195496 0.427208 -0.278718 -0.250684 0.483898 -0.371827 -0.250101 0.384050 -0.166959 -0.107505 0.400526 -0.310302 -0.156308 0.408388 -0.389745 -0.157684 0.299049 -0.176316 -0.049188 0.338007 -0.270892 -0.109511 0.381685 -0.302456 -0.136698 0.274598 
0.000000 0.000000 0.000000 0.035054 -0.057012 -0.033835 0.143059 -0.228775 0.344219 0.061111 -0.117918 0.344235 0.001151 -0.033598 0.312915 -0.046527 0.034902 0.273840 -0.069446 -0.275364 0.164277 -0.134835 -0.411994 0.288244 -0.157247 -0.507803 0.408265 -0.022870 -0.333405 0.457974 -0.123153 -0.396642 0.526724 -0.225218 -0.393025 0.470486 -0.144838 -0.205032 0.424674 -0.284913 -0.264282 0.479384 -0.375488 -0.265460 0.377236 -0.169621 -0.119589 0.403226 -0.311658 -0.172584 0.400422 -0.389370 -0.175656 0.289880 -0.183294 -0.056968 0.332499 -0.277433 -0.120204 0.372876 -0.306734 -0.147518 0.265179 
0.000000 0.000000 0.000000 0.038867 -0.054824 -0.033281 0.143235 -0.225579 0.346249 0.055968 -0.118869 0.344782 -0.007054 -0.037214 0.312428 -0.056793 0.029332 0.272553 -0.066823 -0.277150 0.159713 -0.132957 -0.416268 0.280477 -0.155952 -0.513160 0.399514 -0.023651 -0.335637 0.453283 -0.124512 -0.402154 0.517972 -0.225448 -0.401311 0.459627 -0.149916 -0.213052 0.417002 -0.289946 -0.277111 0.466121 -0.377983 -0.280781 0.361836 -0.181348 -0.127535 0.391026 -0.320592 -0.187057 0.398724 -0.396683 -0.193037 0.287179 -0.193183 -0.064100 0.329603 -0.287062 -0.128411 0.368871 -0.314189 -0.157121 0.260968 
0.000000 0.000000 0.000000 0.039684 -0.054835 -0.032284 0.134500 -0.225509 0.349780 0.047306 -0.118793 0.346104 -0.014881 -0.037142 0.312162 -0.063600 0.029399 0.271038 -0.058943 -0.282497 0.158213 -0.120657 -0.424953 0.277413 -0.143062 -0.524300 0.394524 -0.029674 -0.344052 0.451832 -0.128896 -0.415696 0.513509 -0.228014 -0.418353 0.452176 -0.154755 -0.223398 0.414688 -0.292185 -0.294544 0.461335 -0.377523 -0.301363 0.354986 -0.184634 -0.138537 0.387105 -0.320649 -0.205546 0.387926 -0.394780 -0.214893 0.275298 -0.194059 -0.074422 0.323840 -0.283857 -0.145883 0.360184 -0.308545 -0.175603 0.251969 
0.000000 0.000000 0.000000 0.042182 -0.053495 -0.031351 0.130778 -0.223346 0.352568 0.040664 -0.119178 0.346814 -0.022856 -0.039183 0.311430 -0.072273 0.026134 0.269193 -0.054620 -0.286376 0.153695 -0.115192 -0.432098 0.269485 -0.137312 -0.533311 0.385043 -0.032497 -0.346861 0.450062 -0.131176 -0.421510 0.508986 -0.228989 -0.427752 0.445844 -0.160092 -0.229573 0.409936 -0.296635 -0.304656 0.452868 -0.379752 -0.314738 0.345030 -0.199481 -0.144199 0.361319 -0.329027 -0.218705 0.386963 -0.402633 -0.231786 0.274362 -0.200312 -0.081649 0.319939 -0.288443 -0.155839 0.354869 -0.312128 -0.187729 0.247049 
0.000000 0.000000 0.000000 0.045889 -0.051039 -0.030219 0.131298 -0.218118 0.355634 0.036058 -0.118786 0.347458 -0.030446 -0.042036 0.310407 -0.081888 0.020834 0.266892 -0.050579 -0.287689 0.150162 -0.110942 -0.435769 0.263032 -0.132621 -0.538871 0.376991 -0.029506 -0.349074 0.447357 -0.126691 -0.428219 0.502793 -0.223604 -0.437506 0.438646 -0.160763 -0.236951 0.408882 -0.294629 -0.317320 0.450660 -0.377447 -0.330365 0.342909 -0.193293 -0.152624 0.387639 -0.325018 -0.227718 0.387776 -0.401768 -0.246179 0.278064 -0.209472 -0.087333 0.317965 -0.297291 -0.161787 0.353120 -0.321930 -0.197741 0.246803 
0.000000 0.000000 0.000000 0.046198 -0.051008 -0.029796 0.124790 -0.220802 0.356320 0.030033 -0.121088 0.347236 -0.035602 -0.043875 0.309603 -0.086120 0.019446 0.265662 -0.045663 -0.290656 0.149025 -0.103144 -0.440611 0.260920 -0.124178 -0.546004 0.372888 -0.037901 -0.350978 0.445796 -0.136227 -0.429653 0.499872 -0.232006 -0.441970 0.434544 -0.163980 -0.242655 0.410915 -0.295936 -0.325338 0.454226 -0.379793 -0.342558 0.347874 -0.194548 -0.157358 0.390666 -0.323961 -0.236143 0.396684 -0.403544 -0.259534 0.289972 -0.210877 -0.092380 0.315833 -0.296749 -0.169352 0.350366 -0.323608 -0.209384 0.246064 
0.000000 0.000000 0.000000 0.049598 -0.048419 -0.028627 0.125638 -0.215950 0.358986 0.026184 -0.121178 0.347516 -0.042218 -0.047238 0.308273 -0.094635 0.013636 0.263115 -0.036173 -0.294086 0.144973 -0.089843 -0.447809 0.253602 -0.108585 -0.555306 0.363964 -0.030941 -0.354577 0.446653 -0.125573 -0.438360 0.499637 -0.220959 -0.454853 0.434655 -0.161503 -0.250740 0.414311 -0.289157 -0.338860 0.459741 -0.375123 -0.362334 0.356309 -0.196759 -0.165566 0.390914 -0.321618 -0.249909 0.407864 -0.403638 -0.279460 0.304581 -0.215053 -0.101857 0.315527 -0.297940 -0.181353 0.351604 -0.327908 -0.226663 0.250352 
0.000000 0.000000 0.000000 0.051667 -0.046436 -0.028251 0.127718 -0.214451 0.359151 0.025217 -0.123082 0.346918 -0.045121 -0.051228 0.307223 -0.098942 0.008171 0.261753 -0.027724 -0.295800 0.143099 -0.077403 -0.451836 0.250318 -0.093413 -0.561279 0.359188 -0.016867 -0.362727 0.451505 -0.104251 -0.452341 0.507322 -0.201161 -0.475273 0.446694 -0.152460 -0.260933 0.423744 -0.273306 -0.354692 0.475996 -0.364451 -0.385995 0.379290 -0.196688 -0.173684 0.389355 -0.314587 -0.262260 0.424639 -0.400853 -0.298245 0.327010 -0.213125 -0.111446 0.318677 -0.291720 -0.193781 0.357858 -0.326542 -0.245170 0.261165 
0.000000 0.000000 0.000000 0.051924 -0.045987 -0.028512 0.125787 -0.218835 0.357182 0.023212 -0.127481 0.345467 -0.046991 -0.055236 0.306247 -0.100622 0.004655 0.261199 -0.022070 -0.300357 0.137821 -0.068371 -0.459526 0.241902 -0.081880 -0.571233 0.348794 -0.014008 -0.370647 0.451154 -0.098496 -0.462398 0.507948 -0.195836 -0.491337 0.450671 -0.149193 -0.269956 0.425789 -0.266453 -0.366859 0.480419 -0.360736 -0.405682 0.389628 -0.199176 -0.182389 0.379633 -0.308302 -0.273566 0.432255 -0.398147 -0.316131 0.340689 -0.213894 -0.115665 0.318459 -0.291861 -0.198484 0.357872 -0.330212 -0.255767 0.265943 
0.000000 0.000000 0.000000 0.056027 -0.041572 -0.027506 0.130536 -0.215020 0.357794 0.021911 -0.131243 0.344140 -0.052190 -0.063685 0.303754 -0.108680 -0.007133 0.257893 -0.013772 -0.302570 0.130147 -0.057447 -0.465886 0.228795 -0.069170 -0.580304 0.332997 -0.004062 -0.373954 0.447481 -0.085409 -0.470009 0.501685 -0.181738 -0.502843 0.444802 -0.141941 -0.281719 0.427709 -0.253384 -0.384064 0.484547 -0.348854 -0.428909 0.397865 -0.197220 -0.196686 0.381152 -0.301216 -0.292057 0.436651 -0.392628 -0.340196 0.349505 -0.218489 -0.128504 0.319515 -0.294073 -0.212046 0.361931 -0.333388 -0.273496 0.273154 
0.000000 0.000000 0.000000 0.057457 -0.039476 -0.027643 0.133851 -0.216595 0.355613 0.022917 -0.135846 0.342284 -0.052809 -0.069879 0.302282 -0.110561 -0.014311 0.256793 -0.003616 -0.305061 0.125919 -0.041833 -0.471246 0.222008 -0.050548 -0.587743 0.324180 0.008633 -0.384111 0.443243 -0.067045 -0.485353 0.496205 -0.162171 -0.522372 0.439868 -0.134103 -0.293473 0.425787 -0.240898 -0.400682 0.482582 -0.336152 -0.450924 0.398667 -0.189148 -0.209323 0.384017 -0.286912 -0.309313 0.442626 -0.379220 -0.362887 0.359697 -0.211193 -0.142508 0.320236 -0.280460 -0.230748 0.363905 -0.320266 -0.295595 0.277803 
0.000000 0.000000 0.000000 0.057998 -0.038349 -0.028099 0.137694 -0.217854 0.353370 0.025535 -0.138662 0.340966 -0.051241 -0.073474 0.301699 -0.109899 -0.018361 0.256819 0.002709 -0.306870 0.122520 -0.031888 -0.474893 0.216767 -0.038755 -0.592147 0.318212 0.015027 -0.387510 0.440491 -0.059109 -0.490045 0.493144 -0.152200 -0.531100 0.436209 -0.125847 -0.301137 0.425584 -0.228808 -0.411642 0.483135 -0.322313 -0.466274 0.400001 -0.183264 -0.217414 0.382722 -0.277933 -0.320628 0.440821 -0.368845 -0.378258 0.359078 -0.208766 -0.148570 0.318925 -0.276818 -0.238195 0.361674 -0.314883 -0.305299 0.276519 
0.000000 0.000000 0.000000 0.060789 -0.034634 -0.027000 0.142848 -0.211344 0.355272 0.026433 -0.138942 0.340784 -0.053251 -0.078235 0.300150 -0.114128 -0.026465 0.254255 0.014251 -0.305109 0.123080 -0.014868 -0.474354 0.216990 -0.020344 -0.591548 0.318589 0.025386 -0.385839 0.439974 -0.045605 -0.491299 0.491166 -0.136615 -0.534746 0.432662 -0.118108 -0.308455 0.423533 -0.216416 -0.423749 0.479815 -0.307401 -0.481624 0.396080 -0.178335 -0.228219 0.381222 -0.268027 -0.335766 0.439356 -0.356849 -0.396486 0.357552 -0.207943 -0.159552 0.318074 -0.272517 -0.251158 0.362003 -0.308125 -0.319899 0.277091 
0.000000 0.000000 0.000000 0.060935 -0.034132 -0.027310 0.145957 -0.210779 0.354343 0.028935 -0.139241 0.340458 -0.051380 -0.079081 0.300254 -0.112842 -0.027707 0.254696 0.019588 -0.307315 0.119344 -0.006284 -0.478256 0.211110 -0.010288 -0.596023 0.312114 0.034467 -0.390229 0.436731 -0.032915 -0.498683 0.486525 -0.122030 -0.545222 0.427485 -0.110899 -0.312942 0.422612 -0.206005 -0.431083 0.478487 -0.295405 -0.492723 0.395738 -0.172104 -0.231795 0.382824 -0.258671 -0.341301 0.442031 -0.346106 -0.406397 0.362120 -0.200513 -0.165670 0.316878 -0.260859 -0.260631 0.359678 -0.295051 -0.331430 0.275883 
0.000000 0.000000 0.000000 0.063001 -0.030465 -0.026955 0.156581 -0.201113 0.355424 0.035556 -0.136730 0.340849 -0.048018 -0.081548 0.300151 -0.112222 -0.034016 0.254205 0.032940 -0.306094 0.117859 0.014129 -0.478565 0.208475 0.012186 -0.595380 0.310638 0.052283 -0.384688 0.438141 -0.010751 -0.495637 0.488133 -0.098371 -0.546133 0.430115 -0.094119 -0.315463 0.428674 -0.182317 -0.437027 0.488407 -0.270952 -0.505754 0.410563 -0.159124 -0.238704 0.387735 -0.238794 -0.351395 0.450539 -0.325604 -0.422433 0.375135 -0.196366 -0.172353 0.320303 -0.254284 -0.267573 0.365800 -0.287551 -0.341541 0.284404 
0.000000 0.000000 0.000000 0.064576 -0.027333 -0.026585 0.165160 -0.191459 0.356870 0.041080 -0.133370 0.341559 -0.045024 -0.082670 0.300308 -0.111375 -0.038649 0.253916 0.041795 -0.304944 0.115750 0.027541 -0.478655 0.204815 0.027556 -0.594766 0.307795 0.068817 -0.379822 0.438463 0.010590 -0.493664 0.487775 -0.076042 -0.549614 0.433391 -0.080904 -0.315131 0.434063 -0.163871 -0.438754 0.496979 -0.252762 -0.515849 0.427740 -0.148192 -0.242621 0.392426 -0.222170 -0.357316 0.458481 -0.309308 -0.435022 0.390389 -0.186055 -0.181485 0.321790 -0.237458 -0.279803 0.368508 -0.271742 -0.357569 0.291177 
0.000000 0.000000 0.000000 0.064646 -0.027180 -0.026572 0.167704 -0.187027 0.358031 0.043205 -0.129864 0.342646 -0.043372 -0.080098 0.301247 -0.110172 -0.036934 0.254694 0.050868 -0.304849 0.116802 0.042247 -0.478596 0.206517 0.043292 -0.593680 0.310640 0.078350 -0.376986 0.443773 0.024347 -0.491792 0.495592 -0.060679 -0.552735 0.444117 -0.070449 -0.314799 0.439373 -0.147750 -0.440581 0.505161 -0.235174 -0.523816 0.441378 -0.136924 -0.241752 0.400391 -0.204007 -0.357668 0.471484 -0.290212 -0.440853 0.408899 -0.179816 -0.180307 0.326667 -0.227753 -0.278994 0.376207 -0.260916 -0.360427 0.302233 
0.000000 0.000000 0.000000 0.065908 -0.025118 -0.025477 0.170248 -0.176062 0.362365 0.043922 -0.123733 0.344816 -0.043932 -0.077735 0.301784 -0.111722 -0.037671 0.253910 0.056250 -0.301332 0.121012 0.050207 -0.474168 0.212675 0.050349 -0.586746 0.319507 0.089397 -0.368250 0.451512 0.040533 -0.484403 0.505390 -0.042861 -0.548385 0.454944 -0.064935 -0.310368 0.443771 -0.138973 -0.437306 0.511074 -0.224091 -0.523867 0.448612 -0.132013 -0.241132 0.403061 -0.195172 -0.358298 0.475683 -0.278976 -0.444800 0.414346 -0.177997 -0.181561 0.328002 -0.223615 -0.280603 0.379002 -0.254636 -0.364169 0.306493 
0.000000 0.000000 0.000000 0.066952 -0.023085 -0.024667 0.173392 -0.165661 0.365762 0.045454 -0.118018 0.346616 -0.043610 -0.075650 0.302360 -0.112375 -0.038566 0.253487 0.056800 -0.296776 0.126450 0.050447 -0.468035 0.221008 0.046673 -0.575929 0.332505 0.089162 -0.357428 0.452658 0.038255 -0.473326 0.505174 -0.043253 -0.538105 0.452701 -0.061601 -0.305282 0.446346 -0.134414 -0.432648 0.514175 -0.217186 -0.519651 0.449225 -0.133422 -0.239242 0.401784 -0.197823 -0.356547 0.473078 -0.278744 -0.444251 0.409612 -0.181300 -0.179133 0.331439 -0.228742 -0.275888 0.385095 -0.256717 -0.360992 0.313137 
0.000000 0.000000 0.000000 0.067896 -0.021576 -0.023419 0.172545 -0.156118 0.370332 0.043654 -0.112222 0.348766 -0.045877 -0.072869 0.302707 -0.114911 -0.038305 0.252387 0.053640 -0.292960 0.131480 0.044720 -0.462775 0.228406 0.035798 -0.566527 0.343484 0.081404 -0.348174 0.449250 0.026321 -0.464247 0.496945 -0.053622 -0.523749 0.436432 -0.067622 -0.300778 0.441170 -0.143306 -0.429023 0.504017 -0.223169 -0.511845 0.430520 -0.141325 -0.234881 0.399431 -0.209768 -0.351054 0.468787 -0.287220 -0.437200 0.399158 -0.183562 -0.177359 0.333240 -0.230816 -0.273073 0.388893 -0.256450 -0.358954 0.316987 
0.000000 0.000000 0.000000 0.067180 -0.023732 -0.023401 0.169632 -0.156345 0.371580 0.041921 -0.109157 0.349949 -0.046670 -0.067898 0.303740 -0.114921 -0.032046 0.253254 0.056088 -0.293152 0.135142 0.049147 -0.461738 0.234348 0.039915 -0.564065 0.350670 0.075841 -0.347661 0.449176 0.019155 -0.463288 0.496073 -0.059916 -0.521349 0.433067 -0.072590 -0.296771 0.440295 -0.150475 -0.424375 0.501743 -0.229221 -0.507213 0.427069 -0.138184 -0.232695 0.399557 -0.203805 -0.350865 0.468263 -0.280456 -0.437406 0.398237 -0.183928 -0.171617 0.332904 -0.231427 -0.267686 0.387729 -0.257939 -0.354236 0.316952 
0.000000 0.000000 0.000000 0.067620 -0.022774 -0.023081 0.173231 -0.146213 0.374036 0.044561 -0.102025 0.351771 -0.044909 -0.063406 0.304974 -0.113936 -0.029855 0.253965 0.057510 -0.289847 0.139451 0.051183 -0.456963 0.241152 0.042410 -0.556549 0.359864 0.085048 -0.337732 0.457488 0.031753 -0.453481 0.507924 -0.047916 -0.518132 0.452550 -0.064503 -0.290557 0.446823 -0.138681 -0.418786 0.511473 -0.220239 -0.510791 0.452120 -0.133218 -0.225769 0.407704 -0.196540 -0.342194 0.481368 -0.274728 -0.434965 0.421802 -0.177697 -0.171775 0.333837 -0.221584 -0.269461 0.388814 -0.250865 -0.360678 0.325369 
0.000000 0.000000 0.000000 0.067916 -0.021836 -0.023119 0.176143 -0.142021 0.374291 0.046771 -0.099891 0.352096 -0.043364 -0.062832 0.305316 -0.112991 -0.030546 0.254305 0.064107 -0.287718 0.141618 0.061724 -0.454090 0.244700 0.058250 -0.556084 0.361627 0.094103 -0.333040 0.464853 0.044521 -0.448487 0.519585 -0.033985 -0.523755 0.477576 -0.052249 -0.288878 0.456754 -0.119597 -0.417415 0.527937 -0.200555 -0.520793 0.490546 -0.124754 -0.224178 0.415121 -0.183115 -0.339872 0.493858 -0.262831 -0.440878 0.452489 -0.171936 -0.171657 0.339155 -0.212509 -0.268786 0.397558 -0.244430 -0.366777 0.346745 