130
0.000000 0.000000 0.000000 -0.021653 -0.070845 -0.011665 0.167650 -0.191070 0.355916 0.163417 -0.064107 0.324534 0.147071 0.022907 0.277293 0.130290 0.078736 0.234939 -0.086643 -0.107276 0.292136 -0.127311 -0.130073 0.482235 -0.110456 -0.058266 0.618788 0.089903 -0.101395 0.549136 0.042915 -0.047197 0.665912 -0.031769 0.032250 0.707187 0.136134 0.045235 0.533757 0.043152 0.135914 0.629967 -0.075074 0.202399 0.645513 0.110014 0.154396 0.438697 0.033617 0.244094 0.534136 -0.080162 0.302477 0.577882 0.086617 0.188380 0.364001 0.056555 0.263850 0.452837 -0.037334 0.312399 0.497905 
0.000000 0.000000 0.000000 -0.020522 -0.071221 -0.011417 0.171263 -0.187252 0.356225 0.164929 -0.060470 0.324467 0.147106 0.026124 0.276990 0.129359 0.081546 0.234494 -0.090573 -0.103120 0.291769 -0.134406 -0.123080 0.481483 -0.118003 -0.050118 0.617476 0.089714 -0.100769 0.549333 0.040428 -0.048501 0.666042 -0.034483 0.030983 0.706830 0.131795 0.047019 0.533806 0.036323 0.136515 0.628675 -0.082053 0.202912 0.643431 0.118490 0.161276 0.437081 0.032826 0.250264 0.525022 -0.081013 0.309017 0.568111 0.086304 0.194013 0.361316 0.056668 0.271426 0.448610 -0.037374 0.320561 0.492710 
0.000000 0.000000 0.000000 -0.020226 -0.071392 -0.010860 0.171450 -0.183637 0.358012 0.164669 -0.057147 0.325201 0.146580 0.028983 0.276985 0.128682 0.083982 0.234006 -0.090167 -0.101383 0.292546 -0.133931 -0.120149 0.482398 -0.117997 -0.045750 0.617667 0.091078 -0.095553 0.550889 0.042503 -0.042317 0.667459 -0.032588 0.037188 0.707875 0.132083 0.053107 0.533183 0.037363 0.143586 0.627874 -0.081324 0.209642 0.641629 0.121120 0.164018 0.437705 0.034324 0.252681 0.524860 -0.079952 0.311070 0.567284 0.085554 0.197474 0.359886 0.055867 0.275593 0.446532 -0.038464 0.324814 0.489915 
0.000000 0.000000 0.000000 -0.019949 -0.071544 -0.010361 0.172361 -0.180505 0.359166 0.165062 -0.054271 0.325494 0.146607 0.031455 0.276701 0.128469 0.086088 0.233357 -0.090112 -0.100870 0.293059 -0.134015 -0.119220 0.482919 -0.118444 -0.043744 0.617633 0.091745 -0.093804 0.552567 0.043023 -0.041404 0.669454 -0.032373 0.038100 0.709300 0.131472 0.056462 0.533062 0.038751 0.146756 0.629884 -0.080209 0.212418 0.643161 0.125080 0.164485 0.439653 0.035496 0.251649 0.525490 -0.079024 0.309804 0.567574 0.085797 0.201927 0.357239 0.056425 0.281661 0.442509 -0.038058 0.331127 0.485278 
0.000000 0.000000 0.000000 -0.019544 -0.071722 -0.009891 0.173987 -0.177289 0.359983 0.165892 -0.051308 0.325553 0.146856 0.034008 0.276266 0.128329 0.088267 0.232619 -0.090322 -0.098417 0.293628 -0.134610 -0.115121 0.483551 -0.119275 -0.039016 0.617938 0.089191 -0.087670 0.550241 0.037942 -0.033507 0.665228 -0.037895 0.045968 0.704287 0.120170 0.064106 0.528194 0.033020 0.154036 0.630381 -0.086511 0.218844 0.642691 0.105496 0.171463 0.431537 0.022989 0.262484 0.520412 -0.092176 0.320374 0.561079 0.084229 0.205647 0.354535 0.053875 0.286442 0.438452 -0.040835 0.335839 0.480799 
0.000000 0.000000 0.000000 -0.018929 -0.071993 -0.009088 0.175651 -0.171793 0.361835 0.166457 -0.046275 0.326018 0.146668 0.038324 0.275801 0.127656 0.091936 0.231566 -0.084380 -0.098729 0.295621 -0.125334 -0.115458 0.486289 -0.109936 -0.038048 0.619920 0.095049 -0.079581 0.552676 0.046335 -0.023851 0.668016 -0.029948 0.055486 0.706482 0.125696 0.067126 0.530843 0.030364 0.156882 0.625607 -0.089770 0.220716 0.637121 0.113803 0.172341 0.436029 0.022936 0.259403 0.520611 -0.092799 0.316667 0.560539 0.082281 0.211552 0.350811 0.051048 0.293886 0.432889 -0.044338 0.342991 0.474040 
0.000000 0.000000 0.000000 -0.020552 -0.071797 -0.006833 0.172382 -0.164409 0.366803 0.165941 -0.039885 0.327124 0.147964 0.043542 0.274330 0.130082 0.096172 0.228475 -0.086627 -0.096618 0.297903 -0.127972 -0.112150 0.488587 -0.113596 -0.033193 0.621425 0.090175 -0.074674 0.558140 0.040491 -0.020441 0.673779 -0.036251 0.058854 0.711410 0.138447 0.077909 0.531680 0.035338 0.170279 0.615112 -0.085136 0.233671 0.625447 0.111335 0.183477 0.428571 0.026299 0.274767 0.514744 -0.089976 0.331707 0.553552 0.081202 0.215483 0.346635 0.047557 0.297608 0.427967 -0.048323 0.346437 0.468291 
0.000000 0.000000 0.000000 -0.019324 -0.072156 -0.006626 0.175122 -0.160378 0.367289 0.166561 -0.036098 0.327248 0.147170 0.046856 0.274211 0.128398 0.099040 0.228202 -0.087903 -0.093998 0.297785 -0.130816 -0.107665 0.488265 -0.117246 -0.027414 0.620411 0.093890 -0.067160 0.557374 0.044796 -0.010822 0.672255 -0.032339 0.068498 0.709021 0.122884 0.086610 0.526018 0.032838 0.179643 0.622771 -0.087878 0.242759 0.631907 0.116912 0.187526 0.429163 0.022602 0.275840 0.508516 -0.093955 0.332803 0.546436 0.080913 0.219630 0.345632 0.048229 0.302633 0.426461 -0.047900 0.351788 0.465783 
0.000000 0.000000 0.000000 -0.020227 -0.071967 -0.005960 0.172051 -0.158908 0.369374 0.165191 -0.034936 0.328068 0.147007 0.047723 0.274149 0.129030 0.099678 0.227567 -0.087992 -0.091016 0.298821 -0.130394 -0.102936 0.489533 -0.117643 -0.022118 0.621415 0.092580 -0.063228 0.558978 0.044550 -0.005401 0.673570 -0.033028 0.073564 0.710166 0.125098 0.089916 0.526257 0.030053 0.184024 0.617002 -0.090926 0.246745 0.625346 0.114613 0.191668 0.425621 0.020694 0.281304 0.503950 -0.096248 0.338022 0.541042 0.079426 0.223691 0.340466 0.045282 0.309052 0.418178 -0.051247 0.358037 0.456724 
0.000000 0.000000 0.000000 -0.018880 -0.072334 -0.005936 0.174567 -0.155458 0.369661 0.165450 -0.031661 0.328270 0.145792 0.050613 0.274279 0.126904 0.102197 0.227645 -0.088411 -0.086122 0.298730 -0.131919 -0.094749 0.489370 -0.119390 -0.012461 0.620361 0.090436 -0.057873 0.556260 0.039590 0.001105 0.669036 -0.038355 0.079997 0.705006 0.120416 0.095456 0.523943 0.025933 0.189752 0.615078 -0.095385 0.251883 0.622886 0.119146 0.195223 0.426238 0.019110 0.282150 0.499909 -0.098004 0.338632 0.536816 0.075684 0.227191 0.338727 0.040428 0.313227 0.415187 -0.056247 0.362098 0.453509 
0.000000 0.000000 0.000000 -0.017579 -0.072638 -0.006215 0.177323 -0.153715 0.369078 0.165987 -0.029944 0.328160 0.144858 0.052170 0.274482 0.125048 0.103585 0.228044 -0.086511 -0.082839 0.298729 -0.129644 -0.089222 0.489543 -0.116765 -0.006273 0.620081 0.091248 -0.056130 0.554788 0.039227 0.002847 0.667027 -0.038796 0.081808 0.702675 0.119681 0.098709 0.522527 0.027728 0.193531 0.615683 -0.093685 0.255488 0.623408 0.118538 0.200113 0.423257 0.025316 0.291342 0.500573 -0.091722 0.347975 0.537487 0.075052 0.228146 0.340166 0.040638 0.313883 0.417342 -0.056058 0.362721 0.455655 
0.000000 0.000000 0.000000 -0.017511 -0.072698 -0.005677 0.178409 -0.150997 0.369676 0.166829 -0.027520 0.327945 0.145473 0.054202 0.273763 0.125489 0.105277 0.227025 -0.085114 -0.083660 0.299538 -0.127416 -0.090519 0.490521 -0.114153 -0.007093 0.620717 0.091569 -0.055738 0.556236 0.039086 0.001834 0.668988 -0.039019 0.080776 0.704500 0.121374 0.099382 0.523659 0.028452 0.193528 0.616539 -0.092987 0.255430 0.624287 0.120244 0.197541 0.427162 0.022633 0.285331 0.503028 -0.094447 0.341872 0.539954 0.073166 0.225502 0.342759 0.037150 0.308256 0.422420 -0.059591 0.356998 0.460742 
0.000000 0.000000 0.000000 -0.017563 -0.072696 -0.005548 0.178523 -0.150515 0.369817 0.167003 -0.027098 0.327892 0.145671 0.054550 0.273588 0.125695 0.105562 0.226779 -0.086941 -0.082749 0.299299 -0.130353 -0.089040 0.490053 -0.117186 -0.005367 0.620100 0.091565 -0.053627 0.555481 0.039009 0.004930 0.667691 -0.039030 0.084022 0.703009 0.126407 0.099898 0.524611 0.029373 0.194387 0.612819 -0.091988 0.256439 0.620591 0.116143 0.197691 0.426403 0.017658 0.285105 0.501572 -0.099491 0.341700 0.538194 0.069011 0.227429 0.338679 0.029994 0.311312 0.415702 -0.066820 0.360204 0.453646 
0.000000 0.000000 0.000000 -0.020033 -0.072157 -0.003989 0.173429 -0.148522 0.373034 0.166106 -0.025715 0.328458 0.147549 0.055426 0.272403 0.129306 0.106071 0.224500 -0.083549 -0.086194 0.301977 -0.123293 -0.094977 0.493431 -0.109811 -0.011288 0.623436 0.091499 -0.051963 0.561140 0.041984 0.006395 0.674827 -0.035728 0.085806 0.710152 0.137518 0.097399 0.529705 0.033058 0.191145 0.609857 -0.088151 0.253512 0.617473 0.120187 0.196990 0.427079 0.020672 0.283737 0.501661 -0.096418 0.340660 0.537960 0.073683 0.227997 0.336867 0.035397 0.311921 0.414211 -0.061230 0.361260 0.452054 
0.000000 0.000000 0.000000 -0.020004 -0.072182 -0.003666 0.172918 -0.146642 0.374013 0.165623 -0.024057 0.328827 0.147124 0.056803 0.272349 0.128936 0.107207 0.224172 -0.083823 -0.086283 0.302234 -0.123757 -0.095107 0.493646 -0.110433 -0.011060 0.623435 0.092175 -0.047936 0.561517 0.043377 0.011719 0.674840 -0.034224 0.091324 0.709972 0.135654 0.098124 0.530441 0.026894 0.190915 0.605845 -0.094338 0.253287 0.613041 0.131390 0.197821 0.429130 0.023241 0.280103 0.496393 -0.093689 0.337242 0.532870 0.073215 0.227422 0.338321 0.034861 0.310167 0.416892 -0.061709 0.359577 0.454789 
0.000000 0.000000 0.000000 -0.018856 -0.072471 -0.004042 0.175259 -0.145828 0.373241 0.166015 -0.023140 0.328696 0.146230 0.057710 0.272640 0.127239 0.108070 0.224727 -0.085118 -0.085476 0.301386 -0.126580 -0.093614 0.492504 -0.113555 -0.009329 0.622169 0.091473 -0.048207 0.559977 0.040834 0.010792 0.672834 -0.036971 0.090295 0.707744 0.131445 0.102189 0.527623 0.028556 0.196270 0.609398 -0.092782 0.258437 0.616590 0.126765 0.199805 0.428024 0.021497 0.283896 0.497580 -0.095490 0.340995 0.533935 0.071353 0.228079 0.339011 0.032886 0.310684 0.417675 -0.063690 0.360105 0.455540 
0.000000 0.000000 0.000000 -0.019678 -0.072301 -0.003053 0.175330 -0.143113 0.374257 0.167244 -0.020893 0.328223 0.148102 0.059467 0.271248 0.129453 0.109435 0.222794 -0.084093 -0.084988 0.302784 -0.124400 -0.092927 0.494157 -0.111275 -0.008203 0.623526 0.093184 -0.044118 0.560999 0.043538 0.015711 0.673861 -0.034503 0.095107 0.708487 0.134405 0.101459 0.529284 0.028473 0.194185 0.608687 -0.093020 0.256046 0.615899 0.117782 0.203260 0.423295 0.018513 0.290690 0.497406 -0.098768 0.347380 0.533455 0.072807 0.230074 0.336035 0.033816 0.313113 0.413981 -0.062718 0.362601 0.451865 
0.000000 0.000000 0.000000 -0.015833 -0.073180 -0.004232 0.183502 -0.139830 0.371571 0.168861 -0.017462 0.327595 0.145366 0.062708 0.271997 0.123991 0.112417 0.224410 -0.083905 -0.082335 0.300937 -0.126500 -0.088064 0.491893 -0.113553 -0.002939 0.621017 0.099031 -0.041001 0.557360 0.047978 0.018728 0.669646 -0.030340 0.097948 0.704050 0.130104 0.105527 0.527210 0.025772 0.197732 0.609293 -0.096078 0.258889 0.616479 0.109451 0.208234 0.421148 0.014646 0.298262 0.497945 -0.102799 0.354751 0.533776 0.068192 0.234574 0.336439 0.029785 0.318656 0.413551 -0.066967 0.367915 0.451178 
0.000000 0.000000 0.000000 -0.015732 -0.073215 -0.004000 0.183597 -0.138379 0.372067 0.168799 -0.016173 0.327693 0.145209 0.063785 0.271831 0.123778 0.113310 0.224078 -0.083066 -0.080585 0.301382 -0.125199 -0.085197 0.492470 -0.112347 0.000423 0.621275 0.097546 -0.035912 0.555140 0.045539 0.026017 0.665785 -0.032962 0.105298 0.699627 0.120914 0.114312 0.520449 0.027617 0.209320 0.612066 -0.094383 0.270217 0.618918 0.108681 0.209199 0.420942 0.013658 0.299106 0.497611 -0.103905 0.355471 0.533249 0.067462 0.236959 0.334195 0.028698 0.322069 0.409990 -0.068167 0.371145 0.447565 
0.000000 0.000000 0.000000 -0.016942 -0.072986 -0.003135 0.181780 -0.137082 0.373437 0.168941 -0.015170 0.327668 0.146598 0.064516 0.270911 0.125924 0.113833 0.222612 -0.082786 -0.079981 0.302581 -0.123987 -0.084358 0.493877 -0.111134 0.001716 0.622380 0.095626 -0.034653 0.556483 0.043557 0.027252 0.667111 -0.034978 0.106564 0.700803 0.128296 0.116815 0.521065 0.029945 0.212561 0.606412 -0.092055 0.273459 0.613264 0.106271 0.211129 0.417853 0.009975 0.301023 0.492933 -0.107695 0.357473 0.528079 0.067072 0.237604 0.331256 0.026563 0.322798 0.406038 -0.070283 0.372025 0.443463 
0.000000 0.000000 0.000000 -0.018074 -0.072749 -0.002209 0.179216 -0.135023 0.375421 0.168327 -0.013532 0.328055 0.147290 0.065747 0.270239 0.127440 0.114747 0.221276 -0.082474 -0.078947 0.303831 -0.122771 -0.082825 0.495331 -0.110085 0.003694 0.623552 0.097610 -0.034927 0.561811 0.048289 0.025569 0.674460 -0.030166 0.104878 0.708342 0.141227 0.118727 0.523625 0.040216 0.215200 0.604954 -0.081880 0.275890 0.611920 0.116070 0.215848 0.415871 0.021891 0.307979 0.490924 -0.095600 0.364880 0.525941 0.070583 0.241472 0.327551 0.031448 0.328699 0.400703 -0.065380 0.378239 0.437761 
0.000000 0.000000 0.000000 -0.017993 -0.072776 -0.001951 0.179123 -0.133441 0.376030 0.168133 -0.012137 0.328209 0.147047 0.066904 0.270087 0.127175 0.115702 0.220932 -0.082773 -0.076942 0.304043 -0.123307 -0.079549 0.495515 -0.110813 0.007502 0.623393 0.098404 -0.031279 0.561685 0.049619 0.030465 0.673889 -0.028944 0.109730 0.707623 0.139947 0.122508 0.521989 0.038351 0.219671 0.601753 -0.083775 0.280358 0.608199 0.119173 0.217254 0.416142 0.023112 0.308580 0.489779 -0.094526 0.365350 0.524513 0.071920 0.243514 0.326749 0.033886 0.331489 0.399585 -0.062935 0.381254 0.436357 
0.000000 0.000000 0.000000 -0.019136 -0.072501 -0.001163 0.176633 -0.132055 0.377693 0.167603 -0.011133 0.328516 0.147822 0.067579 0.269496 0.128768 0.116134 0.219779 -0.083417 -0.076895 0.304933 -0.123640 -0.079645 0.496468 -0.111325 0.007735 0.624139 0.097801 -0.029814 0.564113 0.050157 0.031978 0.676780 -0.028441 0.111284 0.710338 0.136740 0.120792 0.523753 0.034943 0.216940 0.604485 -0.087195 0.277644 0.610538 0.124744 0.216124 0.418210 0.024523 0.304825 0.489474 -0.093088 0.361618 0.524260 0.074588 0.241868 0.328599 0.037295 0.328413 0.403503 -0.059377 0.378277 0.440532 
0.000000 0.000000 0.000000 -0.019201 -0.072486 -0.001025 0.176913 -0.131591 0.377725 0.167936 -0.010742 0.328359 0.148161 0.067891 0.269231 0.129099 0.116381 0.219454 -0.081967 -0.076543 0.305390 -0.121243 -0.079083 0.497125 -0.108805 0.008394 0.624718 0.097126 -0.026932 0.562388 0.048905 0.036322 0.673993 -0.029670 0.115765 0.707279 0.136582 0.121904 0.523029 0.032259 0.217874 0.600689 -0.089846 0.278665 0.606524 0.121742 0.214472 0.419330 0.020818 0.302299 0.490685 -0.096824 0.359084 0.525381 0.074626 0.241422 0.328925 0.037132 0.327489 0.404276 -0.059405 0.377409 0.441583 
0.000000 0.000000 0.000000 -0.017939 -0.072804 -0.001267 0.180123 -0.129984 0.376763 0.168921 -0.009115 0.327902 0.147633 0.069396 0.269137 0.127604 0.117743 0.219602 -0.083011 -0.075656 0.304680 -0.123729 -0.077441 0.496122 -0.111429 0.010276 0.623563 0.097303 -0.022948 0.558708 0.047248 0.041741 0.668671 -0.031335 0.121383 0.701457 0.134338 0.127168 0.519489 0.032966 0.224530 0.599295 -0.089242 0.285130 0.604969 0.119547 0.216870 0.418055 0.017469 0.304415 0.488102 -0.100222 0.361259 0.522535 0.074358 0.244846 0.327286 0.037708 0.332333 0.401408 -0.058840 0.382279 0.438652 
0.000000 0.000000 0.000000 -0.016836 -0.073060 -0.001618 0.182746 -0.129196 0.375769 0.169626 -0.008258 0.327561 0.147045 0.070225 0.269244 0.126197 0.118520 0.219996 -0.083330 -0.074523 0.304033 -0.124938 -0.075438 0.495290 -0.112526 0.012687 0.622438 0.099783 -0.021005 0.556965 0.049642 0.044383 0.666475 -0.028779 0.124222 0.699173 0.134660 0.127561 0.519407 0.033612 0.224755 0.599827 -0.088596 0.285339 0.605658 0.109466 0.221368 0.412273 0.015592 0.314372 0.486629 -0.102168 0.371367 0.520571 0.071834 0.246767 0.325749 0.034416 0.335042 0.398541 -0.062148 0.385101 0.435590 
0.000000 0.000000 0.000000 -0.015842 -0.073280 -0.001719 0.185619 -0.127453 0.374956 0.170705 -0.006607 0.327037 0.146881 0.071679 0.268950 0.125228 0.119785 0.219865 -0.082983 -0.073697 0.303794 -0.124995 -0.073958 0.494964 -0.112265 0.014473 0.621868 0.104017 -0.019407 0.556855 0.054699 0.045892 0.666790 -0.023554 0.125816 0.699682 0.123643 0.132735 0.513700 0.028168 0.231079 0.599360 -0.094208 0.291376 0.604630 0.106758 0.226973 0.406745 0.020037 0.324941 0.483378 -0.097583 0.382358 0.517094 0.071215 0.249653 0.323802 0.034036 0.339044 0.395344 -0.062422 0.389463 0.432183 
0.000000 0.000000 0.000000 -0.016995 -0.073039 -0.000644 0.183222 -0.124745 0.377039 0.170263 -0.004410 0.327304 0.147734 0.073365 0.268027 0.126891 0.121067 0.218203 -0.083436 -0.072597 0.305022 -0.125009 -0.072321 0.496288 -0.112413 0.016640 0.622835 0.102988 -0.017064 0.559761 0.054496 0.048016 0.670194 -0.023834 0.127931 0.702921 0.130056 0.135101 0.515438 0.027822 0.232949 0.593532 -0.094606 0.293181 0.598322 0.119046 0.227291 0.410144 0.017674 0.317328 0.478026 -0.100080 0.374569 0.511573 0.073132 0.251343 0.321762 0.036128 0.341013 0.393044 -0.060361 0.391424 0.429810 
0.000000 0.000000 0.000000 -0.018135 -0.072766 0.000289 0.181208 -0.122742 0.378667 0.170137 -0.002867 0.327387 0.148833 0.074483 0.267109 0.128743 0.121861 0.216670 -0.082436 -0.069761 0.306397 -0.122672 -0.067880 0.497940 -0.110064 0.021638 0.624092 0.102354 -0.013526 0.561079 0.054698 0.052481 0.671324 -0.023697 0.132558 0.703495 0.143825 0.134436 0.519559 0.035088 0.230872 0.590277 -0.087488 0.290802 0.595065 0.117372 0.225930 0.411289 0.015671 0.315338 0.479508 -0.102170 0.372684 0.512568 0.074350 0.251526 0.320664 0.036910 0.340777 0.392245 -0.059524 0.391506 0.428718 
0.000000 0.000000 0.000000 -0.019245 -0.072471 0.001203 0.179563 -0.120781 0.380078 0.170293 -0.001398 0.327316 0.150135 0.075514 0.266089 0.130739 0.122563 0.215074 -0.081003 -0.068072 0.307818 -0.119647 -0.065320 0.499678 -0.106989 0.024579 0.625554 0.104147 -0.010705 0.563425 0.058569 0.055821 0.674236 -0.019692 0.136078 0.706286 0.144145 0.135266 0.519965 0.038949 0.232414 0.594936 -0.083710 0.292184 0.599601 0.120387 0.227626 0.409932 0.022752 0.319488 0.480781 -0.095057 0.376972 0.513715 0.074243 0.249341 0.321478 0.035355 0.336604 0.394718 -0.061068 0.387599 0.430848 
0.000000 0.000000 0.000000 -0.019192 -0.072484 0.001274 0.179303 -0.120181 0.380391 0.169991 -0.000870 0.327474 0.149830 0.075952 0.266136 0.130446 0.122924 0.215046 -0.081220 -0.068261 0.307837 -0.120033 -0.065618 0.499664 -0.107715 0.024176 0.625649 0.106424 -0.005389 0.561862 0.062377 0.063988 0.671537 -0.015988 0.144137 0.703603 0.143643 0.136219 0.519794 0.036365 0.232957 0.592307 -0.086334 0.292656 0.596796 0.114199 0.230475 0.406017 0.021745 0.325723 0.479304 -0.096204 0.383061 0.511990 0.073669 0.250818 0.319954 0.034588 0.338850 0.392165 -0.061926 0.389773 0.428151 
0.000000 0.000000 0.000000 -0.018008 -0.072796 0.000521 0.181165 -0.121155 0.379198 0.169921 -0.001472 0.327509 0.148523 0.075638 0.266957 0.128385 0.122812 0.216346 -0.082113 -0.069245 0.306665 -0.122226 -0.067023 0.498230 -0.110003 0.022277 0.624574 0.104266 -0.007661 0.559824 0.057791 0.060931 0.668990 -0.021023 0.140549 0.701278 0.139298 0.134504 0.519985 0.033083 0.230736 0.594701 -0.089686 0.290274 0.599422 0.117835 0.230651 0.407466 0.020674 0.323081 0.478228 -0.097347 0.379692 0.511907 0.071212 0.249210 0.322840 0.031859 0.336213 0.396142 -0.064639 0.386726 0.432744 
0.000000 0.000000 0.000000 -0.014476 -0.073531 -0.002734 0.188801 -0.129290 0.372731 0.171528 -0.008074 0.326573 0.146118 0.070572 0.269658 0.123463 0.118960 0.221307 -0.077508 -0.070661 0.303639 -0.116949 -0.068866 0.495348 -0.102878 0.017404 0.623592 0.106525 -0.021622 0.554551 0.056799 0.043450 0.664437 -0.022148 0.122297 0.698255 0.115189 0.136001 0.506969 0.029706 0.236187 0.600670 -0.093015 0.295678 0.606980 0.098527 0.225839 0.405086 0.018840 0.326235 0.486090 -0.098879 0.382375 0.521567 0.069093 0.249490 0.324224 0.031668 0.339336 0.395065 -0.063949 0.389114 0.434848 
0.000000 0.000000 0.000000 -0.016200 -0.073140 -0.003459 0.185385 -0.137314 0.371574 0.171010 -0.015282 0.326587 0.147507 0.064490 0.270424 0.126038 0.113865 0.222532 -0.082440 -0.075015 0.302245 -0.123889 -0.076188 0.493535 -0.109643 0.006435 0.624139 0.101362 -0.034134 0.555189 0.050580 0.028224 0.666160 -0.028250 0.106859 0.700739 0.132584 0.112844 0.523010 0.033209 0.206482 0.609503 -0.089046 0.266615 0.618282 0.113758 0.209360 0.420714 0.021402 0.299475 0.500342 -0.095718 0.355369 0.538113 0.066895 0.232815 0.336283 0.026186 0.314690 0.414580 -0.069342 0.363663 0.455559 
0.000000 0.000000 0.000000 -0.018294 -0.072548 -0.005092 0.179343 -0.150474 0.369438 0.168750 -0.027152 0.326991 0.147869 0.054440 0.272429 0.128096 0.105420 0.225498 -0.078493 -0.091851 0.301257 -0.116162 -0.103929 0.492951 -0.101105 -0.027388 0.627120 0.097415 -0.055913 0.558557 0.047900 0.001238 0.672856 -0.030016 0.079567 0.710094 0.130670 0.090771 0.529769 0.031343 0.181256 0.619609 -0.089994 0.242892 0.630459 0.120747 0.187990 0.434115 0.021097 0.270986 0.512679 -0.095392 0.326820 0.552440 0.075439 0.221604 0.345142 0.039195 0.301576 0.427496 -0.055433 0.350704 0.470334 
0.000000 0.000000 0.000000 -0.018050 -0.072299 -0.008420 0.183822 -0.167394 0.359832 0.172281 -0.042208 0.323535 0.150495 0.041837 0.273216 0.130022 0.094943 0.229022 -0.077476 -0.089119 0.298226 -0.114662 -0.099644 0.490105 -0.097104 -0.027315 0.626293 0.109433 -0.071213 0.551236 0.064474 -0.013083 0.666915 -0.011994 0.065254 0.707028 0.137588 0.078274 0.525413 0.047912 0.170278 0.623484 -0.072240 0.233326 0.638584 0.096211 0.179341 0.424410 0.037681 0.275496 0.525994 -0.077368 0.331772 0.569176 0.081605 0.210308 0.351222 0.048278 0.289716 0.435335 -0.045240 0.338433 0.480988 
0.000000 0.000000 0.000000 -0.020731 -0.071466 -0.009312 0.178091 -0.178732 0.357252 0.171135 -0.052745 0.322596 0.152395 0.032695 0.273410 0.133830 0.087089 0.229948 -0.077337 -0.101750 0.296833 -0.112758 -0.120699 0.488399 -0.095281 -0.054591 0.627722 0.106603 -0.095653 0.555765 0.063398 -0.045442 0.675741 -0.011775 0.031903 0.720012 0.152153 0.049852 0.536109 0.061371 0.136856 0.637664 -0.057802 0.200775 0.656412 0.134155 0.165216 0.437176 0.054537 0.253269 0.531507 -0.059326 0.309322 0.577998 0.093071 0.195135 0.361292 0.065017 0.269504 0.451699 -0.027664 0.317525 0.499734 
0.000000 0.000000 0.000000 -0.021319 -0.070774 -0.012667 0.175151 -0.196576 0.349242 0.169432 -0.069070 0.320405 0.151629 0.018708 0.275145 0.133708 0.075210 0.234173 -0.084955 -0.116658 0.290139 -0.124774 -0.145369 0.479616 -0.108174 -0.088292 0.622980 0.103467 -0.121792 0.550957 0.060143 -0.076595 0.672868 -0.013482 -0.000796 0.722132 0.145237 0.022043 0.538551 0.044081 0.105087 0.633396 -0.074491 0.169486 0.654201 0.123180 0.140859 0.445391 0.038410 0.222978 0.540582 -0.075124 0.278518 0.588471 0.088998 0.177643 0.368689 0.058222 0.248150 0.461280 -0.034431 0.294627 0.510862 
0.000000 0.000000 0.000000 -0.019140 -0.070363 -0.017510 0.182840 -0.214710 0.334304 0.172981 -0.085754 0.314422 0.152218 0.004347 0.275421 0.132342 0.062962 0.238522 -0.077976 -0.128553 0.284150 -0.114792 -0.164963 0.472909 -0.094768 -0.115624 0.618688 0.117812 -0.143077 0.539390 0.078511 -0.099784 0.663338 0.007265 -0.024934 0.717326 0.135019 0.001267 0.532276 0.050278 0.078570 0.646152 -0.066873 0.143949 0.671465 0.150683 0.123315 0.450230 0.066325 0.203812 0.547156 -0.044963 0.259204 0.600209 0.098873 0.167823 0.374427 0.075835 0.240001 0.467973 -0.014972 0.286046 0.521237 
0.000000 0.000000 0.000000 -0.022152 -0.069074 -0.019025 0.177867 -0.230286 0.326530 0.172974 -0.100575 0.310003 0.155407 -0.008752 0.273530 0.137483 0.051531 0.238357 -0.081794 -0.136472 0.280553 -0.119113 -0.178646 0.468009 -0.097684 -0.135666 0.615591 0.115004 -0.173432 0.536854 0.077012 -0.139070 0.663967 0.007302 -0.065794 0.721969 0.147919 -0.028632 0.535106 0.053971 0.046851 0.642812 -0.062058 0.112655 0.671906 0.140512 0.091627 0.459045 0.059561 0.165049 0.564149 -0.050915 0.219410 0.619898 0.096071 0.140983 0.382821 0.067566 0.202554 0.482258 -0.022482 0.247381 0.537800 
0.000000 0.000000 0.000000 -0.018299 -0.068413 -0.024671 0.184313 -0.245701 0.311369 0.173060 -0.115504 0.304707 0.151395 -0.022125 0.275021 0.130963 0.039730 0.244216 -0.079870 -0.143128 0.272773 -0.118397 -0.189880 0.458894 -0.096728 -0.154172 0.608368 0.116520 -0.196627 0.522120 0.075548 -0.166969 0.649492 0.006718 -0.095814 0.711076 0.138409 -0.045472 0.529138 0.057596 0.024174 0.650560 -0.057409 0.090460 0.682487 0.142042 0.070000 0.465124 0.060836 0.139925 0.572394 -0.048814 0.193368 0.630608 0.101287 0.130623 0.390654 0.080861 0.193185 0.491450 -0.008535 0.236594 0.549133 
0.000000 0.000000 0.000000 -0.023245 -0.067025 -0.024315 0.177513 -0.258139 0.305194 0.174233 -0.127465 0.299220 0.157599 -0.032782 0.270433 0.140192 0.030367 0.240406 -0.078647 -0.157848 0.269841 -0.113314 -0.214679 0.453905 -0.089999 -0.185173 0.604480 0.113687 -0.208860 0.517132 0.075112 -0.179077 0.645222 0.007503 -0.108986 0.709327 0.161120 -0.063341 0.527672 0.080867 0.007615 0.648706 -0.033103 0.073992 0.683981 0.140360 0.055274 0.461909 0.062234 0.122761 0.572961 -0.046826 0.175359 0.633023 0.115625 0.104743 0.396774 0.098714 0.155938 0.504405 0.010545 0.197980 0.564918 
0.000000 0.000000 0.000000 -0.023392 -0.066270 -0.026173 0.180735 -0.267261 0.295290 0.177236 -0.136470 0.293429 0.160210 -0.040960 0.267771 0.142440 0.023068 0.239896 -0.081152 -0.166140 0.264577 -0.117295 -0.228633 0.446510 -0.093153 -0.203250 0.597704 0.114126 -0.224268 0.507740 0.073869 -0.198283 0.636139 0.006914 -0.130068 0.702898 0.154805 -0.073242 0.521407 0.082099 -0.007378 0.649860 -0.031504 0.058370 0.687421 0.145486 0.035009 0.464559 0.063214 0.096951 0.575849 -0.045291 0.147751 0.638411 0.110675 0.093743 0.396683 0.088811 0.142390 0.504603 0.000827 0.182956 0.566380 
0.000000 0.000000 0.000000 -0.026534 -0.065233 -0.025776 0.177692 -0.275056 0.289931 0.179122 -0.144220 0.288536 0.165109 -0.048035 0.263586 0.149101 0.016727 0.236348 -0.080176 -0.182922 0.259036 -0.113742 -0.256564 0.437254 -0.089033 -0.236172 0.589110 0.121886 -0.245906 0.507775 0.088159 -0.228289 0.639434 0.022084 -0.162633 0.709552 0.168725 -0.114249 0.524053 0.082094 -0.055834 0.647372 -0.031555 0.008165 0.687709 0.160556 0.013654 0.465793 0.066309 0.070428 0.570124 -0.042044 0.119115 0.634601 0.111338 0.080921 0.394586 0.085345 0.125106 0.503505 -0.002813 0.163900 0.566166 
0.000000 0.000000 0.000000 -0.024101 -0.064791 -0.029071 0.185685 -0.282431 0.277569 0.182544 -0.151709 0.282487 0.165306 -0.054974 0.262103 0.147186 0.010436 0.237905 -0.074758 -0.180903 0.256933 -0.106456 -0.253558 0.435895 -0.080695 -0.237066 0.588050 0.123194 -0.254488 0.493750 0.085425 -0.237601 0.624403 0.019336 -0.174318 0.696658 0.143717 -0.093664 0.509639 0.080133 -0.038760 0.647723 -0.033726 0.024212 0.689074 0.144735 0.009469 0.462446 0.062976 0.064030 0.577899 -0.045297 0.110603 0.644050 0.116664 0.073199 0.398265 0.095656 0.116401 0.508644 0.008284 0.152713 0.573841 
0.000000 0.000000 0.000000 -0.025613 -0.064412 -0.028618 0.185311 -0.285200 0.274975 0.184398 -0.154440 0.279791 0.168439 -0.057453 0.259564 0.151022 0.008225 0.235575 -0.067265 -0.187582 0.255883 -0.093328 -0.264653 0.433905 -0.066406 -0.251303 0.586167 0.131303 -0.266604 0.494423 0.098662 -0.255365 0.627052 0.032606 -0.194195 0.701134 0.180493 -0.118844 0.514721 0.094048 -0.059563 0.637756 -0.019840 0.001580 0.681694 0.166420 0.002971 0.462194 0.074473 0.055947 0.570499 -0.033584 0.100604 0.638304 0.114842 0.061408 0.398206 0.089938 0.098015 0.510149 0.002363 0.132054 0.576293 
0.000000 0.000000 0.000000 -0.022593 -0.064314 -0.031260 0.194253 -0.287265 0.266524 0.187809 -0.156924 0.276116 0.168008 -0.059999 0.259268 0.148102 0.005744 0.237495 -0.064585 -0.188456 0.252767 -0.090861 -0.266136 0.430493 -0.064315 -0.255682 0.583047 0.134448 -0.270631 0.484622 0.098304 -0.260578 0.616435 0.031244 -0.201771 0.691520 0.176868 -0.123015 0.511073 0.095862 -0.069842 0.640438 -0.018829 -0.011464 0.686016 0.162500 0.006905 0.459785 0.081550 0.059516 0.576703 -0.026840 0.101216 0.645846 0.118481 0.063670 0.399833 0.098092 0.103541 0.511573 0.010094 0.135003 0.578428 
0.000000 0.000000 0.000000 -0.019489 -0.064315 -0.033281 0.206102 -0.285929 0.258953 0.193647 -0.156365 0.272375 0.169493 -0.059986 0.258302 0.146685 0.005400 0.238381 -0.062935 -0.195640 0.247276 -0.090122 -0.277813 0.422831 -0.063079 -0.269468 0.575428 0.142137 -0.270053 0.475925 0.103479 -0.260458 0.607057 0.035647 -0.203824 0.683112 0.184218 -0.123392 0.507531 0.106309 -0.073227 0.639962 -0.008786 -0.017297 0.687547 0.148949 0.005770 0.458222 0.072131 0.055404 0.579160 -0.036892 0.093998 0.649107 0.112834 0.060125 0.401002 0.089533 0.097793 0.512937 0.001328 0.127119 0.580487 
0.000000 0.000000 0.000000 -0.016385 -0.064307 -0.034929 0.216344 -0.282655 0.254149 0.198119 -0.154107 0.270439 0.169880 -0.058570 0.258373 0.144391 0.006208 0.239758 -0.057328 -0.196779 0.245466 -0.082948 -0.279672 0.420918 -0.055322 -0.272292 0.573461 0.155695 -0.268079 0.472161 0.119040 -0.259269 0.603922 0.050946 -0.203986 0.680734 0.178704 -0.127971 0.505841 0.100347 -0.084381 0.640321 -0.015661 -0.031267 0.688904 0.155061 0.001357 0.460618 0.074343 0.046896 0.580624 -0.034805 0.082456 0.651969 0.114503 0.058992 0.403791 0.093930 0.095324 0.516698 0.005711 0.122114 0.585275 
0.000000 0.000000 0.000000 -0.016299 -0.064580 -0.034461 0.221257 -0.279923 0.252940 0.202266 -0.151441 0.268871 0.173188 -0.056169 0.256705 0.147013 0.008337 0.238094 -0.049507 -0.196482 0.247222 -0.070286 -0.279017 0.423481 -0.042122 -0.271655 0.575926 0.159227 -0.271136 0.470873 0.121738 -0.265825 0.602587 0.052622 -0.212548 0.679903 0.203367 -0.132935 0.505790 0.113821 -0.086845 0.632209 -0.002579 -0.036068 0.682331 0.158833 0.000090 0.460033 0.078940 0.043015 0.581546 -0.030353 0.076558 0.653644 0.115649 0.065282 0.400451 0.094060 0.104478 0.512204 0.005678 0.129622 0.581193 
0.000000 0.000000 0.000000 -0.014106 -0.064603 -0.035375 0.231527 -0.275649 0.248401 0.208081 -0.148159 0.266249 0.175652 -0.053798 0.255536 0.147188 0.010014 0.237921 -0.047458 -0.199203 0.245011 -0.068327 -0.283427 0.420459 -0.039686 -0.276574 0.572839 0.165748 -0.271404 0.465369 0.125992 -0.268839 0.596499 0.056231 -0.217356 0.674447 0.191088 -0.121450 0.501775 0.107616 -0.078696 0.633415 -0.009682 -0.030235 0.683734 0.153798 -0.000190 0.458913 0.069403 0.039458 0.578480 -0.040545 0.070146 0.650852 0.112403 0.061524 0.401393 0.088460 0.096980 0.513913 -0.000132 0.120378 0.583246 
0.000000 0.000000 0.000000 -0.014980 -0.064963 -0.034341 0.233661 -0.273800 0.248448 0.211179 -0.145964 0.265020 0.179112 -0.051564 0.253587 0.150741 0.012181 0.235584 -0.043312 -0.202207 0.245315 -0.061041 -0.288085 0.420306 -0.032793 -0.282508 0.572811 0.175028 -0.267350 0.467401 0.139592 -0.263452 0.599731 0.069495 -0.213935 0.678647 0.197788 -0.120826 0.500950 0.116312 -0.080498 0.634591 -0.001646 -0.034437 0.685617 0.163315 0.006598 0.456272 0.074049 0.045801 0.572399 -0.036100 0.074385 0.645325 0.114873 0.063236 0.398965 0.090185 0.098379 0.511423 0.001235 0.119066 0.581159 
0.000000 0.000000 0.000000 -0.013685 -0.065280 -0.034281 0.241084 -0.268483 0.247155 0.215801 -0.141191 0.263879 0.181548 -0.047538 0.252639 0.151649 0.015551 0.234802 -0.037153 -0.207540 0.243312 -0.051839 -0.296557 0.417011 -0.022734 -0.291625 0.569377 0.182601 -0.262565 0.466164 0.147255 -0.258989 0.598527 0.076413 -0.210974 0.677705 0.212784 -0.121473 0.500684 0.124114 -0.082250 0.630005 0.005551 -0.039340 0.682359 0.181183 0.013819 0.454998 0.087760 0.050740 0.568575 -0.021953 0.076303 0.643258 0.113065 0.064916 0.398083 0.086507 0.098895 0.510472 -0.002417 0.117344 0.580866 
0.000000 0.000000 0.000000 -0.009729 -0.064746 -0.036567 0.251804 -0.263352 0.241932 0.219545 -0.138197 0.262372 0.180492 -0.046169 0.253648 0.147505 0.015803 0.237410 -0.033439 -0.201199 0.243906 -0.048275 -0.286582 0.419407 -0.018819 -0.281109 0.571687 0.185141 -0.260186 0.458649 0.144851 -0.258272 0.589626 0.072834 -0.212075 0.668826 0.217860 -0.111682 0.498525 0.125580 -0.070817 0.624775 0.006434 -0.030193 0.677626 0.168956 0.018024 0.454794 0.082911 0.055728 0.573813 -0.027193 0.079223 0.648600 0.110575 0.067708 0.400286 0.085155 0.103435 0.512396 -0.003780 0.120218 0.583192 
0.000000 0.000000 0.000000 -0.005724 -0.064181 -0.038366 0.262293 -0.255829 0.238839 0.223060 -0.133167 0.262008 0.179227 -0.043161 0.255070 0.143174 0.017366 0.239939 -0.030638 -0.201468 0.241595 -0.046227 -0.287373 0.416776 -0.017054 -0.281080 0.569079 0.195220 -0.250278 0.455381 0.154683 -0.246923 0.586254 0.082131 -0.201346 0.665324 0.194055 -0.100997 0.495671 0.123955 -0.066750 0.637226 0.004211 -0.027692 0.689905 0.159439 0.020348 0.455791 0.080044 0.058020 0.579355 -0.030421 0.079521 0.654211 0.109803 0.072208 0.402620 0.086832 0.109957 0.514596 -0.002258 0.125319 0.585519 
0.000000 0.000000 0.000000 -0.004784 -0.064352 -0.038208 0.266277 -0.251276 0.239264 0.225217 -0.129162 0.262167 0.180031 -0.039843 0.255044 0.143060 0.020098 0.239794 -0.031075 -0.204205 0.240354 -0.047527 -0.291715 0.414659 -0.018590 -0.285194 0.566998 0.201043 -0.251086 0.456439 0.161618 -0.250972 0.587693 0.088864 -0.206399 0.667150 0.187399 -0.097366 0.494617 0.115904 -0.064985 0.635913 -0.004626 -0.027695 0.688081 0.160342 0.028451 0.454198 0.078913 0.066902 0.576188 -0.031890 0.087448 0.650810 0.105356 0.076923 0.400839 0.079405 0.116038 0.511690 -0.009996 0.130553 0.582401 
0.000000 0.000000 0.000000 -0.005369 -0.064728 -0.037489 0.265579 -0.250455 0.240895 0.225427 -0.127829 0.262639 0.180807 -0.038292 0.254732 0.144174 0.021728 0.238983 -0.028833 -0.202109 0.242550 -0.043516 -0.288074 0.417781 -0.014290 -0.280582 0.570019 0.203159 -0.250697 0.458895 0.165434 -0.250843 0.590648 0.092210 -0.206880 0.670011 0.188558 -0.096460 0.495300 0.113535 -0.063953 0.634725 -0.007479 -0.027749 0.686537 0.152814 0.032016 0.452184 0.074314 0.071914 0.575620 -0.036891 0.091658 0.649861 0.102657 0.076785 0.399704 0.074080 0.114683 0.510332 -0.015614 0.128675 0.580776 
0.000000 0.000000 0.000000 -0.005164 -0.064824 -0.037351 0.266430 -0.249081 0.241380 0.225883 -0.126540 0.262872 0.180971 -0.037165 0.254783 0.144140 0.022701 0.238913 -0.026994 -0.200802 0.243504 -0.040654 -0.285888 0.419245 -0.011397 -0.277254 0.571417 0.203138 -0.250522 0.459123 0.164885 -0.251393 0.590721 0.091186 -0.207539 0.669704 0.193377 -0.096239 0.496323 0.115569 -0.063259 0.634102 -0.005446 -0.027217 0.686022 0.147923 0.030008 0.452544 0.072324 0.069443 0.577925 -0.039039 0.088892 0.652006 0.103971 0.080310 0.399081 0.076322 0.119964 0.509328 -0.013414 0.133936 0.579722 
0.000000 0.000000 0.000000 -0.005042 -0.064771 -0.037458 0.265863 -0.249340 0.241737 0.225218 -0.126844 0.263296 0.180297 -0.037472 0.255215 0.143489 0.022405 0.239332 -0.022998 -0.200300 0.243888 -0.034234 -0.285104 0.419937 -0.004845 -0.276894 0.572107 0.203468 -0.245112 0.459703 0.165758 -0.242557 0.591435 0.091929 -0.198639 0.670263 0.195158 -0.092662 0.496539 0.120435 -0.058165 0.635647 -0.000610 -0.022150 0.687517 0.159952 0.026016 0.455887 0.079079 0.061879 0.579030 -0.032220 0.080699 0.653369 0.108845 0.084185 0.399236 0.084999 0.126710 0.509301 -0.004664 0.140641 0.579797 
0.000000 0.000000 0.000000 -0.005921 -0.065051 -0.036839 0.264218 -0.250028 0.242828 0.225014 -0.126901 0.263443 0.181039 -0.037118 0.254742 0.144817 0.023012 0.238474 -0.021545 -0.201517 0.244193 -0.031321 -0.286908 0.420045 -0.002122 -0.279065 0.572271 0.204025 -0.246920 0.461431 0.167646 -0.245041 0.593549 0.093799 -0.201319 0.672468 0.199613 -0.093231 0.497314 0.123985 -0.058395 0.635847 0.002891 -0.022546 0.687715 0.166642 0.023623 0.456774 0.081376 0.057057 0.577615 -0.029839 0.075474 0.652182 0.109788 0.084718 0.398323 0.085677 0.127191 0.508350 -0.003983 0.140966 0.578879 
0.000000 0.000000 0.000000 -0.006813 -0.065318 -0.036207 0.263308 -0.250467 0.243363 0.225472 -0.126772 0.263113 0.182338 -0.036635 0.253884 0.146611 0.023707 0.237306 -0.017521 -0.205472 0.243236 -0.024221 -0.293170 0.418094 0.005528 -0.286128 0.570253 0.205306 -0.248506 0.462571 0.170252 -0.247321 0.595054 0.096364 -0.204075 0.674196 0.200697 -0.094633 0.497266 0.124033 -0.060758 0.635468 0.002744 -0.025799 0.687488 0.167528 0.022444 0.456378 0.081110 0.054573 0.576755 -0.030059 0.072323 0.651551 0.111984 0.082028 0.398508 0.088150 0.122171 0.509466 -0.001272 0.135376 0.580405 
0.000000 0.000000 0.000000 -0.006361 -0.065332 -0.036264 0.266121 -0.248499 0.242318 0.227293 -0.125153 0.262321 0.183368 -0.035376 0.253320 0.147081 0.024679 0.236916 -0.017098 -0.205289 0.243277 -0.023816 -0.292865 0.418195 0.005822 -0.285044 0.570337 0.203078 -0.246493 0.460129 0.164977 -0.245281 0.591768 0.090572 -0.202530 0.670694 0.201396 -0.096336 0.496785 0.122382 -0.064357 0.634112 0.000836 -0.030557 0.686297 0.168790 0.024184 0.455691 0.084661 0.056353 0.577667 -0.026381 0.073252 0.652848 0.106859 0.083879 0.396489 0.079173 0.124628 0.506327 -0.010497 0.137068 0.577092 
0.000000 0.000000 0.000000 -0.003648 -0.064857 -0.037472 0.273609 -0.242696 0.239849 0.230029 -0.121275 0.261757 0.182819 -0.033060 0.254028 0.144413 0.025880 0.238425 -0.019286 -0.201175 0.243631 -0.029071 -0.286474 0.419527 -0.000213 -0.277706 0.571768 0.210325 -0.238026 0.457549 0.172079 -0.235204 0.589122 0.097385 -0.192855 0.667992 0.185507 -0.085916 0.492499 0.122374 -0.055724 0.638194 0.000561 -0.022650 0.690225 0.150885 0.032555 0.452494 0.078361 0.070339 0.580179 -0.033122 0.086549 0.654856 0.105979 0.085346 0.398340 0.079524 0.126278 0.508413 -0.010196 0.138065 0.579226 
0.000000 0.000000 0.000000 -0.003123 -0.064891 -0.037461 0.273871 -0.241086 0.241169 0.229523 -0.119899 0.262832 0.181862 -0.031949 0.254856 0.143201 0.026771 0.239056 -0.018437 -0.201389 0.243573 -0.028020 -0.286801 0.419426 0.000610 -0.277614 0.571684 0.212764 -0.236026 0.459482 0.175833 -0.232968 0.591424 0.100585 -0.191096 0.670022 0.185398 -0.086464 0.493936 0.119809 -0.057267 0.638748 -0.002471 -0.025362 0.690411 0.151560 0.035604 0.452927 0.073858 0.072494 0.577796 -0.038018 0.088037 0.652027 0.104930 0.086620 0.398868 0.078588 0.127815 0.508869 -0.011384 0.138972 0.579466 
0.000000 0.000000 0.000000 -0.003573 -0.065422 -0.036485 0.271845 -0.239467 0.245043 0.228384 -0.117642 0.264837 0.181388 -0.029469 0.255492 0.143180 0.029293 0.238773 -0.018833 -0.201362 0.244822 -0.028382 -0.286425 0.420846 -0.000965 -0.276916 0.573308 0.211546 -0.234973 0.463592 0.175103 -0.232257 0.595678 0.099034 -0.190772 0.673688 0.206084 -0.081928 0.498721 0.123429 -0.047429 0.633267 0.000810 -0.016081 0.684465 0.148948 0.039974 0.452568 0.071578 0.078050 0.577287 -0.040860 0.093545 0.650674 0.106771 0.088629 0.399209 0.081709 0.129471 0.509641 -0.008485 0.140226 0.580015 
0.000000 0.000000 0.000000 -0.002078 -0.065048 -0.037261 0.273277 -0.237660 0.245210 0.227549 -0.116820 0.265917 0.179165 -0.029349 0.257070 0.140143 0.028950 0.240609 -0.018459 -0.199277 0.244804 -0.028710 -0.283269 0.421302 -0.002226 -0.273279 0.573898 0.207972 -0.234602 0.462342 0.168502 -0.232755 0.593570 0.091602 -0.191923 0.671109 0.200495 -0.076974 0.498629 0.119998 -0.041505 0.634227 -0.003122 -0.010694 0.684540 0.146378 0.043493 0.452857 0.074178 0.084634 0.579686 -0.038604 0.099832 0.652605 0.100452 0.095295 0.397483 0.073132 0.140962 0.505461 -0.017741 0.151699 0.574959 
0.000000 0.000000 0.000000 -0.000282 -0.064997 -0.037407 0.275591 -0.232309 0.247734 0.227071 -0.112517 0.268172 0.176930 -0.026079 0.258963 0.136856 0.031410 0.242188 -0.017788 -0.195916 0.246142 -0.028742 -0.277837 0.423569 -0.003144 -0.266008 0.576185 0.210635 -0.231466 0.464990 0.171377 -0.230957 0.596294 0.093835 -0.190347 0.673308 0.197361 -0.078043 0.501417 0.114968 -0.045361 0.636575 -0.008736 -0.015190 0.685833 0.147985 0.047384 0.455124 0.067865 0.085917 0.577952 -0.045594 0.100494 0.649942 0.093949 0.099896 0.397284 0.064415 0.147037 0.504040 -0.027135 0.157828 0.572635 
0.000000 0.000000 0.000000 0.000415 -0.065107 -0.037212 0.275160 -0.229819 0.250521 0.225727 -0.110277 0.270229 0.175112 -0.024188 0.260379 0.134803 0.032996 0.243127 -0.017657 -0.193742 0.247345 -0.028966 -0.274232 0.425402 -0.004735 -0.261838 0.578197 0.205662 -0.224591 0.466305 0.163660 -0.221431 0.596719 0.084925 -0.180797 0.672500 0.192748 -0.073154 0.502626 0.104828 -0.039356 0.633974 -0.019615 -0.009949 0.681814 0.131152 0.046016 0.454936 0.052306 0.084546 0.578587 -0.062147 0.098230 0.649165 0.093482 0.102219 0.398327 0.065041 0.149867 0.505154 -0.026924 0.160019 0.573290 
0.000000 0.000000 0.000000 0.000363 -0.065719 -0.036122 0.272933 -0.226650 0.255788 0.223856 -0.106613 0.273239 0.173625 -0.020509 0.261687 0.133629 0.036531 0.243269 -0.016608 -0.195089 0.248170 -0.027227 -0.276041 0.426061 -0.004577 -0.262708 0.579018 0.205863 -0.217592 0.472213 0.165328 -0.212116 0.603015 0.085628 -0.171633 0.677862 0.192430 -0.067708 0.505561 0.110078 -0.033970 0.640485 -0.014906 -0.005480 0.687461 0.127474 0.051905 0.454922 0.050276 0.092199 0.579050 -0.064974 0.105289 0.648434 0.088826 0.103130 0.398651 0.057987 0.148972 0.505603 -0.034853 0.158298 0.572663 
0.000000 0.000000 0.000000 0.000377 -0.066403 -0.034847 0.270870 -0.222419 0.261628 0.222037 -0.101934 0.276489 0.172115 -0.015933 0.263000 0.132383 0.040849 0.243264 -0.013825 -0.197475 0.248816 -0.022711 -0.279492 0.426314 -0.001315 -0.264983 0.579345 0.203482 -0.209608 0.477764 0.162755 -0.201866 0.608391 0.081875 -0.161425 0.681986 0.199832 -0.072735 0.511284 0.100589 -0.041726 0.635033 -0.025306 -0.014404 0.680236 0.124421 0.052127 0.457439 0.047686 0.090348 0.582506 -0.068259 0.102333 0.650926 0.086317 0.102797 0.400193 0.054609 0.145437 0.508210 -0.038693 0.154161 0.574706 
0.000000 0.000000 0.000000 0.000158 -0.066889 -0.033908 0.266334 -0.220980 0.267440 0.218386 -0.099892 0.280118 0.169337 -0.013674 0.264923 0.130291 0.043157 0.243994 -0.016441 -0.193343 0.251714 -0.026828 -0.272470 0.430438 -0.008106 -0.257334 0.583758 0.200591 -0.213035 0.484315 0.160858 -0.208233 0.615388 0.078949 -0.168445 0.688197 0.176260 -0.055236 0.509695 0.085618 -0.019566 0.638677 -0.041251 0.007521 0.681220 0.129945 0.059437 0.459388 0.047664 0.097490 0.580931 -0.069021 0.109100 0.648146 0.081320 0.111861 0.397186 0.047612 0.159150 0.502632 -0.046692 0.168195 0.567655 
0.000000 0.000000 0.000000 0.003117 -0.066376 -0.034762 0.268316 -0.215471 0.269943 0.216021 -0.096259 0.283207 0.164374 -0.011550 0.268131 0.123838 0.044207 0.247146 -0.016828 -0.189935 0.251911 -0.029309 -0.267249 0.431293 -0.012551 -0.250713 0.584696 0.198564 -0.204067 0.485407 0.156408 -0.197175 0.615628 0.073555 -0.157092 0.687195 0.178637 -0.051073 0.513501 0.087156 -0.015360 0.641877 -0.040272 0.010759 0.683341 0.101940 0.062146 0.456239 0.026230 0.105816 0.580141 -0.091843 0.117565 0.644862 0.073407 0.116844 0.398033 0.038694 0.166842 0.501891 -0.056452 0.176127 0.565641 
0.000000 0.000000 0.000000 0.004749 -0.066434 -0.034465 0.268334 -0.209779 0.274372 0.213790 -0.091455 0.286474 0.160881 -0.007717 0.270378 0.119667 0.047246 0.248634 -0.020734 -0.185295 0.253752 -0.036679 -0.259671 0.434099 -0.021487 -0.240823 0.587399 0.190788 -0.194486 0.486911 0.143921 -0.185243 0.615363 0.059763 -0.144979 0.685288 0.160263 -0.039378 0.512078 0.079957 -0.001323 0.647087 -0.047995 0.024787 0.686909 0.080355 0.067686 0.450776 0.022613 0.121755 0.580133 -0.096077 0.133810 0.643659 0.062465 0.120442 0.396811 0.023091 0.170824 0.498805 -0.072760 0.180253 0.561469 
0.000000 0.000000 0.000000 0.005434 -0.066952 -0.033344 0.267164 -0.203727 0.280016 0.211830 -0.085550 0.289735 0.158577 -0.002400 0.271834 0.117234 0.051961 0.248852 -0.025312 -0.179493 0.256889 -0.044550 -0.249913 0.438499 -0.031546 -0.228582 0.591674 0.183080 -0.185423 0.489814 0.132262 -0.174360 0.616610 0.047215 -0.133384 0.685028 0.148435 -0.027889 0.511390 0.066361 0.012924 0.644517 -0.062106 0.039316 0.682454 0.100615 0.077291 0.458926 0.010512 0.118332 0.573765 -0.108710 0.130530 0.636258 0.058836 0.126889 0.395691 0.018638 0.178464 0.496762 -0.077752 0.188802 0.558449 
0.000000 0.000000 0.000000 0.003986 -0.068088 -0.031178 0.259716 -0.201439 0.288548 0.207334 -0.081657 0.294078 0.156355 0.002201 0.273120 0.116588 0.056831 0.248090 -0.023480 -0.180150 0.259570 -0.040666 -0.250271 0.441501 -0.029360 -0.227511 0.594605 0.178490 -0.182226 0.499387 0.129399 -0.170613 0.626813 0.043601 -0.129283 0.694070 0.143445 -0.022824 0.515282 0.061472 0.018710 0.648248 -0.067567 0.045077 0.684208 0.103056 0.087169 0.459274 0.019092 0.133286 0.576807 -0.100600 0.146064 0.638277 0.062067 0.132594 0.395987 0.024539 0.184743 0.497788 -0.072376 0.195817 0.558518 
0.000000 0.000000 0.000000 0.006699 -0.067891 -0.031142 0.259916 -0.193779 0.293571 0.203784 -0.075666 0.298134 0.150689 0.006619 0.276216 0.109777 0.060040 0.250430 -0.032000 -0.173045 0.260905 -0.056215 -0.238843 0.443649 -0.047695 -0.212639 0.596383 0.176757 -0.179224 0.504030 0.126498 -0.170427 0.631225 0.040016 -0.128625 0.697306 0.136329 -0.013750 0.517430 0.048331 0.029533 0.645912 -0.081175 0.056321 0.679822 0.098602 0.089917 0.463465 0.003097 0.130875 0.573882 -0.117404 0.144354 0.633597 0.047758 0.139926 0.393112 0.005069 0.194914 0.491322 -0.092672 0.206770 0.550561 
0.000000 0.000000 0.000000 0.005037 -0.068976 -0.028998 0.254567 -0.190972 0.300026 0.201410 -0.071407 0.300786 0.150425 0.011457 0.276202 0.110902 0.065054 0.248676 -0.029984 -0.176811 0.262535 -0.051898 -0.244288 0.444957 -0.044307 -0.216924 0.597536 0.170653 -0.172399 0.509867 0.119938 -0.161174 0.636690 0.032606 -0.119113 0.701476 0.122261 -0.012310 0.516929 0.040499 0.029117 0.650058 -0.089401 0.055938 0.682397 0.087108 0.098261 0.458327 0.002083 0.147291 0.573903 -0.119018 0.161474 0.632224 0.053137 0.144711 0.393260 0.013376 0.199540 0.492779 -0.084733 0.211707 0.551343 
0.000000 0.000000 0.000000 0.005360 -0.069216 -0.028360 0.252907 -0.187858 0.303378 0.199521 -0.068393 0.302739 0.148548 0.014155 0.277091 0.109109 0.067434 0.248835 -0.036126 -0.167195 0.265791 -0.062085 -0.228505 0.449852 -0.056173 -0.198687 0.602046 0.162957 -0.161148 0.509814 0.108593 -0.145006 0.634578 0.020542 -0.102233 0.697907 0.105744 -0.000903 0.510406 0.041962 0.044999 0.651648 -0.088296 0.071397 0.682877 0.083221 0.107133 0.455420 -0.001402 0.160053 0.569566 -0.122858 0.174566 0.627061 0.046934 0.149026 0.390480 0.004138 0.205187 0.487977 -0.094499 0.217700 0.545574 
0.000000 0.000000 0.000000 0.006907 -0.069164 -0.028152 0.252923 -0.182699 0.306499 0.197416 -0.064212 0.305026 0.145254 0.017358 0.278651 0.105177 0.069866 0.249855 -0.034053 -0.161351 0.267940 -0.059683 -0.219036 0.453215 -0.054394 -0.187366 0.605056 0.161431 -0.155797 0.512231 0.106136 -0.139538 0.636570 0.017631 -0.096414 0.699023 0.105968 0.001443 0.514313 0.043771 0.046098 0.656658 -0.086740 0.072051 0.687198 0.054067 0.105178 0.448021 -0.011320 0.168150 0.569470 -0.133434 0.182632 0.625565 0.039402 0.152898 0.389015 -0.005873 0.210052 0.484801 -0.105012 0.222855 0.541464 
0.000000 0.000000 0.000000 0.008616 -0.068970 -0.028157 0.254308 -0.177562 0.308365 0.196286 -0.060292 0.306552 0.142599 0.020169 0.279830 0.101638 0.071837 0.250760 -0.034475 -0.159805 0.268049 -0.061439 -0.216643 0.453396 -0.057787 -0.183872 0.605052 0.160301 -0.151387 0.513055 0.103486 -0.135567 0.636763 0.014384 -0.092584 0.698460 0.104215 0.012389 0.513228 0.041594 0.061821 0.653796 -0.089211 0.087419 0.683363 0.051790 0.112572 0.446950 -0.013327 0.178831 0.566785 -0.135859 0.193175 0.621996 0.035378 0.158615 0.387381 -0.010229 0.218346 0.481421 -0.109966 0.231205 0.537012 
0.000000 0.000000 0.000000 0.006863 -0.069895 -0.026296 0.249541 -0.175694 0.313290 0.194536 -0.057071 0.308279 0.142937 0.023993 0.279356 0.103323 0.075894 0.248869 -0.033728 -0.162522 0.269709 -0.059127 -0.220481 0.454930 -0.055976 -0.187024 0.606447 0.157561 -0.145206 0.518303 0.101971 -0.126780 0.642207 0.012504 -0.083630 0.703255 0.127064 0.015591 0.524247 0.036931 0.064038 0.649361 -0.094152 0.088954 0.678270 0.049499 0.116959 0.444705 -0.017501 0.183621 0.563271 -0.140357 0.197986 0.617752 0.036500 0.163707 0.384551 -0.009496 0.224151 0.477944 -0.109276 0.237251 0.533400 
0.000000 0.000000 0.000000 0.007866 -0.069602 -0.026789 0.250717 -0.174764 0.312872 0.194187 -0.056833 0.308543 0.141636 0.023766 0.280037 0.101455 0.075373 0.249794 -0.038317 -0.155039 0.270556 -0.067216 -0.208500 0.456615 -0.065123 -0.173881 0.607890 0.155796 -0.139711 0.515804 0.098428 -0.118526 0.638451 0.008570 -0.075261 0.698839 0.098536 0.018820 0.512508 0.033479 0.070275 0.651233 -0.097779 0.095188 0.679338 0.043291 0.119359 0.440984 -0.027229 0.187905 0.556393 -0.150547 0.202383 0.609788 0.033458 0.164106 0.384289 -0.013346 0.225183 0.476866 -0.113392 0.238288 0.531840 
0.000000 0.000000 0.000000 0.009020 -0.069283 -0.027247 0.252138 -0.173175 0.312614 0.193847 -0.056082 0.308894 0.140192 0.023914 0.280750 0.099350 0.075121 0.250714 -0.040178 -0.154873 0.269570 -0.070962 -0.208430 0.455299 -0.069160 -0.173415 0.606486 0.156095 -0.140179 0.515364 0.098050 -0.120238 0.637900 0.008107 -0.076849 0.698073 0.093751 0.021330 0.510046 0.025670 0.073982 0.646858 -0.105755 0.099038 0.674039 0.041600 0.118697 0.442025 -0.029096 0.186663 0.557669 -0.152495 0.201168 0.610871 0.029722 0.164343 0.384047 -0.018206 0.225756 0.475822 -0.118471 0.238992 0.530364 
0.000000 0.000000 0.000000 0.010142 -0.069023 -0.027511 0.254036 -0.170599 0.312493 0.193970 -0.054397 0.309118 0.139162 0.024885 0.281177 0.097612 0.075587 0.251256 -0.042374 -0.153496 0.269057 -0.075234 -0.206354 0.454630 -0.073811 -0.170626 0.605655 0.156420 -0.137240 0.514430 0.097424 -0.117079 0.636475 0.007361 -0.073433 0.696281 0.089485 0.021221 0.508715 0.018420 0.072653 0.644469 -0.113147 0.097553 0.671104 0.043397 0.121379 0.443139 -0.025272 0.190571 0.559277 -0.148472 0.205286 0.612879 0.023695 0.161242 0.384620 -0.027183 0.220199 0.476417 -0.127562 0.233414 0.530755 
0.000000 0.000000 0.000000 0.010355 -0.069189 -0.027010 0.253536 -0.167935 0.314337 0.193244 -0.051882 0.310004 0.138351 0.027096 0.281373 0.096779 0.077506 0.250993 -0.043849 -0.152130 0.269687 -0.077767 -0.204029 0.455341 -0.076830 -0.167484 0.606173 0.154523 -0.132608 0.515256 0.094682 -0.111257 0.636686 0.004352 -0.067436 0.695960 0.088174 0.022231 0.509859 0.016712 0.072638 0.645788 -0.114923 0.097393 0.672224 0.039267 0.119197 0.443895 -0.031783 0.185239 0.560433 -0.155215 0.199531 0.613616 0.020793 0.164121 0.382562 -0.031510 0.223739 0.473123 -0.132114 0.237092 0.527010 
0.000000 0.000000 0.000000 0.011503 -0.068790 -0.027559 0.255529 -0.166512 0.313479 0.193417 -0.051395 0.309977 0.137339 0.026940 0.281884 0.095035 0.076938 0.251833 -0.044286 -0.145774 0.270446 -0.079196 -0.193945 0.456919 -0.078566 -0.156662 0.607572 0.152929 -0.129265 0.512240 0.090921 -0.106754 0.632366 0.000167 -0.063142 0.691146 0.091482 0.025671 0.510338 0.022152 0.078086 0.646612 -0.109447 0.102731 0.673326 0.036926 0.120413 0.442799 -0.035076 0.187440 0.558185 -0.158730 0.201494 0.610912 0.019708 0.167419 0.381159 -0.032141 0.229700 0.470177 -0.132867 0.243062 0.523832 
0.000000 0.000000 0.000000 0.011753 -0.068799 -0.027431 0.255971 -0.165065 0.313883 0.193463 -0.050170 0.310149 0.137127 0.027920 0.281892 0.094663 0.077718 0.251734 -0.045358 -0.142611 0.271126 -0.081094 -0.188798 0.457944 -0.081124 -0.151275 0.608539 0.150876 -0.127626 0.511299 0.087359 -0.104999 0.630613 -0.003725 -0.061491 0.688955 0.087518 0.031794 0.506445 0.015461 0.087540 0.639954 -0.116466 0.111328 0.665816 0.037428 0.129870 0.438033 -0.034062 0.202975 0.549996 -0.157774 0.217145 0.602556 0.022372 0.171432 0.380489 -0.027389 0.235937 0.469113 -0.127997 0.249410 0.522960 
0.000000 0.000000 0.000000 0.009877 -0.069697 -0.025858 0.253029 -0.164206 0.316706 0.193455 -0.047868 0.310518 0.139006 0.030959 0.280651 0.097696 0.081111 0.249495 -0.046450 -0.144314 0.272648 -0.081696 -0.191004 0.459434 -0.082117 -0.152848 0.609869 0.149992 -0.126497 0.515154 0.087719 -0.103706 0.635090 -0.003428 -0.060274 0.693391 0.085182 0.031104 0.506770 0.011541 0.084815 0.640249 -0.120513 0.108305 0.665731 0.036577 0.130947 0.436293 -0.036871 0.202645 0.547898 -0.160725 0.216661 0.600163 0.022698 0.174437 0.376977 -0.028925 0.238676 0.464725 -0.129558 0.252306 0.518488 
0.000000 0.000000 0.000000 0.009933 -0.069719 -0.025776 0.253182 -0.163624 0.316885 0.193511 -0.047341 0.310563 0.138995 0.031405 0.280607 0.097643 0.081486 0.249393 -0.047487 -0.143842 0.272645 -0.083416 -0.190223 0.459377 -0.083966 -0.151777 0.609738 0.149498 -0.122898 0.514398 0.086834 -0.098284 0.633769 -0.004336 -0.054699 0.691919 0.084307 0.030676 0.506681 0.010033 0.083739 0.640069 -0.122080 0.106989 0.665463 0.037342 0.132314 0.436162 -0.035550 0.204673 0.547706 -0.159430 0.218580 0.599937 0.022919 0.175988 0.376169 -0.028515 0.241035 0.463431 -0.129137 0.254703 0.517204 
0.000000 0.000000 0.000000 0.010040 -0.069788 -0.025548 0.253324 -0.162240 0.317483 0.193489 -0.046064 0.310769 0.138870 0.032508 0.280543 0.097455 0.082428 0.249157 -0.045645 -0.141983 0.273673 -0.080489 -0.187158 0.460906 -0.080904 -0.148294 0.611160 0.150570 -0.120923 0.515358 0.088468 -0.095952 0.634949 -0.002788 -0.052291 0.692906 0.085057 0.034326 0.506356 0.011308 0.089002 0.639383 -0.120877 0.112133 0.664512 0.038234 0.133519 0.436693 -0.033928 0.205951 0.548662 -0.157778 0.219908 0.600954 0.022660 0.177568 0.375412 -0.028822 0.243055 0.462316 -0.129523 0.256789 0.515925 
0.000000 0.000000 0.000000 0.012296 -0.069072 -0.026490 0.256975 -0.158855 0.316258 0.193599 -0.044499 0.310928 0.136693 0.032771 0.281580 0.093876 0.081832 0.250723 -0.044401 -0.139583 0.272943 -0.079877 -0.183704 0.460308 -0.080332 -0.144341 0.610432 0.152701 -0.118573 0.513551 0.089680 -0.094228 0.632789 -0.001732 -0.050611 0.690535 0.086787 0.039388 0.505937 0.014140 0.096443 0.638571 -0.118057 0.119733 0.663488 0.036835 0.135576 0.437058 -0.034770 0.209293 0.548544 -0.158723 0.223415 0.600548 0.020057 0.178848 0.376122 -0.030754 0.245626 0.462436 -0.131574 0.259621 0.515753 
0.000000 0.000000 0.000000 0.012164 -0.069178 -0.026275 0.256394 -0.158473 0.316920 0.193273 -0.043995 0.311203 0.136558 0.033312 0.281582 0.093871 0.082374 0.250547 -0.047327 -0.136827 0.273276 -0.084552 -0.179158 0.460715 -0.085482 -0.139372 0.610725 0.150521 -0.116982 0.513108 0.086533 -0.091907 0.631678 -0.004965 -0.048025 0.689085 0.084883 0.041593 0.504595 0.011163 0.099806 0.636129 -0.121073 0.123107 0.660829 0.032884 0.136808 0.434074 -0.041457 0.211021 0.543421 -0.165568 0.225423 0.594968 0.018322 0.179704 0.374666 -0.033680 0.246699 0.460099 -0.134563 0.260841 0.513256 
0.000000 0.000000 0.000000 0.010893 -0.069794 -0.025179 0.253303 -0.158193 0.319535 0.192312 -0.042672 0.311982 0.137046 0.035196 0.281115 0.095286 0.084546 0.249287 -0.047328 -0.139239 0.274211 -0.083759 -0.182692 0.461549 -0.084927 -0.142800 0.611529 0.147931 -0.118473 0.516358 0.084247 -0.094467 0.635312 -0.007302 -0.050485 0.692561 0.082484 0.042751 0.504635 0.007786 0.100849 0.635666 -0.124487 0.124279 0.660044 0.032648 0.140390 0.431942 -0.042213 0.215821 0.540094 -0.166464 0.230681 0.591173 0.016549 0.180342 0.372615 -0.037647 0.246280 0.457504 -0.138627 0.260759 0.510388 
0.000000 0.000000 0.000000 0.010983 -0.069927 -0.024767 0.252771 -0.156251 0.320909 0.191725 -0.040810 0.312591 0.136474 0.036850 0.281182 0.094746 0.085995 0.248996 -0.048863 -0.138573 0.274486 -0.086311 -0.181527 0.461739 -0.087802 -0.141395 0.611653 0.144892 -0.114980 0.516047 0.079692 -0.090038 0.633984 -0.012009 -0.045672 0.690690 0.079433 0.046085 0.503154 0.003059 0.105186 0.632763 -0.129240 0.128912 0.656708 0.030559 0.140877 0.431761 -0.045388 0.215471 0.539735 -0.169716 0.230360 0.590618 0.016723 0.183894 0.371121 -0.036981 0.251279 0.455183 -0.137953 0.266216 0.507953 
0.000000 0.000000 0.000000 0.011064 -0.070075 -0.024309 0.252920 -0.153866 0.321942 0.191745 -0.038551 0.312865 0.136409 0.038839 0.280945 0.094629 0.087727 0.248436 -0.047745 -0.137520 0.275422 -0.084545 -0.179722 0.462975 -0.086225 -0.139144 0.612766 0.146530 -0.108496 0.516988 0.082230 -0.081076 0.634868 -0.009320 -0.036015 0.691270 0.082080 0.050665 0.503885 0.007493 0.111345 0.633805 -0.124859 0.134892 0.657635 0.033836 0.143444 0.433426 -0.039715 0.218452 0.542764 -0.163853 0.233690 0.594004 0.017263 0.185998 0.370680 -0.035989 0.253641 0.454823 -0.136944 0.268866 0.507543 
0.000000 0.000000 0.000000 0.011113 -0.070177 -0.023991 0.253041 -0.152223 0.322628 0.191785 -0.036995 0.313029 0.136393 0.040212 0.280760 0.094576 0.088921 0.248031 -0.048837 -0.135779 0.275924 -0.086350 -0.176829 0.463590 -0.088301 -0.135542 0.613185 0.145335 -0.106476 0.516861 0.080240 -0.078828 0.634250 -0.011423 -0.033660 0.690384 0.080728 0.053678 0.502553 0.005193 0.115348 0.631456 -0.127200 0.138963 0.654990 0.034892 0.145058 0.433792 -0.037890 0.220239 0.543524 -0.162043 0.235717 0.594658 0.016359 0.189276 0.368019 -0.037480 0.258353 0.450610 -0.138569 0.274023 0.502941 
0.000000 0.000000 0.000000 0.009949 -0.070615 -0.023205 0.250365 -0.152832 0.324423 0.191042 -0.036711 0.313517 0.136956 0.041045 0.280365 0.095968 0.090079 0.247077 -0.049351 -0.136979 0.276671 -0.086456 -0.178506 0.464314 -0.088551 -0.136826 0.613797 0.143207 -0.109909 0.519602 0.078444 -0.083967 0.637563 -0.013231 -0.038787 0.693667 0.078838 0.054980 0.501872 0.002525 0.117342 0.629980 -0.129931 0.140985 0.653130 0.033880 0.145049 0.432918 -0.040031 0.219626 0.542308 -0.164287 0.235359 0.593112 0.018596 0.191683 0.366561 -0.034662 0.261618 0.448804 -0.135690 0.277845 0.501083 
0.000000 0.000000 0.000000 0.010881 -0.070342 -0.023611 0.251994 -0.151505 0.323783 0.191188 -0.036097 0.313499 0.136137 0.041150 0.280749 0.094553 0.089847 0.247706 -0.049281 -0.136301 0.276183 -0.086927 -0.177574 0.463774 -0.088826 -0.135766 0.613224 0.144350 -0.105303 0.517944 0.079293 -0.077380 0.635289 -0.012298 -0.031763 0.691176 0.078739 0.056091 0.501464 0.002257 0.118792 0.629306 -0.130192 0.142620 0.652302 0.032770 0.147349 0.431582 -0.041351 0.223500 0.539739 -0.165654 0.239595 0.590314 0.016169 0.192082 0.365987 -0.037784 0.262452 0.447402 -0.138829 0.278906 0.499578 
0.000000 0.000000 0.000000 0.010838 -0.070434 -0.023354 0.251308 -0.150692 0.324694 0.190652 -0.035249 0.313921 0.135741 0.041949 0.280822 0.094266 0.090581 0.247548 -0.047568 -0.131752 0.277769 -0.084115 -0.170120 0.466192 -0.086043 -0.127530 0.615421 0.145444 -0.102049 0.519237 0.081463 -0.072650 0.636813 -0.010135 -0.026835 0.692525 0.078508 0.058850 0.501120 0.002234 0.122850 0.628442 -0.130295 0.146611 0.651043 0.032622 0.149950 0.430541 -0.041321 0.227394 0.537899 -0.165704 0.243891 0.588145 0.017731 0.194245 0.365796 -0.034948 0.265600 0.447188 -0.136021 0.282644 0.499120 
0.000000 0.000000 0.000000 0.012012 -0.070204 -0.023473 0.253177 -0.147256 0.324819 0.190683 -0.032787 0.314169 0.134587 0.043580 0.281129 0.092387 0.091602 0.247881 -0.048266 -0.128112 0.277956 -0.085983 -0.164346 0.466571 -0.088190 -0.120556 0.615448 0.145318 -0.099669 0.518524 0.080130 -0.070909 0.635595 -0.011556 -0.025063 0.691137 0.077547 0.061376 0.500738 0.000599 0.125421 0.627631 -0.132062 0.148857 0.649789 0.030618 0.150864 0.430776 -0.043934 0.227794 0.538082 -0.168411 0.244567 0.588005 0.015935 0.194396 0.366939 -0.036688 0.265150 0.448890 -0.137789 0.282315 0.500727 
0.000000 0.000000 0.000000 0.010950 -0.070646 -0.022653 0.251691 -0.147007 0.326084 0.190832 -0.031783 0.314182 0.135776 0.044987 0.280334 0.094204 0.093213 0.246593 -0.049595 -0.128359 0.278760 -0.087480 -0.164472 0.467365 -0.089999 -0.120261 0.616113 0.143143 -0.097739 0.518984 0.077540 -0.067963 0.635567 -0.014344 -0.021921 0.690617 0.078853 0.063438 0.500912 0.002691 0.128201 0.627915 -0.130013 0.151424 0.650043 0.029381 0.151623 0.428734 -0.046911 0.228088 0.535146 -0.171524 0.244649 0.584799 0.016315 0.197359 0.363525 -0.037299 0.269045 0.444011 -0.138404 0.286379 0.495784 
0.000000 0.000000 0.000000 0.011246 -0.070804 -0.022004 0.251347 -0.143287 0.328000 0.190131 -0.028378 0.314932 0.134903 0.047904 0.280272 0.093256 0.095690 0.246004 -0.049718 -0.128272 0.279371 -0.087865 -0.164231 0.467953 -0.090988 -0.119440 0.616515 0.145673 -0.093657 0.522396 0.081806 -0.063662 0.639884 -0.010084 -0.017502 0.694826 0.072882 0.062521 0.500578 -0.006863 0.124345 0.626844 -0.139891 0.146778 0.647808 0.027593 0.152181 0.429686 -0.049354 0.226955 0.536825 -0.174156 0.243167 0.586120 0.017807 0.199808 0.364550 -0.034125 0.271475 0.446148 -0.135163 0.288845 0.498039 
0.000000 0.000000 0.000000 0.011472 -0.070878 -0.021646 0.251389 -0.140967 0.328971 0.189861 -0.026299 0.315275 0.134455 0.049655 0.280183 0.092709 0.097155 0.245636 -0.049106 -0.128164 0.279842 -0.087012 -0.164009 0.468493 -0.090670 -0.118587 0.616852 0.144250 -0.089954 0.522204 0.079497 -0.059123 0.638988 -0.012497 -0.013025 0.693808 0.073013 0.067210 0.499875 -0.006460 0.130808 0.625429 -0.139566 0.153019 0.646135 0.027229 0.156425 0.427888 -0.049659 0.232985 0.533801 -0.174546 0.248928 0.582966 0.015172 0.202752 0.361496 -0.038199 0.275436 0.441245 -0.139395 0.292805 0.492827 
0.000000 0.000000 0.000000 0.011553 -0.070925 -0.021450 0.251777 -0.139690 0.329219 0.190089 -0.025143 0.315232 0.134561 0.050637 0.279956 0.092731 0.097982 0.245299 -0.051122 -0.124052 0.280371 -0.090339 -0.157295 0.469231 -0.094164 -0.111016 0.617320 0.141761 -0.089705 0.521099 0.075270 -0.059496 0.637066 -0.016991 -0.013433 0.691465 0.073885 0.070037 0.499384 -0.005150 0.134773 0.624633 -0.138299 0.156865 0.645194 0.027286 0.161028 0.424938 -0.049636 0.240186 0.528899 -0.174539 0.256459 0.577915 0.012829 0.205207 0.358014 -0.042170 0.279013 0.435597 -0.143510 0.296513 0.486851 
0.000000 0.000000 0.000000 0.011662 -0.070982 -0.021200 0.252400 -0.138004 0.329454 0.190482 -0.023624 0.315112 0.134773 0.051921 0.279619 0.092818 0.099060 0.244833 -0.050962 -0.122783 0.280861 -0.090148 -0.155197 0.469872 -0.093888 -0.108119 0.617711 0.140044 -0.087725 0.519896 0.072140 -0.057338 0.634995 -0.020206 -0.011133 0.689130 0.075227 0.072846 0.499189 -0.003163 0.138460 0.624387 -0.136363 0.160217 0.644970 0.029328 0.167193 0.422123 -0.046282 0.249851 0.524307 -0.171112 0.266550 0.573366 0.014129 0.207027 0.357694 -0.040033 0.281343 0.435378 -0.141261 0.299002 0.486801 
0.000000 0.000000 0.000000 0.013823 -0.070335 -0.022043 0.256265 -0.134254 0.328016 0.190914 -0.021640 0.314993 0.132962 0.052605 0.280357 0.089618 0.098866 0.246100 -0.050921 -0.119937 0.279941 -0.091434 -0.150975 0.468903 -0.095307 -0.103404 0.616581 0.143449 -0.083413 0.518037 0.075266 -0.052687 0.632881 -0.017246 -0.006448 0.686700 0.076154 0.077469 0.497973 -0.001900 0.144878 0.622425 -0.135104 0.166565 0.643057 0.031224 0.168634 0.424926 -0.041729 0.251834 0.528591 -0.166457 0.268786 0.577820 0.009991 0.207071 0.358071 -0.044818 0.281550 0.435143 -0.146212 0.299147 0.486259 
0.000000 0.000000 0.000000 0.012775 -0.070762 -0.021294 0.254301 -0.134546 0.329422 0.190626 -0.021120 0.315203 0.133775 0.053603 0.279781 0.091115 0.100136 0.245035 -0.050094 -0.118214 0.281430 -0.089433 -0.147907 0.470855 -0.093328 -0.099639 0.618307 0.142893 -0.081476 0.519663 0.075561 -0.049401 0.634640 -0.016861 -0.002949 0.688432 0.076603 0.080209 0.497427 -0.000948 0.149128 0.621365 -0.134187 0.170883 0.641700 0.031966 0.169590 0.424334 -0.041038 0.252760 0.527988 -0.165796 0.269804 0.577108 0.009658 0.207876 0.356133 -0.046411 0.282036 0.432605 -0.147886 0.299756 0.483516 
0.000000 0.000000 0.000000 0.011745 -0.071197 -0.020417 0.252743 -0.134005 0.330838 0.190667 -0.019873 0.315259 0.134842 0.055200 0.278957 0.092807 0.101895 0.243671 -0.051058 -0.121519 0.281857 -0.090357 -0.153006 0.471001 -0.094443 -0.104864 0.618488 0.141802 -0.078774 0.520738 0.074753 -0.045394 0.635508 -0.017638 0.001279 0.689160 0.076224 0.079914 0.498069 -0.001614 0.147783 0.622407 -0.134877 0.169429 0.642700 0.027226 0.167692 0.422058 -0.049941 0.248356 0.524671 -0.174960 0.265080 0.573236 0.010232 0.207330 0.356147 -0.046606 0.279904 0.433568 -0.148131 0.297669 0.484363 
0.000000 0.000000 0.000000 0.012855 -0.070880 -0.020848 0.255211 -0.131901 0.329787 0.191309 -0.018684 0.314943 0.134255 0.055703 0.279140 0.091443 0.101928 0.244172 -0.049556 -0.122128 0.281352 -0.088609 -0.154195 0.470449 -0.092512 -0.106211 0.617993 0.142260 -0.077051 0.518608 0.073994 -0.043901 0.632726 -0.018564 0.002696 0.686157 0.076971 0.084221 0.496084 -0.000794 0.154210 0.619285 -0.134093 0.175847 0.639350 0.024985 0.168271 0.420922 -0.053369 0.248989 0.522588 -0.178496 0.265671 0.570889 0.006422 0.207291 0.354880 -0.052099 0.279815 0.431083 -0.153742 0.297523 0.481662 
0.000000 0.000000 0.000000 0.012966 -0.070892 -0.020740 0.254910 -0.131186 0.330305 0.190895 -0.018062 0.315230 0.133804 0.056212 0.279254 0.090986 0.102343 0.244169 -0.047739 -0.122517 0.281743 -0.085724 -0.154820 0.471017 -0.089771 -0.106782 0.618539 0.142870 -0.075637 0.519465 0.075157 -0.042064 0.633789 -0.017544 0.004373 0.687111 0.077461 0.084090 0.497362 0.000310 0.153568 0.621238 -0.133076 0.174646 0.641316 0.025196 0.171086 0.419690 -0.052682 0.253458 0.520391 -0.177870 0.269899 0.568615 0.004943 0.207771 0.354023 -0.054281 0.280339 0.429638 -0.156026 0.297951 0.480046 
0.000000 0.000000 0.000000 0.013146 -0.070873 -0.020690 0.255435 -0.130235 0.330276 0.191108 -0.017295 0.315144 0.133799 0.056796 0.279139 0.090839 0.102783 0.244039 -0.046788 -0.120877 0.282219 -0.084291 -0.152167 0.471759 -0.088285 -0.103743 0.619157 0.143520 -0.073331 0.519107 0.075882 -0.038939 0.633232 -0.016921 0.007296 0.686552 0.074247 0.082955 0.496162 -0.005235 0.151140 0.619280 -0.138871 0.171086 0.638853 0.027214 0.173593 0.419537 -0.049214 0.257344 0.520212 -0.174280 0.273640 0.568802 0.006200 0.209912 0.353336 -0.052059 0.283651 0.428568 -0.153689 0.301252 0.479210 
0.000000 0.000000 0.000000 0.013287 -0.070860 -0.020643 0.255739 -0.129490 0.330334 0.191182 -0.016692 0.315132 0.133718 0.057259 0.279083 0.090661 0.103135 0.243957 -0.045535 -0.120927 0.282473 -0.082343 -0.152256 0.472144 -0.086332 -0.103652 0.619482 0.144253 -0.072290 0.519329 0.076874 -0.037719 0.633552 -0.016035 0.008402 0.686787 0.076727 0.083420 0.497757 -0.001119 0.151511 0.621967 -0.134826 0.170611 0.641895 0.026250 0.174346 0.418563 -0.050812 0.258305 0.518579 -0.175989 0.274335 0.566972 0.006905 0.211176 0.353037 -0.050745 0.285542 0.428119 -0.152384 0.303056 0.478775 
0.000000 0.000000 0.000000 0.013381 -0.070863 -0.020575 0.255621 -0.128938 0.330641 0.190952 -0.016223 0.315296 0.133434 0.057635 0.279141 0.090354 0.103435 0.243944 -0.045393 -0.119209 0.282830 -0.082170 -0.149460 0.472681 -0.086382 -0.100672 0.619953 0.143409 -0.071271 0.519064 0.075591 -0.036419 0.632942 -0.017554 0.009445 0.685986 0.075770 0.083123 0.497883 -0.002569 0.150692 0.622068 -0.136390 0.169269 0.641722 0.024685 0.173328 0.418792 -0.053295 0.256286 0.518931 -0.178543 0.272032 0.567234 0.005575 0.210551 0.353145 -0.052780 0.284281 0.428310 -0.154447 0.301701 0.478941 
0.000000 0.000000 0.000000 0.013552 -0.070937 -0.020203 0.256368 -0.126423 0.331033 0.191371 -0.013971 0.315149 0.133608 0.059529 0.278660 0.090360 0.105017 0.243265 -0.046493 -0.119366 0.282940 -0.084065 -0.149669 0.472627 -0.088617 -0.100489 0.619758 0.144267 -0.070018 0.519903 0.076516 -0.035928 0.634051 -0.016652 0.009960 0.687034 0.074202 0.085542 0.496376 -0.005490 0.153224 0.619635 -0.139477 0.171042 0.638851 0.024253 0.172705 0.419891 -0.054162 0.253859 0.521162 -0.179421 0.269307 0.569532 0.004390 0.212485 0.351182 -0.054784 0.286458 0.425463 -0.156437 0.303984 0.476085 
0.000000 0.000000 0.000000 0.012803 -0.071330 -0.019288 0.254563 -0.125017 0.332954 0.190814 -0.012075 0.315565 0.133900 0.061583 0.278073 0.091194 0.107088 0.242047 -0.046125 -0.120075 0.284023 -0.082998 -0.150577 0.473815 -0.088002 -0.101284 0.620894 0.141517 -0.067576 0.520947 0.073194 -0.032860 0.634564 -0.020219 0.012783 0.687324 0.073250 0.088999 0.495668 -0.006710 0.157743 0.618164 -0.140828 0.175103 0.636880 0.021844 0.173993 0.417790 -0.058508 0.254599 0.517976 -0.184076 0.269568 0.565688 0.005011 0.214994 0.349355 -0.054310 0.289268 0.423217 -0.156139 0.306696 0.473521 
0.000000 0.000000 0.000000 0.013116 -0.071415 -0.018755 0.254628 -0.121575 0.334177 0.190447 -0.009021 0.315889 0.133286 0.064134 0.277791 0.090444 0.109204 0.241382 -0.046151 -0.118666 0.284727 -0.083236 -0.148233 0.474626 -0.089009 -0.098511 0.621532 0.143821 -0.065792 0.523994 0.076852 -0.032079 0.638713 -0.016623 0.013320 0.691576 0.072152 0.090841 0.496190 -0.008306 0.158760 0.618819 -0.142591 0.175442 0.636950 0.020327 0.175595 0.417542 -0.060671 0.255520 0.517753 -0.186421 0.270200 0.565074 0.003616 0.215952 0.349327 -0.056149 0.289429 0.423627 -0.158134 0.306575 0.473708 
0.000000 0.000000 0.000000 0.013261 -0.071422 -0.018625 0.254453 -0.120599 0.334664 0.190100 -0.008184 0.316121 0.132857 0.064810 0.277840 0.089980 0.109748 0.241309 -0.046386 -0.118629 0.284789 -0.083709 -0.148167 0.474646 -0.089787 -0.098335 0.621502 0.144018 -0.063422 0.524282 0.077273 -0.028865 0.638882 -0.016311 0.016425 0.691643 0.071816 0.091126 0.496733 -0.008634 0.158671 0.619575 -0.143041 0.174738 0.637344 0.019945 0.177789 0.416404 -0.061021 0.258802 0.515764 -0.186885 0.273112 0.562897 0.004427 0.217241 0.349532 -0.054461 0.291231 0.424024 -0.156483 0.308196 0.474092 
0.000000 0.000000 0.000000 0.012329 -0.071774 -0.017898 0.252339 -0.120673 0.336234 0.189523 -0.007597 0.316481 0.133317 0.065774 0.277392 0.091098 0.110918 0.240353 -0.046740 -0.117906 0.285795 -0.083701 -0.146772 0.475826 -0.090032 -0.096600 0.622555 0.142429 -0.063628 0.526197 0.076001 -0.029151 0.641004 -0.017757 0.015873 0.693685 0.070588 0.090616 0.497266 -0.010306 0.157414 0.620224 -0.144787 0.173120 0.637755 0.021505 0.179951 0.415867 -0.058672 0.261823 0.515162 -0.184523 0.276005 0.562369 0.005886 0.215993 0.351188 -0.052768 0.288319 0.427477 -0.154831 0.304966 0.477569 
0.000000 0.000000 0.000000 0.012480 -0.071783 -0.017756 0.252160 -0.119625 0.336742 0.189165 -0.006697 0.316716 0.132873 0.066503 0.277432 0.090615 0.111506 0.240263 -0.045121 -0.115342 0.286597 -0.081163 -0.142598 0.477042 -0.087579 -0.092014 0.623626 0.142460 -0.062187 0.526708 0.076160 -0.027474 0.641518 -0.017801 0.017233 0.694108 0.070237 0.092150 0.497160 -0.010650 0.159380 0.619887 -0.145214 0.174689 0.637139 0.021524 0.181517 0.415587 -0.058320 0.263989 0.514653 -0.184216 0.277974 0.561797 0.004186 0.216268 0.350450 -0.055306 0.288378 0.426294 -0.157479 0.304772 0.476242 
0.000000 0.000000 0.000000 0.013692 -0.071453 -0.018192 0.253420 -0.117650 0.336492 0.188619 -0.005644 0.317062 0.131212 0.066876 0.278132 0.088295 0.111420 0.241165 -0.045038 -0.115809 0.285830 -0.081787 -0.143565 0.476067 -0.088517 -0.093100 0.622678 0.143681 -0.060391 0.526489 0.077357 -0.025785 0.641318 -0.016807 0.018746 0.693693 0.069388 0.093297 0.497254 -0.011706 0.160590 0.619810 -0.146319 0.175631 0.636909 0.020261 0.181634 0.416820 -0.059298 0.263922 0.516268 -0.185270 0.277578 0.563305 0.002256 0.217004 0.350872 -0.056967 0.289679 0.426385 -0.159259 0.306066 0.476092 
0.000000 0.000000 0.000000 0.013597 -0.071463 -0.018223 0.253867 -0.117920 0.336060 0.189136 -0.005852 0.316750 0.131730 0.066724 0.277923 0.088793 0.111310 0.241033 -0.046895 -0.115349 0.285521 -0.084748 -0.142811 0.475585 -0.091444 -0.092502 0.622251 0.144241 -0.059261 0.525695 0.077985 -0.023809 0.640304 -0.016177 0.020662 0.692735 0.069743 0.093367 0.496681 -0.011462 0.160850 0.619059 -0.146012 0.176099 0.636464 0.021258 0.182037 0.416532 -0.057958 0.264724 0.515924 -0.183815 0.278241 0.563308 0.003384 0.218254 0.349912 -0.055405 0.291865 0.424855 -0.157347 0.308494 0.475198 
0.000000 0.000000 0.000000 0.011546 -0.071714 -0.018646 0.250723 -0.127007 0.335108 0.189182 -0.013038 0.316508 0.133824 0.061361 0.278158 0.092137 0.107359 0.241570 -0.043785 -0.119358 0.285516 -0.078407 -0.149171 0.475841 -0.083000 -0.101225 0.623378 0.142266 -0.067139 0.525037 0.076717 -0.030957 0.639824 -0.017208 0.014191 0.692102 0.072277 0.089208 0.496378 -0.007235 0.158750 0.618715 -0.141535 0.175344 0.636813 0.025230 0.178376 0.416825 -0.052639 0.262284 0.516257 -0.178084 0.276965 0.564383 0.010987 0.212689 0.355177 -0.044869 0.285190 0.433375 -0.145480 0.302394 0.486144 
0.000000 0.000000 0.000000 0.012369 -0.070994 -0.020753 0.252509 -0.133848 0.331081 0.189618 -0.020113 0.315876 0.133355 0.054726 0.279764 0.091097 0.101286 0.244568 -0.053262 -0.123936 0.280471 -0.094329 -0.157064 0.468957 -0.097998 -0.112031 0.617434 0.136884 -0.079343 0.518378 0.067004 -0.046401 0.631575 -0.026585 -0.000681 0.683958 0.072012 0.075603 0.498857 -0.007976 0.140703 0.623309 -0.141679 0.160116 0.642956 0.025450 0.165813 0.423742 -0.051925 0.245470 0.526983 -0.176719 0.261137 0.576472 0.007839 0.204024 0.359021 -0.049468 0.274740 0.437801 -0.149766 0.292497 0.490983 
0.000000 0.000000 0.000000 0.011218 -0.070356 -0.023412 0.251930 -0.149667 0.324687 0.190676 -0.034534 0.313986 0.135378 0.042406 0.280928 0.093666 0.090850 0.247678 -0.058633 -0.132889 0.275012 -0.102341 -0.172019 0.461746 -0.104475 -0.132639 0.611851 0.143102 -0.101032 0.517589 0.077330 -0.071639 0.634174 -0.014355 -0.024714 0.688810 0.073242 0.059191 0.498104 -0.006630 0.122937 0.623330 -0.139741 0.145346 0.643787 0.030583 0.150085 0.429713 -0.044561 0.227297 0.536402 -0.168601 0.244652 0.587205 0.014445 0.188808 0.368981 -0.040084 0.256235 0.452476 -0.139615 0.274682 0.506850 
0.000000 0.000000 0.000000 0.009064 -0.069891 -0.025632 0.250775 -0.166237 0.317439 0.192603 -0.049213 0.310837 0.139128 0.030167 0.280677 0.098448 0.080712 0.249329 -0.054226 -0.133108 0.274108 -0.093828 -0.172664 0.461666 -0.092560 -0.136594 0.612611 0.141654 -0.114443 0.509351 0.075704 -0.083140 0.625337 -0.014548 -0.034651 0.680983 0.088450 0.046479 0.501807 0.017611 0.111563 0.631693 -0.114586 0.136470 0.654992 0.037396 0.139140 0.430641 -0.035552 0.217282 0.538173 -0.158635 0.236623 0.590563 0.026570 0.187264 0.367930 -0.022905 0.260607 0.449566 -0.121222 0.280504 0.505611 
0.000000 0.000000 0.000000 0.010299 -0.068282 -0.029248 0.256331 -0.177097 0.306955 0.195752 -0.061113 0.306731 0.140465 0.018589 0.281016 0.098548 0.069827 0.252554 -0.058764 -0.134629 0.268535 -0.101978 -0.176145 0.454868 -0.098922 -0.145125 0.606905 0.149801 -0.124797 0.500181 0.085418 -0.093189 0.616962 -0.002865 -0.043514 0.674682 0.091908 0.028697 0.500702 0.021279 0.089781 0.632630 -0.109863 0.117743 0.658307 0.042535 0.128349 0.432926 -0.027687 0.207052 0.541854 -0.149692 0.228328 0.595983 0.034712 0.178438 0.373859 -0.009228 0.253196 0.457356 -0.106543 0.274344 0.514677 
0.000000 0.000000 0.000000 0.006211 -0.068330 -0.030272 0.247114 -0.195994 0.303004 0.193320 -0.076724 0.304759 0.142600 0.006393 0.280483 0.103575 0.060366 0.252981 -0.062604 -0.153718 0.262678 -0.105665 -0.207148 0.445987 -0.101189 -0.182865 0.599209 0.138454 -0.158289 0.498430 0.072783 -0.135501 0.616541 -0.014291 -0.086265 0.676433 0.091226 0.004444 0.503412 0.021787 0.059649 0.638523 -0.108423 0.090521 0.665575 0.047356 0.108412 0.439336 -0.020941 0.181566 0.553244 -0.141962 0.203652 0.609227 0.037631 0.153719 0.385356 -0.007759 0.217975 0.476472 -0.104457 0.239016 0.534866 
0.000000 0.000000 0.000000 0.007420 -0.066429 -0.034001 0.251934 -0.207505 0.291138 0.195855 -0.089582 0.299588 0.143455 -0.006259 0.280050 0.103297 0.048374 0.255658 -0.058145 -0.150966 0.259939 -0.099172 -0.203863 0.443868 -0.091247 -0.184664 0.597671 0.150443 -0.173417 0.491032 0.089104 -0.152814 0.611842 0.004622 -0.103124 0.674982 0.094615 -0.010690 0.499590 0.025757 0.042968 0.635620 -0.103329 0.076308 0.665025 0.050511 0.092404 0.442348 -0.016135 0.163151 0.558727 -0.135804 0.186897 0.616894 0.042966 0.141864 0.390587 0.001439 0.206215 0.483462 -0.093951 0.227702 0.543814 
0.000000 0.000000 0.000000 0.005750 -0.065706 -0.035687 0.248618 -0.220339 0.284483 0.195259 -0.101435 0.296179 0.144658 -0.016492 0.279013 0.105624 0.039623 0.256212 -0.065107 -0.152134 0.256470 -0.109445 -0.206215 0.439283 -0.100880 -0.192096 0.593601 0.147681 -0.182217 0.483928 0.086678 -0.159177 0.604468 0.003590 -0.109325 0.669309 0.095217 -0.025346 0.497864 0.027175 0.026405 0.635037 -0.100936 0.061713 0.666349 0.059057 0.080920 0.446037 -0.002324 0.150772 0.565803 -0.120827 0.175663 0.625849 0.042026 0.125659 0.394557 -0.001750 0.184879 0.489783 -0.096973 0.206711 0.550272 
0.000000 0.000000 0.000000 -0.000193 -0.066140 -0.035346 0.234334 -0.238408 0.282027 0.191035 -0.115488 0.293778 0.147257 -0.026791 0.276846 0.112568 0.032202 0.254288 -0.066607 -0.166069 0.253531 -0.108164 -0.228597 0.434291 -0.098755 -0.220624 0.589000 0.139173 -0.208352 0.485648 0.081661 -0.190187 0.608710 0.000151 -0.140564 0.675694 0.098888 -0.036608 0.498133 0.036215 0.017042 0.637124 -0.090635 0.055122 0.670267 0.063696 0.063604 0.448776 0.003777 0.128423 0.572061 -0.113871 0.154410 0.633311 0.055426 0.119537 0.394623 0.016095 0.179651 0.491218 -0.078359 0.202422 0.552561 