100
0.000000 0.000000 0.000000 -0.041541 -0.024687 -0.057348 -0.063124 -0.417843 0.112753 -0.002146 -0.318067 0.186992 0.034524 -0.228395 0.213753 0.061925 -0.150974 0.227472 -0.281665 -0.115012 0.121617 -0.431920 -0.171531 0.233601 -0.479030 -0.229052 0.369831 -0.123134 -0.576155 0.263605 -0.192551 -0.592414 0.380647 -0.253896 -0.529913 0.457611 -0.088084 -0.423917 0.381633 -0.185045 -0.394983 0.507672 -0.255799 -0.283604 0.542717 -0.043778 -0.288343 0.400805 -0.153736 -0.231885 0.488627 -0.249755 -0.139671 0.511968 -0.043058 -0.158304 0.367154 -0.115320 -0.163350 0.463300 -0.202461 -0.089881 0.448747 
0.000000 0.000000 0.000000 -0.042938 -0.025164 -0.056098 -0.062400 -0.416190 0.119089 0.000683 -0.315837 0.190746 0.038345 -0.226030 0.215607 0.066391 -0.148582 0.227786 -0.276394 -0.113950 0.132214 -0.422476 -0.169506 0.250047 -0.469252 -0.226193 0.386742 -0.120359 -0.571260 0.274055 -0.187533 -0.587987 0.392333 -0.248198 -0.525761 0.470056 -0.080821 -0.418589 0.388921 -0.175253 -0.387771 0.516426 -0.246712 -0.277581 0.553724 -0.037511 -0.281327 0.405085 -0.144757 -0.226526 0.497204 -0.240727 -0.135087 0.523601 -0.037121 -0.153947 0.368651 -0.108370 -0.157639 0.465611 -0.197027 -0.085441 0.454188 
0.000000 0.000000 0.000000 -0.043217 -0.026446 -0.055289 -0.059628 -0.414064 0.127614 0.003496 -0.312050 0.196850 0.040916 -0.221607 0.219687 0.068690 -0.143812 0.230154 -0.273847 -0.108083 0.139624 -0.418161 -0.159167 0.261589 -0.465600 -0.213236 0.399113 -0.119816 -0.561499 0.289047 -0.184070 -0.583259 0.408127 -0.243791 -0.520668 0.486287 -0.079398 -0.404650 0.399404 -0.169311 -0.384905 0.532259 -0.241565 -0.276027 0.571809 -0.034143 -0.273567 0.410423 -0.139314 -0.221755 0.506575 -0.235486 -0.131217 0.535242 -0.032158 -0.146400 0.373016 -0.101573 -0.148182 0.471350 -0.191959 -0.077638 0.463797 
0.000000 0.000000 0.000000 -0.043285 -0.028090 -0.054418 -0.054929 -0.411627 0.137247 0.007622 -0.307489 0.203789 0.044311 -0.216206 0.224361 0.071402 -0.137937 0.232908 -0.267821 -0.107344 0.148433 -0.408321 -0.156936 0.275365 -0.454549 -0.208445 0.414277 -0.110838 -0.557654 0.301473 -0.172780 -0.577449 0.422110 -0.231323 -0.514487 0.500861 -0.073109 -0.391241 0.411014 -0.158434 -0.376182 0.547460 -0.231370 -0.268240 0.588304 -0.030030 -0.262236 0.416892 -0.131019 -0.217292 0.520680 -0.227412 -0.127502 0.550915 -0.027551 -0.140638 0.377086 -0.095663 -0.142498 0.476327 -0.187644 -0.073810 0.471368 
0.000000 0.000000 0.000000 -0.044160 -0.028588 -0.053447 -0.052866 -0.410268 0.142041 0.010778 -0.305530 0.206574 0.047823 -0.214072 0.225682 0.075073 -0.135738 0.233046 -0.266546 -0.105764 0.152550 -0.405700 -0.154056 0.281450 -0.451964 -0.204364 0.420789 -0.107255 -0.551850 0.310613 -0.165325 -0.577384 0.432095 -0.222961 -0.514540 0.511605 -0.061216 -0.397020 0.413747 -0.145822 -0.377659 0.550098 -0.219729 -0.271556 0.593906 -0.027872 -0.253357 0.419178 -0.125374 -0.213534 0.528258 -0.222165 -0.124794 0.560267 -0.023950 -0.136914 0.377195 -0.092110 -0.137723 0.476417 -0.185637 -0.070990 0.474796 
0.000000 0.000000 0.000000 -0.042499 -0.030014 -0.054008 -0.045871 -0.410320 0.144303 0.014126 -0.303638 0.209145 0.048674 -0.211197 0.228195 0.073952 -0.132193 0.235430 -0.260908 -0.106730 0.156370 -0.397574 -0.154733 0.288010 -0.442970 -0.204252 0.427917 -0.102417 -0.547231 0.315995 -0.158892 -0.576916 0.437286 -0.216316 -0.514246 0.517086 -0.060001 -0.381432 0.421106 -0.139547 -0.370302 0.561367 -0.214273 -0.264999 0.605712 -0.026681 -0.247715 0.422365 -0.121317 -0.213057 0.535650 -0.218984 -0.125818 0.569099 -0.021908 -0.134136 0.381694 -0.087890 -0.135473 0.482371 -0.182943 -0.070929 0.483835 
0.000000 0.000000 0.000000 -0.043831 -0.030378 -0.052725 -0.043824 -0.408786 0.149212 0.017993 -0.301702 0.211636 0.053265 -0.209203 0.229005 0.078954 -0.130220 0.234905 -0.259181 -0.105881 0.161214 -0.393933 -0.153127 0.295083 -0.438772 -0.200534 0.435897 -0.094683 -0.547683 0.321087 -0.151937 -0.567889 0.443951 -0.209170 -0.504836 0.523588 -0.049474 -0.384615 0.423881 -0.128954 -0.369465 0.563802 -0.204509 -0.265140 0.609046 -0.014650 -0.248272 0.425410 -0.109428 -0.209920 0.537379 -0.207523 -0.123525 0.571747 -0.014064 -0.130749 0.383005 -0.078090 -0.131114 0.484945 -0.174659 -0.069004 0.489399 
0.000000 0.000000 0.000000 -0.043921 -0.030459 -0.052603 -0.042061 -0.409065 0.148954 0.019647 -0.301855 0.211270 0.054697 -0.209266 0.228609 0.080166 -0.130211 0.234499 -0.258753 -0.106669 0.161606 -0.393180 -0.154357 0.295644 -0.437399 -0.201887 0.436614 -0.091935 -0.548768 0.320464 -0.148293 -0.571218 0.443354 -0.205485 -0.508498 0.523281 -0.052982 -0.381281 0.423145 -0.133752 -0.367942 0.562511 -0.210028 -0.264160 0.607793 -0.008128 -0.249827 0.426401 -0.104448 -0.206990 0.535388 -0.203186 -0.121540 0.570276 -0.011489 -0.134519 0.383385 -0.074577 -0.137485 0.485866 -0.172822 -0.078610 0.495073 
0.000000 0.000000 0.000000 -0.046069 -0.029947 -0.051037 -0.043155 -0.407995 0.151553 0.022137 -0.301542 0.211470 0.059096 -0.209436 0.227355 0.085904 -0.130751 0.232155 -0.258724 -0.113233 0.162710 -0.391790 -0.165347 0.296458 -0.435444 -0.213275 0.437469 -0.084480 -0.554276 0.319821 -0.140884 -0.570087 0.443719 -0.197958 -0.507711 0.523999 -0.043292 -0.389554 0.422295 -0.125561 -0.369857 0.560021 -0.202405 -0.266766 0.605919 -0.009451 -0.245400 0.424134 -0.104736 -0.206939 0.535634 -0.204177 -0.122270 0.570425 -0.007487 -0.136082 0.379925 -0.071769 -0.139751 0.481639 -0.170390 -0.081544 0.491074 
0.000000 0.000000 0.000000 -0.045007 -0.030491 -0.051658 -0.039607 -0.408745 0.150496 0.023480 -0.301510 0.211371 0.058993 -0.208938 0.227839 0.084680 -0.129908 0.233076 -0.256997 -0.113210 0.162968 -0.389646 -0.164969 0.297267 -0.432915 -0.213172 0.438304 -0.082968 -0.553112 0.319901 -0.138882 -0.572240 0.443553 -0.196173 -0.510089 0.523853 -0.041131 -0.387813 0.423153 -0.121698 -0.370837 0.562240 -0.198741 -0.267988 0.608347 -0.002275 -0.250281 0.425957 -0.099431 -0.206825 0.533953 -0.198961 -0.122453 0.569210 -0.006653 -0.133185 0.382186 -0.069520 -0.135440 0.484821 -0.168548 -0.078030 0.494850 
0.000000 0.000000 0.000000 -0.044680 -0.030824 -0.051744 -0.037884 -0.408685 0.151102 0.024434 -0.301004 0.211983 0.059398 -0.208214 0.228397 0.084643 -0.129038 0.233572 -0.257031 -0.113922 0.162377 -0.389907 -0.165920 0.296360 -0.433515 -0.214135 0.437287 -0.084220 -0.550483 0.321884 -0.139540 -0.574586 0.444932 -0.197343 -0.512451 0.524877 -0.037772 -0.390455 0.423178 -0.119955 -0.368940 0.560683 -0.197305 -0.266211 0.606543 -0.004915 -0.249689 0.425519 -0.102590 -0.207916 0.533712 -0.202413 -0.123681 0.568467 -0.009744 -0.135066 0.380682 -0.074712 -0.139215 0.481939 -0.174158 -0.082455 0.491525 
0.000000 0.000000 0.000000 -0.043432 -0.031346 -0.052488 -0.033656 -0.409732 0.149255 0.026070 -0.301294 0.211376 0.059329 -0.208023 0.228588 0.083249 -0.128479 0.234380 -0.255055 -0.115145 0.162081 -0.387475 -0.167580 0.296345 -0.431332 -0.216663 0.436894 -0.082233 -0.547765 0.322481 -0.136655 -0.575831 0.445088 -0.195101 -0.514162 0.524927 -0.039985 -0.385960 0.423373 -0.120809 -0.370932 0.562535 -0.198944 -0.268701 0.608175 -0.007296 -0.249428 0.424957 -0.104191 -0.212057 0.535435 -0.204769 -0.128723 0.570184 -0.007449 -0.138278 0.383592 -0.069878 -0.145023 0.486297 -0.169694 -0.089031 0.496539 
0.000000 0.000000 0.000000 -0.042335 -0.031736 -0.053146 -0.029617 -0.410809 0.147137 0.027788 -0.301799 0.210434 0.059497 -0.208139 0.228439 0.082205 -0.128287 0.234853 -0.252650 -0.115251 0.162814 -0.384253 -0.167510 0.297947 -0.427996 -0.217628 0.438167 -0.080158 -0.542735 0.324510 -0.130226 -0.580968 0.446221 -0.188663 -0.519960 0.526572 -0.039456 -0.384134 0.422975 -0.118615 -0.373901 0.563523 -0.197332 -0.272441 0.609880 -0.004473 -0.248485 0.425907 -0.098459 -0.214619 0.539971 -0.199474 -0.132101 0.575394 -0.007995 -0.133602 0.384592 -0.070082 -0.137260 0.487661 -0.170163 -0.081799 0.498195 
0.000000 0.000000 0.000000 -0.043454 -0.031423 -0.052424 -0.030339 -0.410528 0.147771 0.028947 -0.301948 0.210064 0.061673 -0.208530 0.227504 0.085099 -0.128855 0.233508 -0.252371 -0.117426 0.163916 -0.383098 -0.171241 0.299288 -0.427322 -0.222298 0.439018 -0.081656 -0.540143 0.326619 -0.127621 -0.587994 0.446534 -0.186031 -0.527651 0.527406 -0.036725 -0.382559 0.423754 -0.114375 -0.372462 0.565151 -0.192976 -0.271243 0.612226 -0.001653 -0.249923 0.424963 -0.094749 -0.217848 0.540267 -0.195842 -0.135838 0.576635 -0.004066 -0.134296 0.383862 -0.065439 -0.138041 0.487354 -0.165812 -0.083324 0.498952 
0.000000 0.000000 0.000000 -0.043403 -0.031561 -0.052383 -0.029526 -0.410430 0.148209 0.029563 -0.301670 0.210377 0.062112 -0.208171 0.227713 0.085386 -0.128445 0.233629 -0.252057 -0.116569 0.164603 -0.382620 -0.169762 0.300379 -0.427600 -0.220961 0.439815 -0.078372 -0.544968 0.324089 -0.127898 -0.584477 0.445613 -0.186414 -0.524450 0.526643 -0.029976 -0.389974 0.422820 -0.110001 -0.372020 0.562098 -0.188659 -0.271232 0.609995 -0.001070 -0.247739 0.425592 -0.093606 -0.215603 0.541329 -0.194846 -0.134019 0.578241 -0.002562 -0.135148 0.384647 -0.063099 -0.139761 0.488595 -0.163792 -0.085864 0.501212 
0.000000 0.000000 0.000000 -0.043483 -0.032029 -0.052032 -0.029206 -0.409114 0.151866 0.029966 -0.299800 0.212977 0.062526 -0.206147 0.229434 0.085795 -0.126368 0.234609 -0.250281 -0.116408 0.166968 -0.379681 -0.169208 0.304004 -0.426236 -0.219990 0.443075 -0.079003 -0.544095 0.327138 -0.129082 -0.583706 0.448403 -0.187657 -0.523696 0.529403 -0.030744 -0.388885 0.424761 -0.107775 -0.380876 0.566630 -0.186600 -0.280581 0.615282 -0.008677 -0.242098 0.425269 -0.096665 -0.220723 0.546892 -0.198215 -0.139634 0.584044 -0.003986 -0.137082 0.384312 -0.065784 -0.144457 0.487355 -0.166539 -0.090793 0.500465 
0.000000 0.000000 0.000000 -0.043535 -0.032660 -0.051594 -0.028210 -0.407500 0.156327 0.030901 -0.297436 0.216135 0.063337 -0.203557 0.231515 0.086483 -0.123688 0.235782 -0.248895 -0.118270 0.168280 -0.377396 -0.171839 0.305863 -0.425179 -0.221809 0.444811 -0.071495 -0.546951 0.329821 -0.122486 -0.579234 0.452865 -0.180874 -0.519300 0.534055 -0.036346 -0.375281 0.430360 -0.110597 -0.373563 0.573916 -0.189643 -0.273382 0.622441 0.000835 -0.242215 0.429789 -0.092515 -0.208324 0.544367 -0.194106 -0.127595 0.582184 -0.001254 -0.135742 0.386591 -0.061644 -0.144040 0.490395 -0.162526 -0.091190 0.505652 
0.000000 0.000000 0.000000 -0.044331 -0.032628 -0.050932 -0.029022 -0.406548 0.158639 0.031474 -0.296580 0.217225 0.064684 -0.202840 0.231772 0.088387 -0.123102 0.235382 -0.247464 -0.114235 0.172504 -0.374572 -0.165300 0.312315 -0.421876 -0.216042 0.451148 -0.068106 -0.546173 0.332988 -0.120028 -0.571765 0.457211 -0.178780 -0.510940 0.537471 -0.029288 -0.375980 0.432813 -0.103031 -0.369431 0.576493 -0.182689 -0.270319 0.626201 -0.003333 -0.229374 0.430225 -0.089479 -0.203269 0.552242 -0.191482 -0.124075 0.592139 0.001086 -0.131951 0.386665 -0.059005 -0.138042 0.490796 -0.160441 -0.087601 0.510017 
0.000000 0.000000 0.000000 -0.041752 -0.034563 -0.051828 -0.017661 -0.406493 0.160442 0.037118 -0.293991 0.219838 0.066376 -0.198980 0.234622 0.086946 -0.118381 0.238322 -0.241875 -0.122239 0.172024 -0.367099 -0.177102 0.312096 -0.414713 -0.230215 0.449932 -0.063927 -0.539610 0.338092 -0.110785 -0.584000 0.458988 -0.171307 -0.524055 0.538592 -0.030667 -0.365034 0.436246 -0.096516 -0.380425 0.583051 -0.180230 -0.285544 0.634324 -0.014262 -0.220119 0.428952 -0.091118 -0.214099 0.559519 -0.196286 -0.140946 0.602606 -0.003233 -0.128418 0.387832 -0.065306 -0.135327 0.490742 -0.168328 -0.089225 0.512282 
0.000000 0.000000 0.000000 -0.039953 -0.035704 -0.052468 -0.008508 -0.406939 0.160057 0.042128 -0.292961 0.220309 0.068436 -0.197164 0.235561 0.086641 -0.116014 0.239594 -0.239278 -0.124066 0.171827 -0.364003 -0.179357 0.312175 -0.411817 -0.231839 0.450184 -0.051983 -0.537844 0.340041 -0.100748 -0.575092 0.462583 -0.162884 -0.516001 0.541579 -0.017867 -0.372573 0.436034 -0.091762 -0.372100 0.579783 -0.177140 -0.278537 0.630735 -0.003770 -0.229384 0.431678 -0.090965 -0.213298 0.554678 -0.197400 -0.141725 0.597305 -0.006273 -0.125408 0.387462 -0.070228 -0.131874 0.489242 -0.174178 -0.087951 0.510886 
0.000000 0.000000 0.000000 -0.040116 -0.035675 -0.052363 -0.008003 -0.407029 0.159854 0.042817 -0.293084 0.220013 0.069171 -0.197295 0.235236 0.087387 -0.116147 0.239258 -0.236638 -0.124779 0.174100 -0.359608 -0.180535 0.315807 -0.407025 -0.232051 0.454315 -0.044913 -0.540117 0.339703 -0.092885 -0.572793 0.463852 -0.154106 -0.513872 0.543686 -0.019255 -0.367522 0.436993 -0.088239 -0.374787 0.582982 -0.173460 -0.280949 0.633690 0.005094 -0.233514 0.433468 -0.083863 -0.212573 0.554460 -0.190052 -0.140265 0.596453 -0.001506 -0.125024 0.389609 -0.062693 -0.131134 0.493098 -0.166678 -0.087266 0.514683 
0.000000 0.000000 0.000000 -0.042662 -0.034641 -0.051028 -0.013654 -0.406581 0.160611 0.042002 -0.293973 0.218981 0.071324 -0.198900 0.233234 0.091780 -0.118256 0.236566 -0.239231 -0.124917 0.174931 -0.362231 -0.181406 0.316321 -0.410101 -0.231976 0.455022 -0.048628 -0.542701 0.338567 -0.095059 -0.576536 0.462991 -0.154401 -0.517711 0.544300 -0.020749 -0.373456 0.433968 -0.090179 -0.382393 0.579653 -0.173612 -0.287657 0.631647 0.009909 -0.238701 0.431622 -0.079861 -0.215548 0.551606 -0.184777 -0.141916 0.594488 0.004903 -0.129028 0.387968 -0.054895 -0.136443 0.492182 -0.158303 -0.091543 0.514407 
0.000000 0.000000 0.000000 -0.043145 -0.034443 -0.050755 -0.016455 -0.405942 0.161958 0.040365 -0.293622 0.219759 0.070537 -0.198754 0.233597 0.091681 -0.118274 0.236594 -0.236685 -0.122176 0.178790 -0.357790 -0.177074 0.322425 -0.406080 -0.226420 0.461421 -0.050755 -0.542715 0.339544 -0.098318 -0.572085 0.464674 -0.156738 -0.512898 0.546387 -0.015885 -0.371849 0.436994 -0.086243 -0.369326 0.582486 -0.168097 -0.273395 0.634796 0.009985 -0.233372 0.433218 -0.074739 -0.211930 0.557125 -0.178497 -0.136887 0.600379 0.007810 -0.129425 0.389655 -0.049921 -0.137101 0.495009 -0.152713 -0.091007 0.517643 
0.000000 0.000000 0.000000 -0.042140 -0.034882 -0.051297 -0.014895 -0.405939 0.162116 0.040106 -0.293052 0.220566 0.069216 -0.197899 0.234716 0.089577 -0.117225 0.237919 -0.236076 -0.121306 0.178412 -0.357428 -0.175384 0.322148 -0.406616 -0.224565 0.460888 -0.055467 -0.535432 0.343791 -0.100670 -0.572820 0.467649 -0.159320 -0.513581 0.549160 -0.021289 -0.364888 0.438613 -0.089444 -0.367856 0.585142 -0.171294 -0.271702 0.637048 0.006554 -0.228727 0.434307 -0.078306 -0.206066 0.557904 -0.182116 -0.130461 0.600039 0.006256 -0.127349 0.391351 -0.051095 -0.134318 0.496961 -0.153817 -0.087748 0.518930 
0.000000 0.000000 0.000000 -0.040712 -0.035303 -0.052154 -0.011476 -0.406797 0.160233 0.040779 -0.293333 0.220068 0.068183 -0.197808 0.235095 0.087250 -0.116848 0.238967 -0.236754 -0.123787 0.174968 -0.359424 -0.179155 0.317086 -0.409763 -0.229639 0.454942 -0.052408 -0.535559 0.342346 -0.097522 -0.574079 0.465889 -0.157051 -0.515409 0.547174 -0.024401 -0.367147 0.436349 -0.091706 -0.378200 0.582884 -0.174515 -0.282890 0.634824 0.009704 -0.233469 0.435150 -0.078949 -0.207482 0.555384 -0.183699 -0.132678 0.596611 0.003087 -0.126238 0.391985 -0.054844 -0.132701 0.497311 -0.157952 -0.086676 0.518610 
0.000000 0.000000 0.000000 -0.041317 -0.034971 -0.051902 -0.011218 -0.407389 0.158742 0.041958 -0.294322 0.218521 0.069802 -0.198942 0.233658 0.089156 -0.118057 0.237666 -0.238845 -0.128537 0.171871 -0.362446 -0.187084 0.311893 -0.413494 -0.238972 0.448965 -0.052945 -0.537520 0.339697 -0.096986 -0.581536 0.461783 -0.157768 -0.524025 0.542969 -0.020996 -0.372849 0.433799 -0.091500 -0.380036 0.579064 -0.175769 -0.285893 0.630786 0.003183 -0.233490 0.431350 -0.084909 -0.213789 0.553180 -0.190930 -0.140229 0.593386 0.001469 -0.130574 0.388465 -0.058888 -0.139190 0.492263 -0.162591 -0.094292 0.513073 
0.000000 0.000000 0.000000 -0.041063 -0.034315 -0.052538 -0.013176 -0.409040 0.154281 0.039875 -0.296748 0.215610 0.067840 -0.201602 0.231950 0.087354 -0.120811 0.236950 -0.239384 -0.130455 0.169435 -0.363481 -0.190614 0.308331 -0.414975 -0.243934 0.444684 -0.052524 -0.547438 0.329546 -0.100526 -0.586536 0.451814 -0.161995 -0.529955 0.533136 -0.023368 -0.373003 0.431620 -0.089444 -0.387947 0.578369 -0.174586 -0.294653 0.630198 0.002183 -0.239234 0.429401 -0.085290 -0.222228 0.552079 -0.191780 -0.149131 0.591887 -0.000371 -0.135220 0.387558 -0.060754 -0.145138 0.491225 -0.165011 -0.101468 0.511878 
0.000000 0.000000 0.000000 -0.041357 -0.033306 -0.052954 -0.017130 -0.410678 0.149469 0.036949 -0.299620 0.212132 0.065804 -0.204940 0.229599 0.086080 -0.124402 0.235554 -0.244633 -0.128462 0.164923 -0.371829 -0.188005 0.301257 -0.423557 -0.241847 0.437316 -0.062091 -0.551475 0.321442 -0.114871 -0.586785 0.442889 -0.176473 -0.530298 0.524176 -0.031841 -0.376165 0.426336 -0.101705 -0.389985 0.571431 -0.186731 -0.296326 0.622793 -0.009090 -0.239392 0.424323 -0.093977 -0.229183 0.549546 -0.200386 -0.155414 0.588318 -0.004302 -0.134387 0.384944 -0.066514 -0.141259 0.487773 -0.170656 -0.097035 0.507819 
0.000000 0.000000 0.000000 -0.041633 -0.032477 -0.053253 -0.021455 -0.411620 0.146283 0.033674 -0.301601 0.209857 0.063468 -0.207357 0.228082 0.084551 -0.127076 0.234678 -0.248563 -0.126606 0.161609 -0.378047 -0.185505 0.296056 -0.430158 -0.239297 0.431989 -0.064462 -0.557906 0.314125 -0.118397 -0.591389 0.435583 -0.179539 -0.534753 0.517113 -0.033577 -0.382277 0.423031 -0.108755 -0.386457 0.566053 -0.193191 -0.291903 0.616743 -0.009282 -0.245957 0.422841 -0.099952 -0.228447 0.543104 -0.205650 -0.153102 0.580775 -0.007486 -0.138033 0.382987 -0.070837 -0.145575 0.485070 -0.174552 -0.100101 0.504527 
0.000000 0.000000 0.000000 -0.041782 -0.031770 -0.053562 -0.024813 -0.412511 0.143210 0.031031 -0.303382 0.207687 0.061501 -0.209501 0.226657 0.083176 -0.129432 0.233881 -0.251380 -0.130217 0.156731 -0.382533 -0.191819 0.288319 -0.434110 -0.246463 0.424115 -0.074988 -0.557070 0.310559 -0.128621 -0.598303 0.429745 -0.189877 -0.541769 0.511260 -0.038394 -0.392558 0.416738 -0.116700 -0.398172 0.558022 -0.200546 -0.303082 0.608688 -0.012713 -0.253917 0.419616 -0.108946 -0.232107 0.534743 -0.214250 -0.155639 0.571238 -0.009070 -0.144575 0.381690 -0.072564 -0.154998 0.483430 -0.175842 -0.108333 0.502382 
0.000000 0.000000 0.000000 -0.040874 -0.031594 -0.054360 -0.025738 -0.413368 0.140550 0.028799 -0.304436 0.206463 0.058698 -0.210573 0.226406 0.080023 -0.130483 0.234396 -0.253254 -0.129372 0.153439 -0.386147 -0.190555 0.283466 -0.437597 -0.245216 0.419304 -0.082276 -0.548630 0.313547 -0.132571 -0.598666 0.430803 -0.193760 -0.541539 0.511954 -0.050844 -0.381086 0.416834 -0.118630 -0.409928 0.560701 -0.202010 -0.314091 0.610725 -0.015545 -0.255669 0.419196 -0.107933 -0.239204 0.538294 -0.212368 -0.161277 0.574192 -0.013337 -0.147579 0.381290 -0.077598 -0.159346 0.482400 -0.180494 -0.111274 0.499856 
0.000000 0.000000 0.000000 -0.041705 -0.030853 -0.054155 -0.029580 -0.413654 0.138945 0.026822 -0.305686 0.204876 0.058022 -0.212282 0.224980 0.080383 -0.132493 0.233143 -0.255943 -0.127897 0.152075 -0.390000 -0.188622 0.281120 -0.440270 -0.242885 0.417557 -0.079807 -0.555613 0.308489 -0.132829 -0.597170 0.427836 -0.194514 -0.540025 0.508598 -0.043283 -0.394857 0.413701 -0.123709 -0.396346 0.553894 -0.206975 -0.299420 0.601972 -0.010787 -0.259206 0.419343 -0.107618 -0.233158 0.533080 -0.211849 -0.153987 0.566786 -0.015144 -0.146155 0.378999 -0.080898 -0.155559 0.479395 -0.183562 -0.106170 0.494359 
0.000000 0.000000 0.000000 -0.040252 -0.031397 -0.054936 -0.025179 -0.414426 0.137503 0.028296 -0.305713 0.204637 0.057607 -0.211861 0.225483 0.078510 -0.131737 0.234207 -0.255782 -0.128865 0.149742 -0.390647 -0.189854 0.277817 -0.439890 -0.244200 0.414595 -0.092861 -0.535721 0.316743 -0.133765 -0.609028 0.425071 -0.196331 -0.552126 0.505325 -0.047033 -0.388187 0.414394 -0.125925 -0.394459 0.555324 -0.209291 -0.296801 0.601717 -0.022240 -0.253046 0.416904 -0.114806 -0.237888 0.536036 -0.219148 -0.158078 0.567835 -0.016269 -0.144477 0.380633 -0.081508 -0.153245 0.481421 -0.183970 -0.102795 0.494050 
0.000000 0.000000 0.000000 -0.041968 -0.030859 -0.053947 -0.030029 -0.413324 0.139829 0.026854 -0.305361 0.205355 0.058339 -0.211992 0.225171 0.080911 -0.132238 0.233104 -0.258757 -0.131767 0.147713 -0.394409 -0.194908 0.273898 -0.442596 -0.248934 0.411179 -0.079099 -0.560763 0.304977 -0.136452 -0.595809 0.424411 -0.199365 -0.538450 0.504067 -0.045588 -0.395410 0.413003 -0.128573 -0.395312 0.551704 -0.211869 -0.296812 0.596414 -0.017566 -0.261159 0.416312 -0.116295 -0.238287 0.529096 -0.220315 -0.157312 0.558944 -0.015735 -0.146188 0.378194 -0.082258 -0.155790 0.478063 -0.184546 -0.104475 0.488412 
0.000000 0.000000 0.000000 -0.041924 -0.030758 -0.054039 -0.031431 -0.413221 0.139824 0.025583 -0.305397 0.205464 0.057266 -0.212107 0.225338 0.080028 -0.132412 0.233310 -0.260316 -0.130405 0.146514 -0.396972 -0.192757 0.272008 -0.444691 -0.246236 0.409666 -0.084420 -0.558252 0.305892 -0.141324 -0.597614 0.424190 -0.204579 -0.540015 0.503401 -0.047666 -0.397045 0.412127 -0.134339 -0.389846 0.548364 -0.217069 -0.290173 0.591496 -0.019175 -0.259947 0.416602 -0.117922 -0.236216 0.529193 -0.221519 -0.154102 0.557351 -0.019272 -0.145402 0.376687 -0.087622 -0.154342 0.475377 -0.189447 -0.101665 0.483114 
0.000000 0.000000 0.000000 -0.041941 -0.030821 -0.053990 -0.031434 -0.413044 0.140345 0.025607 -0.305144 0.205836 0.057304 -0.211833 0.225587 0.080075 -0.132130 0.233454 -0.262229 -0.125933 0.146692 -0.400070 -0.185449 0.272265 -0.446771 -0.237560 0.410795 -0.083529 -0.556860 0.307747 -0.142038 -0.590285 0.427084 -0.205432 -0.532187 0.505818 -0.044904 -0.398160 0.412840 -0.131657 -0.387327 0.548786 -0.213489 -0.286636 0.591261 -0.014059 -0.260326 0.418640 -0.114896 -0.228090 0.527192 -0.217425 -0.144376 0.554539 -0.015985 -0.144453 0.379080 -0.082105 -0.152936 0.479316 -0.183568 -0.099390 0.485736 
0.000000 0.000000 0.000000 -0.042806 -0.030707 -0.053373 -0.034830 -0.411674 0.143532 0.024068 -0.303990 0.207721 0.057021 -0.210916 0.226515 0.080780 -0.131429 0.233607 -0.263320 -0.128481 0.145775 -0.401304 -0.189662 0.270389 -0.447010 -0.240877 0.409582 -0.083885 -0.559022 0.308766 -0.143486 -0.589087 0.428457 -0.207029 -0.530636 0.506808 -0.050791 -0.399121 0.412222 -0.139032 -0.390537 0.547368 -0.219898 -0.288588 0.588677 -0.018001 -0.257954 0.418538 -0.119256 -0.225915 0.526758 -0.221195 -0.140960 0.552431 -0.017297 -0.144865 0.377782 -0.084805 -0.154114 0.477021 -0.185733 -0.099392 0.481734 
0.000000 0.000000 0.000000 -0.044773 -0.030313 -0.051966 -0.041150 -0.408965 0.149482 0.021782 -0.301957 0.210914 0.057364 -0.209479 0.227758 0.083158 -0.130504 0.233291 -0.266659 -0.125159 0.147075 -0.405501 -0.184506 0.271621 -0.451697 -0.233777 0.411354 -0.089368 -0.557594 0.313813 -0.149913 -0.585334 0.433591 -0.213515 -0.525935 0.511178 -0.049288 -0.399222 0.415763 -0.139494 -0.380313 0.548540 -0.219199 -0.276860 0.588339 -0.015802 -0.259896 0.419640 -0.118724 -0.224086 0.525070 -0.219735 -0.137682 0.549549 -0.015194 -0.139478 0.377626 -0.082892 -0.145655 0.476974 -0.183286 -0.089849 0.480109 
0.000000 0.000000 0.000000 -0.043753 -0.031093 -0.052372 -0.042609 -0.407215 0.153789 0.018909 -0.299260 0.214996 0.053916 -0.206470 0.231321 0.079377 -0.127352 0.236330 -0.266042 -0.122394 0.147872 -0.405137 -0.179525 0.273171 -0.451918 -0.226855 0.413379 -0.098799 -0.548196 0.322274 -0.158153 -0.582606 0.440913 -0.221751 -0.521867 0.517458 -0.056986 -0.392108 0.420164 -0.144430 -0.382714 0.555773 -0.223133 -0.278118 0.594566 -0.022964 -0.250672 0.423283 -0.122959 -0.218241 0.532554 -0.223085 -0.130408 0.555530 -0.018650 -0.138473 0.380736 -0.086124 -0.146128 0.480134 -0.186029 -0.089409 0.482363 
0.000000 0.000000 0.000000 -0.041800 -0.032133 -0.053330 -0.039760 -0.407022 0.155057 0.018252 -0.297685 0.217228 0.051224 -0.204217 0.233918 0.075190 -0.124646 0.239125 -0.265663 -0.118944 0.147159 -0.405741 -0.173265 0.272612 -0.452042 -0.218802 0.413571 -0.104426 -0.535450 0.330399 -0.158526 -0.583572 0.446758 -0.221907 -0.521815 0.522666 -0.058503 -0.385562 0.424256 -0.144754 -0.375049 0.560546 -0.222307 -0.269119 0.598012 -0.021887 -0.249174 0.427173 -0.124266 -0.208048 0.531183 -0.223362 -0.118624 0.552426 -0.020013 -0.135105 0.385458 -0.085544 -0.142305 0.486181 -0.184857 -0.084525 0.487417 
0.000000 0.000000 0.000000 -0.044850 -0.031037 -0.051469 -0.047141 -0.404583 0.159312 0.016777 -0.296872 0.218456 0.053419 -0.204454 0.233220 0.080171 -0.125691 0.236950 -0.267988 -0.116911 0.150227 -0.407613 -0.170645 0.276436 -0.453186 -0.215054 0.417991 -0.101360 -0.544774 0.329097 -0.160367 -0.576700 0.448600 -0.223485 -0.514255 0.524164 -0.060204 -0.385597 0.425038 -0.147846 -0.371587 0.560120 -0.224785 -0.264835 0.596502 -0.018448 -0.250829 0.426605 -0.122063 -0.206178 0.527902 -0.220576 -0.115849 0.547996 -0.015897 -0.133282 0.382894 -0.082023 -0.138508 0.483350 -0.180910 -0.079988 0.483339 
0.000000 0.000000 0.000000 -0.044757 -0.031305 -0.051388 -0.048278 -0.403429 0.161879 0.015655 -0.295431 0.220482 0.052413 -0.202978 0.234732 0.079287 -0.124238 0.238012 -0.269720 -0.116443 0.148587 -0.410487 -0.169716 0.273717 -0.456092 -0.213397 0.415488 -0.099317 -0.544205 0.332165 -0.160445 -0.566672 0.452749 -0.223405 -0.503043 0.527452 -0.059803 -0.387130 0.426327 -0.150473 -0.363344 0.557999 -0.226726 -0.255649 0.593022 -0.021004 -0.250092 0.427356 -0.124727 -0.206486 0.528997 -0.222708 -0.115259 0.547580 -0.017378 -0.130198 0.383636 -0.083915 -0.134301 0.483873 -0.182309 -0.074988 0.481952 
0.000000 0.000000 0.000000 -0.044608 -0.031486 -0.051407 -0.049350 -0.402630 0.163536 0.014499 -0.294443 0.221879 0.051316 -0.201969 0.235842 0.078273 -0.123247 0.238861 -0.271070 -0.114209 0.147886 -0.412776 -0.165972 0.272591 -0.459212 -0.208880 0.414328 -0.103263 -0.541073 0.334846 -0.164491 -0.565335 0.455031 -0.227652 -0.501246 0.529169 -0.061442 -0.382306 0.429213 -0.151516 -0.357719 0.561148 -0.227496 -0.249454 0.594987 -0.024487 -0.247018 0.428035 -0.128775 -0.202602 0.528743 -0.226493 -0.110819 0.545923 -0.019407 -0.125496 0.383913 -0.086641 -0.127044 0.483754 -0.184642 -0.067141 0.480485 
0.000000 0.000000 0.000000 -0.045552 -0.030762 -0.051016 -0.054646 -0.401693 0.164155 0.011473 -0.294556 0.221907 0.049933 -0.202699 0.235512 0.078215 -0.124433 0.238264 -0.272540 -0.112739 0.147986 -0.414575 -0.164035 0.272509 -0.461853 -0.206607 0.414070 -0.110080 -0.539601 0.335412 -0.170267 -0.568374 0.455127 -0.233440 -0.503988 0.528997 -0.063954 -0.382012 0.429600 -0.154644 -0.353197 0.560251 -0.230044 -0.244312 0.593393 -0.022253 -0.247840 0.429071 -0.126615 -0.199006 0.527634 -0.223631 -0.106371 0.544209 -0.019742 -0.124886 0.383145 -0.087169 -0.125197 0.482869 -0.184729 -0.064622 0.478908 
0.000000 0.000000 0.000000 -0.044657 -0.030501 -0.051955 -0.057389 -0.402548 0.161096 0.007700 -0.295705 0.220536 0.045900 -0.203916 0.235282 0.074113 -0.125662 0.238930 -0.273692 -0.109310 0.145981 -0.417008 -0.158623 0.269836 -0.465554 -0.201373 0.410912 -0.113418 -0.540955 0.331755 -0.175659 -0.564282 0.451605 -0.238534 -0.499674 0.525534 -0.068512 -0.382995 0.428013 -0.160102 -0.348930 0.556759 -0.234382 -0.239316 0.590024 -0.028322 -0.247843 0.428350 -0.133116 -0.196814 0.525330 -0.229299 -0.103303 0.541841 -0.023108 -0.125808 0.384306 -0.090028 -0.125909 0.484371 -0.186953 -0.064328 0.480304 
0.000000 0.000000 0.000000 -0.045598 -0.029395 -0.051775 -0.064675 -0.401837 0.160108 0.002969 -0.296563 0.219496 0.043144 -0.205632 0.234308 0.072986 -0.127989 0.238040 -0.275722 -0.108920 0.144604 -0.419718 -0.158681 0.267486 -0.469748 -0.202045 0.407856 -0.122070 -0.543048 0.327993 -0.186625 -0.562921 0.447240 -0.249423 -0.498242 0.521174 -0.074812 -0.386891 0.425082 -0.166794 -0.354700 0.554031 -0.240374 -0.244870 0.588127 -0.034813 -0.251954 0.425334 -0.139558 -0.203726 0.523788 -0.234741 -0.109278 0.540752 -0.025965 -0.129294 0.382238 -0.094075 -0.130192 0.481493 -0.190485 -0.067787 0.477766 
0.000000 0.000000 0.000000 -0.045671 -0.028719 -0.052089 -0.069047 -0.401974 0.157923 -0.000650 -0.297625 0.218074 0.040316 -0.207146 0.233477 0.070869 -0.129804 0.237697 -0.278308 -0.106853 0.141872 -0.423877 -0.155745 0.263241 -0.475477 -0.199339 0.402969 -0.127423 -0.545938 0.323110 -0.193709 -0.562780 0.441873 -0.256207 -0.498057 0.516023 -0.080104 -0.388904 0.422597 -0.173315 -0.352837 0.549622 -0.246045 -0.242499 0.583903 -0.036570 -0.252006 0.425283 -0.141532 -0.199039 0.521035 -0.235956 -0.103835 0.538016 -0.031656 -0.130786 0.379379 -0.102226 -0.131462 0.476902 -0.198128 -0.068295 0.472907 
0.000000 0.000000 0.000000 -0.045613 -0.027825 -0.052622 -0.073973 -0.402608 0.154029 -0.004950 -0.299450 0.215505 0.036795 -0.209511 0.231943 0.068073 -0.132511 0.237019 -0.280520 -0.103699 0.139493 -0.427510 -0.151176 0.259705 -0.480751 -0.195010 0.398741 -0.138105 -0.543807 0.319468 -0.205142 -0.563781 0.437320 -0.267758 -0.499152 0.511452 -0.089225 -0.387585 0.419476 -0.183337 -0.350918 0.545663 -0.255404 -0.240210 0.580149 -0.043718 -0.252142 0.422767 -0.147817 -0.201469 0.520678 -0.241479 -0.105581 0.538023 -0.034796 -0.132473 0.378455 -0.105602 -0.132447 0.475809 -0.201002 -0.068516 0.471957 
0.000000 0.000000 0.000000 -0.047611 -0.025925 -0.051817 -0.083144 -0.401451 0.152362 -0.009583 -0.301040 0.213120 0.035313 -0.212594 0.229353 0.069093 -0.136654 0.234356 -0.283872 -0.102975 0.138159 -0.431708 -0.151187 0.257033 -0.486370 -0.195826 0.395258 -0.142587 -0.551645 0.311511 -0.211155 -0.566046 0.429295 -0.273337 -0.501730 0.504061 -0.094071 -0.396997 0.413441 -0.188985 -0.361591 0.539387 -0.260082 -0.250731 0.575368 -0.049760 -0.257784 0.417593 -0.154244 -0.210326 0.516697 -0.247055 -0.113784 0.534962 -0.035486 -0.137861 0.374528 -0.107470 -0.138693 0.471010 -0.202323 -0.073905 0.468088 
0.000000 0.000000 0.000000 -0.044771 -0.026688 -0.053919 -0.079804 -0.404345 0.146378 -0.011270 -0.302642 0.210757 0.030780 -0.213272 0.229378 0.062494 -0.136589 0.236239 -0.281441 -0.099876 0.137071 -0.429533 -0.145673 0.256580 -0.485003 -0.191122 0.394219 -0.147455 -0.544627 0.311195 -0.214411 -0.567459 0.428573 -0.276392 -0.503201 0.503555 -0.098867 -0.392199 0.412699 -0.192230 -0.359756 0.540587 -0.262420 -0.248621 0.577489 -0.053020 -0.256953 0.418542 -0.156614 -0.207792 0.517751 -0.248882 -0.110875 0.536769 -0.039218 -0.135096 0.378502 -0.109229 -0.134068 0.476424 -0.203824 -0.068880 0.474122 
0.000000 0.000000 0.000000 -0.045953 -0.026277 -0.053120 -0.081900 -0.403166 0.148457 -0.011175 -0.302127 0.211498 0.032176 -0.213203 0.229250 0.064857 -0.136870 0.235438 -0.281910 -0.099830 0.138611 -0.429556 -0.145854 0.258583 -0.485068 -0.190937 0.396325 -0.146792 -0.546975 0.311332 -0.214775 -0.564347 0.429055 -0.276516 -0.500010 0.504167 -0.098765 -0.394663 0.412096 -0.192188 -0.365409 0.540708 -0.262532 -0.254618 0.578344 -0.050592 -0.258222 0.418555 -0.153765 -0.209520 0.518426 -0.245871 -0.112596 0.538184 -0.038520 -0.136834 0.376504 -0.109675 -0.136809 0.473603 -0.204431 -0.071830 0.472109 
0.000000 0.000000 0.000000 -0.047220 -0.026188 -0.052042 -0.082925 -0.401318 0.152832 -0.010024 -0.300549 0.213792 0.034519 -0.211935 0.230083 0.068051 -0.135887 0.235106 -0.281356 -0.101366 0.141283 -0.427863 -0.148408 0.262254 -0.483590 -0.193021 0.400062 -0.148565 -0.544429 0.316021 -0.215934 -0.564833 0.433610 -0.277716 -0.500476 0.508672 -0.093102 -0.395836 0.415021 -0.186807 -0.358547 0.541328 -0.257338 -0.247873 0.578955 -0.052647 -0.251608 0.418608 -0.154796 -0.207060 0.521427 -0.247134 -0.110349 0.541144 -0.036099 -0.133755 0.375586 -0.107787 -0.132288 0.472281 -0.202923 -0.067856 0.471381 
0.000000 0.000000 0.000000 -0.047499 -0.025800 -0.051982 -0.082216 -0.402398 0.150356 -0.008971 -0.302087 0.211660 0.035678 -0.213603 0.228358 0.069254 -0.137599 0.233755 -0.278702 -0.097551 0.146118 -0.423373 -0.142447 0.270076 -0.477188 -0.186769 0.408735 -0.145087 -0.545234 0.314870 -0.208542 -0.569505 0.433893 -0.267908 -0.505659 0.511305 -0.089145 -0.393358 0.415906 -0.178317 -0.359274 0.546333 -0.247048 -0.248349 0.586468 -0.043311 -0.257194 0.419602 -0.143974 -0.206448 0.521005 -0.235030 -0.109264 0.544070 -0.029838 -0.135515 0.377848 -0.098045 -0.134081 0.477030 -0.192935 -0.069357 0.480166 
0.000000 0.000000 0.000000 -0.048923 -0.024837 -0.051123 -0.082474 -0.403144 0.148200 -0.006905 -0.304133 0.208789 0.038941 -0.216232 0.225330 0.073339 -0.140596 0.230706 -0.275336 -0.094607 0.153121 -0.417010 -0.138264 0.280924 -0.468585 -0.182766 0.420375 -0.146535 -0.544516 0.313519 -0.208261 -0.570578 0.433071 -0.265602 -0.507564 0.512660 -0.088801 -0.392619 0.413576 -0.173910 -0.370349 0.549168 -0.240979 -0.259888 0.593204 -0.035697 -0.257940 0.418729 -0.131046 -0.210385 0.526609 -0.220291 -0.112696 0.554179 -0.022386 -0.143248 0.377049 -0.088275 -0.145074 0.477779 -0.182570 -0.079892 0.485704 
0.000000 0.000000 0.000000 -0.048169 -0.025538 -0.051492 -0.078427 -0.404003 0.148058 -0.004661 -0.303937 0.209136 0.039894 -0.215424 0.225936 0.073255 -0.139338 0.231495 -0.273302 -0.094958 0.154280 -0.414176 -0.138397 0.283039 -0.465321 -0.183086 0.422588 -0.142173 -0.542513 0.315901 -0.201111 -0.575507 0.435148 -0.258401 -0.513355 0.515448 -0.083366 -0.394173 0.414410 -0.168505 -0.366485 0.548981 -0.235949 -0.256770 0.594294 -0.038132 -0.252348 0.418971 -0.131168 -0.211503 0.531518 -0.220857 -0.114548 0.560215 -0.021919 -0.140350 0.378216 -0.087428 -0.141047 0.479208 -0.182255 -0.076859 0.488731 
0.000000 0.000000 0.000000 -0.047254 -0.027069 -0.051558 -0.072172 -0.403522 0.152485 -0.000788 -0.301348 0.212899 0.041977 -0.211819 0.228947 0.073876 -0.135061 0.233820 -0.271802 -0.099973 0.153648 -0.412309 -0.145591 0.282053 -0.463937 -0.190215 0.421445 -0.133449 -0.544882 0.318866 -0.196967 -0.564992 0.438629 -0.256579 -0.502921 0.517284 -0.079975 -0.389913 0.418714 -0.166548 -0.364194 0.552760 -0.236787 -0.255541 0.596354 -0.034949 -0.252035 0.421765 -0.131998 -0.207524 0.529427 -0.224080 -0.112233 0.556045 -0.020220 -0.135397 0.381238 -0.084988 -0.135628 0.482709 -0.181214 -0.073379 0.490989 
0.000000 0.000000 0.000000 -0.045253 -0.028919 -0.052342 -0.063964 -0.403998 0.154869 0.003029 -0.299223 0.215855 0.042808 -0.208339 0.231966 0.072354 -0.130642 0.236788 -0.270355 -0.105854 0.150775 -0.411209 -0.153995 0.277872 -0.464017 -0.198792 0.416765 -0.130152 -0.537771 0.325586 -0.190673 -0.573385 0.443275 -0.252723 -0.511988 0.520563 -0.074002 -0.390944 0.421106 -0.161724 -0.368292 0.554958 -0.234759 -0.260771 0.596725 -0.035296 -0.254763 0.422907 -0.136664 -0.210772 0.526735 -0.231229 -0.117373 0.551271 -0.024994 -0.133632 0.382049 -0.092001 -0.135690 0.482035 -0.189683 -0.075513 0.488377 
0.000000 0.000000 0.000000 -0.046993 -0.028354 -0.051104 -0.065243 -0.402990 0.156947 0.004715 -0.299071 0.216037 0.046109 -0.208712 0.230997 0.076802 -0.131412 0.234954 -0.272323 -0.109251 0.150212 -0.413319 -0.159872 0.276183 -0.465997 -0.205538 0.414843 -0.124780 -0.541700 0.326166 -0.187727 -0.566830 0.445280 -0.250726 -0.505789 0.522080 -0.073714 -0.388257 0.421874 -0.163143 -0.362646 0.554052 -0.237536 -0.255783 0.595105 -0.036479 -0.247509 0.421752 -0.134883 -0.211211 0.531251 -0.230314 -0.118634 0.555549 -0.019929 -0.131914 0.380656 -0.086511 -0.132258 0.480945 -0.184839 -0.073193 0.487740 
0.000000 0.000000 0.000000 -0.045234 -0.029240 -0.052181 -0.059558 -0.404829 0.154456 0.006764 -0.299553 0.215312 0.045789 -0.208338 0.231397 0.074649 -0.130384 0.236217 -0.268587 -0.107455 0.152372 -0.408348 -0.156397 0.280367 -0.459951 -0.202029 0.419442 -0.119260 -0.541397 0.325351 -0.180810 -0.568535 0.444754 -0.243436 -0.507826 0.522120 -0.071864 -0.386730 0.421933 -0.158630 -0.368237 0.557041 -0.232854 -0.261647 0.599098 -0.034990 -0.243907 0.423551 -0.131558 -0.207445 0.534619 -0.226950 -0.115004 0.559579 -0.021161 -0.136296 0.382408 -0.087108 -0.140365 0.483034 -0.185497 -0.081497 0.490612 
0.000000 0.000000 0.000000 -0.047123 -0.028491 -0.050908 -0.061765 -0.403873 0.156083 0.007898 -0.299697 0.215073 0.048813 -0.209127 0.230064 0.079045 -0.131648 0.234076 -0.269312 -0.111349 0.153085 -0.408343 -0.163196 0.280730 -0.459402 -0.209596 0.419751 -0.117090 -0.545403 0.324394 -0.177136 -0.575613 0.443826 -0.239860 -0.515578 0.521638 -0.068619 -0.390549 0.420902 -0.156278 -0.369006 0.554978 -0.230642 -0.262659 0.597402 -0.029698 -0.248270 0.422463 -0.127074 -0.210863 0.532506 -0.222755 -0.118862 0.557987 -0.017323 -0.135429 0.379971 -0.083654 -0.138031 0.480393 -0.182368 -0.079761 0.488346 
0.000000 0.000000 0.000000 -0.046570 -0.028715 -0.051289 -0.059052 -0.405004 0.154192 0.009332 -0.300437 0.213981 0.049348 -0.209563 0.229553 0.078861 -0.131833 0.234034 -0.267876 -0.113696 0.152790 -0.406354 -0.166872 0.280490 -0.457569 -0.214534 0.419026 -0.108749 -0.550663 0.320727 -0.169644 -0.575797 0.440902 -0.232828 -0.516420 0.518846 -0.060379 -0.397211 0.419528 -0.146597 -0.377093 0.554755 -0.221827 -0.271677 0.597966 -0.024218 -0.258669 0.421621 -0.122931 -0.222331 0.530828 -0.219416 -0.131386 0.557050 -0.016512 -0.138616 0.380473 -0.082159 -0.143285 0.481269 -0.181455 -0.086013 0.489233 
0.000000 0.000000 0.000000 -0.045410 -0.029172 -0.052065 -0.055838 -0.406272 0.152039 0.010227 -0.300989 0.213162 0.048773 -0.209635 0.229610 0.077160 -0.131529 0.234771 -0.267845 -0.114379 0.150687 -0.407031 -0.167697 0.277557 -0.458179 -0.215931 0.415919 -0.109817 -0.549849 0.319048 -0.171890 -0.575682 0.438470 -0.235527 -0.516618 0.516283 -0.058461 -0.401248 0.417379 -0.147013 -0.375547 0.550129 -0.222636 -0.270466 0.593471 -0.027469 -0.254191 0.421744 -0.126179 -0.217617 0.530875 -0.223002 -0.126924 0.556722 -0.017361 -0.139426 0.381706 -0.082422 -0.144861 0.482844 -0.181870 -0.087865 0.490885 
0.000000 0.000000 0.000000 -0.045412 -0.029106 -0.052100 -0.055854 -0.406454 0.151544 0.010217 -0.301249 0.212795 0.048766 -0.209917 0.229353 0.077157 -0.131818 0.234610 -0.267971 -0.112857 0.151123 -0.407233 -0.165264 0.278287 -0.458280 -0.213562 0.416664 -0.108951 -0.550472 0.318456 -0.171110 -0.575082 0.438092 -0.234623 -0.516076 0.516050 -0.060587 -0.398855 0.417574 -0.149239 -0.373658 0.550354 -0.224905 -0.268558 0.593575 -0.024098 -0.258670 0.421779 -0.125094 -0.216499 0.526719 -0.221752 -0.125696 0.552793 -0.017665 -0.141321 0.381255 -0.082932 -0.147861 0.482195 -0.182362 -0.090860 0.490412 
0.000000 0.000000 0.000000 -0.045211 -0.029224 -0.052209 -0.056838 -0.405959 0.152504 0.009055 -0.300626 0.213727 0.047607 -0.209276 0.230181 0.076039 -0.131185 0.235329 -0.266038 -0.112527 0.153077 -0.404217 -0.164652 0.281532 -0.455723 -0.212838 0.419778 -0.111670 -0.547850 0.320672 -0.172534 -0.576989 0.439955 -0.236211 -0.517950 0.517754 -0.062579 -0.393857 0.420248 -0.149251 -0.372569 0.555005 -0.224782 -0.267264 0.597962 -0.026398 -0.258073 0.422160 -0.126033 -0.220168 0.529988 -0.222681 -0.129322 0.555952 -0.017251 -0.137266 0.383134 -0.081463 -0.141451 0.484872 -0.180974 -0.084553 0.492827 
0.000000 0.000000 0.000000 -0.046030 -0.029163 -0.051523 -0.060065 -0.403900 0.156675 0.007602 -0.298795 0.216335 0.047352 -0.207754 0.231608 0.076725 -0.129954 0.235789 -0.267237 -0.112643 0.153281 -0.405655 -0.164879 0.281433 -0.458195 -0.212361 0.419534 -0.114284 -0.545070 0.325647 -0.173690 -0.577011 0.444948 -0.237312 -0.517558 0.522477 -0.067020 -0.394585 0.420615 -0.154626 -0.377270 0.555337 -0.230081 -0.271808 0.598041 -0.028968 -0.254892 0.423094 -0.128098 -0.218870 0.532028 -0.224604 -0.127728 0.557479 -0.018280 -0.135821 0.382506 -0.083675 -0.139860 0.483494 -0.183304 -0.083129 0.491156 
0.000000 0.000000 0.000000 -0.047131 -0.028906 -0.050665 -0.064987 -0.401185 0.161608 0.005156 -0.296637 0.219356 0.046618 -0.206133 0.233200 0.077348 -0.128805 0.236215 -0.268245 -0.109877 0.155244 -0.406605 -0.160543 0.284088 -0.460635 -0.206303 0.422195 -0.119355 -0.544786 0.328471 -0.180333 -0.574294 0.447606 -0.243866 -0.514400 0.524869 -0.068953 -0.391539 0.424236 -0.154835 -0.377126 0.560402 -0.229676 -0.271211 0.603067 -0.032981 -0.252133 0.423625 -0.130785 -0.220168 0.534996 -0.226695 -0.128419 0.560516 -0.017330 -0.134273 0.383159 -0.082499 -0.138037 0.484303 -0.181983 -0.081117 0.492443 
0.000000 0.000000 0.000000 -0.045975 -0.029175 -0.051565 -0.065512 -0.401674 0.160176 0.002858 -0.296717 0.219291 0.043477 -0.205960 0.233959 0.073654 -0.128441 0.237590 -0.270545 -0.103451 0.153124 -0.411066 -0.149929 0.281206 -0.464011 -0.197252 0.419206 -0.122143 -0.541739 0.329276 -0.183524 -0.570199 0.448459 -0.247039 -0.508904 0.524629 -0.070953 -0.385613 0.426953 -0.156386 -0.366683 0.562848 -0.230965 -0.260077 0.604232 -0.041508 -0.242327 0.424139 -0.137486 -0.212303 0.537619 -0.233163 -0.119949 0.561797 -0.020697 -0.134421 0.384724 -0.085641 -0.138537 0.485999 -0.184677 -0.080817 0.493969 
0.000000 0.000000 0.000000 -0.044878 -0.029541 -0.052317 -0.061516 -0.403574 0.156952 0.004524 -0.297974 0.217551 0.043591 -0.206713 0.233272 0.072558 -0.128777 0.237745 -0.270420 -0.109324 0.149207 -0.411549 -0.159246 0.275308 -0.464252 -0.208674 0.412662 -0.120479 -0.546264 0.323033 -0.185390 -0.570765 0.441221 -0.249707 -0.509134 0.516442 -0.078848 -0.387354 0.421352 -0.168429 -0.374660 0.555287 -0.244520 -0.268199 0.594219 -0.035771 -0.251173 0.424161 -0.137690 -0.212208 0.529446 -0.234990 -0.120975 0.551290 -0.026136 -0.130958 0.382110 -0.094068 -0.132458 0.481479 -0.193403 -0.074920 0.486481 
0.000000 0.000000 0.000000 -0.042998 -0.030496 -0.053339 -0.056045 -0.404972 0.155393 0.006213 -0.297969 0.217516 0.042859 -0.205870 0.234151 0.069965 -0.127310 0.239308 -0.269139 -0.113893 0.146039 -0.410642 -0.166077 0.270797 -0.464013 -0.215820 0.407780 -0.114747 -0.545649 0.323274 -0.178344 -0.574252 0.441254 -0.243745 -0.512798 0.515680 -0.071876 -0.390230 0.422125 -0.164149 -0.365816 0.552563 -0.241304 -0.259598 0.590036 -0.032015 -0.254611 0.425807 -0.136381 -0.211745 0.527103 -0.234619 -0.121114 0.547190 -0.028737 -0.133297 0.383560 -0.096675 -0.137418 0.482851 -0.196250 -0.080132 0.485331 
0.000000 0.000000 0.000000 -0.042989 -0.030325 -0.053444 -0.055673 -0.405614 0.153844 0.006515 -0.298800 0.216363 0.043092 -0.206737 0.233343 0.070135 -0.128175 0.238795 -0.269368 -0.115430 0.144939 -0.411021 -0.168682 0.269075 -0.465184 -0.218644 0.405666 -0.115935 -0.547357 0.320270 -0.179659 -0.577730 0.437738 -0.244815 -0.516786 0.512797 -0.072401 -0.393005 0.419765 -0.164596 -0.370893 0.550668 -0.241504 -0.264852 0.589135 -0.039586 -0.251452 0.422759 -0.141749 -0.216861 0.529329 -0.239767 -0.126097 0.549881 -0.028912 -0.134883 0.382777 -0.097088 -0.139500 0.481883 -0.196629 -0.082168 0.484681 
0.000000 0.000000 0.000000 -0.044154 -0.029208 -0.053115 -0.059175 -0.406275 0.150763 0.005372 -0.300943 0.213405 0.043467 -0.209564 0.230738 0.071680 -0.131440 0.236551 -0.269490 -0.112807 0.147087 -0.410492 -0.165118 0.272360 -0.465221 -0.215660 0.408511 -0.121469 -0.548082 0.316384 -0.183588 -0.585017 0.432827 -0.248652 -0.525191 0.508859 -0.073183 -0.398637 0.415295 -0.163531 -0.383179 0.548422 -0.239854 -0.277555 0.589135 -0.035745 -0.260245 0.420133 -0.139134 -0.222600 0.524461 -0.236772 -0.131923 0.547102 -0.027925 -0.141253 0.379969 -0.096485 -0.148008 0.478687 -0.196138 -0.090959 0.482918 
0.000000 0.000000 0.000000 -0.044217 -0.028907 -0.053228 -0.060510 -0.406552 0.149479 0.004330 -0.301614 0.212479 0.042699 -0.210407 0.230112 0.071151 -0.132390 0.236181 -0.269760 -0.113020 0.146527 -0.410890 -0.165652 0.271520 -0.466327 -0.215990 0.407460 -0.123593 -0.546906 0.316037 -0.184599 -0.586365 0.432241 -0.249545 -0.526909 0.508662 -0.076902 -0.393422 0.416064 -0.165386 -0.382452 0.550878 -0.241673 -0.276882 0.591801 -0.039080 -0.258860 0.418999 -0.141283 -0.224157 0.525493 -0.238708 -0.133334 0.548464 -0.028161 -0.140022 0.379935 -0.096519 -0.145275 0.478883 -0.196129 -0.088174 0.483413 
0.000000 0.000000 0.000000 -0.044609 -0.028578 -0.053077 -0.064009 -0.405708 0.150314 0.001964 -0.301281 0.212986 0.041233 -0.210411 0.230376 0.070435 -0.132656 0.236246 -0.271300 -0.112602 0.145412 -0.413148 -0.165179 0.269613 -0.470008 -0.214237 0.405433 -0.129063 -0.545216 0.316824 -0.189687 -0.586839 0.432472 -0.254257 -0.527458 0.509269 -0.079038 -0.397470 0.414632 -0.169499 -0.381338 0.547602 -0.244737 -0.275195 0.588980 -0.046721 -0.254281 0.417601 -0.147521 -0.223761 0.526682 -0.244082 -0.131990 0.549533 -0.028442 -0.142065 0.380194 -0.096502 -0.148541 0.479276 -0.195698 -0.090765 0.484301 
0.000000 0.000000 0.000000 -0.046051 -0.027486 -0.052419 -0.069673 -0.404872 0.150050 -0.000578 -0.302016 0.211951 0.040798 -0.212017 0.228977 0.071655 -0.134886 0.234611 -0.272964 -0.111252 0.145924 -0.414952 -0.163667 0.270034 -0.472159 -0.212291 0.405865 -0.131075 -0.548090 0.314788 -0.194705 -0.579355 0.432072 -0.258985 -0.519828 0.508999 -0.079284 -0.395653 0.415695 -0.169088 -0.373373 0.548223 -0.243446 -0.266611 0.589602 -0.044453 -0.259017 0.416692 -0.145143 -0.226972 0.525437 -0.240937 -0.134590 0.549041 -0.028181 -0.143131 0.377968 -0.096900 -0.148806 0.476643 -0.195514 -0.090067 0.481944 
0.000000 0.000000 0.000000 -0.045096 -0.027403 -0.053285 -0.069660 -0.406207 0.146403 -0.002090 -0.303371 0.209998 0.038517 -0.213255 0.228221 0.068850 -0.135993 0.234812 -0.272706 -0.109929 0.144778 -0.415130 -0.161569 0.268713 -0.473172 -0.210397 0.404116 -0.140442 -0.543705 0.312247 -0.201626 -0.589117 0.426161 -0.266125 -0.530367 0.503501 -0.084667 -0.398072 0.411709 -0.174460 -0.382202 0.545162 -0.248424 -0.275518 0.587439 -0.042850 -0.262407 0.417106 -0.143290 -0.228301 0.525454 -0.238894 -0.135863 0.549601 -0.032059 -0.142648 0.377498 -0.101517 -0.147229 0.475712 -0.199927 -0.088121 0.480700 
0.000000 0.000000 0.000000 -0.045606 -0.026676 -0.053220 -0.073934 -0.405881 0.145205 -0.004927 -0.304080 0.208921 0.036807 -0.214517 0.227319 0.068075 -0.137642 0.234076 -0.275180 -0.112912 0.140960 -0.418832 -0.166873 0.262464 -0.478367 -0.216410 0.396958 -0.139783 -0.548682 0.308582 -0.201682 -0.590951 0.423316 -0.266730 -0.532554 0.500462 -0.087307 -0.403922 0.408219 -0.179097 -0.386778 0.540148 -0.253540 -0.280330 0.582176 -0.048412 -0.263312 0.414591 -0.150476 -0.229220 0.521414 -0.246190 -0.136672 0.544692 -0.033963 -0.146977 0.375806 -0.104198 -0.153402 0.473361 -0.202703 -0.094420 0.477957 
0.000000 0.000000 0.000000 -0.042864 -0.027180 -0.055207 -0.073504 -0.407603 0.140525 -0.008920 -0.304979 0.207475 0.030545 -0.214837 0.227943 0.060256 -0.137503 0.236291 -0.277148 -0.110664 0.134498 -0.423747 -0.162902 0.253204 -0.485478 -0.212314 0.386750 -0.147346 -0.546496 0.303854 -0.214037 -0.584148 0.417505 -0.280324 -0.525537 0.493427 -0.092873 -0.402911 0.407063 -0.185481 -0.384596 0.538261 -0.260092 -0.277831 0.579171 -0.054311 -0.264174 0.415237 -0.157970 -0.226649 0.519340 -0.253640 -0.133671 0.541028 -0.040511 -0.143637 0.379101 -0.109870 -0.147859 0.477400 -0.208028 -0.088193 0.480268 
0.000000 0.000000 0.000000 -0.044646 -0.025215 -0.054725 -0.083972 -0.406581 0.137589 -0.015026 -0.306776 0.204450 0.027625 -0.218151 0.225151 0.059911 -0.141887 0.233773 -0.281006 -0.111981 0.130888 -0.428904 -0.166274 0.247032 -0.492336 -0.216669 0.379409 -0.154572 -0.552253 0.296383 -0.222005 -0.589355 0.409777 -0.288370 -0.530905 0.485754 -0.106613 -0.404212 0.400900 -0.200985 -0.391236 0.531476 -0.274887 -0.283886 0.572143 -0.062812 -0.267525 0.409805 -0.168008 -0.230643 0.512589 -0.263003 -0.136802 0.533515 -0.043789 -0.148361 0.374452 -0.115169 -0.152817 0.471283 -0.212616 -0.091961 0.473224 
0.000000 0.000000 0.000000 -0.045819 -0.023273 -0.054616 -0.093489 -0.406043 0.132964 -0.021274 -0.309023 0.200473 0.023920 -0.221853 0.221936 0.058311 -0.146597 0.231258 -0.286275 -0.108145 0.126557 -0.436737 -0.161253 0.239924 -0.501629 -0.211903 0.371493 -0.167903 -0.551093 0.290582 -0.235618 -0.590692 0.402958 -0.301289 -0.531900 0.479273 -0.117104 -0.405505 0.395363 -0.211437 -0.396790 0.526321 -0.284019 -0.288771 0.567590 -0.071122 -0.270641 0.404419 -0.175760 -0.236674 0.508765 -0.269082 -0.141262 0.530111 -0.047761 -0.154158 0.370102 -0.120773 -0.159363 0.465671 -0.217060 -0.096682 0.467421 
0.000000 0.000000 0.000000 -0.045912 -0.021481 -0.055268 -0.102251 -0.406230 0.125746 -0.028591 -0.311753 0.195268 0.018158 -0.225846 0.218427 0.053951 -0.151441 0.229186 -0.288416 -0.102313 0.125023 -0.440159 -0.152893 0.237836 -0.506452 -0.203623 0.368674 -0.183655 -0.549161 0.281837 -0.253336 -0.589440 0.392761 -0.318278 -0.530275 0.469410 -0.125827 -0.408650 0.389255 -0.222004 -0.388846 0.517638 -0.292311 -0.279527 0.559420 -0.079491 -0.273340 0.399873 -0.183734 -0.238894 0.504456 -0.275225 -0.141839 0.526315 -0.054158 -0.158212 0.366491 -0.128571 -0.162872 0.461002 -0.223275 -0.097823 0.462716 
0.000000 0.000000 0.000000 -0.045520 -0.020225 -0.056060 -0.109233 -0.406208 0.119806 -0.035161 -0.313539 0.191297 0.012454 -0.228544 0.216006 0.049112 -0.154760 0.228054 -0.291987 -0.099478 0.119495 -0.446210 -0.149069 0.229345 -0.514242 -0.200266 0.359104 -0.188853 -0.557477 0.268798 -0.263181 -0.586121 0.380319 -0.328031 -0.526891 0.456995 -0.135692 -0.415683 0.380860 -0.233974 -0.395751 0.507619 -0.303119 -0.285905 0.549951 -0.088405 -0.277051 0.395417 -0.193789 -0.241428 0.498451 -0.283946 -0.143117 0.520241 -0.061616 -0.162328 0.363214 -0.137832 -0.167536 0.456248 -0.231578 -0.101099 0.457259 
0.000000 0.000000 0.000000 -0.046404 -0.018856 -0.055812 -0.118242 -0.403964 0.118836 -0.041417 -0.313452 0.190184 0.008434 -0.229755 0.214913 0.046966 -0.156941 0.227013 -0.297735 -0.100377 0.111619 -0.455002 -0.151388 0.216386 -0.526063 -0.202464 0.344560 -0.201714 -0.554921 0.266025 -0.275604 -0.593768 0.374713 -0.341538 -0.534238 0.450226 -0.146258 -0.416565 0.376866 -0.246651 -0.399469 0.502380 -0.315761 -0.289129 0.543467 -0.096596 -0.280731 0.391220 -0.204860 -0.243424 0.490607 -0.294597 -0.144331 0.510507 -0.067935 -0.165014 0.358613 -0.147024 -0.170571 0.449197 -0.240352 -0.103552 0.447956 
0.000000 0.000000 0.000000 -0.045633 -0.018532 -0.056551 -0.122386 -0.403405 0.116519 -0.046170 -0.313407 0.189160 0.003766 -0.230023 0.214759 0.042519 -0.157443 0.227541 -0.300131 -0.097889 0.107094 -0.459379 -0.147545 0.209492 -0.532431 -0.198327 0.336659 -0.208948 -0.555523 0.260696 -0.287434 -0.586162 0.368785 -0.354480 -0.526163 0.442934 -0.158824 -0.411797 0.373830 -0.262449 -0.392801 0.496408 -0.331543 -0.281787 0.535665 -0.104680 -0.278164 0.389790 -0.213712 -0.241418 0.488544 -0.303265 -0.141826 0.506704 -0.074737 -0.165033 0.357077 -0.155446 -0.170258 0.446240 -0.248269 -0.102592 0.443362 
0.000000 0.000000 0.000000 -0.045910 -0.017405 -0.056685 -0.130312 -0.401456 0.114640 -0.052464 -0.313260 0.187758 -0.000959 -0.230967 0.213775 0.039174 -0.159205 0.226914 -0.304345 -0.094943 0.101573 -0.466057 -0.143461 0.200600 -0.541581 -0.193508 0.326609 -0.219773 -0.554694 0.255830 -0.300476 -0.584415 0.362535 -0.368078 -0.523746 0.435627 -0.164769 -0.415431 0.370578 -0.269189 -0.394599 0.492179 -0.337546 -0.282917 0.530829 -0.113759 -0.275843 0.386910 -0.224188 -0.236404 0.483040 -0.312847 -0.135720 0.499480 -0.079877 -0.165432 0.354877 -0.161822 -0.169719 0.442956 -0.253972 -0.101203 0.438846 
0.000000 0.000000 0.000000 -0.045071 -0.017394 -0.057358 -0.138138 -0.398290 0.116503 -0.060444 -0.310379 0.190128 -0.008279 -0.228528 0.216224 0.032611 -0.157192 0.229343 -0.306834 -0.092255 0.096662 -0.470629 -0.139098 0.193038 -0.548873 -0.187071 0.318191 -0.232436 -0.549400 0.256838 -0.314578 -0.581477 0.361747 -0.382615 -0.519360 0.433200 -0.176371 -0.411451 0.371290 -0.283199 -0.384171 0.489477 -0.350869 -0.271235 0.525613 -0.117833 -0.283349 0.388579 -0.230545 -0.235833 0.478185 -0.318058 -0.133879 0.492839 -0.090312 -0.163528 0.353585 -0.174923 -0.167890 0.439102 -0.266126 -0.098297 0.432633 
0.000000 0.000000 0.000000 -0.045467 -0.016735 -0.057242 -0.147802 -0.393910 0.119500 -0.068014 -0.307348 0.192480 -0.013882 -0.226590 0.217969 0.028727 -0.156169 0.230558 -0.310864 -0.085966 0.093150 -0.476933 -0.129287 0.187254 -0.557753 -0.174573 0.311770 -0.246270 -0.544053 0.257995 -0.332161 -0.568285 0.362004 -0.400430 -0.504317 0.431576 -0.193398 -0.401917 0.370834 -0.302713 -0.379885 0.487835 -0.369292 -0.265685 0.521965 -0.137501 -0.264115 0.385372 -0.250355 -0.224938 0.478753 -0.336496 -0.121445 0.490460 -0.096799 -0.157492 0.352327 -0.183202 -0.158403 0.436143 -0.273483 -0.087835 0.427616 
0.000000 0.000000 0.000000 -0.045826 -0.016148 -0.057124 -0.158484 -0.388436 0.123655 -0.076493 -0.303236 0.195791 -0.020244 -0.223679 0.220463 0.024225 -0.154291 0.232333 -0.314841 -0.078207 0.089933 -0.483174 -0.117040 0.181952 -0.566655 -0.158708 0.305974 -0.260061 -0.535488 0.263218 -0.347253 -0.557219 0.366695 -0.415241 -0.490971 0.434386 -0.203255 -0.395408 0.374425 -0.313068 -0.367492 0.489691 -0.377918 -0.251595 0.521344 -0.146473 -0.256019 0.386998 -0.259697 -0.212818 0.478128 -0.344021 -0.107566 0.487049 -0.102979 -0.152632 0.352344 -0.190535 -0.151491 0.434951 -0.279544 -0.079620 0.424222 
0.000000 0.000000 0.000000 -0.043762 -0.017538 -0.058320 -0.159744 -0.387362 0.125391 -0.080843 -0.300229 0.198656 -0.026030 -0.219802 0.223732 0.017512 -0.149864 0.235808 -0.315338 -0.072246 0.086937 -0.485273 -0.106478 0.177830 -0.570026 -0.145802 0.301755 -0.267564 -0.529217 0.265649 -0.357114 -0.545319 0.368136 -0.424792 -0.477509 0.434578 -0.210225 -0.388621 0.377322 -0.320701 -0.350783 0.489071 -0.384037 -0.233527 0.518718 -0.150861 -0.253114 0.391128 -0.264440 -0.202330 0.477797 -0.347368 -0.095837 0.484888 -0.110735 -0.143727 0.354556 -0.199011 -0.139503 0.436293 -0.287099 -0.066784 0.423823 
0.000000 0.000000 0.000000 -0.043821 -0.017715 -0.058222 -0.164007 -0.384310 0.129221 -0.084357 -0.297210 0.201710 -0.028766 -0.217087 0.226035 0.015474 -0.147477 0.237449 -0.316403 -0.067536 0.086910 -0.486968 -0.098710 0.177724 -0.572409 -0.135427 0.301976 -0.275410 -0.521066 0.271724 -0.364448 -0.541829 0.373818 -0.431576 -0.472736 0.439492 -0.217869 -0.376589 0.381566 -0.328426 -0.340653 0.493862 -0.390630 -0.222353 0.521699 -0.155011 -0.245367 0.393296 -0.268172 -0.191409 0.478582 -0.349806 -0.083832 0.484151 -0.112916 -0.140556 0.356000 -0.201290 -0.135792 0.437601 -0.288750 -0.062479 0.424221 
0.000000 0.000000 0.000000 -0.044163 -0.017735 -0.057957 -0.167021 -0.381899 0.132467 -0.086366 -0.295004 0.204086 -0.029984 -0.215211 0.227665 0.014912 -0.145920 0.238445 -0.316970 -0.062400 0.088425 -0.487675 -0.090349 0.180021 -0.573010 -0.125005 0.304936 -0.279646 -0.515571 0.276923 -0.368594 -0.533687 0.379598 -0.434730 -0.463401 0.445012 -0.219058 -0.373067 0.385120 -0.328653 -0.333464 0.497125 -0.389551 -0.214345 0.524354 -0.155012 -0.241340 0.396186 -0.267022 -0.185089 0.481510 -0.347376 -0.076524 0.486502 -0.112894 -0.134693 0.357297 -0.200866 -0.126965 0.439106 -0.287735 -0.053103 0.424924 
0.000000 0.000000 0.000000 -0.045573 -0.017312 -0.056985 -0.171149 -0.378036 0.138157 -0.087615 -0.292137 0.207646 -0.029394 -0.213210 0.229617 0.016915 -0.144661 0.239078 -0.318699 -0.058819 0.089732 -0.489603 -0.084791 0.181538 -0.574582 -0.117649 0.307180 -0.280825 -0.514861 0.281929 -0.370598 -0.521339 0.385277 -0.436001 -0.449949 0.450231 -0.220635 -0.371973 0.387664 -0.330509 -0.333604 0.499825 -0.390611 -0.213987 0.526636 -0.158175 -0.235920 0.395789 -0.270408 -0.184405 0.483770 -0.349961 -0.075228 0.488211 -0.111607 -0.132453 0.357059 -0.200070 -0.124050 0.438268 -0.286586 -0.049856 0.423657 
0.000000 0.000000 0.000000 -0.044820 -0.018291 -0.057276 -0.172160 -0.376196 0.141871 -0.089670 -0.289053 0.211057 -0.031879 -0.209673 0.232523 0.014178 -0.140888 0.241497 -0.317016 -0.054540 0.092530 -0.487339 -0.077223 0.186268 -0.572284 -0.107876 0.312488 -0.285395 -0.505042 0.290185 -0.373865 -0.518739 0.393951 -0.438579 -0.446238 0.458363 -0.221282 -0.363485 0.394394 -0.329470 -0.317268 0.505226 -0.388554 -0.196790 0.530395 -0.158196 -0.230344 0.400839 -0.269150 -0.175191 0.488236 -0.347675 -0.065234 0.491611 -0.111409 -0.123734 0.361995 -0.197854 -0.111925 0.444936 -0.283901 -0.037361 0.429475 
0.000000 0.000000 0.000000 -0.046088 -0.017862 -0.056398 -0.177734 -0.371188 0.148054 -0.092362 -0.285178 0.215128 -0.032594 -0.206840 0.234949 0.015026 -0.138962 0.242559 -0.318712 -0.051246 0.093293 -0.489303 -0.072137 0.186960 -0.574294 -0.100634 0.313654 -0.291373 -0.500779 0.295406 -0.380384 -0.512392 0.398964 -0.444412 -0.438630 0.462625 -0.228374 -0.354567 0.397228 -0.337677 -0.313874 0.509128 -0.395679 -0.192592 0.532912 -0.159986 -0.222444 0.403001 -0.270155 -0.167474 0.491498 -0.347381 -0.056567 0.493453 -0.110247 -0.119795 0.363081 -0.196474 -0.106603 0.446039 -0.282220 -0.031812 0.430005 
0.000000 0.000000 0.000000 -0.046514 -0.018091 -0.055973 -0.179515 -0.368460 0.152649 -0.093185 -0.282397 0.218417 -0.032766 -0.204290 0.237146 0.015366 -0.136676 0.243833 -0.318363 -0.050800 0.095272 -0.488467 -0.071266 0.189911 -0.572801 -0.098705 0.317276 -0.292557 -0.498015 0.300492 -0.381741 -0.505704 0.404266 -0.445346 -0.431108 0.467377 -0.227453 -0.352271 0.401622 -0.336103 -0.308765 0.513098 -0.393863 -0.187235 0.536195 -0.159933 -0.220449 0.405316 -0.270090 -0.164759 0.493378 -0.346840 -0.053515 0.494847 -0.110235 -0.116147 0.363789 -0.196688 -0.102017 0.446356 -0.282536 -0.027410 0.430014 
0.000000 0.000000 0.000000 -0.047933 -0.017563 -0.054935 -0.183992 -0.363548 0.158967 -0.094694 -0.278766 0.222395 -0.032359 -0.201768 0.239351 0.017252 -0.135102 0.244583 -0.320104 -0.046925 0.096415 -0.490412 -0.065297 0.191120 -0.573980 -0.090765 0.319396 -0.295283 -0.496036 0.305532 -0.384230 -0.503735 0.409508 -0.447236 -0.428387 0.472326 -0.229387 -0.349457 0.404974 -0.338456 -0.305332 0.515796 -0.395888 -0.183507 0.538147 -0.163535 -0.211258 0.404930 -0.273338 -0.163252 0.497825 -0.349577 -0.051649 0.498381 -0.107680 -0.114542 0.365230 -0.193673 -0.100390 0.448273 -0.279764 -0.026034 0.432065 
0.000000 0.000000 0.000000 -0.047694 -0.018604 -0.054800 -0.184542 -0.360595 0.164941 -0.095542 -0.274609 0.227154 -0.033304 -0.197283 0.242933 0.016262 -0.130510 0.247131 -0.319714 -0.045597 0.097262 -0.489927 -0.062486 0.192412 -0.572341 -0.085932 0.321815 -0.299193 -0.490807 0.310955 -0.389185 -0.496883 0.414138 -0.451674 -0.420491 0.476206 -0.230212 -0.344472 0.410068 -0.339185 -0.298245 0.520125 -0.396120 -0.175994 0.541396 -0.161468 -0.211756 0.410499 -0.271315 -0.158259 0.500290 -0.346823 -0.046158 0.500486 -0.109097 -0.111797 0.367635 -0.195384 -0.098917 0.450580 -0.281636 -0.024713 0.434529 
0.000000 0.000000 0.000000 -0.048885 -0.018335 -0.053833 -0.190203 -0.353808 0.173011 -0.098406 -0.268942 0.232645 -0.034225 -0.192821 0.246364 0.016884 -0.127135 0.248843 -0.319591 -0.041407 0.101191 -0.488982 -0.055845 0.198194 -0.569986 -0.076320 0.328984 -0.304564 -0.479707 0.322981 -0.392802 -0.492284 0.427087 -0.454747 -0.414787 0.488326 -0.233946 -0.330003 0.418049 -0.341889 -0.292063 0.532213 -0.398515 -0.169482 0.552379 -0.163252 -0.197877 0.413816 -0.270646 -0.151433 0.510254 -0.345471 -0.038878 0.509458 -0.106593 -0.102768 0.370276 -0.191585 -0.085996 0.453861 -0.278228 -0.012280 0.437674 
0.000000 0.000000 0.000000 -0.048426 -0.019681 -0.053772 -0.190159 -0.350704 0.179266 -0.099107 -0.264219 0.237704 -0.035306 -0.187575 0.250231 0.015543 -0.121656 0.251653 -0.318870 -0.035926 0.102568 -0.488097 -0.046090 0.200396 -0.567516 -0.063368 0.332611 -0.306828 -0.471506 0.331632 -0.396350 -0.473794 0.435375 -0.458002 -0.394892 0.495096 -0.233963 -0.324149 0.423975 -0.341702 -0.279646 0.535941 -0.398248 -0.156858 0.555047 -0.166795 -0.185854 0.415825 -0.273404 -0.143783 0.515099 -0.348131 -0.031176 0.513189 -0.106662 -0.094450 0.373767 -0.190779 -0.075724 0.457821 -0.277814 -0.002351 0.442183 
0.000000 0.000000 0.000000 -0.048887 -0.020210 -0.053156 -0.191448 -0.346445 0.186047 -0.099453 -0.259661 0.242533 -0.035055 -0.183268 0.253437 0.016251 -0.117688 0.253489 -0.318882 -0.031706 0.104378 -0.487827 -0.038900 0.202951 -0.564128 -0.054035 0.337250 -0.307543 -0.467649 0.338532 -0.397283 -0.466147 0.442101 -0.458537 -0.386283 0.500948 -0.234989 -0.314038 0.430010 -0.342112 -0.276327 0.545020 -0.398666 -0.153433 0.563406 -0.165751 -0.179930 0.419633 -0.270932 -0.141241 0.521764 -0.345396 -0.028476 0.519081 -0.104514 -0.090397 0.377010 -0.187638 -0.071612 0.462031 -0.274920 0.001582 0.446940 
0.000000 0.000000 0.000000 -0.049094 -0.021096 -0.052618 -0.190420 -0.343525 0.192408 -0.098252 -0.255782 0.247102 -0.033865 -0.179181 0.256503 0.017394 -0.113576 0.255282 -0.318397 -0.032398 0.106109 -0.486909 -0.039469 0.205431 -0.559578 -0.053153 0.341882 -0.305177 -0.464596 0.346008 -0.394605 -0.464462 0.449857 -0.456038 -0.384019 0.507719 -0.234926 -0.304390 0.435336 -0.342285 -0.266342 0.550014 -0.399786 -0.143674 0.566908 -0.163943 -0.166901 0.422763 -0.267584 -0.126894 0.525956 -0.343065 -0.014891 0.520841 -0.104018 -0.087169 0.378360 -0.187589 -0.068993 0.463076 -0.275772 0.003212 0.448470 