116
0.000000 0.000000 0.000000 -0.029507 -0.062849 -0.028342 0.013440 -0.257261 0.353449 0.042053 -0.130028 0.342727 0.056954 -0.037343 0.307259 0.064309 0.024690 0.271341 -0.154375 -0.147721 0.245612 -0.232509 -0.200829 0.417035 -0.292753 -0.274229 0.539795 -0.056328 -0.226236 0.566967 -0.098493 -0.207484 0.696012 -0.179886 -0.165975 0.768437 -0.040468 -0.090511 0.562051 -0.096595 -0.063635 0.711222 -0.209612 -0.000438 0.754497 -0.016627 0.006464 0.500599 -0.069389 0.037878 0.639236 -0.183459 0.087009 0.692548 -0.001965 0.066307 0.427744 -0.047583 0.094953 0.535400 -0.151408 0.131606 0.568263 
0.000000 0.000000 0.000000 -0.028866 -0.063072 -0.028506 0.004707 -0.254231 0.355858 0.033674 -0.127111 0.344741 0.049500 -0.034743 0.308851 0.057770 0.026976 0.272591 -0.163703 -0.160234 0.236493 -0.248075 -0.221031 0.402313 -0.313405 -0.302815 0.516900 -0.064969 -0.229725 0.570252 -0.107080 -0.214915 0.699826 -0.186602 -0.177794 0.776581 -0.049329 -0.093971 0.564938 -0.105784 -0.071432 0.714702 -0.217940 -0.011032 0.763817 -0.025288 -0.002489 0.503992 -0.078916 0.020640 0.643920 -0.190656 0.066226 0.704783 -0.011674 0.059093 0.429857 -0.059473 0.081200 0.538106 -0.161519 0.116865 0.577064 
0.000000 0.000000 0.000000 -0.030215 -0.062485 -0.028401 -0.007310 -0.251249 0.357926 0.025339 -0.125080 0.346194 0.044229 -0.033494 0.309787 0.054717 0.027664 0.273152 -0.169033 -0.162277 0.233548 -0.255897 -0.224721 0.397458 -0.324692 -0.311213 0.506423 -0.070436 -0.232143 0.574883 -0.108588 -0.220595 0.706005 -0.185405 -0.186847 0.786957 -0.045435 -0.098445 0.571485 -0.093571 -0.080330 0.724714 -0.203368 -0.021813 0.780927 -0.021658 -0.003448 0.508457 -0.068904 0.018096 0.650916 -0.177195 0.061459 0.719186 -0.006343 0.062954 0.433191 -0.048371 0.087245 0.543349 -0.147634 0.123503 0.588464 
0.000000 0.000000 0.000000 -0.031178 -0.061765 -0.028930 -0.011948 -0.253863 0.355951 0.022760 -0.128154 0.345248 0.043188 -0.036606 0.309582 0.054724 0.024656 0.273438 -0.168136 -0.163576 0.233221 -0.253837 -0.227283 0.397257 -0.323831 -0.314943 0.504511 -0.069935 -0.239963 0.574730 -0.104981 -0.231562 0.706954 -0.181284 -0.200052 0.789283 -0.039809 -0.104678 0.573301 -0.082365 -0.088712 0.728410 -0.191506 -0.031701 0.787379 -0.022025 -0.007014 0.508543 -0.068786 0.014205 0.651210 -0.176551 0.055778 0.721397 -0.009696 0.061359 0.431834 -0.054038 0.086622 0.540861 -0.152898 0.121705 0.587755 
0.000000 0.000000 0.000000 -0.027153 -0.063252 -0.029761 -0.005815 -0.255486 0.354941 0.022246 -0.128042 0.345323 0.038443 -0.035387 0.310348 0.047414 0.026545 0.274624 -0.174765 -0.164699 0.226687 -0.267131 -0.228177 0.387156 -0.338841 -0.317963 0.491477 -0.072731 -0.240292 0.571070 -0.113172 -0.231108 0.701692 -0.190342 -0.201016 0.783743 -0.046673 -0.106138 0.571696 -0.093548 -0.091241 0.725661 -0.202983 -0.035578 0.785368 -0.027869 -0.009031 0.509401 -0.075418 0.009868 0.652134 -0.182819 0.049675 0.723886 -0.016419 0.057285 0.434520 -0.060357 0.078444 0.544580 -0.158560 0.111989 0.593914 
0.000000 0.000000 0.000000 -0.029657 -0.062879 -0.028118 -0.024571 -0.242365 0.363244 0.009816 -0.116825 0.349847 0.031118 -0.026331 0.312065 0.043725 0.033815 0.274437 -0.183575 -0.173621 0.220662 -0.279887 -0.242916 0.376333 -0.358424 -0.337972 0.470584 -0.084876 -0.231520 0.581569 -0.121322 -0.224966 0.713519 -0.195015 -0.197060 0.799447 -0.053789 -0.098264 0.578067 -0.097049 -0.085640 0.733288 -0.203253 -0.030611 0.799105 -0.027083 -0.003531 0.514071 -0.068818 0.012819 0.658922 -0.170853 0.050456 0.739173 -0.009863 0.063099 0.438318 -0.046749 0.083256 0.551121 -0.138284 0.117544 0.611527 
0.000000 0.000000 0.000000 -0.032432 -0.062436 -0.025957 -0.042040 -0.225212 0.372562 -0.001097 -0.102248 0.354516 0.025332 -0.014626 0.313354 0.041525 0.043160 0.273467 -0.197717 -0.171621 0.216130 -0.301141 -0.239942 0.367612 -0.385595 -0.336479 0.454991 -0.093236 -0.211006 0.593010 -0.124178 -0.202419 0.726243 -0.191034 -0.175851 0.817990 -0.055214 -0.077441 0.584582 -0.092021 -0.060569 0.741059 -0.192746 -0.005778 0.815166 -0.020842 0.011347 0.518066 -0.053951 0.029972 0.664857 -0.147897 0.067264 0.754587 0.002063 0.080272 0.439755 -0.025100 0.105818 0.554214 -0.108259 0.143498 0.623984 
0.000000 0.000000 0.000000 -0.036373 -0.060841 -0.024480 -0.069212 -0.205944 0.379588 -0.018546 -0.087242 0.358025 0.015591 -0.003612 0.314309 0.037219 0.051111 0.272715 -0.216610 -0.167676 0.207785 -0.329389 -0.234526 0.353122 -0.421900 -0.330772 0.432277 -0.115669 -0.189071 0.600896 -0.143747 -0.178874 0.734649 -0.204522 -0.153630 0.830889 -0.064460 -0.062882 0.589915 -0.095687 -0.046314 0.747633 -0.190449 0.008934 0.828918 -0.025935 0.022812 0.519957 -0.055712 0.041761 0.667419 -0.141962 0.078830 0.764655 0.000705 0.091495 0.438914 -0.024428 0.119292 0.553312 -0.099133 0.159198 0.630964 
0.000000 0.000000 0.000000 -0.039864 -0.058868 -0.023860 -0.108079 -0.180062 0.383649 -0.046485 -0.067099 0.359825 -0.002989 0.011159 0.314504 0.025519 0.061764 0.271855 -0.240119 -0.159156 0.194513 -0.365425 -0.221910 0.331156 -0.466646 -0.317935 0.399129 -0.154139 -0.166177 0.605248 -0.181977 -0.157786 0.739176 -0.234461 -0.135489 0.840868 -0.098916 -0.038791 0.589878 -0.134576 -0.019538 0.746346 -0.220391 0.034593 0.837697 -0.051496 0.041412 0.518086 -0.086278 0.063105 0.664067 -0.162506 0.098495 0.769920 -0.011287 0.111219 0.435518 -0.036622 0.145260 0.548171 -0.097649 0.187785 0.635753 
0.000000 0.000000 0.000000 -0.043022 -0.056540 -0.024005 -0.135752 -0.161196 0.383246 -0.065308 -0.053586 0.359167 -0.014550 0.020103 0.313736 0.019177 0.067353 0.271048 -0.253162 -0.151107 0.187524 -0.384654 -0.210281 0.319885 -0.492665 -0.302573 0.382357 -0.180824 -0.141204 0.604581 -0.208064 -0.129122 0.738349 -0.256478 -0.106412 0.841952 -0.116820 -0.019854 0.588695 -0.151855 0.003089 0.744806 -0.231238 0.057757 0.841497 -0.063609 0.057999 0.515902 -0.098788 0.085172 0.660867 -0.167933 0.120614 0.771460 -0.014134 0.115889 0.435732 -0.037063 0.149298 0.549087 -0.088778 0.193282 0.641791 
0.000000 0.000000 0.000000 -0.046282 -0.053479 -0.024937 -0.164859 -0.141867 0.379454 -0.085095 -0.040662 0.356711 -0.026692 0.027830 0.312345 0.012528 0.071367 0.270409 -0.277844 -0.126475 0.172286 -0.422740 -0.172151 0.295696 -0.543249 -0.253831 0.349479 -0.208448 -0.121131 0.601017 -0.234791 -0.108598 0.734924 -0.277650 -0.087317 0.841241 -0.140579 -0.006111 0.585189 -0.178316 0.017388 0.740586 -0.249112 0.071184 0.844188 -0.076427 0.067534 0.513997 -0.112090 0.096004 0.658595 -0.173277 0.129642 0.774322 -0.020509 0.122436 0.434381 -0.043250 0.157588 0.547246 -0.084785 0.202132 0.644682 
0.000000 0.000000 0.000000 -0.049757 -0.049599 -0.026231 -0.194522 -0.118370 0.373416 -0.104898 -0.025278 0.352838 -0.038502 0.036712 0.310187 0.006426 0.075638 0.269460 -0.298315 -0.099083 0.157117 -0.453846 -0.130047 0.271844 -0.584727 -0.199689 0.317747 -0.239034 -0.102837 0.595222 -0.265936 -0.093448 0.729275 -0.305510 -0.074841 0.837352 -0.167582 0.018125 0.577919 -0.210216 0.047644 0.731006 -0.276166 0.102354 0.837291 -0.090967 0.081839 0.509999 -0.128589 0.114197 0.653276 -0.185297 0.147707 0.771299 -0.027657 0.131340 0.431700 -0.051117 0.169681 0.543374 -0.087112 0.215413 0.642449 
0.000000 0.000000 0.000000 -0.050496 -0.049087 -0.025777 -0.212587 -0.093203 0.370689 -0.118943 -0.004361 0.349243 -0.048790 0.053152 0.306334 -0.000982 0.088473 0.265599 -0.310322 -0.074771 0.146493 -0.472905 -0.090843 0.254288 -0.611778 -0.145929 0.296319 -0.260393 -0.072004 0.591336 -0.289286 -0.059191 0.724690 -0.328569 -0.039156 0.832618 -0.184930 0.056188 0.569366 -0.229810 0.097369 0.719081 -0.293653 0.158052 0.823393 -0.105784 0.119054 0.499006 -0.146652 0.166309 0.637163 -0.200700 0.209195 0.753386 -0.034461 0.153871 0.424308 -0.057506 0.198886 0.533550 -0.092253 0.250531 0.630134 
0.000000 0.000000 0.000000 -0.051894 -0.048066 -0.024911 -0.227013 -0.065389 0.368075 -0.128906 0.018132 0.345242 -0.055051 0.070345 0.301773 -0.004568 0.101493 0.260863 -0.318417 -0.043155 0.138759 -0.485189 -0.040081 0.241173 -0.631279 -0.071727 0.282924 -0.288224 -0.038721 0.584783 -0.325219 -0.022604 0.715755 -0.370964 0.001297 0.820298 -0.205963 0.093300 0.557106 -0.258372 0.144425 0.701203 -0.324200 0.212580 0.799493 -0.125172 0.155660 0.482101 -0.175453 0.216836 0.611408 -0.232598 0.270687 0.721419 -0.043944 0.179193 0.412515 -0.071047 0.232675 0.516901 -0.107434 0.293127 0.607591 
0.000000 0.000000 0.000000 -0.052178 -0.048407 -0.023624 -0.223835 -0.058735 0.371131 -0.125820 0.024234 0.346005 -0.052282 0.075585 0.300998 -0.002121 0.105952 0.259116 -0.311764 -0.027981 0.149707 -0.474197 -0.015200 0.258167 -0.615985 -0.019315 0.321144 -0.293270 -0.015643 0.582654 -0.335235 0.010400 0.710493 -0.389677 0.046376 0.807110 -0.225160 0.132654 0.532689 -0.292725 0.206394 0.659661 -0.373178 0.290274 0.731291 -0.141958 0.187626 0.456300 -0.206262 0.267966 0.567661 -0.284182 0.341546 0.650016 -0.047545 0.204263 0.396439 -0.078812 0.271932 0.490962 -0.126898 0.345017 0.565456 
0.000000 0.000000 0.000000 -0.051405 -0.050712 -0.020242 -0.213340 -0.048393 0.378727 -0.118207 0.035912 0.347670 -0.047157 0.087149 0.298710 0.001167 0.116960 0.254342 -0.300369 0.014322 0.157616 -0.456155 0.055016 0.268909 -0.579792 0.093794 0.354331 -0.291200 0.013931 0.582378 -0.338257 0.051598 0.705459 -0.398865 0.097717 0.793737 -0.220977 0.168253 0.516190 -0.290875 0.258263 0.630806 -0.379304 0.357098 0.663229 -0.147087 0.228345 0.420330 -0.218743 0.329592 0.507539 -0.312540 0.424026 0.531038 -0.047714 0.232816 0.375892 -0.081359 0.312563 0.459557 -0.146695 0.396599 0.502827 
0.000000 0.000000 0.000000 -0.052617 -0.049944 -0.018999 -0.215882 -0.031966 0.379029 -0.118502 0.048946 0.345975 -0.045983 0.096913 0.295871 0.003252 0.124185 0.250876 -0.293076 0.050909 0.153786 -0.443539 0.114016 0.261905 -0.546437 0.187033 0.352278 -0.307494 0.046515 0.571041 -0.362861 0.093947 0.687087 -0.428066 0.151049 0.765066 -0.218821 0.205774 0.493676 -0.287052 0.312439 0.594134 -0.372128 0.418865 0.585483 -0.139044 0.254596 0.401651 -0.205775 0.367665 0.477502 -0.297045 0.463746 0.450931 -0.063334 0.239663 0.364090 -0.109166 0.319149 0.442018 -0.184933 0.404700 0.453998 
0.000000 0.000000 0.000000 -0.047608 -0.055967 -0.015002 -0.202931 -0.033661 0.385975 -0.115158 0.054868 0.346216 -0.049098 0.107241 0.291779 -0.003949 0.136960 0.244126 -0.281988 0.069841 0.149573 -0.428648 0.148563 0.252553 -0.503090 0.240993 0.352562 -0.298280 0.066843 0.565495 -0.355907 0.127584 0.673992 -0.422166 0.196010 0.741228 -0.207061 0.231199 0.476353 -0.269568 0.351129 0.564864 -0.350291 0.454579 0.527165 -0.136982 0.269896 0.394412 -0.200001 0.386529 0.468007 -0.285211 0.477036 0.414944 -0.075073 0.251763 0.355247 -0.124029 0.330785 0.431733 -0.202251 0.414710 0.425325 
0.000000 0.000000 0.000000 -0.042278 -0.060619 -0.012720 -0.180992 -0.051550 0.394810 -0.104567 0.045182 0.350944 -0.046688 0.103639 0.293471 -0.006978 0.137477 0.243767 -0.278576 0.061151 0.152148 -0.426436 0.137348 0.255311 -0.470387 0.235846 0.366905 -0.287820 0.059653 0.561068 -0.352384 0.126861 0.661549 -0.422518 0.201530 0.717218 -0.198998 0.227092 0.471218 -0.263224 0.350817 0.553021 -0.343146 0.447254 0.498691 -0.136783 0.269466 0.388857 -0.201386 0.388373 0.457254 -0.282428 0.472719 0.389534 -0.077447 0.252166 0.355423 -0.125952 0.331108 0.432278 -0.206385 0.411759 0.417143 
0.000000 0.000000 0.000000 -0.042050 -0.060695 -0.013109 -0.167446 -0.064939 0.398792 -0.093488 0.033865 0.355317 -0.038120 0.094599 0.297732 -0.000404 0.130299 0.247777 -0.278464 0.041241 0.164553 -0.426397 0.105025 0.275721 -0.460725 0.201667 0.392206 -0.274979 0.042402 0.567121 -0.339970 0.107275 0.668855 -0.412529 0.182168 0.721001 -0.197390 0.208551 0.478458 -0.268058 0.327361 0.562212 -0.352020 0.418233 0.504487 -0.143878 0.244652 0.402673 -0.219714 0.352250 0.477923 -0.302677 0.432490 0.407590 -0.079636 0.235541 0.362810 -0.134172 0.307981 0.441991 -0.218505 0.384178 0.425107 
0.000000 0.000000 0.000000 -0.042176 -0.060339 -0.014294 -0.155031 -0.081927 0.400679 -0.082831 0.018951 0.359050 -0.029482 0.082262 0.302341 0.006556 0.120156 0.252766 -0.275354 0.028658 0.174263 -0.421262 0.084346 0.292250 -0.450892 0.177640 0.412687 -0.253483 0.028029 0.572833 -0.312984 0.094484 0.676878 -0.386327 0.168079 0.729771 -0.188494 0.193569 0.480781 -0.260360 0.312334 0.563575 -0.348523 0.400609 0.508131 -0.137988 0.231712 0.405321 -0.215794 0.338877 0.479163 -0.301699 0.417466 0.410519 -0.073552 0.224987 0.367568 -0.128691 0.297144 0.446589 -0.216675 0.369355 0.430858 
0.000000 0.000000 0.000000 -0.041610 -0.060065 -0.016872 -0.139836 -0.111083 0.399245 -0.070823 -0.006316 0.362052 -0.020526 0.061602 0.307945 0.013149 0.103363 0.259835 -0.267963 0.018639 0.184165 -0.409600 0.067887 0.309961 -0.431119 0.154391 0.437008 -0.231701 -0.001255 0.575082 -0.287222 0.065123 0.681353 -0.358275 0.139472 0.736278 -0.178191 0.161609 0.491466 -0.251216 0.275821 0.579485 -0.340101 0.366840 0.529944 -0.125419 0.211409 0.414102 -0.200633 0.318829 0.490223 -0.286737 0.401998 0.427477 -0.068516 0.202276 0.378719 -0.124727 0.270360 0.460549 -0.213038 0.342516 0.446482 
0.000000 0.000000 0.000000 -0.044210 -0.057146 -0.020092 -0.133686 -0.135697 0.393706 -0.061820 -0.030913 0.362436 -0.010439 0.039068 0.312107 0.023525 0.083110 0.266290 -0.263768 0.013621 0.191173 -0.401153 0.057903 0.323368 -0.414929 0.136767 0.456325 -0.209575 -0.021445 0.574282 -0.255441 0.047605 0.683417 -0.320956 0.125827 0.739829 -0.158264 0.135785 0.501665 -0.223859 0.249163 0.596361 -0.309238 0.347335 0.554982 -0.096659 0.173973 0.450239 -0.179143 0.287862 0.506953 -0.262276 0.380588 0.454429 -0.052777 0.178137 0.391726 -0.105297 0.243547 0.478065 -0.190179 0.320359 0.468155 
0.000000 0.000000 0.000000 -0.044641 -0.055637 -0.023142 -0.127197 -0.161876 0.385885 -0.055698 -0.055259 0.360529 -0.005063 0.017930 0.314164 0.028190 0.064944 0.270848 -0.258456 0.015488 0.193816 -0.392247 0.059994 0.329575 -0.397312 0.132318 0.466799 -0.185485 -0.048320 0.573308 -0.220713 0.020311 0.686582 -0.278734 0.102872 0.744980 -0.141539 0.116230 0.500877 -0.199923 0.232867 0.596332 -0.279471 0.338024 0.560929 -0.074425 0.149326 0.464622 -0.152026 0.269576 0.514710 -0.230882 0.370460 0.471440 -0.031930 0.168647 0.398196 -0.073311 0.240028 0.485853 -0.153215 0.322369 0.479651 
0.000000 0.000000 0.000000 -0.046707 -0.052602 -0.025988 -0.137113 -0.173973 0.377126 -0.061042 -0.069385 0.357207 -0.007020 0.003677 0.314616 0.028525 0.051200 0.273744 -0.259939 0.014647 0.192772 -0.393365 0.056728 0.329658 -0.394399 0.124532 0.469259 -0.191308 -0.054323 0.561968 -0.224062 0.017991 0.673682 -0.275130 0.102690 0.735417 -0.142766 0.100155 0.502300 -0.198350 0.215465 0.600983 -0.273903 0.324539 0.568826 -0.090774 0.158345 0.431990 -0.150831 0.269253 0.516154 -0.226535 0.374043 0.476710 -0.032151 0.155967 0.399954 -0.073915 0.228080 0.486826 -0.150224 0.313800 0.481156 
0.000000 0.000000 0.000000 -0.051228 -0.046534 -0.028882 -0.156481 -0.179187 0.367009 -0.070675 -0.081415 0.352865 -0.009587 -0.011735 0.314351 0.030675 0.034222 0.276150 -0.265517 0.013938 0.190821 -0.399605 0.051778 0.328297 -0.399048 0.114928 0.470067 -0.192664 -0.063341 0.558557 -0.214533 0.006673 0.674324 -0.255748 0.091196 0.743247 -0.142978 0.093607 0.496441 -0.192154 0.212647 0.594092 -0.262110 0.326257 0.565141 -0.091129 0.143714 0.432249 -0.149599 0.255181 0.516790 -0.220083 0.364991 0.481548 -0.026734 0.143868 0.399716 -0.066250 0.219339 0.484767 -0.137818 0.309115 0.480143 
0.000000 0.000000 0.000000 -0.055624 -0.039952 -0.030557 -0.171143 -0.180797 0.359601 -0.076384 -0.091153 0.349276 -0.009061 -0.025889 0.313519 0.035248 0.017775 0.277151 -0.268660 0.016613 0.191395 -0.401964 0.052007 0.330277 -0.400351 0.110996 0.473820 -0.199354 -0.067580 0.554039 -0.216403 0.000844 0.671552 -0.249574 0.085137 0.744953 -0.139731 0.084363 0.496436 -0.182816 0.203737 0.596525 -0.246597 0.321704 0.570929 -0.079438 0.133562 0.433252 -0.129903 0.247898 0.519109 -0.194755 0.362399 0.488260 -0.020693 0.127256 0.401533 -0.059197 0.202614 0.487148 -0.125611 0.296364 0.485345 
0.000000 0.000000 0.000000 -0.058203 -0.035547 -0.031188 -0.180116 -0.179278 0.355961 -0.079961 -0.095515 0.347305 -0.008870 -0.033670 0.312784 0.037890 0.008086 0.277255 -0.269426 0.020174 0.192702 -0.401595 0.055041 0.332797 -0.401531 0.112705 0.476886 -0.201676 -0.067890 0.552297 -0.214707 -0.000570 0.670958 -0.243487 0.083297 0.746662 -0.138318 0.078477 0.498288 -0.178008 0.196815 0.600977 -0.237310 0.317456 0.577137 -0.069294 0.120101 0.444758 -0.120076 0.241440 0.520182 -0.180278 0.359107 0.491927 -0.015278 0.119005 0.401578 -0.051875 0.195353 0.487153 -0.114045 0.291986 0.487549 
0.000000 0.000000 0.000000 -0.056518 -0.037973 -0.031428 -0.176009 -0.183930 0.355641 -0.079109 -0.096396 0.347256 -0.010182 -0.032053 0.312914 0.035220 0.011267 0.277496 -0.270466 0.019862 0.189315 -0.404342 0.056050 0.327441 -0.409196 0.116091 0.470474 -0.204633 -0.071307 0.550364 -0.221933 -0.003240 0.668049 -0.253120 0.080226 0.743241 -0.141737 0.078067 0.495966 -0.184334 0.196727 0.597110 -0.245061 0.316220 0.571167 -0.076542 0.129339 0.432341 -0.124127 0.245066 0.517978 -0.185545 0.361755 0.488323 -0.020010 0.123556 0.399672 -0.058027 0.200846 0.483769 -0.120493 0.297288 0.484002 
0.000000 0.000000 0.000000 -0.055866 -0.039986 -0.030067 -0.167786 -0.181007 0.361075 -0.073188 -0.091290 0.349924 -0.006236 -0.025968 0.313581 0.037713 0.017737 0.276829 -0.275871 0.010165 0.186564 -0.413536 0.041546 0.322117 -0.426194 0.104137 0.463570 -0.209584 -0.068224 0.553307 -0.234846 -0.000061 0.669486 -0.274768 0.083194 0.740676 -0.149112 0.083026 0.492487 -0.200750 0.201585 0.589449 -0.268535 0.316239 0.559465 -0.085929 0.132413 0.428811 -0.143073 0.245983 0.511438 -0.211389 0.357928 0.478740 -0.027089 0.128807 0.395364 -0.071693 0.205258 0.476953 -0.139180 0.298255 0.476523 
0.000000 0.000000 0.000000 -0.053777 -0.044306 -0.027730 -0.145408 -0.184344 0.369004 -0.057493 -0.088672 0.353510 0.003851 -0.019738 0.314073 0.043722 0.026066 0.275282 -0.270394 0.008141 0.191752 -0.405940 0.040959 0.329090 -0.419066 0.105458 0.469640 -0.193274 -0.070438 0.559147 -0.222203 -0.001596 0.674064 -0.267696 0.080199 0.743584 -0.139347 0.079022 0.500659 -0.195019 0.193078 0.600742 -0.269068 0.303901 0.571173 -0.079292 0.132137 0.435460 -0.138910 0.241042 0.522502 -0.212764 0.349855 0.491306 -0.022069 0.127645 0.401534 -0.067354 0.197564 0.488436 -0.137634 0.288379 0.492489 
0.000000 0.000000 0.000000 -0.049964 -0.050203 -0.024640 -0.109608 -0.191007 0.377879 -0.032928 -0.087046 0.357038 0.019143 -0.012916 0.313868 0.052326 0.035995 0.272649 -0.255485 -0.000336 0.205838 -0.384087 0.030868 0.350057 -0.392728 0.095935 0.490693 -0.159221 -0.081691 0.570255 -0.189206 -0.015623 0.686522 -0.237722 0.063057 0.757577 -0.114936 0.077856 0.507226 -0.170714 0.190012 0.609375 -0.252208 0.296337 0.583049 -0.061273 0.135264 0.441499 -0.118937 0.241518 0.533019 -0.199260 0.346694 0.505554 -0.003387 0.134004 0.406352 -0.041735 0.201466 0.498383 -0.114899 0.289320 0.509862 
0.000000 0.000000 0.000000 -0.049792 -0.051715 -0.021684 -0.085714 -0.189974 0.384517 -0.012907 -0.084290 0.358979 0.035002 -0.009280 0.312626 0.064811 0.040053 0.269382 -0.246313 -0.004374 0.217031 -0.369283 0.025249 0.366403 -0.374791 0.091349 0.506714 -0.132337 -0.080442 0.577517 -0.160514 -0.014243 0.694161 -0.210464 0.062994 0.765803 -0.092017 0.078042 0.513461 -0.145823 0.188450 0.618529 -0.232023 0.291664 0.594957 -0.042515 0.134877 0.446505 -0.098099 0.238247 0.542504 -0.182853 0.340848 0.518889 0.012726 0.134532 0.407031 -0.023124 0.199563 0.501778 -0.098267 0.284640 0.519626 
0.000000 0.000000 0.000000 -0.050228 -0.052096 -0.019674 -0.067679 -0.191495 0.387349 0.003076 -0.085137 0.358998 0.048334 -0.009624 0.310833 0.075858 0.040053 0.266482 -0.232859 -0.002692 0.229426 -0.347138 0.028222 0.385297 -0.345720 0.094888 0.525442 -0.105797 -0.081119 0.581731 -0.128835 -0.014411 0.699210 -0.175567 0.062454 0.773378 -0.066937 0.077851 0.517136 -0.114556 0.188705 0.624691 -0.200567 0.293059 0.605935 -0.024009 0.134111 0.448021 -0.075884 0.237177 0.546393 -0.159891 0.341375 0.527589 0.029056 0.135519 0.405342 -0.003159 0.201230 0.500922 -0.076657 0.286573 0.523675 
0.000000 0.000000 0.000000 -0.051174 -0.051424 -0.018991 -0.057221 -0.197515 0.386010 0.013396 -0.091168 0.357276 0.057705 -0.015159 0.309009 0.084220 0.035072 0.264666 -0.225956 0.000464 0.235184 -0.335323 0.032932 0.394231 -0.325423 0.098729 0.534444 -0.087988 -0.086669 0.581425 -0.106582 -0.019678 0.699528 -0.148334 0.057156 0.776642 -0.049938 0.073617 0.516366 -0.093013 0.185693 0.624569 -0.177347 0.292179 0.610861 -0.005966 0.132799 0.446006 -0.051622 0.238894 0.544242 -0.134243 0.344865 0.529687 0.042981 0.130734 0.405145 0.014596 0.196581 0.501839 -0.056772 0.282790 0.527870 
0.000000 0.000000 0.000000 -0.053686 -0.048844 -0.018867 -0.057686 -0.202491 0.383354 0.016781 -0.098661 0.355136 0.063283 -0.023647 0.307380 0.090998 0.026287 0.263438 -0.225608 -0.006050 0.238927 -0.333186 0.020727 0.400237 -0.320170 0.084407 0.541171 -0.078141 -0.096736 0.582897 -0.090504 -0.032820 0.703495 -0.128014 0.044195 0.782583 -0.041788 0.064774 0.517410 -0.081622 0.175934 0.627780 -0.165285 0.283192 0.616134 0.015147 0.111849 0.462420 -0.041538 0.226108 0.544410 -0.123814 0.332570 0.531579 0.051881 0.119478 0.406167 0.024956 0.183624 0.504410 -0.045997 0.270107 0.530664 
0.000000 0.000000 0.000000 -0.056164 -0.045304 -0.020422 -0.068602 -0.211702 0.376519 0.011249 -0.111060 0.351677 0.061676 -0.037062 0.306380 0.092019 0.012766 0.264085 -0.227856 -0.013657 0.239129 -0.335290 0.006146 0.401538 -0.321855 0.065805 0.544182 -0.081255 -0.107935 0.577746 -0.088903 -0.045221 0.699362 -0.123002 0.030987 0.780742 -0.037902 0.048726 0.520576 -0.071332 0.157403 0.635452 -0.152545 0.266861 0.627531 0.025631 0.092909 0.469236 -0.032506 0.210932 0.544611 -0.113397 0.318699 0.534075 0.055609 0.106124 0.407420 0.030549 0.170385 0.506080 -0.039806 0.257007 0.533464 
0.000000 0.000000 0.000000 -0.057168 -0.042583 -0.023291 -0.078584 -0.228904 0.364305 0.004291 -0.129403 0.345505 0.057244 -0.054611 0.304610 0.089419 -0.003534 0.265260 -0.228824 -0.022714 0.237449 -0.336236 -0.010282 0.400604 -0.321600 0.042746 0.545726 -0.086337 -0.132725 0.569511 -0.091023 -0.074598 0.693532 -0.120325 -0.001493 0.779499 -0.047534 0.025298 0.518294 -0.082783 0.130516 0.635816 -0.161163 0.242249 0.632418 0.012261 0.078142 0.462936 -0.037966 0.188775 0.553646 -0.117208 0.298091 0.547428 0.049772 0.086873 0.409624 0.022482 0.149102 0.508993 -0.046524 0.236084 0.538581 
0.000000 0.000000 0.000000 -0.058879 -0.038602 -0.025828 -0.091947 -0.243846 0.351248 -0.004432 -0.147446 0.338197 0.052233 -0.073144 0.301609 0.087038 -0.021618 0.265194 -0.234898 -0.034730 0.232724 -0.345038 -0.032307 0.394508 -0.330171 0.013785 0.541958 -0.100473 -0.161451 0.562337 -0.105625 -0.111654 0.689914 -0.129244 -0.046559 0.783711 -0.047842 0.002295 0.517550 -0.077367 0.104141 0.639535 -0.151962 0.218431 0.643109 0.003427 0.055243 0.462384 -0.048211 0.163438 0.555217 -0.125100 0.274587 0.553820 0.045265 0.066260 0.410517 0.016512 0.126748 0.510546 -0.051501 0.213756 0.542278 
0.000000 0.000000 0.000000 -0.060634 -0.033464 -0.028768 -0.111434 -0.258090 0.335056 -0.018239 -0.166452 0.328783 0.043231 -0.093629 0.297340 0.081545 -0.042216 0.264460 -0.239111 -0.038049 0.228080 -0.350791 -0.040917 0.388799 -0.336266 -0.002304 0.538415 -0.116960 -0.190852 0.551548 -0.120299 -0.150216 0.682390 -0.138589 -0.092750 0.782171 -0.062387 -0.027702 0.516596 -0.092414 0.066668 0.644336 -0.161595 0.183841 0.655456 -0.001249 0.031615 0.461806 -0.046878 0.136436 0.561413 -0.119273 0.250448 0.566703 0.043055 0.041513 0.413101 0.016560 0.099145 0.515414 -0.048472 0.186848 0.551223 
0.000000 0.000000 0.000000 -0.062374 -0.028227 -0.030604 -0.129016 -0.267175 0.321345 -0.030385 -0.181197 0.319971 0.035594 -0.110786 0.292414 0.077168 -0.060233 0.262275 -0.243836 -0.042930 0.223762 -0.357383 -0.052130 0.382927 -0.344196 -0.022637 0.534726 -0.130162 -0.209990 0.540773 -0.130855 -0.175429 0.673389 -0.145289 -0.123065 0.776553 -0.067674 -0.046630 0.512262 -0.093035 0.044894 0.643047 -0.156409 0.164567 0.660413 -0.002182 0.006780 0.464068 -0.045924 0.112030 0.564067 -0.112944 0.228870 0.575232 0.041000 0.018814 0.414031 0.016104 0.073223 0.518487 -0.045272 0.161953 0.558023 
0.000000 0.000000 0.000000 -0.064117 -0.023696 -0.030844 -0.142590 -0.267458 0.315316 -0.039067 -0.187426 0.315408 0.030781 -0.120319 0.289175 0.075082 -0.071527 0.260034 -0.247630 -0.039287 0.221993 -0.362460 -0.049042 0.380202 -0.351752 -0.022658 0.532767 -0.142647 -0.217047 0.536402 -0.142682 -0.186580 0.670020 -0.156037 -0.135988 0.774208 -0.074034 -0.052683 0.508012 -0.097816 0.038961 0.639009 -0.156923 0.160444 0.658696 -0.017794 0.007469 0.450495 -0.052626 0.099101 0.566172 -0.115765 0.217823 0.579832 0.037259 0.008720 0.410753 0.011225 0.063955 0.514495 -0.047648 0.153797 0.555307 
0.000000 0.000000 0.000000 -0.063205 -0.024640 -0.031967 -0.144987 -0.268330 0.313478 -0.042548 -0.186934 0.315250 0.026894 -0.118992 0.290110 0.071090 -0.069709 0.261645 -0.250217 -0.039709 0.218324 -0.367237 -0.049138 0.374940 -0.359726 -0.023217 0.527775 -0.148673 -0.217610 0.534462 -0.150900 -0.186956 0.668019 -0.166279 -0.135936 0.771718 -0.081548 -0.053897 0.508264 -0.108075 0.036587 0.639541 -0.166890 0.158192 0.659348 -0.022695 0.009223 0.450783 -0.058252 0.101160 0.565996 -0.121011 0.220085 0.579642 0.031862 0.010219 0.412173 0.004860 0.065236 0.515785 -0.053971 0.155244 0.556289 
0.000000 0.000000 0.000000 -0.061850 -0.027386 -0.032381 -0.140417 -0.267218 0.316494 -0.040841 -0.182340 0.318153 0.026616 -0.112541 0.292698 0.069529 -0.062315 0.263920 -0.252012 -0.040107 0.215657 -0.371003 -0.048067 0.370863 -0.366296 -0.021831 0.523756 -0.150265 -0.212600 0.536357 -0.156217 -0.179591 0.669237 -0.175957 -0.127433 0.771624 -0.087296 -0.047456 0.508213 -0.118891 0.044283 0.637481 -0.180109 0.164985 0.655448 -0.025882 0.016338 0.451908 -0.063527 0.108752 0.566072 -0.128313 0.226695 0.578728 0.027679 0.016616 0.414268 -0.001126 0.070946 0.517756 -0.061580 0.160084 0.557792 
0.000000 0.000000 0.000000 -0.060818 -0.030876 -0.031173 -0.129656 -0.260587 0.326457 -0.033372 -0.171995 0.324717 0.031345 -0.100669 0.296529 0.072274 -0.049940 0.265807 -0.249853 -0.038558 0.217931 -0.368139 -0.043366 0.373804 -0.365452 -0.015378 0.526436 -0.143998 -0.204806 0.545780 -0.152667 -0.171094 0.678334 -0.177294 -0.119191 0.779787 -0.082835 -0.035386 0.512776 -0.116476 0.057527 0.640682 -0.182487 0.176089 0.655681 -0.026371 0.025241 0.456308 -0.067757 0.115526 0.570879 -0.137012 0.231053 0.582077 0.028527 0.026727 0.416786 -0.001585 0.079498 0.520708 -0.064779 0.166716 0.560743 
0.000000 0.000000 0.000000 -0.057028 -0.038772 -0.029468 -0.102654 -0.255627 0.339716 -0.016365 -0.157469 0.333276 0.040505 -0.081201 0.301350 0.075932 -0.028056 0.267990 -0.238251 -0.038561 0.225492 -0.351649 -0.038429 0.385029 -0.347452 -0.006079 0.536761 -0.123104 -0.193671 0.556887 -0.135463 -0.156226 0.688140 -0.163430 -0.105693 0.789418 -0.070642 -0.022632 0.521285 -0.107558 0.069077 0.649157 -0.180853 0.183649 0.661007 -0.014206 0.045929 0.461221 -0.053438 0.137088 0.575858 -0.129358 0.248523 0.585157 0.040403 0.047433 0.421695 0.015949 0.099393 0.527494 -0.050198 0.184156 0.568028 
0.000000 0.000000 0.000000 -0.054002 -0.044864 -0.026360 -0.070070 -0.250509 0.351604 0.006715 -0.145298 0.339088 0.055549 -0.065506 0.302770 0.085106 -0.010715 0.266483 -0.223159 -0.034153 0.236542 -0.329006 -0.027450 0.401050 -0.318087 0.008259 0.551690 -0.085510 -0.182026 0.567224 -0.094840 -0.140637 0.697539 -0.120890 -0.089917 0.799235 -0.041353 -0.006021 0.525544 -0.074047 0.088706 0.652361 -0.151071 0.200819 0.664074 0.009108 0.060694 0.465958 -0.024193 0.151188 0.582974 -0.102499 0.260696 0.594982 0.056102 0.063599 0.422118 0.036138 0.114752 0.529245 -0.029350 0.198331 0.573165 
0.000000 0.000000 0.000000 -0.052372 -0.048618 -0.022745 -0.047973 -0.237141 0.364353 0.023078 -0.128993 0.344914 0.066858 -0.048672 0.303656 0.092648 0.005765 0.264110 -0.210707 -0.024903 0.245982 -0.309783 -0.010063 0.414133 -0.293439 0.030801 0.562962 -0.058026 -0.154053 0.575103 -0.064102 -0.103837 0.702474 -0.086236 -0.049719 0.803342 -0.017493 0.014124 0.530241 -0.045086 0.111463 0.656290 -0.122940 0.222753 0.670166 0.023765 0.079866 0.465936 -0.007136 0.172036 0.582301 -0.086698 0.279936 0.599490 0.071280 0.078063 0.421917 0.056573 0.127826 0.530538 -0.007214 0.208637 0.581567 
0.000000 0.000000 0.000000 -0.050129 -0.051675 -0.020993 -0.034591 -0.228624 0.371248 0.031127 -0.117832 0.348259 0.070805 -0.036740 0.304439 0.093754 0.017703 0.263188 -0.204394 -0.027661 0.250064 -0.300924 -0.012635 0.419673 -0.282118 0.032885 0.566850 -0.044279 -0.142930 0.580969 -0.050134 -0.091139 0.707719 -0.072790 -0.034869 0.807285 -0.010387 0.029539 0.530009 -0.038623 0.129771 0.653624 -0.120772 0.238278 0.664444 0.023903 0.094218 0.463699 -0.009728 0.188124 0.577898 -0.092684 0.293919 0.591817 0.073107 0.091994 0.420162 0.058895 0.143129 0.528211 -0.007136 0.223568 0.576920 
0.000000 0.000000 0.000000 -0.051745 -0.050405 -0.020144 -0.035253 -0.226773 0.372319 0.032984 -0.117781 0.348105 0.074129 -0.037851 0.303510 0.097897 0.015880 0.261792 -0.208043 -0.030822 0.250103 -0.305845 -0.018568 0.419207 -0.286015 0.028666 0.565708 -0.038907 -0.140804 0.582119 -0.041116 -0.088845 0.708916 -0.062973 -0.030152 0.807255 -0.007482 0.028970 0.530591 -0.035005 0.128781 0.654707 -0.118703 0.236249 0.663921 0.022331 0.094262 0.460280 -0.014813 0.188995 0.572693 -0.098667 0.294435 0.583594 0.070409 0.092977 0.416345 0.051487 0.146044 0.522727 -0.016181 0.226967 0.568288 
0.000000 0.000000 0.000000 -0.056023 -0.044728 -0.022016 -0.053223 -0.240038 0.361717 0.024135 -0.136361 0.341995 0.071885 -0.058303 0.300798 0.100056 -0.004941 0.261411 -0.215969 -0.046094 0.246800 -0.316053 -0.046949 0.415007 -0.298680 -0.004941 0.563399 -0.056679 -0.158404 0.573245 -0.058768 -0.109066 0.701087 -0.080768 -0.049725 0.799004 -0.022041 0.007908 0.525103 -0.053447 0.106031 0.649642 -0.136908 0.213714 0.658479 0.022462 0.066756 0.463989 -0.029738 0.169627 0.562394 -0.113322 0.275495 0.570986 0.062959 0.073419 0.413298 0.037425 0.127356 0.517845 -0.031579 0.208464 0.561008 
0.000000 0.000000 0.000000 -0.057148 -0.041015 -0.025996 -0.074786 -0.255874 0.346736 0.007491 -0.154826 0.334829 0.059792 -0.076918 0.299257 0.091436 -0.022881 0.263604 -0.225273 -0.052489 0.237534 -0.330476 -0.059669 0.402434 -0.319844 -0.022965 0.552856 -0.078864 -0.182299 0.561189 -0.081328 -0.137832 0.690799 -0.104359 -0.080149 0.789467 -0.041055 -0.013634 0.519715 -0.074073 0.082395 0.645463 -0.154625 0.192094 0.656270 0.005322 0.048364 0.460661 -0.043842 0.146935 0.564860 -0.125821 0.253951 0.574613 0.049490 0.052712 0.415632 0.020618 0.104745 0.520275 -0.048523 0.185528 0.563826 
0.000000 0.000000 0.000000 -0.059642 -0.035202 -0.028767 -0.101460 -0.264122 0.333520 -0.011325 -0.169452 0.327559 0.047599 -0.094428 0.296418 0.084071 -0.041546 0.263775 -0.237133 -0.062681 0.227335 -0.348195 -0.079875 0.387587 -0.343871 -0.050604 0.539939 -0.104898 -0.204810 0.552359 -0.106976 -0.168963 0.684619 -0.129180 -0.112456 0.784154 -0.061237 -0.033126 0.515704 -0.095184 0.059595 0.643669 -0.170033 0.172783 0.658685 -0.006554 0.020407 0.465516 -0.062666 0.121156 0.563963 -0.140249 0.231109 0.576585 0.037326 0.033800 0.414520 0.005150 0.085663 0.518280 -0.062116 0.168014 0.561833 
0.000000 0.000000 0.000000 -0.060923 -0.030501 -0.031335 -0.126493 -0.267171 0.322350 -0.030533 -0.178214 0.321628 0.033740 -0.106135 0.294352 0.074279 -0.054688 0.264316 -0.246961 -0.058868 0.218528 -0.363372 -0.076618 0.374876 -0.363560 -0.056571 0.528775 -0.127357 -0.209646 0.541690 -0.127879 -0.174879 0.674253 -0.146472 -0.119500 0.775152 -0.076161 -0.045810 0.513622 -0.107194 0.044244 0.644205 -0.175604 0.160872 0.663102 -0.026194 0.020268 0.452920 -0.069171 0.110907 0.566623 -0.140760 0.224522 0.581941 0.028821 0.020004 0.415779 -0.002468 0.071415 0.520034 -0.066246 0.156004 0.564535 
0.000000 0.000000 0.000000 -0.062121 -0.026649 -0.032476 -0.145384 -0.263645 0.317246 -0.044604 -0.180201 0.318866 0.023943 -0.111503 0.293326 0.067677 -0.062039 0.264466 -0.254859 -0.052745 0.212509 -0.375461 -0.069074 0.365805 -0.379456 -0.051162 0.519916 -0.148963 -0.209143 0.537330 -0.151126 -0.176204 0.670342 -0.168500 -0.121070 0.771592 -0.090610 -0.047882 0.510828 -0.121900 0.042114 0.641389 -0.185060 0.161575 0.660859 -0.036026 0.014356 0.452313 -0.079027 0.104605 0.566317 -0.146108 0.220801 0.582648 0.020242 0.014607 0.414338 -0.012408 0.067364 0.517498 -0.073768 0.154106 0.561245 
0.000000 0.000000 0.000000 -0.061925 -0.026181 -0.033222 -0.153322 -0.259405 0.317004 -0.051603 -0.177130 0.319530 0.018131 -0.109440 0.294517 0.062882 -0.060720 0.265951 -0.259852 -0.047755 0.208038 -0.383701 -0.061254 0.359002 -0.390544 -0.042046 0.512856 -0.159138 -0.201482 0.536165 -0.162653 -0.166476 0.668620 -0.180574 -0.110238 0.769164 -0.102456 -0.038930 0.506048 -0.137043 0.055065 0.632907 -0.198564 0.175723 0.650120 -0.042553 0.022032 0.448615 -0.086068 0.116306 0.559112 -0.151637 0.233627 0.573416 0.014285 0.020149 0.413209 -0.019164 0.075813 0.514570 -0.079618 0.164202 0.556234 
0.000000 0.000000 0.000000 -0.061360 -0.028110 -0.032690 -0.151578 -0.251128 0.324422 -0.051025 -0.167395 0.324827 0.017911 -0.099579 0.298009 0.062150 -0.051186 0.268120 -0.259929 -0.044764 0.208431 -0.384181 -0.055184 0.359308 -0.393586 -0.032441 0.512544 -0.160935 -0.185624 0.541313 -0.166591 -0.146036 0.672396 -0.187002 -0.087639 0.771221 -0.106953 -0.027372 0.508512 -0.144992 0.067863 0.633443 -0.206928 0.188641 0.648137 -0.042041 0.030665 0.453431 -0.089300 0.130308 0.557492 -0.155301 0.247633 0.569609 0.013208 0.029643 0.415286 -0.020480 0.085279 0.516583 -0.081462 0.174113 0.556492 
0.000000 0.000000 0.000000 -0.061714 -0.029713 -0.030537 -0.140979 -0.244357 0.334223 -0.041531 -0.159412 0.330152 0.025903 -0.091481 0.300011 0.068830 -0.043350 0.267870 -0.254894 -0.041018 0.215227 -0.375775 -0.048092 0.369009 -0.384434 -0.022481 0.521836 -0.152347 -0.177524 0.550612 -0.159217 -0.137132 0.681392 -0.182307 -0.079478 0.780063 -0.092594 -0.017202 0.513573 -0.127324 0.079520 0.638326 -0.192381 0.198868 0.651089 -0.033214 0.041919 0.453057 -0.075604 0.137576 0.562801 -0.143934 0.253554 0.574980 0.022096 0.037557 0.415708 -0.010072 0.093247 0.517469 -0.071769 0.181061 0.558520 
0.000000 0.000000 0.000000 -0.059758 -0.035911 -0.027628 -0.111907 -0.241190 0.347268 -0.020002 -0.148600 0.337128 0.040784 -0.076652 0.302502 0.078755 -0.026516 0.267331 -0.243720 -0.040396 0.225323 -0.358832 -0.043202 0.383603 -0.362287 -0.013496 0.535894 -0.127206 -0.172025 0.562680 -0.136452 -0.130224 0.692869 -0.161228 -0.074965 0.792497 -0.070934 -0.007047 0.521093 -0.105575 0.089229 0.646215 -0.176258 0.205454 0.657837 -0.017530 0.058272 0.454517 -0.059345 0.155020 0.563522 -0.132623 0.267956 0.575516 0.034255 0.049554 0.418392 0.003626 0.101914 0.522370 -0.059902 0.187183 0.565919 
0.000000 0.000000 0.000000 -0.057703 -0.041577 -0.023781 -0.078985 -0.234913 0.360371 0.004773 -0.135893 0.342998 0.058253 -0.060868 0.303229 0.090729 -0.009380 0.264672 -0.226190 -0.036191 0.239713 -0.331618 -0.032821 0.404591 -0.327065 0.001357 0.555912 -0.089051 -0.159346 0.573932 -0.095135 -0.113675 0.703003 -0.117750 -0.058416 0.803143 -0.041026 0.010217 0.524736 -0.072175 0.109593 0.648344 -0.147790 0.222709 0.659587 0.004822 0.070223 0.460308 -0.033491 0.164223 0.572944 -0.111153 0.274044 0.586214 0.055459 0.068022 0.417483 0.031182 0.121300 0.522665 -0.033367 0.204785 0.568126 
0.000000 0.000000 0.000000 -0.055151 -0.046733 -0.019957 -0.047082 -0.226167 0.371379 0.028043 -0.121805 0.347152 0.074031 -0.044519 0.302628 0.100962 0.007765 0.260993 -0.211012 -0.033125 0.250909 -0.308539 -0.024610 0.420400 -0.296741 0.013047 0.570499 -0.049013 -0.141109 0.581573 -0.050180 -0.089702 0.708608 -0.068173 -0.030849 0.807632 -0.012289 0.024907 0.529698 -0.039721 0.124692 0.653856 -0.117901 0.235904 0.666469 0.024467 0.089068 0.458870 -0.011073 0.184858 0.570906 -0.091480 0.292700 0.584053 0.072394 0.085882 0.414837 0.052729 0.139652 0.520730 -0.012244 0.222613 0.566545 
0.000000 0.000000 0.000000 -0.052355 -0.050673 -0.017752 -0.028106 -0.217157 0.378607 0.040007 -0.109104 0.350190 0.080486 -0.030503 0.302717 0.103555 0.022056 0.259155 -0.202070 -0.029663 0.256092 -0.295752 -0.016517 0.427445 -0.280655 0.025812 0.575995 -0.030255 -0.116136 0.581610 -0.031553 -0.055082 0.704300 -0.049201 0.008410 0.800479 -0.001802 0.049960 0.521727 -0.030238 0.158146 0.638397 -0.112356 0.266908 0.646564 0.039454 0.102172 0.462177 -0.005666 0.207930 0.561021 -0.089862 0.313271 0.570099 0.076806 0.110948 0.407374 0.058395 0.172133 0.509397 -0.009504 0.254703 0.551529 
0.000000 0.000000 0.000000 -0.053121 -0.050282 -0.016544 -0.025070 -0.213315 0.380997 0.043758 -0.106255 0.350617 0.084385 -0.028530 0.301847 0.107388 0.023376 0.257473 -0.202178 -0.034200 0.257991 -0.295448 -0.024137 0.429778 -0.279226 0.019438 0.577848 -0.026098 -0.110794 0.583255 -0.026719 -0.048833 0.705494 -0.043772 0.017818 0.799622 -0.002031 0.054203 0.519824 -0.033174 0.163338 0.634908 -0.116783 0.271086 0.641148 0.027382 0.113738 0.447533 -0.013493 0.215752 0.551998 -0.098812 0.320438 0.557444 0.073712 0.110198 0.405508 0.050532 0.169959 0.507403 -0.018957 0.252773 0.546342 
0.000000 0.000000 0.000000 -0.055208 -0.046976 -0.019216 -0.041096 -0.226360 0.371971 0.033237 -0.121670 0.346741 0.078283 -0.044184 0.301605 0.104423 0.008217 0.259614 -0.206981 -0.039430 0.254196 -0.301950 -0.034708 0.425280 -0.287929 0.004623 0.574757 -0.034801 -0.127273 0.575839 -0.030996 -0.067387 0.699052 -0.047392 -0.000312 0.792994 -0.005118 0.035815 0.520527 -0.031204 0.142927 0.638727 -0.112757 0.252105 0.647013 0.045800 0.078601 0.470669 -0.017205 0.193994 0.546204 -0.100543 0.300301 0.550872 0.069700 0.094648 0.407635 0.045799 0.154141 0.509521 -0.023548 0.237634 0.547243 
0.000000 0.000000 0.000000 -0.058560 -0.041058 -0.022558 -0.068539 -0.239799 0.359290 0.014980 -0.140794 0.340720 0.067455 -0.065371 0.300371 0.098894 -0.013436 0.261554 -0.217979 -0.049011 0.246456 -0.317734 -0.053988 0.414787 -0.309751 -0.022521 0.566553 -0.064371 -0.150191 0.567552 -0.061851 -0.096034 0.693420 -0.079333 -0.031034 0.788618 -0.027191 0.011938 0.517832 -0.055872 0.115817 0.638294 -0.133584 0.227603 0.648498 0.016539 0.066664 0.457495 -0.034594 0.173293 0.552397 -0.115134 0.281705 0.557694 0.062746 0.073989 0.408647 0.037864 0.134167 0.509893 -0.030602 0.218296 0.547811 
0.000000 0.000000 0.000000 -0.061488 -0.034502 -0.025549 -0.097844 -0.248762 0.346171 -0.005378 -0.156998 0.333856 0.054550 -0.084882 0.298103 0.091388 -0.034294 0.262380 -0.231363 -0.055122 0.236297 -0.337659 -0.068025 0.400144 -0.334254 -0.044041 0.553441 -0.092221 -0.172219 0.559548 -0.088823 -0.125958 0.688507 -0.104633 -0.063260 0.785523 -0.047267 -0.009649 0.515537 -0.075758 0.090569 0.639105 -0.146399 0.206428 0.654141 0.007711 0.044069 0.459011 -0.042328 0.152140 0.552860 -0.117418 0.264161 0.561844 0.049985 0.050201 0.409800 0.021486 0.108361 0.511272 -0.044272 0.193982 0.550616 
0.000000 0.000000 0.000000 -0.062955 -0.029150 -0.028474 -0.125048 -0.253418 0.333815 -0.026110 -0.168019 0.327452 0.039710 -0.099079 0.296062 0.081010 -0.049973 0.263270 -0.240662 -0.050339 0.228075 -0.351860 -0.063598 0.388607 -0.351918 -0.045434 0.542740 -0.117888 -0.185689 0.550106 -0.113562 -0.144755 0.680826 -0.126156 -0.084058 0.779570 -0.062127 -0.026400 0.514859 -0.086623 0.069921 0.642322 -0.149264 0.189586 0.662211 -0.003019 0.023409 0.463049 -0.050844 0.131631 0.557872 -0.119020 0.247605 0.570917 0.041456 0.034865 0.411000 0.014230 0.093262 0.512686 -0.047382 0.181282 0.553422 
0.000000 0.000000 0.000000 -0.064067 -0.024698 -0.030155 -0.145846 -0.252590 0.325911 -0.041892 -0.173168 0.323103 0.028470 -0.107642 0.294362 0.073201 -0.060409 0.263369 -0.246156 -0.041568 0.223627 -0.360096 -0.052124 0.382427 -0.361727 -0.038286 0.537000 -0.133117 -0.190115 0.543523 -0.125425 -0.152358 0.675042 -0.134184 -0.092675 0.774814 -0.072520 -0.032154 0.511919 -0.093351 0.063754 0.640341 -0.148627 0.186538 0.662883 -0.017127 0.029189 0.448996 -0.049823 0.127305 0.559879 -0.111113 0.246829 0.574898 0.036052 0.023634 0.412174 0.010481 0.081483 0.514599 -0.046696 0.171941 0.556448 
0.000000 0.000000 0.000000 -0.065658 -0.020668 -0.029762 -0.157508 -0.246392 0.325227 -0.049125 -0.173142 0.322096 0.024688 -0.111589 0.293231 0.071829 -0.066784 0.262205 -0.249171 -0.033228 0.223242 -0.364002 -0.041088 0.381556 -0.365830 -0.027544 0.536153 -0.142970 -0.185610 0.543205 -0.134183 -0.148875 0.674945 -0.139806 -0.089559 0.775161 -0.077050 -0.031494 0.510857 -0.096043 0.064846 0.639241 -0.145078 0.189892 0.663700 -0.016036 0.026163 0.448407 -0.045239 0.124940 0.559678 -0.100472 0.247170 0.576323 0.038487 0.017648 0.411690 0.015537 0.075765 0.514584 -0.036743 0.168710 0.557376 
0.000000 0.000000 0.000000 -0.065296 -0.021698 -0.029824 -0.156546 -0.244122 0.327396 -0.048908 -0.169798 0.323904 0.024409 -0.107833 0.294657 0.071237 -0.062915 0.263321 -0.249792 -0.029830 0.222646 -0.365238 -0.034919 0.380626 -0.366854 -0.019759 0.535075 -0.143336 -0.175543 0.543133 -0.135352 -0.134095 0.673518 -0.141123 -0.073881 0.773189 -0.074267 -0.023927 0.509788 -0.091516 0.075286 0.636215 -0.139097 0.200986 0.660192 -0.011881 0.032014 0.449057 -0.037903 0.132293 0.559772 -0.091892 0.255064 0.576522 0.041302 0.026253 0.410763 0.020698 0.087630 0.512251 -0.030547 0.181396 0.554499 
0.000000 0.000000 0.000000 -0.064268 -0.026283 -0.028332 -0.142171 -0.236840 0.339094 -0.038471 -0.157400 0.331485 0.031441 -0.093178 0.298957 0.075756 -0.047396 0.265303 -0.245273 -0.027330 0.226780 -0.358535 -0.027985 0.386413 -0.359409 -0.007826 0.540295 -0.133934 -0.167699 0.554899 -0.128957 -0.125912 0.685326 -0.140045 -0.065232 0.784261 -0.070905 -0.010231 0.515234 -0.092964 0.089865 0.640209 -0.146162 0.213847 0.661134 -0.010558 0.046151 0.452376 -0.040674 0.146058 0.562387 -0.099814 0.266622 0.577712 0.042250 0.037996 0.414205 0.019187 0.096774 0.516697 -0.035075 0.188837 0.558924 
0.000000 0.000000 0.000000 -0.062409 -0.032439 -0.026014 -0.115818 -0.235276 0.350031 -0.019165 -0.147971 0.337453 0.044606 -0.079477 0.301231 0.084366 -0.031476 0.265071 -0.234999 -0.027362 0.234818 -0.342995 -0.024186 0.398029 -0.340802 -0.000205 0.551349 -0.109585 -0.159003 0.563488 -0.105817 -0.112906 0.692495 -0.120636 -0.053885 0.791944 -0.055337 0.003102 0.517294 -0.079938 0.105853 0.639611 -0.141188 0.226410 0.658423 0.000488 0.058536 0.455243 -0.031148 0.157499 0.565679 -0.097569 0.274293 0.580356 0.052467 0.051914 0.415453 0.030510 0.109314 0.518964 -0.027450 0.198659 0.562106 
0.000000 0.000000 0.000000 -0.059482 -0.039639 -0.022685 -0.080543 -0.231581 0.362178 0.006191 -0.135473 0.343142 0.061469 -0.062356 0.302290 0.094985 -0.012052 0.263066 -0.217716 -0.025918 0.246796 -0.316730 -0.017333 0.415419 -0.308123 0.011460 0.567681 -0.076425 -0.152104 0.574515 -0.073937 -0.104071 0.702845 -0.088907 -0.046284 0.802993 -0.023406 0.017388 0.522674 -0.043536 0.121356 0.644781 -0.109736 0.239207 0.663966 0.026766 0.076351 0.458078 0.001883 0.175812 0.569787 -0.069858 0.289177 0.586213 0.077114 0.069841 0.416561 0.064813 0.126209 0.522214 0.004743 0.212605 0.568371 
0.000000 0.000000 0.000000 -0.057224 -0.044798 -0.018507 -0.048987 -0.220589 0.374475 0.029586 -0.119396 0.347860 0.077663 -0.044348 0.301741 0.105807 0.006467 0.259103 -0.206700 -0.021420 0.255276 -0.300232 -0.006792 0.426591 -0.285624 0.026493 0.577473 -0.044061 -0.133387 0.583739 -0.041084 -0.080684 0.710213 -0.053281 -0.020313 0.809207 0.003619 0.033860 0.527618 -0.014043 0.138096 0.649878 -0.083185 0.254147 0.669646 0.039650 0.093640 0.457394 0.012392 0.192586 0.569007 -0.062708 0.303670 0.585995 0.084076 0.091038 0.410634 0.069118 0.149249 0.514936 0.007027 0.234137 0.561218 
0.000000 0.000000 0.000000 -0.055038 -0.048183 -0.016525 -0.032419 -0.212948 0.380647 0.040388 -0.108537 0.350322 0.083855 -0.032325 0.301612 0.108733 0.018751 0.257287 -0.196978 -0.021543 0.260945 -0.285795 -0.004873 0.434567 -0.266610 0.032022 0.584091 -0.024725 -0.114780 0.584912 -0.020075 -0.055450 0.708363 -0.031683 0.007975 0.805501 0.009808 0.050031 0.524666 -0.010991 0.157879 0.643244 -0.083948 0.272065 0.659920 0.042914 0.111021 0.451576 0.013557 0.213809 0.559110 -0.065276 0.322828 0.572080 0.084738 0.108000 0.405763 0.068221 0.169432 0.507961 0.003279 0.253628 0.551511 
0.000000 0.000000 0.000000 -0.053640 -0.049789 -0.016364 -0.024339 -0.214394 0.380438 0.045168 -0.107800 0.349966 0.086114 -0.030245 0.301191 0.109253 0.021620 0.256841 -0.194402 -0.019361 0.261317 -0.282481 -0.000322 0.435072 -0.261548 0.039458 0.583619 -0.015787 -0.108631 0.580840 -0.010619 -0.044711 0.701958 -0.022356 0.020931 0.797596 0.013883 0.058158 0.517160 -0.007394 0.171032 0.630876 -0.082543 0.284085 0.645397 0.048472 0.110883 0.454095 0.014761 0.216697 0.557331 -0.065525 0.324931 0.567701 0.089240 0.111537 0.405504 0.075465 0.173428 0.507832 0.009356 0.257915 0.548998 
0.000000 0.000000 0.000000 -0.057286 -0.045295 -0.017047 -0.037695 -0.220763 0.375677 0.039321 -0.118922 0.347057 0.085584 -0.043497 0.299716 0.112215 0.007530 0.256363 -0.196932 -0.028829 0.262371 -0.284314 -0.018525 0.437212 -0.262806 0.018205 0.586461 -0.025733 -0.121213 0.579065 -0.018504 -0.061047 0.701987 -0.029349 0.005545 0.797071 0.008778 0.043363 0.517953 -0.011995 0.153740 0.634185 -0.085946 0.267512 0.649231 0.066960 0.081962 0.468911 0.012376 0.200319 0.546390 -0.066452 0.309763 0.555114 0.085356 0.099412 0.402728 0.066869 0.162657 0.503473 0.000924 0.248602 0.541783 
0.000000 0.000000 0.000000 -0.060463 -0.039758 -0.019682 -0.060882 -0.232912 0.365152 0.024456 -0.136475 0.341927 0.077312 -0.063063 0.298483 0.108590 -0.012537 0.257725 -0.212021 -0.039010 0.253953 -0.306856 -0.038542 0.425176 -0.290160 -0.008442 0.576510 -0.049462 -0.143371 0.573171 -0.042561 -0.089255 0.698893 -0.054004 -0.022840 0.794030 -0.010021 0.021748 0.515856 -0.033470 0.129362 0.634152 -0.104663 0.244561 0.651473 0.047373 0.067274 0.462280 -0.004832 0.183604 0.544334 -0.081997 0.294225 0.553087 0.079515 0.081613 0.402213 0.059503 0.146419 0.501666 -0.006120 0.232871 0.539386 
0.000000 0.000000 0.000000 -0.061807 -0.035848 -0.022776 -0.084068 -0.241169 0.355050 0.006824 -0.148664 0.337624 0.064722 -0.076766 0.298269 0.099813 -0.026657 0.260188 -0.221440 -0.046562 0.246015 -0.321329 -0.053266 0.414207 -0.309203 -0.029386 0.567078 -0.072613 -0.162119 0.567276 -0.065690 -0.114343 0.695540 -0.077807 -0.049184 0.791460 -0.029068 0.006931 0.513625 -0.053480 0.112757 0.633331 -0.120573 0.230026 0.652975 0.028909 0.056357 0.458611 -0.021265 0.171955 0.542935 -0.095290 0.284610 0.552786 0.063662 0.064942 0.404718 0.038778 0.127991 0.504201 -0.026470 0.215043 0.541187 
0.000000 0.000000 0.000000 -0.062675 -0.032014 -0.025900 -0.108841 -0.245795 0.345006 -0.012834 -0.157654 0.333343 0.049994 -0.087814 0.298053 0.088913 -0.038589 0.262634 -0.231903 -0.043971 0.236902 -0.337795 -0.051453 0.401347 -0.331595 -0.031283 0.555105 -0.100631 -0.166342 0.557232 -0.095669 -0.118324 0.685496 -0.106484 -0.052969 0.781439 -0.049525 -0.005380 0.512064 -0.074480 0.098187 0.633619 -0.135605 0.218133 0.656335 0.022755 0.033142 0.469346 -0.032241 0.153967 0.542610 -0.101050 0.269563 0.555686 0.054649 0.054652 0.406573 0.031064 0.118830 0.505649 -0.031314 0.207860 0.542877 
0.000000 0.000000 0.000000 -0.064223 -0.026980 -0.027774 -0.133738 -0.243035 0.338140 -0.031430 -0.161856 0.330079 0.037002 -0.096143 0.297378 0.080119 -0.049266 0.263676 -0.241159 -0.034453 0.230071 -0.351874 -0.039129 0.391414 -0.350454 -0.020566 0.545492 -0.121708 -0.170577 0.552674 -0.114437 -0.126785 0.682333 -0.122559 -0.062445 0.779223 -0.059471 -0.010858 0.511429 -0.078542 0.091841 0.634773 -0.133317 0.214411 0.659589 0.003352 0.035746 0.459201 -0.039288 0.151091 0.547904 -0.102426 0.269751 0.562087 0.046220 0.042720 0.408506 0.022887 0.106035 0.508196 -0.035716 0.197408 0.545875 
0.000000 0.000000 0.000000 -0.064813 -0.023790 -0.029278 -0.151520 -0.239271 0.333289 -0.045467 -0.162807 0.327969 0.026543 -0.100049 0.297207 0.072430 -0.054937 0.264777 -0.245505 -0.028660 0.226012 -0.358571 -0.031707 0.385755 -0.360298 -0.013664 0.539892 -0.137751 -0.166957 0.547768 -0.129429 -0.123252 0.677393 -0.135182 -0.059106 0.774580 -0.072833 -0.012450 0.509954 -0.091446 0.089813 0.633729 -0.140866 0.214532 0.659069 -0.002701 0.035817 0.456577 -0.038111 0.151047 0.548550 -0.095597 0.272474 0.563343 0.040120 0.039424 0.408438 0.017880 0.104375 0.507322 -0.036742 0.198289 0.544735 
0.000000 0.000000 0.000000 -0.065698 -0.021470 -0.029099 -0.159229 -0.233341 0.333899 -0.050506 -0.160749 0.328247 0.023642 -0.100653 0.297248 0.071044 -0.057253 0.264662 -0.248876 -0.020470 0.224458 -0.363497 -0.019844 0.383117 -0.366892 -0.000355 0.537051 -0.145710 -0.160861 0.548338 -0.137540 -0.117057 0.677939 -0.142279 -0.052640 0.775002 -0.075304 -0.006872 0.507639 -0.092170 0.097785 0.629651 -0.138413 0.223819 0.654478 -0.003126 0.030601 0.460862 -0.041794 0.150737 0.544902 -0.096538 0.273398 0.559917 0.040037 0.039895 0.406744 0.018694 0.106763 0.504542 -0.033669 0.202087 0.541615 
0.000000 0.000000 0.000000 -0.066258 -0.020484 -0.028535 -0.161029 -0.228576 0.336323 -0.051094 -0.157935 0.329520 0.023882 -0.099327 0.297674 0.071815 -0.056954 0.264518 -0.250875 -0.019258 0.223975 -0.366397 -0.018491 0.381979 -0.370276 0.001704 0.535810 -0.148353 -0.151662 0.549263 -0.140691 -0.105177 0.677959 -0.146643 -0.040682 0.774903 -0.076634 -0.002736 0.507665 -0.094005 0.102820 0.628829 -0.139681 0.229159 0.653151 -0.011787 0.049763 0.443323 -0.037364 0.156669 0.547762 -0.091670 0.279544 0.562623 0.042634 0.044578 0.403896 0.022548 0.114464 0.499832 -0.029223 0.210118 0.536887 
0.000000 0.000000 0.000000 -0.065442 -0.024093 -0.027583 -0.148455 -0.227801 0.342575 -0.041865 -0.152461 0.333377 0.030190 -0.091288 0.299669 0.075955 -0.047575 0.265214 -0.246204 -0.017319 0.227614 -0.359314 -0.013080 0.387299 -0.360956 0.008213 0.541022 -0.139613 -0.151782 0.556030 -0.134270 -0.105838 0.685037 -0.142956 -0.042305 0.782409 -0.069465 0.003179 0.510828 -0.088237 0.109036 0.631520 -0.137059 0.234350 0.655015 -0.007134 0.056871 0.445852 -0.033898 0.163110 0.550674 -0.090545 0.284928 0.565494 0.044442 0.048551 0.407878 0.022750 0.114716 0.506077 -0.030200 0.209204 0.544436 
0.000000 0.000000 0.000000 -0.064457 -0.029177 -0.024857 -0.124285 -0.224437 0.354220 -0.023066 -0.142842 0.339413 0.043967 -0.078447 0.301594 0.085882 -0.033165 0.264378 -0.238616 -0.017018 0.234694 -0.347594 -0.009410 0.397105 -0.345101 0.015454 0.550280 -0.119071 -0.145786 0.566839 -0.115920 -0.098251 0.695340 -0.126447 -0.036231 0.793503 -0.047342 0.017341 0.513271 -0.063854 0.126288 0.631519 -0.117800 0.249788 0.653355 0.005691 0.069869 0.447371 -0.021754 0.176221 0.551903 -0.083460 0.295638 0.566052 0.057039 0.063626 0.407157 0.037187 0.130250 0.505434 -0.018136 0.223062 0.544529 
0.000000 0.000000 0.000000 -0.062517 -0.035478 -0.021375 -0.092917 -0.219434 0.366750 0.000424 -0.130299 0.345195 0.060431 -0.062099 0.302553 0.097076 -0.015013 0.262149 -0.223250 -0.008377 0.245602 -0.323827 0.008581 0.412658 -0.315743 0.038083 0.564813 -0.085804 -0.132305 0.575982 -0.081505 -0.079646 0.702436 -0.091493 -0.017729 0.800720 -0.025614 0.027150 0.521281 -0.043324 0.134237 0.641045 -0.100316 0.256355 0.662918 0.030180 0.086222 0.450200 0.008489 0.192577 0.556072 -0.056393 0.310195 0.571051 0.081360 0.083690 0.405665 0.070544 0.151630 0.504450 0.013816 0.242766 0.545428 
0.000000 0.000000 0.000000 -0.062890 -0.037542 -0.016103 -0.066633 -0.204916 0.380604 0.023371 -0.115075 0.349784 0.079319 -0.047690 0.300800 0.112530 -0.001735 0.256330 -0.207806 -0.003313 0.258986 -0.298486 0.018105 0.431119 -0.281950 0.051997 0.581667 -0.050402 -0.112471 0.587027 -0.040593 -0.056599 0.711784 -0.046722 0.007869 0.808735 0.004030 0.049631 0.519997 -0.009124 0.161654 0.635765 -0.067463 0.283394 0.656144 0.051992 0.104408 0.445137 0.032397 0.213472 0.548635 -0.034948 0.329769 0.563043 0.095419 0.095711 0.400544 0.083641 0.162786 0.499809 0.026474 0.253364 0.541409 
0.000000 0.000000 0.000000 -0.061160 -0.041733 -0.011903 -0.040959 -0.189659 0.391972 0.042547 -0.096525 0.353567 0.092717 -0.028569 0.299389 0.121601 0.016964 0.251588 -0.193278 0.001315 0.268343 -0.275949 0.028252 0.443703 -0.255007 0.068610 0.592093 -0.016662 -0.083209 0.590714 -0.001977 -0.018874 0.710828 -0.007128 0.052081 0.803197 0.024037 0.075867 0.516088 0.011448 0.193118 0.626625 -0.051703 0.312946 0.643728 0.068925 0.122819 0.445091 0.040010 0.239213 0.537866 -0.031857 0.353074 0.549652 0.111875 0.119564 0.392885 0.105181 0.190186 0.490143 0.046415 0.280069 0.531018 
0.000000 0.000000 0.000000 -0.057052 -0.047449 -0.010842 -0.022234 -0.184965 0.395707 0.052176 -0.085254 0.355171 0.095691 -0.014007 0.299488 0.120109 0.033068 0.250702 -0.188353 0.001188 0.268874 -0.270512 0.031621 0.443902 -0.250081 0.076474 0.591067 -0.000809 -0.065125 0.587017 0.012139 0.007303 0.702639 0.004683 0.082683 0.791270 0.028175 0.090652 0.513144 0.011851 0.210294 0.620587 -0.056224 0.327848 0.634227 0.074355 0.138788 0.444098 0.036427 0.260424 0.526300 -0.040242 0.371380 0.535154 0.107864 0.143975 0.385372 0.099434 0.220314 0.478068 0.037003 0.309140 0.515690 
0.000000 0.000000 0.000000 -0.058522 -0.045736 -0.010356 -0.025995 -0.182382 0.396675 0.051227 -0.085174 0.355329 0.096631 -0.015544 0.299111 0.122242 0.030539 0.249991 -0.188910 -0.002501 0.270671 -0.270497 0.024553 0.446519 -0.250214 0.070438 0.593387 -0.002564 -0.065574 0.589618 0.011598 0.005022 0.706228 0.003858 0.081740 0.793678 0.032535 0.091862 0.512755 0.019822 0.212272 0.619827 -0.049324 0.329282 0.632737 0.084696 0.128500 0.453456 0.031794 0.254504 0.519146 -0.045512 0.365133 0.526439 0.105624 0.140060 0.385325 0.094184 0.215445 0.478478 0.030944 0.304453 0.514276 
0.000000 0.000000 0.000000 -0.059499 -0.043472 -0.013926 -0.041976 -0.198964 0.387223 0.039084 -0.102354 0.352326 0.087969 -0.031676 0.300507 0.116212 0.015763 0.254200 -0.197361 -0.015730 0.265486 -0.283626 0.001629 0.440323 -0.266959 0.042506 0.589112 -0.020544 -0.089089 0.584424 -0.007590 -0.022683 0.703606 -0.016751 0.054301 0.790685 0.016924 0.073298 0.510849 0.001852 0.192766 0.618668 -0.067685 0.309504 0.631943 0.073631 0.115115 0.452034 0.023940 0.240621 0.521099 -0.053713 0.351085 0.527076 0.095616 0.123503 0.390413 0.081440 0.197662 0.484172 0.017024 0.286509 0.518232 
0.000000 0.000000 0.000000 -0.060867 -0.040295 -0.017187 -0.061393 -0.211302 0.377985 0.024651 -0.117067 0.349034 0.077945 -0.046690 0.301315 0.109483 0.001176 0.257650 -0.210678 -0.027023 0.257088 -0.304420 -0.018719 0.428712 -0.293369 0.016017 0.579570 -0.044335 -0.107057 0.578639 -0.034025 -0.044055 0.699909 -0.046107 0.031766 0.787650 -0.002606 0.053941 0.511786 -0.021144 0.170250 0.622479 -0.090269 0.286993 0.637714 0.051493 0.093361 0.457519 -0.008995 0.217717 0.519710 -0.086610 0.328211 0.525611 0.079874 0.110543 0.390873 0.059494 0.185823 0.482573 -0.006469 0.273787 0.515954 
0.000000 0.000000 0.000000 -0.061007 -0.038130 -0.021169 -0.082470 -0.222832 0.367199 0.006928 -0.129823 0.345305 0.063858 -0.059171 0.302435 0.098352 -0.010607 0.261888 -0.221190 -0.035993 0.247500 -0.321421 -0.034656 0.415617 -0.317046 -0.005731 0.568034 -0.073337 -0.124976 0.571554 -0.067817 -0.065835 0.695060 -0.081920 0.008723 0.783578 -0.029636 0.035904 0.511653 -0.054505 0.148622 0.624794 -0.120786 0.266733 0.641998 0.031585 0.085771 0.452981 -0.020547 0.208237 0.525611 -0.095483 0.320504 0.532603 0.066789 0.097237 0.395902 0.045063 0.171468 0.488147 -0.020743 0.259659 0.521236 
0.000000 0.000000 0.000000 -0.062749 -0.033625 -0.023574 -0.106222 -0.225060 0.359660 -0.010497 -0.137573 0.342200 0.051954 -0.069827 0.302442 0.090547 -0.022717 0.263925 -0.232387 -0.037333 0.239210 -0.338535 -0.039653 0.403644 -0.339313 -0.013895 0.556689 -0.096512 -0.135661 0.567827 -0.090643 -0.081631 0.693638 -0.104622 -0.008113 0.783042 -0.044657 0.023101 0.513931 -0.067890 0.132382 0.630732 -0.130215 0.252213 0.650618 0.025507 0.064897 0.463263 -0.030890 0.189441 0.528830 -0.102377 0.303798 0.537787 0.055776 0.082397 0.399307 0.031843 0.154748 0.492493 -0.032144 0.244270 0.525582 
0.000000 0.000000 0.000000 -0.063805 -0.030336 -0.025151 -0.121758 -0.226773 0.353609 -0.021976 -0.143346 0.339273 0.044043 -0.077731 0.301769 0.085293 -0.031682 0.264750 -0.240199 -0.033370 0.233155 -0.350575 -0.035269 0.394787 -0.354792 -0.011046 0.548026 -0.116077 -0.138853 0.562554 -0.112643 -0.085717 0.688835 -0.126263 -0.012687 0.778691 -0.060785 0.015355 0.511848 -0.087180 0.123295 0.629223 -0.146076 0.244662 0.650213 0.007526 0.062669 0.455613 -0.041951 0.183783 0.532256 -0.110006 0.300159 0.541917 0.047078 0.074681 0.398214 0.020773 0.147894 0.490080 -0.041443 0.238716 0.522996 
0.000000 0.000000 0.000000 -0.063823 -0.029144 -0.026480 -0.130846 -0.228321 0.349341 -0.029628 -0.146251 0.337447 0.037952 -0.081266 0.301665 0.080473 -0.035482 0.265775 -0.242227 -0.030966 0.230454 -0.353860 -0.032106 0.391227 -0.360308 -0.008427 0.544474 -0.126703 -0.139740 0.558043 -0.124200 -0.086204 0.684176 -0.137712 -0.013411 0.774241 -0.062608 0.014803 0.509052 -0.085040 0.124343 0.625767 -0.141531 0.246741 0.647371 -0.008410 0.072931 0.438733 -0.041654 0.183499 0.537019 -0.107765 0.300921 0.547486 0.045050 0.070940 0.399961 0.020666 0.144192 0.492324 -0.040098 0.235945 0.525371 
0.000000 0.000000 0.000000 -0.063980 -0.028823 -0.026452 -0.132960 -0.225862 0.350141 -0.031162 -0.144541 0.338044 0.036918 -0.080181 0.302083 0.079809 -0.034850 0.266058 -0.244496 -0.030222 0.229004 -0.357452 -0.031098 0.388853 -0.364536 -0.006867 0.541985 -0.130241 -0.138002 0.559171 -0.128597 -0.084903 0.685502 -0.141571 -0.012192 0.775713 -0.069242 0.015910 0.509158 -0.095141 0.125039 0.625540 -0.150097 0.248087 0.647412 -0.006197 0.071196 0.443291 -0.043297 0.185672 0.535539 -0.107634 0.303997 0.546848 0.044452 0.071095 0.400638 0.020115 0.144020 0.493272 -0.039070 0.236587 0.526910 
0.000000 0.000000 0.000000 -0.065415 -0.027287 -0.024498 -0.131642 -0.215765 0.356940 -0.027734 -0.137820 0.341136 0.041418 -0.076192 0.302532 0.084822 -0.032809 0.264764 -0.243073 -0.025676 0.232954 -0.354240 -0.024668 0.394050 -0.360431 0.002107 0.546797 -0.127861 -0.127720 0.565875 -0.125575 -0.074507 0.692150 -0.138225 -0.001924 0.782509 -0.063667 0.022248 0.513071 -0.088107 0.131116 0.630011 -0.142732 0.254188 0.652563 -0.002132 0.078578 0.439875 -0.033361 0.189559 0.538358 -0.097475 0.307875 0.550956 0.050457 0.074143 0.398803 0.026802 0.147760 0.491066 -0.031335 0.240577 0.525826 
0.000000 0.000000 0.000000 -0.064131 -0.031178 -0.023218 -0.117810 -0.212891 0.363439 -0.018113 -0.130228 0.344746 0.047528 -0.066198 0.303982 0.088386 -0.021662 0.264745 -0.235379 -0.019733 0.238295 -0.342536 -0.012572 0.401934 -0.345529 0.017367 0.554188 -0.109551 -0.122394 0.571194 -0.104560 -0.067700 0.696756 -0.117610 0.004597 0.787288 -0.053213 0.035099 0.511807 -0.077086 0.147545 0.625432 -0.134002 0.269756 0.646980 0.012816 0.085206 0.447459 -0.020548 0.200741 0.539814 -0.086601 0.317900 0.553184 0.059678 0.084233 0.400936 0.039918 0.157124 0.494680 -0.018350 0.249454 0.530501 
0.000000 0.000000 0.000000 -0.063532 -0.034648 -0.019674 -0.094893 -0.204808 0.374619 0.000356 -0.118720 0.349346 0.061596 -0.053446 0.303967 0.098998 -0.008629 0.261718 -0.224710 -0.018757 0.247937 -0.325564 -0.008813 0.415390 -0.323396 0.023717 0.567126 -0.090412 -0.114242 0.582460 -0.087704 -0.059505 0.708073 -0.101134 0.012321 0.798923 -0.031083 0.043645 0.520002 -0.052467 0.154077 0.636072 -0.112440 0.274577 0.658924 0.028286 0.094268 0.451563 -0.007731 0.209564 0.543217 -0.076435 0.324987 0.558224 0.070146 0.093626 0.400634 0.050287 0.164010 0.496253 -0.008756 0.255013 0.534142 
0.000000 0.000000 0.000000 -0.061629 -0.039107 -0.017215 -0.073701 -0.199286 0.382287 0.015362 -0.108196 0.352413 0.071373 -0.040582 0.303818 0.104956 0.005226 0.259476 -0.212103 -0.018533 0.256246 -0.306259 -0.005659 0.427360 -0.300240 0.028983 0.578524 -0.061441 -0.106706 0.588924 -0.054031 -0.050753 0.713809 -0.067482 0.020176 0.805359 -0.009812 0.056566 0.521806 -0.026934 0.168627 0.637018 -0.089522 0.287490 0.661386 0.034499 0.111112 0.446446 0.008058 0.219886 0.548719 -0.063668 0.333282 0.564993 0.083174 0.103610 0.402418 0.068181 0.171329 0.500808 0.007703 0.260307 0.541162 
0.000000 0.000000 0.000000 -0.058659 -0.044092 -0.015458 -0.053405 -0.195369 0.387646 0.028029 -0.098462 0.354481 0.078075 -0.027918 0.303597 0.107487 0.019277 0.257771 -0.202649 -0.013654 0.260561 -0.292749 0.005392 0.433276 -0.286086 0.043703 0.583525 -0.044141 -0.099421 0.592897 -0.038542 -0.041432 0.716945 -0.054708 0.028611 0.808737 0.000201 0.063925 0.525742 -0.018726 0.174371 0.642224 -0.086149 0.290498 0.666882 0.039113 0.122553 0.446964 0.011175 0.230450 0.549768 -0.065784 0.340354 0.566091 0.087323 0.125512 0.395226 0.073443 0.198636 0.489838 0.009984 0.285050 0.531175 
0.000000 0.000000 0.000000 -0.057511 -0.046060 -0.013960 -0.044812 -0.187909 0.392393 0.033590 -0.089538 0.356359 0.081223 -0.018795 0.303473 0.108929 0.028149 0.256346 -0.201966 -0.014805 0.261725 -0.292357 0.004752 0.434231 -0.289805 0.044970 0.584107 -0.040426 -0.091749 0.597707 -0.037775 -0.033632 0.721794 -0.058185 0.037852 0.811608 0.003770 0.074928 0.525286 -0.016511 0.186787 0.640180 -0.087707 0.300717 0.664481 0.039019 0.134584 0.442783 0.008756 0.244567 0.542677 -0.072129 0.351918 0.556864 0.089384 0.135311 0.393169 0.075931 0.209073 0.487347 0.010132 0.293986 0.528131 
0.000000 0.000000 0.000000 -0.057219 -0.046316 -0.014306 -0.049078 -0.185079 0.393227 0.029502 -0.086773 0.357404 0.077590 -0.016303 0.304566 0.105745 0.030360 0.257425 -0.204565 -0.016707 0.260027 -0.296764 0.001820 0.431687 -0.302385 0.041313 0.581673 -0.046802 -0.083374 0.595886 -0.045426 -0.021906 0.718368 -0.067964 0.050697 0.806766 -0.009828 0.075993 0.526030 -0.036577 0.186696 0.640720 -0.109637 0.299304 0.665638 0.048557 0.130560 0.453904 0.002829 0.247993 0.538221 -0.078939 0.354707 0.552154 0.083414 0.138812 0.392797 0.068044 0.213461 0.485978 0.001475 0.298077 0.526128 
0.000000 0.000000 0.000000 -0.055402 -0.047832 -0.016326 -0.057612 -0.187075 0.391119 0.019448 -0.086597 0.358134 0.067397 -0.014744 0.307061 0.095884 0.032756 0.260968 -0.211879 -0.021276 0.253221 -0.309793 -0.004659 0.421887 -0.326044 0.032532 0.571685 -0.066871 -0.081965 0.591833 -0.072466 -0.018438 0.713139 -0.097706 0.053876 0.801041 -0.024777 0.070354 0.531007 -0.054855 0.177103 0.648584 -0.127995 0.289103 0.675895 0.016930 0.137979 0.444329 -0.019258 0.247491 0.542759 -0.102020 0.353365 0.557220 0.062777 0.145070 0.390875 0.039989 0.222378 0.480293 -0.027859 0.306694 0.518901 
0.000000 0.000000 0.000000 -0.059060 -0.043042 -0.016830 -0.082449 -0.174099 0.392660 0.003918 -0.081437 0.359847 0.059148 -0.015043 0.308742 0.092729 0.028909 0.262558 -0.221303 -0.029435 0.250263 -0.322824 -0.020921 0.417392 -0.356073 0.011655 0.565446 -0.091687 -0.082948 0.600088 -0.097269 -0.027859 0.725451 -0.126078 0.042445 0.813886 -0.042737 0.073375 0.534005 -0.074469 0.178668 0.652457 -0.146721 0.290569 0.682409 -0.000264 0.135281 0.445076 -0.042866 0.243071 0.542836 -0.125189 0.348433 0.562583 0.052600 0.141680 0.390068 0.024979 0.219302 0.477835 -0.042989 0.303578 0.516319 
0.000000 0.000000 0.000000 -0.057159 -0.044787 -0.018730 -0.098002 -0.167359 0.392016 -0.012217 -0.073419 0.361383 0.043984 -0.006870 0.311552 0.078828 0.036842 0.266082 -0.233444 -0.028036 0.239125 -0.343751 -0.017555 0.400475 -0.401863 0.006693 0.542326 -0.118878 -0.079996 0.600228 -0.131495 -0.027196 0.726065 -0.164577 0.039073 0.816105 -0.069998 0.073771 0.538783 -0.109297 0.173881 0.659440 -0.180321 0.284420 0.696536 -0.021838 0.140292 0.448389 -0.069037 0.245817 0.546510 -0.150231 0.350474 0.573385 0.037326 0.146412 0.395922 0.008759 0.221831 0.485293 -0.057369 0.305080 0.528880 
0.000000 0.000000 0.000000 -0.055404 -0.045438 -0.022129 -0.120434 -0.167596 0.385613 -0.033911 -0.072801 0.360121 0.024573 -0.005754 0.313703 0.061715 0.038237 0.270371 -0.243521 -0.033030 0.227480 -0.361233 -0.025266 0.383668 -0.442500 -0.015955 0.515561 -0.155275 -0.089001 0.595444 -0.176332 -0.041501 0.722260 -0.215802 0.018979 0.813789 -0.095660 0.065519 0.543231 -0.137658 0.159596 0.667771 -0.209032 0.267020 0.712547 -0.047636 0.133290 0.455711 -0.099413 0.232994 0.557539 -0.181507 0.334736 0.591849 0.017213 0.141107 0.404623 -0.013418 0.211914 0.497031 -0.078447 0.291945 0.547720 
0.000000 0.000000 0.000000 -0.054918 -0.043745 -0.026350 -0.145689 -0.173895 0.373933 -0.056002 -0.080369 0.355727 0.006359 -0.013508 0.314362 0.046788 0.030684 0.274300 -0.253416 -0.041961 0.215397 -0.377622 -0.040845 0.366667 -0.481263 -0.052200 0.481630 -0.191117 -0.118683 0.589126 -0.218573 -0.085315 0.719183 -0.263501 -0.033960 0.813720 -0.134355 0.032835 0.549428 -0.187647 0.109830 0.681172 -0.261917 0.208909 0.738674 -0.071416 0.103727 0.472225 -0.127184 0.187792 0.585423 -0.209791 0.280780 0.638314 -0.005903 0.121489 0.414173 -0.042170 0.183992 0.510450 -0.106060 0.258013 0.570800 
0.000000 0.000000 0.000000 -0.052847 -0.042167 -0.032450 -0.157554 -0.208773 0.350543 -0.069147 -0.112492 0.344531 -0.006513 -0.041180 0.311942 0.034629 0.007067 0.277709 -0.261032 -0.071193 0.199203 -0.391301 -0.089356 0.344156 -0.507406 -0.126304 0.440287 -0.216633 -0.184667 0.568141 -0.252339 -0.170098 0.699651 -0.304775 -0.132379 0.796712 -0.158364 -0.040457 0.552679 -0.219045 0.008537 0.694249 -0.297634 0.089346 0.771275 -0.092751 0.035290 0.489225 -0.154589 0.090124 0.616347 -0.238854 0.162528 0.693322 -0.018879 0.070580 0.431622 -0.055711 0.114297 0.537563 -0.117675 0.173254 0.614294 
0.000000 0.000000 0.000000 -0.046517 -0.042446 -0.040723 -0.138756 -0.278449 0.307414 -0.062711 -0.172705 0.319965 -0.008567 -0.090286 0.301366 0.027121 -0.032750 0.276700 -0.249399 -0.119050 0.184703 -0.376350 -0.166984 0.325760 -0.485926 -0.231998 0.414377 -0.212396 -0.280238 0.521876 -0.256902 -0.281319 0.651491 -0.317775 -0.259067 0.748406 -0.156747 -0.142763 0.536149 -0.220704 -0.122399 0.683184 -0.304652 -0.068143 0.776180 -0.100368 -0.054438 0.488452 -0.166194 -0.028732 0.622604 -0.254551 0.014412 0.715339 -0.025172 -0.000665 0.440475 -0.061166 0.021420 0.553205 -0.125337 0.058195 0.641141 
0.000000 0.000000 0.000000 -0.042159 -0.038597 -0.048546 -0.099203 -0.348614 0.244781 -0.035615 -0.239346 0.278536 0.008258 -0.149107 0.277029 0.036544 -0.084022 0.264530 -0.225914 -0.182065 0.160015 -0.340896 -0.271838 0.290518 -0.434176 -0.363520 0.374064 -0.187490 -0.390300 0.449446 -0.240849 -0.415494 0.573140 -0.309520 -0.412325 0.667306 -0.137270 -0.264766 0.491830 -0.206410 -0.282056 0.636900 -0.295032 -0.260855 0.738566 -0.085848 -0.166097 0.465627 -0.153328 -0.178280 0.600863 -0.243149 -0.171112 0.701605 -0.021418 -0.097712 0.428966 -0.061314 -0.107135 0.542150 -0.129425 -0.098410 0.634281 
0.000000 0.000000 0.000000 -0.040602 -0.032075 -0.054282 -0.052173 -0.399883 0.169299 0.002083 -0.293742 0.223268 0.036811 -0.200979 0.239372 0.057942 -0.132090 0.239929 -0.198634 -0.239454 0.118535 -0.297521 -0.369219 0.226672 -0.368548 -0.488725 0.295668 -0.132866 -0.490374 0.360924 -0.181635 -0.545064 0.476736 -0.246657 -0.569273 0.570434 -0.085949 -0.383212 0.425059 -0.145824 -0.444065 0.562305 -0.226688 -0.463335 0.670606 -0.038727 -0.278594 0.420985 -0.092892 -0.334249 0.551214 -0.170792 -0.370453 0.655564 0.014162 -0.188697 0.399508 -0.015973 -0.227661 0.509348 -0.079620 -0.248106 0.602805 
0.000000 0.000000 0.000000 -0.041508 -0.025105 -0.057190 -0.013994 -0.426320 0.096673 0.035966 -0.327412 0.166268 0.065105 -0.236494 0.197175 0.081413 -0.167334 0.209146 -0.173807 -0.281902 0.062802 -0.256590 -0.442590 0.137886 -0.308469 -0.578618 0.191661 -0.080409 -0.567258 0.261432 -0.120548 -0.652438 0.361008 -0.176854 -0.706794 0.447427 -0.034450 -0.468562 0.344011 -0.082343 -0.564564 0.464902 -0.149724 -0.622128 0.568755 0.015840 -0.365785 0.357083 -0.019486 -0.458494 0.471747 -0.078970 -0.532458 0.567971 0.055557 -0.267880 0.349888 0.037760 -0.337087 0.446764 -0.016177 -0.385832 0.535747 
0.000000 0.000000 0.000000 -0.041301 -0.020282 -0.059218 0.010874 -0.434991 0.044218 0.056926 -0.342590 0.124614 0.081804 -0.254593 0.165942 0.094637 -0.186587 0.186012 -0.153795 -0.302954 0.013499 -0.224187 -0.479831 0.059001 -0.263298 -0.626264 0.092387 -0.037634 -0.609506 0.180642 -0.066951 -0.714978 0.263093 -0.110628 -0.794505 0.336311 0.012647 -0.523444 0.272282 -0.017468 -0.646449 0.372717 -0.065663 -0.735614 0.464184 0.054426 -0.415211 0.300723 0.034794 -0.530384 0.397370 -0.007806 -0.629928 0.478266 0.086708 -0.311658 0.307998 0.081249 -0.397747 0.391963 0.037139 -0.465147 0.473906 