121
0.000000 0.000000 0.000000 -0.055415 -0.042587 -0.027191 -0.090361 -0.242613 0.352511 -0.008392 -0.141299 0.340737 0.045035 -0.064348 0.304758 0.078027 -0.011458 0.268611 -0.161336 -0.030683 0.266893 -0.227614 -0.023234 0.450912 -0.226326 -0.014275 0.605847 -0.155509 -0.176678 0.559461 -0.194884 -0.136828 0.684536 -0.251854 -0.058847 0.749853 -0.073594 -0.063890 0.555751 -0.117942 -0.011241 0.701990 -0.195352 0.092307 0.745861 -0.011213 0.018241 0.491115 -0.051546 0.077463 0.624745 -0.137363 0.172712 0.667535 0.033254 0.063917 0.419939 0.002437 0.115800 0.524101 -0.071717 0.189122 0.572352 
0.000000 0.000000 0.000000 -0.054348 -0.045686 -0.024145 -0.083984 -0.220636 0.368180 -0.004594 -0.118320 0.349452 0.046858 -0.042641 0.308273 0.078485 0.008517 0.268586 -0.170408 -0.027977 0.265791 -0.243030 -0.016897 0.447214 -0.273413 -0.009040 0.599207 -0.149369 -0.157687 0.575984 -0.188886 -0.119642 0.701575 -0.250207 -0.046342 0.768357 -0.067649 -0.046035 0.566876 -0.110535 0.003129 0.714755 -0.193872 0.100854 0.761061 -0.013469 0.038456 0.494008 -0.056726 0.096608 0.627192 -0.146805 0.185385 0.674864 0.032771 0.081446 0.420829 0.001304 0.131644 0.525621 -0.074448 0.201803 0.576043 
0.000000 0.000000 0.000000 -0.052282 -0.048802 -0.022556 -0.072620 -0.213361 0.374825 0.001952 -0.108125 0.352764 0.049758 -0.031418 0.309165 0.078886 0.019944 0.267863 -0.180277 -0.041149 0.262760 -0.260367 -0.036360 0.441292 -0.312551 -0.037530 0.587450 -0.139165 -0.151324 0.582535 -0.179383 -0.113830 0.708069 -0.244556 -0.044851 0.775800 -0.061422 -0.037919 0.570776 -0.104525 0.009832 0.719055 -0.192433 0.102353 0.767546 -0.008532 0.043116 0.498271 -0.050329 0.096561 0.633871 -0.143139 0.178653 0.687864 0.030077 0.087347 0.421683 -0.003519 0.133742 0.527561 -0.081185 0.198771 0.581805 
0.000000 0.000000 0.000000 -0.048859 -0.052351 -0.022272 -0.066183 -0.209136 0.378381 0.002310 -0.100095 0.355124 0.046176 -0.021608 0.310559 0.072882 0.030506 0.268568 -0.189277 -0.047581 0.257203 -0.277142 -0.044596 0.432080 -0.351158 -0.057942 0.567839 -0.123901 -0.154317 0.590710 -0.158784 -0.121186 0.719036 -0.222442 -0.058468 0.793918 -0.054063 -0.032031 0.575723 -0.092404 0.014261 0.725761 -0.179722 0.103028 0.781756 -0.001282 0.045539 0.505374 -0.035312 0.093688 0.645068 -0.124854 0.170589 0.710921 0.036738 0.092179 0.428181 0.011860 0.134630 0.538046 -0.061302 0.197157 0.600822 
0.000000 0.000000 0.000000 -0.049786 -0.051908 -0.021232 -0.073234 -0.197420 0.383344 -0.002309 -0.090492 0.357691 0.043508 -0.014165 0.311372 0.071596 0.036231 0.268202 -0.209288 -0.054318 0.247840 -0.309094 -0.055827 0.416208 -0.401554 -0.076988 0.539050 -0.123204 -0.153141 0.600052 -0.153404 -0.126380 0.731024 -0.213391 -0.070726 0.814075 -0.047931 -0.030881 0.583168 -0.078960 0.009663 0.736523 -0.162727 0.095157 0.802198 0.004536 0.041633 0.511576 -0.023408 0.081643 0.655134 -0.107794 0.153329 0.732648 0.044801 0.090107 0.432415 0.026358 0.127191 0.545445 -0.040291 0.187041 0.617411 
0.000000 0.000000 0.000000 -0.048799 -0.052870 -0.021148 -0.086653 -0.183782 0.387306 -0.015183 -0.077523 0.360412 0.032057 -0.002709 0.313067 0.061551 0.046225 0.269158 -0.225659 -0.065757 0.236535 -0.336327 -0.073820 0.397777 -0.441803 -0.104092 0.507528 -0.134497 -0.140330 0.604660 -0.163412 -0.114069 0.736024 -0.222303 -0.065581 0.824194 -0.060880 -0.021819 0.586870 -0.091961 0.016068 0.740893 -0.175914 0.097378 0.811461 -0.003029 0.047385 0.515486 -0.028188 0.083305 0.660633 -0.111356 0.149329 0.744250 0.033791 0.103325 0.432115 0.014683 0.142629 0.544282 -0.049600 0.200114 0.620218 
0.000000 0.000000 0.000000 -0.047986 -0.053576 -0.021232 -0.105392 -0.167571 0.390003 -0.032293 -0.062672 0.362169 0.017421 0.010030 0.314073 0.049138 0.057056 0.269632 -0.245559 -0.075694 0.220267 -0.369187 -0.089534 0.371382 -0.486397 -0.129228 0.465047 -0.149774 -0.135762 0.610091 -0.176597 -0.116538 0.743106 -0.233018 -0.077724 0.837463 -0.074621 -0.015707 0.591248 -0.103410 0.016236 0.747054 -0.186329 0.090338 0.826253 -0.026669 0.059378 0.514908 -0.058285 0.094763 0.658919 -0.139401 0.152098 0.750575 0.017193 0.109488 0.433389 -0.004795 0.145578 0.546107 -0.064917 0.198064 0.628774 
0.000000 0.000000 0.000000 -0.048324 -0.053002 -0.021898 -0.139144 -0.142577 0.389360 -0.060366 -0.041857 0.361582 -0.004659 0.026422 0.313570 0.031886 0.069879 0.269205 -0.269069 -0.070415 0.199043 -0.407197 -0.081310 0.337293 -0.538642 -0.125210 0.407163 -0.177171 -0.118784 0.611639 -0.200154 -0.104403 0.745978 -0.251749 -0.074470 0.846153 -0.100897 0.003959 0.591217 -0.128463 0.035121 0.747402 -0.207170 0.102572 0.836255 -0.043871 0.073219 0.516021 -0.071987 0.106776 0.661190 -0.146751 0.156883 0.762026 0.005979 0.121671 0.434228 -0.011853 0.157321 0.547817 -0.063927 0.207147 0.637309 
0.000000 0.000000 0.000000 -0.048280 -0.053154 -0.021624 -0.163885 -0.117316 0.388161 -0.081316 -0.019982 0.359341 -0.021424 0.044295 0.310846 0.018550 0.084397 0.266278 -0.286629 -0.060434 0.180818 -0.435772 -0.064989 0.307494 -0.574457 -0.110260 0.360447 -0.202976 -0.094371 0.610345 -0.226601 -0.080504 0.744626 -0.270922 -0.056879 0.849843 -0.128930 0.025573 0.587665 -0.161314 0.056557 0.742958 -0.232448 0.119621 0.840949 -0.061639 0.084910 0.514431 -0.090475 0.114035 0.660414 -0.155821 0.159544 0.769624 -0.004940 0.141196 0.430011 -0.021108 0.180291 0.542712 -0.064800 0.232931 0.635033 
0.000000 0.000000 0.000000 -0.051674 -0.049779 -0.021812 -0.192201 -0.084229 0.383737 -0.100073 0.004175 0.355113 -0.032468 0.060694 0.307097 0.012997 0.095052 0.262997 -0.301733 -0.055595 0.166026 -0.458203 -0.059234 0.283563 -0.600310 -0.106084 0.324765 -0.222770 -0.069070 0.607916 -0.241246 -0.059909 0.743403 -0.283503 -0.038017 0.849837 -0.151036 0.050396 0.582579 -0.185698 0.081833 0.737288 -0.252858 0.142441 0.839540 -0.076763 0.113762 0.506935 -0.108524 0.151816 0.650232 -0.167559 0.196238 0.763412 -0.017661 0.165717 0.420009 -0.038763 0.214357 0.528084 -0.077540 0.272625 0.619211 
0.000000 0.000000 0.000000 -0.046557 -0.055571 -0.019188 -0.201005 -0.067253 0.382576 -0.115100 0.025782 0.349606 -0.050245 0.083478 0.299254 -0.005835 0.117658 0.253956 -0.305467 -0.048166 0.156189 -0.467476 -0.043532 0.265928 -0.610678 -0.091241 0.302039 -0.240663 -0.042898 0.604509 -0.264631 -0.028178 0.738639 -0.308445 -0.005696 0.844318 -0.167780 0.088123 0.572794 -0.203610 0.130524 0.724593 -0.270280 0.192957 0.826065 -0.096887 0.147049 0.495461 -0.130332 0.192633 0.636153 -0.187422 0.239438 0.749370 -0.026793 0.199852 0.406898 -0.041219 0.256428 0.512170 -0.077035 0.320841 0.600325 
0.000000 0.000000 0.000000 -0.042899 -0.059429 -0.015866 -0.196937 -0.057782 0.386222 -0.117067 0.038475 0.347782 -0.055931 0.097186 0.294063 -0.013712 0.131458 0.246783 -0.304537 -0.047273 0.155143 -0.468253 -0.039667 0.262149 -0.612573 -0.081615 0.300865 -0.253785 -0.042286 0.605193 -0.288143 -0.032920 0.737533 -0.344465 -0.013234 0.837700 -0.184461 0.110524 0.563980 -0.230299 0.159527 0.711024 -0.299699 0.223872 0.809425 -0.117120 0.182002 0.477845 -0.160996 0.242821 0.609628 -0.217977 0.295481 0.720299 -0.043178 0.222931 0.392902 -0.063461 0.285895 0.493478 -0.100397 0.356145 0.576567 
0.000000 0.000000 0.000000 -0.044473 -0.058093 -0.016470 -0.193244 -0.061008 0.387589 -0.111654 0.034139 0.350007 -0.049863 0.092497 0.296655 -0.007468 0.126734 0.249507 -0.302396 -0.043390 0.159898 -0.463788 -0.034189 0.270257 -0.608848 -0.062866 0.317397 -0.257426 -0.052859 0.604924 -0.296216 -0.047933 0.736275 -0.355941 -0.034352 0.835479 -0.186921 0.113760 0.560886 -0.238112 0.167914 0.704313 -0.310581 0.234705 0.798793 -0.117428 0.183816 0.475007 -0.165876 0.249298 0.602897 -0.224356 0.305549 0.710989 -0.034391 0.213507 0.398946 -0.052923 0.273234 0.501808 -0.088781 0.340078 0.588116 
0.000000 0.000000 0.000000 -0.044998 -0.057470 -0.017215 -0.192327 -0.065559 0.387302 -0.110112 0.029515 0.350915 -0.048047 0.088211 0.298256 -0.005549 0.122847 0.251494 -0.301436 -0.043139 0.161336 -0.461898 -0.034171 0.273061 -0.607417 -0.051665 0.324101 -0.263517 -0.066296 0.602596 -0.306543 -0.066741 0.732714 -0.368742 -0.052882 0.830347 -0.193942 0.107916 0.559002 -0.250959 0.161240 0.700530 -0.325465 0.227993 0.793440 -0.109216 0.173418 0.481864 -0.153078 0.234516 0.613522 -0.211531 0.292776 0.720560 -0.044587 0.204185 0.401315 -0.071458 0.260172 0.504439 -0.109896 0.322858 0.592735 
0.000000 0.000000 0.000000 -0.042852 -0.059386 -0.016152 -0.195246 -0.061153 0.386561 -0.115715 0.035552 0.348545 -0.054909 0.094794 0.295034 -0.012948 0.129512 0.247851 -0.306279 -0.020354 0.147949 -0.471115 0.004069 0.250633 -0.616268 0.007453 0.305459 -0.273698 -0.031772 0.597280 -0.321112 -0.014015 0.724632 -0.381426 0.008082 0.821931 -0.199847 0.139268 0.545113 -0.257068 0.209810 0.678807 -0.333235 0.288257 0.760563 -0.127199 0.206306 0.459512 -0.179035 0.286267 0.577453 -0.246566 0.358570 0.669540 -0.076470 0.215041 0.386545 -0.120193 0.273912 0.482011 -0.172059 0.338735 0.561453 
0.000000 0.000000 0.000000 -0.043433 -0.059187 -0.015309 -0.200933 -0.049445 0.385320 -0.119642 0.045287 0.346081 -0.057377 0.102450 0.291990 -0.014361 0.135492 0.244554 -0.301843 0.007862 0.147710 -0.463538 0.049818 0.249716 -0.600592 0.082867 0.314607 -0.275082 -0.013348 0.596552 -0.319897 0.008468 0.724215 -0.380672 0.039289 0.818817 -0.211117 0.170378 0.526245 -0.273333 0.255458 0.648781 -0.358007 0.347137 0.704140 -0.153366 0.230167 0.430512 -0.222196 0.321747 0.529840 -0.307488 0.406022 0.592221 -0.088387 0.234143 0.368548 -0.139340 0.302047 0.453895 -0.201347 0.371588 0.521143 
0.000000 0.000000 0.000000 -0.043571 -0.059212 -0.014812 -0.203651 -0.043537 0.384605 -0.121722 0.050345 0.344654 -0.058873 0.106538 0.290224 -0.015414 0.138779 0.242640 -0.292864 0.041130 0.145284 -0.448856 0.103918 0.245462 -0.568750 0.168775 0.319663 -0.281132 0.002884 0.592600 -0.327960 0.030940 0.718306 -0.393774 0.072725 0.804999 -0.222018 0.190681 0.508119 -0.290233 0.286130 0.619299 -0.379224 0.385670 0.647788 -0.161145 0.244586 0.413500 -0.234481 0.343574 0.501896 -0.326992 0.435304 0.537889 -0.096354 0.241618 0.358653 -0.152066 0.312405 0.438507 -0.220659 0.387450 0.492044 
0.000000 0.000000 0.000000 -0.044684 -0.058638 -0.013741 -0.206383 -0.030942 0.384368 -0.122380 0.060372 0.342805 -0.058143 0.114079 0.287492 -0.013807 0.144382 0.239446 -0.281270 0.074557 0.141604 -0.429310 0.157901 0.238810 -0.529266 0.246235 0.318137 -0.287519 0.036626 0.585046 -0.336555 0.077463 0.706331 -0.403736 0.130257 0.785657 -0.212938 0.213920 0.499958 -0.274530 0.318353 0.606844 -0.359378 0.423743 0.625094 -0.150552 0.266264 0.401570 -0.216815 0.375390 0.483372 -0.306490 0.473264 0.508811 -0.089070 0.261612 0.345176 -0.140875 0.342304 0.417952 -0.208771 0.424159 0.461461 
0.000000 0.000000 0.000000 -0.048718 -0.055161 -0.014415 -0.209414 -0.019585 0.383474 -0.118946 0.065854 0.343005 -0.050835 0.115324 0.288379 -0.004276 0.142812 0.240744 -0.265980 0.104237 0.144442 -0.401929 0.203977 0.243845 -0.471524 0.309974 0.333333 -0.293891 0.059965 0.578296 -0.344947 0.108043 0.696041 -0.409483 0.169988 0.770815 -0.205415 0.230823 0.490594 -0.264226 0.343026 0.590975 -0.343885 0.453770 0.596416 -0.137151 0.273280 0.399344 -0.199045 0.386544 0.478913 -0.285260 0.490523 0.483740 -0.070816 0.269222 0.341636 -0.116617 0.356232 0.411082 -0.183150 0.445487 0.439544 
0.000000 0.000000 0.000000 -0.054265 -0.049088 -0.016420 -0.200294 -0.025589 0.387966 -0.102942 0.053309 0.350283 -0.031738 0.099617 0.296842 0.016045 0.125694 0.249629 -0.244080 0.124085 0.161983 -0.362854 0.232445 0.273616 -0.394537 0.342562 0.378293 -0.269952 0.065278 0.583699 -0.312051 0.120195 0.701994 -0.369707 0.193933 0.771505 -0.170981 0.226209 0.498442 -0.217256 0.343805 0.599210 -0.290708 0.458645 0.591738 -0.097903 0.267316 0.407354 -0.145347 0.387567 0.486598 -0.225514 0.495736 0.474725 -0.043269 0.261208 0.342923 -0.084096 0.354486 0.407140 -0.149232 0.448540 0.417836 
0.000000 0.000000 0.000000 -0.058235 -0.044326 -0.016364 -0.181743 -0.037270 0.396069 -0.081279 0.037405 0.357955 -0.009878 0.082323 0.303598 0.037125 0.108212 0.255506 -0.227969 0.128418 0.181616 -0.334178 0.236510 0.305499 -0.335662 0.341403 0.419876 -0.246059 0.064976 0.587979 -0.284930 0.126770 0.703964 -0.335225 0.209424 0.769017 -0.130363 0.213468 0.509833 -0.163747 0.333216 0.613132 -0.231399 0.451359 0.602900 -0.059233 0.250657 0.421672 -0.094623 0.371363 0.506339 -0.168781 0.483505 0.492455 -0.008544 0.240179 0.360793 -0.039978 0.331014 0.433264 -0.101075 0.428253 0.437136 
0.000000 0.000000 0.000000 -0.058776 -0.044044 -0.015147 -0.172296 -0.038353 0.400167 -0.072502 0.036127 0.359966 -0.002264 0.081025 0.304099 0.043664 0.106955 0.255000 -0.218915 0.134868 0.185333 -0.319119 0.246819 0.310781 -0.305357 0.349292 0.426526 -0.217452 0.063124 0.597862 -0.244744 0.124453 0.717344 -0.287942 0.208984 0.785032 -0.112980 0.208788 0.518156 -0.140510 0.326222 0.625747 -0.204689 0.446365 0.616464 -0.040792 0.248448 0.427382 -0.068419 0.368501 0.515784 -0.138577 0.483385 0.503632 0.008144 0.239907 0.362929 -0.016304 0.331420 0.437218 -0.075522 0.429884 0.436092 
0.000000 0.000000 0.000000 -0.058205 -0.045011 -0.014493 -0.165899 -0.042888 0.402403 -0.068005 0.033485 0.361098 0.000636 0.079821 0.304425 0.045401 0.106739 0.254787 -0.218320 0.133809 0.186089 -0.318509 0.245703 0.311599 -0.298764 0.348433 0.426245 -0.207673 0.063722 0.598131 -0.232920 0.128155 0.716424 -0.274288 0.213083 0.784755 -0.103649 0.212864 0.512844 -0.127892 0.334868 0.616052 -0.194718 0.452801 0.599769 -0.031612 0.252435 0.422230 -0.054736 0.376210 0.506703 -0.125528 0.490152 0.490153 0.015341 0.245006 0.357574 -0.005349 0.340177 0.428324 -0.066036 0.437425 0.420380 
0.000000 0.000000 0.000000 -0.056837 -0.046855 -0.014072 -0.158384 -0.052130 0.404336 -0.063782 0.027925 0.362339 0.002390 0.077093 0.305118 0.045470 0.105973 0.255095 -0.212883 0.127172 0.193799 -0.310527 0.236067 0.323872 -0.287308 0.338606 0.438036 -0.198820 0.056267 0.599362 -0.223258 0.121780 0.717230 -0.263422 0.206738 0.786237 -0.098699 0.204923 0.517022 -0.122447 0.325306 0.622229 -0.190942 0.441800 0.602815 -0.028811 0.249359 0.423713 -0.051183 0.372884 0.508753 -0.122670 0.485940 0.489363 0.014817 0.240837 0.362138 -0.006283 0.333667 0.435818 -0.067573 0.430197 0.424479 
0.000000 0.000000 0.000000 -0.059918 -0.042398 -0.015370 -0.159117 -0.057090 0.403377 -0.059635 0.018069 0.363668 0.009329 0.064910 0.307808 0.053943 0.092777 0.258561 -0.217886 0.123184 0.197879 -0.316732 0.226794 0.331316 -0.290157 0.327611 0.446279 -0.192718 0.045537 0.602773 -0.213026 0.107562 0.723283 -0.252378 0.191740 0.793700 -0.094480 0.192145 0.521649 -0.118179 0.310541 0.629098 -0.189591 0.425158 0.609031 -0.034031 0.232257 0.429580 -0.065123 0.352256 0.516897 -0.138182 0.464328 0.497652 0.021159 0.228383 0.364024 -0.001407 0.321723 0.436616 -0.064142 0.417153 0.423942 
0.000000 0.000000 0.000000 -0.056263 -0.047329 -0.014775 -0.145581 -0.075121 0.405528 -0.053862 0.008900 0.364907 0.009628 0.062206 0.308357 0.050658 0.094405 0.258636 -0.217186 0.113113 0.200186 -0.317881 0.213507 0.334695 -0.288448 0.313776 0.449440 -0.186270 0.032798 0.600767 -0.210861 0.098022 0.718763 -0.252923 0.181696 0.788208 -0.091772 0.184756 0.520187 -0.117557 0.304363 0.625799 -0.195337 0.414523 0.604481 -0.034277 0.231191 0.427647 -0.065759 0.352364 0.513186 -0.144435 0.460337 0.492695 0.010220 0.228858 0.362912 -0.017615 0.321404 0.434687 -0.085154 0.413254 0.420363 
0.000000 0.000000 0.000000 -0.054076 -0.049688 -0.015193 -0.140956 -0.086236 0.404951 -0.053282 0.002346 0.365093 0.007557 0.059132 0.309019 0.046943 0.093729 0.259581 -0.220429 0.097253 0.205218 -0.324523 0.189200 0.343136 -0.297367 0.290437 0.457593 -0.180286 0.016351 0.603317 -0.204056 0.078352 0.723204 -0.249896 0.160730 0.791802 -0.095597 0.179476 0.517765 -0.124376 0.299949 0.621604 -0.208275 0.404956 0.597648 -0.043862 0.225785 0.428586 -0.080732 0.345286 0.514323 -0.164751 0.448582 0.491109 0.003268 0.225749 0.365644 -0.026794 0.316621 0.438650 -0.098687 0.404773 0.422409 
0.000000 0.000000 0.000000 -0.053988 -0.049481 -0.016149 -0.140691 -0.094391 0.403220 -0.053190 -0.004886 0.365081 0.007530 0.053096 0.310113 0.046840 0.088726 0.261352 -0.229212 0.083999 0.205945 -0.338856 0.167522 0.344918 -0.317385 0.268395 0.460894 -0.181797 0.005242 0.602729 -0.206641 0.065457 0.723306 -0.255292 0.146204 0.791908 -0.104126 0.165636 0.522568 -0.138769 0.281615 0.629681 -0.226737 0.383026 0.604844 -0.053871 0.216059 0.430057 -0.097899 0.332914 0.516065 -0.185317 0.432912 0.491028 -0.008540 0.217615 0.365787 -0.046660 0.306332 0.437673 -0.122085 0.391318 0.420594 
0.000000 0.000000 0.000000 -0.052940 -0.050066 -0.017740 -0.141503 -0.106972 0.399780 -0.055459 -0.014929 0.364470 0.004513 0.045523 0.311374 0.043460 0.083078 0.263781 -0.233085 0.073372 0.206218 -0.345808 0.150611 0.346356 -0.329010 0.250177 0.464218 -0.186432 -0.010997 0.600255 -0.213586 0.047007 0.721417 -0.265541 0.125485 0.790229 -0.118017 0.150983 0.522692 -0.160565 0.263826 0.630305 -0.252284 0.361499 0.604093 -0.058820 0.205237 0.434637 -0.104235 0.319762 0.523025 -0.194808 0.416821 0.497647 -0.013700 0.210452 0.369112 -0.053045 0.298126 0.441614 -0.131010 0.380824 0.424708 
0.000000 0.000000 0.000000 -0.051722 -0.050786 -0.019221 -0.142633 -0.118021 0.396254 -0.058244 -0.023506 0.363583 0.000895 0.039252 0.312257 0.039450 0.078573 0.265784 -0.240095 0.056683 0.206195 -0.357966 0.123930 0.347246 -0.346580 0.222146 0.466873 -0.195211 -0.028005 0.597631 -0.226988 0.026399 0.719338 -0.283180 0.102040 0.787996 -0.132265 0.135094 0.524336 -0.182610 0.242963 0.633671 -0.278346 0.336623 0.607177 -0.071185 0.195442 0.435233 -0.122872 0.307439 0.523414 -0.217145 0.400634 0.497042 -0.027659 0.202343 0.369533 -0.073851 0.287535 0.440946 -0.154839 0.367033 0.422938 
0.000000 0.000000 0.000000 -0.049530 -0.052321 -0.020814 -0.139776 -0.133719 0.392266 -0.059107 -0.035082 0.362509 -0.002288 0.031292 0.313148 0.034884 0.073303 0.267919 -0.244457 0.043537 0.204265 -0.366430 0.103519 0.345105 -0.359469 0.199283 0.467039 -0.196737 -0.053535 0.596584 -0.231163 -0.005073 0.720068 -0.289803 0.067100 0.790393 -0.137417 0.120942 0.523749 -0.190680 0.227060 0.633415 -0.288586 0.318760 0.608025 -0.082658 0.180548 0.439549 -0.140287 0.287573 0.530186 -0.236301 0.379130 0.504364 -0.037472 0.191527 0.374569 -0.087277 0.272902 0.447978 -0.170222 0.350357 0.429977 
0.000000 0.000000 0.000000 -0.050401 -0.050807 -0.022412 -0.143167 -0.142386 0.387969 -0.060674 -0.044397 0.361227 -0.002551 0.022337 0.313912 0.035483 0.064955 0.269987 -0.248260 0.032200 0.205201 -0.372068 0.084140 0.347627 -0.368046 0.177118 0.471827 -0.202926 -0.067991 0.593674 -0.239042 -0.023030 0.717996 -0.298970 0.047113 0.789283 -0.139103 0.108879 0.525025 -0.192445 0.213129 0.636430 -0.291897 0.303628 0.612794 -0.091888 0.164428 0.442530 -0.155949 0.266316 0.534757 -0.253143 0.356870 0.509827 -0.042974 0.179183 0.376676 -0.096978 0.257809 0.450113 -0.180932 0.334298 0.432669 
0.000000 0.000000 0.000000 -0.047540 -0.053018 -0.023514 -0.137939 -0.155517 0.384809 -0.060509 -0.052968 0.360098 -0.005657 0.017413 0.314183 0.030371 0.062616 0.271160 -0.249715 0.024028 0.202396 -0.376224 0.072238 0.343756 -0.376148 0.163290 0.469440 -0.197245 -0.080519 0.590425 -0.233088 -0.035191 0.714694 -0.293870 0.033164 0.786988 -0.142290 0.097066 0.525253 -0.197912 0.199110 0.637581 -0.299089 0.288224 0.616104 -0.094820 0.160494 0.441821 -0.158756 0.263092 0.533345 -0.257470 0.352513 0.510380 -0.051803 0.173262 0.378822 -0.108366 0.249422 0.452928 -0.193328 0.325084 0.436814 
0.000000 0.000000 0.000000 -0.048420 -0.051726 -0.024571 -0.140250 -0.161239 0.381605 -0.061158 -0.059483 0.358969 -0.005182 0.010931 0.314484 0.031560 0.056425 0.272381 -0.248862 0.019669 0.204715 -0.374286 0.064344 0.348187 -0.376312 0.153479 0.475221 -0.197683 -0.089949 0.589064 -0.232393 -0.046863 0.714447 -0.293328 0.020150 0.787859 -0.144406 0.087314 0.526285 -0.201026 0.187157 0.640084 -0.302073 0.276985 0.621119 -0.092697 0.154502 0.442711 -0.155451 0.257451 0.534658 -0.253761 0.347897 0.514103 -0.048074 0.167713 0.381283 -0.102887 0.244315 0.456243 -0.187528 0.320733 0.442128 
0.000000 0.000000 0.000000 -0.048782 -0.051074 -0.025214 -0.139379 -0.166889 0.379489 -0.059885 -0.065156 0.358198 -0.003757 0.005716 0.314642 0.033025 0.051726 0.273139 -0.250661 0.015644 0.204219 -0.376984 0.057392 0.347784 -0.379607 0.145067 0.475819 -0.199031 -0.097825 0.587075 -0.235083 -0.056085 0.712534 -0.295525 0.010300 0.786918 -0.143579 0.080127 0.526610 -0.200502 0.178940 0.641154 -0.300900 0.270083 0.625261 -0.094125 0.143521 0.447145 -0.158924 0.242337 0.542157 -0.256426 0.334324 0.524843 -0.048787 0.160476 0.382986 -0.105099 0.235331 0.458596 -0.189050 0.312912 0.446912 
0.000000 0.000000 0.000000 -0.046682 -0.052935 -0.025349 -0.131795 -0.173979 0.379014 -0.056582 -0.068982 0.358018 -0.003483 0.004309 0.314667 0.031311 0.051956 0.273297 -0.247846 0.012997 0.204939 -0.373721 0.054253 0.349038 -0.375920 0.140642 0.477952 -0.195189 -0.107248 0.586254 -0.233502 -0.066919 0.711505 -0.294325 -0.001833 0.786721 -0.139213 0.074627 0.528380 -0.195414 0.172301 0.644250 -0.296307 0.263297 0.630844 -0.093869 0.141083 0.448222 -0.158682 0.239159 0.543990 -0.256593 0.331123 0.529021 -0.048958 0.158075 0.386796 -0.104209 0.231119 0.464919 -0.188437 0.308728 0.455670 
0.000000 0.000000 0.000000 -0.047341 -0.052347 -0.025347 -0.131222 -0.174716 0.378874 -0.055123 -0.070338 0.357982 -0.001577 0.002668 0.314701 0.033430 0.050197 0.273375 -0.248072 0.012315 0.205677 -0.373676 0.052776 0.350237 -0.376066 0.138583 0.479536 -0.189765 -0.108824 0.587802 -0.225147 -0.069001 0.714073 -0.286280 -0.004834 0.789826 -0.141175 0.071841 0.527849 -0.199702 0.168543 0.643382 -0.301582 0.258555 0.630833 -0.094061 0.136015 0.450270 -0.160376 0.231634 0.547482 -0.258956 0.323205 0.534647 -0.049401 0.154723 0.386511 -0.106415 0.226670 0.464385 -0.191201 0.303873 0.457036 
0.000000 0.000000 0.000000 -0.048517 -0.051417 -0.025025 -0.129387 -0.174572 0.379571 -0.051828 -0.071357 0.358273 0.002382 0.000985 0.314706 0.037659 0.048152 0.273193 -0.247129 0.012371 0.208064 -0.371408 0.052286 0.353916 -0.372333 0.137913 0.483353 -0.187547 -0.110445 0.589154 -0.222698 -0.071688 0.715820 -0.283985 -0.008211 0.792029 -0.137196 0.071041 0.528301 -0.195258 0.167891 0.643944 -0.297409 0.257733 0.632411 -0.086359 0.134827 0.452274 -0.149992 0.230800 0.550919 -0.248534 0.322658 0.539984 -0.040614 0.150833 0.391159 -0.094490 0.221511 0.472358 -0.179182 0.299020 0.467581 
0.000000 0.000000 0.000000 -0.046652 -0.053427 -0.024353 -0.118856 -0.177819 0.381502 -0.045675 -0.071695 0.359042 0.005206 0.002547 0.314663 0.038193 0.050888 0.272622 -0.239699 0.014329 0.212266 -0.360496 0.056725 0.360326 -0.358164 0.142993 0.489320 -0.174016 -0.110558 0.590914 -0.207354 -0.069907 0.717477 -0.267990 -0.007219 0.794850 -0.124870 0.068003 0.534219 -0.178734 0.163017 0.653364 -0.281330 0.252651 0.644465 -0.080063 0.134692 0.456015 -0.141206 0.229449 0.557373 -0.240126 0.321147 0.548740 -0.035360 0.154659 0.392655 -0.085988 0.226087 0.475276 -0.171055 0.303273 0.472265 
0.000000 0.000000 0.000000 -0.046263 -0.054085 -0.023631 -0.114317 -0.176229 0.383621 -0.042405 -0.069521 0.359869 0.007388 0.004916 0.314591 0.039574 0.053286 0.271966 -0.238744 0.010511 0.214328 -0.359187 0.050930 0.363228 -0.355153 0.137748 0.491810 -0.170069 -0.113978 0.594421 -0.203764 -0.076356 0.721823 -0.264817 -0.014664 0.799668 -0.123306 0.068425 0.535654 -0.178331 0.162248 0.655213 -0.282063 0.250569 0.646368 -0.079197 0.135681 0.456426 -0.141284 0.229448 0.558131 -0.241156 0.320169 0.550180 -0.034786 0.154019 0.394072 -0.085969 0.223355 0.478120 -0.171879 0.299637 0.476190 
0.000000 0.000000 0.000000 -0.046456 -0.054050 -0.023331 -0.111758 -0.176314 0.384335 -0.039953 -0.069636 0.360128 0.009567 0.004791 0.314534 0.041484 0.053159 0.271706 -0.237513 0.010761 0.215714 -0.357065 0.051316 0.365294 -0.352420 0.137780 0.494093 -0.162072 -0.115459 0.596904 -0.192480 -0.078681 0.725375 -0.252808 -0.017319 0.804041 -0.120486 0.066180 0.537731 -0.175259 0.158553 0.658526 -0.278724 0.247269 0.650533 -0.072826 0.136140 0.458314 -0.131907 0.230326 0.561412 -0.231645 0.321324 0.555112 -0.030529 0.155705 0.393709 -0.080097 0.226289 0.477687 -0.165963 0.302639 0.476794 
0.000000 0.000000 0.000000 -0.046909 -0.053908 -0.022746 -0.106468 -0.176810 0.385607 -0.034800 -0.070238 0.360545 0.014203 0.004171 0.314368 0.045590 0.052553 0.271166 -0.234841 0.013036 0.218182 -0.352437 0.054924 0.368939 -0.345878 0.140923 0.497966 -0.158410 -0.115047 0.597521 -0.189803 -0.077719 0.725596 -0.249661 -0.016566 0.804782 -0.113749 0.065654 0.538800 -0.167446 0.158079 0.660039 -0.270096 0.247842 0.653330 -0.066661 0.137015 0.457641 -0.124646 0.232273 0.560376 -0.223870 0.323947 0.556065 -0.025225 0.151691 0.396638 -0.073968 0.219929 0.483003 -0.159250 0.296919 0.484636 
0.000000 0.000000 0.000000 -0.045561 -0.055184 -0.022424 -0.100181 -0.178607 0.386463 -0.031456 -0.070241 0.360852 0.015375 0.005321 0.314295 0.045295 0.054409 0.270849 -0.232246 0.010943 0.219697 -0.349062 0.052320 0.371200 -0.342060 0.138397 0.500152 -0.151999 -0.114485 0.597705 -0.183317 -0.075732 0.725375 -0.244195 -0.015199 0.804259 -0.107988 0.067390 0.538826 -0.160040 0.161000 0.659873 -0.263303 0.250060 0.653215 -0.063198 0.137098 0.459812 -0.119539 0.231590 0.564156 -0.219730 0.322214 0.560026 -0.019939 0.156847 0.396695 -0.064841 0.227357 0.483317 -0.150952 0.303409 0.485366 
0.000000 0.000000 0.000000 -0.046641 -0.054498 -0.021876 -0.101541 -0.174439 0.388009 -0.031018 -0.067474 0.361417 0.016933 0.006957 0.314183 0.047519 0.055239 0.270299 -0.233993 0.010069 0.220150 -0.351226 0.050471 0.371594 -0.345810 0.137148 0.500219 -0.155574 -0.111162 0.598951 -0.188230 -0.072919 0.726438 -0.251148 -0.012946 0.804141 -0.106793 0.072795 0.537648 -0.158331 0.168198 0.657509 -0.262377 0.256264 0.649894 -0.064158 0.138560 0.458470 -0.122305 0.232927 0.561933 -0.223456 0.322444 0.557136 -0.022319 0.156828 0.394350 -0.070390 0.226753 0.479736 -0.157542 0.301629 0.480891 
0.000000 0.000000 0.000000 -0.044508 -0.056003 -0.022509 -0.102084 -0.177045 0.386684 -0.034619 -0.067905 0.361009 0.011664 0.007961 0.314399 0.041382 0.057137 0.270913 -0.235674 0.009247 0.216330 -0.355293 0.050076 0.365781 -0.352739 0.133281 0.496767 -0.162045 -0.113050 0.595799 -0.198285 -0.074372 0.722183 -0.262276 -0.014897 0.799390 -0.116826 0.070531 0.535801 -0.172738 0.164687 0.654683 -0.275603 0.254114 0.646886 -0.072968 0.139004 0.457154 -0.133654 0.232970 0.559518 -0.234267 0.323078 0.554454 -0.030846 0.156890 0.395086 -0.080561 0.225552 0.480556 -0.167713 0.300428 0.481711 
0.000000 0.000000 0.000000 -0.042448 -0.058262 -0.020678 -0.088143 -0.173563 0.391659 -0.025807 -0.062199 0.362771 0.016443 0.014622 0.313946 0.043329 0.064144 0.269034 -0.234117 0.014553 0.215557 -0.354051 0.060116 0.363378 -0.350213 0.145444 0.492959 -0.155509 -0.108694 0.598237 -0.196223 -0.069489 0.723086 -0.261398 -0.010209 0.799448 -0.106320 0.077092 0.537671 -0.161079 0.171829 0.656628 -0.265378 0.259609 0.649156 -0.066547 0.142686 0.460322 -0.126055 0.234515 0.565284 -0.228445 0.322652 0.561258 -0.031746 0.161561 0.393371 -0.083423 0.228615 0.478955 -0.172268 0.301456 0.480951 
0.000000 0.000000 0.000000 -0.044567 -0.058198 -0.015829 -0.068960 -0.155650 0.402874 -0.006399 -0.046823 0.365929 0.034378 0.027084 0.311658 0.059558 0.074187 0.263288 -0.220321 0.019991 0.230835 -0.330296 0.068916 0.385182 -0.315114 0.157836 0.511474 -0.117073 -0.075468 0.609456 -0.146151 -0.027007 0.734309 -0.204882 0.039057 0.810330 -0.077586 0.096464 0.541643 -0.126004 0.193918 0.661154 -0.229092 0.283300 0.656349 -0.039210 0.161023 0.457805 -0.091977 0.257066 0.562601 -0.193743 0.345964 0.559630 -0.005063 0.179910 0.386710 -0.049542 0.252681 0.471664 -0.138232 0.325639 0.475458 
0.000000 0.000000 0.000000 -0.045245 -0.058406 -0.012866 -0.050652 -0.149169 0.408012 0.010182 -0.040994 0.366542 0.048465 0.032008 0.309310 0.071432 0.078315 0.259105 -0.198307 0.045180 0.239499 -0.294084 0.109998 0.397412 -0.265603 0.198445 0.521721 -0.088387 -0.052912 0.609831 -0.111193 0.005262 0.731804 -0.160371 0.078036 0.808477 -0.038517 0.114236 0.539766 -0.071638 0.219814 0.657583 -0.167854 0.316673 0.657992 -0.004686 0.176016 0.454742 -0.042799 0.279279 0.559025 -0.137339 0.375869 0.559866 0.026440 0.186597 0.388862 -0.004530 0.261129 0.478177 -0.086968 0.340846 0.485410 
0.000000 0.000000 0.000000 -0.048557 -0.056260 -0.010048 -0.046741 -0.135729 0.413138 0.018419 -0.032007 0.367115 0.058798 0.037381 0.306907 0.082704 0.081107 0.254859 -0.191908 0.057050 0.243838 -0.281608 0.127952 0.402702 -0.245401 0.216916 0.524609 -0.070780 -0.036042 0.615388 -0.085309 0.024206 0.737622 -0.128274 0.100124 0.814976 -0.025172 0.129515 0.535890 -0.054819 0.239373 0.650681 -0.145386 0.341534 0.651040 0.015607 0.180855 0.456116 -0.015364 0.283736 0.563108 -0.104741 0.385100 0.565323 0.046808 0.192613 0.384720 0.022100 0.269365 0.474107 -0.055877 0.353372 0.482216 
0.000000 0.000000 0.000000 -0.048136 -0.056991 -0.007670 -0.038474 -0.124656 0.417458 0.024843 -0.021618 0.367495 0.063500 0.046466 0.304721 0.086087 0.088962 0.251090 -0.188912 0.065552 0.243351 -0.277000 0.142232 0.400424 -0.238823 0.235438 0.518499 -0.060211 -0.022301 0.618632 -0.073348 0.039560 0.740216 -0.114770 0.117888 0.815992 -0.011590 0.142998 0.534973 -0.036369 0.254960 0.648881 -0.127575 0.356552 0.648956 0.021050 0.197129 0.446891 -0.009390 0.305163 0.548836 -0.099708 0.405713 0.548231 0.052052 0.207376 0.375210 0.028625 0.288883 0.460645 -0.050526 0.371944 0.466893 
0.000000 0.000000 0.000000 -0.050346 -0.055137 -0.007007 -0.038031 -0.122772 0.418056 0.028516 -0.022241 0.367191 0.068946 0.044281 0.303862 0.092462 0.085849 0.249904 -0.189270 0.057601 0.249578 -0.276200 0.128145 0.410133 -0.237652 0.221971 0.527597 -0.046362 -0.027984 0.623886 -0.051397 0.029304 0.748284 -0.092183 0.108086 0.823935 -0.007660 0.142613 0.534491 -0.032264 0.254736 0.648278 -0.125588 0.354384 0.647556 0.039121 0.186838 0.457165 -0.007434 0.300718 0.545792 -0.100098 0.399100 0.544286 0.048920 0.199786 0.375238 0.018950 0.278211 0.461509 -0.061979 0.359660 0.465936 
0.000000 0.000000 0.000000 -0.047896 -0.056731 -0.010556 -0.033823 -0.149127 0.409765 0.028454 -0.042961 0.365352 0.066142 0.028913 0.306326 0.087986 0.074613 0.255074 -0.188887 0.045131 0.249428 -0.277109 0.108871 0.412110 -0.240482 0.197902 0.533842 -0.055065 -0.053687 0.614362 -0.067903 0.003994 0.738015 -0.108689 0.081396 0.815078 -0.004801 0.116766 0.538140 -0.027419 0.225402 0.655661 -0.120640 0.325103 0.658648 0.018954 0.175585 0.451151 -0.014883 0.280757 0.555000 -0.107490 0.379206 0.555222 0.055416 0.189640 0.382723 0.032998 0.268816 0.470586 -0.047724 0.350306 0.477397 
0.000000 0.000000 0.000000 -0.051789 -0.052444 -0.013835 -0.048727 -0.167430 0.401102 0.021558 -0.063936 0.362746 0.064973 0.007967 0.307833 0.090602 0.054557 0.259203 -0.196218 0.035065 0.249468 -0.286593 0.089822 0.414226 -0.255419 0.175042 0.540133 -0.066334 -0.083200 0.610901 -0.076976 -0.032293 0.737697 -0.118263 0.041289 0.818159 -0.016436 0.086242 0.542961 -0.042277 0.188384 0.665532 -0.135356 0.288044 0.672134 0.026362 0.139341 0.468966 -0.020597 0.243976 0.568149 -0.113874 0.341716 0.571905 0.046434 0.156276 0.394438 0.016033 0.226291 0.487524 -0.064908 0.307384 0.496217 
0.000000 0.000000 0.000000 -0.052021 -0.050534 -0.019081 -0.062010 -0.195837 0.386125 0.010588 -0.090814 0.357461 0.056405 -0.015685 0.309223 0.083958 0.033992 0.264890 -0.204990 0.011307 0.246668 -0.300708 0.050002 0.412956 -0.274724 0.127765 0.544731 -0.083820 -0.131448 0.602455 -0.097001 -0.092534 0.733199 -0.139463 -0.025887 0.818921 -0.034470 0.047042 0.545716 -0.065115 0.140804 0.673756 -0.157287 0.240818 0.685622 0.003849 0.116589 0.465604 -0.033837 0.211438 0.577739 -0.126657 0.309446 0.584592 0.036867 0.140142 0.395660 0.004454 0.213208 0.485672 -0.076589 0.294075 0.495454 
0.000000 0.000000 0.000000 -0.053418 -0.046860 -0.023971 -0.082605 -0.217959 0.370082 -0.004828 -0.114530 0.350709 0.045605 -0.038450 0.309011 0.076619 0.012795 0.268955 -0.213557 -0.003482 0.241208 -0.313761 0.023661 0.407140 -0.292109 0.094441 0.543552 -0.105305 -0.167194 0.589917 -0.119025 -0.136513 0.722780 -0.162790 -0.075389 0.811896 -0.048718 0.011598 0.547280 -0.078569 0.097383 0.680975 -0.169614 0.197761 0.697537 -0.009059 0.088556 0.468997 -0.048256 0.179626 0.583716 -0.140448 0.278023 0.593034 0.022687 0.110494 0.403612 -0.014435 0.177743 0.496299 -0.095175 0.258664 0.507961 
0.000000 0.000000 0.000000 -0.053242 -0.044793 -0.027977 -0.098924 -0.233465 0.356368 -0.018952 -0.130570 0.344572 0.034071 -0.053497 0.308259 0.067255 -0.000979 0.271748 -0.222419 -0.014461 0.233376 -0.328279 0.004519 0.396914 -0.311345 0.068969 0.537079 -0.129887 -0.197062 0.578035 -0.148599 -0.175061 0.712005 -0.193812 -0.118030 0.803089 -0.071289 -0.007571 0.541057 -0.106885 0.076085 0.674695 -0.196146 0.177682 0.693399 -0.027690 0.066324 0.471177 -0.071978 0.152242 0.587999 -0.162072 0.252297 0.599843 0.011605 0.095080 0.406885 -0.026700 0.161199 0.499902 -0.105575 0.243735 0.512925 
0.000000 0.000000 0.000000 -0.055671 -0.040680 -0.029492 -0.113935 -0.238281 0.348614 -0.028001 -0.139958 0.340243 0.029612 -0.065043 0.306494 0.065976 -0.013454 0.271730 -0.229833 -0.014224 0.228992 -0.338813 0.002330 0.390734 -0.324263 0.063734 0.532525 -0.145678 -0.207798 0.571062 -0.164863 -0.189375 0.705504 -0.210230 -0.133675 0.797332 -0.082609 -0.024433 0.540609 -0.119750 0.054140 0.676886 -0.205608 0.158081 0.698424 -0.034377 0.055813 0.467780 -0.080260 0.142473 0.583432 -0.166693 0.245589 0.596266 0.004865 0.079169 0.406907 -0.037198 0.142923 0.499952 -0.112841 0.228203 0.514397 
0.000000 0.000000 0.000000 -0.055480 -0.040061 -0.030675 -0.118613 -0.242740 0.343946 -0.032253 -0.144619 0.337909 0.025988 -0.069447 0.305856 0.062913 -0.017505 0.272225 -0.232198 -0.016284 0.226331 -0.342776 -0.001406 0.387148 -0.328909 0.057266 0.530159 -0.151993 -0.210802 0.565950 -0.172167 -0.191499 0.700123 -0.217150 -0.135645 0.792047 -0.089276 -0.030575 0.538450 -0.128059 0.046991 0.674846 -0.211453 0.152672 0.697569 -0.039097 0.049312 0.468257 -0.085766 0.134470 0.584709 -0.169745 0.239501 0.598278 0.006498 0.076063 0.408786 -0.032334 0.140467 0.502783 -0.105865 0.227398 0.518258 
0.000000 0.000000 0.000000 -0.056939 -0.038563 -0.029912 -0.121614 -0.238131 0.346113 -0.032567 -0.142533 0.338764 0.027427 -0.069156 0.305796 0.065437 -0.018400 0.271571 -0.233099 -0.013234 0.227327 -0.343329 0.002615 0.388292 -0.330211 0.061636 0.531230 -0.155399 -0.208394 0.568361 -0.175819 -0.190423 0.702682 -0.221297 -0.134183 0.794126 -0.087833 -0.027818 0.539415 -0.125420 0.050204 0.675885 -0.208626 0.156113 0.698232 -0.038841 0.050475 0.467074 -0.086359 0.136259 0.582720 -0.170151 0.241539 0.595494 0.006251 0.074333 0.407526 -0.034488 0.138164 0.501106 -0.107796 0.225330 0.516307 
0.000000 0.000000 0.000000 -0.054266 -0.043669 -0.027787 -0.105047 -0.228807 0.357635 -0.022600 -0.127945 0.345336 0.032320 -0.052398 0.308636 0.066814 -0.000921 0.271857 -0.229237 -0.013319 0.229721 -0.338722 0.005672 0.390853 -0.326289 0.068413 0.532260 -0.146800 -0.196686 0.578191 -0.172035 -0.177273 0.711490 -0.220143 -0.121031 0.801576 -0.081943 -0.008772 0.542187 -0.122305 0.072283 0.676074 -0.208778 0.176302 0.694565 -0.031998 0.069980 0.468638 -0.078119 0.157732 0.583369 -0.165679 0.260100 0.594423 0.005399 0.092228 0.406533 -0.036874 0.156343 0.499234 -0.113069 0.241260 0.512893 
0.000000 0.000000 0.000000 -0.052131 -0.048242 -0.024062 -0.079858 -0.217901 0.370718 -0.004431 -0.112757 0.351288 0.044457 -0.035721 0.309506 0.074512 0.016033 0.269374 -0.216666 -0.000946 0.237734 -0.319622 0.028648 0.401550 -0.301693 0.096256 0.540094 -0.113225 -0.173023 0.590474 -0.133392 -0.145899 0.723289 -0.179690 -0.088178 0.813388 -0.063189 0.013136 0.544091 -0.103152 0.098762 0.675224 -0.191875 0.201251 0.691454 -0.014495 0.090702 0.468425 -0.056767 0.181356 0.582381 -0.146548 0.281791 0.593351 0.020619 0.113815 0.403986 -0.016476 0.181121 0.496643 -0.094429 0.264423 0.510322 
0.000000 0.000000 0.000000 -0.051348 -0.051583 -0.018070 -0.055732 -0.192303 0.388850 0.014926 -0.086466 0.358383 0.059133 -0.011177 0.308909 0.085522 0.038418 0.263782 -0.205150 0.007399 0.247848 -0.301389 0.044305 0.414243 -0.276414 0.118137 0.548451 -0.079786 -0.132260 0.606189 -0.094323 -0.095972 0.737543 -0.136956 -0.032760 0.825746 -0.034568 0.051752 0.545253 -0.068230 0.145759 0.672352 -0.158916 0.246878 0.686150 0.006371 0.124091 0.462637 -0.031463 0.221086 0.572870 -0.122453 0.320493 0.583216 0.039877 0.138489 0.399755 0.008458 0.207370 0.493347 -0.070900 0.289228 0.507661 
0.000000 0.000000 0.000000 -0.047719 -0.056608 -0.011930 -0.024692 -0.165962 0.403902 0.035985 -0.057613 0.362661 0.072017 0.016887 0.305900 0.092535 0.064800 0.256143 -0.185771 0.026213 0.256265 -0.272156 0.078036 0.424084 -0.240572 0.159758 0.552188 -0.043338 -0.085229 0.614982 -0.054607 -0.036436 0.742553 -0.092614 0.033544 0.827707 0.000427 0.092306 0.543587 -0.023758 0.194272 0.666643 -0.115153 0.294840 0.679777 0.022077 0.156970 0.456221 -0.013733 0.257418 0.564011 -0.105028 0.356438 0.575338 0.057485 0.173658 0.388459 0.033359 0.248587 0.479536 -0.046663 0.329519 0.495342 
0.000000 0.000000 0.000000 -0.045667 -0.059077 -0.006955 -0.000719 -0.145409 0.412487 0.053434 -0.036963 0.363202 0.083814 0.035878 0.301221 0.100154 0.081918 0.248253 -0.171850 0.049061 0.258055 -0.250808 0.116727 0.423881 -0.212288 0.205041 0.545551 -0.009887 -0.049435 0.617731 -0.015428 0.008570 0.741775 -0.047420 0.085075 0.823729 0.027173 0.126079 0.534088 0.009311 0.236970 0.650315 -0.078343 0.340858 0.663095 0.047858 0.179206 0.452476 0.022075 0.281980 0.560935 -0.064364 0.384587 0.577315 0.076866 0.192945 0.381359 0.060836 0.269367 0.472977 -0.015199 0.352934 0.493913 
0.000000 0.000000 0.000000 -0.044665 -0.059976 -0.005641 0.007201 -0.140270 0.414201 0.058731 -0.031481 0.362901 0.086982 0.041123 0.299649 0.101802 0.086792 0.245916 -0.164254 0.058041 0.258209 -0.239086 0.131888 0.423309 -0.197338 0.222851 0.541925 0.004568 -0.034036 0.614520 0.002977 0.030168 0.735588 -0.027836 0.108773 0.815993 0.039237 0.137481 0.528872 0.025979 0.252399 0.641756 -0.061602 0.356376 0.654307 0.053378 0.190892 0.445092 0.029282 0.298285 0.549384 -0.057189 0.400823 0.566024 0.080592 0.203801 0.374155 0.065993 0.284340 0.462425 -0.010075 0.367875 0.483371 
0.000000 0.000000 0.000000 -0.045795 -0.059106 -0.005758 0.004552 -0.141206 0.413921 0.058135 -0.033312 0.362833 0.087756 0.038869 0.299724 0.103438 0.084356 0.246081 -0.167983 0.044252 0.263005 -0.244441 0.108926 0.431179 -0.203588 0.199860 0.550128 0.004443 -0.037032 0.615336 0.004377 0.025928 0.737065 -0.029290 0.105283 0.815567 0.032027 0.133646 0.529920 0.014270 0.247200 0.643563 -0.078021 0.347387 0.652758 0.047216 0.185248 0.446840 0.018145 0.290211 0.552332 -0.073084 0.389087 0.565326 0.069498 0.198741 0.373950 0.046137 0.277475 0.461964 -0.034065 0.357880 0.479445 
0.000000 0.000000 0.000000 -0.048393 -0.056416 -0.009965 -0.009503 -0.165352 0.404795 0.049970 -0.057318 0.361047 0.084061 0.016954 0.302808 0.102812 0.064716 0.252215 -0.177864 0.027060 0.262276 -0.258878 0.079294 0.432627 -0.222282 0.164450 0.557110 -0.010494 -0.066646 0.608942 -0.011093 -0.006992 0.732324 -0.047252 0.070198 0.811869 0.012025 0.099477 0.535546 -0.013782 0.206119 0.654230 -0.108643 0.303724 0.664915 0.037263 0.158158 0.453091 0.003707 0.259410 0.560854 -0.089671 0.356229 0.574072 0.064992 0.175701 0.381977 0.038959 0.252095 0.471294 -0.042683 0.331019 0.488864 
0.000000 0.000000 0.000000 -0.048823 -0.054732 -0.015640 -0.025909 -0.193821 0.391219 0.036590 -0.083940 0.357425 0.073743 -0.006259 0.305891 0.094922 0.044692 0.259545 -0.187729 0.007197 0.257703 -0.274647 0.045948 0.428743 -0.244291 0.122052 0.560552 -0.039729 -0.118007 0.604483 -0.048081 -0.072187 0.733373 -0.087924 -0.001413 0.817019 0.001715 0.058096 0.544732 -0.022004 0.154701 0.672127 -0.116163 0.252212 0.688409 0.022347 0.124284 0.464102 -0.014507 0.217891 0.577548 -0.108699 0.313617 0.592799 0.049451 0.142917 0.396915 0.018152 0.210527 0.491469 -0.064284 0.288323 0.510316 
0.000000 0.000000 0.000000 -0.049819 -0.051882 -0.021217 -0.049073 -0.217636 0.376187 0.018312 -0.108038 0.352321 0.060132 -0.028531 0.307598 0.084922 0.024538 0.265626 -0.201887 -0.009990 0.248906 -0.297042 0.016223 0.417932 -0.275392 0.085074 0.555327 -0.064475 -0.156027 0.593873 -0.073784 -0.118792 0.725437 -0.116329 -0.053508 0.812160 -0.026450 0.023165 0.545341 -0.056895 0.112401 0.676621 -0.149339 0.210912 0.696343 0.002603 0.097222 0.467568 -0.038648 0.187395 0.582276 -0.132546 0.283055 0.599608 0.029437 0.121267 0.400352 -0.008755 0.187848 0.493086 -0.091545 0.265266 0.511939 
0.000000 0.000000 0.000000 -0.051523 -0.047867 -0.026039 -0.073753 -0.236806 0.360241 -0.000152 -0.129633 0.345445 0.047206 -0.049885 0.307131 0.076146 0.004227 0.269360 -0.216671 -0.022185 0.238371 -0.320011 -0.006115 0.403822 -0.304335 0.055116 0.545568 -0.100143 -0.189714 0.580482 -0.116093 -0.161254 0.713590 -0.159975 -0.100985 0.803229 -0.051650 -0.008402 0.543247 -0.086676 0.074051 0.677781 -0.175931 0.174443 0.702161 -0.016579 0.071350 0.468212 -0.062317 0.158284 0.583717 -0.153964 0.255597 0.603686 0.016141 0.094823 0.406394 -0.025162 0.157182 0.500716 -0.105790 0.236416 0.521308 
0.000000 0.000000 0.000000 -0.053848 -0.043472 -0.028887 -0.094928 -0.246448 0.348629 -0.014646 -0.143515 0.339597 0.038218 -0.065337 0.305478 0.071125 -0.011606 0.270514 -0.221376 -0.024504 0.234591 -0.326205 -0.012634 0.399459 -0.312806 0.043345 0.543589 -0.121008 -0.210216 0.570952 -0.136770 -0.188319 0.705317 -0.181276 -0.130871 0.796488 -0.070099 -0.027092 0.539209 -0.107816 0.052093 0.674974 -0.193839 0.154487 0.702448 -0.027388 0.052840 0.468093 -0.074432 0.137581 0.584698 -0.162996 0.237437 0.605986 0.011125 0.078429 0.407917 -0.030175 0.140402 0.502495 -0.108002 0.222099 0.524214 
0.000000 0.000000 0.000000 -0.054846 -0.041030 -0.030535 -0.108553 -0.249813 0.342198 -0.024694 -0.149533 0.336404 0.031308 -0.072561 0.304632 0.066551 -0.019316 0.271236 -0.231320 -0.028530 0.227432 -0.341747 -0.020709 0.388850 -0.332732 0.033212 0.534102 -0.138743 -0.220421 0.565010 -0.156989 -0.202656 0.699670 -0.203786 -0.146528 0.790516 -0.083837 -0.031626 0.534076 -0.124063 0.048568 0.668521 -0.209301 0.151593 0.696085 -0.037165 0.045570 0.466096 -0.086264 0.130277 0.581875 -0.174095 0.230968 0.602248 0.001791 0.071315 0.406064 -0.042784 0.133698 0.498868 -0.119824 0.216372 0.519675 
0.000000 0.000000 0.000000 -0.053908 -0.041895 -0.031027 -0.110356 -0.248871 0.342309 -0.027642 -0.147615 0.337021 0.027869 -0.070177 0.305524 0.062935 -0.016726 0.272269 -0.236390 -0.029154 0.222713 -0.350576 -0.021183 0.381487 -0.344869 0.033722 0.526538 -0.149499 -0.215669 0.563183 -0.173157 -0.195603 0.696674 -0.223022 -0.138178 0.785042 -0.092733 -0.029077 0.532433 -0.137004 0.051546 0.665341 -0.222619 0.154475 0.692082 -0.047042 0.046884 0.464894 -0.100758 0.130824 0.579172 -0.189256 0.231294 0.597667 -0.006304 0.073366 0.405220 -0.053963 0.135378 0.496732 -0.131688 0.217789 0.515978 
0.000000 0.000000 0.000000 -0.053208 -0.043748 -0.029647 -0.104902 -0.240906 0.349643 -0.024074 -0.138349 0.341200 0.029926 -0.060846 0.307325 0.063920 -0.007741 0.272444 -0.234877 -0.022569 0.224113 -0.348553 -0.009318 0.382900 -0.343579 0.048532 0.526828 -0.149125 -0.208253 0.569639 -0.175853 -0.188519 0.702599 -0.227871 -0.130708 0.789462 -0.094664 -0.016491 0.532621 -0.142675 0.066390 0.662814 -0.228957 0.169289 0.687443 -0.041544 0.060927 0.464733 -0.092792 0.148245 0.577604 -0.182080 0.248088 0.595696 -0.002756 0.086150 0.404068 -0.048649 0.150777 0.494669 -0.126905 0.232852 0.513190 
0.000000 0.000000 0.000000 -0.051376 -0.048164 -0.025781 -0.081914 -0.227260 0.364600 -0.007311 -0.120972 0.348496 0.041287 -0.042516 0.309086 0.071284 0.010449 0.270519 -0.223533 -0.012870 0.232990 -0.331258 0.009215 0.394912 -0.320012 0.071592 0.536579 -0.123034 -0.182780 0.583119 -0.147885 -0.155897 0.715187 -0.198499 -0.096794 0.802009 -0.074319 0.004900 0.538603 -0.119893 0.090511 0.667903 -0.207332 0.192472 0.692352 -0.026604 0.079833 0.467628 -0.075285 0.167564 0.581312 -0.165425 0.266194 0.601684 0.012015 0.106192 0.404335 -0.028781 0.172094 0.496443 -0.107603 0.253073 0.517242 
0.000000 0.000000 0.000000 -0.047022 -0.054444 -0.021182 -0.049293 -0.210949 0.379949 0.013965 -0.099126 0.355128 0.053494 -0.018931 0.309558 0.077063 0.034187 0.266952 -0.205863 0.001914 0.242332 -0.305255 0.037180 0.407222 -0.285361 0.105324 0.545235 -0.080773 -0.143343 0.594094 -0.099798 -0.102483 0.723519 -0.146179 -0.038284 0.809078 -0.037201 0.041797 0.539512 -0.072001 0.137644 0.664918 -0.160861 0.238675 0.688068 0.001601 0.111240 0.467913 -0.035610 0.204580 0.581464 -0.126103 0.302272 0.604597 0.030337 0.133249 0.403297 -0.001825 0.201434 0.497145 -0.081458 0.280586 0.521574 
0.000000 0.000000 0.000000 -0.043886 -0.058860 -0.015275 -0.022408 -0.183877 0.396204 0.032270 -0.070407 0.360748 0.064752 0.008453 0.307867 0.083257 0.059562 0.260561 -0.186121 0.021238 0.251558 -0.275122 0.071358 0.418525 -0.248128 0.147759 0.550892 -0.045656 -0.100177 0.605665 -0.059705 -0.049591 0.732258 -0.100710 0.021251 0.815283 -0.008198 0.076758 0.542899 -0.035722 0.176851 0.666788 -0.122874 0.279548 0.689081 0.018881 0.144876 0.462780 -0.014011 0.242700 0.573863 -0.102984 0.341355 0.598739 0.043755 0.161016 0.397429 0.016565 0.230849 0.491638 -0.062305 0.309890 0.518752 
0.000000 0.000000 0.000000 -0.046232 -0.057973 -0.011207 -0.017880 -0.163357 0.405321 0.039599 -0.053734 0.362880 0.073272 0.021261 0.305328 0.092199 0.069316 0.255080 -0.179703 0.038345 0.254791 -0.263220 0.098615 0.421235 -0.230974 0.180941 0.548787 -0.030335 -0.069861 0.611533 -0.037863 -0.013356 0.736163 -0.074987 0.061214 0.817737 0.006275 0.104393 0.537120 -0.016390 0.211943 0.655628 -0.101343 0.317056 0.674950 0.032280 0.161601 0.458097 0.002887 0.262234 0.567641 -0.083627 0.363353 0.591269 0.057931 0.179394 0.386590 0.034344 0.255162 0.477111 -0.042399 0.336627 0.503133 
0.000000 0.000000 0.000000 -0.046881 -0.057605 -0.010381 -0.017853 -0.158738 0.407153 0.040583 -0.050192 0.363278 0.074790 0.023817 0.304771 0.094002 0.071121 0.253922 -0.178696 0.036320 0.257293 -0.261177 0.095093 0.424786 -0.227081 0.178705 0.551013 -0.029185 -0.064782 0.613221 -0.036034 -0.007997 0.737763 -0.073577 0.068559 0.817280 0.006683 0.108377 0.537006 -0.016373 0.216225 0.655165 -0.102553 0.320673 0.672571 0.035552 0.165979 0.456310 0.007416 0.267918 0.564973 -0.080025 0.368711 0.586486 0.059587 0.177109 0.388712 0.035898 0.250063 0.481491 -0.041295 0.331510 0.506206 
0.000000 0.000000 0.000000 -0.047323 -0.056802 -0.012569 -0.021184 -0.172471 0.401367 0.038394 -0.062997 0.361517 0.073517 0.012676 0.305746 0.093381 0.061529 0.256642 -0.182118 0.033594 0.254836 -0.266464 0.090157 0.422160 -0.233497 0.171984 0.549849 -0.034152 -0.083724 0.609635 -0.041989 -0.030087 0.735507 -0.081261 0.046937 0.813725 0.001091 0.091311 0.538356 -0.024280 0.196262 0.658632 -0.113141 0.298621 0.674932 0.028662 0.154456 0.456080 -0.003501 0.256121 0.563878 -0.092745 0.355726 0.583438 0.051219 0.168836 0.388149 0.022199 0.242698 0.478667 -0.056851 0.322982 0.501218 
0.000000 0.000000 0.000000 -0.048567 -0.054420 -0.017423 -0.035918 -0.198012 0.388319 0.027664 -0.087943 0.357265 0.066258 -0.009809 0.307506 0.088688 0.041585 0.262252 -0.192413 0.014147 0.251748 -0.282422 0.057052 0.420179 -0.254728 0.130434 0.554100 -0.054027 -0.116085 0.598985 -0.064971 -0.066570 0.726306 -0.105136 0.008411 0.806041 -0.011122 0.060626 0.538640 -0.037502 0.161675 0.662001 -0.126917 0.262981 0.681527 0.015475 0.124227 0.462970 -0.020939 0.220339 0.574447 -0.111022 0.318864 0.595564 0.043808 0.140799 0.399105 0.012915 0.209090 0.493303 -0.066852 0.288305 0.517078 
0.000000 0.000000 0.000000 -0.050370 -0.050682 -0.022761 -0.059167 -0.221903 0.372221 0.010536 -0.113211 0.351012 0.054495 -0.033857 0.308108 0.080915 0.019334 0.267302 -0.205650 -0.004467 0.244818 -0.302813 0.024451 0.412252 -0.283031 0.089658 0.551692 -0.084896 -0.158366 0.588372 -0.100446 -0.119965 0.719007 -0.143567 -0.051963 0.803324 -0.032952 0.021130 0.542155 -0.062531 0.112501 0.672159 -0.151041 0.213574 0.696440 -0.006301 0.092393 0.466470 -0.049895 0.182921 0.580026 -0.140548 0.280671 0.602276 0.032881 0.118089 0.403414 -0.000181 0.186063 0.497103 -0.080277 0.264845 0.521209 
0.000000 0.000000 0.000000 -0.052187 -0.046411 -0.027322 -0.084416 -0.238931 0.356478 -0.008221 -0.133292 0.343952 0.041477 -0.054226 0.307222 0.072184 -0.000378 0.270482 -0.221210 -0.017485 0.234289 -0.326974 0.000615 0.397989 -0.314689 0.059330 0.541127 -0.114485 -0.189283 0.575683 -0.132659 -0.159277 0.708165 -0.177829 -0.096088 0.795114 -0.066774 -0.013488 0.540658 -0.106598 0.067995 0.674445 -0.194100 0.169311 0.701234 -0.023421 0.064849 0.469465 -0.069958 0.150234 0.585803 -0.160175 0.248100 0.609279 0.013282 0.092186 0.406675 -0.027262 0.155899 0.500420 -0.107424 0.234739 0.524116 
0.000000 0.000000 0.000000 -0.054261 -0.041535 -0.030895 -0.106982 -0.252323 0.340849 -0.024248 -0.151074 0.335747 0.030993 -0.073351 0.304475 0.065752 -0.019583 0.271412 -0.231227 -0.026390 0.226592 -0.341960 -0.016913 0.387712 -0.334216 0.035581 0.533558 -0.141723 -0.219405 0.562501 -0.162720 -0.199511 0.696462 -0.209247 -0.140606 0.785673 -0.082917 -0.034351 0.534262 -0.122819 0.045037 0.669280 -0.207621 0.147830 0.698972 -0.039226 0.041428 0.467597 -0.089577 0.123731 0.584566 -0.177880 0.223064 0.609135 -0.004347 0.069569 0.404544 -0.052598 0.130934 0.496182 -0.131293 0.211274 0.519757 
0.000000 0.000000 0.000000 -0.055137 -0.038470 -0.033226 -0.122009 -0.259770 0.330036 -0.035650 -0.161463 0.329843 0.022873 -0.084766 0.302221 0.060112 -0.031193 0.271633 -0.239291 -0.030002 0.219483 -0.354522 -0.024703 0.377613 -0.350066 0.024600 0.524705 -0.159564 -0.237157 0.552518 -0.182261 -0.223490 0.686981 -0.229681 -0.167266 0.777442 -0.097895 -0.049235 0.529855 -0.140229 0.027096 0.665892 -0.222938 0.131080 0.697294 -0.048699 0.028287 0.465960 -0.100020 0.109354 0.583370 -0.186052 0.210687 0.607827 -0.008259 0.058515 0.405291 -0.055320 0.120262 0.497290 -0.131549 0.202954 0.520834 
0.000000 0.000000 0.000000 -0.054724 -0.038527 -0.033836 -0.124736 -0.260577 0.328376 -0.038585 -0.162091 0.329203 0.020049 -0.085226 0.302292 0.057477 -0.031525 0.272165 -0.244174 -0.030154 0.214931 -0.362719 -0.024914 0.370593 -0.360399 0.025048 0.517513 -0.173208 -0.237248 0.548663 -0.202503 -0.223148 0.681798 -0.251492 -0.166130 0.770917 -0.109719 -0.052516 0.527717 -0.158100 0.022010 0.662735 -0.240218 0.126602 0.693662 -0.055986 0.028318 0.463662 -0.110508 0.109737 0.579373 -0.195938 0.211885 0.602514 -0.012774 0.057540 0.405276 -0.061129 0.118844 0.496899 -0.136939 0.202210 0.519395 
0.000000 0.000000 0.000000 -0.054755 -0.039109 -0.033110 -0.122467 -0.256867 0.332132 -0.036616 -0.158118 0.331354 0.021660 -0.081416 0.303230 0.058788 -0.027979 0.272272 -0.245392 -0.029445 0.214702 -0.364681 -0.023399 0.369766 -0.362593 0.027689 0.516301 -0.171531 -0.229885 0.551870 -0.201184 -0.213577 0.684673 -0.251919 -0.155137 0.771874 -0.113596 -0.046599 0.526577 -0.165952 0.029250 0.659356 -0.248578 0.133757 0.689201 -0.058505 0.033543 0.461570 -0.115989 0.115976 0.575110 -0.202191 0.217790 0.596815 -0.014149 0.063121 0.402530 -0.064354 0.125826 0.492190 -0.140649 0.209069 0.513470 
0.000000 0.000000 0.000000 -0.053873 -0.042160 -0.030725 -0.104925 -0.251649 0.341985 -0.023089 -0.149696 0.336445 0.031478 -0.071635 0.304834 0.065776 -0.017718 0.271534 -0.234969 -0.024277 0.223697 -0.348287 -0.013086 0.382898 -0.342059 0.039205 0.528890 -0.149788 -0.219050 0.561860 -0.176901 -0.199349 0.694746 -0.228136 -0.139156 0.780449 -0.093532 -0.033795 0.531584 -0.141444 0.045033 0.664306 -0.224867 0.149123 0.693377 -0.039111 0.049592 0.463058 -0.089727 0.136520 0.576515 -0.177073 0.237272 0.598596 0.000456 0.073439 0.405735 -0.044505 0.136183 0.498109 -0.121441 0.218450 0.520825 
0.000000 0.000000 0.000000 -0.050948 -0.048234 -0.026489 -0.073204 -0.239060 0.358862 -0.000547 -0.131137 0.344877 0.046237 -0.050782 0.307131 0.074843 0.003765 0.269732 -0.217855 -0.013020 0.235710 -0.322294 0.009015 0.399777 -0.308248 0.066031 0.543439 -0.117715 -0.195488 0.576899 -0.144617 -0.169154 0.708675 -0.195871 -0.107969 0.793660 -0.065274 -0.008425 0.537819 -0.109298 0.075035 0.669047 -0.195994 0.176723 0.697024 -0.016143 0.073863 0.466147 -0.060874 0.163241 0.580172 -0.150554 0.261260 0.605029 0.018806 0.098594 0.405576 -0.019767 0.163866 0.499080 -0.098733 0.243380 0.524476 
0.000000 0.000000 0.000000 -0.046612 -0.054868 -0.020994 -0.034243 -0.219868 0.376531 0.026191 -0.106359 0.352334 0.062883 -0.024476 0.307397 0.084212 0.029974 0.265294 -0.201052 -0.002623 0.245961 -0.297690 0.030068 0.413004 -0.273500 0.093571 0.552536 -0.071211 -0.157919 0.591509 -0.093554 -0.120478 0.721436 -0.140589 -0.054056 0.804917 -0.023409 0.028146 0.541866 -0.057144 0.119629 0.670775 -0.144093 0.220938 0.699334 0.006376 0.099978 0.468740 -0.034143 0.189220 0.584433 -0.123984 0.285689 0.614274 0.034076 0.124525 0.403615 -0.000433 0.189608 0.498824 -0.080672 0.266290 0.528566 
0.000000 0.000000 0.000000 -0.048341 -0.055415 -0.014704 -0.014015 -0.195383 0.391049 0.046033 -0.084467 0.356207 0.080823 -0.006077 0.304100 0.100164 0.045329 0.257456 -0.181423 0.022951 0.257314 -0.264697 0.071988 0.427526 -0.229615 0.142272 0.561377 -0.034535 -0.112009 0.600925 -0.046937 -0.061620 0.727768 -0.086704 0.012624 0.808388 0.012435 0.062748 0.539711 -0.010416 0.162874 0.664519 -0.091212 0.268870 0.694122 0.040199 0.129988 0.460784 0.011070 0.227555 0.573135 -0.071976 0.328427 0.607723 0.061730 0.146352 0.394946 0.035276 0.215888 0.489583 -0.039194 0.294598 0.527820 
0.000000 0.000000 0.000000 -0.047229 -0.057017 -0.011934 -0.002116 -0.182377 0.397523 0.054556 -0.071297 0.357879 0.086462 0.006101 0.302545 0.103689 0.056353 0.253858 -0.172819 0.028005 0.261644 -0.251405 0.081207 0.432831 -0.213744 0.155284 0.563907 -0.013067 -0.089188 0.603959 -0.019686 -0.032867 0.728724 -0.057467 0.045193 0.806649 0.019494 0.083112 0.535088 -0.004353 0.188132 0.655615 -0.084807 0.294931 0.683190 0.043464 0.143317 0.457582 0.012632 0.241708 0.568754 -0.070676 0.342480 0.603001 0.066675 0.161291 0.388782 0.041197 0.233521 0.481652 -0.032015 0.312728 0.521267 
0.000000 0.000000 0.000000 -0.046918 -0.057127 -0.012610 -0.005586 -0.183748 0.396857 0.051126 -0.072350 0.358174 0.083345 0.005340 0.303433 0.100904 0.055814 0.255097 -0.177906 0.019154 0.261013 -0.259869 0.066886 0.432229 -0.224005 0.142503 0.562929 -0.023409 -0.088955 0.602081 -0.034180 -0.031664 0.726113 -0.076688 0.048459 0.799369 0.009564 0.085090 0.531263 -0.018704 0.192171 0.648988 -0.104218 0.296134 0.671758 0.035464 0.142174 0.457373 0.001131 0.240292 0.567758 -0.086436 0.338757 0.597835 0.056359 0.158124 0.389762 0.025698 0.228547 0.482454 -0.050846 0.306182 0.518742 
0.000000 0.000000 0.000000 -0.046126 -0.056912 -0.016040 -0.010555 -0.201873 0.387848 0.045702 -0.088298 0.355320 0.078081 -0.007879 0.304775 0.095963 0.044926 0.259121 -0.183601 0.018198 0.254710 -0.269623 0.065197 0.424127 -0.236671 0.138077 0.557129 -0.036801 -0.110041 0.593514 -0.052663 -0.054540 0.717812 -0.098091 0.025816 0.789032 -0.001187 0.064205 0.531440 -0.033079 0.167929 0.651227 -0.121655 0.269564 0.672765 0.017953 0.127946 0.455273 -0.025162 0.225342 0.563190 -0.115624 0.322293 0.589363 0.045978 0.154664 0.385792 0.011572 0.230198 0.472982 -0.067310 0.307032 0.505804 
0.000000 0.000000 0.000000 -0.048932 -0.053342 -0.019600 -0.027709 -0.220811 0.376517 0.035215 -0.109017 0.350731 0.072757 -0.028017 0.304906 0.094229 0.026005 0.262327 -0.195157 -0.004819 0.252632 -0.286656 0.025545 0.422976 -0.260197 0.089782 0.561758 -0.058902 -0.145304 0.588050 -0.077753 -0.099669 0.715894 -0.124466 -0.020615 0.787737 -0.014567 0.035415 0.532763 -0.048427 0.133650 0.656569 -0.137298 0.234658 0.679776 0.013027 0.098859 0.463174 -0.029802 0.189837 0.576661 -0.120822 0.286050 0.603616 0.043343 0.126909 0.395801 0.008317 0.196362 0.487674 -0.070739 0.272542 0.521586 
0.000000 0.000000 0.000000 -0.051684 -0.049627 -0.022132 -0.041779 -0.235695 0.366050 0.027325 -0.126490 0.345530 0.069500 -0.045698 0.303526 0.094131 0.008923 0.263497 -0.205151 -0.017380 0.248523 -0.301181 0.002798 0.417881 -0.280215 0.060169 0.560555 -0.073438 -0.170149 0.580810 -0.092573 -0.130535 0.710605 -0.138380 -0.052627 0.784260 -0.030110 0.007064 0.533516 -0.069175 0.097899 0.661374 -0.156459 0.199605 0.687390 0.002226 0.077282 0.461841 -0.046012 0.165467 0.575364 -0.136282 0.262347 0.602451 0.031603 0.102133 0.397618 -0.011436 0.166292 0.489936 -0.090127 0.242662 0.524264 
0.000000 0.000000 0.000000 -0.053292 -0.046791 -0.024381 -0.053665 -0.247623 0.356501 0.019613 -0.140378 0.340656 0.065114 -0.059690 0.302065 0.092100 -0.004554 0.264326 -0.211695 -0.018939 0.243908 -0.310813 -0.001510 0.411786 -0.290089 0.050698 0.556464 -0.085034 -0.190332 0.573651 -0.103993 -0.155707 0.704890 -0.146916 -0.078302 0.780779 -0.036026 -0.014473 0.534374 -0.073869 0.071159 0.666130 -0.156875 0.175088 0.696919 0.001749 0.059603 0.464755 -0.043688 0.145143 0.581413 -0.130892 0.244163 0.610715 0.032027 0.086016 0.401346 -0.009323 0.148357 0.495660 -0.085347 0.226763 0.531381 
0.000000 0.000000 0.000000 -0.056423 -0.042544 -0.025106 -0.066652 -0.253482 0.350135 0.013305 -0.150806 0.336479 0.063629 -0.072186 0.299644 0.093823 -0.017881 0.263151 -0.213663 -0.020468 0.244402 -0.312053 -0.006654 0.413043 -0.289203 0.041282 0.558875 -0.093173 -0.200468 0.569010 -0.109202 -0.168428 0.701292 -0.149228 -0.091090 0.778816 -0.040020 -0.027125 0.532269 -0.076289 0.056995 0.665435 -0.155235 0.163017 0.699584 0.005715 0.050659 0.461721 -0.035813 0.138746 0.577940 -0.119495 0.240262 0.608921 0.033728 0.073429 0.399670 -0.007636 0.136280 0.493638 -0.081281 0.216555 0.530182 
0.000000 0.000000 0.000000 -0.056285 -0.042168 -0.026033 -0.068262 -0.258870 0.345857 0.011724 -0.155972 0.334174 0.062199 -0.076780 0.298802 0.092551 -0.021910 0.263297 -0.210846 -0.019544 0.244975 -0.307560 -0.005388 0.414555 -0.283702 0.040251 0.560961 -0.098259 -0.205837 0.564278 -0.116388 -0.173786 0.696286 -0.155579 -0.096459 0.774246 -0.041547 -0.030123 0.528594 -0.077778 0.055472 0.660826 -0.155116 0.162344 0.695989 0.004264 0.042884 0.463234 -0.037278 0.128690 0.581142 -0.119726 0.230891 0.613161 0.039452 0.074858 0.398953 0.002903 0.141466 0.492328 -0.069360 0.222684 0.529543 
0.000000 0.000000 0.000000 -0.057052 -0.041025 -0.026190 -0.071776 -0.260163 0.344171 0.009906 -0.158546 0.333020 0.061623 -0.079963 0.298085 0.092810 -0.025360 0.262896 -0.213977 -0.023331 0.243825 -0.312170 -0.012259 0.412782 -0.289161 0.032359 0.559638 -0.100283 -0.210850 0.563661 -0.117512 -0.181047 0.696315 -0.157126 -0.103816 0.774155 -0.045181 -0.036172 0.529143 -0.082648 0.047060 0.662534 -0.159781 0.154019 0.697883 0.005078 0.040150 0.462673 -0.035468 0.126279 0.580692 -0.117979 0.228354 0.612952 0.038519 0.068649 0.400014 0.001150 0.133357 0.494394 -0.071105 0.214522 0.531739 
0.000000 0.000000 0.000000 -0.056850 -0.041041 -0.026601 -0.070461 -0.263975 0.341530 0.010715 -0.161848 0.331403 0.062040 -0.082661 0.297262 0.092952 -0.027551 0.262625 -0.211068 -0.019245 0.244670 -0.307568 -0.005606 0.414414 -0.283128 0.038011 0.561339 -0.096326 -0.210647 0.560407 -0.111959 -0.178416 0.692690 -0.150562 -0.100920 0.770775 -0.037977 -0.039636 0.529311 -0.071095 0.043486 0.663916 -0.147092 0.150973 0.700114 0.008892 0.036482 0.463676 -0.029218 0.121916 0.583006 -0.110851 0.224405 0.616171 0.040678 0.064498 0.401839 0.004696 0.127857 0.497663 -0.066857 0.209197 0.535965 
0.000000 0.000000 0.000000 -0.057449 -0.040497 -0.026144 -0.068393 -0.265214 0.340990 0.013395 -0.163619 0.330434 0.064889 -0.084627 0.296098 0.095794 -0.029563 0.261382 -0.208653 -0.020702 0.246971 -0.303266 -0.008316 0.417869 -0.276313 0.033413 0.564903 -0.088294 -0.215196 0.561268 -0.100322 -0.184967 0.694397 -0.137150 -0.107769 0.773627 -0.036786 -0.042370 0.528563 -0.070916 0.040096 0.663318 -0.145658 0.148098 0.700579 0.009681 0.033611 0.462487 -0.029906 0.118395 0.581799 -0.110151 0.221589 0.616149 0.045418 0.062872 0.401041 0.010744 0.126495 0.497171 -0.059562 0.208424 0.536513 
0.000000 0.000000 0.000000 -0.056559 -0.041821 -0.025999 -0.064498 -0.263602 0.342993 0.015347 -0.160534 0.331859 0.065428 -0.080851 0.297033 0.095389 -0.025494 0.261958 -0.208314 -0.019737 0.246635 -0.303271 -0.005919 0.417231 -0.275830 0.036477 0.563984 -0.085160 -0.212122 0.562864 -0.097647 -0.181009 0.695748 -0.134360 -0.103615 0.774839 -0.032477 -0.038308 0.529970 -0.065005 0.044823 0.664714 -0.139144 0.153203 0.702084 0.012450 0.037079 0.464363 -0.025539 0.121642 0.584349 -0.105743 0.224795 0.618915 0.045415 0.066850 0.401820 0.011017 0.130412 0.498091 -0.059238 0.212288 0.537634 
0.000000 0.000000 0.000000 -0.056289 -0.042636 -0.025251 -0.061627 -0.259081 0.346943 0.017380 -0.155565 0.334118 0.066753 -0.076008 0.298015 0.096196 -0.020934 0.262067 -0.205544 -0.017022 0.248452 -0.298937 -0.000995 0.419718 -0.270306 0.043515 0.565615 -0.084784 -0.203161 0.565476 -0.098779 -0.169364 0.697552 -0.136303 -0.091225 0.775523 -0.029797 -0.030056 0.530323 -0.061884 0.055307 0.663770 -0.136626 0.163570 0.700267 0.017923 0.044115 0.465047 -0.017091 0.130251 0.584820 -0.097828 0.233107 0.619026 0.044830 0.072996 0.400360 0.009474 0.137649 0.495551 -0.061206 0.219429 0.534533 
0.000000 0.000000 0.000000 -0.055522 -0.043939 -0.024709 -0.057717 -0.255147 0.350513 0.019541 -0.150497 0.336313 0.067610 -0.070633 0.299142 0.096166 -0.015581 0.262451 -0.204531 -0.012027 0.248465 -0.297771 0.007942 0.419400 -0.268783 0.054154 0.564696 -0.079147 -0.196212 0.568429 -0.092099 -0.160593 0.700132 -0.129312 -0.081926 0.777719 -0.025165 -0.020788 0.530352 -0.055572 0.067432 0.662327 -0.129591 0.176364 0.698304 0.017702 0.050606 0.465046 -0.018085 0.137543 0.584009 -0.098345 0.240815 0.618083 0.049637 0.080621 0.400894 0.017611 0.146839 0.496187 -0.052435 0.229083 0.535336 
0.000000 0.000000 0.000000 -0.055340 -0.044438 -0.024219 -0.059826 -0.248441 0.354948 0.017468 -0.144032 0.339245 0.065732 -0.064863 0.300863 0.094494 -0.010505 0.263309 -0.203718 -0.010122 0.249007 -0.296563 0.011351 0.419975 -0.270447 0.058426 0.565538 -0.080264 -0.186805 0.572212 -0.092615 -0.149554 0.703520 -0.130496 -0.070556 0.780445 -0.030837 -0.012989 0.531517 -0.063691 0.076139 0.662290 -0.137686 0.185530 0.696896 0.016406 0.056727 0.466684 -0.018963 0.143914 0.585588 -0.099103 0.247690 0.618392 0.046960 0.086009 0.401193 0.014242 0.152441 0.496101 -0.055816 0.234909 0.534754 
0.000000 0.000000 0.000000 -0.053262 -0.046802 -0.024426 -0.059396 -0.242702 0.358968 0.014684 -0.136082 0.342642 0.061113 -0.056153 0.303576 0.088869 -0.001661 0.265463 -0.204572 -0.007926 0.246573 -0.299253 0.016400 0.416146 -0.279018 0.065700 0.561909 -0.086638 -0.179168 0.574935 -0.103102 -0.140770 0.705459 -0.144549 -0.062188 0.780959 -0.031618 -0.011153 0.539424 -0.063109 0.073817 0.673263 -0.138457 0.182409 0.707466 0.010719 0.064585 0.469698 -0.025417 0.151162 0.588817 -0.106665 0.254577 0.619996 0.044362 0.090680 0.407162 0.013727 0.154240 0.504696 -0.057374 0.235378 0.544248 
0.000000 0.000000 0.000000 -0.054287 -0.046058 -0.023569 -0.064505 -0.234820 0.363303 0.011883 -0.130161 0.345042 0.060030 -0.051987 0.304532 0.088953 0.001187 0.265438 -0.205635 -0.010566 0.247872 -0.300339 0.011642 0.417723 -0.287893 0.061107 0.564301 -0.090190 -0.175998 0.580789 -0.105713 -0.140447 0.712232 -0.150124 -0.063550 0.787780 -0.034462 -0.005113 0.541739 -0.065984 0.079938 0.675520 -0.142581 0.187388 0.710543 0.009337 0.062446 0.474970 -0.027013 0.144502 0.597184 -0.108093 0.247405 0.630425 0.045075 0.091403 0.408693 0.014872 0.153500 0.507298 -0.056131 0.233183 0.549869 
0.000000 0.000000 0.000000 -0.052046 -0.048041 -0.024640 -0.066941 -0.233732 0.363564 0.006429 -0.126744 0.346456 0.053090 -0.047358 0.306570 0.081331 0.006415 0.267797 -0.207491 -0.017742 0.245111 -0.304758 0.001217 0.413903 -0.308226 0.046635 0.562267 -0.094695 -0.176944 0.581337 -0.111469 -0.142624 0.712953 -0.157962 -0.068501 0.790007 -0.035995 -0.012533 0.550491 -0.064849 0.065147 0.689264 -0.140957 0.170862 0.730146 0.004175 0.063499 0.479866 -0.030900 0.142991 0.604131 -0.110329 0.244884 0.643841 0.038385 0.087250 0.416819 0.008825 0.142891 0.519394 -0.061361 0.220425 0.566990 
0.000000 0.000000 0.000000 -0.052929 -0.046896 -0.024964 -0.079674 -0.227171 0.365152 -0.003074 -0.122473 0.348035 0.046456 -0.044915 0.308011 0.076846 0.007563 0.269089 -0.209449 -0.017639 0.244278 -0.307390 0.000669 0.412753 -0.336804 0.037266 0.560679 -0.102697 -0.181036 0.585972 -0.116611 -0.153153 0.719430 -0.164700 -0.083650 0.799742 -0.052789 -0.011834 0.552392 -0.086601 0.063417 0.691383 -0.161778 0.166209 0.740593 -0.004201 0.060933 0.483919 -0.040525 0.136833 0.610057 -0.119548 0.233062 0.662625 0.024165 0.082876 0.417880 -0.012096 0.134715 0.520296 -0.082243 0.207734 0.574617 
0.000000 0.000000 0.000000 -0.051374 -0.048501 -0.025144 -0.084507 -0.220112 0.368374 -0.009518 -0.114351 0.350671 0.039513 -0.036786 0.310051 0.069866 0.015358 0.270655 -0.217003 -0.027250 0.239358 -0.320643 -0.013952 0.404867 -0.375011 0.007649 0.548618 -0.118843 -0.177791 0.588488 -0.139594 -0.152212 0.721519 -0.189680 -0.090501 0.806820 -0.063458 -0.014195 0.559319 -0.100144 0.053925 0.701228 -0.173091 0.150647 0.764180 -0.010299 0.056416 0.493206 -0.046018 0.123248 0.624540 -0.124653 0.209763 0.692361 0.019391 0.088390 0.421337 -0.015352 0.138659 0.525054 -0.083715 0.201755 0.592497 
0.000000 0.000000 0.000000 -0.049918 -0.049125 -0.026812 -0.096220 -0.219164 0.366059 -0.021641 -0.112756 0.350649 0.028137 -0.034908 0.311506 0.059450 0.017343 0.273013 -0.217598 -0.027498 0.236364 -0.322522 -0.013965 0.401043 -0.395053 -0.004961 0.537955 -0.136974 -0.176803 0.585067 -0.161604 -0.151201 0.717430 -0.209610 -0.094294 0.807154 -0.073024 -0.022882 0.564558 -0.107972 0.038244 0.710046 -0.176406 0.130576 0.783741 -0.006294 0.039200 0.506535 -0.030983 0.092341 0.646382 -0.100923 0.168726 0.733225 0.028929 0.075970 0.434932 0.007921 0.116324 0.546383 -0.045259 0.173892 0.630412 
0.000000 0.000000 0.000000 -0.058019 -0.038500 -0.027847 -0.112560 -0.234275 0.351761 -0.023244 -0.139268 0.340883 0.036148 -0.066543 0.305469 0.073402 -0.016321 0.269661 -0.218791 -0.034677 0.240451 -0.319391 -0.032285 0.408335 -0.405267 -0.037681 0.537498 -0.145768 -0.197655 0.573067 -0.165839 -0.175523 0.706818 -0.209957 -0.118178 0.798242 -0.067674 -0.072753 0.564660 -0.097894 -0.027513 0.716860 -0.159108 0.061229 0.800627 0.018312 -0.030102 0.512997 0.005523 -0.003970 0.661806 -0.049189 0.055730 0.770022 0.075544 0.019729 0.440781 0.077019 0.044543 0.558566 0.043956 0.094564 0.656586 
0.000000 0.000000 0.000000 -0.063646 -0.027308 -0.028763 -0.116179 -0.275851 0.318903 -0.017507 -0.189964 0.315824 0.047424 -0.118880 0.287515 0.087824 -0.067552 0.257089 -0.221373 -0.064531 0.238787 -0.320068 -0.087823 0.406202 -0.414394 -0.113802 0.526679 -0.148757 -0.265227 0.543059 -0.168447 -0.258807 0.678533 -0.209225 -0.206759 0.774561 -0.057574 -0.152623 0.547070 -0.084825 -0.127226 0.704349 -0.140756 -0.047085 0.799682 0.032796 -0.111005 0.498317 0.022306 -0.105358 0.649476 -0.026839 -0.060189 0.767002 0.111204 -0.066657 0.430406 0.127296 -0.066040 0.549704 0.107014 -0.036923 0.658993 
0.000000 0.000000 0.000000 -0.060283 -0.027894 -0.034811 -0.102016 -0.326282 0.272806 -0.010802 -0.233341 0.285609 0.048773 -0.154103 0.270037 0.085622 -0.095990 0.248648 -0.218455 -0.107302 0.223108 -0.317429 -0.156990 0.384497 -0.412976 -0.207257 0.495990 -0.144661 -0.334208 0.495379 -0.170435 -0.338998 0.629896 -0.216533 -0.296177 0.728051 -0.063275 -0.220572 0.517035 -0.098964 -0.211887 0.674438 -0.160845 -0.145174 0.776219 0.033331 -0.173503 0.480034 0.022257 -0.187414 0.630615 -0.032232 -0.157100 0.750532 0.110022 -0.112629 0.421026 0.126817 -0.124083 0.539677 0.105513 -0.109896 0.651695 
0.000000 0.000000 0.000000 -0.058419 -0.026285 -0.038989 -0.089067 -0.361475 0.229550 -0.002696 -0.266558 0.255102 0.053089 -0.183281 0.250272 0.087284 -0.121318 0.236716 -0.212240 -0.161511 0.197441 -0.308491 -0.246127 0.345384 -0.398714 -0.325609 0.443513 -0.140486 -0.403526 0.446363 -0.171562 -0.428940 0.577399 -0.224527 -0.400958 0.677423 -0.061315 -0.288137 0.484389 -0.101185 -0.302814 0.640336 -0.168746 -0.257853 0.750124 0.019115 -0.223103 0.455147 -0.005246 -0.251658 0.602055 -0.069679 -0.235303 0.719736 0.103494 -0.156282 0.407306 0.114651 -0.180348 0.524727 0.084745 -0.179819 0.635671 
0.000000 0.000000 0.000000 -0.053551 -0.026989 -0.045030 -0.069609 -0.388728 0.187978 0.006425 -0.290034 0.227983 0.054800 -0.202370 0.234712 0.084089 -0.136752 0.229345 -0.204129 -0.194807 0.171788 -0.298351 -0.299816 0.307458 -0.379912 -0.397435 0.396369 -0.126674 -0.452180 0.398067 -0.161163 -0.490528 0.525040 -0.216719 -0.476320 0.626552 -0.054610 -0.347714 0.450294 -0.096123 -0.386944 0.601497 -0.163329 -0.367310 0.718703 0.017407 -0.263217 0.433742 -0.009406 -0.306849 0.576459 -0.074967 -0.307580 0.694651 0.098791 -0.190311 0.395181 0.108910 -0.227177 0.509329 0.073581 -0.237407 0.618188 
0.000000 0.000000 0.000000 -0.053977 -0.022484 -0.046956 -0.064316 -0.407118 0.146316 0.011575 -0.312618 0.195635 0.059428 -0.225769 0.211052 0.088184 -0.159709 0.212338 -0.203518 -0.223515 0.140314 -0.297092 -0.349307 0.257496 -0.377183 -0.463357 0.325796 -0.121650 -0.503751 0.343281 -0.156301 -0.562153 0.462321 -0.211503 -0.569661 0.564739 -0.044644 -0.408335 0.405759 -0.082881 -0.473435 0.548674 -0.145139 -0.484619 0.669662 0.021464 -0.316618 0.398185 -0.005758 -0.381762 0.532372 -0.066762 -0.409863 0.649661 0.094197 -0.230160 0.372297 0.098335 -0.278651 0.482400 0.057912 -0.300158 0.587788 
0.000000 0.000000 0.000000 -0.053201 -0.018873 -0.049369 -0.056683 -0.420689 0.105348 0.016904 -0.329946 0.164278 0.062830 -0.244069 0.188491 0.090188 -0.177883 0.196456 -0.198703 -0.249889 0.103298 -0.289749 -0.394443 0.198827 -0.363899 -0.521287 0.248820 -0.107759 -0.557140 0.279107 -0.138628 -0.639608 0.384123 -0.189495 -0.677733 0.481858 -0.034725 -0.461017 0.355666 -0.069840 -0.550164 0.485836 -0.124664 -0.593253 0.603212 0.030355 -0.368594 0.356279 0.007069 -0.457887 0.476592 -0.047475 -0.515140 0.586206 0.085710 -0.272843 0.343251 0.082627 -0.338206 0.444293 0.039517 -0.373750 0.544698 
0.000000 0.000000 0.000000 -0.052598 -0.015818 -0.051060 -0.051052 -0.428274 0.072561 0.020794 -0.341240 0.138782 0.065276 -0.256806 0.169811 0.091590 -0.191034 0.182999 -0.198220 -0.265752 0.067992 -0.289340 -0.422145 0.142487 -0.358886 -0.556940 0.175359 -0.094791 -0.592426 0.222765 -0.121227 -0.691635 0.313544 -0.166348 -0.753537 0.401438 -0.022099 -0.505280 0.305292 -0.051271 -0.616850 0.418542 -0.096640 -0.688904 0.525262 0.037629 -0.406238 0.316847 0.017805 -0.513390 0.422280 -0.027558 -0.596149 0.519034 0.086621 -0.303973 0.316439 0.083201 -0.381712 0.408288 0.040742 -0.430779 0.503118 
0.000000 0.000000 0.000000 -0.051752 -0.012940 -0.052708 -0.045193 -0.433041 0.041512 0.024516 -0.349858 0.114610 0.067313 -0.267184 0.152078 0.092441 -0.202128 0.170206 -0.190665 -0.280441 0.030914 -0.277587 -0.447826 0.083240 -0.341903 -0.588483 0.096121 -0.085243 -0.617008 0.167894 -0.109448 -0.728192 0.244276 -0.148637 -0.808798 0.318841 -0.008132 -0.540283 0.252984 -0.030337 -0.669798 0.347097 -0.064772 -0.766622 0.436978 0.047626 -0.439202 0.273471 0.033510 -0.562549 0.360517 -0.001539 -0.667712 0.437850 0.084526 -0.330858 0.288325 0.079077 -0.419466 0.369628 0.039831 -0.483914 0.456285 