52
0.000000 0.000000 0.000000 -0.042268 -0.061018 -0.010679 -0.201545 -0.032222 0.386823 -0.119066 0.068134 0.342518 -0.056730 0.124422 0.283456 0.001514 0.171598 0.221186 -0.293165 -0.066054 0.176061 -0.450160 -0.069205 0.292911 -0.586629 -0.122855 0.343751 -0.225693 0.014277 0.607446 -0.240288 0.042380 0.740785 -0.251877 0.072243 0.852888 -0.154597 0.138698 0.566644 -0.178762 0.186691 0.719082 -0.207138 0.242810 0.840263 -0.091828 0.201531 0.477198 -0.116994 0.256824 0.616123 -0.146370 0.286867 0.744585 -0.014851 0.255985 0.373492 -0.026115 0.314071 0.478327 -0.050580 0.380435 0.568883 
0.000000 0.000000 0.000000 -0.043389 -0.058073 -0.019203 -0.248423 -0.042032 0.357505 -0.156674 0.056072 0.329312 -0.085108 0.112064 0.281504 -0.017624 0.159352 0.229494 -0.304272 -0.080034 0.151981 -0.478102 -0.122688 0.231195 -0.618128 -0.177693 0.269328 -0.307446 -0.026152 0.575872 -0.343119 -0.016554 0.707847 -0.375400 0.007595 0.817245 -0.233641 0.114744 0.546356 -0.285990 0.154649 0.693976 -0.341696 0.210903 0.805204 -0.154933 0.181036 0.468804 -0.205001 0.230493 0.603109 -0.256605 0.260422 0.724391 -0.068769 0.234967 0.378668 -0.103973 0.287015 0.481347 -0.146713 0.348646 0.568399 
0.000000 0.000000 0.000000 -0.030455 -0.066020 -0.018379 -0.269119 -0.066298 0.338334 -0.193970 0.045150 0.310603 -0.129326 0.110461 0.264801 -0.066750 0.166246 0.215123 -0.303740 -0.132525 0.118508 -0.474745 -0.174140 0.204164 -0.614487 -0.224462 0.249184 -0.368349 -0.046506 0.541267 -0.428322 -0.034545 0.663914 -0.491069 -0.009189 0.758851 -0.329323 0.111302 0.494391 -0.421382 0.156295 0.619392 -0.526138 0.211836 0.687074 -0.267297 0.187811 0.405138 -0.366232 0.243276 0.505768 -0.475571 0.276797 0.577805 -0.175853 0.249256 0.323714 -0.250951 0.306395 0.398459 -0.338028 0.362724 0.447934 
0.000000 0.000000 0.000000 -0.027676 -0.066551 -0.020710 -0.289741 -0.074290 0.319095 -0.215389 0.038944 0.297033 -0.149274 0.105939 0.256009 -0.084750 0.163387 0.210934 -0.313589 -0.120717 0.094033 -0.492495 -0.154612 0.165831 -0.631749 -0.136951 0.232038 -0.408951 -0.054570 0.510981 -0.480999 -0.042652 0.626951 -0.560923 -0.014835 0.707148 -0.391910 0.105167 0.441703 -0.511969 0.150207 0.540099 -0.640570 0.195822 0.544592 -0.315354 0.175720 0.366740 -0.434445 0.225758 0.446141 -0.568411 0.243679 0.446379 -0.200552 0.238063 0.318636 -0.280260 0.289464 0.392770 -0.389074 0.324228 0.405179 
0.000000 0.000000 0.000000 -0.026092 -0.066503 -0.022814 -0.301896 -0.081965 0.305665 -0.227894 0.032323 0.288370 -0.160849 0.100581 0.251112 -0.095125 0.159341 0.209602 -0.310870 -0.131764 0.088938 -0.489065 -0.172600 0.158866 -0.610804 -0.110926 0.232777 -0.423322 -0.050795 0.494620 -0.496710 -0.031956 0.608820 -0.587452 0.000459 0.674457 -0.421347 0.085054 0.415922 -0.552922 0.120919 0.502677 -0.672293 0.144208 0.440649 -0.342205 0.163052 0.340112 -0.472248 0.207848 0.403931 -0.586946 0.196292 0.333369 -0.218901 0.224264 0.314724 -0.304098 0.268952 0.387082 -0.416750 0.280469 0.367587 
0.000000 0.000000 0.000000 -0.025302 -0.065311 -0.026799 -0.315091 -0.093616 0.288521 -0.240032 0.020929 0.279435 -0.171213 0.090395 0.248115 -0.103564 0.150563 0.212077 -0.309425 -0.146162 0.076075 -0.487211 -0.196754 0.140447 -0.608762 -0.132070 0.212058 -0.447205 -0.068615 0.471116 -0.527051 -0.053505 0.581471 -0.625662 -0.020726 0.634335 -0.446066 0.075380 0.384599 -0.586199 0.112414 0.456125 -0.660973 0.114760 0.341920 -0.365886 0.144907 0.310121 -0.505478 0.183995 0.354584 -0.567233 0.153588 0.238266 -0.249639 0.197813 0.295837 -0.350185 0.230336 0.353491 -0.445306 0.227422 0.289096 
0.000000 0.000000 0.000000 -0.032974 -0.057117 -0.035696 -0.322051 -0.099502 0.278698 -0.234109 0.005673 0.285128 -0.157806 0.070700 0.262955 -0.083785 0.127453 0.234749 -0.306745 -0.162262 0.073118 -0.478053 -0.228054 0.141207 -0.593345 -0.164495 0.223396 -0.460605 -0.085694 0.457674 -0.544344 -0.077348 0.565842 -0.647083 -0.038283 0.604721 -0.446296 0.055371 0.379898 -0.590613 0.089173 0.444354 -0.630680 0.090278 0.313845 -0.360085 0.116827 0.303808 -0.505132 0.149903 0.333102 -0.527761 0.123242 0.202545 -0.239240 0.164898 0.305587 -0.346242 0.190672 0.354346 -0.420164 0.196648 0.266580 
0.000000 0.000000 0.000000 -0.032449 -0.056875 -0.036554 -0.310121 -0.117943 0.284965 -0.225045 -0.010487 0.292202 -0.151360 0.057445 0.269882 -0.079912 0.117239 0.241330 -0.300241 -0.168811 0.080082 -0.467808 -0.238853 0.153065 -0.571957 -0.173776 0.247960 -0.442876 -0.091515 0.466892 -0.523111 -0.075542 0.576844 -0.628702 -0.032236 0.600680 -0.422545 0.045119 0.412102 -0.575149 0.086899 0.445136 -0.596072 0.089852 0.310256 -0.350229 0.115502 0.312238 -0.492831 0.157133 0.342610 -0.498476 0.136178 0.209204 -0.232594 0.153864 0.318357 -0.337688 0.179074 0.371377 -0.402557 0.193367 0.277618 
0.000000 0.000000 0.000000 -0.032381 -0.056274 -0.037532 -0.305139 -0.128066 0.285971 -0.221020 -0.019975 0.294768 -0.148300 0.049223 0.273185 -0.077821 0.110419 0.245199 -0.295663 -0.175417 0.082190 -0.460408 -0.249969 0.157105 -0.556595 -0.185015 0.260138 -0.438273 -0.101684 0.467629 -0.518735 -0.085740 0.577418 -0.625907 -0.041504 0.589691 -0.414856 0.041502 0.417741 -0.567711 0.089805 0.438402 -0.580959 0.093671 0.302575 -0.348437 0.105534 0.311761 -0.491948 0.145912 0.339422 -0.487837 0.127937 0.205526 -0.230745 0.144673 0.322836 -0.336005 0.168251 0.376275 -0.397261 0.185948 0.280684 
0.000000 0.000000 0.000000 -0.035376 -0.054069 -0.038065 -0.303337 -0.123217 0.289990 -0.214917 -0.018663 0.299332 -0.140077 0.048211 0.277669 -0.067930 0.107331 0.249473 -0.298735 -0.166353 0.087952 -0.463529 -0.236613 0.166806 -0.550107 -0.171045 0.277674 -0.425722 -0.086576 0.477339 -0.499688 -0.064431 0.590568 -0.604389 -0.014313 0.601477 -0.401725 0.050663 0.428835 -0.550142 0.108386 0.456496 -0.565073 0.119048 0.321208 -0.333298 0.119878 0.325031 -0.471850 0.171268 0.358993 -0.468102 0.157634 0.224575 -0.217207 0.143889 0.332938 -0.319956 0.169052 0.390389 -0.381142 0.193678 0.296298 
0.000000 0.000000 0.000000 -0.043172 -0.047126 -0.039233 -0.310119 -0.095007 0.293411 -0.208331 -0.003613 0.304504 -0.125764 0.053678 0.283458 -0.047057 0.103945 0.255641 -0.310283 -0.140075 0.094402 -0.477425 -0.198237 0.178021 -0.553294 -0.128536 0.294092 -0.418826 -0.050815 0.487447 -0.484525 -0.024106 0.604717 -0.583650 0.035526 0.619255 -0.383562 0.081464 0.440630 -0.522859 0.152045 0.482333 -0.541885 0.167892 0.348071 -0.308288 0.142531 0.342653 -0.439168 0.206244 0.385100 -0.441269 0.196066 0.250341 -0.187429 0.156126 0.345969 -0.284050 0.192043 0.408143 -0.347053 0.224165 0.317579 
0.000000 0.000000 0.000000 -0.048031 -0.042674 -0.038676 -0.312021 -0.068466 0.298740 -0.202094 0.013139 0.308419 -0.115029 0.062791 0.286133 -0.032574 0.105853 0.257109 -0.320691 -0.111865 0.098129 -0.491303 -0.155161 0.183732 -0.560059 -0.081269 0.301628 -0.415091 -0.017444 0.494172 -0.477384 0.013392 0.612285 -0.570473 0.081380 0.629752 -0.364727 0.106819 0.454190 -0.496866 0.186640 0.502070 -0.517904 0.206755 0.368683 -0.287085 0.164890 0.354587 -0.410461 0.238102 0.403672 -0.415965 0.230281 0.268852 -0.166403 0.166931 0.351690 -0.258520 0.208973 0.416793 -0.321323 0.249259 0.329409 
0.000000 0.000000 0.000000 -0.050693 -0.039287 -0.038867 -0.309423 -0.062061 0.302813 -0.195599 0.014008 0.312541 -0.106701 0.060129 0.289906 -0.022843 0.100074 0.260451 -0.325389 -0.089052 0.102243 -0.497275 -0.120192 0.190541 -0.561198 -0.044540 0.310029 -0.406828 -0.013566 0.501762 -0.465697 0.015744 0.622001 -0.553603 0.089836 0.641395 -0.361015 0.124914 0.442202 -0.473521 0.200346 0.530389 -0.496423 0.225970 0.398259 -0.266305 0.169660 0.375014 -0.380751 0.248201 0.436042 -0.389204 0.247384 0.301150 -0.147576 0.162426 0.365998 -0.233432 0.205344 0.438648 -0.296963 0.256321 0.357602 
0.000000 0.000000 0.000000 -0.052787 -0.035075 -0.040090 -0.305469 -0.070124 0.305060 -0.188877 0.001302 0.316956 -0.098871 0.045698 0.295267 -0.014251 0.084523 0.266503 -0.327014 -0.085688 0.101627 -0.498608 -0.117358 0.190305 -0.559369 -0.044265 0.312993 -0.405109 -0.038451 0.506278 -0.465328 -0.019309 0.627889 -0.551578 0.056893 0.646527 -0.346922 0.106333 0.460011 -0.454414 0.177768 0.557310 -0.479268 0.205491 0.425959 -0.256896 0.146005 0.393655 -0.370210 0.217931 0.464206 -0.381183 0.223638 0.329613 -0.133061 0.142524 0.380986 -0.214842 0.182446 0.459786 -0.281085 0.241210 0.386561 
0.000000 0.000000 0.000000 -0.050827 -0.038634 -0.039343 -0.292747 -0.095606 0.310563 -0.181656 -0.015657 0.320770 -0.095742 0.035606 0.297678 -0.014926 0.080967 0.267568 -0.323765 -0.107396 0.097122 -0.494552 -0.150423 0.182514 -0.560314 -0.079841 0.304088 -0.395749 -0.076785 0.511701 -0.458000 -0.065410 0.633263 -0.549104 0.005614 0.649042 -0.328145 0.056173 0.493558 -0.459046 0.125291 0.558460 -0.481683 0.145198 0.425304 -0.260716 0.122347 0.397544 -0.379012 0.184545 0.469155 -0.386950 0.186782 0.334248 -0.137615 0.125455 0.383992 -0.222065 0.156076 0.464128 -0.293046 0.211324 0.392626 
0.000000 0.000000 0.000000 -0.047559 -0.042838 -0.039077 -0.285601 -0.114719 0.310744 -0.181040 -0.026343 0.320418 -0.099251 0.031154 0.297027 -0.022066 0.082302 0.266666 -0.314800 -0.134730 0.095029 -0.482022 -0.192230 0.178944 -0.557377 -0.122155 0.295125 -0.400371 -0.109371 0.506242 -0.469735 -0.106139 0.624395 -0.567429 -0.043785 0.637077 -0.335728 0.030726 0.491559 -0.474750 0.085129 0.553509 -0.495080 0.097946 0.419115 -0.275256 0.097955 0.393327 -0.401462 0.145855 0.462381 -0.405366 0.144530 0.327285 -0.149133 0.113881 0.382610 -0.236595 0.135618 0.462417 -0.312763 0.182811 0.390484 
0.000000 0.000000 0.000000 -0.045448 -0.044981 -0.039181 -0.289503 -0.115890 0.306672 -0.187652 -0.024447 0.316743 -0.106946 0.034788 0.293936 -0.030504 0.087399 0.264201 -0.314461 -0.137524 0.090872 -0.482792 -0.195431 0.172251 -0.565100 -0.121537 0.281117 -0.408198 -0.110358 0.499807 -0.479934 -0.107013 0.616532 -0.580134 -0.049639 0.632694 -0.349539 0.033246 0.480873 -0.490192 0.083685 0.542493 -0.510523 0.091534 0.407718 -0.285832 0.099329 0.386392 -0.414104 0.145609 0.452688 -0.416838 0.140139 0.317667 -0.159855 0.121361 0.376901 -0.248889 0.144737 0.454474 -0.326473 0.187195 0.381117 
0.000000 0.000000 0.000000 -0.047129 -0.042657 -0.039789 -0.304144 -0.092981 0.300235 -0.197069 -0.007908 0.311831 -0.112242 0.045838 0.290425 -0.031903 0.093133 0.262068 -0.320439 -0.125877 0.087579 -0.491458 -0.177951 0.167278 -0.575507 -0.100072 0.271955 -0.421143 -0.085706 0.494345 -0.491854 -0.081310 0.611659 -0.590009 -0.022544 0.634136 -0.367713 0.057791 0.463616 -0.499432 0.107597 0.542950 -0.526165 0.114114 0.409226 -0.291121 0.113885 0.380346 -0.419388 0.162679 0.444825 -0.427464 0.155219 0.310113 -0.161888 0.133344 0.371946 -0.251360 0.161021 0.447577 -0.328707 0.205000 0.374868 
0.000000 0.000000 0.000000 -0.048063 -0.042070 -0.039294 -0.310629 -0.075068 0.298605 -0.200899 0.006661 0.309407 -0.114066 0.056985 0.287729 -0.031853 0.100836 0.259208 -0.325872 -0.105446 0.089747 -0.499708 -0.145102 0.170493 -0.581318 -0.066790 0.276765 -0.423895 -0.055209 0.494044 -0.492350 -0.043207 0.612163 -0.585104 0.022032 0.639248 -0.372065 0.092410 0.450203 -0.488482 0.150731 0.545965 -0.520784 0.161231 0.413731 -0.283525 0.144200 0.379332 -0.405037 0.206739 0.445017 -0.420932 0.200761 0.310928 -0.157811 0.148496 0.370784 -0.244511 0.181301 0.447584 -0.320162 0.230579 0.376509 
0.000000 0.000000 0.000000 -0.050578 -0.039399 -0.038904 -0.312720 -0.056556 0.300496 -0.198492 0.018875 0.310455 -0.109076 0.064152 0.288155 -0.024676 0.103207 0.259057 -0.327431 -0.092559 0.096643 -0.500667 -0.125822 0.181459 -0.577506 -0.047770 0.291416 -0.409995 -0.021191 0.502256 -0.468785 0.000183 0.624195 -0.557029 0.070675 0.653125 -0.361547 0.118616 0.451660 -0.472448 0.186454 0.547700 -0.509914 0.201591 0.417291 -0.271974 0.162650 0.380221 -0.388782 0.233279 0.446238 -0.410101 0.229246 0.312831 -0.148334 0.160146 0.368843 -0.233449 0.199338 0.444411 -0.307231 0.251336 0.373308 
0.000000 0.000000 0.000000 -0.051651 -0.037786 -0.039093 -0.309799 -0.058343 0.303168 -0.194319 0.015134 0.313287 -0.104506 0.059538 0.290826 -0.019887 0.097943 0.261501 -0.325756 -0.094092 0.100701 -0.497273 -0.129325 0.188176 -0.569455 -0.058205 0.305728 -0.406268 -0.021280 0.505010 -0.464571 0.001119 0.626998 -0.549953 0.074693 0.656831 -0.352848 0.119643 0.456188 -0.460671 0.190724 0.553380 -0.499856 0.214083 0.424702 -0.265366 0.162535 0.381542 -0.380713 0.236390 0.446590 -0.404395 0.236016 0.313522 -0.141637 0.160020 0.370633 -0.225440 0.202748 0.445750 -0.296788 0.255851 0.373000 
0.000000 0.000000 0.000000 -0.050218 -0.039862 -0.038899 -0.302905 -0.076501 0.306083 -0.191026 0.002420 0.315659 -0.103761 0.051384 0.292642 -0.021473 0.094174 0.262757 -0.317723 -0.109475 0.107529 -0.485111 -0.153035 0.199154 -0.552360 -0.093575 0.325759 -0.394076 -0.038367 0.510175 -0.449178 -0.015319 0.633523 -0.533466 0.058837 0.664979 -0.347329 0.106993 0.460947 -0.453636 0.178117 0.559763 -0.491707 0.208039 0.432113 -0.263106 0.154997 0.385309 -0.377367 0.229294 0.451757 -0.399533 0.230787 0.318436 -0.141769 0.154304 0.374558 -0.224571 0.195693 0.451513 -0.294269 0.247389 0.376195 
0.000000 0.000000 0.000000 -0.049410 -0.039850 -0.039932 -0.302142 -0.088926 0.303468 -0.191720 -0.008255 0.315139 -0.105299 0.042780 0.293476 -0.023729 0.087712 0.264792 -0.312591 -0.125964 0.105554 -0.477273 -0.179848 0.196590 -0.542836 -0.128625 0.327604 -0.397923 -0.050801 0.505439 -0.455811 -0.027759 0.627506 -0.541523 0.045408 0.657390 -0.353231 0.092066 0.457703 -0.463081 0.160299 0.554666 -0.498229 0.192963 0.426850 -0.267750 0.143450 0.383968 -0.384238 0.215637 0.448856 -0.403767 0.218105 0.315138 -0.148345 0.145331 0.373130 -0.234120 0.184992 0.447701 -0.302912 0.233472 0.369467 
0.000000 0.000000 0.000000 -0.046880 -0.042377 -0.040377 -0.302564 -0.100511 0.299405 -0.196165 -0.014756 0.312152 -0.111844 0.040043 0.291434 -0.031974 0.088472 0.263669 -0.311670 -0.132013 0.099972 -0.477359 -0.188102 0.187793 -0.545283 -0.139819 0.318720 -0.402492 -0.058485 0.498574 -0.462885 -0.033086 0.618946 -0.550048 0.038945 0.647358 -0.362089 0.084486 0.450335 -0.474941 0.151985 0.544319 -0.507269 0.186725 0.416306 -0.276980 0.139215 0.378662 -0.395393 0.210328 0.441210 -0.411648 0.213777 0.307076 -0.160042 0.142365 0.369878 -0.248194 0.179461 0.442983 -0.315533 0.227059 0.362964 
0.000000 0.000000 0.000000 -0.046991 -0.041227 -0.041426 -0.307945 -0.098953 0.294396 -0.200425 -0.014984 0.309423 -0.115014 0.038723 0.290377 -0.034059 0.086203 0.264159 -0.313923 -0.131751 0.094216 -0.480953 -0.188395 0.179091 -0.551497 -0.140546 0.308786 -0.409101 -0.059346 0.493440 -0.470238 -0.035408 0.613737 -0.557455 0.036482 0.642340 -0.368617 0.082324 0.446233 -0.483011 0.148507 0.539284 -0.513302 0.185389 0.411372 -0.280660 0.137314 0.377295 -0.399439 0.208010 0.439621 -0.413756 0.212786 0.305307 -0.163575 0.139648 0.368828 -0.252723 0.176434 0.440874 -0.319018 0.224444 0.360232 
0.000000 0.000000 0.000000 -0.047394 -0.040695 -0.041493 -0.308700 -0.096744 0.294339 -0.200396 -0.013813 0.309496 -0.114498 0.039140 0.290525 -0.033118 0.085924 0.264370 -0.316819 -0.126251 0.092433 -0.485408 -0.179787 0.176236 -0.555768 -0.130282 0.305408 -0.412032 -0.057904 0.492415 -0.474483 -0.034429 0.612126 -0.560583 0.038027 0.642625 -0.368120 0.084439 0.446206 -0.482196 0.151265 0.539188 -0.511751 0.190101 0.411682 -0.278349 0.140062 0.378169 -0.395840 0.212429 0.441015 -0.409193 0.219101 0.306683 -0.160189 0.140196 0.371579 -0.247653 0.177554 0.445374 -0.313726 0.228298 0.366238 
0.000000 0.000000 0.000000 -0.048700 -0.039707 -0.040934 -0.304853 -0.094441 0.299059 -0.195110 -0.013186 0.312883 -0.108800 0.038664 0.292769 -0.027223 0.084463 0.265511 -0.319638 -0.117444 0.094697 -0.489173 -0.166087 0.179567 -0.558172 -0.112310 0.307762 -0.402093 -0.060325 0.501050 -0.460863 -0.039706 0.623128 -0.546409 0.032410 0.655905 -0.359241 0.081802 0.456104 -0.470874 0.146408 0.553515 -0.501329 0.183413 0.425678 -0.271355 0.135770 0.386896 -0.387917 0.205401 0.454392 -0.401919 0.212923 0.320170 -0.150987 0.137709 0.377016 -0.236177 0.174360 0.453768 -0.304003 0.227891 0.378024 
0.000000 0.000000 0.000000 -0.050311 -0.038328 -0.040295 -0.299327 -0.093430 0.304901 -0.187929 -0.014209 0.317204 -0.101247 0.036469 0.295745 -0.019565 0.081272 0.267176 -0.319973 -0.113477 0.099280 -0.488710 -0.160500 0.186618 -0.557021 -0.103661 0.313857 -0.393837 -0.066970 0.509321 -0.450956 -0.050978 0.632868 -0.536595 0.020182 0.667441 -0.348913 0.076506 0.466634 -0.458404 0.138205 0.568267 -0.490386 0.170945 0.439642 -0.259253 0.131500 0.399267 -0.372553 0.199643 0.473499 -0.387837 0.207542 0.339439 -0.138794 0.130326 0.385348 -0.220861 0.164091 0.466688 -0.292203 0.220321 0.396320 
0.000000 0.000000 0.000000 -0.051741 -0.036579 -0.040109 -0.291506 -0.101233 0.309946 -0.179132 -0.023321 0.321722 -0.092649 0.027376 0.299521 -0.011414 0.072479 0.270162 -0.317571 -0.112978 0.105986 -0.483910 -0.160784 0.197403 -0.550181 -0.106699 0.326902 -0.383610 -0.088128 0.516743 -0.439275 -0.080208 0.641726 -0.525936 -0.011571 0.678766 -0.334057 0.056270 0.483395 -0.439428 0.110403 0.593354 -0.473885 0.142924 0.465314 -0.249986 0.109273 0.414637 -0.362806 0.167999 0.497183 -0.380280 0.179313 0.363637 -0.127589 0.112950 0.394467 -0.207555 0.140807 0.480028 -0.282697 0.199907 0.416277 
0.000000 0.000000 0.000000 -0.052705 -0.038448 -0.036984 -0.265078 -0.117029 0.327610 -0.155663 -0.034331 0.332758 -0.073181 0.020361 0.305412 0.003830 0.069299 0.271209 -0.305983 -0.129878 0.122193 -0.464468 -0.187089 0.221795 -0.523484 -0.135918 0.355906 -0.348670 -0.113155 0.538365 -0.399191 -0.110813 0.665739 -0.488381 -0.044977 0.701847 -0.285062 0.022380 0.523844 -0.402990 0.079298 0.618597 -0.440881 0.108030 0.490620 -0.224100 0.092894 0.434547 -0.332318 0.144906 0.527145 -0.356363 0.156119 0.394615 -0.105617 0.097802 0.404608 -0.180951 0.117421 0.496429 -0.262593 0.174843 0.439503 
0.000000 0.000000 0.000000 -0.052205 -0.042277 -0.033334 -0.237927 -0.127761 0.344033 -0.133841 -0.038331 0.341694 -0.056682 0.020923 0.308862 0.014994 0.073979 0.269580 -0.294146 -0.140066 0.139143 -0.445538 -0.201256 0.247067 -0.496756 -0.150144 0.384366 -0.315659 -0.122638 0.556992 -0.362638 -0.119542 0.685698 -0.453287 -0.055309 0.721055 -0.251319 0.012600 0.541892 -0.371063 0.068349 0.635047 -0.412181 0.093020 0.507219 -0.199474 0.087243 0.450021 -0.312479 0.138926 0.536909 -0.340527 0.146793 0.404926 -0.086955 0.103309 0.408622 -0.157128 0.123497 0.504327 -0.242675 0.177409 0.449752 
0.000000 0.000000 0.000000 -0.051924 -0.044196 -0.031216 -0.228640 -0.123608 0.351760 -0.126522 -0.032149 0.345103 -0.051263 0.027802 0.309266 0.018525 0.081278 0.267249 -0.289483 -0.135075 0.150864 -0.438133 -0.191940 0.264797 -0.487172 -0.138834 0.402135 -0.296554 -0.113564 0.567878 -0.337599 -0.107494 0.698494 -0.427740 -0.043298 0.735192 -0.250690 0.032129 0.537262 -0.358234 0.087436 0.644500 -0.402285 0.109035 0.517094 -0.188879 0.095230 0.454967 -0.299291 0.147551 0.544760 -0.330524 0.152060 0.413336 -0.079048 0.114392 0.408561 -0.146209 0.137185 0.505830 -0.233235 0.188998 0.451561 
0.000000 0.000000 0.000000 -0.053778 -0.043513 -0.028955 -0.236337 -0.091195 0.356537 -0.129954 -0.005212 0.345286 -0.051720 0.048853 0.306569 0.020776 0.096344 0.262025 -0.292223 -0.114558 0.160631 -0.441427 -0.159013 0.279262 -0.490281 -0.098578 0.413603 -0.300213 -0.073145 0.573364 -0.338818 -0.062236 0.704409 -0.426081 0.005036 0.742524 -0.251210 0.074461 0.533497 -0.349759 0.136225 0.645738 -0.399236 0.153843 0.519718 -0.190695 0.133256 0.441757 -0.290348 0.193779 0.538695 -0.326157 0.192736 0.408370 -0.073407 0.141466 0.402310 -0.138235 0.172525 0.498870 -0.225462 0.223237 0.443890 
0.000000 0.000000 0.000000 -0.054836 -0.043449 -0.027002 -0.244542 -0.059882 0.357636 -0.135072 0.021540 0.342679 -0.054445 0.070307 0.301892 0.020306 0.112334 0.255617 -0.298188 -0.083115 0.165488 -0.450462 -0.107935 0.285936 -0.500415 -0.042393 0.417450 -0.301566 -0.020967 0.573632 -0.336030 0.002552 0.704173 -0.416795 0.075823 0.745424 -0.257311 0.123719 0.519007 -0.340451 0.193215 0.638934 -0.395583 0.212410 0.515519 -0.183605 0.171708 0.435118 -0.276221 0.244420 0.530648 -0.319361 0.242048 0.402580 -0.068112 0.172728 0.393896 -0.128971 0.214298 0.489077 -0.215017 0.267129 0.434231 
0.000000 0.000000 0.000000 -0.056910 -0.041945 -0.025016 -0.248180 -0.028870 0.358976 -0.134666 0.046012 0.340419 -0.051557 0.088456 0.297596 0.025354 0.124195 0.249608 -0.301527 -0.049214 0.169806 -0.454592 -0.053763 0.291714 -0.504391 0.014426 0.421934 -0.297713 0.025600 0.573451 -0.327649 0.058520 0.703074 -0.398296 0.138412 0.750184 -0.241501 0.165721 0.515720 -0.314164 0.247140 0.634949 -0.373682 0.274302 0.515119 -0.166799 0.207250 0.429205 -0.249436 0.292433 0.523577 -0.299219 0.293698 0.397926 -0.057659 0.192591 0.387510 -0.114799 0.239669 0.482431 -0.198226 0.297028 0.428088 
0.000000 0.000000 0.000000 -0.060832 -0.036328 -0.024571 -0.247376 -0.004617 0.360658 -0.127342 0.059033 0.341228 -0.040841 0.093280 0.297787 0.038813 0.121442 0.249232 -0.302222 -0.023854 0.173977 -0.453269 -0.016048 0.298216 -0.501964 0.051181 0.429348 -0.287321 0.049908 0.577110 -0.311463 0.082861 0.707928 -0.368888 0.167438 0.763985 -0.222545 0.184108 0.519460 -0.287297 0.269177 0.640684 -0.348195 0.309497 0.525336 -0.144073 0.221763 0.430260 -0.218097 0.313893 0.525251 -0.273183 0.321256 0.402046 -0.031898 0.203515 0.386528 -0.080570 0.260007 0.481032 -0.161730 0.320810 0.427003 
0.000000 0.000000 0.000000 -0.063335 -0.031382 -0.025053 -0.244366 0.001113 0.362732 -0.120452 0.057090 0.344048 -0.032166 0.086734 0.300814 0.048838 0.110925 0.252352 -0.299119 -0.007377 0.179094 -0.446658 0.007643 0.306835 -0.498397 0.068284 0.439999 -0.281527 0.056463 0.579470 -0.303986 0.089916 0.710461 -0.350783 0.174375 0.775804 -0.202243 0.183839 0.527677 -0.257872 0.270046 0.652570 -0.319647 0.327225 0.545082 -0.122427 0.220328 0.437632 -0.187150 0.316124 0.535739 -0.247796 0.334473 0.416351 -0.017265 0.196893 0.389561 -0.062765 0.256067 0.484004 -0.142758 0.320768 0.432838 
0.000000 0.000000 0.000000 -0.064114 -0.029562 -0.025285 -0.240647 -0.005371 0.365172 -0.115984 0.049028 0.346816 -0.027642 0.078428 0.303531 0.053275 0.102655 0.254941 -0.296864 -0.003401 0.182055 -0.442503 0.012969 0.311794 -0.504556 0.059584 0.446194 -0.269675 0.044987 0.584356 -0.287218 0.075422 0.716824 -0.320283 0.150516 0.799654 -0.186265 0.169298 0.539351 -0.234067 0.251100 0.670302 -0.298787 0.331108 0.580584 -0.104487 0.208491 0.451491 -0.159590 0.301753 0.557588 -0.230934 0.344480 0.451040 -0.004489 0.187386 0.396611 -0.044249 0.245707 0.494125 -0.123203 0.318489 0.453232 
0.000000 0.000000 0.000000 -0.065629 -0.024543 -0.026727 -0.243254 -0.004242 0.363455 -0.115329 0.042964 0.347837 -0.025014 0.068439 0.306164 0.057609 0.089415 0.258954 -0.293643 0.019773 0.182778 -0.436319 0.047503 0.313872 -0.522521 0.082219 0.438174 -0.274875 0.028558 0.585591 -0.293985 0.048382 0.719844 -0.314773 0.103830 0.820276 -0.176294 0.154469 0.548646 -0.217758 0.230309 0.685224 -0.285256 0.338440 0.636326 -0.095328 0.189487 0.464648 -0.145747 0.276286 0.578290 -0.227688 0.353917 0.503944 0.002207 0.173599 0.401888 -0.035928 0.231544 0.500272 -0.108964 0.318757 0.484067 
0.000000 0.000000 0.000000 -0.065682 -0.023149 -0.027820 -0.245788 -0.011649 0.361584 -0.117299 0.034675 0.348103 -0.026451 0.060362 0.307739 0.056698 0.081780 0.261665 -0.290652 0.035250 0.181523 -0.431424 0.071792 0.312516 -0.539089 0.099243 0.420874 -0.280539 0.015891 0.583967 -0.301542 0.032537 0.718369 -0.317289 0.073658 0.826323 -0.174259 0.130808 0.557838 -0.212999 0.196191 0.700487 -0.278660 0.315582 0.709075 -0.088531 0.172320 0.476039 -0.133047 0.252602 0.596721 -0.219142 0.355083 0.577927 0.006248 0.155922 0.411811 -0.028477 0.206955 0.515160 -0.096133 0.298835 0.528723 
0.000000 0.000000 0.000000 -0.065672 -0.020895 -0.029570 -0.249285 -0.027677 0.358304 -0.120165 0.017789 0.348398 -0.028661 0.044490 0.310234 0.055151 0.067318 0.266079 -0.289890 0.029752 0.182579 -0.430191 0.061443 0.315329 -0.547080 0.078811 0.415938 -0.286900 -0.009222 0.581159 -0.309634 0.001931 0.715847 -0.327629 0.036403 0.825761 -0.176355 0.096143 0.565602 -0.214573 0.149435 0.713332 -0.266417 0.257700 0.778371 -0.090539 0.143050 0.486787 -0.134909 0.213724 0.613386 -0.218625 0.314381 0.646970 0.013199 0.132885 0.422690 -0.015678 0.178017 0.530489 -0.079345 0.265869 0.568325 
0.000000 0.000000 0.000000 -0.065282 -0.020391 -0.030762 -0.248926 -0.051600 0.355898 -0.120619 -0.003410 0.348678 -0.029580 0.026936 0.312163 0.053840 0.053608 0.269441 -0.287511 0.011366 0.187073 -0.426567 0.031238 0.323380 -0.544424 0.040821 0.423902 -0.294967 -0.044733 0.577829 -0.322793 -0.040583 0.711958 -0.345427 -0.011386 0.822540 -0.182143 0.056376 0.570297 -0.223988 0.097039 0.721029 -0.274959 0.192541 0.804220 -0.087073 0.103457 0.500718 -0.128299 0.158327 0.635923 -0.209362 0.244020 0.701903 0.014215 0.103428 0.432334 -0.013060 0.137720 0.544457 -0.072588 0.215017 0.605158 
0.000000 0.000000 0.000000 -0.063587 -0.023443 -0.032109 -0.247411 -0.081259 0.351390 -0.122508 -0.024527 0.347171 -0.033417 0.013082 0.312663 0.048356 0.046762 0.271746 -0.283818 -0.003075 0.189092 -0.421624 0.009670 0.327506 -0.539147 0.012570 0.428831 -0.302689 -0.085269 0.571273 -0.336098 -0.087694 0.704164 -0.367053 -0.060893 0.813328 -0.188470 0.016970 0.571673 -0.233334 0.045194 0.724367 -0.290544 0.133669 0.811191 -0.090368 0.067274 0.508963 -0.131206 0.106134 0.649722 -0.213272 0.178300 0.729252 0.010324 0.077807 0.439604 -0.015854 0.099176 0.555143 -0.073957 0.164158 0.630006 
0.000000 0.000000 0.000000 -0.061692 -0.027699 -0.032415 -0.238819 -0.107435 0.350305 -0.118757 -0.041024 0.346917 -0.033027 0.004133 0.312951 0.045688 0.044930 0.272516 -0.279758 -0.022963 0.191798 -0.416210 -0.019999 0.332095 -0.532561 -0.025926 0.434633 -0.294925 -0.119117 0.569703 -0.328834 -0.126177 0.702302 -0.367650 -0.098469 0.808692 -0.185186 -0.016752 0.573792 -0.230367 -0.000245 0.728099 -0.293075 0.082314 0.816931 -0.092314 0.044151 0.511942 -0.134827 0.072846 0.654630 -0.220786 0.135498 0.738019 0.009790 0.067206 0.442226 -0.014920 0.082539 0.559040 -0.074166 0.139951 0.639020 
0.000000 0.000000 0.000000 -0.059701 -0.033148 -0.030998 -0.219593 -0.128781 0.355647 -0.106143 -0.051782 0.349556 -0.025692 0.000961 0.313664 0.048013 0.048731 0.271461 -0.269017 -0.045517 0.201123 -0.399994 -0.053256 0.346369 -0.509775 -0.066822 0.455230 -0.276843 -0.139475 0.574800 -0.311442 -0.145939 0.707251 -0.355239 -0.112547 0.810013 -0.172691 -0.031057 0.576749 -0.217952 -0.016961 0.731271 -0.287867 0.064173 0.815939 -0.084170 0.031610 0.514549 -0.126103 0.053586 0.658596 -0.216613 0.112193 0.740089 0.014155 0.069631 0.441764 -0.009149 0.084017 0.558987 -0.072202 0.137801 0.638579 
0.000000 0.000000 0.000000 -0.056955 -0.040070 -0.027829 -0.191979 -0.140576 0.366978 -0.087544 -0.052390 0.354582 -0.014420 0.007381 0.314299 0.052296 0.061322 0.268097 -0.251810 -0.059503 0.216098 -0.373737 -0.071662 0.368732 -0.473200 -0.088025 0.486741 -0.243888 -0.143500 0.587697 -0.275260 -0.145267 0.721094 -0.322839 -0.105212 0.819710 -0.152082 -0.028179 0.582009 -0.195977 -0.011713 0.736692 -0.273216 0.071312 0.812721 -0.069422 0.042744 0.515391 -0.108861 0.068101 0.659586 -0.204911 0.126277 0.734807 0.020763 0.086883 0.438210 -0.000942 0.104477 0.555303 -0.069505 0.158389 0.630108 
0.000000 0.000000 0.000000 -0.054360 -0.046391 -0.022733 -0.158027 -0.139577 0.383192 -0.063128 -0.042945 0.360982 0.001811 0.021223 0.313995 0.060610 0.078722 0.261726 -0.227677 -0.058803 0.237370 -0.336127 -0.066569 0.400126 -0.420577 -0.078324 0.529805 -0.203080 -0.125569 0.604989 -0.230309 -0.117104 0.739037 -0.279875 -0.068943 0.832936 -0.119792 -0.001993 0.588109 -0.158331 0.025860 0.742587 -0.240510 0.112042 0.809359 -0.050712 0.073254 0.512105 -0.088375 0.110563 0.654162 -0.189691 0.170038 0.720989 0.030013 0.115258 0.429997 0.008953 0.140406 0.545822 -0.064716 0.195932 0.614326 
0.000000 0.000000 0.000000 -0.051402 -0.052374 -0.015450 -0.112211 -0.129871 0.402284 -0.029022 -0.026616 0.366860 0.025488 0.040179 0.311098 0.074104 0.099475 0.250967 -0.196133 -0.050632 0.261852 -0.286695 -0.049541 0.435369 -0.349247 -0.048854 0.577403 -0.153164 -0.097640 0.622974 -0.177914 -0.078160 0.756353 -0.226194 -0.020994 0.845764 -0.077322 0.031339 0.592211 -0.110172 0.070756 0.745481 -0.195030 0.160748 0.803273 -0.022028 0.107160 0.505956 -0.056101 0.155190 0.645681 -0.159898 0.217557 0.705720 0.056325 0.149058 0.417735 0.044086 0.183186 0.532525 -0.030970 0.241670 0.596940 
0.000000 0.000000 0.000000 -0.047832 -0.057122 -0.008553 -0.070435 -0.114578 0.416174 0.000894 -0.007275 0.368895 0.045266 0.060267 0.305557 0.084083 0.119620 0.238731 -0.168462 -0.025570 0.278325 -0.243945 -0.005827 0.457835 -0.285874 0.013570 0.605999 -0.093751 -0.061319 0.635355 -0.107842 -0.029131 0.767821 -0.153213 0.035338 0.853718 -0.033080 0.074175 0.589544 -0.056188 0.129572 0.739617 -0.141202 0.223687 0.790156 0.011943 0.150092 0.494064 -0.011952 0.214502 0.629235 -0.116441 0.280608 0.683824 0.075611 0.179609 0.402791 0.069779 0.220900 0.515717 -0.005476 0.282092 0.577323 
0.000000 0.000000 0.000000 -0.049054 -0.056716 -0.000934 -0.045280 -0.079917 0.427613 0.024340 0.021953 0.367509 0.065494 0.083425 0.296306 0.100771 0.136563 0.222636 -0.150489 0.002436 0.288994 -0.213960 0.039450 0.470412 -0.240489 0.078120 0.618357 -0.054768 -0.008834 0.642735 -0.060502 0.034127 0.772749 -0.102075 0.106868 0.853827 0.006373 0.117708 0.584264 -0.005847 0.182835 0.731688 -0.088548 0.281154 0.777873 0.038314 0.180920 0.481966 0.018824 0.250830 0.615095 -0.083869 0.320896 0.668134 0.105306 0.205062 0.383489 0.108428 0.252212 0.494206 0.036807 0.317839 0.555579 
0.000000 0.000000 0.000000 -0.047125 -0.057890 0.007202 -0.021195 -0.038376 0.435165 0.041910 0.058956 0.361808 0.077391 0.114202 0.282869 0.107159 0.160749 0.202602 -0.126891 0.032045 0.295984 -0.176803 0.088320 0.476686 -0.192354 0.144661 0.620459 -0.019620 0.057436 0.640683 -0.018667 0.115343 0.764892 -0.057190 0.197270 0.838357 0.034709 0.171121 0.571192 0.029812 0.247409 0.713602 -0.051097 0.349609 0.754201 0.068361 0.235974 0.455507 0.061886 0.323292 0.579299 -0.037714 0.399155 0.630217 0.125545 0.243761 0.355433 0.138199 0.300900 0.460630 0.070092 0.372967 0.518690 
0.000000 0.000000 0.000000 -0.045879 -0.057390 0.015013 0.000686 0.003140 0.437356 0.058720 0.093628 0.352027 0.089496 0.141426 0.266525 0.114628 0.180382 0.180815 -0.112336 0.064727 0.295222 -0.153920 0.141140 0.470559 -0.160890 0.214477 0.607160 -0.000026 0.114764 0.634738 -0.000457 0.182227 0.754030 -0.039120 0.270964 0.819023 0.054267 0.227647 0.548224 0.051239 0.318799 0.681666 -0.029406 0.423825 0.714912 0.084333 0.275146 0.430250 0.080631 0.371032 0.547651 -0.017693 0.450480 0.595488 0.142711 0.277788 0.323327 0.162041 0.344835 0.421420 0.096469 0.421794 0.476015 