89
0.000000 0.000000 0.000000 -0.043774 -0.047082 -0.038613 -0.286259 -0.121154 0.307682 -0.187616 -0.026145 0.316629 -0.108913 0.035467 0.293132 -0.034226 0.090211 0.262796 -0.318344 -0.086541 0.105958 -0.490152 -0.111231 0.196421 -0.632946 -0.160859 0.231548 -0.410704 -0.106397 0.496668 -0.485915 -0.097478 0.610886 -0.571084 -0.055084 0.678281 -0.321672 -0.002399 0.511410 -0.412849 0.013752 0.643888 -0.522785 0.085210 0.681930 -0.231917 0.066828 0.462248 -0.320119 0.089315 0.583514 -0.442596 0.133674 0.619566 -0.124711 0.123627 0.408680 -0.186993 0.146627 0.509094 -0.281753 0.192044 0.555582 
0.000000 0.000000 0.000000 -0.044432 -0.041439 -0.043961 -0.316545 -0.111480 0.280467 -0.211620 -0.025463 0.301174 -0.126798 0.030484 0.286425 -0.046013 0.080247 0.264224 -0.329259 -0.074532 0.081036 -0.507486 -0.095240 0.159250 -0.654533 -0.141971 0.175993 -0.444596 -0.101414 0.467341 -0.521986 -0.095330 0.580282 -0.605657 -0.058228 0.652503 -0.353885 -0.006561 0.490589 -0.450645 0.006295 0.619417 -0.558757 0.075316 0.666185 -0.254584 0.058048 0.452631 -0.346215 0.077814 0.571811 -0.466655 0.119164 0.617114 -0.141795 0.112952 0.406852 -0.207723 0.135463 0.505025 -0.298482 0.179713 0.559868 
0.000000 0.000000 0.000000 -0.044265 -0.037946 -0.047166 -0.335843 -0.100687 0.261461 -0.227711 -0.020968 0.289560 -0.139413 0.030639 0.280484 -0.055089 0.076466 0.263608 -0.336813 -0.059177 0.061511 -0.519872 -0.072463 0.129514 -0.669445 -0.113794 0.132048 -0.470483 -0.094789 0.443828 -0.551855 -0.091225 0.554045 -0.633141 -0.057928 0.630707 -0.370981 -0.003786 0.478380 -0.468425 0.007901 0.606804 -0.573813 0.075677 0.661017 -0.272697 0.056214 0.442642 -0.368269 0.074553 0.558919 -0.486536 0.112867 0.611956 -0.151423 0.105631 0.406631 -0.217731 0.125706 0.505076 -0.304965 0.169319 0.565832 
0.000000 0.000000 0.000000 -0.045213 -0.033793 -0.049373 -0.348863 -0.085746 0.249464 -0.236749 -0.013874 0.282656 -0.145138 0.032193 0.277389 -0.057636 0.072950 0.264060 -0.342474 -0.044286 0.047436 -0.528481 -0.050852 0.108013 -0.679302 -0.086729 0.100738 -0.481434 -0.083581 0.433422 -0.561555 -0.082273 0.544602 -0.639197 -0.051769 0.626053 -0.381815 0.000037 0.470371 -0.480481 0.009498 0.598043 -0.582766 0.075154 0.660223 -0.279414 0.052857 0.439429 -0.375698 0.067674 0.555621 -0.490462 0.100979 0.618772 -0.156336 0.102985 0.405278 -0.224273 0.123658 0.502481 -0.308110 0.166916 0.568081 
0.000000 0.000000 0.000000 -0.045285 -0.032420 -0.050221 -0.354309 -0.078998 0.243956 -0.241023 -0.009990 0.279187 -0.148289 0.033935 0.275508 -0.059673 0.072697 0.263677 -0.344115 -0.030617 0.042210 -0.531104 -0.029489 0.100047 -0.682651 -0.059816 0.085880 -0.489926 -0.076676 0.425678 -0.571890 -0.075273 0.535505 -0.646847 -0.048393 0.620665 -0.385874 0.005857 0.466914 -0.484394 0.016635 0.594595 -0.583595 0.079635 0.664088 -0.281191 0.053761 0.438781 -0.376490 0.067977 0.555857 -0.488722 0.097139 0.625294 -0.157530 0.103001 0.405422 -0.224888 0.123859 0.502989 -0.305896 0.165943 0.572773 
0.000000 0.000000 0.000000 -0.045088 -0.032387 -0.050419 -0.356619 -0.075825 0.241586 -0.243206 -0.007313 0.277371 -0.150193 0.036056 0.274205 -0.061263 0.074249 0.262878 -0.344643 -0.019123 0.038672 -0.532085 -0.010823 0.094419 -0.684034 -0.035776 0.075044 -0.487399 -0.071125 0.426774 -0.566438 -0.068284 0.538697 -0.637719 -0.044575 0.627860 -0.390452 0.008919 0.463193 -0.490600 0.019960 0.589577 -0.587882 0.079841 0.664342 -0.282179 0.056501 0.438142 -0.376822 0.071161 0.555694 -0.486693 0.097078 0.630022 -0.153685 0.103784 0.408385 -0.217301 0.124113 0.508540 -0.295572 0.165484 0.581788 
0.000000 0.000000 0.000000 -0.047677 -0.026917 -0.051247 -0.360340 -0.057084 0.241219 -0.241817 0.001108 0.278676 -0.145747 0.037273 0.276432 -0.054185 0.068899 0.265872 -0.346317 -0.005112 0.039224 -0.533186 0.008532 0.095835 -0.685465 -0.011083 0.073183 -0.486783 -0.053935 0.429428 -0.563202 -0.052031 0.543175 -0.630396 -0.029486 0.635749 -0.383101 0.013143 0.469382 -0.479194 0.021328 0.599088 -0.571781 0.078360 0.681637 -0.276095 0.056904 0.441773 -0.369563 0.070980 0.560333 -0.475352 0.093234 0.641460 -0.147060 0.098685 0.411039 -0.210988 0.119187 0.510960 -0.285447 0.159618 0.588576 
0.000000 0.000000 0.000000 -0.048872 -0.027342 -0.049878 -0.355929 -0.050590 0.249089 -0.236269 0.007269 0.283305 -0.139999 0.042660 0.278616 -0.048433 0.073419 0.265772 -0.344746 0.002533 0.047140 -0.529885 0.021226 0.107846 -0.682425 0.004469 0.084656 -0.478983 -0.042842 0.439399 -0.553353 -0.038159 0.554418 -0.616035 -0.016257 0.650253 -0.370577 0.021800 0.478816 -0.461926 0.031683 0.611791 -0.549457 0.085989 0.701392 -0.263975 0.064243 0.448551 -0.352873 0.079720 0.570404 -0.453745 0.099194 0.658232 -0.136219 0.101941 0.414320 -0.196645 0.121573 0.516568 -0.267047 0.160249 0.598731 
0.000000 0.000000 0.000000 -0.050978 -0.025030 -0.048976 -0.351165 -0.042113 0.257293 -0.228825 0.011277 0.289221 -0.131569 0.043516 0.282564 -0.039369 0.071391 0.267814 -0.345181 0.004259 0.053166 -0.529274 0.022587 0.117080 -0.682020 0.005691 0.095403 -0.464092 -0.035989 0.453839 -0.532342 -0.032288 0.572625 -0.590303 -0.010487 0.671410 -0.355597 0.026212 0.489672 -0.441820 0.036370 0.626006 -0.524855 0.089340 0.720551 -0.250068 0.064046 0.456490 -0.335038 0.078768 0.581206 -0.431102 0.096393 0.674636 -0.122987 0.102182 0.418301 -0.180543 0.123376 0.521884 -0.246754 0.160298 0.608232 
0.000000 0.000000 0.000000 -0.050883 -0.029824 -0.046317 -0.341686 -0.047619 0.268837 -0.221466 0.013286 0.294811 -0.126207 0.050023 0.283929 -0.035982 0.081775 0.265310 -0.343979 -0.002298 0.059435 -0.527379 0.014927 0.125608 -0.679831 -0.005354 0.104779 -0.455520 -0.034852 0.464538 -0.524318 -0.027136 0.582815 -0.579872 -0.004605 0.682811 -0.344618 0.033923 0.497005 -0.428378 0.047958 0.634525 -0.507876 0.100932 0.732060 -0.236149 0.076148 0.462658 -0.314984 0.094881 0.590817 -0.405553 0.111663 0.689730 -0.118637 0.113501 0.416134 -0.175530 0.135338 0.519949 -0.239171 0.171463 0.608538 
0.000000 0.000000 0.000000 -0.051166 -0.031125 -0.045136 -0.337079 -0.048110 0.274506 -0.217288 0.014679 0.297839 -0.122679 0.052463 0.285033 -0.033152 0.085088 0.264636 -0.343625 -0.011361 0.064057 -0.526627 0.001006 0.132383 -0.678457 -0.024837 0.113233 -0.447143 -0.039444 0.472574 -0.513663 -0.034208 0.592281 -0.567740 -0.011724 0.693094 -0.341986 0.040469 0.498486 -0.426799 0.058009 0.634955 -0.505558 0.111059 0.733048 -0.233164 0.081531 0.462971 -0.312388 0.102375 0.590563 -0.399630 0.117765 0.692642 -0.116892 0.116350 0.414958 -0.174532 0.137868 0.518427 -0.237265 0.172946 0.608077 
0.000000 0.000000 0.000000 -0.049763 -0.035571 -0.043384 -0.328993 -0.061721 0.281504 -0.213120 0.009190 0.301052 -0.121337 0.052540 0.285593 -0.034412 0.090206 0.262773 -0.341193 -0.018656 0.068995 -0.523550 -0.008072 0.139314 -0.675050 -0.037367 0.122687 -0.438072 -0.049405 0.479923 -0.503996 -0.041961 0.599843 -0.558600 -0.019769 0.700436 -0.334557 0.036117 0.503543 -0.417152 0.054430 0.641265 -0.495977 0.106334 0.739916 -0.227705 0.083923 0.465633 -0.303978 0.106427 0.594733 -0.388619 0.120941 0.699104 -0.114754 0.121607 0.414909 -0.170055 0.143221 0.519627 -0.232683 0.177677 0.609593 
0.000000 0.000000 0.000000 -0.048905 -0.037186 -0.043005 -0.322752 -0.076197 0.285158 -0.209459 -0.000990 0.303749 -0.119619 0.045971 0.287444 -0.034508 0.087113 0.263802 -0.340415 -0.034580 0.070403 -0.522823 -0.032949 0.141366 -0.674711 -0.063131 0.131070 -0.434962 -0.072742 0.482179 -0.502779 -0.070654 0.601253 -0.563598 -0.048227 0.698161 -0.330427 0.024822 0.506664 -0.412703 0.042377 0.644676 -0.496406 0.095105 0.738766 -0.229235 0.083154 0.464406 -0.307836 0.109817 0.591299 -0.396265 0.127854 0.691912 -0.115841 0.117681 0.415581 -0.171824 0.138721 0.520054 -0.237827 0.174481 0.607048 
0.000000 0.000000 0.000000 -0.045395 -0.042757 -0.041654 -0.316509 -0.092496 0.287327 -0.210046 -0.007356 0.303256 -0.124409 0.046381 0.285338 -0.042960 0.093652 0.260298 -0.338309 -0.055386 0.067378 -0.521596 -0.063289 0.135603 -0.673770 -0.093653 0.138440 -0.438905 -0.087156 0.478143 -0.512877 -0.083929 0.593468 -0.584852 -0.058080 0.681471 -0.345753 0.024056 0.495795 -0.438054 0.045421 0.626748 -0.534175 0.102460 0.705148 -0.247729 0.093149 0.450621 -0.336158 0.126685 0.569139 -0.436311 0.152822 0.656053 -0.129832 0.135001 0.406345 -0.189628 0.163463 0.506872 -0.263483 0.206143 0.583858 
0.000000 0.000000 0.000000 -0.040655 -0.049272 -0.039285 -0.313172 -0.100441 0.288315 -0.214829 -0.005411 0.299928 -0.133814 0.054311 0.279625 -0.056263 0.106762 0.252602 -0.333913 -0.072506 0.067046 -0.517415 -0.087043 0.133581 -0.668110 -0.096752 0.169408 -0.440747 -0.101380 0.475782 -0.517849 -0.101948 0.589082 -0.598726 -0.073771 0.668190 -0.370748 0.033469 0.475005 -0.476794 0.059912 0.594083 -0.589621 0.125099 0.634827 -0.282156 0.116561 0.416859 -0.388527 0.161198 0.515265 -0.509484 0.201630 0.560015 -0.162263 0.164297 0.379250 -0.235225 0.203900 0.466425 -0.326186 0.256833 0.512547 
0.000000 0.000000 0.000000 -0.039167 -0.052756 -0.036147 -0.308186 -0.094239 0.295687 -0.213042 0.004523 0.301214 -0.134183 0.065658 0.277002 -0.058576 0.119040 0.246515 -0.329729 -0.067401 0.078769 -0.510440 -0.069015 0.153949 -0.644804 -0.038690 0.225458 -0.428512 -0.093570 0.487888 -0.501233 -0.093166 0.604050 -0.584204 -0.061002 0.679379 -0.368353 0.056334 0.473459 -0.473987 0.091573 0.590610 -0.590705 0.159443 0.570364 -0.286888 0.146696 0.398771 -0.396387 0.204805 0.486087 -0.522404 0.247403 0.462143 -0.175048 0.190022 0.355978 -0.255217 0.238880 0.431324 -0.358821 0.288451 0.434823 
0.000000 0.000000 0.000000 -0.039950 -0.054328 -0.032808 -0.297819 -0.084530 0.308948 -0.203228 0.014906 0.307593 -0.125615 0.075509 0.278506 -0.051402 0.128103 0.243554 -0.328325 -0.062889 0.088075 -0.493479 -0.026466 0.186608 -0.601111 0.036763 0.278826 -0.412294 -0.080082 0.504641 -0.481479 -0.077394 0.622913 -0.567384 -0.041760 0.693225 -0.349333 0.083515 0.482008 -0.448705 0.130180 0.600634 -0.550005 0.185929 0.528041 -0.275708 0.160366 0.400920 -0.383334 0.221213 0.488698 -0.481797 0.244810 0.399164 -0.162908 0.200477 0.357197 -0.239659 0.250294 0.435420 -0.344334 0.286702 0.405077 
0.000000 0.000000 0.000000 -0.043809 -0.051027 -0.033180 -0.293245 -0.077640 0.315071 -0.193358 0.016477 0.313813 -0.113352 0.073621 0.284214 -0.037348 0.123139 0.248623 -0.328392 -0.068205 0.095520 -0.485904 -0.030584 0.205456 -0.575609 0.041448 0.309624 -0.401018 -0.074010 0.514550 -0.466153 -0.071816 0.635110 -0.552146 -0.033768 0.704035 -0.336458 0.082696 0.491610 -0.433787 0.127734 0.612537 -0.519492 0.174418 0.517067 -0.262875 0.158859 0.407060 -0.370092 0.219980 0.495147 -0.427870 0.219746 0.372960 -0.148116 0.189993 0.366297 -0.224360 0.236010 0.447294 -0.320885 0.260142 0.389817 
0.000000 0.000000 0.000000 -0.045976 -0.048666 -0.033790 -0.293512 -0.072692 0.316002 -0.190131 0.017582 0.315719 -0.108244 0.072229 0.286553 -0.030693 0.119527 0.251282 -0.321541 -0.034072 0.113510 -0.493971 -0.024940 0.205680 -0.568179 0.056410 0.315052 -0.398846 -0.067337 0.516741 -0.462506 -0.064100 0.638062 -0.546817 -0.021960 0.706686 -0.333722 0.085515 0.492471 -0.431383 0.131719 0.612687 -0.509599 0.177033 0.510373 -0.257589 0.160462 0.407485 -0.364679 0.223731 0.494201 -0.404751 0.216631 0.365314 -0.139189 0.183520 0.372606 -0.213868 0.227568 0.456117 -0.300639 0.254079 0.385611 
0.000000 0.000000 0.000000 -0.047951 -0.045294 -0.035681 -0.303678 -0.061908 0.308605 -0.195357 0.022297 0.312211 -0.109911 0.072728 0.285791 -0.029082 0.116190 0.253032 -0.324435 -0.024994 0.109201 -0.497441 -0.012291 0.199859 -0.567703 0.074342 0.307770 -0.415410 -0.052902 0.505722 -0.482937 -0.047460 0.624855 -0.565930 -0.001278 0.692475 -0.341701 0.096459 0.484135 -0.441237 0.146899 0.601067 -0.514768 0.192057 0.495269 -0.260199 0.168037 0.399998 -0.367965 0.236380 0.481892 -0.401831 0.225438 0.351502 -0.137922 0.186617 0.370420 -0.212840 0.235093 0.451221 -0.293121 0.264319 0.374384 
0.000000 0.000000 0.000000 -0.049152 -0.041433 -0.038617 -0.310356 -0.065791 0.301067 -0.198897 0.013743 0.310465 -0.111170 0.062049 0.287815 -0.028236 0.103914 0.258410 -0.327797 -0.028312 0.102914 -0.502156 -0.020101 0.191475 -0.573649 0.065268 0.299584 -0.419798 -0.052554 0.499227 -0.485942 -0.044554 0.618989 -0.566842 0.004751 0.686940 -0.346281 0.091999 0.479664 -0.446523 0.145224 0.594744 -0.515279 0.191282 0.486160 -0.262659 0.162397 0.395959 -0.371286 0.234352 0.473506 -0.400113 0.223664 0.341890 -0.141044 0.177557 0.369933 -0.218692 0.228247 0.446696 -0.292336 0.261297 0.364919 
0.000000 0.000000 0.000000 -0.049824 -0.039284 -0.039977 -0.305439 -0.081850 0.302155 -0.193756 -0.002958 0.313986 -0.106362 0.046481 0.292528 -0.023877 0.089854 0.264059 -0.326079 -0.050087 0.106355 -0.498941 -0.056847 0.197920 -0.573211 0.019458 0.310828 -0.406731 -0.066709 0.504469 -0.467949 -0.057558 0.626742 -0.545345 -0.004785 0.696154 -0.340126 0.075013 0.484194 -0.439678 0.128043 0.599960 -0.504693 0.177220 0.490443 -0.258934 0.144392 0.401382 -0.368337 0.214599 0.479437 -0.393913 0.207758 0.346896 -0.139661 0.158217 0.375893 -0.219357 0.205273 0.452871 -0.288157 0.241988 0.368481 
0.000000 0.000000 0.000000 -0.050851 -0.038044 -0.039884 -0.291942 -0.101295 0.309515 -0.180953 -0.021356 0.320838 -0.095167 0.030425 0.298436 -0.014485 0.076415 0.268928 -0.320041 -0.061754 0.117662 -0.488482 -0.076590 0.216244 -0.558639 -0.011597 0.338477 -0.379974 -0.088017 0.518067 -0.433178 -0.079991 0.644111 -0.505363 -0.025649 0.717795 -0.319463 0.054004 0.498631 -0.413669 0.105259 0.619556 -0.478402 0.164492 0.514959 -0.237557 0.132611 0.416744 -0.339659 0.205885 0.501579 -0.368078 0.208501 0.369467 -0.123462 0.143270 0.388262 -0.198472 0.189288 0.470402 -0.265837 0.232203 0.387798 
0.000000 0.000000 0.000000 -0.053421 -0.034344 -0.039882 -0.284844 -0.106854 0.314224 -0.170859 -0.031245 0.325528 -0.084133 0.018745 0.302682 -0.002939 0.063473 0.272642 -0.319183 -0.060360 0.123029 -0.485480 -0.076639 0.224967 -0.547257 -0.017667 0.354554 -0.364524 -0.096083 0.526250 -0.412680 -0.089573 0.654393 -0.478130 -0.032641 0.732292 -0.300891 0.044175 0.509587 -0.389331 0.095472 0.634773 -0.454264 0.164002 0.536149 -0.221106 0.121635 0.426641 -0.319324 0.195414 0.515526 -0.351118 0.208838 0.384848 -0.107892 0.128694 0.396405 -0.180133 0.173588 0.481594 -0.245567 0.223832 0.401612 
0.000000 0.000000 0.000000 -0.055739 -0.031036 -0.039418 -0.286921 -0.092060 0.317004 -0.168687 -0.023132 0.327333 -0.079512 0.021950 0.303714 0.003759 0.062130 0.272941 -0.321232 -0.052118 0.124641 -0.487360 -0.065311 0.227298 -0.545809 -0.010378 0.360163 -0.357909 -0.078278 0.531925 -0.400812 -0.069948 0.661817 -0.460479 -0.010945 0.742759 -0.293523 0.054080 0.514225 -0.378430 0.106595 0.641338 -0.441977 0.181763 0.546730 -0.211346 0.128649 0.430003 -0.305878 0.205159 0.520560 -0.339422 0.226597 0.391396 -0.098856 0.130802 0.396798 -0.169488 0.178071 0.482051 -0.232730 0.232558 0.403090 
0.000000 0.000000 0.000000 -0.056988 -0.029251 -0.038995 -0.291161 -0.073806 0.317912 -0.170032 -0.009957 0.327303 -0.078929 0.030749 0.303102 0.006071 0.066692 0.271821 -0.322836 -0.038927 0.125557 -0.489187 -0.044982 0.228523 -0.547498 0.008158 0.362175 -0.358305 -0.056407 0.533804 -0.398886 -0.045891 0.664282 -0.454168 0.015910 0.746244 -0.291658 0.073837 0.513475 -0.374380 0.130828 0.640099 -0.435408 0.209802 0.546943 -0.207090 0.141573 0.429620 -0.298988 0.221040 0.520341 -0.332980 0.247035 0.392135 -0.094775 0.138523 0.395339 -0.164189 0.187965 0.480359 -0.224945 0.244915 0.401185 
0.000000 0.000000 0.000000 -0.058566 -0.026049 -0.038928 -0.294045 -0.058673 0.318410 -0.169628 -0.001474 0.327661 -0.076512 0.034309 0.303340 0.010237 0.065681 0.271942 -0.324710 -0.027960 0.125419 -0.491246 -0.029155 0.228256 -0.547608 0.024886 0.362382 -0.358155 -0.042191 0.535294 -0.396901 -0.032230 0.666372 -0.448210 0.031410 0.749501 -0.286652 0.085408 0.515361 -0.366245 0.144499 0.643023 -0.425287 0.226916 0.551586 -0.199161 0.150107 0.430861 -0.287108 0.233142 0.522302 -0.321190 0.261553 0.394633 -0.087082 0.141219 0.396076 -0.154068 0.193213 0.481520 -0.213654 0.252212 0.402959 
0.000000 0.000000 0.000000 -0.059264 -0.024951 -0.038588 -0.292620 -0.055086 0.320358 -0.167226 0.000054 0.328896 -0.073723 0.034414 0.304018 0.013292 0.064493 0.272094 -0.324373 -0.020396 0.127372 -0.490261 -0.017545 0.231220 -0.544048 0.037547 0.365974 -0.355226 -0.036527 0.537513 -0.393062 -0.025311 0.668756 -0.441231 0.039292 0.753013 -0.280150 0.089619 0.517843 -0.356954 0.150536 0.646353 -0.414904 0.235462 0.556527 -0.192522 0.152232 0.433322 -0.277709 0.236714 0.526040 -0.312004 0.266739 0.398799 -0.080558 0.141052 0.398257 -0.145157 0.193750 0.485097 -0.204313 0.253701 0.406933 
0.000000 0.000000 0.000000 -0.058756 -0.026787 -0.038133 -0.290349 -0.058481 0.321820 -0.166286 -0.000271 0.329373 -0.073698 0.036032 0.303836 0.012486 0.067821 0.271322 -0.323712 -0.023868 0.128108 -0.489504 -0.022041 0.232131 -0.542583 0.033786 0.366863 -0.351745 -0.038639 0.539206 -0.388851 -0.026647 0.670589 -0.436945 0.037320 0.755373 -0.279170 0.088739 0.518605 -0.355947 0.149279 0.647309 -0.414938 0.233819 0.557798 -0.192874 0.154030 0.432628 -0.278331 0.238642 0.524979 -0.313402 0.268180 0.397835 -0.082545 0.143562 0.397094 -0.147956 0.195697 0.483666 -0.208201 0.254447 0.405421 
0.000000 0.000000 0.000000 -0.057838 -0.027740 -0.038848 -0.295377 -0.057647 0.317364 -0.171994 0.001782 0.326423 -0.079307 0.038655 0.302097 0.007141 0.070881 0.270732 -0.326996 -0.031159 0.120491 -0.495417 -0.033298 0.220194 -0.553913 0.024231 0.351934 -0.359507 -0.041809 0.534289 -0.398266 -0.032237 0.665393 -0.450390 0.029473 0.749465 -0.293289 0.085126 0.513013 -0.375787 0.141811 0.639920 -0.435791 0.221950 0.547094 -0.207447 0.149850 0.428309 -0.299332 0.229583 0.518811 -0.332297 0.255879 0.390398 -0.093282 0.144694 0.393423 -0.162405 0.195502 0.477874 -0.224216 0.250234 0.397956 
0.000000 0.000000 0.000000 -0.056386 -0.029184 -0.039910 -0.303047 -0.056503 0.310258 -0.180769 0.004783 0.321616 -0.087964 0.042539 0.299164 -0.001143 0.075445 0.269588 -0.331090 -0.038775 0.109396 -0.502982 -0.044777 0.202822 -0.568486 0.017782 0.328847 -0.375058 -0.047402 0.525088 -0.418578 -0.041902 0.654925 -0.478978 0.015918 0.736177 -0.311822 0.084165 0.503270 -0.400957 0.138156 0.626820 -0.462487 0.208954 0.527619 -0.224349 0.147793 0.421779 -0.322146 0.223266 0.509702 -0.351858 0.244007 0.379490 -0.107267 0.142999 0.391080 -0.180315 0.189498 0.474706 -0.243597 0.242468 0.394751 
0.000000 0.000000 0.000000 -0.053066 -0.032877 -0.041557 -0.314322 -0.062226 0.297691 -0.195638 0.005027 0.312790 -0.103707 0.046479 0.293480 -0.017193 0.082613 0.266928 -0.333419 -0.054372 0.095507 -0.508845 -0.067823 0.181273 -0.584216 -0.000945 0.299313 -0.399934 -0.061977 0.507669 -0.451675 -0.061827 0.634574 -0.523302 -0.009191 0.710020 -0.338695 0.076072 0.488750 -0.435993 0.124392 0.608427 -0.499292 0.181874 0.501993 -0.252756 0.136856 0.413189 -0.359633 0.201662 0.499027 -0.385487 0.217102 0.367265 -0.130714 0.142288 0.385832 -0.208852 0.183364 0.467676 -0.274460 0.234500 0.388404 
0.000000 0.000000 0.000000 -0.048871 -0.037157 -0.043069 -0.324700 -0.072912 0.283802 -0.211105 0.001785 0.302603 -0.120926 0.048174 0.286535 -0.035468 0.088730 0.263135 -0.336083 -0.065345 0.077598 -0.515802 -0.082984 0.153105 -0.600882 -0.014236 0.263205 -0.421682 -0.076811 0.488740 -0.480295 -0.079167 0.612599 -0.562176 -0.031847 0.680786 -0.365376 0.066631 0.471334 -0.470301 0.110736 0.586094 -0.530883 0.154647 0.471897 -0.281491 0.128515 0.398240 -0.396626 0.186124 0.478340 -0.416616 0.193288 0.344859 -0.156617 0.137867 0.379303 -0.240005 0.171689 0.459263 -0.307539 0.216878 0.378021 
0.000000 0.000000 0.000000 -0.046827 -0.039159 -0.043563 -0.328012 -0.079483 0.278174 -0.217160 -0.001100 0.298291 -0.128134 0.047852 0.283440 -0.043499 0.090740 0.261238 -0.336052 -0.080587 0.068146 -0.517030 -0.106511 0.138046 -0.607592 -0.035164 0.241945 -0.429499 -0.091280 0.480612 -0.490835 -0.098410 0.602961 -0.579487 -0.056465 0.666006 -0.380450 0.052674 0.462362 -0.491510 0.089247 0.573953 -0.550385 0.121568 0.455090 -0.297831 0.116148 0.389516 -0.419515 0.165120 0.465580 -0.436943 0.165662 0.331550 -0.171745 0.133312 0.372264 -0.260020 0.162614 0.448685 -0.331027 0.201036 0.366924 
0.000000 0.000000 0.000000 -0.045002 -0.041162 -0.043639 -0.328370 -0.087332 0.275385 -0.220411 -0.005094 0.295855 -0.132891 0.046626 0.281447 -0.049473 0.092062 0.259708 -0.332770 -0.095716 0.066176 -0.512837 -0.129852 0.134892 -0.607251 -0.058878 0.235568 -0.432771 -0.102788 0.476088 -0.495868 -0.112129 0.597387 -0.587935 -0.074205 0.658039 -0.390167 0.042196 0.455296 -0.505624 0.074359 0.563738 -0.561718 0.100423 0.442028 -0.308432 0.106025 0.383284 -0.434306 0.148617 0.456307 -0.447736 0.144859 0.321869 -0.180700 0.131905 0.368236 -0.271026 0.159331 0.442938 -0.342244 0.192556 0.359109 
0.000000 0.000000 0.000000 -0.045919 -0.039749 -0.043993 -0.327784 -0.086913 0.276214 -0.218450 -0.006666 0.297275 -0.130253 0.043958 0.283104 -0.046303 0.088482 0.261530 -0.331882 -0.098617 0.068281 -0.510820 -0.135453 0.138536 -0.605298 -0.067108 0.240954 -0.428742 -0.105200 0.478435 -0.489759 -0.116252 0.600651 -0.580433 -0.078763 0.663627 -0.386189 0.040236 0.458949 -0.500274 0.072137 0.568910 -0.557321 0.100094 0.448065 -0.305121 0.104011 0.385713 -0.430512 0.147073 0.459290 -0.445246 0.142487 0.325014 -0.177798 0.128290 0.369746 -0.268310 0.155690 0.444232 -0.339008 0.188447 0.359782 
0.000000 0.000000 0.000000 -0.047805 -0.038658 -0.042943 -0.318831 -0.087995 0.286172 -0.208051 -0.009090 0.304581 -0.119908 0.040921 0.288087 -0.036326 0.084983 0.264253 -0.330164 -0.087422 0.082525 -0.506845 -0.117936 0.161034 -0.593490 -0.051446 0.271300 -0.410159 -0.097743 0.493498 -0.465355 -0.103634 0.618801 -0.550128 -0.061237 0.686692 -0.364057 0.042858 0.476156 -0.470163 0.078189 0.592851 -0.531865 0.114926 0.476737 -0.284822 0.111448 0.400082 -0.403076 0.162020 0.480389 -0.424917 0.160201 0.347019 -0.160098 0.129949 0.379339 -0.245292 0.160900 0.458555 -0.316588 0.197524 0.376222 
0.000000 0.000000 0.000000 -0.050088 -0.039193 -0.039736 -0.299865 -0.088871 0.305734 -0.188735 -0.009107 0.316912 -0.102147 0.041439 0.294780 -0.020522 0.085971 0.265629 -0.324519 -0.073502 0.106405 -0.496240 -0.094970 0.197851 -0.569290 -0.029039 0.317865 -0.377926 -0.085602 0.518609 -0.425105 -0.083627 0.647265 -0.500812 -0.035287 0.721594 -0.329469 0.054806 0.497421 -0.425189 0.098276 0.620192 -0.494833 0.145066 0.512490 -0.253233 0.123182 0.418087 -0.361572 0.181797 0.506505 -0.396983 0.186220 0.376142 -0.132388 0.136157 0.390343 -0.209388 0.170702 0.476186 -0.283879 0.213199 0.399713 
0.000000 0.000000 0.000000 -0.052999 -0.036586 -0.038424 -0.288507 -0.088287 0.316638 -0.174579 -0.012191 0.324824 -0.087547 0.036353 0.300100 -0.005971 0.079227 0.268437 -0.320328 -0.062339 0.121945 -0.487606 -0.078453 0.222293 -0.551426 -0.018502 0.350432 -0.356291 -0.081447 0.532922 -0.397258 -0.077312 0.663638 -0.462093 -0.024931 0.745158 -0.302485 0.059021 0.512023 -0.389478 0.107456 0.639345 -0.463317 0.166768 0.541013 -0.225117 0.128778 0.431424 -0.323763 0.195052 0.525591 -0.369849 0.208547 0.399250 -0.110351 0.135766 0.396868 -0.182198 0.174683 0.485269 -0.257568 0.222255 0.412747 
0.000000 0.000000 0.000000 -0.054482 -0.034377 -0.038391 -0.285374 -0.089088 0.319241 -0.169530 -0.015932 0.327327 -0.081767 0.031123 0.302311 0.000294 0.072808 0.270315 -0.317805 -0.052434 0.129481 -0.482576 -0.063734 0.234524 -0.541751 -0.008937 0.367123 -0.344792 -0.073111 0.537495 -0.380702 -0.063455 0.669401 -0.436668 -0.008449 0.755629 -0.287354 0.060960 0.518846 -0.367492 0.113258 0.649105 -0.440299 0.183160 0.557170 -0.209843 0.132307 0.436743 -0.301681 0.204862 0.533139 -0.351057 0.226501 0.409197 -0.098248 0.135328 0.400572 -0.166076 0.178362 0.490231 -0.239503 0.229563 0.418190 
0.000000 0.000000 0.000000 -0.055850 -0.032201 -0.038312 -0.288389 -0.077389 0.319583 -0.169706 -0.008915 0.327502 -0.080158 0.034579 0.302366 0.003471 0.072930 0.270260 -0.318560 -0.039275 0.131334 -0.482947 -0.043701 0.237487 -0.541850 0.008679 0.371179 -0.344318 -0.055261 0.538220 -0.378121 -0.041888 0.670359 -0.426947 0.016275 0.758825 -0.282908 0.077079 0.517936 -0.359901 0.135566 0.647457 -0.429048 0.213127 0.558900 -0.201115 0.145752 0.435496 -0.287848 0.225471 0.530958 -0.337532 0.253023 0.408318 -0.091548 0.144602 0.398403 -0.156952 0.193935 0.486607 -0.227121 0.247385 0.412968 
0.000000 0.000000 0.000000 -0.057765 -0.028705 -0.038251 -0.292294 -0.059433 0.319879 -0.169611 0.001601 0.327669 -0.077578 0.039493 0.302437 0.008222 0.072615 0.270242 -0.321023 -0.023049 0.130595 -0.485753 -0.019510 0.236249 -0.544706 0.030895 0.370677 -0.345784 -0.033235 0.538677 -0.378112 -0.017401 0.670912 -0.420660 0.044239 0.760262 -0.276790 0.097961 0.516618 -0.349687 0.163499 0.645131 -0.412913 0.249002 0.559509 -0.193180 0.158676 0.433377 -0.276074 0.244138 0.527269 -0.323816 0.279889 0.405981 -0.084340 0.151200 0.396110 -0.148053 0.205291 0.482748 -0.213759 0.263783 0.408826 
0.000000 0.000000 0.000000 -0.059233 -0.025487 -0.038285 -0.295471 -0.042747 0.319624 -0.169591 0.011376 0.327485 -0.075568 0.044063 0.302315 0.011975 0.072327 0.270179 -0.322769 -0.007936 0.129307 -0.487673 0.003046 0.234175 -0.546797 0.053595 0.368473 -0.348037 -0.012290 0.538095 -0.379806 0.006117 0.670132 -0.417810 0.070373 0.759687 -0.271800 0.112652 0.516618 -0.341316 0.181533 0.645255 -0.398052 0.272749 0.560994 -0.184012 0.169327 0.433701 -0.261774 0.259149 0.527913 -0.306291 0.300018 0.407016 -0.076117 0.154082 0.397230 -0.136752 0.210356 0.484683 -0.198771 0.273854 0.411712 
0.000000 0.000000 0.000000 -0.059856 -0.023177 -0.038780 -0.299335 -0.031989 0.317278 -0.171565 0.017328 0.326194 -0.076182 0.046472 0.301799 0.012612 0.071452 0.270382 -0.324580 0.004100 0.125608 -0.490227 0.021169 0.228471 -0.551276 0.073076 0.361383 -0.352677 0.001137 0.535171 -0.384916 0.021157 0.666860 -0.421308 0.086766 0.756102 -0.274241 0.122830 0.512745 -0.344076 0.194586 0.639626 -0.395873 0.289029 0.555739 -0.183801 0.176002 0.429682 -0.260970 0.268883 0.521382 -0.302218 0.311746 0.400017 -0.075925 0.157468 0.394272 -0.136866 0.216675 0.479548 -0.196222 0.282632 0.406544 
0.000000 0.000000 0.000000 -0.059653 -0.023137 -0.039117 -0.301667 -0.029880 0.315269 -0.173809 0.019075 0.324906 -0.078166 0.047833 0.301078 0.010925 0.072421 0.270198 -0.326786 -0.000303 0.122019 -0.493941 0.013985 0.222847 -0.556746 0.067477 0.354304 -0.360586 0.002158 0.531884 -0.396195 0.021521 0.662801 -0.434212 0.086803 0.751605 -0.281564 0.122552 0.509718 -0.354853 0.192932 0.635417 -0.405851 0.287393 0.551063 -0.188440 0.175365 0.428708 -0.267512 0.266812 0.520226 -0.307437 0.310379 0.398669 -0.080187 0.156551 0.393515 -0.142900 0.214458 0.478397 -0.202475 0.281525 0.406592 
0.000000 0.000000 0.000000 -0.059260 -0.022666 -0.039980 -0.304864 -0.033321 0.311830 -0.177096 0.015465 0.323319 -0.081206 0.044450 0.300792 0.008202 0.069348 0.271099 -0.330319 -0.007751 0.115425 -0.499930 0.001581 0.212668 -0.564821 0.056408 0.342552 -0.366732 -0.012429 0.528984 -0.404124 0.000197 0.660226 -0.446199 0.062170 0.749569 -0.291424 0.111716 0.508088 -0.369183 0.177180 0.633756 -0.422984 0.270392 0.549755 -0.200480 0.163964 0.428086 -0.286007 0.249663 0.519364 -0.325031 0.293704 0.397686 -0.088210 0.147391 0.394388 -0.154572 0.201110 0.479251 -0.215726 0.269159 0.409734 
0.000000 0.000000 0.000000 -0.058281 -0.022922 -0.041254 -0.310042 -0.039532 0.305944 -0.183040 0.010512 0.320193 -0.087082 0.040736 0.299673 0.002569 0.066870 0.271832 -0.333330 -0.017392 0.107621 -0.505438 -0.013931 0.200777 -0.574680 0.041466 0.328148 -0.378945 -0.023268 0.521369 -0.420587 -0.013440 0.651567 -0.468855 0.043841 0.740910 -0.305185 0.097214 0.504686 -0.388261 0.156184 0.630166 -0.444660 0.246799 0.545034 -0.213591 0.152176 0.427305 -0.304307 0.232087 0.518824 -0.340036 0.274616 0.395606 -0.099657 0.136599 0.395420 -0.170021 0.184595 0.480488 -0.232376 0.252635 0.412037 
0.000000 0.000000 0.000000 -0.056168 -0.024066 -0.043472 -0.319659 -0.049684 0.294347 -0.194562 0.003434 0.313482 -0.098733 0.036223 0.296624 -0.008840 0.064823 0.272197 -0.337753 -0.033247 0.092440 -0.513950 -0.038991 0.177486 -0.591061 0.015692 0.300573 -0.397199 -0.047269 0.507424 -0.444062 -0.045810 0.636202 -0.500397 0.005144 0.724651 -0.328028 0.078608 0.495169 -0.418803 0.129736 0.618743 -0.477269 0.214022 0.528648 -0.237471 0.134046 0.422705 -0.336954 0.204190 0.513113 -0.367828 0.243208 0.387445 -0.118849 0.125068 0.394076 -0.194571 0.166536 0.477968 -0.258425 0.232700 0.409062 
0.000000 0.000000 0.000000 -0.054138 -0.024898 -0.045531 -0.325137 -0.068378 0.284430 -0.202549 -0.011417 0.308189 -0.107552 0.025132 0.294699 -0.018139 0.057480 0.273383 -0.339324 -0.048292 0.080834 -0.517775 -0.062930 0.159904 -0.599536 -0.007838 0.279766 -0.411042 -0.079712 0.493982 -0.462960 -0.086563 0.620630 -0.528990 -0.042427 0.705983 -0.344903 0.051129 0.487906 -0.441723 0.093670 0.610138 -0.502909 0.167127 0.512672 -0.256263 0.109227 0.419305 -0.362898 0.169528 0.508655 -0.392329 0.203287 0.381132 -0.132980 0.107853 0.395285 -0.212028 0.142526 0.479193 -0.280171 0.205897 0.411785 
0.000000 0.000000 0.000000 -0.050611 -0.031033 -0.045819 -0.319660 -0.099150 0.281562 -0.204110 -0.029229 0.305977 -0.113354 0.017031 0.293099 -0.027607 0.058430 0.272387 -0.336636 -0.070441 0.074528 -0.515611 -0.095100 0.149833 -0.599629 -0.045153 0.270386 -0.405523 -0.119556 0.490443 -0.457416 -0.131889 0.616685 -0.530512 -0.093078 0.698805 -0.352437 0.020706 0.484806 -0.453321 0.054670 0.606435 -0.513854 0.117911 0.501670 -0.269163 0.086422 0.418087 -0.380888 0.136181 0.507712 -0.407002 0.163618 0.377969 -0.144874 0.097965 0.395966 -0.225591 0.125177 0.481028 -0.298013 0.181602 0.411931 
0.000000 0.000000 0.000000 -0.050436 -0.030872 -0.046119 -0.314810 -0.112696 0.281930 -0.200437 -0.041105 0.307039 -0.110753 0.007287 0.294494 -0.026057 0.050919 0.274043 -0.332383 -0.090901 0.075327 -0.508806 -0.128463 0.151319 -0.591481 -0.081250 0.273886 -0.396042 -0.141446 0.491679 -0.445137 -0.158821 0.618447 -0.522113 -0.123406 0.698531 -0.351496 0.000379 0.485742 -0.454237 0.028593 0.607285 -0.516312 0.085252 0.499694 -0.269780 0.069014 0.419450 -0.383812 0.113276 0.509051 -0.409859 0.135735 0.378341 -0.145207 0.085686 0.397253 -0.227221 0.109617 0.482061 -0.302374 0.160054 0.411272 
0.000000 0.000000 0.000000 -0.052370 -0.030889 -0.043899 -0.305831 -0.105500 0.294325 -0.189871 -0.034889 0.314434 -0.100168 0.012320 0.298095 -0.015782 0.054726 0.274093 -0.330799 -0.087960 0.086739 -0.505022 -0.123671 0.168485 -0.582374 -0.071783 0.292626 -0.380526 -0.126664 0.507381 -0.425670 -0.139454 0.636147 -0.499605 -0.102339 0.718301 -0.335522 0.008431 0.497146 -0.434585 0.037895 0.621416 -0.499486 0.095173 0.515839 -0.254196 0.078432 0.427008 -0.364644 0.125838 0.519445 -0.395976 0.146562 0.389612 -0.131055 0.093015 0.399920 -0.210399 0.119370 0.486529 -0.286008 0.170517 0.416740 
0.000000 0.000000 0.000000 -0.055328 -0.031042 -0.039988 -0.297890 -0.074852 0.311367 -0.178381 -0.008352 0.322874 -0.087522 0.033859 0.300399 -0.002477 0.071070 0.270766 -0.330529 -0.065177 0.104738 -0.502732 -0.086537 0.195298 -0.574343 -0.025123 0.318534 -0.366687 -0.087300 0.527079 -0.408267 -0.094823 0.657451 -0.474760 -0.052778 0.743497 -0.312795 0.049179 0.510218 -0.404215 0.088308 0.637638 -0.473601 0.148258 0.536489 -0.231049 0.111812 0.434701 -0.333967 0.167709 0.531003 -0.374343 0.189684 0.403901 -0.109572 0.114667 0.401976 -0.183288 0.144675 0.492291 -0.259045 0.201633 0.427330 
0.000000 0.000000 0.000000 -0.057534 -0.030083 -0.037533 -0.297974 -0.037978 0.317899 -0.174640 0.021897 0.324282 -0.081740 0.057202 0.298484 0.004976 0.087434 0.265898 -0.332058 -0.036033 0.112291 -0.503838 -0.039756 0.206042 -0.574100 0.028553 0.326391 -0.365706 -0.035146 0.534288 -0.406642 -0.033434 0.665068 -0.465410 0.015515 0.753065 -0.301239 0.094980 0.511648 -0.387343 0.144686 0.639084 -0.456967 0.209713 0.541291 -0.216477 0.149588 0.432739 -0.313092 0.215834 0.529008 -0.358377 0.241049 0.404182 -0.096495 0.143554 0.396820 -0.166338 0.182182 0.486936 -0.240590 0.243787 0.424529 
0.000000 0.000000 0.000000 -0.059346 -0.028760 -0.035705 -0.297505 -0.005017 0.320556 -0.171030 0.048211 0.323360 -0.076504 0.076957 0.295417 0.011524 0.100636 0.260980 -0.331300 -0.005855 0.117142 -0.501471 0.008477 0.212785 -0.569389 0.083153 0.330673 -0.361797 0.012603 0.537296 -0.400653 0.023252 0.668287 -0.452419 0.078920 0.756687 -0.288183 0.139896 0.508680 -0.367863 0.202255 0.634723 -0.433546 0.273133 0.538279 -0.201105 0.185573 0.427291 -0.290452 0.263457 0.521854 -0.337633 0.291816 0.398413 -0.084168 0.170707 0.389508 -0.150035 0.218937 0.477976 -0.221238 0.284584 0.416139 
0.000000 0.000000 0.000000 -0.060987 -0.026295 -0.034830 -0.296223 0.019986 0.321158 -0.166953 0.066081 0.322331 -0.071059 0.088741 0.293465 0.018041 0.106541 0.258253 -0.329843 0.016226 0.119296 -0.498075 0.042833 0.215738 -0.565026 0.120333 0.332350 -0.357357 0.052880 0.537030 -0.394304 0.072760 0.667498 -0.439742 0.134611 0.755264 -0.278259 0.170067 0.504738 -0.353962 0.240792 0.628801 -0.414656 0.316963 0.533127 -0.188000 0.208599 0.422587 -0.271854 0.294545 0.515176 -0.318799 0.325553 0.392283 -0.075154 0.186032 0.383082 -0.139301 0.240747 0.469004 -0.206747 0.308595 0.405358 
0.000000 0.000000 0.000000 -0.061539 -0.024806 -0.034949 -0.296183 0.026779 0.320701 -0.165853 0.069781 0.322119 -0.069400 0.090173 0.293426 0.020155 0.105874 0.258371 -0.327665 0.030220 0.119956 -0.494189 0.064651 0.216886 -0.561876 0.140219 0.334337 -0.355504 0.068718 0.535508 -0.391356 0.094064 0.665332 -0.431840 0.159647 0.752814 -0.272151 0.181984 0.502634 -0.344450 0.258298 0.625409 -0.398691 0.340852 0.531165 -0.179888 0.220035 0.418494 -0.259114 0.313155 0.508175 -0.303535 0.346656 0.384998 -0.067962 0.193587 0.381368 -0.128615 0.253961 0.466028 -0.191991 0.322882 0.399420 
0.000000 0.000000 0.000000 -0.061316 -0.022536 -0.036828 -0.301701 0.022774 0.315830 -0.170635 0.063177 0.320982 -0.073284 0.082555 0.294721 0.017204 0.097571 0.261830 -0.328639 0.032300 0.116070 -0.495912 0.066612 0.211744 -0.566338 0.137656 0.330403 -0.363597 0.064129 0.530023 -0.401005 0.089123 0.659475 -0.439164 0.154959 0.747808 -0.277392 0.178052 0.499535 -0.350002 0.256184 0.620976 -0.398777 0.344461 0.528957 -0.182074 0.215905 0.417588 -0.260083 0.311525 0.505691 -0.301758 0.349390 0.382819 -0.070573 0.188742 0.382534 -0.130991 0.251496 0.465617 -0.190957 0.322000 0.397526 
0.000000 0.000000 0.000000 -0.060016 -0.021835 -0.039308 -0.312079 0.015871 0.306015 -0.181332 0.056306 0.316363 -0.083197 0.076336 0.293764 0.008307 0.092135 0.264222 -0.330467 0.031439 0.108558 -0.499698 0.064774 0.201083 -0.574279 0.131391 0.319770 -0.376728 0.059104 0.519021 -0.415800 0.085234 0.647755 -0.453818 0.151238 0.736023 -0.287165 0.172462 0.494637 -0.359147 0.251465 0.615888 -0.404185 0.343699 0.525866 -0.190200 0.213044 0.414491 -0.266927 0.311072 0.501059 -0.306036 0.351627 0.378202 -0.079491 0.186073 0.382768 -0.139925 0.250733 0.464366 -0.197587 0.321697 0.394779 
0.000000 0.000000 0.000000 -0.059148 -0.019665 -0.041698 -0.321091 0.013596 0.296658 -0.190027 0.051297 0.312083 -0.090897 0.070083 0.293040 0.001748 0.084947 0.266743 -0.332100 0.030860 0.102492 -0.502895 0.062476 0.192717 -0.580768 0.125311 0.311353 -0.389777 0.055029 0.508757 -0.431288 0.080070 0.636943 -0.470081 0.145416 0.725364 -0.299494 0.165600 0.489357 -0.373947 0.243341 0.609929 -0.417099 0.339252 0.522875 -0.199815 0.206274 0.412633 -0.277916 0.303932 0.498388 -0.315946 0.348277 0.376506 -0.088648 0.180425 0.382064 -0.150869 0.246144 0.461442 -0.207320 0.318514 0.392312 
0.000000 0.000000 0.000000 -0.058252 -0.018928 -0.043270 -0.327315 0.008766 0.289963 -0.196602 0.046132 0.308799 -0.097086 0.065184 0.292184 -0.003902 0.080440 0.268114 -0.332930 0.030714 0.097920 -0.504804 0.061777 0.186267 -0.584950 0.121945 0.304772 -0.397928 0.048596 0.501735 -0.440605 0.072668 0.629724 -0.480516 0.136746 0.718574 -0.307462 0.157106 0.487318 -0.382863 0.232584 0.608737 -0.425740 0.332625 0.526319 -0.206823 0.200131 0.412438 -0.285511 0.296896 0.498667 -0.323839 0.346900 0.379090 -0.094908 0.174201 0.384359 -0.157550 0.238739 0.464373 -0.213888 0.314400 0.398764 
0.000000 0.000000 0.000000 -0.057159 -0.019653 -0.044390 -0.332635 0.002723 0.283967 -0.202872 0.042003 0.305313 -0.103373 0.062627 0.290582 -0.010010 0.079386 0.268270 -0.334758 0.025691 0.092464 -0.508462 0.054065 0.178098 -0.592074 0.111922 0.295351 -0.407383 0.038918 0.494971 -0.452559 0.060793 0.622496 -0.494507 0.123704 0.711241 -0.317956 0.150451 0.482708 -0.396229 0.224211 0.603362 -0.439551 0.325759 0.523047 -0.215844 0.195166 0.410987 -0.296493 0.290206 0.497324 -0.335661 0.343022 0.379238 -0.103512 0.171016 0.384234 -0.167871 0.234086 0.464054 -0.225531 0.310445 0.400432 
0.000000 0.000000 0.000000 -0.056336 -0.021130 -0.044763 -0.334938 -0.003522 0.281237 -0.206271 0.038763 0.303458 -0.107143 0.061557 0.289443 -0.014000 0.080316 0.267814 -0.336073 0.017379 0.089813 -0.511114 0.041476 0.174021 -0.597681 0.097136 0.290189 -0.413722 0.029463 0.491297 -0.461336 0.049399 0.618252 -0.505850 0.111583 0.706256 -0.325855 0.143126 0.480327 -0.407189 0.214107 0.600623 -0.452204 0.314886 0.520270 -0.224492 0.190159 0.409462 -0.308638 0.282375 0.495523 -0.349277 0.335783 0.378202 -0.111502 0.169269 0.382562 -0.178615 0.230497 0.461544 -0.238452 0.305813 0.398694 
0.000000 0.000000 0.000000 -0.056235 -0.020627 -0.045122 -0.335365 -0.007683 0.280645 -0.206796 0.034499 0.303616 -0.107680 0.057620 0.290054 -0.014532 0.076796 0.268816 -0.337147 0.011033 0.088789 -0.512924 0.030843 0.172583 -0.601040 0.085078 0.288259 -0.415516 0.020538 0.490882 -0.463958 0.037595 0.617943 -0.509765 0.098581 0.706122 -0.328046 0.136239 0.480878 -0.410513 0.205437 0.601441 -0.459099 0.306884 0.524063 -0.227362 0.183395 0.410762 -0.313182 0.273584 0.497317 -0.359743 0.332566 0.384974 -0.113382 0.163243 0.384324 -0.181422 0.222746 0.463830 -0.243833 0.300844 0.407184 
0.000000 0.000000 0.000000 -0.056928 -0.019074 -0.044936 -0.333530 -0.004157 0.282897 -0.204019 0.035308 0.305396 -0.104571 0.056661 0.291377 -0.011217 0.074266 0.269685 -0.336826 0.013979 0.090752 -0.511967 0.034661 0.175657 -0.601327 0.089372 0.290149 -0.411948 0.022335 0.494010 -0.459341 0.038346 0.621602 -0.504515 0.097690 0.711217 -0.324785 0.136284 0.483423 -0.406924 0.204962 0.604507 -0.457064 0.307600 0.529735 -0.222866 0.180993 0.414915 -0.307692 0.270146 0.503499 -0.357860 0.334381 0.395679 -0.109420 0.157311 0.388200 -0.177015 0.214472 0.469777 -0.241045 0.296442 0.420947 
0.000000 0.000000 0.000000 -0.058226 -0.018281 -0.043582 -0.327752 0.006055 0.289538 -0.196985 0.042899 0.309021 -0.097401 0.061923 0.292788 -0.004145 0.077254 0.269046 -0.335849 0.023736 0.094281 -0.509568 0.050027 0.180546 -0.598749 0.109175 0.292951 -0.404921 0.033773 0.500954 -0.451560 0.050524 0.628729 -0.494484 0.109438 0.719722 -0.314104 0.145573 0.488508 -0.393761 0.215405 0.610585 -0.444916 0.319094 0.537983 -0.212708 0.186659 0.418721 -0.295391 0.276102 0.509022 -0.348271 0.343864 0.404715 -0.099300 0.160680 0.389760 -0.164797 0.218105 0.472849 -0.228657 0.303956 0.430961 
0.000000 0.000000 0.000000 -0.060147 -0.016851 -0.041500 -0.318638 0.024936 0.298561 -0.186020 0.056970 0.313509 -0.086290 0.071704 0.294039 0.006757 0.082845 0.267324 -0.332525 0.039842 0.101475 -0.502962 0.075316 0.190940 -0.592362 0.139521 0.300358 -0.392293 0.057905 0.510476 -0.436808 0.077831 0.638552 -0.476740 0.137206 0.730602 -0.295442 0.165201 0.494583 -0.369863 0.238813 0.617738 -0.423331 0.345978 0.552192 -0.193522 0.199290 0.424179 -0.270415 0.290778 0.517497 -0.329263 0.368084 0.423535 -0.081947 0.166735 0.392546 -0.143003 0.224479 0.478738 -0.205660 0.316591 0.450586 
0.000000 0.000000 0.000000 -0.061851 -0.014717 -0.039771 -0.309378 0.040030 0.306550 -0.175232 0.066790 0.317758 -0.075538 0.077334 0.295567 0.017142 0.084505 0.266339 -0.327696 0.053610 0.110243 -0.494044 0.096363 0.204113 -0.583810 0.163300 0.311577 -0.380670 0.067327 0.520074 -0.423757 0.083824 0.649122 -0.461925 0.139675 0.744080 -0.278564 0.173127 0.503471 -0.348845 0.245452 0.629781 -0.403702 0.359651 0.578904 -0.175578 0.199953 0.435818 -0.247313 0.287878 0.536387 -0.312544 0.383718 0.466907 -0.066945 0.162891 0.398138 -0.124825 0.216846 0.488858 -0.185102 0.314582 0.484673 
0.000000 0.000000 0.000000 -0.062488 -0.013951 -0.039045 -0.304893 0.039571 0.311071 -0.170421 0.065305 0.320670 -0.070967 0.075347 0.297208 0.021356 0.082124 0.266778 -0.326997 0.055317 0.112886 -0.492510 0.098660 0.207955 -0.582534 0.164100 0.316122 -0.378224 0.062204 0.524449 -0.422544 0.075884 0.653409 -0.461984 0.129092 0.749360 -0.275058 0.167567 0.507934 -0.346226 0.237120 0.635300 -0.402223 0.353726 0.591634 -0.172788 0.187310 0.444892 -0.245799 0.267595 0.550790 -0.312442 0.370490 0.493874 -0.061668 0.151507 0.404180 -0.118815 0.199264 0.498757 -0.179706 0.295869 0.511522 
0.000000 0.000000 0.000000 -0.061823 -0.013142 -0.040362 -0.309941 0.031849 0.306940 -0.175693 0.057571 0.319304 -0.075894 0.068315 0.297690 0.016893 0.075945 0.268920 -0.328485 0.048152 0.111232 -0.495344 0.086507 0.206091 -0.588488 0.146957 0.314520 -0.387138 0.048406 0.519512 -0.433794 0.058412 0.647984 -0.476741 0.109076 0.743806 -0.284105 0.153457 0.507790 -0.357840 0.218674 0.635987 -0.415840 0.331006 0.584443 -0.181890 0.176142 0.445513 -0.257897 0.253461 0.551512 -0.322354 0.347969 0.479529 -0.069299 0.141383 0.406307 -0.128627 0.186426 0.500873 -0.193636 0.280793 0.509344 
0.000000 0.000000 0.000000 -0.060322 -0.018456 -0.040553 -0.313716 0.011938 0.304517 -0.181959 0.048167 0.317345 -0.083137 0.066324 0.296202 0.008988 0.080733 0.267904 -0.327816 0.034648 0.112656 -0.495196 0.067878 0.208525 -0.595988 0.121062 0.313878 -0.392313 0.028485 0.516575 -0.439815 0.038486 0.644737 -0.486924 0.086708 0.739861 -0.291499 0.135625 0.509248 -0.366003 0.195108 0.639768 -0.433017 0.303780 0.591407 -0.192903 0.165736 0.447140 -0.271612 0.237021 0.555372 -0.346020 0.327243 0.487611 -0.076475 0.142458 0.407448 -0.135300 0.184944 0.503499 -0.208727 0.272169 0.517763 
0.000000 0.000000 0.000000 -0.058784 -0.026996 -0.037941 -0.303100 -0.017817 0.314806 -0.176556 0.034816 0.322107 -0.081479 0.064421 0.297081 0.007201 0.089266 0.265237 -0.324699 0.019379 0.120124 -0.491092 0.048397 0.219031 -0.597945 0.095492 0.321263 -0.384910 -0.002698 0.525753 -0.434354 0.006439 0.653244 -0.484049 0.051601 0.748554 -0.287730 0.117471 0.515195 -0.363343 0.173689 0.646522 -0.443238 0.279605 0.614307 -0.188487 0.154380 0.455733 -0.265219 0.218885 0.569497 -0.356083 0.305489 0.519382 -0.075800 0.142701 0.409605 -0.132930 0.179481 0.508976 -0.214051 0.256866 0.534158 
0.000000 0.000000 0.000000 -0.057290 -0.029925 -0.038029 -0.301552 -0.035132 0.314837 -0.177973 0.024110 0.322306 -0.084615 0.058817 0.297367 0.002604 0.088458 0.265593 -0.321728 0.009680 0.124300 -0.487195 0.034462 0.225875 -0.597260 0.078755 0.325929 -0.386273 -0.021914 0.524760 -0.437477 -0.013926 0.651632 -0.490854 0.028740 0.746097 -0.292272 0.094819 0.518292 -0.370012 0.142912 0.651590 -0.457250 0.245369 0.628540 -0.192695 0.140684 0.459633 -0.270196 0.199387 0.575988 -0.367845 0.280918 0.530321 -0.080896 0.135730 0.411809 -0.138371 0.168268 0.512453 -0.223824 0.240132 0.539593 
0.000000 0.000000 0.000000 -0.055236 -0.034218 -0.037443 -0.295708 -0.055685 0.317406 -0.176752 0.012489 0.323636 -0.086386 0.053830 0.297802 -0.001824 0.089637 0.265204 -0.317884 0.002441 0.128443 -0.482232 0.025380 0.232244 -0.592978 0.066338 0.332965 -0.382697 -0.045351 0.526562 -0.435271 -0.039105 0.652970 -0.490569 0.000840 0.747519 -0.290800 0.081050 0.520529 -0.368369 0.127681 0.654443 -0.459069 0.224739 0.622936 -0.200470 0.132033 0.457748 -0.282276 0.188109 0.572440 -0.377128 0.260708 0.509191 -0.086960 0.139599 0.409571 -0.145560 0.173989 0.508943 -0.236647 0.242716 0.522468 
0.000000 0.000000 0.000000 -0.054750 -0.034761 -0.037656 -0.294024 -0.063620 0.317479 -0.176193 0.006443 0.324117 -0.086580 0.049516 0.298493 -0.002695 0.087027 0.266064 -0.316816 -0.006128 0.130712 -0.480800 0.011788 0.236066 -0.593175 0.048344 0.336676 -0.379899 -0.052336 0.527046 -0.431800 -0.045515 0.653702 -0.487876 -0.005117 0.747599 -0.294052 0.071643 0.519904 -0.374213 0.115988 0.653067 -0.463710 0.208847 0.608269 -0.205907 0.129451 0.453687 -0.291472 0.186770 0.564971 -0.379546 0.250609 0.484750 -0.092195 0.140444 0.406501 -0.153800 0.177213 0.503166 -0.246491 0.244803 0.496598 
0.000000 0.000000 0.000000 -0.052567 -0.038851 -0.036760 -0.290449 -0.072309 0.318906 -0.176898 0.004629 0.323764 -0.089886 0.052153 0.297063 -0.008257 0.093616 0.263703 -0.317093 -0.014614 0.128422 -0.482616 0.000552 0.231782 -0.598704 0.031869 0.329912 -0.379539 -0.055828 0.526780 -0.433383 -0.045867 0.652413 -0.491001 -0.002211 0.743886 -0.298183 0.076501 0.515072 -0.380674 0.125384 0.645188 -0.469461 0.215201 0.593331 -0.213448 0.137793 0.445764 -0.302050 0.199202 0.552392 -0.386197 0.256331 0.463378 -0.104707 0.155234 0.395940 -0.171096 0.197647 0.486962 -0.262041 0.264830 0.466504 
0.000000 0.000000 0.000000 -0.052101 -0.038239 -0.038041 -0.298957 -0.068936 0.311710 -0.184674 0.006682 0.319356 -0.096493 0.053195 0.294797 -0.013600 0.093709 0.263448 -0.323918 -0.023056 0.116010 -0.494004 -0.013555 0.212404 -0.615572 0.013456 0.305024 -0.390831 -0.049890 0.518148 -0.446357 -0.038380 0.642913 -0.504406 0.005914 0.733806 -0.308654 0.082307 0.507463 -0.392978 0.133743 0.635402 -0.481401 0.223786 0.583316 -0.225970 0.143663 0.435386 -0.318813 0.208534 0.536196 -0.403624 0.266562 0.448402 -0.117482 0.160358 0.387354 -0.188986 0.206233 0.472641 -0.279285 0.273934 0.451058 
0.000000 0.000000 0.000000 -0.051463 -0.036759 -0.040302 -0.312479 -0.063586 0.299340 -0.196824 0.009230 0.311949 -0.106674 0.053763 0.291164 -0.021681 0.092464 0.263347 -0.327726 -0.017135 0.105094 -0.500593 -0.004856 0.196073 -0.626714 0.021173 0.282693 -0.410930 -0.049320 0.503114 -0.470431 -0.040698 0.626270 -0.528511 -0.000617 0.719078 -0.330474 0.079058 0.495623 -0.421374 0.126551 0.620548 -0.510371 0.223264 0.583593 -0.240259 0.143833 0.428117 -0.336048 0.208420 0.526320 -0.426121 0.276084 0.451645 -0.127834 0.160795 0.384379 -0.200900 0.207828 0.467688 -0.290472 0.278511 0.454121 
0.000000 0.000000 0.000000 -0.050846 -0.034356 -0.043107 -0.327881 -0.056018 0.283983 -0.210403 0.012394 0.302843 -0.117869 0.053893 0.286790 -0.030371 0.089840 0.263396 -0.332458 -0.010233 0.090905 -0.508672 0.004862 0.174761 -0.641839 0.028609 0.250850 -0.433660 -0.048975 0.484436 -0.497590 -0.044718 0.605584 -0.557680 -0.010157 0.699328 -0.346939 0.082268 0.484365 -0.439803 0.129792 0.607824 -0.532616 0.229658 0.600612 -0.251065 0.142387 0.425143 -0.346574 0.205843 0.524350 -0.446983 0.281350 0.474502 -0.132118 0.157212 0.388675 -0.202153 0.203586 0.474906 -0.291620 0.275127 0.483890 
0.000000 0.000000 0.000000 -0.047932 -0.034974 -0.045861 -0.346674 -0.050025 0.261926 -0.230478 0.018381 0.287540 -0.136899 0.059325 0.277102 -0.047867 0.094602 0.259095 -0.337306 -0.012075 0.070693 -0.518378 0.002254 0.143624 -0.662252 0.017088 0.199901 -0.466346 -0.046973 0.454512 -0.538672 -0.045129 0.570906 -0.605898 -0.015646 0.661485 -0.375030 0.081160 0.465410 -0.473347 0.123859 0.586387 -0.569996 0.218299 0.605862 -0.273829 0.140385 0.416361 -0.372016 0.198510 0.516218 -0.483212 0.273396 0.499024 -0.144459 0.162493 0.388119 -0.210945 0.209223 0.476929 -0.296256 0.277675 0.512135 
0.000000 0.000000 0.000000 -0.043922 -0.039241 -0.046421 -0.355945 -0.056627 0.247764 -0.244582 0.018598 0.275629 -0.152720 0.063772 0.267687 -0.064756 0.102745 0.252232 -0.338719 -0.021817 0.056716 -0.523184 -0.010914 0.121253 -0.674089 -0.013081 0.157445 -0.492695 -0.051441 0.428575 -0.575343 -0.048307 0.537853 -0.652332 -0.018494 0.620175 -0.398334 0.076984 0.447168 -0.502907 0.116696 0.563839 -0.603495 0.205801 0.587955 -0.295726 0.142420 0.402138 -0.398271 0.198816 0.498548 -0.514764 0.267245 0.494682 -0.165721 0.169297 0.378578 -0.235218 0.215106 0.465543 -0.320139 0.280831 0.506431 
0.000000 0.000000 0.000000 -0.040169 -0.042894 -0.046589 -0.361082 -0.067757 0.237316 -0.254806 0.014045 0.266485 -0.165176 0.063736 0.260194 -0.078850 0.106806 0.246468 -0.337645 -0.049572 0.049897 -0.523787 -0.053751 0.110271 -0.675277 -0.078153 0.133555 -0.505582 -0.062280 0.411987 -0.592914 -0.058969 0.517553 -0.675683 -0.027920 0.593569 -0.420084 0.064620 0.429579 -0.532497 0.099018 0.540505 -0.639804 0.180961 0.560749 -0.316518 0.134000 0.390087 -0.425040 0.184383 0.483229 -0.546279 0.244093 0.481235 -0.189702 0.172813 0.364541 -0.266003 0.218247 0.445813 -0.355838 0.279542 0.482902 
0.000000 0.000000 0.000000 -0.034745 -0.049242 -0.044631 -0.352986 -0.096933 0.239364 -0.256789 -0.002438 0.264935 -0.173258 0.056677 0.256546 -0.092211 0.108504 0.241029 -0.331006 -0.082151 0.050197 -0.516387 -0.102744 0.109535 -0.664214 -0.144063 0.132486 -0.502314 -0.097197 0.410013 -0.592564 -0.097356 0.513149 -0.682434 -0.068333 0.581518 -0.429684 0.037566 0.422991 -0.547276 0.064775 0.530490 -0.662948 0.135933 0.544491 -0.335012 0.116149 0.379071 -0.450999 0.158795 0.466929 -0.577782 0.205000 0.459234 -0.213525 0.166228 0.352999 -0.297027 0.205961 0.430070 -0.395314 0.257905 0.459131 
0.000000 0.000000 0.000000 -0.028121 -0.056315 -0.040764 -0.325118 -0.137437 0.258263 -0.244062 -0.027999 0.275295 -0.171136 0.042777 0.260631 -0.099766 0.105601 0.239304 -0.313110 -0.122462 0.069925 -0.491438 -0.163852 0.139187 -0.631818 -0.219460 0.175075 -0.475374 -0.142838 0.428010 -0.566184 -0.146103 0.530601 -0.663094 -0.120654 0.590216 -0.421379 -0.003090 0.431540 -0.541980 0.013851 0.537809 -0.665468 0.071871 0.542648 -0.339651 0.085898 0.380869 -0.460487 0.116818 0.467086 -0.591462 0.146387 0.451616 -0.227497 0.151223 0.349711 -0.315416 0.182625 0.425707 -0.422147 0.220415 0.445290 
0.000000 0.000000 0.000000 -0.022695 -0.062289 -0.035056 -0.270913 -0.170908 0.297804 -0.207191 -0.049399 0.301279 -0.148453 0.030864 0.275782 -0.090641 0.102653 0.244167 -0.283181 -0.152957 0.112498 -0.446177 -0.209691 0.204828 -0.574008 -0.269473 0.269422 -0.416681 -0.179228 0.471305 -0.504779 -0.184256 0.576164 -0.605760 -0.160716 0.629473 -0.377951 -0.035321 0.465952 -0.494092 -0.025746 0.577953 -0.621859 0.022271 0.574910 -0.316235 0.058884 0.401391 -0.436545 0.078976 0.491461 -0.568861 0.095051 0.469055 -0.217099 0.133002 0.361102 -0.304142 0.153891 0.441590 -0.416125 0.176695 0.453549 
0.000000 0.000000 0.000000 -0.018120 -0.066960 -0.028495 -0.190368 -0.190122 0.344824 -0.146400 -0.060628 0.333210 -0.105555 0.025644 0.295376 -0.065283 0.103039 0.251977 -0.243354 -0.162920 0.166204 -0.384291 -0.222965 0.288033 -0.490742 -0.269403 0.390983 -0.322332 -0.193355 0.529202 -0.402088 -0.195308 0.640635 -0.503837 -0.169597 0.691421 -0.301875 -0.046625 0.512391 -0.407619 -0.037102 0.634260 -0.537208 0.005119 0.626302 -0.257589 0.050019 0.440308 -0.366607 0.067497 0.544233 -0.499341 0.075034 0.519884 -0.177511 0.128057 0.383753 -0.254760 0.145277 0.474458 -0.368657 0.156004 0.485208 
0.000000 0.000000 0.000000 -0.020448 -0.068271 -0.023342 -0.122899 -0.185076 0.376740 -0.085846 -0.054786 0.354635 -0.054871 0.031444 0.308296 -0.025106 0.108623 0.256791 -0.209899 -0.157846 0.208888 -0.328444 -0.213896 0.354204 -0.411099 -0.236747 0.483559 -0.231791 -0.184351 0.575642 -0.297602 -0.183913 0.695853 -0.397326 -0.153121 0.747818 -0.213586 -0.043566 0.554713 -0.300468 -0.035934 0.690793 -0.430760 0.004804 0.688883 -0.180856 0.053536 0.476681 -0.271195 0.069378 0.597423 -0.405482 0.074888 0.583126 -0.111498 0.126378 0.407812 -0.170964 0.138599 0.511763 -0.283585 0.145376 0.533528 
0.000000 0.000000 0.000000 -0.024300 -0.069178 -0.015744 -0.064486 -0.160618 0.401664 -0.030364 -0.032475 0.366280 -0.006311 0.050369 0.310595 0.015683 0.123896 0.250549 -0.178895 -0.125558 0.250279 -0.275631 -0.160837 0.416738 -0.330643 -0.155444 0.561760 -0.151312 -0.135865 0.609675 -0.203787 -0.120904 0.735391 -0.298455 -0.079378 0.789304 -0.125536 -0.001158 0.581769 -0.190267 0.020142 0.728333 -0.318455 0.065929 0.738857 -0.100583 0.086250 0.496442 -0.168182 0.111978 0.629706 -0.302898 0.121942 0.634219 -0.035335 0.152158 0.415427 -0.070452 0.171611 0.528916 -0.177979 0.183755 0.567563 
0.000000 0.000000 0.000000 -0.024719 -0.070473 -0.006817 -0.018721 -0.124128 0.418965 0.009362 0.000518 0.368849 0.026005 0.078152 0.303747 0.040286 0.146101 0.235377 -0.153195 -0.079945 0.278228 -0.233587 -0.085872 0.456591 -0.266743 -0.057139 0.605459 -0.093958 -0.069506 0.625789 -0.139430 -0.036494 0.750787 -0.227640 0.017493 0.804616 -0.062572 0.058283 0.587853 -0.111497 0.097571 0.736808 -0.235037 0.152621 0.755428 -0.038643 0.142657 0.494465 -0.084999 0.188910 0.631222 -0.217578 0.207583 0.649722 0.013453 0.194269 0.401348 -0.005017 0.227423 0.515588 -0.106451 0.250344 0.564464 