85
0.000000 0.000000 0.000000 -0.031617 -0.033363 -0.059255 -0.032593 -0.412564 0.141489 0.008210 -0.301599 0.212386 0.034548 -0.200489 0.240119 0.053900 -0.111079 0.251251 -0.232516 -0.217344 0.094488 -0.358226 -0.332467 0.190691 -0.428295 -0.440369 0.277490 -0.171588 -0.535509 0.271816 -0.255592 -0.609813 0.350582 -0.323153 -0.669647 0.424397 -0.104525 -0.438912 0.370218 -0.181200 -0.532304 0.477565 -0.247747 -0.607384 0.570159 -0.046316 -0.334709 0.382104 -0.104300 -0.430953 0.483916 -0.152222 -0.514016 0.579163 -0.018734 -0.202295 0.381598 -0.068729 -0.265080 0.471319 -0.122368 -0.328540 0.550684 
0.000000 0.000000 0.000000 -0.031663 -0.028652 -0.061647 -0.038722 -0.421109 0.111615 0.003037 -0.316005 0.190443 0.030481 -0.217474 0.225437 0.050897 -0.129344 0.243004 -0.236863 -0.219545 0.077274 -0.365264 -0.338993 0.164202 -0.437680 -0.452488 0.241413 -0.182283 -0.550223 0.230527 -0.269048 -0.628255 0.302394 -0.336837 -0.693715 0.371043 -0.110361 -0.465983 0.335778 -0.187489 -0.567988 0.434625 -0.252569 -0.651647 0.520678 -0.049261 -0.364191 0.355164 -0.106442 -0.469397 0.448186 -0.151938 -0.561837 0.535666 -0.022589 -0.230545 0.365251 -0.073171 -0.300204 0.449396 -0.124520 -0.370719 0.524189 
0.000000 0.000000 0.000000 -0.031188 -0.024429 -0.063674 -0.043113 -0.427004 0.084256 -0.001448 -0.327451 0.170033 0.026342 -0.231563 0.211497 0.047220 -0.144892 0.234836 -0.239500 -0.222662 0.059436 -0.369848 -0.346704 0.136470 -0.444091 -0.464663 0.204738 -0.186748 -0.565555 0.191926 -0.273556 -0.649292 0.256999 -0.340283 -0.721099 0.320120 -0.112616 -0.486499 0.307217 -0.188227 -0.594675 0.400522 -0.251462 -0.685602 0.480352 -0.051788 -0.388069 0.330305 -0.107812 -0.500294 0.415497 -0.151826 -0.599961 0.495479 -0.023106 -0.255730 0.350401 -0.071513 -0.332023 0.429946 -0.121327 -0.408363 0.499903 
0.000000 0.000000 0.000000 -0.033482 -0.019555 -0.064190 -0.050878 -0.430532 0.057824 -0.004547 -0.337694 0.148592 0.026622 -0.245330 0.195322 0.050171 -0.160834 0.223576 -0.242841 -0.223828 0.046660 -0.373844 -0.351648 0.116023 -0.449525 -0.473396 0.175495 -0.189887 -0.581198 0.154758 -0.273901 -0.672256 0.213342 -0.338144 -0.751487 0.269809 -0.111061 -0.510960 0.271506 -0.183505 -0.628806 0.355105 -0.243260 -0.728231 0.427102 -0.050924 -0.409437 0.303808 -0.106529 -0.527112 0.381599 -0.147752 -0.634203 0.453015 -0.018565 -0.279163 0.332479 -0.065877 -0.360612 0.407440 -0.112800 -0.442820 0.472579 
0.000000 0.000000 0.000000 -0.034536 -0.015481 -0.064742 -0.057118 -0.432223 0.034798 -0.008249 -0.345236 0.129928 0.024941 -0.256071 0.181251 0.050173 -0.173628 0.213792 -0.246319 -0.223506 0.033849 -0.378839 -0.353674 0.095540 -0.455703 -0.478307 0.146975 -0.194504 -0.590667 0.121058 -0.277537 -0.686427 0.173191 -0.340733 -0.770326 0.223790 -0.112191 -0.526637 0.242906 -0.182887 -0.650015 0.319747 -0.240628 -0.755168 0.384925 -0.050601 -0.429890 0.275027 -0.104769 -0.554529 0.342270 -0.143608 -0.667874 0.404820 -0.015372 -0.301747 0.313168 -0.060488 -0.389934 0.381571 -0.104000 -0.477962 0.441244 
0.000000 0.000000 0.000000 -0.035953 -0.011531 -0.064794 -0.061850 -0.432795 0.012398 -0.010094 -0.351690 0.111129 0.025181 -0.265842 0.166554 0.052057 -0.185590 0.203021 -0.246218 -0.226264 0.021951 -0.377788 -0.360630 0.076231 -0.455711 -0.487692 0.119476 -0.197875 -0.597781 0.087874 -0.280085 -0.697495 0.133489 -0.341333 -0.786224 0.177863 -0.110322 -0.543325 0.209642 -0.178491 -0.673664 0.276645 -0.232361 -0.785303 0.333865 -0.049669 -0.446407 0.247222 -0.103341 -0.575884 0.305067 -0.139093 -0.694661 0.358749 -0.014816 -0.320359 0.292193 -0.060846 -0.413123 0.353572 -0.100728 -0.506420 0.407500 
0.000000 0.000000 0.000000 -0.040649 -0.007106 -0.062619 -0.073099 -0.431174 -0.005997 -0.012379 -0.356849 0.092965 0.029055 -0.275033 0.150197 0.060647 -0.197566 0.188840 -0.248343 -0.229124 0.010986 -0.378305 -0.368048 0.057043 -0.457562 -0.497067 0.091091 -0.200823 -0.608820 0.053574 -0.278015 -0.716184 0.089578 -0.336070 -0.810612 0.125718 -0.104520 -0.559447 0.176263 -0.167189 -0.697243 0.232916 -0.216903 -0.814869 0.281207 -0.041325 -0.462221 0.218904 -0.091792 -0.596447 0.268172 -0.123532 -0.720138 0.312458 -0.001705 -0.338327 0.271816 -0.044623 -0.435215 0.328931 -0.080142 -0.533197 0.377315 
0.000000 0.000000 0.000000 -0.040301 -0.003648 -0.063138 -0.074231 -0.430025 -0.029308 -0.013888 -0.361244 0.073806 0.027433 -0.282707 0.135537 0.059008 -0.207498 0.178420 -0.249841 -0.226893 0.000902 -0.380957 -0.366585 0.040975 -0.460752 -0.497035 0.067481 -0.201256 -0.611324 0.019836 -0.278027 -0.720896 0.049538 -0.333617 -0.819294 0.078185 -0.102374 -0.569931 0.145182 -0.162557 -0.711867 0.193727 -0.208579 -0.834253 0.233007 -0.036827 -0.476180 0.191685 -0.082906 -0.614912 0.231947 -0.110454 -0.742778 0.265999 0.002169 -0.354020 0.255147 -0.036954 -0.454874 0.307959 -0.067669 -0.557337 0.349923 
0.000000 0.000000 0.000000 -0.043400 0.000401 -0.061157 -0.082369 -0.426717 -0.049172 -0.015965 -0.364581 0.054433 0.029568 -0.290152 0.118254 0.064393 -0.217867 0.163581 -0.252736 -0.225915 -0.008188 -0.383726 -0.367528 0.024956 -0.464343 -0.498837 0.043549 -0.205602 -0.612901 -0.009557 -0.280081 -0.725425 0.014385 -0.332601 -0.827348 0.035516 -0.098359 -0.579912 0.112039 -0.154398 -0.726367 0.151219 -0.196271 -0.852831 0.181099 -0.030479 -0.488011 0.162525 -0.073536 -0.629888 0.194270 -0.096788 -0.761001 0.217439 0.012953 -0.371048 0.230481 -0.022454 -0.476486 0.276530 -0.048351 -0.583064 0.310789 
0.000000 0.000000 0.000000 -0.046086 0.004187 -0.059012 -0.088696 -0.422627 -0.069353 -0.017113 -0.366955 0.034479 0.031962 -0.296600 0.100266 0.069492 -0.227259 0.147971 -0.253661 -0.226143 -0.017691 -0.383548 -0.370267 0.008165 -0.464522 -0.502326 0.017684 -0.209088 -0.613209 -0.044767 -0.281850 -0.728391 -0.029908 -0.331193 -0.833362 -0.018098 -0.097210 -0.586938 0.075299 -0.151686 -0.736558 0.103062 -0.190257 -0.866134 0.122082 -0.026166 -0.497895 0.128816 -0.067846 -0.642236 0.149288 -0.087345 -0.775505 0.160572 0.020836 -0.384809 0.206253 -0.012654 -0.493254 0.246371 -0.033840 -0.603080 0.272688 
0.000000 0.000000 0.000000 -0.047855 0.007782 -0.057212 -0.094590 -0.417484 -0.089722 -0.019326 -0.368167 0.014718 0.032395 -0.301921 0.082707 0.072007 -0.235602 0.132958 -0.254229 -0.225650 -0.029544 -0.383364 -0.371717 -0.012232 -0.464893 -0.503773 -0.013204 -0.211410 -0.611589 -0.079898 -0.282013 -0.728901 -0.073961 -0.327127 -0.836408 -0.073701 -0.093783 -0.592628 0.038131 -0.144424 -0.745292 0.054055 -0.178644 -0.877329 0.059934 -0.021183 -0.506066 0.095662 -0.059601 -0.652451 0.104952 -0.074162 -0.786800 0.102425 0.030438 -0.399499 0.177635 0.001825 -0.512313 0.208387 -0.012988 -0.625155 0.224211 
0.000000 0.000000 0.000000 -0.050232 0.010800 -0.054626 -0.102429 -0.412126 -0.104647 -0.022201 -0.368296 -0.001462 0.033076 -0.305681 0.067166 0.075481 -0.242076 0.118630 -0.257072 -0.223297 -0.038433 -0.386499 -0.369780 -0.028300 -0.469581 -0.500322 -0.040264 -0.213869 -0.609579 -0.108297 -0.281221 -0.728915 -0.110503 -0.321950 -0.837576 -0.121766 -0.092614 -0.595168 0.005305 -0.140504 -0.749473 0.009907 -0.170861 -0.882388 0.002741 -0.018064 -0.510858 0.066261 -0.054735 -0.657983 0.065612 -0.064014 -0.791915 0.049986 0.040731 -0.410286 0.151551 0.016812 -0.526069 0.174211 0.007790 -0.640506 0.179313 
0.000000 0.000000 0.000000 -0.052467 0.013532 -0.051846 -0.107015 -0.406324 -0.121405 -0.022508 -0.367762 -0.019542 0.035638 -0.308692 0.049854 0.080206 -0.247766 0.102714 -0.256776 -0.223329 -0.050777 -0.384619 -0.371541 -0.050108 -0.467786 -0.500731 -0.072021 -0.212972 -0.606037 -0.138946 -0.277009 -0.726739 -0.149548 -0.312580 -0.835575 -0.171514 -0.087280 -0.596053 -0.032275 -0.131335 -0.751323 -0.040936 -0.157731 -0.883838 -0.060490 -0.009616 -0.514540 0.032756 -0.042065 -0.662146 0.020495 -0.047309 -0.794197 -0.007842 0.048754 -0.418641 0.122686 0.027105 -0.536257 0.136434 0.021804 -0.650919 0.131171 
0.000000 0.000000 0.000000 -0.055584 0.016448 -0.047579 -0.114843 -0.398682 -0.138399 -0.024100 -0.366012 -0.039894 0.038329 -0.311013 0.029125 0.086177 -0.253214 0.082626 -0.256099 -0.223236 -0.061439 -0.381567 -0.373214 -0.070112 -0.465869 -0.498981 -0.104210 -0.232177 -0.592078 -0.154234 -0.271917 -0.717944 -0.191119 -0.302220 -0.825256 -0.225163 -0.083815 -0.594164 -0.069142 -0.124429 -0.749339 -0.089035 -0.147574 -0.879908 -0.121521 -0.005875 -0.515920 0.001328 -0.037572 -0.662851 -0.018604 -0.039501 -0.791832 -0.058955 0.056782 -0.425379 0.091657 0.036548 -0.543883 0.097872 0.034936 -0.657631 0.081686 
0.000000 0.000000 0.000000 -0.056691 0.019364 -0.045112 -0.119814 -0.389531 -0.158746 -0.026513 -0.362957 -0.060801 0.037834 -0.312281 0.009750 0.087229 -0.257860 0.065347 -0.258257 -0.217843 -0.075944 -0.384383 -0.366271 -0.095237 -0.470899 -0.485413 -0.144299 -0.241745 -0.579194 -0.182852 -0.271348 -0.700377 -0.239600 -0.297582 -0.803588 -0.287059 -0.085382 -0.587406 -0.112100 -0.125421 -0.740062 -0.146992 -0.145690 -0.866142 -0.195287 -0.002164 -0.514439 -0.037642 -0.030845 -0.659399 -0.071625 -0.029223 -0.782745 -0.126864 0.062470 -0.430874 0.059069 0.045427 -0.549963 0.054747 0.047957 -0.661381 0.026769 
0.000000 0.000000 0.000000 -0.056384 0.021689 -0.044434 -0.122206 -0.381541 -0.175449 -0.029051 -0.359849 -0.076171 0.035431 -0.312698 -0.003336 0.085041 -0.261057 0.054669 -0.259055 -0.212315 -0.089300 -0.385873 -0.358739 -0.117374 -0.474249 -0.470949 -0.178082 -0.244772 -0.569502 -0.208134 -0.268525 -0.685603 -0.276970 -0.290967 -0.784880 -0.333835 -0.088228 -0.580011 -0.143262 -0.128477 -0.729752 -0.188894 -0.147162 -0.851566 -0.247643 -0.004547 -0.511266 -0.064049 -0.033213 -0.653652 -0.107584 -0.029958 -0.772061 -0.172675 0.062554 -0.433669 0.037767 0.047076 -0.552481 0.026134 0.051154 -0.661495 -0.009955 
0.000000 0.000000 0.000000 -0.056834 0.023499 -0.042913 -0.124784 -0.374156 -0.189015 -0.030501 -0.356521 -0.089998 0.034861 -0.312366 -0.016079 0.085197 -0.263120 0.043365 -0.259788 -0.206463 -0.104339 -0.386784 -0.350359 -0.142774 -0.475555 -0.455537 -0.214496 -0.249091 -0.559282 -0.230197 -0.265241 -0.669270 -0.310347 -0.283966 -0.764409 -0.375086 -0.087490 -0.572534 -0.171023 -0.126251 -0.719454 -0.226131 -0.142623 -0.836696 -0.294142 -0.004797 -0.507613 -0.086927 -0.033233 -0.647617 -0.137730 -0.028161 -0.761593 -0.210200 0.063338 -0.434833 0.018407 0.048292 -0.553027 0.001228 0.053791 -0.659697 -0.041132 
0.000000 0.000000 0.000000 -0.055947 0.025605 -0.042874 -0.122743 -0.365008 -0.207350 -0.030222 -0.352129 -0.105966 0.033945 -0.311531 -0.029021 0.083373 -0.265149 0.033413 -0.262198 -0.202681 -0.099379 -0.383621 -0.338004 -0.171870 -0.471527 -0.436658 -0.253276 -0.250095 -0.546710 -0.254102 -0.256118 -0.648957 -0.345159 -0.271291 -0.739924 -0.416489 -0.084484 -0.563117 -0.200910 -0.121389 -0.706618 -0.265486 -0.135022 -0.819306 -0.341346 -0.002143 -0.503335 -0.110401 -0.028020 -0.640870 -0.168756 -0.020674 -0.750610 -0.247313 0.065709 -0.435940 0.000180 0.053551 -0.553500 -0.022695 0.061335 -0.657718 -0.070456 
0.000000 0.000000 0.000000 -0.054231 0.027591 -0.043836 -0.120763 -0.357176 -0.221657 -0.031341 -0.348487 -0.117097 0.030871 -0.311002 -0.037030 0.078885 -0.267115 0.028246 -0.261245 -0.194270 -0.119792 -0.385012 -0.326844 -0.193393 -0.472077 -0.420016 -0.281855 -0.247709 -0.536507 -0.277738 -0.253040 -0.634998 -0.372886 -0.266459 -0.722509 -0.448747 -0.086375 -0.555038 -0.220935 -0.123806 -0.695522 -0.291559 -0.136840 -0.805037 -0.372033 -0.005048 -0.499106 -0.126697 -0.030804 -0.633989 -0.190994 -0.022619 -0.740431 -0.273886 0.061049 -0.436056 -0.013311 0.048772 -0.552342 -0.041916 0.057832 -0.654737 -0.093260 
0.000000 0.000000 0.000000 -0.053991 0.028456 -0.043579 -0.122716 -0.353739 -0.226053 -0.033390 -0.346864 -0.121275 0.028944 -0.310730 -0.040684 0.077142 -0.267930 0.025175 -0.263759 -0.193760 -0.110394 -0.381306 -0.315262 -0.209040 -0.467608 -0.403396 -0.303227 -0.251037 -0.530395 -0.287261 -0.253973 -0.626494 -0.384925 -0.266054 -0.712255 -0.462978 -0.089943 -0.550953 -0.229090 -0.128407 -0.689761 -0.302420 -0.140897 -0.797752 -0.385012 -0.008577 -0.497131 -0.133209 -0.035483 -0.630791 -0.199555 -0.027071 -0.735844 -0.284179 0.056614 -0.436053 -0.018408 0.042484 -0.551775 -0.048408 0.051432 -0.653416 -0.101249 
0.000000 0.000000 0.000000 -0.052681 0.029091 -0.044747 -0.121698 -0.352209 -0.228973 -0.034651 -0.346404 -0.122233 0.026287 -0.311022 -0.040252 0.073497 -0.268806 0.026692 -0.267106 -0.190473 -0.105244 -0.379123 -0.303061 -0.219644 -0.463966 -0.388038 -0.317967 -0.254996 -0.525196 -0.290026 -0.253066 -0.619656 -0.389302 -0.263801 -0.705010 -0.467995 -0.102767 -0.553065 -0.217762 -0.129609 -0.687139 -0.303950 -0.141602 -0.795044 -0.386727 -0.012183 -0.497138 -0.132959 -0.039768 -0.630595 -0.199436 -0.031119 -0.735729 -0.283935 0.052842 -0.436698 -0.017717 0.038625 -0.552261 -0.048285 0.047449 -0.653935 -0.101083 
0.000000 0.000000 0.000000 -0.051226 0.029574 -0.046099 -0.124962 -0.352685 -0.226468 -0.039771 -0.347245 -0.118221 0.020400 -0.312029 -0.035605 0.067268 -0.269899 0.031632 -0.271426 -0.185739 -0.100861 -0.380833 -0.292380 -0.223208 -0.465326 -0.374713 -0.324050 -0.258140 -0.526482 -0.285448 -0.255515 -0.621867 -0.383818 -0.266033 -0.708130 -0.461544 -0.098657 -0.551526 -0.224411 -0.138708 -0.690465 -0.296635 -0.152072 -0.799226 -0.378072 -0.020620 -0.498161 -0.127181 -0.050034 -0.631629 -0.192846 -0.042406 -0.737636 -0.276347 0.044931 -0.438025 -0.011042 0.029557 -0.553749 -0.040416 0.037822 -0.656008 -0.092164 
0.000000 0.000000 0.000000 -0.050894 0.029926 -0.046240 -0.141564 -0.355033 -0.212607 -0.054399 -0.349213 -0.105963 0.008414 -0.313566 -0.025527 0.057923 -0.271024 0.039522 -0.274227 -0.182843 -0.098180 -0.386955 -0.286397 -0.220164 -0.474122 -0.366221 -0.320747 -0.282081 -0.525000 -0.265393 -0.285914 -0.624991 -0.359036 -0.299961 -0.713568 -0.433534 -0.125244 -0.553619 -0.204318 -0.173428 -0.692644 -0.271213 -0.192915 -0.803321 -0.348738 -0.043426 -0.500346 -0.110023 -0.080598 -0.634279 -0.170613 -0.078306 -0.742987 -0.250895 0.029160 -0.439673 0.003237 0.009361 -0.555757 -0.021739 0.014549 -0.659940 -0.069926 
0.000000 0.000000 0.000000 -0.051265 0.029526 -0.046087 -0.158260 -0.359094 -0.193120 -0.067948 -0.351506 -0.089242 -0.001814 -0.314476 -0.012164 0.050800 -0.270794 0.049612 -0.284177 -0.176523 -0.079881 -0.396469 -0.276870 -0.204910 -0.486974 -0.357711 -0.301659 -0.305496 -0.526366 -0.235097 -0.310865 -0.629740 -0.324913 -0.328583 -0.721341 -0.394831 -0.148199 -0.557399 -0.176662 -0.199115 -0.696993 -0.240267 -0.223163 -0.809972 -0.313046 -0.060593 -0.502791 -0.088295 -0.102742 -0.637825 -0.142886 -0.105214 -0.749597 -0.218839 0.014319 -0.439553 0.021760 -0.010792 -0.555713 0.002588 -0.010119 -0.662172 -0.040646 
0.000000 0.000000 0.000000 -0.052293 0.028302 -0.045699 -0.183160 -0.364943 -0.156714 -0.087332 -0.353720 -0.058248 -0.015771 -0.314075 0.012417 0.041785 -0.268335 0.067982 -0.295451 -0.168054 -0.058532 -0.412728 -0.271216 -0.176494 -0.508622 -0.354986 -0.265227 -0.334466 -0.531304 -0.185878 -0.345276 -0.641350 -0.266841 -0.366744 -0.737464 -0.329246 -0.180849 -0.562036 -0.124074 -0.235886 -0.703627 -0.179278 -0.266303 -0.820387 -0.243164 -0.085662 -0.504665 -0.046784 -0.135778 -0.641329 -0.089235 -0.145204 -0.758278 -0.156332 -0.003874 -0.436831 0.057474 -0.035303 -0.552811 0.050241 -0.040342 -0.662300 0.015748 
0.000000 0.000000 0.000000 -0.053090 0.026528 -0.045843 -0.216931 -0.366228 -0.100543 -0.114458 -0.350633 -0.009655 -0.036017 -0.308368 0.051557 0.027923 -0.260805 0.097837 -0.308947 -0.152803 -0.030877 -0.431102 -0.256834 -0.142980 -0.539521 -0.344357 -0.211330 -0.379311 -0.524367 -0.107241 -0.394383 -0.644906 -0.170684 -0.429924 -0.747722 -0.212624 -0.232367 -0.554361 -0.042314 -0.312562 -0.692925 -0.064526 -0.361011 -0.813928 -0.105151 -0.134948 -0.494294 0.032638 -0.205887 -0.627615 0.019073 -0.233778 -0.752113 -0.025540 -0.041090 -0.420103 0.118995 -0.088592 -0.529751 0.133559 -0.108190 -0.641991 0.118682 
0.000000 0.000000 0.000000 -0.049636 0.022666 -0.051443 -0.213541 -0.372616 -0.082754 -0.117200 -0.349613 0.013132 -0.042582 -0.302522 0.075587 0.018621 -0.251392 0.121765 -0.336077 -0.100540 -0.076311 -0.452769 -0.234400 -0.158626 -0.560927 -0.332018 -0.212099 -0.393487 -0.510503 -0.087930 -0.430162 -0.636031 -0.128912 -0.471372 -0.740571 -0.159998 -0.257447 -0.540148 0.035525 -0.352834 -0.669739 0.050756 -0.412183 -0.792656 0.047808 -0.165235 -0.472468 0.103663 -0.253185 -0.594330 0.123795 -0.298210 -0.721553 0.116374 -0.078689 -0.384541 0.179975 -0.145668 -0.476190 0.220043 -0.194092 -0.577536 0.244275 
0.000000 0.000000 0.000000 -0.052895 0.023352 -0.047757 -0.216025 -0.372403 -0.077068 -0.114017 -0.350666 0.013078 -0.035926 -0.304320 0.071729 0.027733 -0.253699 0.115060 -0.339001 -0.098886 -0.080122 -0.448807 -0.238852 -0.161749 -0.556812 -0.337727 -0.213184 -0.391474 -0.515717 -0.087014 -0.425821 -0.642990 -0.124483 -0.469095 -0.747752 -0.151788 -0.250539 -0.544793 0.025353 -0.343393 -0.676828 0.033700 -0.402850 -0.799466 0.025703 -0.156683 -0.477364 0.085404 -0.243273 -0.601448 0.095210 -0.287932 -0.728131 0.080208 -0.064876 -0.391009 0.171237 -0.128620 -0.485522 0.209905 -0.171758 -0.590031 0.230405 
0.000000 0.000000 0.000000 -0.049473 0.022804 -0.051539 -0.208585 -0.373842 -0.089581 -0.113297 -0.351065 0.007402 -0.039731 -0.303992 0.071107 0.020505 -0.252809 0.118482 -0.333875 -0.103227 -0.084366 -0.441395 -0.243609 -0.168291 -0.547276 -0.343788 -0.221584 -0.378417 -0.523813 -0.098842 -0.417479 -0.648598 -0.139890 -0.457904 -0.753198 -0.171794 -0.247212 -0.547367 0.009997 -0.338293 -0.680880 0.011762 -0.398782 -0.802377 -0.003030 -0.155430 -0.480504 0.084182 -0.238393 -0.607075 0.093558 -0.282361 -0.733810 0.077038 -0.068442 -0.394638 0.169071 -0.129667 -0.492262 0.203892 -0.172207 -0.597700 0.220514 
0.000000 0.000000 0.000000 -0.049821 0.024116 -0.050598 -0.215840 -0.369526 -0.090297 -0.118836 -0.349263 0.005536 -0.043627 -0.304024 0.068648 0.018091 -0.254295 0.115663 -0.339005 -0.089975 -0.085267 -0.449543 -0.229125 -0.167303 -0.557841 -0.327011 -0.219998 -0.392427 -0.511657 -0.096311 -0.429777 -0.636028 -0.140116 -0.471949 -0.739639 -0.172972 -0.259758 -0.540586 0.008864 -0.355605 -0.670712 0.011127 -0.418689 -0.790917 -0.003380 -0.168134 -0.474546 0.080214 -0.257413 -0.596822 0.088508 -0.305036 -0.722166 0.071513 -0.075384 -0.393629 0.165006 -0.139725 -0.489535 0.198969 -0.184913 -0.593998 0.214739 
0.000000 0.000000 0.000000 -0.049166 0.024225 -0.051184 -0.215029 -0.369215 -0.093452 -0.119207 -0.349162 0.003608 -0.044749 -0.304071 0.067709 0.016423 -0.254459 0.115552 -0.333505 -0.100468 -0.089250 -0.451855 -0.234957 -0.168099 -0.560272 -0.332664 -0.220882 -0.391287 -0.511605 -0.102285 -0.431702 -0.634985 -0.146173 -0.474108 -0.738156 -0.180095 -0.258771 -0.541506 0.003770 -0.353694 -0.672327 0.003881 -0.416885 -0.792284 -0.012137 -0.165830 -0.477254 0.075505 -0.252652 -0.601438 0.081096 -0.300427 -0.726500 0.062524 -0.076082 -0.395168 0.162774 -0.139755 -0.492022 0.195277 -0.185366 -0.596464 0.209923 
0.000000 0.000000 0.000000 -0.049098 0.024668 -0.051037 -0.215438 -0.368233 -0.096338 -0.119659 -0.349025 0.000935 -0.045189 -0.304507 0.065421 0.016013 -0.255329 0.113673 -0.335835 -0.094780 -0.087927 -0.449238 -0.231924 -0.169428 -0.557524 -0.329620 -0.222497 -0.391680 -0.510607 -0.105736 -0.429877 -0.633914 -0.151764 -0.471784 -0.736887 -0.186887 -0.259889 -0.540880 -0.000187 -0.355266 -0.671369 -0.000950 -0.418697 -0.791042 -0.018106 -0.165932 -0.477938 0.072924 -0.252512 -0.602299 0.078303 -0.300512 -0.727119 0.058705 -0.079592 -0.394793 0.158346 -0.145399 -0.490789 0.189096 -0.190883 -0.595564 0.201606 
0.000000 0.000000 0.000000 -0.049159 0.025074 -0.050779 -0.219698 -0.366214 -0.094395 -0.123140 -0.347806 0.002260 -0.047835 -0.303930 0.066215 0.014150 -0.255289 0.114010 -0.337715 -0.090805 -0.084751 -0.453166 -0.226737 -0.165402 -0.562725 -0.323407 -0.217735 -0.397500 -0.506819 -0.100482 -0.435681 -0.630000 -0.146857 -0.478701 -0.732645 -0.181590 -0.265396 -0.538163 0.003556 -0.362151 -0.667632 0.004438 -0.427072 -0.786620 -0.011884 -0.169710 -0.476597 0.073038 -0.257103 -0.600409 0.077931 -0.305983 -0.724798 0.057783 -0.080154 -0.395597 0.158808 -0.145065 -0.492173 0.189644 -0.189378 -0.597618 0.200640 
0.000000 0.000000 0.000000 -0.047591 0.024318 -0.052608 -0.219292 -0.366805 -0.093036 -0.125309 -0.346988 0.005853 -0.051517 -0.302252 0.070965 0.009434 -0.253003 0.119463 -0.339511 -0.083515 -0.084250 -0.456795 -0.220057 -0.161139 -0.567059 -0.316868 -0.211701 -0.401257 -0.502029 -0.097861 -0.440517 -0.625185 -0.143394 -0.484069 -0.727725 -0.177772 -0.267993 -0.537021 0.007670 -0.365038 -0.666270 0.008906 -0.430009 -0.785351 -0.006511 -0.173255 -0.475036 0.077229 -0.260547 -0.598934 0.081721 -0.309290 -0.723477 0.062194 -0.085110 -0.393031 0.164629 -0.150186 -0.489415 0.195718 -0.193591 -0.595244 0.206645 
0.000000 0.000000 0.000000 -0.047195 0.023739 -0.053226 -0.220425 -0.367185 -0.088760 -0.126893 -0.346307 0.010338 -0.053257 -0.300928 0.075180 0.007650 -0.251230 0.123273 -0.337533 -0.089981 -0.078091 -0.455074 -0.226040 -0.155441 -0.565106 -0.323410 -0.205431 -0.402786 -0.501864 -0.093872 -0.439008 -0.625759 -0.139913 -0.481490 -0.728746 -0.174297 -0.267063 -0.538204 0.011930 -0.362398 -0.668720 0.013014 -0.425517 -0.788734 -0.002863 -0.174436 -0.474104 0.081464 -0.261329 -0.598282 0.085971 -0.308433 -0.723324 0.065635 -0.084836 -0.393154 0.166751 -0.148495 -0.490842 0.196677 -0.188842 -0.598094 0.205185 
0.000000 0.000000 0.000000 -0.048774 0.023639 -0.051829 -0.222483 -0.367526 -0.081953 -0.126098 -0.346455 0.014330 -0.050638 -0.300936 0.076939 0.011597 -0.251125 0.123179 -0.336372 -0.099065 -0.060607 -0.456018 -0.230685 -0.142291 -0.566051 -0.327288 -0.193743 -0.397533 -0.511669 -0.081291 -0.433399 -0.635169 -0.128657 -0.474230 -0.738573 -0.163778 -0.259755 -0.542945 0.012937 -0.350662 -0.676585 0.011989 -0.410255 -0.798066 -0.006185 -0.167238 -0.477266 0.082017 -0.250847 -0.603706 0.085659 -0.294606 -0.729492 0.062610 -0.073889 -0.398009 0.164451 -0.132731 -0.499112 0.192859 -0.167988 -0.608360 0.197865 
0.000000 0.000000 0.000000 -0.049034 0.022187 -0.052224 -0.214180 -0.372838 -0.080056 -0.118704 -0.348963 0.016478 -0.044522 -0.301353 0.079060 0.016421 -0.249863 0.125181 -0.330311 -0.114667 -0.051561 -0.451464 -0.240542 -0.139814 -0.560693 -0.335820 -0.195293 -0.385208 -0.521702 -0.077067 -0.416912 -0.646095 -0.125058 -0.453847 -0.750753 -0.160777 -0.245129 -0.550161 0.013236 -0.331115 -0.687004 0.011031 -0.386310 -0.810321 -0.008611 -0.152185 -0.483330 0.081643 -0.229387 -0.613819 0.083495 -0.268067 -0.741071 0.059436 -0.062441 -0.401352 0.162836 -0.116723 -0.505626 0.188754 -0.147179 -0.616352 0.192664 
0.000000 0.000000 0.000000 -0.049099 0.019885 -0.053082 -0.201884 -0.380364 -0.076527 -0.108257 -0.352125 0.020638 -0.036252 -0.301330 0.083259 0.022586 -0.247312 0.129221 -0.318203 -0.139382 -0.045122 -0.448928 -0.259664 -0.127306 -0.555311 -0.354692 -0.188457 -0.364891 -0.537957 -0.072890 -0.400071 -0.663128 -0.116210 -0.432466 -0.769346 -0.151725 -0.227794 -0.557509 0.019032 -0.309096 -0.697199 0.017940 -0.358523 -0.822905 -0.001919 -0.137915 -0.486711 0.086789 -0.210814 -0.619640 0.089320 -0.244156 -0.748490 0.065783 -0.050434 -0.401044 0.169478 -0.100695 -0.506861 0.197188 -0.127081 -0.618559 0.202709 
0.000000 0.000000 0.000000 -0.048205 0.017779 -0.054627 -0.183252 -0.388545 -0.082108 -0.093979 -0.356350 0.017884 -0.026164 -0.302545 0.082632 0.028888 -0.246080 0.130311 -0.306485 -0.157559 -0.034770 -0.428289 -0.279830 -0.127100 -0.529571 -0.377252 -0.192962 -0.343838 -0.548550 -0.076577 -0.362176 -0.675052 -0.126002 -0.388919 -0.782518 -0.162460 -0.201454 -0.568206 0.011509 -0.274551 -0.712298 0.007174 -0.317402 -0.839907 -0.015611 -0.117358 -0.493324 0.083629 -0.182750 -0.630123 0.084345 -0.209318 -0.760289 0.059465 -0.036061 -0.403827 0.168832 -0.080767 -0.512407 0.195345 -0.101880 -0.625246 0.200332 
0.000000 0.000000 0.000000 -0.047162 0.016340 -0.055970 -0.159973 -0.395754 -0.095276 -0.075962 -0.360967 0.008342 -0.013281 -0.305022 0.076366 0.037110 -0.246743 0.126932 -0.297278 -0.171459 -0.051520 -0.416486 -0.297681 -0.141901 -0.512753 -0.398009 -0.210849 -0.312595 -0.563456 -0.096915 -0.330226 -0.690314 -0.145683 -0.352142 -0.798283 -0.183833 -0.173994 -0.577160 -0.002829 -0.240670 -0.724201 -0.010426 -0.277531 -0.853367 -0.034856 -0.094546 -0.500187 0.071900 -0.152818 -0.640133 0.068697 -0.172676 -0.771042 0.041557 -0.018619 -0.408998 0.160900 -0.056979 -0.520682 0.184282 -0.072304 -0.634535 0.186682 
0.000000 0.000000 0.000000 -0.046124 0.015923 -0.056947 -0.138955 -0.399380 -0.111702 -0.059799 -0.364062 -0.004504 -0.001811 -0.307482 0.067066 0.044331 -0.248589 0.120870 -0.289510 -0.180553 -0.054343 -0.399337 -0.311481 -0.149774 -0.490424 -0.415976 -0.219565 -0.289157 -0.569247 -0.113838 -0.303139 -0.695515 -0.165248 -0.323061 -0.803276 -0.205047 -0.153357 -0.582063 -0.018530 -0.216989 -0.730335 -0.028070 -0.250985 -0.859974 -0.054097 -0.077869 -0.504643 0.059564 -0.132408 -0.646020 0.054185 -0.149183 -0.777009 0.025399 -0.007698 -0.413059 0.149658 -0.043509 -0.526268 0.169473 -0.056577 -0.640426 0.168861 
0.000000 0.000000 0.000000 -0.044167 0.015390 -0.058620 -0.113422 -0.402075 -0.129465 -0.041203 -0.366235 -0.017642 0.010487 -0.309111 0.058194 0.051069 -0.249711 0.115790 -0.277692 -0.192594 -0.066059 -0.384099 -0.330529 -0.155292 -0.469184 -0.440007 -0.225020 -0.258921 -0.575912 -0.135028 -0.273632 -0.701793 -0.187178 -0.291911 -0.809216 -0.228641 -0.127598 -0.586887 -0.035614 -0.186359 -0.736962 -0.047838 -0.217768 -0.866981 -0.075184 -0.058719 -0.508520 0.045526 -0.108344 -0.651508 0.036441 -0.122927 -0.782517 0.006576 0.003322 -0.416054 0.141022 -0.029542 -0.530551 0.158390 -0.042817 -0.644658 0.155842 
0.000000 0.000000 0.000000 -0.041361 0.014335 -0.060891 -0.083432 -0.404522 -0.143846 -0.020077 -0.367418 -0.027167 0.023807 -0.309348 0.052759 0.057583 -0.249186 0.113850 -0.268754 -0.200023 -0.074642 -0.361091 -0.346392 -0.166082 -0.438371 -0.462751 -0.233722 -0.225484 -0.581084 -0.152024 -0.243701 -0.708203 -0.199889 -0.260055 -0.816375 -0.240195 -0.102160 -0.589793 -0.044090 -0.157987 -0.741039 -0.055600 -0.187518 -0.871978 -0.080547 -0.040603 -0.510322 0.039548 -0.086788 -0.654433 0.030075 -0.100252 -0.786333 0.003823 0.010880 -0.416186 0.136566 -0.021267 -0.531135 0.152203 -0.037076 -0.644933 0.150373 
0.000000 0.000000 0.000000 -0.036859 0.012020 -0.064194 -0.049655 -0.408607 -0.147868 0.001732 -0.368007 -0.026560 0.035686 -0.307561 0.056383 0.061036 -0.245593 0.119706 -0.255052 -0.210632 -0.089966 -0.340619 -0.368615 -0.167624 -0.408622 -0.493869 -0.229055 -0.179619 -0.594202 -0.157046 -0.210774 -0.723057 -0.191796 -0.226174 -0.833171 -0.226883 -0.076211 -0.592382 -0.033969 -0.129223 -0.744989 -0.039009 -0.158985 -0.877298 -0.054754 -0.023858 -0.510345 0.049538 -0.066554 -0.655754 0.044630 -0.081625 -0.789049 0.028097 0.015474 -0.412523 0.145103 -0.015887 -0.527424 0.162584 -0.035833 -0.640564 0.164726 
0.000000 0.000000 0.000000 -0.035053 0.008970 -0.065687 -0.030216 -0.413924 -0.137999 0.015556 -0.368282 -0.016236 0.044524 -0.304465 0.066070 0.065513 -0.239959 0.128447 -0.245771 -0.220361 -0.094865 -0.328782 -0.388070 -0.152258 -0.390771 -0.522004 -0.200277 -0.160041 -0.599799 -0.133972 -0.191126 -0.731138 -0.157759 -0.209739 -0.843720 -0.181676 -0.060549 -0.593129 -0.005000 -0.112311 -0.746057 0.002641 -0.146626 -0.878200 0.002339 -0.012211 -0.508034 0.073428 -0.052894 -0.654006 0.078704 -0.072300 -0.787734 0.075808 0.017242 -0.404126 0.164577 -0.015984 -0.517126 0.189446 -0.041428 -0.628726 0.199497 
0.000000 0.000000 0.000000 -0.034598 0.004590 -0.066376 -0.020450 -0.421462 -0.115072 0.023216 -0.368211 0.004352 0.050089 -0.299349 0.083232 0.069161 -0.231069 0.142109 -0.220766 -0.245683 -0.089859 -0.337258 -0.402287 -0.104553 -0.398113 -0.543485 -0.125687 -0.134310 -0.617051 -0.100890 -0.192502 -0.741095 -0.097913 -0.216304 -0.854794 -0.107862 -0.055515 -0.590020 0.037166 -0.109062 -0.740881 0.059483 -0.147754 -0.871006 0.073970 -0.010312 -0.500175 0.110334 -0.053623 -0.644179 0.129769 -0.078065 -0.776536 0.142109 0.014964 -0.389847 0.191490 -0.022340 -0.499137 0.225481 -0.053656 -0.607852 0.245570 
0.000000 0.000000 0.000000 -0.034386 -0.001383 -0.066630 -0.013095 -0.429688 -0.080543 0.029190 -0.366209 0.034292 0.054602 -0.290741 0.107400 0.072309 -0.217604 0.160596 -0.221028 -0.251974 -0.051966 -0.337817 -0.408778 -0.042790 -0.398280 -0.551621 -0.037606 -0.121488 -0.626373 -0.049139 -0.186997 -0.745244 -0.030159 -0.212212 -0.859044 -0.027543 -0.047220 -0.585419 0.085114 -0.099190 -0.734513 0.119681 -0.137813 -0.862715 0.146363 -0.003334 -0.488950 0.152897 -0.044878 -0.631079 0.185521 -0.070453 -0.761228 0.211506 0.019984 -0.371852 0.224282 -0.016033 -0.478023 0.268119 -0.048257 -0.583958 0.298819 
0.000000 0.000000 0.000000 -0.033616 -0.009751 -0.066323 -0.003456 -0.436270 -0.030772 0.036262 -0.359151 0.076372 0.059327 -0.275270 0.140545 0.074956 -0.196153 0.185139 -0.218705 -0.255625 -0.010341 -0.334521 -0.409478 0.024690 -0.391173 -0.549537 0.060199 -0.112323 -0.626065 0.028777 -0.178119 -0.740772 0.064766 -0.206624 -0.851586 0.087146 -0.041119 -0.568663 0.157561 -0.093749 -0.711160 0.212781 -0.135922 -0.832128 0.259978 0.001013 -0.464683 0.214274 -0.040802 -0.600503 0.267143 -0.069863 -0.723705 0.314521 0.023316 -0.341823 0.266993 -0.012229 -0.442090 0.323334 -0.046184 -0.542337 0.368064 
0.000000 0.000000 0.000000 -0.031162 -0.020063 -0.065194 0.001669 -0.435959 0.035031 0.036865 -0.343091 0.130641 0.056874 -0.250216 0.182218 0.070186 -0.165093 0.214917 -0.214026 -0.255189 0.030320 -0.328451 -0.402316 0.090086 -0.384210 -0.535132 0.147858 -0.114416 -0.606956 0.128329 -0.184575 -0.710302 0.184715 -0.220561 -0.810800 0.231602 -0.047712 -0.530869 0.249218 -0.105238 -0.658584 0.329867 -0.154067 -0.764353 0.401057 -0.007294 -0.420709 0.289588 -0.053306 -0.542963 0.366579 -0.088547 -0.651916 0.438381 0.013993 -0.293801 0.319142 -0.024685 -0.382394 0.390882 -0.063591 -0.471248 0.452481 
0.000000 0.000000 0.000000 -0.030419 -0.029975 -0.061645 0.000056 -0.425139 0.102700 0.034335 -0.318505 0.183066 0.053964 -0.218730 0.219752 0.067107 -0.129555 0.238921 -0.209466 -0.253934 0.063379 -0.321502 -0.394073 0.141611 -0.375748 -0.519809 0.214649 -0.120702 -0.573866 0.224017 -0.193685 -0.663753 0.297338 -0.235254 -0.750834 0.362776 -0.054507 -0.482284 0.330572 -0.114931 -0.593676 0.430897 -0.166579 -0.684091 0.519198 -0.013754 -0.367169 0.354267 -0.062311 -0.473608 0.450722 -0.100328 -0.567672 0.540024 0.002729 -0.236185 0.361688 -0.041584 -0.309581 0.446191 -0.085726 -0.384274 0.521527 
0.000000 0.000000 0.000000 -0.028283 -0.037387 -0.058533 0.006410 -0.410862 0.149806 0.036502 -0.295133 0.218407 0.053155 -0.191449 0.244066 0.063971 -0.100406 0.253372 -0.206980 -0.244240 0.093538 -0.318797 -0.373675 0.188694 -0.371016 -0.490501 0.276511 -0.116325 -0.539340 0.290695 -0.190503 -0.616989 0.375843 -0.233445 -0.692762 0.453351 -0.054612 -0.434067 0.388319 -0.116583 -0.528561 0.503883 -0.168239 -0.605633 0.604037 -0.015909 -0.321082 0.396181 -0.065432 -0.414038 0.505257 -0.103272 -0.495087 0.606584 -0.002247 -0.188370 0.389254 -0.047826 -0.248917 0.482784 -0.093736 -0.311757 0.567322 
0.000000 0.000000 0.000000 -0.031193 -0.040604 -0.054792 -0.000982 -0.398965 0.179210 0.034637 -0.279593 0.238255 0.055129 -0.174905 0.255764 0.068904 -0.083815 0.258067 -0.211273 -0.222941 0.124569 -0.323956 -0.337036 0.236802 -0.379413 -0.445044 0.333475 -0.126733 -0.507230 0.333759 -0.202734 -0.572663 0.427164 -0.246493 -0.639217 0.512305 -0.056045 -0.402762 0.420135 -0.117721 -0.486535 0.543840 -0.167132 -0.553903 0.651819 -0.010691 -0.290426 0.420191 -0.057888 -0.373262 0.538096 -0.093004 -0.445430 0.646846 0.003170 -0.159344 0.401457 -0.042076 -0.211332 0.500155 -0.087375 -0.265492 0.590807 
0.000000 0.000000 0.000000 -0.032153 -0.042491 -0.052769 -0.004014 -0.391051 0.195839 0.033519 -0.269742 0.249505 0.055383 -0.164665 0.262420 0.070237 -0.073730 0.260771 -0.212160 -0.216397 0.134849 -0.324797 -0.325216 0.252248 -0.384405 -0.432724 0.346987 -0.125286 -0.501784 0.352209 -0.198579 -0.568708 0.446715 -0.241006 -0.635680 0.532201 -0.048774 -0.392245 0.435772 -0.104745 -0.475564 0.562460 -0.149062 -0.544138 0.671881 -0.005250 -0.277478 0.430678 -0.048727 -0.358372 0.551329 -0.080458 -0.428740 0.662277 0.013863 -0.146146 0.409648 -0.024939 -0.195992 0.512123 -0.066245 -0.247288 0.606280 
0.000000 0.000000 0.000000 -0.031265 -0.043222 -0.052709 0.002287 -0.390406 0.197151 0.037554 -0.268281 0.250504 0.057546 -0.162796 0.263120 0.070815 -0.071622 0.261202 -0.214337 -0.220210 0.128966 -0.328892 -0.330958 0.242647 -0.390436 -0.440258 0.334039 -0.108076 -0.520481 0.346552 -0.174775 -0.599096 0.436846 -0.209044 -0.675955 0.517539 -0.033694 -0.402880 0.432936 -0.082152 -0.494425 0.557016 -0.115473 -0.573382 0.663293 0.005458 -0.280682 0.430761 -0.031892 -0.365214 0.550970 -0.053288 -0.443327 0.659176 0.016388 -0.149027 0.408281 -0.021076 -0.202307 0.509519 -0.054207 -0.259414 0.603562 
0.000000 0.000000 0.000000 -0.032836 -0.040844 -0.053642 0.008171 -0.398886 0.179203 0.045032 -0.279243 0.236923 0.065402 -0.174408 0.253674 0.078614 -0.083223 0.255470 -0.210147 -0.231690 0.119519 -0.321098 -0.351110 0.227871 -0.383312 -0.467315 0.309802 -0.089194 -0.546461 0.321195 -0.148039 -0.635651 0.407011 -0.175245 -0.722214 0.480223 -0.008434 -0.436747 0.406654 -0.044799 -0.543871 0.522095 -0.066243 -0.637710 0.618913 0.030867 -0.311827 0.410636 0.006103 -0.410365 0.523188 -0.003890 -0.502253 0.621802 0.043421 -0.173697 0.400942 0.019196 -0.235972 0.501073 -0.002720 -0.303294 0.591575 
0.000000 0.000000 0.000000 -0.032043 -0.037543 -0.056459 0.022445 -0.411250 0.147174 0.056067 -0.295383 0.213875 0.073283 -0.191585 0.238686 0.083633 -0.100445 0.247563 -0.201105 -0.253785 0.093554 -0.306894 -0.389094 0.187422 -0.364674 -0.517173 0.253332 -0.065870 -0.581379 0.268321 -0.119245 -0.684201 0.341539 -0.139816 -0.781898 0.401749 0.013364 -0.475719 0.362637 -0.015680 -0.598372 0.463815 -0.027037 -0.707548 0.545001 0.046613 -0.352852 0.372832 0.027489 -0.468491 0.469023 0.027453 -0.575186 0.551994 0.059592 -0.210164 0.381615 0.043044 -0.285686 0.473886 0.032317 -0.365824 0.555532 
0.000000 0.000000 0.000000 -0.028356 -0.033484 -0.060817 0.050618 -0.421966 0.103309 0.074612 -0.311797 0.182628 0.083749 -0.210287 0.218659 0.087207 -0.120115 0.237357 -0.187270 -0.277137 0.054186 -0.286708 -0.429600 0.126147 -0.335069 -0.569316 0.173342 -0.024334 -0.612195 0.201367 -0.069633 -0.727163 0.260632 -0.078632 -0.835129 0.303709 0.050204 -0.515250 0.302984 0.033603 -0.653627 0.384843 0.035821 -0.775976 0.445383 0.074398 -0.390093 0.329546 0.067692 -0.519025 0.409059 0.080167 -0.636785 0.474214 0.077642 -0.248594 0.355628 0.071059 -0.337029 0.437036 0.071248 -0.428141 0.507048 
0.000000 0.000000 0.000000 -0.026978 -0.028684 -0.063823 0.077977 -0.426402 0.058233 0.096075 -0.323805 0.148516 0.099345 -0.226229 0.194929 0.097434 -0.138458 0.222950 -0.165184 -0.300170 0.007175 -0.251665 -0.470048 0.051601 -0.287753 -0.619200 0.074802 -0.006788 -0.622909 0.133202 -0.007299 -0.756313 0.164588 -0.002692 -0.870088 0.189631 0.092042 -0.545156 0.234898 0.089299 -0.695706 0.293650 0.104510 -0.825770 0.332268 0.106836 -0.419023 0.281463 0.112208 -0.557268 0.343513 0.136467 -0.681249 0.391556 0.101956 -0.281957 0.322821 0.105067 -0.380729 0.391564 0.115510 -0.480416 0.447747 
0.000000 0.000000 0.000000 -0.025318 -0.024999 -0.066014 0.104035 -0.424157 0.023613 0.116031 -0.328321 0.121980 0.113434 -0.234821 0.176175 0.106224 -0.149900 0.211229 -0.177786 -0.296204 -0.033647 -0.202652 -0.490340 -0.031569 -0.224797 -0.643934 -0.029306 0.032096 -0.633176 0.074172 0.053516 -0.768216 0.083523 0.070158 -0.883296 0.092046 0.127533 -0.558248 0.180937 0.135355 -0.714630 0.221037 0.159808 -0.847092 0.243289 0.136413 -0.434960 0.240444 0.152891 -0.578471 0.286528 0.187219 -0.704783 0.320216 0.128632 -0.302962 0.292814 0.144055 -0.408317 0.348971 0.164917 -0.512448 0.392842 
0.000000 0.000000 0.000000 -0.019807 -0.023863 -0.068280 0.115262 -0.421434 0.019956 0.117299 -0.328092 0.121384 0.107975 -0.236268 0.177665 0.095670 -0.152612 0.214308 -0.184867 -0.289246 -0.055118 -0.171466 -0.482855 -0.080553 -0.188203 -0.636598 -0.093581 0.037904 -0.631442 0.056459 0.087287 -0.759158 0.050786 0.113646 -0.872729 0.050816 0.135438 -0.560054 0.169748 0.160588 -0.717613 0.195578 0.195192 -0.848930 0.209636 0.143267 -0.437337 0.232795 0.168573 -0.581517 0.272325 0.211955 -0.706195 0.301331 0.127570 -0.306959 0.290108 0.149527 -0.413199 0.342283 0.176919 -0.517081 0.383044 
0.000000 0.000000 0.000000 -0.014556 -0.022466 -0.070052 0.089041 -0.427353 0.027037 0.086691 -0.334627 0.129022 0.077241 -0.242618 0.184978 0.066230 -0.158526 0.221030 -0.198286 -0.275625 -0.069775 -0.180648 -0.465117 -0.115522 -0.202736 -0.616548 -0.141363 -0.000433 -0.634218 0.051970 0.043653 -0.763855 0.046260 0.071783 -0.876966 0.043478 0.090985 -0.567839 0.174497 0.104739 -0.726714 0.200844 0.136330 -0.858868 0.214137 0.099285 -0.446106 0.238084 0.115092 -0.592020 0.276164 0.154921 -0.718136 0.304029 0.084891 -0.315283 0.296297 0.097736 -0.423182 0.348105 0.121182 -0.528033 0.388845 
0.000000 0.000000 0.000000 -0.026846 -0.020826 -0.066854 0.017242 -0.435785 0.032934 0.043594 -0.342266 0.130732 0.057120 -0.249035 0.183753 0.065271 -0.163682 0.217529 -0.223149 -0.262778 -0.039104 -0.225251 -0.440768 -0.120508 -0.259090 -0.585887 -0.163893 -0.102570 -0.626969 0.055601 -0.064729 -0.758307 0.045575 -0.054061 -0.874338 0.041567 0.027167 -0.575573 0.172833 0.047119 -0.735196 0.188549 0.077428 -0.868112 0.195890 0.085008 -0.454690 0.224274 0.105006 -0.602157 0.253330 0.147066 -0.728697 0.275390 0.094038 -0.322717 0.284362 0.113840 -0.432184 0.330364 0.147394 -0.537378 0.362166 
0.000000 0.000000 0.000000 -0.037345 -0.017186 -0.062721 0.058307 -0.433079 -0.018260 0.095212 -0.346750 0.082685 0.111044 -0.257883 0.142167 0.118582 -0.175596 0.182964 -0.227405 -0.262417 -0.102539 -0.194233 -0.442613 -0.171387 -0.221605 -0.589053 -0.214893 -0.040326 -0.636762 -0.003952 -0.007413 -0.768860 -0.019731 0.000905 -0.884839 -0.028262 0.094042 -0.582708 0.110913 0.119304 -0.742079 0.120251 0.152419 -0.874489 0.123481 0.150440 -0.463569 0.171410 0.178688 -0.611058 0.192378 0.222266 -0.737789 0.209937 0.170944 -0.333605 0.236605 0.206986 -0.442367 0.273527 0.239544 -0.549090 0.300973 
0.000000 0.000000 0.000000 -0.039678 -0.016013 -0.061589 0.051299 -0.433663 -0.024393 0.092835 -0.348900 0.076078 0.111958 -0.260877 0.135848 0.122067 -0.179124 0.177159 -0.231194 -0.260890 -0.096273 -0.198556 -0.438568 -0.171615 -0.227357 -0.584131 -0.217100 -0.045950 -0.638245 -0.013949 -0.023785 -0.772864 -0.026926 -0.018397 -0.889052 -0.034960 0.092604 -0.584823 0.104617 0.108148 -0.745190 0.117486 0.137630 -0.878440 0.121290 0.146360 -0.467538 0.164509 0.171029 -0.615727 0.185060 0.209480 -0.743997 0.203398 0.170487 -0.339395 0.227704 0.203816 -0.449714 0.262494 0.232386 -0.557700 0.289434 
0.000000 0.000000 0.000000 -0.039822 -0.016187 -0.061450 0.038366 -0.435441 -0.014483 0.081910 -0.349738 0.084328 0.103361 -0.261016 0.142244 0.115709 -0.178700 0.181793 -0.217966 -0.273189 -0.053630 -0.203384 -0.441293 -0.152826 -0.235681 -0.584919 -0.201969 -0.056881 -0.640444 0.003454 -0.040822 -0.776205 -0.006208 -0.035767 -0.892535 -0.012117 0.070744 -0.584365 0.120385 0.087659 -0.744486 0.134515 0.115313 -0.878047 0.140516 0.135659 -0.467351 0.175354 0.158819 -0.615307 0.199095 0.195253 -0.743790 0.219896 0.161127 -0.338601 0.236154 0.192389 -0.448664 0.273572 0.219737 -0.556540 0.302176 
0.000000 0.000000 0.000000 -0.038720 -0.016282 -0.062125 0.035544 -0.435778 -0.011137 0.077747 -0.349784 0.088001 0.098686 -0.260863 0.145801 0.110839 -0.178397 0.185096 -0.213434 -0.275029 -0.042854 -0.207700 -0.442603 -0.143834 -0.239826 -0.585664 -0.194710 -0.066046 -0.637394 0.010095 -0.047889 -0.772931 0.001041 -0.042568 -0.889292 -0.003961 0.063656 -0.583379 0.129342 0.085982 -0.742922 0.142466 0.113075 -0.876548 0.149490 0.128972 -0.467039 0.181686 0.150689 -0.614881 0.207418 0.186845 -0.743253 0.229358 0.153538 -0.338416 0.241282 0.182928 -0.448561 0.279955 0.210572 -0.556004 0.309869 
0.000000 0.000000 0.000000 -0.039841 -0.016211 -0.061431 0.024341 -0.436662 -0.004921 0.069863 -0.350307 0.092420 0.093722 -0.261100 0.148624 0.108421 -0.178396 0.186523 -0.215204 -0.274512 -0.042084 -0.215990 -0.442739 -0.142136 -0.250280 -0.585145 -0.193435 -0.071669 -0.641315 0.012950 -0.057621 -0.777371 0.004383 -0.053492 -0.893769 -0.000874 0.062654 -0.585242 0.127465 0.072255 -0.745630 0.145014 0.097422 -0.879627 0.152146 0.122054 -0.467469 0.184994 0.142369 -0.615449 0.211074 0.177807 -0.743968 0.233322 0.148770 -0.338555 0.244031 0.176543 -0.448797 0.283614 0.203775 -0.556175 0.314132 
0.000000 0.000000 0.000000 -0.037598 -0.015725 -0.062953 0.014582 -0.437122 -0.001356 0.057950 -0.351157 0.097303 0.081464 -0.262131 0.153939 0.096445 -0.179524 0.191940 -0.223979 -0.265683 -0.037869 -0.230953 -0.434223 -0.137150 -0.268279 -0.575466 -0.189534 -0.093522 -0.635796 0.014839 -0.081109 -0.771804 0.003454 -0.079465 -0.888147 -0.003952 0.056513 -0.587003 0.126444 0.055535 -0.747411 0.146264 0.078734 -0.881815 0.152317 0.106165 -0.469173 0.189111 0.123878 -0.617635 0.214332 0.158307 -0.746526 0.236008 0.131586 -0.340589 0.250328 0.155774 -0.451454 0.290518 0.183320 -0.558758 0.321018 
0.000000 0.000000 0.000000 -0.035883 -0.016306 -0.063800 0.003782 -0.437255 0.009146 0.045995 -0.350040 0.107208 0.069830 -0.260287 0.162545 0.085594 -0.177185 0.199124 -0.222041 -0.264637 -0.024772 -0.241331 -0.434883 -0.119403 -0.280937 -0.575724 -0.171192 -0.110560 -0.632105 0.028627 -0.098958 -0.768017 0.015382 -0.098096 -0.884281 0.006714 0.025318 -0.584036 0.143162 0.034855 -0.744851 0.156286 0.056396 -0.879596 0.160672 0.088644 -0.467537 0.200055 0.102135 -0.616148 0.226953 0.135239 -0.745548 0.247640 0.113868 -0.338285 0.261038 0.133331 -0.449174 0.303655 0.161165 -0.556696 0.333108 
0.000000 0.000000 0.000000 -0.032641 -0.017276 -0.065269 -0.002041 -0.436973 0.018458 0.035967 -0.348143 0.116791 0.057923 -0.257490 0.171435 0.072735 -0.173801 0.207060 -0.219673 -0.263118 -0.016005 -0.247623 -0.435884 -0.103650 -0.290042 -0.577077 -0.152150 -0.117021 -0.630757 0.043905 -0.110113 -0.767245 0.033648 -0.109209 -0.883612 0.026503 0.000485 -0.578011 0.165535 0.023581 -0.737855 0.171958 0.043812 -0.872781 0.176957 0.076650 -0.464683 0.209303 0.090079 -0.613254 0.236458 0.123263 -0.742602 0.257334 0.099404 -0.333503 0.273168 0.117761 -0.443430 0.318671 0.147220 -0.550110 0.349567 
0.000000 0.000000 0.000000 -0.031407 -0.018450 -0.065552 -0.009251 -0.436278 0.029426 0.027878 -0.345540 0.126341 0.049987 -0.253857 0.179176 0.065280 -0.169515 0.213013 -0.229597 -0.253191 -0.006700 -0.259145 -0.428292 -0.089026 -0.303542 -0.570090 -0.133850 -0.135598 -0.620845 0.066732 -0.127263 -0.757516 0.060931 -0.127547 -0.874078 0.058409 -0.010150 -0.574488 0.177441 0.001438 -0.735098 0.191389 0.020268 -0.870162 0.197920 0.061366 -0.460062 0.224604 0.069525 -0.607924 0.257178 0.104036 -0.736761 0.279043 0.081636 -0.326103 0.289163 0.092895 -0.433886 0.341579 0.123044 -0.538514 0.378281 
0.000000 0.000000 0.000000 -0.029258 -0.018993 -0.066386 -0.013823 -0.435808 0.034210 0.020650 -0.344201 0.131288 0.041655 -0.252063 0.183781 0.056449 -0.167440 0.217137 -0.227719 -0.254121 -0.010045 -0.267939 -0.431196 -0.083107 -0.314545 -0.572801 -0.126265 -0.145795 -0.615898 0.073848 -0.145188 -0.752939 0.072610 -0.148027 -0.869494 0.072599 -0.024505 -0.571002 0.186030 -0.020553 -0.731360 0.205882 -0.004270 -0.866548 0.215814 0.046212 -0.456661 0.237003 0.049480 -0.603370 0.275166 0.084134 -0.731818 0.299004 0.069132 -0.322462 0.297097 0.077863 -0.429167 0.352135 0.106557 -0.533284 0.391371 
0.000000 0.000000 0.000000 -0.026895 -0.018242 -0.067585 -0.013784 -0.436228 0.028375 0.017061 -0.345743 0.127701 0.035984 -0.254210 0.182012 0.049381 -0.169971 0.216893 -0.234783 -0.245176 -0.011638 -0.279733 -0.423562 -0.078488 -0.330970 -0.564944 -0.116865 -0.146039 -0.616898 0.064253 -0.156045 -0.753580 0.064630 -0.160597 -0.870077 0.063771 -0.040010 -0.568007 0.189478 -0.036224 -0.728366 0.209358 -0.025840 -0.863888 0.222213 0.030614 -0.458550 0.236142 0.026764 -0.605075 0.274956 0.055791 -0.735181 0.297267 0.057455 -0.326317 0.294847 0.063013 -0.433934 0.348504 0.088203 -0.539343 0.386681 
0.000000 0.000000 0.000000 -0.028853 -0.016208 -0.067296 -0.015697 -0.436768 0.016656 0.018425 -0.349253 0.117559 0.039398 -0.259372 0.173840 0.054269 -0.176210 0.210656 -0.236798 -0.244495 -0.017393 -0.288432 -0.423559 -0.077234 -0.343631 -0.564524 -0.111422 -0.148015 -0.617018 0.054365 -0.155747 -0.753846 0.053670 -0.162056 -0.870262 0.052993 -0.044443 -0.570844 0.176035 -0.045405 -0.731462 0.194081 -0.040107 -0.867362 0.206016 0.026865 -0.464336 0.224301 0.017878 -0.611308 0.260484 0.042301 -0.742642 0.281051 0.053340 -0.334675 0.284643 0.052701 -0.443751 0.335570 0.072890 -0.551377 0.370386 
0.000000 0.000000 0.000000 -0.029075 -0.015269 -0.067419 -0.013918 -0.437034 0.009889 0.020289 -0.350971 0.112005 0.041149 -0.261897 0.169597 0.055851 -0.179262 0.207646 -0.234382 -0.247885 -0.027602 -0.296426 -0.428444 -0.070732 -0.353862 -0.570046 -0.097878 -0.147977 -0.616162 0.046788 -0.157675 -0.752865 0.047102 -0.166121 -0.869148 0.047429 -0.030482 -0.577579 0.162458 -0.052694 -0.735246 0.190251 -0.051476 -0.871183 0.202859 0.021148 -0.466551 0.218895 0.006805 -0.613301 0.254245 0.025772 -0.745536 0.274792 0.043946 -0.338312 0.279394 0.035751 -0.447789 0.328779 0.048019 -0.556821 0.362904 
0.000000 0.000000 0.000000 -0.028004 -0.015547 -0.067808 -0.008700 -0.437182 0.009288 0.023116 -0.350822 0.111924 0.042132 -0.261564 0.169868 0.055325 -0.178798 0.208186 -0.237621 -0.244962 -0.032091 -0.297992 -0.428726 -0.062046 -0.356853 -0.571355 -0.078759 -0.137083 -0.620031 0.048072 -0.157661 -0.755396 0.053977 -0.167181 -0.871568 0.056552 -0.036610 -0.574196 0.166800 -0.058622 -0.731739 0.195438 -0.060093 -0.867328 0.211342 0.017665 -0.465291 0.220962 0.000121 -0.611375 0.257600 0.015298 -0.743800 0.279989 0.039150 -0.336498 0.282046 0.028016 -0.445046 0.332886 0.035623 -0.554101 0.368275 
0.000000 0.000000 0.000000 -0.026674 -0.016795 -0.068047 -0.005346 -0.437051 0.015753 0.023953 -0.348900 0.117612 0.041222 -0.258628 0.174523 0.053068 -0.175190 0.211809 -0.232768 -0.250739 -0.042714 -0.316199 -0.427780 -0.040118 -0.378144 -0.570078 -0.039200 -0.132951 -0.619291 0.059639 -0.161237 -0.752733 0.072866 -0.173416 -0.868417 0.080751 -0.028596 -0.572669 0.177947 -0.064337 -0.724864 0.218983 -0.070804 -0.859185 0.242549 0.008559 -0.459175 0.233071 -0.014862 -0.602980 0.275053 -0.006243 -0.734750 0.303867 0.037576 -0.330686 0.290342 0.026912 -0.437716 0.344398 0.029920 -0.545568 0.383923 
0.000000 0.000000 0.000000 -0.026083 -0.018420 -0.067855 -0.010130 -0.436361 0.027865 0.018951 -0.345697 0.127559 0.036531 -0.254050 0.182128 0.048837 -0.169726 0.217207 -0.221734 -0.259448 -0.029482 -0.344160 -0.410267 -0.005470 -0.412236 -0.548026 0.016325 -0.147321 -0.609233 0.079963 -0.181593 -0.739939 0.102842 -0.202418 -0.853276 0.120567 -0.051683 -0.558259 0.206950 -0.099724 -0.702831 0.260946 -0.119205 -0.832392 0.299336 -0.015997 -0.443842 0.259156 -0.053663 -0.579935 0.314390 -0.061772 -0.707573 0.358104 0.011627 -0.315984 0.305584 -0.013984 -0.416656 0.366416 -0.027129 -0.520322 0.414203 
0.000000 0.000000 0.000000 -0.025788 -0.020116 -0.067485 -0.017536 -0.435052 0.041384 0.012157 -0.341786 0.138463 0.030761 -0.248767 0.190303 0.044143 -0.163593 0.222845 -0.227634 -0.252858 -0.013304 -0.353936 -0.398493 0.020598 -0.424604 -0.533003 0.052218 -0.139110 -0.614988 0.106676 -0.212586 -0.723736 0.146137 -0.247527 -0.830520 0.177273 -0.082707 -0.533405 0.242181 -0.147227 -0.663732 0.312725 -0.185638 -0.782082 0.368916 -0.032146 -0.429005 0.281244 -0.077255 -0.558248 0.346455 -0.099339 -0.679714 0.401467 -0.010801 -0.299284 0.318530 -0.048620 -0.392682 0.384392 -0.077881 -0.489687 0.438585 
0.000000 0.000000 0.000000 -0.026785 -0.022262 -0.066414 -0.026351 -0.432556 0.059090 0.006134 -0.336111 0.152083 0.027140 -0.241498 0.199971 0.042593 -0.155389 0.228935 -0.232405 -0.248391 0.000162 -0.361068 -0.389888 0.041822 -0.431549 -0.522043 0.082492 -0.168684 -0.586961 0.144649 -0.254706 -0.680280 0.196359 -0.306498 -0.773655 0.243175 -0.113012 -0.500504 0.275587 -0.194048 -0.612315 0.359587 -0.250487 -0.714605 0.430234 -0.052110 -0.407056 0.304966 -0.108937 -0.525771 0.380253 -0.146660 -0.635800 0.449090 -0.023012 -0.280371 0.332191 -0.068169 -0.366398 0.403265 -0.107389 -0.456241 0.463208 
0.000000 0.000000 0.000000 -0.028935 -0.025008 -0.064508 -0.040315 -0.427262 0.084335 -0.002518 -0.326939 0.171003 0.022801 -0.230587 0.212970 0.041878 -0.143591 0.236641 -0.240718 -0.237876 0.023132 -0.373239 -0.371076 0.077972 -0.447018 -0.496678 0.131521 -0.195592 -0.558004 0.185409 -0.289437 -0.637020 0.246494 -0.354094 -0.714747 0.304557 -0.140925 -0.463492 0.307645 -0.235061 -0.556366 0.400582 -0.307356 -0.639939 0.480759 -0.075952 -0.368600 0.339119 -0.146765 -0.467564 0.429576 -0.203862 -0.555845 0.514514 -0.033339 -0.252904 0.350568 -0.085111 -0.328146 0.428987 -0.135408 -0.406095 0.496791 
0.000000 0.000000 0.000000 -0.031288 -0.028557 -0.061882 -0.055004 -0.417815 0.117026 -0.011456 -0.312919 0.195160 0.018495 -0.214807 0.229264 0.041445 -0.127130 0.245950 -0.253089 -0.219847 0.047929 -0.391879 -0.339544 0.116642 -0.468949 -0.453390 0.188657 -0.221853 -0.515346 0.235640 -0.322693 -0.574290 0.307327 -0.398339 -0.629431 0.376828 -0.168487 -0.409821 0.344913 -0.275290 -0.475728 0.446766 -0.362860 -0.530297 0.536170 -0.102907 -0.312302 0.372338 -0.189959 -0.382211 0.474931 -0.266757 -0.438726 0.570724 -0.052582 -0.209494 0.368267 -0.117303 -0.266187 0.452460 -0.182071 -0.324776 0.527129 
0.000000 0.000000 0.000000 -0.032262 -0.032537 -0.059366 -0.066210 -0.405403 0.150183 -0.019522 -0.295843 0.219620 0.013247 -0.196190 0.245724 0.038674 -0.108133 0.255309 -0.258039 -0.202633 0.074568 -0.399315 -0.309069 0.158376 -0.479054 -0.412812 0.241838 -0.238767 -0.470725 0.282006 -0.343055 -0.510204 0.361676 -0.424148 -0.543496 0.438545 -0.178908 -0.368646 0.380152 -0.287312 -0.418162 0.489336 -0.378993 -0.454235 0.583849 -0.104313 -0.287121 0.396140 -0.188610 -0.352325 0.503998 -0.267583 -0.397057 0.604149 -0.056919 -0.172291 0.386960 -0.122717 -0.216453 0.477578 -0.193449 -0.260100 0.556920 
0.000000 0.000000 0.000000 -0.036870 -0.035356 -0.054904 -0.087279 -0.384444 0.189408 -0.030365 -0.272703 0.246674 0.010179 -0.173708 0.262237 0.041921 -0.087195 0.262699 -0.266026 -0.179213 0.102062 -0.409418 -0.269229 0.200282 -0.493048 -0.359436 0.294916 -0.260661 -0.417712 0.331718 -0.365448 -0.437818 0.417726 -0.447885 -0.450498 0.499192 -0.189083 -0.326770 0.415078 -0.297033 -0.363543 0.529617 -0.387410 -0.387264 0.629159 -0.101974 -0.247663 0.425534 -0.182396 -0.300693 0.542628 -0.259111 -0.332670 0.649213 -0.049914 -0.136285 0.403208 -0.113126 -0.170075 0.499923 -0.182838 -0.202138 0.585452 
0.000000 0.000000 0.000000 -0.041066 -0.037922 -0.049994 -0.109974 -0.354655 0.231119 -0.043145 -0.242305 0.274889 0.005144 -0.145672 0.278926 0.043267 -0.062307 0.269475 -0.274859 -0.145547 0.127780 -0.421152 -0.212892 0.239020 -0.509931 -0.284210 0.344466 -0.283240 -0.357962 0.377365 -0.387958 -0.359960 0.465752 -0.470857 -0.355177 0.547593 -0.198298 -0.269214 0.452872 -0.303824 -0.287516 0.573925 -0.393947 -0.293818 0.676285 -0.109838 -0.186468 0.451635 -0.192287 -0.215721 0.575478 -0.271538 -0.225090 0.684563 -0.048987 -0.085723 0.416197 -0.112487 -0.101841 0.517188 -0.182412 -0.117661 0.606984 