68
0.000000 0.000000 0.000000 -0.060914 0.006516 -0.043254 -0.038958 -0.407237 -0.154694 0.049580 -0.360693 -0.059831 0.103840 -0.296967 0.008586 0.142228 -0.232875 0.062541 -0.205777 -0.268843 -0.011036 -0.296424 -0.441145 0.009125 -0.360776 -0.581042 -0.010227 -0.115543 -0.619236 -0.129969 -0.161829 -0.747362 -0.115025 -0.189468 -0.860553 -0.110889 0.023991 -0.596132 -0.040125 0.006588 -0.756263 -0.026723 -0.007591 -0.891732 -0.017424 0.084413 -0.507528 0.009167 0.070483 -0.658514 0.009582 0.069861 -0.793090 -0.002947 0.138410 -0.406881 0.079682 0.135781 -0.526652 0.091480 0.136632 -0.641381 0.085180 
0.000000 0.000000 0.000000 -0.063273 0.012273 -0.038338 -0.056500 -0.386090 -0.197567 0.038539 -0.351989 -0.103709 0.098119 -0.297316 -0.031965 0.140992 -0.240399 0.026470 -0.212463 -0.262507 -0.029142 -0.305815 -0.434447 -0.023388 -0.372925 -0.570586 -0.055782 -0.135016 -0.598760 -0.192390 -0.182469 -0.727292 -0.189262 -0.211281 -0.839808 -0.199421 0.009125 -0.587546 -0.114778 -0.010881 -0.747757 -0.122306 -0.027429 -0.882914 -0.132207 0.077596 -0.506404 -0.055940 0.062879 -0.656333 -0.073132 0.060262 -0.787739 -0.104655 0.137957 -0.415143 0.020030 0.135867 -0.535423 0.015596 0.136228 -0.648037 -0.007233 
0.000000 0.000000 0.000000 -0.065660 0.015335 -0.032825 -0.071697 -0.368671 -0.224123 0.029649 -0.342312 -0.134465 0.094226 -0.293658 -0.062710 0.141244 -0.241688 -0.002870 -0.218882 -0.256555 -0.053932 -0.314758 -0.426686 -0.067140 -0.384128 -0.558144 -0.111786 -0.151103 -0.579934 -0.246103 -0.199094 -0.707615 -0.259388 -0.228678 -0.817759 -0.283599 -0.005987 -0.574516 -0.170324 -0.030224 -0.732447 -0.194714 -0.049190 -0.865253 -0.220057 0.067830 -0.497960 -0.110434 0.048902 -0.644457 -0.144656 0.044489 -0.770829 -0.192393 0.133993 -0.414817 -0.026537 0.129003 -0.533985 -0.042827 0.128707 -0.643152 -0.078682 
0.000000 0.000000 0.000000 -0.065850 0.019392 -0.030193 -0.084471 -0.347752 -0.251443 0.019059 -0.330965 -0.161977 0.086050 -0.289698 -0.087845 0.135356 -0.243775 -0.024977 -0.225274 -0.247189 -0.067142 -0.325031 -0.413997 -0.090263 -0.397244 -0.540517 -0.143787 -0.167240 -0.555837 -0.287078 -0.217263 -0.681599 -0.308615 -0.248752 -0.788365 -0.343292 -0.020336 -0.558215 -0.219247 -0.047131 -0.712776 -0.258199 -0.068766 -0.841760 -0.297373 0.056540 -0.488810 -0.152630 0.035380 -0.631586 -0.199085 0.028599 -0.752031 -0.260037 0.127990 -0.413493 -0.066544 0.122920 -0.530313 -0.095156 0.121342 -0.634933 -0.142646 
0.000000 0.000000 0.000000 -0.067568 0.020730 -0.025073 -0.099126 -0.333856 -0.264584 0.009589 -0.321538 -0.180716 0.080884 -0.284097 -0.108596 0.133842 -0.241466 -0.046383 -0.232125 -0.239391 -0.080787 -0.335094 -0.402158 -0.115649 -0.410496 -0.523359 -0.176575 -0.185801 -0.536838 -0.316602 -0.238184 -0.659515 -0.348040 -0.272033 -0.761906 -0.392351 -0.035749 -0.541987 -0.257014 -0.066585 -0.691923 -0.308908 -0.091070 -0.815914 -0.360540 0.048156 -0.475953 -0.191263 0.024689 -0.613526 -0.250541 0.016193 -0.726732 -0.323890 0.125508 -0.407446 -0.100858 0.119771 -0.521693 -0.138354 0.118624 -0.621274 -0.195673 
0.000000 0.000000 0.000000 -0.067523 0.022460 -0.023666 -0.106277 -0.323412 -0.274591 0.003419 -0.315372 -0.191484 0.075925 -0.281331 -0.118888 0.130072 -0.241527 -0.055831 -0.235016 -0.233713 -0.088227 -0.339822 -0.394009 -0.128625 -0.417244 -0.511410 -0.194273 -0.194146 -0.524052 -0.333267 -0.247251 -0.645313 -0.368729 -0.281052 -0.744746 -0.419363 -0.045588 -0.531052 -0.278403 -0.078920 -0.677744 -0.337521 -0.105412 -0.798030 -0.396417 0.040718 -0.468991 -0.209762 0.015471 -0.603555 -0.274923 0.005911 -0.711799 -0.355297 0.121462 -0.403962 -0.120074 0.115536 -0.515768 -0.164294 0.114319 -0.611353 -0.228054 
0.000000 0.000000 0.000000 -0.067410 0.023331 -0.023141 -0.106922 -0.315384 -0.283533 0.002667 -0.310003 -0.200071 0.075171 -0.278216 -0.126458 0.129350 -0.240343 -0.062249 -0.236827 -0.228574 -0.098559 -0.342838 -0.386200 -0.145752 -0.420483 -0.500378 -0.216614 -0.193449 -0.513817 -0.351042 -0.245744 -0.633745 -0.391842 -0.277518 -0.730351 -0.448859 -0.045976 -0.522213 -0.295335 -0.079060 -0.666545 -0.360128 -0.104614 -0.783848 -0.425139 0.040143 -0.461806 -0.225359 0.015026 -0.593451 -0.296278 0.006431 -0.697198 -0.382480 0.121637 -0.400011 -0.133192 0.116328 -0.509914 -0.182023 0.116625 -0.602385 -0.250230 
0.000000 0.000000 0.000000 -0.067863 0.023117 -0.022003 -0.105821 -0.309589 -0.290253 0.004415 -0.304992 -0.207600 0.077189 -0.274181 -0.133839 0.131490 -0.237268 -0.069177 -0.235295 -0.226363 -0.109021 -0.340064 -0.382471 -0.163472 -0.417140 -0.494149 -0.238799 -0.189319 -0.504637 -0.370281 -0.239783 -0.622519 -0.418647 -0.268656 -0.715222 -0.483188 -0.044143 -0.512001 -0.313732 -0.077169 -0.652796 -0.385917 -0.101233 -0.765695 -0.458813 0.044114 -0.453997 -0.240075 0.020398 -0.582936 -0.316253 0.013821 -0.681778 -0.408204 0.127957 -0.394765 -0.145126 0.125525 -0.503174 -0.197403 0.128588 -0.592773 -0.269276 
0.000000 0.000000 0.000000 -0.067699 0.023314 -0.022299 -0.103189 -0.306392 -0.294561 0.006361 -0.302643 -0.210959 0.078503 -0.272610 -0.136262 0.132243 -0.236385 -0.070748 -0.233817 -0.224630 -0.115971 -0.337764 -0.379777 -0.174585 -0.414290 -0.489622 -0.253101 -0.192423 -0.503709 -0.361817 -0.229452 -0.613672 -0.434749 -0.255674 -0.703060 -0.504858 -0.038845 -0.506680 -0.324097 -0.069591 -0.645453 -0.401046 -0.092313 -0.755504 -0.478582 0.048464 -0.449421 -0.248286 0.026924 -0.576205 -0.328613 0.022589 -0.671540 -0.424324 0.133613 -0.391295 -0.151909 0.134556 -0.497923 -0.207773 0.141322 -0.584845 -0.282620 
0.000000 0.000000 0.000000 -0.067474 0.023201 -0.023084 -0.098633 -0.305782 -0.296748 0.009842 -0.301992 -0.211758 0.080953 -0.271990 -0.136066 0.133764 -0.235819 -0.069771 -0.231723 -0.224210 -0.121352 -0.334500 -0.379023 -0.182842 -0.410229 -0.487971 -0.263354 -0.185040 -0.502936 -0.368051 -0.217241 -0.609309 -0.448238 -0.239992 -0.695684 -0.523170 -0.031973 -0.503359 -0.330825 -0.060413 -0.640317 -0.411808 -0.080508 -0.747746 -0.493628 0.054520 -0.446533 -0.252471 0.035566 -0.571690 -0.335940 0.033877 -0.664091 -0.434567 0.138282 -0.388879 -0.154259 0.141391 -0.494234 -0.212414 0.151395 -0.579177 -0.289145 
0.000000 0.000000 0.000000 -0.066361 0.023428 -0.025909 -0.088576 -0.307257 -0.298392 0.016449 -0.303503 -0.209172 0.084669 -0.273387 -0.130908 0.135014 -0.237061 -0.062804 -0.228211 -0.224334 -0.127225 -0.329488 -0.379366 -0.190621 -0.402618 -0.488630 -0.273084 -0.169922 -0.504801 -0.374413 -0.199248 -0.612070 -0.454509 -0.217607 -0.697632 -0.531550 -0.021920 -0.505026 -0.329132 -0.048016 -0.642091 -0.410722 -0.065134 -0.749176 -0.493662 0.061940 -0.447369 -0.248922 0.045642 -0.572125 -0.333545 0.047385 -0.663900 -0.432754 0.141741 -0.390197 -0.147008 0.146372 -0.495604 -0.204968 0.159543 -0.580075 -0.281742 
0.000000 0.000000 0.000000 -0.065673 0.023001 -0.027962 -0.081539 -0.312563 -0.294866 0.021255 -0.307264 -0.203161 0.087556 -0.275780 -0.123795 0.136247 -0.238260 -0.055138 -0.225123 -0.225057 -0.132316 -0.324896 -0.380275 -0.197613 -0.396061 -0.490101 -0.281043 -0.163488 -0.511958 -0.365195 -0.184075 -0.614873 -0.453325 -0.198869 -0.700020 -0.531582 -0.012731 -0.509454 -0.323321 -0.035846 -0.646972 -0.405047 -0.050228 -0.754214 -0.488304 0.067965 -0.451071 -0.240428 0.053917 -0.576765 -0.324061 0.058404 -0.669274 -0.422498 0.145418 -0.392598 -0.136881 0.151730 -0.498831 -0.193147 0.166622 -0.584636 -0.268106 
0.000000 0.000000 0.000000 -0.064324 0.023426 -0.030620 -0.073820 -0.314469 -0.294873 0.025513 -0.309385 -0.199418 0.089129 -0.277850 -0.117904 0.135616 -0.240196 -0.047807 -0.222203 -0.225178 -0.136055 -0.320993 -0.380738 -0.202030 -0.390535 -0.491003 -0.286246 -0.156611 -0.513776 -0.364461 -0.173914 -0.615364 -0.454807 -0.186347 -0.699819 -0.534218 -0.006223 -0.511674 -0.320026 -0.027807 -0.649259 -0.402057 -0.039888 -0.756262 -0.485984 0.071857 -0.453843 -0.233844 0.059472 -0.580040 -0.316981 0.066220 -0.673065 -0.414801 0.146623 -0.395177 -0.128093 0.154199 -0.501854 -0.183355 0.170677 -0.588359 -0.257169 
0.000000 0.000000 0.000000 -0.064645 0.022029 -0.030978 -0.070668 -0.321439 -0.288050 0.028765 -0.313196 -0.192921 0.092152 -0.279217 -0.112213 0.138319 -0.239559 -0.043016 -0.222350 -0.227247 -0.135078 -0.321032 -0.383228 -0.200217 -0.389049 -0.495503 -0.283012 -0.153831 -0.521030 -0.356371 -0.164927 -0.620273 -0.450231 -0.175101 -0.705312 -0.529338 -0.000143 -0.516947 -0.311765 -0.019805 -0.655527 -0.392596 -0.029918 -0.763904 -0.475007 0.076030 -0.457084 -0.225427 0.064469 -0.584624 -0.306609 0.073266 -0.679092 -0.402872 0.150420 -0.396193 -0.119864 0.158749 -0.504007 -0.172760 0.176204 -0.591814 -0.244791 
0.000000 0.000000 0.000000 -0.064202 0.020999 -0.032574 -0.066267 -0.330189 -0.279059 0.031766 -0.318928 -0.182793 0.093951 -0.282425 -0.102253 0.139081 -0.240615 -0.033640 -0.219871 -0.231183 -0.132659 -0.317280 -0.388983 -0.195285 -0.384014 -0.503438 -0.276114 -0.146510 -0.532551 -0.342550 -0.153624 -0.632997 -0.435512 -0.161086 -0.719620 -0.513190 0.006747 -0.526411 -0.295926 -0.010270 -0.667529 -0.372873 -0.017745 -0.777606 -0.453288 0.079823 -0.463575 -0.210414 0.069693 -0.593471 -0.287972 0.080399 -0.690231 -0.381731 0.151461 -0.399502 -0.105668 0.159982 -0.508867 -0.155246 0.178640 -0.598645 -0.224492 
0.000000 0.000000 0.000000 -0.063485 0.020077 -0.034504 -0.062676 -0.339764 -0.268183 0.033610 -0.325444 -0.170569 0.094467 -0.286317 -0.090248 0.138519 -0.242247 -0.022353 -0.217769 -0.234631 -0.130246 -0.314309 -0.394011 -0.190154 -0.380089 -0.510274 -0.269166 -0.141398 -0.544889 -0.324280 -0.143031 -0.646759 -0.415941 -0.146903 -0.735427 -0.491547 0.012186 -0.536071 -0.278513 -0.002386 -0.679326 -0.351930 -0.007754 -0.791613 -0.429404 0.083150 -0.470653 -0.193232 0.075035 -0.602833 -0.267079 0.087303 -0.702361 -0.357698 0.151467 -0.403603 -0.088557 0.160379 -0.514668 -0.134126 0.179881 -0.606819 -0.199935 
0.000000 0.000000 0.000000 -0.063093 0.019503 -0.035536 -0.067726 -0.350589 -0.252569 0.028616 -0.333385 -0.155477 0.089965 -0.291621 -0.076875 0.134612 -0.245216 -0.010954 -0.222513 -0.234250 -0.125210 -0.322267 -0.393031 -0.181322 -0.390179 -0.508999 -0.258951 -0.150150 -0.556760 -0.298613 -0.147038 -0.658246 -0.390661 -0.149067 -0.748279 -0.464709 0.005786 -0.546552 -0.258009 -0.009741 -0.691536 -0.327745 -0.014910 -0.805003 -0.403494 0.076842 -0.478868 -0.174241 0.067431 -0.613135 -0.244058 0.079467 -0.714840 -0.332258 0.145432 -0.408919 -0.071538 0.152879 -0.521599 -0.113240 0.171885 -0.615914 -0.176062 
0.000000 0.000000 0.000000 -0.064621 0.017805 -0.033630 -0.080642 -0.364133 -0.228460 0.020194 -0.341950 -0.137112 0.085293 -0.296101 -0.063995 0.133131 -0.246248 -0.003015 -0.232638 -0.238442 -0.096514 -0.331368 -0.391030 -0.169180 -0.404376 -0.505109 -0.244960 -0.162223 -0.571612 -0.269901 -0.156552 -0.674100 -0.360708 -0.157350 -0.765672 -0.432869 -0.003909 -0.557994 -0.233125 -0.020304 -0.704934 -0.298427 -0.025069 -0.819517 -0.372503 0.068069 -0.486801 -0.153720 0.055719 -0.623545 -0.218058 0.066253 -0.727856 -0.303359 0.136974 -0.413254 -0.054788 0.139619 -0.528208 -0.090424 0.157141 -0.624928 -0.149934 
0.000000 0.000000 0.000000 -0.064787 0.017138 -0.033657 -0.096430 -0.378176 -0.197420 0.007004 -0.352089 -0.110097 0.075028 -0.302727 -0.042109 0.125655 -0.249783 0.013803 -0.240034 -0.241009 -0.055901 -0.344988 -0.384248 -0.138232 -0.426559 -0.494033 -0.211583 -0.183350 -0.586055 -0.222939 -0.176988 -0.691231 -0.310572 -0.177277 -0.785002 -0.379855 -0.024592 -0.571860 -0.194813 -0.046082 -0.721335 -0.252432 -0.052812 -0.838098 -0.322863 0.051757 -0.496897 -0.122548 0.035070 -0.636128 -0.180227 0.042506 -0.743287 -0.262263 0.127394 -0.419133 -0.029829 0.128590 -0.535700 -0.059863 0.144062 -0.635265 -0.115094 
0.000000 0.000000 0.000000 -0.067307 0.015358 -0.029288 -0.121747 -0.394001 -0.145709 -0.010117 -0.361835 -0.071489 0.064906 -0.307549 -0.015714 0.121551 -0.250476 0.029300 -0.248715 -0.239144 -0.016394 -0.364603 -0.378106 -0.091032 -0.455537 -0.484907 -0.157451 -0.205087 -0.604669 -0.155385 -0.203700 -0.717704 -0.232865 -0.205951 -0.816312 -0.295031 -0.049436 -0.586441 -0.138424 -0.076178 -0.739206 -0.183949 -0.086860 -0.859621 -0.247394 0.029179 -0.506757 -0.076981 0.003562 -0.649602 -0.120912 0.005059 -0.762868 -0.194645 0.111476 -0.423414 0.005276 0.104541 -0.542450 -0.011261 0.115082 -0.646909 -0.057957 
0.000000 0.000000 0.000000 -0.067523 0.013705 -0.029610 -0.100485 -0.390970 -0.168332 0.008350 -0.357578 -0.090585 0.079836 -0.302866 -0.030731 0.132995 -0.245667 0.018205 -0.282619 -0.213401 -0.027998 -0.371424 -0.347579 -0.139447 -0.456737 -0.460712 -0.202768 -0.199541 -0.593804 -0.189934 -0.194458 -0.700762 -0.275468 -0.199043 -0.797244 -0.340763 -0.031961 -0.581286 -0.159897 -0.059378 -0.733439 -0.207040 -0.069495 -0.854474 -0.269388 0.050572 -0.508712 -0.069267 0.029589 -0.656316 -0.096900 0.034144 -0.777221 -0.157143 0.129679 -0.420426 0.024087 0.127397 -0.540716 0.028136 0.136080 -0.653373 0.007257 
0.000000 0.000000 0.000000 -0.066650 0.017208 -0.029758 -0.115617 -0.382549 -0.177705 -0.006076 -0.355528 -0.098489 0.067191 -0.305233 -0.036939 0.122339 -0.251433 0.013625 -0.276960 -0.214298 -0.034308 -0.371046 -0.345605 -0.144841 -0.456831 -0.456553 -0.211311 -0.213814 -0.586077 -0.196517 -0.211652 -0.691729 -0.283781 -0.218490 -0.787441 -0.350004 -0.049639 -0.577116 -0.172485 -0.079268 -0.727827 -0.222814 -0.094728 -0.847465 -0.286743 0.026228 -0.504298 -0.095323 -0.003145 -0.647041 -0.137188 -0.008074 -0.761970 -0.208145 0.113181 -0.424459 -0.010134 0.106877 -0.543556 -0.026488 0.113494 -0.650802 -0.067201 
0.000000 0.000000 0.000000 -0.065813 0.018030 -0.031104 -0.113811 -0.379484 -0.185282 -0.006011 -0.354203 -0.103157 0.066096 -0.305183 -0.039252 0.120371 -0.252399 0.013288 -0.284571 -0.204839 -0.049013 -0.377284 -0.334155 -0.162998 -0.463069 -0.442431 -0.233738 -0.218973 -0.578441 -0.213158 -0.216528 -0.680796 -0.304260 -0.223889 -0.773870 -0.374090 -0.054684 -0.572186 -0.184329 -0.087789 -0.720445 -0.239537 -0.104428 -0.836630 -0.309275 0.024826 -0.505179 -0.094136 -0.004766 -0.648589 -0.133490 -0.006115 -0.764248 -0.203413 0.111895 -0.425891 -0.007084 0.106061 -0.545309 -0.021106 0.113052 -0.653432 -0.059366 
0.000000 0.000000 0.000000 -0.066617 0.018997 -0.028726 -0.126073 -0.377827 -0.180674 -0.015014 -0.354122 -0.102517 0.060075 -0.306155 -0.041305 0.116993 -0.254164 0.009190 -0.287987 -0.201445 -0.044432 -0.382297 -0.328339 -0.159821 -0.470461 -0.435380 -0.229508 -0.232680 -0.576066 -0.208172 -0.231156 -0.677099 -0.300758 -0.240682 -0.770016 -0.370535 -0.066329 -0.571924 -0.182538 -0.101231 -0.720060 -0.236964 -0.120470 -0.836078 -0.306310 0.012703 -0.503579 -0.100410 -0.021265 -0.645144 -0.142793 -0.026407 -0.759056 -0.215358 0.103700 -0.427261 -0.011948 0.094550 -0.546408 -0.026499 0.099364 -0.653821 -0.067024 
0.000000 0.000000 0.000000 -0.066220 0.019582 -0.029247 -0.133104 -0.379497 -0.171918 -0.021675 -0.356081 -0.094201 0.054265 -0.308128 -0.034038 0.112123 -0.256058 0.015294 -0.286359 -0.202447 -0.038638 -0.388146 -0.330915 -0.145626 -0.478235 -0.437775 -0.213095 -0.244782 -0.575922 -0.191029 -0.240939 -0.675830 -0.284761 -0.251664 -0.769745 -0.353012 -0.076998 -0.573873 -0.171534 -0.114625 -0.722003 -0.224131 -0.134825 -0.838830 -0.291826 0.007360 -0.505661 -0.093150 -0.026274 -0.647305 -0.135538 -0.032508 -0.761382 -0.207756 0.098335 -0.429073 -0.006196 0.088845 -0.548163 -0.020988 0.093771 -0.655450 -0.061834 
0.000000 0.000000 0.000000 -0.065169 0.018992 -0.031878 -0.134156 -0.385693 -0.156633 -0.024407 -0.359958 -0.077277 0.050668 -0.310113 -0.017566 0.108001 -0.256451 0.030659 -0.276585 -0.211075 -0.017083 -0.390608 -0.343271 -0.105594 -0.483744 -0.450443 -0.168257 -0.242880 -0.584571 -0.163470 -0.241195 -0.689183 -0.251988 -0.250798 -0.785318 -0.317249 -0.078923 -0.581038 -0.145291 -0.116002 -0.731404 -0.191550 -0.133898 -0.850611 -0.255650 0.001411 -0.508464 -0.071830 -0.033909 -0.650694 -0.110739 -0.039199 -0.766423 -0.180359 0.094650 -0.429724 0.011053 0.085460 -0.548991 -0.002443 0.092351 -0.656303 -0.042937 
0.000000 0.000000 0.000000 -0.065066 0.017265 -0.033048 -0.135789 -0.394073 -0.132508 -0.025969 -0.363948 -0.054812 0.049295 -0.310827 0.001752 0.106840 -0.254528 0.046601 -0.270942 -0.217988 -0.022210 -0.399483 -0.360781 -0.059611 -0.498303 -0.468365 -0.112022 -0.244760 -0.592588 -0.120789 -0.246306 -0.706579 -0.196852 -0.255342 -0.807801 -0.253997 -0.079865 -0.589598 -0.106309 -0.116521 -0.743072 -0.141334 -0.133120 -0.866081 -0.198190 -0.000059 -0.511193 -0.044414 -0.035448 -0.654868 -0.077519 -0.039459 -0.772999 -0.143070 0.094384 -0.428539 0.034296 0.085810 -0.548314 0.025827 0.095052 -0.656791 -0.010923 
0.000000 0.000000 0.000000 -0.064861 0.015570 -0.034271 -0.132183 -0.399720 -0.118499 -0.023269 -0.365940 -0.041031 0.051147 -0.310211 0.014127 0.107936 -0.251869 0.057299 -0.266585 -0.223484 -0.036939 -0.392810 -0.373068 -0.038607 -0.492036 -0.482786 -0.085545 -0.236004 -0.600502 -0.100393 -0.243785 -0.723470 -0.160395 -0.252268 -0.828868 -0.209513 -0.077188 -0.594186 -0.079384 -0.113860 -0.749426 -0.105468 -0.130254 -0.875342 -0.155624 0.008021 -0.513593 -0.024464 -0.022903 -0.659431 -0.052137 -0.025163 -0.779974 -0.113230 0.101298 -0.426571 0.052675 0.096729 -0.546822 0.049493 0.109247 -0.656228 0.016680 
0.000000 0.000000 0.000000 -0.063304 0.014156 -0.037631 -0.119442 -0.402960 -0.121026 -0.015132 -0.366638 -0.038535 0.055487 -0.309157 0.019731 0.109062 -0.249472 0.065117 -0.262819 -0.226757 -0.038629 -0.387662 -0.377505 -0.039254 -0.483608 -0.491114 -0.083685 -0.223615 -0.602530 -0.093829 -0.228601 -0.728404 -0.147801 -0.234845 -0.836224 -0.191722 -0.065661 -0.596587 -0.070857 -0.100027 -0.752984 -0.092842 -0.114889 -0.881142 -0.137498 0.016382 -0.514503 -0.012164 -0.011659 -0.661749 -0.035036 -0.012028 -0.784976 -0.090561 0.107456 -0.424314 0.061400 0.106351 -0.544662 0.058843 0.121596 -0.654661 0.029330 
0.000000 0.000000 0.000000 -0.061608 0.012224 -0.040975 -0.098076 -0.405894 -0.130084 0.000173 -0.366601 -0.041721 0.065375 -0.307152 0.020733 0.114200 -0.245995 0.069399 -0.255422 -0.233301 -0.040900 -0.376698 -0.386934 -0.040853 -0.466043 -0.508460 -0.077403 -0.191929 -0.611194 -0.108550 -0.200420 -0.741023 -0.151612 -0.203390 -0.850181 -0.192463 -0.045204 -0.598430 -0.067625 -0.076065 -0.756106 -0.085244 -0.087672 -0.886086 -0.125367 0.033013 -0.514328 -0.006556 0.009807 -0.662885 -0.026124 0.013868 -0.788012 -0.077063 0.115018 -0.420881 0.068807 0.115581 -0.541259 0.068400 0.133440 -0.651595 0.041754 
0.000000 0.000000 0.000000 -0.058073 0.010313 -0.046315 -0.066810 -0.407082 -0.145297 0.020964 -0.365290 -0.047554 0.077321 -0.304300 0.021658 0.118577 -0.242049 0.075650 -0.239948 -0.244142 -0.041839 -0.353754 -0.403364 -0.039039 -0.433391 -0.533890 -0.065644 -0.136339 -0.622893 -0.141930 -0.168502 -0.755782 -0.151319 -0.169848 -0.866878 -0.186660 -0.014458 -0.599550 -0.066037 -0.038550 -0.758881 -0.078608 -0.045837 -0.891252 -0.111228 0.050264 -0.512691 -0.001897 0.030862 -0.662120 -0.018787 0.039521 -0.788990 -0.064582 0.124423 -0.416834 0.077100 0.128447 -0.537143 0.078098 0.148501 -0.647989 0.055425 
0.000000 0.000000 0.000000 -0.053322 0.009830 -0.051807 -0.035552 -0.403975 -0.163801 0.039941 -0.362472 -0.056178 0.086420 -0.301931 0.020377 0.119417 -0.240144 0.080259 -0.225217 -0.251510 -0.052185 -0.332777 -0.415040 -0.052422 -0.397338 -0.555133 -0.069523 -0.103795 -0.620207 -0.161205 -0.145038 -0.750892 -0.159636 -0.148907 -0.864166 -0.186972 0.007065 -0.597568 -0.067294 -0.015295 -0.757466 -0.074853 -0.022079 -0.891892 -0.097721 0.064646 -0.511248 -0.000270 0.049033 -0.661341 -0.015075 0.059115 -0.790512 -0.053561 0.125324 -0.414910 0.083154 0.129390 -0.535204 0.085146 0.146724 -0.647347 0.067075 
0.000000 0.000000 0.000000 -0.048850 0.008597 -0.056246 -0.003406 -0.401919 -0.172452 0.060316 -0.359379 -0.057846 0.097125 -0.298431 0.023496 0.121956 -0.236478 0.087039 -0.209497 -0.259791 -0.053659 -0.310020 -0.427731 -0.052041 -0.358687 -0.575038 -0.056384 -0.074448 -0.617090 -0.163798 -0.117383 -0.747133 -0.158569 -0.125949 -0.861800 -0.177837 0.030649 -0.595163 -0.058275 0.010472 -0.755529 -0.058566 0.002765 -0.891272 -0.070974 0.080689 -0.508787 0.009574 0.068903 -0.659625 -0.000409 0.079204 -0.791372 -0.028778 0.126923 -0.411016 0.096953 0.130343 -0.531153 0.103777 0.141796 -0.645058 0.093887 
0.000000 0.000000 0.000000 -0.043092 0.007006 -0.060975 0.025840 -0.402304 -0.169630 0.076290 -0.357602 -0.049376 0.102835 -0.295381 0.034945 0.119254 -0.232556 0.100336 -0.194238 -0.266789 -0.054879 -0.288815 -0.438113 -0.051064 -0.324975 -0.588888 -0.044273 -0.050729 -0.615286 -0.155640 -0.097006 -0.744007 -0.147185 -0.109146 -0.859274 -0.159807 0.048007 -0.593353 -0.039568 0.028771 -0.753696 -0.032898 0.022321 -0.889998 -0.037321 0.092303 -0.506511 0.029738 0.084750 -0.657903 0.026004 0.097351 -0.791186 0.007427 0.125041 -0.406323 0.119252 0.129023 -0.525930 0.132272 0.138685 -0.640415 0.130501 
0.000000 0.000000 0.000000 -0.039840 0.005669 -0.063281 0.045300 -0.402156 -0.165857 0.087917 -0.355721 -0.043251 0.108204 -0.292520 0.042072 0.119409 -0.229047 0.107936 -0.183636 -0.272088 -0.058837 -0.273614 -0.445891 -0.056056 -0.302327 -0.597840 -0.042871 -0.034364 -0.613789 -0.148955 -0.082511 -0.741693 -0.138740 -0.099220 -0.856873 -0.145642 0.062149 -0.591211 -0.024409 0.044623 -0.751377 -0.011594 0.037552 -0.887707 -0.009757 0.097905 -0.503716 0.044106 0.090520 -0.655156 0.045565 0.102159 -0.789328 0.034144 0.123520 -0.401977 0.133713 0.126350 -0.521009 0.151455 0.133735 -0.635631 0.154674 
0.000000 0.000000 0.000000 -0.038430 0.004463 -0.064243 0.061322 -0.400664 -0.164313 0.099520 -0.352949 -0.040746 0.115818 -0.289151 0.044988 0.123508 -0.225357 0.111045 -0.174508 -0.277143 -0.059078 -0.259657 -0.453354 -0.055847 -0.280988 -0.606044 -0.038028 -0.017838 -0.612808 -0.152113 -0.065680 -0.741022 -0.144740 -0.083995 -0.855938 -0.151945 0.079134 -0.589052 -0.023025 0.065269 -0.749636 -0.010972 0.061876 -0.886108 -0.009175 0.111216 -0.500541 0.047636 0.107916 -0.652120 0.049535 0.123054 -0.786078 0.039837 0.132417 -0.398167 0.136414 0.138549 -0.517116 0.153876 0.149320 -0.631458 0.157486 
0.000000 0.000000 0.000000 -0.037732 0.003630 -0.064707 0.076947 -0.397163 -0.166226 0.111921 -0.349084 -0.041848 0.124950 -0.285397 0.044525 0.129630 -0.221860 0.111110 -0.164641 -0.282210 -0.058728 -0.244053 -0.461070 -0.054986 -0.259702 -0.614081 -0.034264 0.005092 -0.612094 -0.158373 -0.038335 -0.741992 -0.153627 -0.052887 -0.857243 -0.163564 0.102510 -0.586174 -0.028651 0.096110 -0.747429 -0.019675 0.099793 -0.883893 -0.021455 0.131406 -0.496754 0.044116 0.136035 -0.648310 0.043822 0.157785 -0.781094 0.031034 0.149128 -0.394193 0.133640 0.162549 -0.512812 0.149147 0.180036 -0.626371 0.150514 
0.000000 0.000000 0.000000 -0.037244 0.004489 -0.064936 0.087361 -0.390813 -0.175852 0.120160 -0.345261 -0.049940 0.130996 -0.283598 0.038187 0.133659 -0.221752 0.106454 -0.160658 -0.282934 -0.066653 -0.237883 -0.462785 -0.067728 -0.249255 -0.616526 -0.049807 0.021628 -0.607835 -0.174924 -0.018099 -0.738997 -0.174363 -0.028517 -0.854117 -0.189595 0.119396 -0.582887 -0.047191 0.118877 -0.744506 -0.045322 0.128460 -0.880396 -0.054346 0.146305 -0.494254 0.028003 0.157283 -0.645306 0.020701 0.184827 -0.776097 0.000623 0.164278 -0.393330 0.120934 0.185354 -0.511431 0.130901 0.209294 -0.623731 0.126589 
0.000000 0.000000 0.000000 -0.040749 0.005404 -0.062723 0.091221 -0.381070 -0.194305 0.129046 -0.338776 -0.068667 0.142410 -0.279867 0.020984 0.146563 -0.220376 0.091241 -0.155156 -0.285073 -0.082223 -0.226745 -0.466835 -0.094425 -0.233031 -0.621595 -0.084588 0.035538 -0.600485 -0.207600 0.001884 -0.733093 -0.215635 -0.003265 -0.846899 -0.240430 0.138783 -0.575602 -0.085784 0.145405 -0.736677 -0.097427 0.161500 -0.870416 -0.119659 0.167256 -0.488213 -0.005245 0.185071 -0.637611 -0.024052 0.219183 -0.764259 -0.056684 0.188568 -0.390137 0.089569 0.217482 -0.506988 0.088419 0.250063 -0.616084 0.072942 
0.000000 0.000000 0.000000 -0.044116 0.006824 -0.060259 0.086568 -0.372650 -0.211962 0.130388 -0.333990 -0.087104 0.147610 -0.277928 0.003707 0.154591 -0.220787 0.075670 -0.155380 -0.282723 -0.100625 -0.225002 -0.463902 -0.125884 -0.229115 -0.619045 -0.126592 0.039406 -0.592514 -0.241216 0.010902 -0.725394 -0.258895 0.011263 -0.836328 -0.294765 0.144612 -0.568289 -0.124196 0.154286 -0.727646 -0.149424 0.173192 -0.858058 -0.185124 0.178818 -0.482609 -0.039248 0.201196 -0.629379 -0.070051 0.239466 -0.750976 -0.114969 0.204725 -0.387512 0.059067 0.239233 -0.502272 0.047639 0.277738 -0.607272 0.021266 
0.000000 0.000000 0.000000 -0.046329 0.009022 -0.058277 0.078518 -0.364362 -0.228836 0.126970 -0.330348 -0.104337 0.147576 -0.277703 -0.012196 0.157248 -0.223286 0.061545 -0.158323 -0.277556 -0.114636 -0.228402 -0.456879 -0.149902 -0.234398 -0.611488 -0.162022 0.034466 -0.582760 -0.271046 0.007842 -0.714754 -0.296557 0.011488 -0.821775 -0.342669 0.141448 -0.561514 -0.157507 0.151295 -0.718740 -0.193670 0.171576 -0.845301 -0.240684 0.178897 -0.478891 -0.069257 0.201356 -0.623155 -0.110174 0.240855 -0.739644 -0.166193 0.210698 -0.387164 0.031991 0.247488 -0.499964 0.011649 0.288027 -0.601429 -0.023911 
0.000000 0.000000 0.000000 -0.048206 0.010489 -0.056480 0.070948 -0.358284 -0.240602 0.123446 -0.327459 -0.116915 0.147060 -0.277192 -0.024170 0.159143 -0.224688 0.050595 -0.161405 -0.272287 -0.127684 -0.232238 -0.449230 -0.172238 -0.241536 -0.602493 -0.194841 0.029736 -0.573975 -0.297163 0.004829 -0.704333 -0.331347 0.010319 -0.807051 -0.386229 0.138378 -0.554828 -0.184405 0.148534 -0.709470 -0.230307 0.169537 -0.832183 -0.286342 0.178750 -0.474796 -0.092448 0.201474 -0.616491 -0.141409 0.241817 -0.728465 -0.205458 0.212586 -0.386624 0.011778 0.249372 -0.498088 -0.014941 0.291430 -0.596488 -0.056794 
0.000000 0.000000 0.000000 -0.050194 0.011589 -0.054499 0.059475 -0.355335 -0.247973 0.116740 -0.326581 -0.125913 0.144128 -0.277770 -0.033428 0.159342 -0.226395 0.041549 -0.168774 -0.264749 -0.140653 -0.242974 -0.437663 -0.194562 -0.256164 -0.589217 -0.225294 0.006786 -0.568460 -0.304732 -0.005130 -0.693413 -0.359748 0.001576 -0.792007 -0.421613 0.130963 -0.550488 -0.204257 0.140636 -0.702776 -0.257542 0.161085 -0.822530 -0.319833 0.174111 -0.472417 -0.110417 0.195610 -0.611991 -0.165622 0.235626 -0.720901 -0.234943 0.212224 -0.387100 -0.002766 0.248623 -0.497716 -0.033269 0.291235 -0.593945 -0.079392 
0.000000 0.000000 0.000000 -0.051024 0.013044 -0.053389 0.046768 -0.354784 -0.251459 0.107095 -0.328120 -0.130404 0.137394 -0.280556 -0.038178 0.155226 -0.230046 0.036810 -0.177634 -0.256379 -0.149449 -0.256858 -0.424966 -0.209557 -0.275599 -0.574632 -0.246106 -0.028341 -0.564560 -0.293562 -0.016854 -0.676001 -0.372498 -0.010046 -0.772586 -0.437446 0.115968 -0.550573 -0.213533 0.122002 -0.701872 -0.270073 0.140235 -0.820349 -0.335419 0.162590 -0.474279 -0.119112 0.180658 -0.613190 -0.177147 0.218312 -0.720769 -0.249789 0.205093 -0.391115 -0.009626 0.239417 -0.501982 -0.041588 0.280853 -0.597787 -0.089627 
0.000000 0.000000 0.000000 -0.051889 0.014101 -0.052274 0.032385 -0.356701 -0.251010 0.096076 -0.331097 -0.131459 0.129610 -0.283966 -0.040135 0.150366 -0.233645 0.034226 -0.185833 -0.250780 -0.150982 -0.269646 -0.416525 -0.212747 -0.295481 -0.564008 -0.253593 -0.037072 -0.566089 -0.303474 -0.037718 -0.681918 -0.376722 -0.031886 -0.776826 -0.444188 0.100548 -0.552903 -0.216645 0.103590 -0.703762 -0.274583 0.119391 -0.821526 -0.341823 0.149419 -0.477726 -0.122464 0.163623 -0.616665 -0.181500 0.198764 -0.723691 -0.256189 0.195719 -0.395632 -0.013624 0.226936 -0.507131 -0.046559 0.266672 -0.603009 -0.095871 
0.000000 0.000000 0.000000 -0.052695 0.014633 -0.051312 0.017866 -0.361022 -0.246240 0.084861 -0.335281 -0.128539 0.121610 -0.287678 -0.038709 0.145282 -0.236814 0.034401 -0.195846 -0.245636 -0.149363 -0.285421 -0.408496 -0.210717 -0.318535 -0.553930 -0.253601 -0.053320 -0.569293 -0.300793 -0.054425 -0.684233 -0.375422 -0.049298 -0.778585 -0.443720 0.084201 -0.556753 -0.214704 0.083752 -0.707385 -0.273308 0.096838 -0.825104 -0.341207 0.137102 -0.481207 -0.122497 0.148210 -0.619979 -0.182578 0.180891 -0.727212 -0.258084 0.186389 -0.400211 -0.012481 0.214684 -0.512680 -0.044751 0.252886 -0.609111 -0.094196 
0.000000 0.000000 0.000000 -0.053624 0.014786 -0.050296 -0.000019 -0.368394 -0.235746 0.070968 -0.341367 -0.120703 0.111631 -0.292357 -0.033350 0.138864 -0.240162 0.037548 -0.206984 -0.240473 -0.146054 -0.302947 -0.400198 -0.205974 -0.344916 -0.542613 -0.251179 -0.077414 -0.575232 -0.287207 -0.076572 -0.687257 -0.366149 -0.072938 -0.780838 -0.435593 0.065462 -0.563371 -0.205310 0.061716 -0.714365 -0.262854 0.072169 -0.832028 -0.331306 0.120820 -0.487242 -0.114891 0.127410 -0.626987 -0.173361 0.157347 -0.734887 -0.249055 0.173744 -0.405969 -0.005788 0.197752 -0.520096 -0.035616 0.233732 -0.617821 -0.084182 
0.000000 0.000000 0.000000 -0.055058 0.014290 -0.048870 -0.016894 -0.376345 -0.222191 0.058800 -0.347000 -0.110774 0.103694 -0.295938 -0.026731 0.134649 -0.241951 0.041237 -0.216490 -0.237743 -0.139786 -0.317503 -0.395448 -0.196676 -0.368343 -0.534671 -0.242712 -0.099863 -0.582500 -0.267319 -0.094734 -0.691412 -0.350349 -0.091845 -0.784979 -0.419847 0.049561 -0.569976 -0.192449 0.043278 -0.721631 -0.247999 0.052065 -0.839956 -0.315537 0.107612 -0.492156 -0.105452 0.110422 -0.632856 -0.161900 0.138115 -0.741830 -0.236904 0.164495 -0.409735 0.001942 0.185038 -0.525224 -0.025106 0.219055 -0.624299 -0.072329 
0.000000 0.000000 0.000000 -0.056142 0.013760 -0.047777 -0.036977 -0.386184 -0.201952 0.043333 -0.353984 -0.094631 0.092701 -0.300390 -0.014776 0.127707 -0.244191 0.049322 -0.231527 -0.233004 -0.126479 -0.341271 -0.387413 -0.175725 -0.402641 -0.522278 -0.221901 -0.125152 -0.591595 -0.240053 -0.122019 -0.701891 -0.321337 -0.120042 -0.796134 -0.389948 0.026833 -0.578779 -0.169925 0.015611 -0.731672 -0.221135 0.021833 -0.850968 -0.287234 0.090686 -0.498797 -0.087882 0.089241 -0.641067 -0.140304 0.113545 -0.751890 -0.213758 0.152419 -0.413887 0.014985 0.169428 -0.530691 -0.008651 0.201209 -0.631726 -0.053205 
0.000000 0.000000 0.000000 -0.059384 0.012425 -0.044080 -0.061440 -0.396362 -0.174393 0.027739 -0.360044 -0.075739 0.084413 -0.303166 -0.003357 0.125599 -0.244231 0.054287 -0.251995 -0.226599 -0.104203 -0.364623 -0.380814 -0.147146 -0.438095 -0.510374 -0.190768 -0.158619 -0.600212 -0.194915 -0.149130 -0.707918 -0.279126 -0.148612 -0.804234 -0.344823 0.002381 -0.588823 -0.134826 -0.008000 -0.741499 -0.186853 -0.004704 -0.862385 -0.250218 0.074245 -0.504362 -0.067626 0.066954 -0.648632 -0.113711 0.086836 -0.761702 -0.185039 0.143097 -0.416345 0.028654 0.155141 -0.534814 0.011010 0.183098 -0.638241 -0.030514 
0.000000 0.000000 0.000000 -0.062795 0.010258 -0.039692 -0.076221 -0.405289 -0.145677 0.020841 -0.363952 -0.056937 0.083375 -0.303387 0.007152 0.129263 -0.241514 0.057734 -0.262625 -0.226658 -0.081941 -0.387665 -0.374905 -0.108378 -0.469054 -0.501660 -0.145739 -0.185001 -0.604242 -0.143569 -0.172844 -0.714836 -0.223591 -0.176015 -0.816274 -0.280978 -0.032200 -0.593571 -0.087533 -0.030007 -0.739429 -0.157142 -0.028309 -0.862717 -0.215762 0.053505 -0.508246 -0.035907 0.032086 -0.655143 -0.066783 0.048413 -0.773590 -0.129805 0.133060 -0.416155 0.049219 0.135673 -0.536363 0.043359 0.158998 -0.644253 0.011437 
0.000000 0.000000 0.000000 -0.065131 0.008953 -0.036078 -0.060885 -0.399638 -0.166950 0.037988 -0.358109 -0.080324 0.100164 -0.297948 -0.015510 0.145005 -0.236642 0.036676 -0.272956 -0.206171 -0.127605 -0.384804 -0.357536 -0.181362 -0.452919 -0.491699 -0.219406 -0.149946 -0.603372 -0.211460 -0.146659 -0.715978 -0.289505 -0.152477 -0.815653 -0.349706 0.023574 -0.582348 -0.157678 0.013771 -0.734862 -0.210289 0.018108 -0.856748 -0.271643 0.088256 -0.503984 -0.061566 0.079717 -0.651724 -0.094591 0.100155 -0.770885 -0.155014 0.153272 -0.411333 0.035623 0.158962 -0.531576 0.034898 0.181612 -0.642468 0.015071 
0.000000 0.000000 0.000000 -0.064871 0.013119 -0.035263 -0.085622 -0.393480 -0.170684 0.016373 -0.358744 -0.084689 0.082588 -0.303034 -0.019897 0.131435 -0.245034 0.032471 -0.267311 -0.210963 -0.116821 -0.393984 -0.351179 -0.167856 -0.465321 -0.484169 -0.204068 -0.183502 -0.594364 -0.209220 -0.187656 -0.705023 -0.289963 -0.200403 -0.803527 -0.351017 -0.011937 -0.581389 -0.162805 -0.031191 -0.732819 -0.215934 -0.035108 -0.852135 -0.282173 0.057405 -0.506441 -0.071908 0.039347 -0.652296 -0.109202 0.050507 -0.770018 -0.174664 0.135271 -0.419828 0.028156 0.137911 -0.540142 0.025186 0.156349 -0.650571 -0.000670 
0.000000 0.000000 0.000000 -0.064119 0.014946 -0.035905 -0.090177 -0.388609 -0.179281 0.011187 -0.357335 -0.091236 0.077455 -0.304052 -0.024486 0.126578 -0.247932 0.029644 -0.271250 -0.204335 -0.118722 -0.400859 -0.341548 -0.170543 -0.470902 -0.475237 -0.206709 -0.189507 -0.587438 -0.224233 -0.202492 -0.699948 -0.301400 -0.217357 -0.797291 -0.363822 -0.021382 -0.578133 -0.172855 -0.043533 -0.728307 -0.228368 -0.049938 -0.845984 -0.297292 0.047323 -0.506058 -0.079252 0.025716 -0.650909 -0.118522 0.033645 -0.768117 -0.185361 0.126799 -0.422518 0.019352 0.126952 -0.542689 0.012267 0.142742 -0.652566 -0.017414 
0.000000 0.000000 0.000000 -0.064527 0.015146 -0.035082 -0.095434 -0.389199 -0.175233 0.007404 -0.358027 -0.088879 0.074996 -0.304748 -0.023466 0.125281 -0.248601 0.029555 -0.272322 -0.203906 -0.116838 -0.402346 -0.340974 -0.167995 -0.472524 -0.475184 -0.201902 -0.198783 -0.587175 -0.214535 -0.209072 -0.698633 -0.293613 -0.225726 -0.796813 -0.354246 -0.027822 -0.579485 -0.167554 -0.051781 -0.730108 -0.221064 -0.060157 -0.848830 -0.287954 0.042468 -0.506942 -0.076126 0.019144 -0.651928 -0.113886 0.025558 -0.770045 -0.179273 0.123969 -0.423331 0.022213 0.123065 -0.543601 0.017159 0.138463 -0.653920 -0.011052 
0.000000 0.000000 0.000000 -0.063859 0.014307 -0.036622 -0.090501 -0.392440 -0.170561 0.010464 -0.359430 -0.082691 0.076533 -0.304804 -0.016835 0.125539 -0.247584 0.036237 -0.273347 -0.206033 -0.110183 -0.404432 -0.343907 -0.156214 -0.473606 -0.479379 -0.187021 -0.191352 -0.591945 -0.208597 -0.205643 -0.707478 -0.280915 -0.221430 -0.807126 -0.339346 -0.021357 -0.583495 -0.155196 -0.043000 -0.735890 -0.204510 -0.050515 -0.856443 -0.268148 0.048776 -0.508839 -0.064931 0.028873 -0.655144 -0.099418 0.036400 -0.775093 -0.161255 0.126535 -0.422445 0.033245 0.127220 -0.542805 0.031185 0.144260 -0.653715 0.006452 
0.000000 0.000000 0.000000 -0.062455 0.013642 -0.039207 -0.086713 -0.396365 -0.163297 0.011299 -0.361533 -0.072826 0.075333 -0.305505 -0.006143 0.122776 -0.247141 0.047103 -0.270681 -0.211598 -0.100490 -0.400975 -0.352538 -0.138836 -0.470616 -0.488639 -0.165545 -0.186416 -0.598088 -0.191355 -0.199314 -0.715206 -0.261349 -0.213784 -0.816226 -0.317729 -0.019124 -0.587540 -0.139682 -0.039815 -0.741257 -0.185152 -0.046386 -0.863550 -0.245488 0.049943 -0.510868 -0.049677 0.031737 -0.658126 -0.080893 0.040364 -0.779829 -0.139047 0.130289 -0.421866 0.048079 0.135460 -0.542132 0.048750 0.155299 -0.653159 0.026778 
0.000000 0.000000 0.000000 -0.061283 0.012679 -0.041323 -0.093793 -0.403637 -0.139894 0.003276 -0.365590 -0.049702 0.067414 -0.307060 0.014692 0.115300 -0.246636 0.065174 -0.274312 -0.213283 -0.078819 -0.407612 -0.354675 -0.102282 -0.483971 -0.488255 -0.122594 -0.200737 -0.602960 -0.155817 -0.215466 -0.723291 -0.219736 -0.230104 -0.826340 -0.272268 -0.031638 -0.594449 -0.103358 -0.055385 -0.750106 -0.139851 -0.062796 -0.874999 -0.194495 0.040173 -0.513579 -0.021659 0.020639 -0.661666 -0.047724 0.028755 -0.785462 -0.101360 0.124811 -0.421181 0.070663 0.131358 -0.541323 0.074442 0.154838 -0.651991 0.054332 
0.000000 0.000000 0.000000 -0.062192 0.011465 -0.040307 -0.102999 -0.408813 -0.116420 -0.003034 -0.367661 -0.030874 0.063599 -0.306882 0.028723 0.113641 -0.244680 0.074758 -0.279560 -0.213073 -0.053709 -0.415576 -0.353575 -0.062096 -0.499172 -0.483706 -0.074915 -0.215310 -0.605799 -0.114787 -0.228777 -0.727147 -0.177040 -0.244512 -0.831768 -0.226029 -0.040022 -0.598875 -0.071450 -0.065179 -0.756133 -0.099047 -0.074523 -0.883807 -0.146498 0.033852 -0.514513 0.001924 0.012521 -0.663397 -0.017293 0.018894 -0.788830 -0.067232 0.127656 -0.418792 0.083396 0.137303 -0.538637 0.089342 0.162334 -0.648997 0.069411 
0.000000 0.000000 0.000000 -0.062523 0.010077 -0.040164 -0.106554 -0.412871 -0.097335 -0.005500 -0.368636 -0.014655 0.062081 -0.305720 0.041562 0.112945 -0.241874 0.084330 -0.280703 -0.213946 -0.032581 -0.417226 -0.354125 -0.027836 -0.508346 -0.479695 -0.031844 -0.222490 -0.606912 -0.079249 -0.236417 -0.729622 -0.138666 -0.254268 -0.835879 -0.183206 -0.054956 -0.601070 -0.016403 -0.070081 -0.756609 -0.057675 -0.080874 -0.887049 -0.096509 0.032802 -0.514483 0.024997 0.011808 -0.664179 0.013118 0.017413 -0.791461 -0.032004 0.131278 -0.414824 0.102729 0.143896 -0.533869 0.115392 0.171124 -0.644537 0.100752 
0.000000 0.000000 0.000000 -0.059982 0.006932 -0.044475 -0.092312 -0.418989 -0.084953 0.002357 -0.368956 0.001874 0.064985 -0.302162 0.059341 0.111782 -0.235397 0.102294 -0.268536 -0.225708 -0.029298 -0.399035 -0.371279 -0.019801 -0.488493 -0.498099 -0.020683 -0.189943 -0.623626 -0.081479 -0.230548 -0.752786 -0.102712 -0.248582 -0.862139 -0.138906 -0.038756 -0.602701 -0.010256 -0.066718 -0.761681 -0.018507 -0.075998 -0.894069 -0.050551 0.036536 -0.511579 0.052349 0.016135 -0.661744 0.047336 0.024144 -0.791232 0.009433 0.129019 -0.407679 0.126955 0.140883 -0.526264 0.143929 0.170182 -0.637099 0.136170 
0.000000 0.000000 0.000000 -0.054462 0.003811 -0.051413 -0.064061 -0.423558 -0.088231 0.017381 -0.368463 0.008392 0.069862 -0.298353 0.071769 0.108377 -0.229128 0.118852 -0.257188 -0.234113 -0.039563 -0.384041 -0.382991 -0.032148 -0.462931 -0.516579 -0.027960 -0.148407 -0.634001 -0.083767 -0.199384 -0.761186 -0.081070 -0.213464 -0.873844 -0.107587 -0.022106 -0.602786 0.011195 -0.048961 -0.762159 0.013101 -0.054047 -0.896780 -0.009051 0.044960 -0.508333 0.073311 0.027105 -0.658901 0.074418 0.038437 -0.790476 0.045650 0.124433 -0.399946 0.152757 0.135485 -0.517524 0.176095 0.163559 -0.628942 0.177146 
0.000000 0.000000 0.000000 -0.051137 0.000850 -0.054847 -0.042362 -0.427128 -0.084010 0.030563 -0.367328 0.016541 0.076190 -0.294199 0.081783 0.108974 -0.222763 0.129893 -0.244741 -0.244544 -0.042784 -0.365886 -0.398096 -0.035236 -0.436086 -0.535997 -0.023318 -0.124166 -0.638082 -0.068958 -0.173606 -0.765577 -0.059861 -0.186798 -0.879855 -0.078824 -0.006646 -0.601469 0.032905 -0.031953 -0.760718 0.044035 -0.036006 -0.896567 0.031078 0.050593 -0.503740 0.094067 0.032239 -0.653995 0.102875 0.044052 -0.787209 0.083318 0.119620 -0.391896 0.173103 0.126948 -0.508313 0.202845 0.151129 -0.620342 0.211092 
0.000000 0.000000 0.000000 -0.048253 -0.001954 -0.057373 -0.029267 -0.430327 -0.072471 0.037152 -0.365888 0.029709 0.077861 -0.289811 0.094833 0.106663 -0.216233 0.142258 -0.237092 -0.250642 -0.038914 -0.355255 -0.406255 -0.027363 -0.418279 -0.546099 -0.003738 -0.119541 -0.636909 -0.048083 -0.174099 -0.761762 -0.033344 -0.192244 -0.876408 -0.044308 -0.004745 -0.597934 0.059270 -0.033241 -0.755758 0.079375 -0.039993 -0.892074 0.075973 0.049624 -0.498080 0.118083 0.029376 -0.647421 0.134756 0.038514 -0.781883 0.124524 0.113306 -0.383601 0.192559 0.117878 -0.498803 0.227182 0.136916 -0.611152 0.241965 
0.000000 0.000000 0.000000 -0.046230 -0.006172 -0.058725 -0.026724 -0.434480 -0.042465 0.036103 -0.362733 0.057083 0.074522 -0.282092 0.117969 0.101657 -0.205239 0.160977 -0.235767 -0.252103 -0.020776 -0.354366 -0.405991 0.002970 -0.413630 -0.543769 0.042868 -0.133826 -0.631171 -0.006940 -0.198555 -0.750046 0.014530 -0.227543 -0.862958 0.012623 -0.015310 -0.588997 0.108423 -0.050278 -0.742888 0.143341 -0.062751 -0.878410 0.154186 0.040741 -0.486873 0.158434 0.016517 -0.633713 0.187451 0.020742 -0.768765 0.190800 0.097042 -0.367656 0.225675 0.093865 -0.479451 0.270208 0.105284 -0.590833 0.296030 
0.000000 0.000000 0.000000 -0.043518 -0.015358 -0.059112 -0.018424 -0.436586 0.018542 0.038917 -0.350217 0.109410 0.073439 -0.261010 0.159772 0.097527 -0.178309 0.192524 -0.231112 -0.254775 0.013925 -0.348496 -0.404587 0.059627 -0.406813 -0.535698 0.118753 -0.135671 -0.622476 0.074381 -0.206531 -0.734824 0.108130 -0.242833 -0.844723 0.122181 -0.017339 -0.563721 0.197307 -0.055600 -0.708934 0.257088 -0.069648 -0.840449 0.290939 0.035501 -0.456860 0.229894 0.008297 -0.597296 0.280176 0.012036 -0.729912 0.306004 0.085914 -0.328201 0.281876 0.077921 -0.431374 0.343380 0.083264 -0.536850 0.388649 
0.000000 0.000000 0.000000 -0.038287 -0.027231 -0.058451 -0.006217 -0.427227 0.093426 0.041165 -0.324033 0.171596 0.068871 -0.226040 0.207868 0.087752 -0.137947 0.227247 -0.219639 -0.259224 0.047081 -0.333117 -0.404391 0.113116 -0.389545 -0.527354 0.189160 -0.123617 -0.602308 0.176999 -0.194570 -0.708121 0.227508 -0.229073 -0.814129 0.261639 -0.013090 -0.519402 0.295540 -0.049990 -0.652280 0.379839 -0.061438 -0.775117 0.438313 0.034452 -0.407064 0.311595 0.009771 -0.536870 0.385973 0.015152 -0.661807 0.437256 0.071507 -0.266663 0.344526 0.060324 -0.355262 0.425251 0.062936 -0.448570 0.492258 
0.000000 0.000000 0.000000 -0.032377 -0.038526 -0.055600 -0.005160 -0.403946 0.167604 0.032883 -0.286884 0.229681 0.055143 -0.183065 0.249985 0.070323 -0.092296 0.254769 -0.215965 -0.244785 0.091365 -0.330843 -0.373848 0.183327 -0.391024 -0.484106 0.274477 -0.128086 -0.554934 0.283844 -0.202380 -0.646187 0.354097 -0.236632 -0.742721 0.409785 -0.031121 -0.449464 0.390758 -0.074653 -0.560041 0.500313 -0.088668 -0.666707 0.584368 0.009752 -0.336750 0.387951 -0.022796 -0.446951 0.486881 -0.022393 -0.557369 0.564827 0.043945 -0.192136 0.395916 0.025790 -0.260858 0.493070 0.021510 -0.335738 0.580120 