33
0.000000 0.000000 0.000000 -0.059524 0.025138 -0.038064 -0.183404 -0.374892 -0.130802 -0.075177 -0.358291 -0.045970 -0.003363 -0.314567 0.009100 0.052663 -0.270051 0.051673 -0.303888 -0.105768 -0.182964 -0.422201 -0.261630 -0.178459 -0.526156 -0.375980 -0.192744 -0.247287 -0.583571 -0.192382 -0.285896 -0.709691 -0.229599 -0.329598 -0.816946 -0.243007 -0.134106 -0.583052 -0.095814 -0.174186 -0.735920 -0.129716 -0.196906 -0.868461 -0.153295 -0.039231 -0.519053 -0.031056 -0.064951 -0.665682 -0.059851 -0.096543 -0.792189 -0.095431 0.048464 -0.443687 0.031202 0.045574 -0.563205 0.017112 0.032415 -0.674293 -0.009143 
0.000000 0.000000 0.000000 -0.059305 0.024877 -0.038574 -0.183463 -0.375805 -0.128071 -0.075597 -0.358583 -0.042903 -0.003958 -0.314459 0.012077 0.051950 -0.269637 0.054482 -0.305312 -0.097244 -0.188284 -0.418819 -0.256197 -0.175582 -0.523120 -0.370292 -0.189388 -0.245083 -0.585801 -0.187441 -0.282325 -0.712717 -0.223323 -0.325760 -0.820216 -0.235584 -0.133882 -0.583926 -0.090839 -0.173524 -0.737191 -0.123441 -0.196199 -0.869881 -0.146214 -0.038388 -0.519625 -0.025808 -0.063076 -0.666742 -0.052974 -0.094419 -0.793512 -0.087831 0.050269 -0.443687 0.037449 0.049111 -0.563488 0.025724 0.036542 -0.674891 0.000532 
0.000000 0.000000 0.000000 -0.057662 0.024881 -0.040987 -0.179986 -0.375836 -0.132824 -0.075420 -0.358530 -0.043654 -0.005770 -0.314361 0.013792 0.048650 -0.269506 0.058058 -0.306976 -0.098892 -0.183708 -0.422706 -0.256653 -0.178311 -0.527334 -0.370172 -0.194223 -0.244607 -0.585364 -0.190640 -0.283662 -0.711996 -0.225582 -0.327409 -0.819310 -0.238356 -0.135352 -0.583513 -0.091245 -0.176115 -0.736533 -0.123615 -0.199170 -0.869109 -0.146671 -0.043038 -0.518912 -0.024727 -0.069761 -0.665588 -0.052347 -0.101489 -0.792119 -0.087719 0.046895 -0.443339 0.038948 0.045687 -0.562992 0.025794 0.033063 -0.674262 0.000047 
0.000000 0.000000 0.000000 -0.057073 0.025238 -0.041588 -0.176520 -0.374614 -0.140697 -0.073475 -0.358158 -0.049613 -0.004920 -0.314533 0.009538 0.048620 -0.270096 0.055275 -0.304987 -0.095362 -0.189373 -0.420649 -0.253261 -0.188259 -0.524850 -0.366726 -0.207100 -0.240105 -0.583756 -0.201001 -0.278534 -0.710156 -0.237447 -0.321980 -0.817413 -0.251642 -0.133861 -0.582265 -0.100644 -0.174932 -0.734689 -0.135351 -0.197659 -0.866956 -0.160415 -0.041290 -0.518496 -0.032770 -0.067369 -0.664751 -0.063107 -0.098730 -0.790797 -0.100483 0.045860 -0.443518 0.032834 0.043960 -0.562887 0.017387 0.031872 -0.673785 -0.010156 
0.000000 0.000000 0.000000 -0.057913 0.025459 -0.040271 -0.173973 -0.373523 -0.146643 -0.069926 -0.357838 -0.056568 -0.001106 -0.314703 0.002636 0.052513 -0.270642 0.048643 -0.300382 -0.092098 -0.199129 -0.414552 -0.251083 -0.199340 -0.517745 -0.364966 -0.220991 -0.233745 -0.581780 -0.213549 -0.269870 -0.707645 -0.253985 -0.312317 -0.814998 -0.270316 -0.126776 -0.581658 -0.112664 -0.165443 -0.733888 -0.150816 -0.187052 -0.865928 -0.177978 -0.035640 -0.518277 -0.042957 -0.060403 -0.664253 -0.075650 -0.090509 -0.790029 -0.114916 0.050326 -0.443932 0.025143 0.048820 -0.563210 0.008967 0.037811 -0.673819 -0.020147 
0.000000 0.000000 0.000000 -0.057820 0.025335 -0.040483 -0.169381 -0.373595 -0.151747 -0.066204 -0.357871 -0.060685 0.001745 -0.314711 -0.000502 0.054590 -0.270630 0.046373 -0.293088 -0.093270 -0.209088 -0.406683 -0.252604 -0.213560 -0.508550 -0.366864 -0.239146 -0.225386 -0.581771 -0.222076 -0.259233 -0.707588 -0.264581 -0.300772 -0.815069 -0.282342 -0.121143 -0.581741 -0.118462 -0.158509 -0.734005 -0.157759 -0.179420 -0.866033 -0.185518 -0.030561 -0.518445 -0.047003 -0.053726 -0.664536 -0.080347 -0.082958 -0.790278 -0.120374 0.053167 -0.443935 0.022926 0.052188 -0.563223 0.006787 0.041861 -0.673850 -0.022508 
0.000000 0.000000 0.000000 -0.055717 0.025364 -0.043314 -0.163665 -0.373677 -0.157700 -0.064859 -0.357906 -0.061920 0.000349 -0.314714 0.001201 0.051106 -0.270608 0.050306 -0.289371 -0.085363 -0.219358 -0.397076 -0.248763 -0.216017 -0.498657 -0.362990 -0.242858 -0.219584 -0.582489 -0.226191 -0.253380 -0.708689 -0.267584 -0.294420 -0.816288 -0.285786 -0.118426 -0.582137 -0.119585 -0.154859 -0.734646 -0.158806 -0.175497 -0.866654 -0.186864 -0.030393 -0.518762 -0.044982 -0.052436 -0.665078 -0.078098 -0.081374 -0.790907 -0.118068 0.053102 -0.443796 0.026055 0.054476 -0.563005 0.009363 0.044527 -0.673706 -0.019781 
0.000000 0.000000 0.000000 -0.055190 0.024816 -0.044296 -0.160964 -0.375579 -0.155954 -0.063444 -0.358642 -0.059062 0.000862 -0.314683 0.004454 0.050900 -0.269982 0.053759 -0.287573 -0.088721 -0.220234 -0.398156 -0.250204 -0.222609 -0.499755 -0.364060 -0.250917 -0.216264 -0.584816 -0.223644 -0.249687 -0.711273 -0.264553 -0.290101 -0.819082 -0.282911 -0.117699 -0.583106 -0.115156 -0.154601 -0.735773 -0.153308 -0.174924 -0.868047 -0.180326 -0.028716 -0.519188 -0.040455 -0.049926 -0.665830 -0.072659 -0.078691 -0.791992 -0.111693 0.053235 -0.443274 0.030294 0.054842 -0.562554 0.014141 0.045166 -0.673444 -0.014373 
0.000000 0.000000 0.000000 -0.056549 0.023373 -0.043357 -0.164784 -0.380399 -0.139403 -0.064431 -0.360367 -0.046059 0.001662 -0.314395 0.014109 0.053065 -0.268136 0.060485 -0.286183 -0.097553 -0.217974 -0.400170 -0.256668 -0.218816 -0.503160 -0.369441 -0.246421 -0.219480 -0.591001 -0.203241 -0.252536 -0.718283 -0.241823 -0.291774 -0.826735 -0.258901 -0.118522 -0.585766 -0.098440 -0.155311 -0.739070 -0.134067 -0.174949 -0.871908 -0.158717 -0.029466 -0.519892 -0.024824 -0.051786 -0.667247 -0.052741 -0.080166 -0.794236 -0.089294 0.053618 -0.442287 0.044442 0.053999 -0.562158 0.033399 0.044934 -0.673983 0.008577 
0.000000 0.000000 0.000000 -0.056571 0.021656 -0.044211 -0.171985 -0.385324 -0.115053 -0.070480 -0.361384 -0.023901 -0.003128 -0.312980 0.032867 0.049415 -0.264873 0.075971 -0.295265 -0.097987 -0.207175 -0.408723 -0.257298 -0.199531 -0.514810 -0.367836 -0.224304 -0.224906 -0.598868 -0.169991 -0.256890 -0.727929 -0.203194 -0.294171 -0.837298 -0.218739 -0.124837 -0.588639 -0.067203 -0.161807 -0.743204 -0.096655 -0.180031 -0.876776 -0.118236 -0.035464 -0.519862 0.003412 -0.058651 -0.668210 -0.017709 -0.085336 -0.796545 -0.050664 0.050910 -0.439588 0.068304 0.051939 -0.559847 0.063026 0.043886 -0.672627 0.042557 
0.000000 0.000000 0.000000 -0.058842 0.020467 -0.041745 -0.186173 -0.387094 -0.082391 -0.078659 -0.360485 0.000783 -0.006942 -0.310569 0.050450 0.049127 -0.261365 0.087441 -0.298469 -0.110548 -0.194257 -0.421638 -0.262517 -0.187458 -0.531659 -0.369578 -0.210260 -0.240748 -0.601553 -0.131878 -0.273732 -0.731166 -0.161787 -0.310363 -0.841063 -0.174979 -0.135430 -0.588292 -0.036033 -0.174043 -0.743233 -0.061074 -0.192501 -0.877321 -0.078933 -0.043593 -0.517795 0.029774 -0.069875 -0.666389 0.014947 -0.096975 -0.795850 -0.012867 0.045550 -0.436218 0.087118 0.043087 -0.556572 0.086895 0.034846 -0.670105 0.071226 
0.000000 0.000000 0.000000 -0.057769 0.018674 -0.044022 -0.198718 -0.386377 -0.050139 -0.091018 -0.356170 0.031552 -0.018024 -0.304509 0.077430 0.039408 -0.254149 0.110573 -0.313927 -0.107948 -0.171285 -0.434654 -0.261036 -0.153950 -0.550373 -0.362297 -0.174975 -0.259428 -0.602089 -0.084823 -0.296119 -0.732459 -0.105785 -0.332640 -0.842707 -0.116015 -0.151685 -0.585183 0.012916 -0.192947 -0.740943 0.000241 -0.213103 -0.875508 -0.010960 -0.058702 -0.511878 0.069850 -0.087870 -0.660574 0.064415 -0.117181 -0.790838 0.043435 0.034664 -0.428531 0.123007 0.031399 -0.548562 0.131566 0.021337 -0.662742 0.123518 
0.000000 0.000000 0.000000 -0.061066 0.018890 -0.039218 -0.219378 -0.378327 -0.005656 -0.102745 -0.348738 0.062946 -0.023302 -0.298148 0.098036 0.039327 -0.248833 0.122092 -0.320612 -0.122284 -0.141939 -0.454588 -0.263742 -0.123197 -0.575518 -0.359634 -0.139547 -0.282160 -0.594547 -0.032632 -0.320103 -0.725224 -0.048934 -0.355791 -0.836004 -0.055822 -0.171420 -0.576145 0.056288 -0.218129 -0.730814 0.051760 -0.239497 -0.865559 0.046616 -0.071986 -0.503750 0.106476 -0.106895 -0.651180 0.112527 -0.138023 -0.782131 0.100240 0.022866 -0.421193 0.146735 0.011536 -0.539832 0.163698 -0.000344 -0.654107 0.161911 
0.000000 0.000000 0.000000 -0.065482 0.015820 -0.032951 -0.144929 -0.400222 -0.100539 -0.032442 -0.366540 -0.027072 0.037889 -0.311823 0.019418 0.091387 -0.258840 0.054969 -0.309282 -0.108698 -0.184288 -0.432315 -0.257040 -0.150105 -0.543321 -0.365486 -0.152096 -0.190788 -0.615951 -0.153249 -0.218504 -0.746331 -0.185105 -0.252404 -0.857547 -0.193760 -0.065242 -0.600656 -0.051335 -0.087550 -0.759887 -0.067837 -0.107526 -0.893881 -0.050926 0.020255 -0.522534 0.017565 0.007610 -0.673628 0.016236 -0.030233 -0.802461 0.031656 0.099718 -0.430035 0.089739 0.105453 -0.547872 0.113672 0.077903 -0.655207 0.144060 
0.000000 0.000000 0.000000 -0.066283 0.012528 -0.032765 -0.111111 -0.403499 -0.127016 -0.002330 -0.365539 -0.050133 0.062944 -0.308357 0.000575 0.111671 -0.253570 0.040036 -0.294483 -0.125508 -0.196218 -0.399904 -0.290230 -0.188197 -0.488354 -0.417741 -0.190314 -0.144702 -0.616936 -0.195838 -0.165004 -0.745932 -0.237432 -0.189138 -0.858439 -0.256213 -0.022732 -0.596839 -0.100715 -0.036607 -0.754155 -0.135118 -0.049139 -0.889832 -0.126505 0.053461 -0.517515 -0.029031 0.046661 -0.667495 -0.050261 0.014028 -0.798595 -0.046280 0.122156 -0.428130 0.042290 0.129373 -0.548284 0.043842 0.104074 -0.659836 0.054761 
0.000000 0.000000 0.000000 -0.064581 0.010305 -0.036701 -0.092576 -0.407858 -0.127951 0.010485 -0.366012 -0.045414 0.071131 -0.306462 0.008231 0.115981 -0.249894 0.049723 -0.291542 -0.149320 -0.181112 -0.386632 -0.319775 -0.166475 -0.466637 -0.452681 -0.161783 -0.120389 -0.622567 -0.195383 -0.137197 -0.752330 -0.236137 -0.160455 -0.865202 -0.253804 -0.004015 -0.599095 -0.089420 -0.013877 -0.757624 -0.119350 -0.026650 -0.892854 -0.105598 0.065815 -0.516856 -0.012255 0.062002 -0.667722 -0.026943 0.030874 -0.798930 -0.017804 0.128043 -0.423939 0.061938 0.136345 -0.543738 0.070345 0.109131 -0.653766 0.089218 
0.000000 0.000000 0.000000 -0.064211 0.006473 -0.038196 -0.073875 -0.415291 -0.115613 0.025825 -0.366608 -0.032696 0.083013 -0.302913 0.019975 0.124775 -0.243236 0.060318 -0.287350 -0.164641 -0.175219 -0.374848 -0.338539 -0.154849 -0.449636 -0.474267 -0.146396 -0.088404 -0.633088 -0.177040 -0.097185 -0.764719 -0.214164 -0.112481 -0.879024 -0.231299 0.021836 -0.600899 -0.072273 0.019123 -0.760249 -0.099191 0.014995 -0.896024 -0.085501 0.090044 -0.513630 0.003774 0.095085 -0.664727 -0.007843 0.072332 -0.797601 0.001901 0.142190 -0.416407 0.077493 0.154177 -0.535604 0.089314 0.131334 -0.646151 0.110775 
0.000000 0.000000 0.000000 -0.063465 0.004225 -0.039728 -0.059675 -0.418530 -0.112080 0.036696 -0.366105 -0.027526 0.090868 -0.300220 0.025637 0.130021 -0.238928 0.066175 -0.279932 -0.176313 -0.175354 -0.358195 -0.353570 -0.147684 -0.428932 -0.491374 -0.138022 -0.062009 -0.638032 -0.168945 -0.063420 -0.770692 -0.203314 -0.072934 -0.885689 -0.220000 0.045526 -0.600713 -0.064345 0.051532 -0.760279 -0.089388 0.054406 -0.896107 -0.075898 0.109883 -0.510269 0.010424 0.123519 -0.660887 -0.000484 0.107994 -0.794867 0.008265 0.159720 -0.410304 0.084466 0.180161 -0.528265 0.097056 0.163125 -0.639616 0.119728 
0.000000 0.000000 0.000000 -0.063626 0.002846 -0.039592 -0.058622 -0.421828 -0.099575 0.037879 -0.366626 -0.016958 0.092017 -0.299031 0.034050 0.131104 -0.236448 0.072630 -0.276362 -0.192505 -0.159707 -0.355701 -0.369010 -0.130334 -0.425665 -0.506913 -0.117132 -0.059302 -0.642032 -0.153700 -0.059714 -0.775118 -0.186412 -0.066967 -0.890466 -0.201756 0.051252 -0.601652 -0.049490 0.060349 -0.761503 -0.071616 0.066076 -0.897135 -0.057102 0.110911 -0.509382 0.023593 0.124459 -0.660216 0.016095 0.110739 -0.794227 0.027094 0.160434 -0.407486 0.094359 0.180622 -0.525214 0.109315 0.166384 -0.636520 0.134045 
0.000000 0.000000 0.000000 -0.062657 0.000814 -0.041198 -0.057053 -0.426422 -0.078739 0.037555 -0.367038 0.003163 0.090592 -0.296903 0.051846 0.128870 -0.232412 0.088023 -0.273301 -0.206801 -0.143038 -0.352099 -0.382509 -0.107988 -0.422053 -0.519966 -0.090697 -0.055178 -0.648561 -0.124244 -0.054045 -0.782816 -0.151746 -0.059205 -0.898661 -0.163849 0.050781 -0.603287 -0.018876 0.059777 -0.763970 -0.033865 0.067966 -0.899189 -0.016887 0.110646 -0.507406 0.052157 0.125026 -0.658349 0.052379 0.113275 -0.792195 0.067049 0.158414 -0.402354 0.116888 0.178750 -0.519329 0.136757 0.167441 -0.630160 0.164893 
0.000000 0.000000 0.000000 -0.062640 -0.001324 -0.041211 -0.060022 -0.430100 -0.051979 0.034981 -0.366376 0.026116 0.088497 -0.293708 0.070357 0.127218 -0.227352 0.102459 -0.273684 -0.216678 -0.124452 -0.351477 -0.390704 -0.080017 -0.421820 -0.527038 -0.056526 -0.055160 -0.654231 -0.086064 -0.052222 -0.789689 -0.106664 -0.055590 -0.905998 -0.114019 0.048791 -0.603317 0.014165 0.058184 -0.764470 0.006037 0.069061 -0.899102 0.025919 0.105138 -0.504248 0.080833 0.117071 -0.655218 0.088345 0.107609 -0.788975 0.105305 0.157243 -0.395811 0.138603 0.177909 -0.511764 0.163481 0.170630 -0.622057 0.194878 
0.000000 0.000000 0.000000 -0.062689 -0.001939 -0.041113 -0.072494 -0.430499 -0.026565 0.024383 -0.365056 0.047713 0.080019 -0.291485 0.087634 0.120673 -0.224499 0.115798 -0.284350 -0.213523 -0.103918 -0.357410 -0.385477 -0.045562 -0.430837 -0.519220 -0.017134 -0.073260 -0.656304 -0.047335 -0.073722 -0.792775 -0.059887 -0.078227 -0.909203 -0.064051 0.032879 -0.602478 0.053490 0.038658 -0.763958 0.057420 0.048772 -0.898137 0.080505 0.094303 -0.500519 0.116174 0.104545 -0.650409 0.136639 0.094761 -0.783434 0.158470 0.151972 -0.390124 0.162435 0.173515 -0.504127 0.194537 0.167566 -0.613174 0.230264 
0.000000 0.000000 0.000000 -0.064307 -0.001283 -0.038560 -0.095856 -0.426688 0.006234 0.007210 -0.361768 0.072172 0.068168 -0.288819 0.104799 0.113359 -0.222407 0.126712 -0.291006 -0.214114 -0.072576 -0.374001 -0.381077 -0.013024 -0.453238 -0.510481 0.019575 -0.106144 -0.653143 0.000537 -0.112361 -0.790007 -0.002907 -0.121008 -0.906261 -0.001088 -0.001005 -0.597739 0.099098 -0.006593 -0.758232 0.117411 -0.002570 -0.890950 0.149175 0.071136 -0.496353 0.145232 0.073264 -0.645167 0.174225 0.059328 -0.776610 0.202448 0.138008 -0.386348 0.182409 0.154975 -0.499191 0.220746 0.147695 -0.606370 0.261526 
0.000000 0.000000 0.000000 -0.063229 -0.001146 -0.040307 -0.112412 -0.421761 0.027774 -0.008757 -0.356971 0.092912 0.054059 -0.284551 0.123103 0.101167 -0.218694 0.142510 -0.293266 -0.213104 -0.038658 -0.383067 -0.376644 0.020518 -0.466378 -0.502495 0.056676 -0.136067 -0.646187 0.049994 -0.150363 -0.781823 0.063424 -0.166580 -0.895885 0.081317 -0.029559 -0.588225 0.143540 -0.043707 -0.745510 0.177974 -0.047859 -0.874326 0.223015 0.050705 -0.488956 0.177153 0.048300 -0.635526 0.215910 0.028095 -0.763962 0.252843 0.121811 -0.378754 0.209896 0.136021 -0.488927 0.256278 0.124641 -0.592914 0.303821 
0.000000 0.000000 0.000000 -0.065410 -0.000080 -0.036681 -0.127461 -0.415167 0.051770 -0.017764 -0.352269 0.108298 0.049515 -0.281425 0.131889 0.100249 -0.216898 0.145865 -0.295990 -0.211324 -0.029247 -0.384167 -0.371120 0.041472 -0.468838 -0.494262 0.083350 -0.158218 -0.637537 0.083799 -0.176807 -0.771931 0.103157 -0.198358 -0.882581 0.132911 -0.046350 -0.580092 0.169566 -0.065793 -0.735044 0.211237 -0.075061 -0.859847 0.265805 0.038006 -0.480993 0.200835 0.029753 -0.624097 0.250274 0.004247 -0.747836 0.298293 0.112250 -0.373685 0.222416 0.120510 -0.481605 0.275107 0.104032 -0.581425 0.329582 
0.000000 0.000000 0.000000 -0.063083 -0.002745 -0.040459 -0.117934 -0.417909 0.052284 -0.013705 -0.350670 0.113931 0.049920 -0.277380 0.140052 0.097796 -0.211083 0.155727 -0.269684 -0.231281 0.013706 -0.385292 -0.381790 0.061590 -0.466609 -0.505220 0.108913 -0.151514 -0.636880 0.100705 -0.171810 -0.769219 0.129969 -0.195320 -0.876328 0.169569 -0.041664 -0.574548 0.188570 -0.060679 -0.726818 0.239336 -0.072461 -0.846049 0.304790 0.036789 -0.473849 0.217132 0.027373 -0.614729 0.272403 -0.001732 -0.733086 0.330821 0.108217 -0.362157 0.243217 0.115390 -0.466144 0.303437 0.094944 -0.560845 0.365217 
0.000000 0.000000 0.000000 -0.062436 -0.005629 -0.041158 -0.105884 -0.419976 0.060822 -0.004557 -0.348141 0.122123 0.056470 -0.272343 0.147264 0.102106 -0.204261 0.161935 -0.271027 -0.232044 0.014271 -0.369870 -0.387985 0.079259 -0.443616 -0.512858 0.134532 -0.140639 -0.633295 0.129430 -0.161644 -0.762220 0.170895 -0.188172 -0.860806 0.227199 -0.036733 -0.564175 0.215764 -0.058617 -0.711109 0.279452 -0.075623 -0.818716 0.361738 0.041322 -0.462023 0.239490 0.030459 -0.598036 0.305622 -0.003797 -0.706566 0.378531 0.110235 -0.350187 0.257985 0.115830 -0.450632 0.324099 0.089854 -0.538522 0.393407 
0.000000 0.000000 0.000000 -0.063654 -0.008105 -0.038813 -0.097624 -0.418610 0.080781 0.004573 -0.343031 0.135816 0.065258 -0.265475 0.155918 0.110336 -0.196253 0.166379 -0.250100 -0.245617 0.042868 -0.358138 -0.397317 0.103085 -0.423305 -0.521581 0.169407 -0.139561 -0.616049 0.184121 -0.164906 -0.735376 0.246577 -0.197141 -0.813429 0.326962 -0.032179 -0.544739 0.255973 -0.057175 -0.681929 0.337697 -0.082027 -0.766029 0.442334 0.047195 -0.441722 0.271350 0.034242 -0.568101 0.354122 -0.008847 -0.656035 0.447283 0.113576 -0.333165 0.275149 0.115806 -0.427404 0.350017 0.081311 -0.502988 0.429392 
0.000000 0.000000 0.000000 -0.061445 -0.013391 -0.040855 -0.081853 -0.417469 0.101538 0.014259 -0.334000 0.156133 0.070393 -0.252578 0.174056 0.111754 -0.180775 0.182216 -0.263591 -0.238524 0.038507 -0.331478 -0.390589 0.141360 -0.387592 -0.511198 0.221307 -0.126680 -0.593471 0.237310 -0.153773 -0.699842 0.319367 -0.189154 -0.755119 0.415729 -0.023654 -0.513649 0.307009 -0.049440 -0.635836 0.409625 -0.079909 -0.695532 0.528568 0.049738 -0.413378 0.309815 0.034927 -0.528681 0.407162 -0.014369 -0.596676 0.513061 0.114408 -0.303385 0.306900 0.116235 -0.387779 0.392722 0.074174 -0.448623 0.480654 
0.000000 0.000000 0.000000 -0.061484 -0.017985 -0.038989 -0.069958 -0.410512 0.133701 0.024498 -0.320761 0.180691 0.078675 -0.236830 0.191749 0.118238 -0.163599 0.193975 -0.221762 -0.246486 0.102236 -0.322054 -0.389467 0.190605 -0.369000 -0.501421 0.287297 -0.117471 -0.563448 0.294242 -0.146186 -0.655878 0.391268 -0.184431 -0.686865 0.496958 -0.023189 -0.478804 0.351639 -0.055622 -0.586295 0.467907 -0.091958 -0.620774 0.594912 0.052072 -0.373949 0.350508 0.032996 -0.472272 0.464348 -0.022913 -0.516156 0.579311 0.114161 -0.274355 0.329263 0.111356 -0.350591 0.422384 0.062762 -0.396590 0.515796 
0.000000 0.000000 0.000000 -0.060732 -0.023595 -0.037132 -0.055137 -0.399337 0.169647 0.035917 -0.302396 0.208335 0.086983 -0.215898 0.211821 0.123847 -0.141365 0.207483 -0.232654 -0.231785 0.120810 -0.301101 -0.358442 0.253416 -0.335819 -0.454049 0.370637 -0.100930 -0.532638 0.347282 -0.136658 -0.590859 0.466092 -0.177926 -0.592824 0.575116 -0.020092 -0.418058 0.408235 -0.058185 -0.496724 0.544195 -0.102675 -0.492690 0.673205 0.054005 -0.319459 0.393208 0.030358 -0.393719 0.523274 -0.034719 -0.403808 0.641304 0.116363 -0.230207 0.357940 0.111213 -0.291358 0.461503 0.052657 -0.315859 0.557284 
0.000000 0.000000 0.000000 -0.059122 -0.030349 -0.034749 -0.043048 -0.377473 0.216683 0.043572 -0.272993 0.244364 0.091263 -0.184759 0.237868 0.125357 -0.109911 0.224892 -0.195006 -0.212840 0.179911 -0.280034 -0.327031 0.314230 -0.308160 -0.407084 0.444182 -0.087760 -0.476231 0.415850 -0.133920 -0.474184 0.544874 -0.178282 -0.444652 0.648571 -0.017317 -0.344280 0.462733 -0.058730 -0.392764 0.611255 -0.108852 -0.352897 0.731827 0.050094 -0.245281 0.436251 0.020574 -0.288679 0.578505 -0.051938 -0.266302 0.690349 0.107463 -0.170639 0.387920 0.095146 -0.212439 0.500135 0.028841 -0.215382 0.593934 
0.000000 0.000000 0.000000 -0.055396 -0.038041 -0.033288 -0.030422 -0.351726 0.258173 0.048204 -0.239218 0.276746 0.090680 -0.149370 0.261748 0.120731 -0.074442 0.241358 -0.187334 -0.177079 0.213910 -0.269893 -0.264080 0.368591 -0.293670 -0.327333 0.508307 -0.086276 -0.393077 0.474022 -0.138282 -0.353746 0.594564 -0.186201 -0.296983 0.684425 -0.024651 -0.254712 0.502415 -0.074203 -0.265251 0.655901 -0.129891 -0.197538 0.760558 0.042862 -0.168305 0.466855 0.008574 -0.181883 0.613929 -0.068578 -0.138074 0.715891 0.100248 -0.104601 0.412405 0.086148 -0.125361 0.530140 0.014932 -0.111229 0.619200 