67
0.000000 0.000000 0.000000 -0.058721 -0.019630 -0.042314 -0.062928 -0.409157 0.141141 0.020007 -0.318245 0.185627 0.071688 -0.233235 0.198768 0.102433 -0.168065 0.199080 -0.161042 -0.256043 0.135128 -0.225068 -0.403975 0.246159 -0.260290 -0.539157 0.313775 -0.093117 -0.547567 0.318205 -0.111363 -0.631218 0.425217 -0.139497 -0.689942 0.521929 -0.003956 -0.470726 0.366319 -0.020253 -0.574435 0.489215 -0.046977 -0.648320 0.600867 0.062000 -0.375340 0.355055 0.055054 -0.477239 0.467123 0.027747 -0.564142 0.566975 0.107028 -0.277124 0.335723 0.110190 -0.352192 0.429777 0.083403 -0.399714 0.530906 
0.000000 0.000000 0.000000 -0.059514 -0.015597 -0.042881 -0.072963 -0.414799 0.117935 0.012690 -0.328830 0.166875 0.066729 -0.246117 0.184445 0.099219 -0.181911 0.188242 -0.169051 -0.263931 0.112611 -0.237593 -0.419323 0.209907 -0.277147 -0.559542 0.263396 -0.106599 -0.569249 0.280521 -0.126928 -0.662594 0.378783 -0.156184 -0.730901 0.468623 -0.013705 -0.498909 0.330737 -0.031657 -0.614587 0.442186 -0.057682 -0.701264 0.544407 0.052495 -0.403396 0.325066 0.042289 -0.516176 0.425900 0.015272 -0.615172 0.513865 0.103051 -0.302759 0.314605 0.105689 -0.385940 0.401582 0.081388 -0.445155 0.497009 
0.000000 0.000000 0.000000 -0.058376 -0.012761 -0.045314 -0.080652 -0.419244 0.094974 0.004389 -0.336806 0.150598 0.058727 -0.255699 0.173826 0.091744 -0.192143 0.181756 -0.178263 -0.268529 0.089059 -0.253281 -0.428571 0.173141 -0.298259 -0.571934 0.212012 -0.119542 -0.584383 0.245430 -0.143045 -0.684188 0.336361 -0.173915 -0.759335 0.419986 -0.026738 -0.517748 0.301481 -0.047909 -0.640814 0.404102 -0.074547 -0.736862 0.497400 0.043190 -0.420826 0.304995 0.032049 -0.539232 0.399052 0.004999 -0.646245 0.477055 0.093974 -0.321546 0.299383 0.095509 -0.410616 0.380349 0.072755 -0.479089 0.469774 
0.000000 0.000000 0.000000 -0.059394 -0.009278 -0.044835 -0.089973 -0.420860 0.077925 -0.001958 -0.343121 0.135652 0.054821 -0.264511 0.161477 0.089593 -0.202217 0.171617 -0.186392 -0.273081 0.065279 -0.265860 -0.438153 0.134182 -0.315429 -0.583136 0.158875 -0.129100 -0.599621 0.211842 -0.152748 -0.707659 0.292778 -0.183621 -0.791324 0.367878 -0.031840 -0.537758 0.268686 -0.052164 -0.670138 0.359167 -0.077967 -0.775857 0.441612 0.039148 -0.441512 0.276101 0.027909 -0.568433 0.358294 0.001862 -0.683569 0.424121 0.090580 -0.339262 0.280263 0.091259 -0.433593 0.355046 0.070318 -0.510053 0.438223 
0.000000 0.000000 0.000000 -0.059447 -0.006477 -0.045254 -0.097407 -0.421969 0.061192 -0.008188 -0.348097 0.122061 0.049885 -0.271559 0.151040 0.085708 -0.210325 0.163672 -0.191434 -0.275292 0.045101 -0.274023 -0.443500 0.101639 -0.326314 -0.589049 0.114595 -0.139598 -0.610777 0.179478 -0.165097 -0.724887 0.250967 -0.197584 -0.814646 0.317908 -0.043322 -0.551365 0.240052 -0.067218 -0.689616 0.320303 -0.094689 -0.801653 0.393327 0.031982 -0.455066 0.254570 0.019144 -0.586652 0.328807 -0.007452 -0.706674 0.384980 0.085021 -0.353533 0.264059 0.084547 -0.452105 0.333157 0.063125 -0.534373 0.410463 
0.000000 0.000000 0.000000 -0.059410 -0.004214 -0.045569 -0.104381 -0.421914 0.048823 -0.014162 -0.351271 0.112008 0.045053 -0.276546 0.143314 0.081821 -0.216287 0.157786 -0.196173 -0.275687 0.028222 -0.281750 -0.445556 0.074396 -0.335410 -0.591129 0.078399 -0.148942 -0.618194 0.153267 -0.175873 -0.736821 0.216390 -0.208781 -0.831484 0.275964 -0.052117 -0.561271 0.216572 -0.077932 -0.704100 0.287691 -0.106266 -0.821107 0.352080 0.023818 -0.465903 0.235001 0.008591 -0.601684 0.300747 -0.018616 -0.725537 0.347527 0.076105 -0.365458 0.248899 0.072170 -0.468136 0.311614 0.049829 -0.554975 0.383467 
0.000000 0.000000 0.000000 -0.059872 -0.002113 -0.045108 -0.109227 -0.421875 0.037165 -0.017553 -0.354277 0.101573 0.042881 -0.281260 0.134538 0.080534 -0.221920 0.150456 -0.199208 -0.275656 0.014941 -0.286395 -0.446822 0.052516 -0.340846 -0.592129 0.049701 -0.155412 -0.624397 0.128114 -0.183325 -0.746796 0.183082 -0.215914 -0.846171 0.234616 -0.056638 -0.570387 0.192366 -0.083221 -0.717372 0.254118 -0.111328 -0.838982 0.309439 0.019325 -0.475033 0.215845 0.002434 -0.613980 0.274147 -0.023745 -0.741094 0.311892 0.076566 -0.375777 0.233512 0.073834 -0.481681 0.290681 0.052884 -0.573560 0.356426 
0.000000 0.000000 0.000000 -0.058603 -0.001367 -0.046773 -0.108554 -0.422924 0.025337 -0.018948 -0.356384 0.093641 0.040272 -0.283872 0.129772 0.077242 -0.224754 0.147955 -0.199345 -0.276083 0.003911 -0.287413 -0.447983 0.035625 -0.340943 -0.593437 0.027607 -0.154988 -0.629430 0.106695 -0.183051 -0.754237 0.155865 -0.214777 -0.857052 0.200762 -0.057292 -0.575898 0.176211 -0.083371 -0.725198 0.232371 -0.110584 -0.849757 0.281197 0.017805 -0.480737 0.203618 0.001695 -0.621902 0.256570 -0.022990 -0.751177 0.287334 0.074377 -0.382244 0.223947 0.072404 -0.490648 0.276254 0.053235 -0.586253 0.337043 
0.000000 0.000000 0.000000 -0.059902 -0.000245 -0.045118 -0.109707 -0.422893 0.020408 -0.017914 -0.358019 0.087398 0.042626 -0.286443 0.123205 0.080359 -0.227828 0.141449 -0.198958 -0.277687 -0.005933 -0.285971 -0.451293 0.018587 -0.339083 -0.596545 0.005644 -0.152751 -0.634877 0.088453 -0.178766 -0.762994 0.129578 -0.208736 -0.869018 0.167708 -0.053470 -0.581626 0.159582 -0.077653 -0.733709 0.208677 -0.102482 -0.861068 0.251135 0.023524 -0.486762 0.188175 0.009827 -0.630403 0.234763 -0.012298 -0.761570 0.258716 0.077967 -0.387409 0.212965 0.076320 -0.497251 0.262191 0.059589 -0.595770 0.318912 
0.000000 0.000000 0.000000 -0.059767 -0.000018 -0.045296 -0.107213 -0.423772 0.014591 -0.016009 -0.359226 0.082692 0.043993 -0.287759 0.119606 0.081319 -0.229161 0.138721 -0.197527 -0.278801 -0.011406 -0.283728 -0.453246 0.009801 -0.335774 -0.598447 -0.007362 -0.147281 -0.638579 0.075192 -0.171497 -0.768403 0.111818 -0.198731 -0.876875 0.144763 -0.049052 -0.585402 0.147704 -0.071526 -0.739235 0.191922 -0.094246 -0.868457 0.229666 0.025180 -0.489124 0.181346 0.011689 -0.633516 0.225617 -0.008672 -0.765638 0.245548 0.079220 -0.390729 0.205638 0.077775 -0.501939 0.251697 0.062680 -0.602798 0.304637 
0.000000 0.000000 0.000000 -0.059470 -0.000190 -0.045686 -0.103078 -0.424930 0.009988 -0.012964 -0.360117 0.079277 0.046083 -0.288405 0.117240 0.082699 -0.229620 0.137138 -0.193707 -0.281205 -0.016401 -0.277704 -0.457045 0.001924 -0.327997 -0.602417 -0.018676 -0.137642 -0.642575 0.063429 -0.158532 -0.774114 0.095727 -0.182352 -0.884868 0.123285 -0.040426 -0.588824 0.137703 -0.059105 -0.744377 0.177440 -0.078624 -0.875441 0.210308 0.030731 -0.491809 0.172960 0.019722 -0.637663 0.212915 0.002573 -0.770914 0.227685 0.083151 -0.392629 0.200493 0.083462 -0.504832 0.244102 0.070696 -0.607627 0.293835 
0.000000 0.000000 0.000000 -0.059261 -0.000322 -0.045956 -0.098334 -0.426145 0.004570 -0.009264 -0.361142 0.075021 0.048803 -0.289222 0.114084 0.084667 -0.230266 0.134833 -0.190279 -0.283471 -0.023440 -0.272263 -0.460648 -0.009350 -0.320823 -0.605982 -0.033980 -0.128640 -0.646599 0.048182 -0.146956 -0.779835 0.074540 -0.167614 -0.892609 0.095713 -0.032767 -0.592151 0.125586 -0.048752 -0.749270 0.159977 -0.064695 -0.882001 0.187683 0.039009 -0.494668 0.163172 0.031985 -0.641986 0.198371 0.018697 -0.776119 0.208355 0.090515 -0.394955 0.193397 0.094540 -0.508314 0.233708 0.085082 -0.612909 0.280328 
0.000000 0.000000 0.000000 -0.059990 -0.000056 -0.045001 -0.098316 -0.426158 0.003718 -0.008117 -0.361563 0.073100 0.050581 -0.289871 0.111636 0.086782 -0.231037 0.132143 -0.188484 -0.284759 -0.028267 -0.268887 -0.462907 -0.017796 -0.317578 -0.607556 -0.045953 -0.125052 -0.648534 0.039133 -0.141209 -0.782932 0.060537 -0.160201 -0.896742 0.077262 -0.026411 -0.594262 0.117718 -0.038854 -0.752531 0.148065 -0.052468 -0.886201 0.172278 0.045017 -0.496168 0.157726 0.041027 -0.644096 0.190776 0.030240 -0.778617 0.198227 0.095545 -0.396158 0.189106 0.101577 -0.509813 0.228315 0.094445 -0.615188 0.273575 
0.000000 0.000000 0.000000 -0.059695 0.000456 -0.045389 -0.105887 -0.424277 0.008215 -0.014997 -0.360446 0.077403 0.044718 -0.289338 0.115456 0.081827 -0.230908 0.135488 -0.193428 -0.281839 -0.028920 -0.277110 -0.458481 -0.018615 -0.329216 -0.600871 -0.051734 -0.132173 -0.647238 0.040111 -0.148059 -0.781990 0.059388 -0.166086 -0.896471 0.072129 -0.033944 -0.593771 0.118325 -0.046830 -0.752466 0.146158 -0.060397 -0.886670 0.167241 0.036669 -0.496060 0.159214 0.030897 -0.644293 0.190590 0.019986 -0.778922 0.195489 0.088379 -0.396130 0.192452 0.092888 -0.509856 0.231661 0.084930 -0.615670 0.275744 
0.000000 0.000000 0.000000 -0.063896 0.003261 -0.039122 -0.121729 -0.419753 0.016735 -0.021805 -0.360247 0.076705 0.044291 -0.291939 0.108887 0.085580 -0.235227 0.125360 -0.206549 -0.274542 -0.021182 -0.295811 -0.448374 -0.009955 -0.359145 -0.585924 -0.043950 -0.152067 -0.642677 0.045098 -0.170402 -0.777406 0.062241 -0.188563 -0.892008 0.073636 -0.050443 -0.592319 0.119095 -0.069922 -0.750161 0.147927 -0.090914 -0.882182 0.175657 0.027050 -0.496656 0.158959 0.014688 -0.643451 0.194865 -0.004731 -0.776361 0.209891 0.086412 -0.399066 0.186537 0.086984 -0.511839 0.228646 0.074142 -0.614751 0.278115 
0.000000 0.000000 0.000000 -0.067006 0.004785 -0.033334 -0.113915 -0.422251 -0.004254 -0.010146 -0.365223 0.051441 0.057451 -0.298094 0.082979 0.099173 -0.241896 0.100110 -0.207526 -0.274679 -0.034248 -0.295454 -0.449549 -0.034819 -0.363243 -0.583767 -0.073249 -0.134867 -0.647304 0.013964 -0.147530 -0.783321 0.024974 -0.160972 -0.898793 0.033842 -0.027599 -0.600267 0.081847 -0.039470 -0.760129 0.102527 -0.056417 -0.892521 0.131243 0.046282 -0.504837 0.125945 0.038274 -0.653085 0.156755 0.020380 -0.786259 0.171340 0.105658 -0.409277 0.150389 0.110123 -0.524488 0.184997 0.097585 -0.628987 0.231104 
0.000000 0.000000 0.000000 -0.065904 0.003903 -0.035571 -0.119232 -0.420602 0.012975 -0.016452 -0.362092 0.068966 0.051034 -0.294269 0.099234 0.092950 -0.237778 0.114860 -0.200947 -0.277828 -0.020170 -0.285447 -0.454117 -0.010533 -0.344165 -0.594247 -0.042197 -0.148104 -0.644542 0.033887 -0.165553 -0.779885 0.046525 -0.183061 -0.894954 0.053298 -0.043115 -0.595768 0.103011 -0.061249 -0.754700 0.126166 -0.083429 -0.886301 0.154950 0.033968 -0.498969 0.149438 0.021731 -0.645751 0.185438 0.002067 -0.778411 0.202259 0.093969 -0.402962 0.172302 0.094670 -0.516661 0.211841 0.082041 -0.620652 0.259058 
0.000000 0.000000 0.000000 -0.066705 0.004339 -0.033993 -0.120601 -0.420187 0.013740 -0.016298 -0.362359 0.067581 0.052155 -0.294954 0.096582 0.094657 -0.238707 0.111492 -0.199873 -0.277665 -0.009782 -0.283200 -0.454125 0.005368 -0.343310 -0.595046 -0.019433 -0.147962 -0.644245 0.035408 -0.164498 -0.779659 0.048504 -0.181221 -0.894868 0.054866 -0.042587 -0.596111 0.101401 -0.060466 -0.755094 0.124403 -0.082763 -0.886540 0.153801 0.034364 -0.499408 0.147532 0.021607 -0.646014 0.184066 0.000565 -0.778387 0.201465 0.094430 -0.404151 0.168187 0.094273 -0.518030 0.207212 0.081038 -0.622200 0.253866 
0.000000 0.000000 0.000000 -0.066895 0.004101 -0.033646 -0.118475 -0.420808 0.013228 -0.014186 -0.362612 0.066700 0.054082 -0.294948 0.095536 0.096381 -0.238532 0.110382 -0.198580 -0.278144 -0.004610 -0.280980 -0.454754 0.013559 -0.340111 -0.596312 -0.009930 -0.144027 -0.644985 0.035847 -0.159470 -0.780472 0.049518 -0.175500 -0.895778 0.055899 -0.037948 -0.596592 0.100803 -0.054110 -0.755731 0.123998 -0.075459 -0.887258 0.153736 0.038812 -0.499778 0.145787 0.027863 -0.646654 0.181821 0.007291 -0.779054 0.199572 0.098629 -0.404053 0.166810 0.100176 -0.517984 0.205650 0.086953 -0.621973 0.252710 
0.000000 0.000000 0.000000 -0.066195 0.003330 -0.035087 -0.118111 -0.420694 0.018887 -0.015029 -0.361289 0.073361 0.052532 -0.292958 0.102287 0.094435 -0.236189 0.116910 -0.199302 -0.277136 0.003224 -0.282592 -0.452633 0.027196 -0.341676 -0.594435 0.005104 -0.143623 -0.644155 0.047770 -0.159043 -0.779209 0.065226 -0.174679 -0.894500 0.072754 -0.038104 -0.594499 0.112796 -0.053798 -0.753114 0.139617 -0.075158 -0.883999 0.172056 0.037826 -0.496558 0.157461 0.027281 -0.642552 0.197025 0.006335 -0.774344 0.218478 0.094618 -0.399623 0.179163 0.094743 -0.512118 0.222014 0.080109 -0.614039 0.273015 
0.000000 0.000000 0.000000 -0.066255 0.002599 -0.035034 -0.118542 -0.420013 0.028758 -0.015295 -0.359491 0.081666 0.052395 -0.290592 0.108893 0.094388 -0.233551 0.122132 -0.196388 -0.277866 0.012411 -0.277817 -0.453362 0.042099 -0.336126 -0.595957 0.023291 -0.142291 -0.642899 0.063082 -0.156645 -0.777605 0.083826 -0.171333 -0.892916 0.092804 -0.036734 -0.591960 0.126086 -0.051316 -0.750071 0.156298 -0.071926 -0.880591 0.190635 0.039066 -0.492477 0.170362 0.029508 -0.637241 0.214439 0.009162 -0.768768 0.237989 0.093713 -0.394451 0.190665 0.093248 -0.505203 0.237837 0.078850 -0.605977 0.291133 
0.000000 0.000000 0.000000 -0.065798 0.001765 -0.035935 -0.120378 -0.418595 0.039718 -0.017594 -0.356852 0.092113 0.049990 -0.287386 0.118137 0.092014 -0.230109 0.130209 -0.196212 -0.276594 0.021988 -0.277816 -0.450772 0.058233 -0.336306 -0.593474 0.040856 -0.143234 -0.640651 0.079577 -0.157048 -0.774856 0.103667 -0.171211 -0.890089 0.114338 -0.038595 -0.588147 0.142468 -0.052878 -0.745461 0.176717 -0.073396 -0.875152 0.214116 0.034766 -0.486927 0.186441 0.023849 -0.630010 0.235419 0.002642 -0.760664 0.262763 0.090117 -0.388872 0.203537 0.088810 -0.498151 0.254011 0.073388 -0.597002 0.310524 
0.000000 0.000000 0.000000 -0.065698 0.001266 -0.036139 -0.126150 -0.415079 0.055551 -0.022635 -0.352755 0.105776 0.045839 -0.283258 0.129267 0.088616 -0.226132 0.139222 -0.198477 -0.273406 0.032933 -0.281561 -0.445279 0.076154 -0.340854 -0.587886 0.060840 -0.149656 -0.635802 0.101910 -0.163863 -0.769200 0.129928 -0.177991 -0.884163 0.143240 -0.046213 -0.581874 0.164284 -0.062249 -0.737707 0.204077 -0.083851 -0.866221 0.244781 0.029783 -0.478664 0.208465 0.018270 -0.618782 0.265256 -0.004595 -0.747729 0.298689 0.081512 -0.379909 0.222218 0.076621 -0.485757 0.279346 0.058662 -0.581162 0.340814 
0.000000 0.000000 0.000000 -0.064664 -0.000309 -0.037979 -0.130955 -0.410546 0.074785 -0.028370 -0.346212 0.124378 0.039985 -0.275966 0.145911 0.082927 -0.218655 0.153897 -0.201016 -0.267687 0.050131 -0.286337 -0.434994 0.105265 -0.348131 -0.576989 0.094980 -0.153899 -0.628298 0.133760 -0.167767 -0.759901 0.169402 -0.181078 -0.874439 0.186634 -0.052615 -0.571524 0.195939 -0.069106 -0.724768 0.244609 -0.091251 -0.851614 0.289986 0.020831 -0.465845 0.236977 0.007096 -0.602000 0.302277 -0.017592 -0.728529 0.342883 0.073570 -0.367050 0.245971 0.067130 -0.469193 0.309348 0.047327 -0.559989 0.376928 
0.000000 0.000000 0.000000 -0.064944 -0.000316 -0.037497 -0.142048 -0.402378 0.095941 -0.037276 -0.338665 0.141611 0.033227 -0.269449 0.159183 0.077853 -0.213081 0.164033 -0.206832 -0.258949 0.066537 -0.295616 -0.420785 0.131635 -0.363965 -0.560025 0.126404 -0.165088 -0.616440 0.167123 -0.179013 -0.745813 0.210143 -0.191632 -0.859393 0.233238 -0.064249 -0.557407 0.230487 -0.082594 -0.706182 0.290935 -0.104331 -0.830469 0.343086 0.006538 -0.449691 0.266488 -0.012600 -0.578935 0.343433 -0.040639 -0.701926 0.391961 0.061073 -0.350997 0.270258 0.049523 -0.445927 0.343376 0.026930 -0.530041 0.418326 
0.000000 0.000000 0.000000 -0.063600 -0.000500 -0.039733 -0.150712 -0.397859 0.101413 -0.046741 -0.334272 0.149046 0.024036 -0.265503 0.167262 0.069222 -0.209590 0.172195 -0.213228 -0.248267 0.078881 -0.306855 -0.403304 0.153102 -0.383280 -0.538378 0.152082 -0.177602 -0.603958 0.192079 -0.193854 -0.728518 0.246875 -0.206406 -0.839399 0.280655 -0.083226 -0.542438 0.257720 -0.108041 -0.684021 0.331633 -0.131236 -0.804712 0.391089 -0.011808 -0.437882 0.284372 -0.037510 -0.561488 0.368346 -0.070594 -0.681309 0.421416 0.049837 -0.341976 0.284821 0.036494 -0.433100 0.362343 0.011027 -0.512492 0.441410 
0.000000 0.000000 0.000000 -0.063149 0.000831 -0.040440 -0.154117 -0.399262 0.090157 -0.050329 -0.337455 0.140457 0.020630 -0.269566 0.161105 0.066077 -0.214059 0.167881 -0.213416 -0.247327 0.076538 -0.307444 -0.402608 0.149735 -0.385155 -0.536931 0.147481 -0.181680 -0.603137 0.185527 -0.198339 -0.726353 0.243165 -0.210367 -0.835842 0.281385 -0.092477 -0.546063 0.246197 -0.121144 -0.687945 0.318116 -0.146526 -0.809197 0.375500 -0.019746 -0.446738 0.269241 -0.048699 -0.573781 0.346782 -0.083690 -0.694997 0.395263 0.043172 -0.347514 0.278566 0.027407 -0.439375 0.354753 -0.000242 -0.519327 0.432511 
0.000000 0.000000 0.000000 -0.063430 0.003600 -0.039844 -0.147462 -0.408276 0.053438 -0.044275 -0.349799 0.108709 0.025792 -0.283022 0.135201 0.070443 -0.227682 0.146867 -0.209899 -0.256072 0.054831 -0.301550 -0.418558 0.114072 -0.377073 -0.553982 0.107474 -0.173662 -0.620413 0.129146 -0.189497 -0.748623 0.174902 -0.204921 -0.859686 0.206841 -0.084176 -0.566919 0.196694 -0.111315 -0.714591 0.256536 -0.137627 -0.839293 0.305488 -0.011384 -0.467864 0.230936 -0.038042 -0.600406 0.299585 -0.072697 -0.724622 0.340053 0.044547 -0.370211 0.244853 0.026722 -0.468316 0.312298 -0.003674 -0.553112 0.383635 
0.000000 0.000000 0.000000 -0.061489 0.003872 -0.042755 -0.134272 -0.415724 0.020864 -0.036221 -0.357256 0.084814 0.029872 -0.289864 0.118881 0.071759 -0.233837 0.136169 -0.206362 -0.263332 0.031138 -0.297015 -0.430530 0.077376 -0.367650 -0.568150 0.064792 -0.163778 -0.630170 0.088408 -0.181610 -0.759775 0.129231 -0.198513 -0.871907 0.156321 -0.075814 -0.579112 0.160224 -0.102743 -0.730006 0.211513 -0.128446 -0.857496 0.253044 -0.005154 -0.481751 0.200529 -0.030270 -0.619346 0.259075 -0.063067 -0.746648 0.290484 0.047739 -0.384771 0.221188 0.031206 -0.488662 0.279709 0.001385 -0.578803 0.344427 
0.000000 0.000000 0.000000 -0.060120 0.004197 -0.044630 -0.116910 -0.421307 -0.011077 -0.023677 -0.363274 0.060070 0.038270 -0.295661 0.100829 0.077103 -0.239248 0.123234 -0.199183 -0.271390 0.005962 -0.286199 -0.443835 0.037619 -0.350319 -0.583748 0.017628 -0.142017 -0.640131 0.042830 -0.157192 -0.772382 0.075410 -0.171562 -0.886287 0.095713 -0.057268 -0.590662 0.120409 -0.080116 -0.745318 0.161449 -0.102139 -0.876092 0.193888 0.010648 -0.494616 0.166914 -0.009158 -0.637280 0.214302 -0.037004 -0.767882 0.235175 0.060205 -0.397538 0.195656 0.048573 -0.506492 0.245506 0.021703 -0.602577 0.302504 
0.000000 0.000000 0.000000 -0.059980 0.004418 -0.044796 -0.104402 -0.423631 -0.030453 -0.013295 -0.366117 0.043802 0.046419 -0.298600 0.087916 0.083456 -0.242129 0.113048 -0.191008 -0.277873 -0.013336 -0.272997 -0.454512 0.006350 -0.330424 -0.596423 -0.019151 -0.124311 -0.645385 0.012548 -0.136343 -0.779406 0.038536 -0.148575 -0.894210 0.054772 -0.039901 -0.597009 0.093357 -0.057997 -0.754047 0.127061 -0.077202 -0.886444 0.154294 0.025033 -0.501824 0.142291 0.009697 -0.647547 0.181281 -0.014311 -0.779746 0.195953 0.070397 -0.404770 0.176005 0.061408 -0.516719 0.219340 0.036155 -0.616119 0.271157 
0.000000 0.000000 0.000000 -0.058320 0.003856 -0.046988 -0.093260 -0.425277 -0.041620 -0.006410 -0.367047 0.037046 0.049992 -0.298992 0.084562 0.084719 -0.242153 0.112052 -0.184747 -0.281378 -0.024535 -0.263857 -0.459859 -0.010485 -0.316805 -0.602701 -0.040138 -0.110372 -0.648242 -0.004016 -0.120714 -0.782995 0.018711 -0.131146 -0.898324 0.032258 -0.029676 -0.599399 0.081158 -0.045501 -0.757431 0.111161 -0.062273 -0.890762 0.135257 0.031340 -0.503659 0.134334 0.017965 -0.650418 0.170023 -0.002895 -0.783470 0.181434 0.076271 -0.406379 0.171591 0.070456 -0.519418 0.212573 0.046841 -0.620334 0.262186 
0.000000 0.000000 0.000000 -0.057450 0.003836 -0.048049 -0.086623 -0.425756 -0.050189 -0.002109 -0.367651 0.031073 0.052431 -0.299626 0.080755 0.085842 -0.242780 0.109818 -0.182434 -0.282575 -0.034142 -0.260641 -0.461793 -0.025439 -0.311461 -0.604561 -0.058929 -0.103445 -0.649688 -0.018700 -0.113611 -0.785026 0.000332 -0.123478 -0.900723 0.010818 -0.020154 -0.601575 0.068865 -0.032426 -0.760677 0.094569 -0.047161 -0.894813 0.115297 0.037257 -0.505893 0.124774 0.026376 -0.653798 0.156338 0.008097 -0.787506 0.163825 0.079884 -0.409201 0.163248 0.075783 -0.523752 0.200025 0.054213 -0.626918 0.245794 
0.000000 0.000000 0.000000 -0.057153 0.004493 -0.048345 -0.086943 -0.424998 -0.055746 -0.002837 -0.367989 0.026705 0.051502 -0.300641 0.077517 0.084820 -0.244194 0.107452 -0.179721 -0.283261 -0.043786 -0.256416 -0.463319 -0.040933 -0.306769 -0.605464 -0.077624 -0.101605 -0.649501 -0.027400 -0.110467 -0.785185 -0.010267 -0.121209 -0.900883 -0.000694 -0.021904 -0.602394 0.060843 -0.034872 -0.761822 0.084062 -0.050749 -0.896058 0.103245 0.039058 -0.507847 0.117824 0.030136 -0.656426 0.146726 0.011893 -0.790235 0.152239 0.080231 -0.411551 0.158016 0.077073 -0.526747 0.192821 0.055436 -0.630896 0.236270 
0.000000 0.000000 0.000000 -0.055998 0.004531 -0.049675 -0.086826 -0.424893 -0.056727 -0.004501 -0.367912 0.027524 0.048829 -0.300589 0.079425 0.081601 -0.244161 0.109991 -0.180635 -0.282368 -0.048709 -0.258625 -0.461891 -0.048105 -0.308701 -0.603480 -0.087239 -0.105026 -0.649270 -0.029460 -0.116025 -0.784878 -0.012981 -0.127447 -0.900563 -0.004051 -0.025602 -0.602371 0.060059 -0.039952 -0.761835 0.082188 -0.056478 -0.896103 0.100582 0.030763 -0.507254 0.120374 0.017808 -0.655446 0.149737 -0.000128 -0.789333 0.154261 0.075238 -0.411136 0.161614 0.070858 -0.526069 0.197147 0.048541 -0.630162 0.240387 
0.000000 0.000000 0.000000 -0.054879 0.004472 -0.050913 -0.085188 -0.424979 -0.058532 -0.004811 -0.367909 0.027519 0.047292 -0.300527 0.080579 0.079327 -0.244064 0.111853 -0.179309 -0.282506 -0.053508 -0.257170 -0.462079 -0.055132 -0.306188 -0.603591 -0.095854 -0.103522 -0.649389 -0.031617 -0.114602 -0.785016 -0.015350 -0.126297 -0.900707 -0.006868 -0.025057 -0.602638 0.058612 -0.038826 -0.762287 0.079760 -0.055266 -0.896676 0.097330 0.030001 -0.507570 0.119924 0.017601 -0.656032 0.148137 -0.000188 -0.789965 0.151845 0.072713 -0.411581 0.161660 0.068160 -0.526886 0.195943 0.045636 -0.631451 0.237918 
0.000000 0.000000 0.000000 -0.054555 0.004854 -0.051226 -0.089414 -0.424277 -0.057311 -0.008895 -0.367723 0.028947 0.043642 -0.300690 0.082020 0.076111 -0.244447 0.113244 -0.180637 -0.281288 -0.059722 -0.259532 -0.460337 -0.065039 -0.309177 -0.600996 -0.107904 -0.110043 -0.648830 -0.033429 -0.122511 -0.784544 -0.018995 -0.135608 -0.900153 -0.011503 -0.031981 -0.602277 0.059376 -0.047684 -0.761806 0.080072 -0.065045 -0.896175 0.096899 0.026404 -0.508008 0.119909 0.014043 -0.656668 0.147079 -0.004083 -0.790578 0.149871 0.065430 -0.411538 0.163768 0.058079 -0.526550 0.198544 0.033851 -0.630966 0.239938 
0.000000 0.000000 0.000000 -0.053980 0.005275 -0.051790 -0.090828 -0.423662 -0.059594 -0.010964 -0.367764 0.027696 0.041323 -0.301149 0.081537 0.073726 -0.245159 0.113281 -0.181278 -0.280126 -0.065508 -0.260932 -0.458711 -0.074092 -0.310564 -0.598766 -0.118902 -0.111433 -0.648608 -0.039731 -0.123886 -0.784560 -0.027727 -0.137292 -0.900249 -0.022292 -0.030999 -0.603142 0.053579 -0.044625 -0.763233 0.071183 -0.061637 -0.897908 0.085765 0.022840 -0.508846 0.116660 0.009587 -0.657779 0.141846 -0.007877 -0.791803 0.142525 0.065784 -0.413069 0.161546 0.060319 -0.528645 0.194768 0.036741 -0.633820 0.234586 
0.000000 0.000000 0.000000 -0.054282 0.005070 -0.051495 -0.093766 -0.423691 -0.054628 -0.013003 -0.367385 0.031565 0.040032 -0.300539 0.084378 0.072976 -0.244425 0.115334 -0.184125 -0.279118 -0.066468 -0.265373 -0.456944 -0.075837 -0.314818 -0.596733 -0.121675 -0.116311 -0.648660 -0.037287 -0.129937 -0.784625 -0.026807 -0.143234 -0.900372 -0.022434 -0.037929 -0.602544 0.055094 -0.054883 -0.762484 0.071097 -0.072328 -0.897226 0.084502 0.020167 -0.508301 0.118352 0.005922 -0.657279 0.142714 -0.011091 -0.791363 0.142595 0.061798 -0.411965 0.164238 0.054103 -0.527287 0.197900 0.030811 -0.632783 0.237029 
0.000000 0.000000 0.000000 -0.051994 0.004200 -0.053879 -0.094720 -0.424228 -0.048468 -0.017261 -0.366416 0.039736 0.034004 -0.298682 0.093162 0.066043 -0.242065 0.124153 -0.183526 -0.279391 -0.064918 -0.265831 -0.456844 -0.071825 -0.315836 -0.596293 -0.118086 -0.115009 -0.649099 -0.027461 -0.127271 -0.785006 -0.014765 -0.139668 -0.900822 -0.009673 -0.041668 -0.601175 0.067427 -0.058268 -0.760844 0.086260 -0.074656 -0.895673 0.100115 0.016097 -0.506356 0.128721 0.003256 -0.655271 0.154218 -0.012973 -0.789452 0.154604 0.059021 -0.409966 0.172591 0.054186 -0.525535 0.205931 0.031450 -0.630844 0.245886 
0.000000 0.000000 0.000000 -0.053949 0.004334 -0.051910 -0.108964 -0.422299 -0.032873 -0.026399 -0.364527 0.050599 0.028912 -0.296977 0.100076 0.063804 -0.240551 0.128201 -0.191991 -0.276267 -0.059259 -0.278369 -0.451848 -0.063858 -0.331446 -0.590147 -0.110153 -0.132120 -0.646938 -0.012342 -0.146116 -0.782703 0.000065 -0.158755 -0.898534 0.004141 -0.050989 -0.599295 0.078058 -0.067713 -0.758970 0.096733 -0.083623 -0.893918 0.109970 0.009170 -0.504189 0.137321 -0.004986 -0.652772 0.164028 -0.020889 -0.786991 0.164629 0.053715 -0.407280 0.180026 0.046771 -0.522043 0.215698 0.024808 -0.627239 0.256373 
0.000000 0.000000 0.000000 -0.055547 0.005041 -0.050129 -0.138327 -0.414904 -0.003240 -0.048826 -0.358245 0.073581 0.012817 -0.291933 0.116863 0.052509 -0.236525 0.140249 -0.206719 -0.268771 -0.045600 -0.301312 -0.440105 -0.042766 -0.362438 -0.574974 -0.089249 -0.167288 -0.638518 0.020804 -0.184791 -0.773665 0.035337 -0.200410 -0.889098 0.040274 -0.083300 -0.591035 0.106669 -0.106748 -0.749364 0.129173 -0.127694 -0.883385 0.144633 -0.017985 -0.495935 0.163210 -0.040072 -0.642217 0.196444 -0.061164 -0.775644 0.200977 0.035290 -0.399701 0.200774 0.023437 -0.512019 0.242436 -0.000170 -0.615374 0.286747 
0.000000 0.000000 0.000000 -0.058405 0.006259 -0.046622 -0.173340 -0.399547 0.040075 -0.073956 -0.345613 0.105923 -0.003860 -0.282108 0.139451 0.042041 -0.228939 0.155533 -0.228524 -0.254959 -0.020717 -0.334973 -0.418412 -0.004508 -0.405971 -0.549314 -0.048221 -0.214946 -0.619239 0.077813 -0.240091 -0.752016 0.100621 -0.258215 -0.866622 0.112027 -0.125764 -0.573648 0.148236 -0.161002 -0.728744 0.177013 -0.186397 -0.861331 0.197387 -0.046395 -0.481537 0.195420 -0.076895 -0.624540 0.235554 -0.102550 -0.756841 0.245857 0.013218 -0.387255 0.224027 -0.006623 -0.496227 0.271174 -0.031435 -0.596957 0.320579 
0.000000 0.000000 0.000000 -0.061232 0.008699 -0.042413 -0.162573 -0.405722 0.015810 -0.060486 -0.355053 0.080099 0.010225 -0.292862 0.114776 0.055943 -0.240104 0.132633 -0.237392 -0.248713 -0.018902 -0.347622 -0.409785 -0.004190 -0.433462 -0.532906 -0.043684 -0.205288 -0.625900 0.049237 -0.231104 -0.758969 0.069438 -0.252323 -0.872796 0.083086 -0.106900 -0.583236 0.127565 -0.138467 -0.738432 0.159848 -0.167609 -0.867850 0.192112 -0.030179 -0.491401 0.175302 -0.059152 -0.633766 0.218704 -0.091523 -0.762992 0.241520 0.024581 -0.397137 0.202942 0.002994 -0.505226 0.251337 -0.030465 -0.601191 0.304950 
0.000000 0.000000 0.000000 -0.060703 0.008622 -0.043183 -0.156742 -0.408278 0.005559 -0.056408 -0.357376 0.072374 0.012836 -0.294840 0.109320 0.057487 -0.241775 0.128884 -0.224323 -0.257577 -0.028597 -0.326707 -0.424147 -0.019470 -0.400475 -0.556226 -0.054115 -0.203148 -0.628369 0.034312 -0.231193 -0.761386 0.051690 -0.253454 -0.875504 0.060331 -0.098424 -0.588241 0.109932 -0.127000 -0.745261 0.135476 -0.158208 -0.874697 0.165671 -0.025844 -0.496325 0.160521 -0.053579 -0.640802 0.197236 -0.088198 -0.769873 0.217485 0.030145 -0.402637 0.191831 0.011325 -0.513361 0.235158 -0.024992 -0.609680 0.286216 
0.000000 0.000000 0.000000 -0.061713 0.009332 -0.041573 -0.159267 -0.407285 0.006576 -0.056945 -0.357526 0.071200 0.013622 -0.295714 0.106835 0.059105 -0.243085 0.125648 -0.223192 -0.258162 -0.026826 -0.324234 -0.425543 -0.017599 -0.395280 -0.559917 -0.048955 -0.205482 -0.628470 0.025585 -0.233413 -0.762149 0.037074 -0.257161 -0.876218 0.041243 -0.100856 -0.589208 0.100695 -0.130722 -0.746784 0.120755 -0.164545 -0.876292 0.147645 -0.027777 -0.497653 0.153958 -0.057463 -0.642455 0.187748 -0.093361 -0.771373 0.206711 0.026402 -0.403474 0.187228 0.003892 -0.513873 0.229614 -0.033658 -0.610806 0.278576 
0.000000 0.000000 0.000000 -0.060738 0.008953 -0.043066 -0.150253 -0.410687 -0.007092 -0.050885 -0.360233 0.061483 0.017276 -0.297748 0.100470 0.061037 -0.244595 0.121734 -0.216630 -0.261929 -0.030133 -0.314176 -0.431429 -0.022040 -0.382828 -0.567049 -0.053361 -0.193683 -0.632806 0.006953 -0.219930 -0.767049 0.015442 -0.242123 -0.881499 0.016719 -0.088718 -0.593588 0.085738 -0.114450 -0.752303 0.102234 -0.145870 -0.883019 0.126014 -0.018059 -0.502101 0.141760 -0.043396 -0.648635 0.171368 -0.076655 -0.778709 0.186946 0.033667 -0.408011 0.177700 0.014828 -0.520494 0.216222 -0.020398 -0.619729 0.262208 
0.000000 0.000000 0.000000 -0.061240 0.008211 -0.042499 -0.148850 -0.411259 -0.000372 -0.048915 -0.359619 0.066475 0.019446 -0.296422 0.103934 0.063248 -0.242859 0.124057 -0.214932 -0.263598 -0.023928 -0.311104 -0.433678 -0.012307 -0.378989 -0.570055 -0.041966 -0.190179 -0.633610 0.016125 -0.215157 -0.767993 0.026095 -0.236044 -0.882676 0.028239 -0.084786 -0.592835 0.094725 -0.109183 -0.751454 0.113938 -0.138661 -0.882388 0.138971 -0.013776 -0.500065 0.150186 -0.037598 -0.646090 0.183352 -0.069531 -0.776276 0.200671 0.035070 -0.404676 0.184121 0.015675 -0.516058 0.225464 -0.018358 -0.614881 0.273200 
0.000000 0.000000 0.000000 -0.060203 0.006888 -0.044182 -0.150084 -0.410683 0.010226 -0.051579 -0.357010 0.077593 0.016085 -0.292723 0.114458 0.059570 -0.238603 0.133757 -0.215497 -0.262870 -0.013197 -0.312671 -0.431668 0.006191 -0.380923 -0.568235 -0.021701 -0.191273 -0.632162 0.036125 -0.216166 -0.766018 0.051778 -0.236536 -0.880726 0.056258 -0.089359 -0.588655 0.114845 -0.115054 -0.746207 0.140181 -0.143980 -0.876791 0.167574 -0.018539 -0.494097 0.168897 -0.043367 -0.638494 0.207933 -0.075064 -0.768273 0.228448 0.030704 -0.397285 0.201383 0.010835 -0.506508 0.247931 -0.022671 -0.603735 0.299190 
0.000000 0.000000 0.000000 -0.059280 0.005619 -0.045588 -0.151595 -0.409748 0.020390 -0.054291 -0.354190 0.087972 0.012827 -0.288926 0.124111 0.056092 -0.234326 0.142535 -0.214069 -0.262984 -0.003882 -0.310925 -0.431058 0.022216 -0.379338 -0.567844 -0.004164 -0.193354 -0.630400 0.051836 -0.218593 -0.763756 0.070842 -0.238650 -0.878437 0.077112 -0.092049 -0.584920 0.130547 -0.117729 -0.741848 0.159504 -0.145851 -0.872318 0.188248 -0.021650 -0.488429 0.185132 -0.046373 -0.631485 0.228888 -0.077470 -0.761048 0.251569 0.027801 -0.391576 0.213656 0.008328 -0.499815 0.262610 -0.023663 -0.596432 0.315947 
0.000000 0.000000 0.000000 -0.060054 0.005652 -0.044559 -0.158907 -0.406099 0.033506 -0.059246 -0.350805 0.097791 0.009801 -0.285992 0.130991 0.054450 -0.231809 0.147210 -0.216534 -0.260741 0.004378 -0.314450 -0.427432 0.034999 -0.383581 -0.564254 0.010761 -0.198235 -0.626564 0.069122 -0.222004 -0.759807 0.090647 -0.242521 -0.874234 0.099526 -0.098588 -0.579932 0.147063 -0.125345 -0.735770 0.180575 -0.153840 -0.865562 0.211902 -0.028621 -0.482501 0.198975 -0.056172 -0.623410 0.247723 -0.088172 -0.752030 0.274197 0.023336 -0.384879 0.225874 0.001919 -0.490240 0.280019 -0.030340 -0.584813 0.336749 
0.000000 0.000000 0.000000 -0.059197 0.005009 -0.045766 -0.164995 -0.402698 0.043601 -0.065707 -0.346685 0.107839 0.003639 -0.281753 0.140172 0.048739 -0.227669 0.155443 -0.219891 -0.257118 0.011793 -0.320443 -0.421140 0.047809 -0.391192 -0.557519 0.025851 -0.208001 -0.621321 0.085726 -0.233993 -0.753451 0.111185 -0.256157 -0.867284 0.123187 -0.108935 -0.573481 0.164136 -0.138336 -0.727734 0.202426 -0.168056 -0.856597 0.236343 -0.038989 -0.474245 0.216615 -0.069556 -0.612273 0.271429 -0.104161 -0.739145 0.302640 0.016004 -0.376090 0.241963 -0.006528 -0.478252 0.301517 -0.040532 -0.569354 0.362731 
0.000000 0.000000 0.000000 -0.059793 0.005434 -0.044935 -0.173504 -0.397735 0.054712 -0.071934 -0.342728 0.116192 -0.000601 -0.278773 0.146054 0.045973 -0.225449 0.159469 -0.225612 -0.251879 0.019409 -0.329371 -0.412890 0.059670 -0.403245 -0.547983 0.040200 -0.217668 -0.614802 0.103207 -0.244359 -0.745991 0.132517 -0.268823 -0.858954 0.147813 -0.120183 -0.566174 0.181139 -0.152999 -0.718149 0.225312 -0.184629 -0.844988 0.264692 -0.049967 -0.465131 0.232929 -0.085366 -0.598761 0.295223 -0.123669 -0.723109 0.331810 0.008614 -0.369617 0.251154 -0.017102 -0.468850 0.314264 -0.053162 -0.556947 0.378621 
0.000000 0.000000 0.000000 -0.055502 0.002748 -0.050357 -0.170642 -0.399333 0.052007 -0.076147 -0.340283 0.120607 -0.009014 -0.273932 0.154681 0.035168 -0.219246 0.170486 -0.229214 -0.245277 0.028088 -0.337912 -0.400476 0.077174 -0.415115 -0.534284 0.062278 -0.225222 -0.609507 0.117339 -0.258208 -0.736530 0.156824 -0.286357 -0.846740 0.182407 -0.131902 -0.555231 0.205243 -0.169824 -0.701426 0.262808 -0.204773 -0.823722 0.312421 -0.066341 -0.451984 0.253295 -0.107447 -0.579659 0.324007 -0.150843 -0.699698 0.368456 -0.005584 -0.358052 0.268763 -0.033635 -0.453596 0.336409 -0.074041 -0.536158 0.405357 
0.000000 0.000000 0.000000 -0.054822 0.002311 -0.051118 -0.167454 -0.401073 0.048883 -0.074500 -0.341247 0.118901 -0.008495 -0.274316 0.154029 0.034929 -0.219236 0.170548 -0.224797 -0.247137 0.030921 -0.331156 -0.403226 0.082257 -0.407063 -0.538280 0.073020 -0.221569 -0.602987 0.136761 -0.254274 -0.725019 0.189872 -0.288862 -0.826234 0.236264 -0.135179 -0.548415 0.218268 -0.176450 -0.689319 0.285851 -0.219349 -0.801442 0.350869 -0.075181 -0.445924 0.258035 -0.122999 -0.568978 0.332614 -0.173331 -0.683409 0.383998 -0.011598 -0.352667 0.273590 -0.043624 -0.444510 0.344516 -0.089272 -0.521519 0.416550 
0.000000 0.000000 0.000000 -0.053173 0.000900 -0.052875 -0.153266 -0.407834 0.038358 -0.065038 -0.345442 0.112149 -0.002862 -0.276510 0.150268 0.037830 -0.220033 0.168895 -0.219921 -0.249025 0.034182 -0.324262 -0.405412 0.088656 -0.398987 -0.541256 0.095674 -0.214430 -0.596501 0.148285 -0.251396 -0.710526 0.214721 -0.297284 -0.795118 0.280536 -0.133010 -0.542493 0.226277 -0.179241 -0.676515 0.303900 -0.237195 -0.767283 0.387815 -0.067386 -0.444133 0.261860 -0.113653 -0.564329 0.341878 -0.173333 -0.664073 0.410853 -0.007265 -0.350112 0.276748 -0.038305 -0.439647 0.350985 -0.091036 -0.505657 0.428866 
0.000000 0.000000 0.000000 -0.051545 -0.000077 -0.054470 -0.139185 -0.413773 0.026644 -0.055597 -0.349560 0.104181 0.002807 -0.279115 0.145373 0.040801 -0.221542 0.166209 -0.218467 -0.243953 0.048037 -0.322916 -0.396555 0.112179 -0.393037 -0.530671 0.146572 -0.210934 -0.587360 0.153687 -0.254297 -0.692271 0.230468 -0.311746 -0.757851 0.307875 -0.127141 -0.532388 0.238084 -0.175801 -0.656736 0.329157 -0.246111 -0.719281 0.428071 -0.064216 -0.437928 0.267847 -0.112276 -0.551807 0.355669 -0.185513 -0.626729 0.441056 -0.002939 -0.346692 0.280272 -0.033047 -0.432836 0.358784 -0.095096 -0.483221 0.441334 
0.000000 0.000000 0.000000 -0.051823 -0.000631 -0.054202 -0.130023 -0.416960 0.022999 -0.047434 -0.351754 0.100777 0.009646 -0.280487 0.142408 0.046493 -0.222321 0.163654 -0.212729 -0.244428 0.057684 -0.313414 -0.396980 0.127695 -0.373690 -0.529563 0.181318 -0.203805 -0.585567 0.155468 -0.248398 -0.687468 0.235528 -0.310768 -0.739465 0.319190 -0.121694 -0.527520 0.242433 -0.172201 -0.647065 0.338779 -0.250053 -0.684800 0.444394 -0.060761 -0.430580 0.273666 -0.111247 -0.538207 0.367786 -0.194066 -0.586125 0.463247 -0.001058 -0.341000 0.282988 -0.033789 -0.422690 0.365127 -0.105003 -0.455869 0.448977 
0.000000 0.000000 0.000000 -0.052916 -0.001417 -0.053120 -0.127030 -0.417483 0.029351 -0.043258 -0.351105 0.104839 0.014236 -0.279138 0.144657 0.051162 -0.220571 0.164627 -0.208925 -0.241219 0.073382 -0.306546 -0.391271 0.152538 -0.355924 -0.520732 0.222456 -0.205546 -0.569773 0.177888 -0.252999 -0.661813 0.267660 -0.319487 -0.694284 0.357760 -0.123767 -0.509985 0.262160 -0.178525 -0.618045 0.369160 -0.261162 -0.624964 0.477616 -0.058031 -0.414462 0.290186 -0.109850 -0.511497 0.394539 -0.198878 -0.529573 0.494616 -0.002657 -0.326321 0.293106 -0.039701 -0.399111 0.381540 -0.117547 -0.413298 0.464857 
0.000000 0.000000 0.000000 -0.054200 -0.002388 -0.051774 -0.129689 -0.415397 0.043774 -0.043568 -0.347743 0.115387 0.015461 -0.275234 0.151833 0.053339 -0.216476 0.169305 -0.208385 -0.234332 0.090618 -0.304863 -0.379467 0.179718 -0.346517 -0.503968 0.262490 -0.217601 -0.541973 0.210118 -0.270732 -0.618472 0.310651 -0.338410 -0.628104 0.405098 -0.128536 -0.491808 0.284207 -0.205906 -0.553000 0.412246 -0.289689 -0.525352 0.516435 -0.070209 -0.379744 0.314474 -0.131639 -0.454683 0.431099 -0.223429 -0.440631 0.529308 -0.010930 -0.303129 0.306954 -0.055167 -0.362773 0.401700 -0.137164 -0.357004 0.481989 
0.000000 0.000000 0.000000 -0.055330 -0.004296 -0.050438 -0.132071 -0.411717 0.065854 -0.043869 -0.341597 0.132380 0.016525 -0.268015 0.164138 0.055248 -0.208856 0.178039 -0.208507 -0.225400 0.109236 -0.304354 -0.363754 0.209150 -0.340474 -0.483097 0.301559 -0.218857 -0.522513 0.243653 -0.271308 -0.589475 0.351110 -0.336709 -0.587750 0.447614 -0.128489 -0.466749 0.315822 -0.210729 -0.494054 0.452261 -0.290695 -0.443982 0.550940 -0.077409 -0.340284 0.339259 -0.144766 -0.392105 0.464831 -0.234742 -0.353099 0.557841 -0.014582 -0.272823 0.325070 -0.062647 -0.316853 0.426275 -0.145473 -0.292238 0.502019 
0.000000 0.000000 0.000000 -0.058427 -0.006898 -0.046504 -0.135263 -0.402229 0.105860 -0.041825 -0.329239 0.161214 0.021766 -0.254840 0.183382 0.062358 -0.195697 0.190224 -0.207116 -0.212881 0.136003 -0.300156 -0.341772 0.250204 -0.332802 -0.452122 0.354338 -0.216395 -0.503128 0.292024 -0.265429 -0.564109 0.404537 -0.327310 -0.554127 0.502843 -0.125572 -0.440086 0.354019 -0.205857 -0.455177 0.493486 -0.282216 -0.393036 0.588075 -0.069950 -0.311512 0.365289 -0.135716 -0.352150 0.495727 -0.222265 -0.300845 0.585978 -0.010065 -0.245704 0.341355 -0.059914 -0.280125 0.445381 -0.140825 -0.243889 0.518481 
0.000000 0.000000 0.000000 -0.059355 -0.010988 -0.044499 -0.138660 -0.386332 0.151034 -0.043259 -0.309224 0.196587 0.021715 -0.233845 0.209502 0.063212 -0.174935 0.209220 -0.204381 -0.190292 0.166839 -0.295128 -0.302489 0.299081 -0.326467 -0.399046 0.416476 -0.216429 -0.464461 0.349195 -0.263431 -0.511680 0.468959 -0.321936 -0.488811 0.567179 -0.127194 -0.393707 0.402237 -0.203165 -0.398577 0.544818 -0.275931 -0.324604 0.633544 -0.059581 -0.266655 0.401929 -0.117876 -0.290181 0.539911 -0.199979 -0.226925 0.626662 -0.003466 -0.203507 0.368355 -0.049361 -0.223173 0.477891 -0.126604 -0.176151 0.548783 
0.000000 0.000000 0.000000 -0.059640 -0.015199 -0.042847 -0.140169 -0.367548 0.191185 -0.044089 -0.286711 0.228014 0.021391 -0.210811 0.232696 0.063230 -0.152518 0.226078 -0.200372 -0.160144 0.195966 -0.288433 -0.250841 0.345400 -0.318025 -0.331589 0.474593 -0.211151 -0.418239 0.400498 -0.254051 -0.448876 0.527001 -0.308595 -0.414575 0.624169 -0.120390 -0.337766 0.447208 -0.187928 -0.328877 0.593782 -0.256474 -0.244903 0.676783 -0.054306 -0.222673 0.429782 -0.108585 -0.231180 0.571106 -0.186937 -0.158532 0.653879 0.003973 -0.167587 0.389931 -0.036815 -0.177959 0.502714 -0.110520 -0.122314 0.571084 
0.000000 0.000000 0.000000 -0.060530 -0.018072 -0.040416 -0.138375 -0.350716 0.221678 -0.041190 -0.267912 0.250327 0.024760 -0.192314 0.247888 0.066766 -0.134987 0.235991 -0.192929 -0.138602 0.216078 -0.275777 -0.214021 0.376575 -0.301123 -0.282505 0.513522 -0.205131 -0.379031 0.436531 -0.245476 -0.396144 0.566383 -0.296547 -0.351268 0.661098 -0.117608 -0.289175 0.474342 -0.176758 -0.283362 0.624648 -0.241998 -0.192242 0.702623 -0.043274 -0.181832 0.447826 -0.092058 -0.174316 0.591194 -0.166808 -0.093465 0.669574 0.014299 -0.134932 0.402825 -0.021815 -0.134894 0.517660 -0.092719 -0.072072 0.582693 
0.000000 0.000000 0.000000 -0.063650 -0.018256 -0.035204 -0.138053 -0.326907 0.255663 -0.035990 -0.246672 0.272020 0.032664 -0.174497 0.259866 0.076107 -0.120144 0.241131 -0.186448 -0.121009 0.233513 -0.263288 -0.185306 0.401658 -0.283253 -0.243100 0.544305 -0.200273 -0.333782 0.473612 -0.237878 -0.337938 0.605334 -0.284831 -0.282814 0.696711 -0.095062 -0.269566 0.501063 -0.155741 -0.223671 0.643669 -0.216448 -0.125362 0.716396 -0.031856 -0.154041 0.460197 -0.078121 -0.139373 0.603846 -0.149011 -0.052454 0.679263 0.027931 -0.104254 0.408502 -0.005230 -0.093316 0.523706 -0.072844 -0.024642 0.586279 
0.000000 0.000000 0.000000 -0.064049 -0.022038 -0.032186 -0.130741 -0.301954 0.288133 -0.029177 -0.219733 0.294963 0.038587 -0.148526 0.274768 0.081203 -0.095885 0.250167 -0.178324 -0.093096 0.250194 -0.249829 -0.137560 0.426889 -0.266930 -0.180945 0.574917 -0.179764 -0.291580 0.509288 -0.209392 -0.285310 0.642947 -0.251893 -0.224028 0.732565 -0.078931 -0.216269 0.527314 -0.129469 -0.166816 0.672659 -0.186208 -0.063625 0.741736 -0.004096 -0.115544 0.479228 -0.043613 -0.076733 0.620377 -0.109633 0.016148 0.693057 0.045137 -0.061653 0.417838 0.020312 -0.038090 0.533250 -0.043232 0.036678 0.593041 